-0.000637,-0.022175,-0.004029
0.001170,-0.012572,-0.003959
-0.001807,0.000232,-0.003861
-0.000802,0.008976,0.000361
-0.001692,0.015359,0.002524
-0.001606,0.010034,0.001410
-0.000536,0.010062,-0.001793
-0.000479,0.006797,0.004552
0.002498,0.001482,0.002383
0.000585,0.000416,0.002381
0.000562,-0.002768,0.001325
0.001520,-0.004902,0.001320
-0.000468,-0.008072,-0.001876
0.001409,-0.012341,-0.001913
0.002314,-0.010249,0.002349
0.002246,-0.006973,-0.005050
0.000001,-0.002680,-0.007129
-0.001336,0.000521,-0.007108
-0.000585,0.003718,-0.007099
-0.001804,0.006909,-0.006003
-0.003543,0.009031,-0.004966
-0.001428,0.014335,-0.001736
-0.002314,0.015374,0.001462
-0.001199,0.015342,0.004645
-0.001103,0.005741,0.004567
-0.002019,-0.001717,0.003455
-0.002151,-0.004305,-0.058124
-0.026091,-0.007791,-0.453805
-0.045793,-0.017440,-0.349553
-0.014375,-0.009387,-0.084826
0.005203,-0.012535,0.017100
-0.005747,-0.011217,-0.007210
-0.000814,-0.007007,-0.001923
-0.001615,0.000493,-0.005061
-0.001340,0.005830,-0.005001
-0.001447,0.011145,-0.002832
-0.001584,0.014293,0.002493
-0.001441,0.015372,0.001456
-0.001174,0.010030,0.002476
-0.002028,0.000406,0.004541
0.000926,-0.012423,0.006553
0.001828,-0.014536,0.004419
0.000779,-0.012369,0.001261
-0.000320,-0.006008,0.005568
-0.001423,-0.001684,0.000300
-0.000514,0.002606,-0.001778
-0.000500,0.002627,-0.003907
-0.001419,-0.001621,-0.006073
-0.000457,-0.005890,-0.006132
-0.002452,-0.011227,-0.006199
0.000355,-0.010172,-0.005128
-0.001718,-0.008050,-0.004069
-0.000820,-0.005925,-0.002983
-0.003789,-0.002735,-0.001908
-0.003761,-0.000598,-0.001876
-0.001739,-0.001685,0.000257
-0.000725,-0.006992,-0.002978
-0.000676,-0.003770,-0.005079
-0.003601,-0.003810,-0.000822
-0.002623,0.000470,-0.001839
-0.001644,0.001561,-0.003938
0.000341,0.002576,0.001390
0.002327,0.002574,0.001412
0.003332,0.002595,-0.000710
0.000426,-0.000616,0.000309
0.000410,-0.007030,0.001314
-0.000584,-0.007028,0.001299
-0.002584,-0.003807,-0.000809
-0.003619,-0.004907,0.002358
-0.003684,-0.003790,-0.002972
-0.000797,-0.001697,0.001283
0.000144,0.000439,0.001323
0.000174,0.004736,-0.001822
-0.000757,0.005834,-0.005002
-0.002699,0.000500,-0.005028
-0.004639,-0.004866,-0.001878
-0.002715,-0.009145,-0.000855
-0.001766,-0.011278,-0.000866
-0.001810,-0.015558,0.000158
-0.001929,-0.015537,-0.001971
-0.002033,-0.015591,0.003298
-0.003055,-0.010298,0.007582
-0.002073,-0.000717,0.009774
0.000967,0.001385,0.012969
0.003007,0.005662,0.011939
0.003106,0.008926,0.005580
0.005198,0.013210,0.004568
0.002382,0.014343,-0.001774
0.000489,0.009018,-0.002854
0.000496,0.003727,-0.007124
-0.000538,0.002703,-0.011349
-0.003549,-0.004787,-0.009271
-0.002705,-0.009044,-0.010377
-0.003867,-0.014422,-0.006173
-0.004042,-0.014417,-0.006160
-0.004159,-0.010214,0.000229
-0.007128,-0.008118,0.003412
-0.004221,-0.007105,0.008706
-0.001277,-0.001769,0.008730
0.001732,0.005711,0.007728
0.002846,0.012111,0.007799
0.002010,0.008963,0.002459
0.001126,0.006864,-0.000729
-0.001757,0.000483,-0.002900
-0.000787,-0.005879,-0.007207
-0.001860,-0.009056,-0.009322
-0.002958,-0.011177,-0.010403
-0.003119,-0.014391,-0.009391
-0.002288,-0.014435,-0.005161
-0.001410,-0.005973,0.002334
0.001539,0.006812,0.004568
0.000720,0.015305,0.008873
-0.000041,0.020574,0.015286
-0.000782,0.021684,0.011059
-0.002535,0.017474,0.005729
-0.002426,0.006835,0.002459
-0.004370,-0.001648,-0.002906
-0.003490,-0.009108,-0.004039
-0.002680,-0.016558,-0.006226
-0.001921,-0.019781,-0.004132
-0.000185,-0.016528,-0.009423
-0.001313,-0.019803,-0.002017
-0.000441,-0.018746,-0.000954
-0.002473,-0.020817,-0.007345
-0.003544,-0.024071,-0.002090
-0.003684,-0.027303,0.001079
-0.004734,-0.021978,0.002194
-0.000937,-0.025192,0.003213
-0.000116,-0.023078,0.005375
0.003667,-0.015598,0.004379
0.002633,-0.009195,0.004428
0.001688,-0.002824,0.007667
-0.001212,0.000387,0.006634
0.000805,0.003577,0.007716
-0.000083,0.006821,0.003508
-0.001976,0.006812,0.004589
-0.000969,0.001520,0.000277
-0.001010,-0.000591,-0.001836
-0.001100,-0.002725,-0.001862
-0.000189,-0.000570,-0.003972
-0.000198,0.003665,-0.000751
0.000827,0.005767,0.002450
0.002812,0.009021,-0.002826
0.000946,0.007933,-0.000707
0.000032,0.003708,-0.005002
0.001016,0.004826,-0.010326
0.001018,0.006917,-0.006070
-0.001888,0.009053,-0.006038
-0.004809,0.000543,-0.008222
-0.006795,-0.003745,-0.006117
-0.005895,-0.009074,-0.007216
-0.002095,-0.012306,-0.004040
-0.000246,-0.012329,-0.001903
-0.000325,-0.010217,0.000231
-0.000395,-0.005999,0.005565
-0.000407,0.002525,0.006666
-0.000346,0.012117,0.007790
-0.001154,0.016405,0.005677
-0.002936,0.015357,0.003533
0.000133,0.015389,0.000350
0.001196,0.011154,-0.002850
0.001243,0.004806,-0.008190
0.000229,-0.002623,-0.012492
-0.003778,-0.011181,-0.010430
-0.003912,-0.015463,-0.008320
-0.006011,-0.018696,-0.005158
-0.006143,-0.018751,0.000134
-0.002367,-0.019860,0.004375
0.000440,-0.020941,0.005400
0.000358,-0.015659,0.010744
0.001292,-0.005992,0.004448
-0.001576,0.007867,0.005589
-0.000481,0.017459,0.006713
-0.000287,0.020672,0.005687
0.000866,0.019625,0.003549
0.002936,0.009030,-0.003944
0.001977,-0.001616,-0.006111
-0.000051,-0.011165,-0.011479
-0.002130,-0.018690,-0.006217
-0.004279,-0.022927,-0.009444
-0.005489,-0.034747,-0.001046
-0.002808,-0.036881,-0.001058
-0.000174,-0.040072,-0.002175
0.000527,-0.039039,0.000997
0.000359,-0.016610,-0.000964
-0.003582,0.000473,-0.001897
-0.003545,0.008998,-0.000768
-0.001480,0.011100,0.002434
-0.001368,0.012178,0.001389
0.001657,0.004708,0.001331
0.002664,-0.001680,0.000220
0.000669,-0.005937,-0.000864
-0.002324,-0.006989,-0.001901
-0.004337,-0.010200,-0.000854
-0.003451,-0.011290,0.001281
-0.001584,-0.013424,0.001262
0.001253,-0.012334,-0.000830
0.002143,-0.012347,0.000203
0.000113,-0.004846,-0.002928
0.000087,0.000499,-0.003956
-0.000882,0.001500,0.002391
0.000116,0.005779,0.001361
0.002146,0.008970,0.002449
0.004166,0.011125,0.000346
0.002314,0.011148,-0.001783
-0.001521,0.007937,-0.000737
-0.000532,0.001544,-0.001875
-0.003508,-0.011261,-0.001973
-0.004594,-0.018743,-0.000962
-0.000837,-0.019777,-0.004140
-0.001951,-0.014430,-0.005155
-0.002080,-0.008059,-0.001923
-0.004100,-0.003835,0.002337
-0.002149,0.000445,0.001320
-0.003096,0.003646,0.001341
-0.001091,0.002557,0.003447
-0.001055,-0.002789,0.004454
0.000928,-0.003877,0.006574
0.000921,-0.004892,0.001267
-0.000089,-0.009094,-0.005101
-0.002123,-0.011217,-0.006196
-0.000291,-0.012325,-0.001940
-0.002337,-0.009105,-0.004048
0.001482,-0.012412,0.006541
0.003389,-0.013406,-0.000916
0.002335,-0.017685,0.000108
-0.001688,-0.016605,-0.000945
-0.003737,-0.009155,0.001256
-0.004732,-0.008100,0.002348
-0.002803,-0.002732,-0.000788
0.001099,-0.004876,0.000275
0.003962,-0.006977,-0.002905
0.002906,-0.007996,-0.007139
-0.001069,-0.012255,-0.008244
-0.002196,-0.020795,-0.008346
-0.004352,-0.026121,-0.009468
-0.002622,-0.024023,-0.006321
-0.001803,-0.016605,-0.000937
0.001036,-0.009116,-0.002993
0.001001,-0.003803,-0.000839
-0.000956,-0.000622,0.001290
0.000043,-0.000664,0.005548
0.001069,-0.000673,0.006608
0.002108,0.001483,0.004512
0.001144,-0.001654,-0.001847
-0.000834,-0.001610,-0.006077
-0.001880,-0.004769,-0.010349
-0.001007,-0.002678,-0.006093
0.000886,0.002643,-0.005013
-0.001075,0.006846,0.001370
-0.000054,0.004650,0.007702
0.000036,0.000382,0.007672
-0.001889,-0.003833,0.002323
-0.002887,-0.010267,0.005463
-0.002931,-0.009182,0.003352
-0.003959,-0.008114,0.003368
-0.004019,-0.010257,0.004403
-0.003137,-0.015550,0.000119
0.001606,-0.018740,-0.000963
0.000506,-0.016586,-0.003080
-0.002531,-0.018783,0.003260
-0.002628,-0.016680,0.006468
-0.002681,-0.010314,0.009688
-0.003649,-0.001810,0.012931
-0.000662,0.004601,0.011927
0.003360,0.012061,0.013060
0.004495,0.016346,0.012035
0.004671,0.019602,0.006778
0.003871,0.020689,0.004666
0.001069,0.011130,0.000366
0.000131,0.004761,-0.002853
0.000110,-0.006967,-0.004023
0.001916,-0.018654,-0.009423
0.001724,-0.024000,-0.008408
0.000524,-0.025024,-0.012683
0.001265,-0.018621,-0.012620
-0.001785,-0.004770,-0.010391
-0.002782,0.009124,-0.012392
-0.005652,0.017652,-0.011250
-0.004556,0.021890,-0.008009
-0.003434,0.017557,-0.001666
-0.001362,0.010078,-0.000649
-0.001312,-0.002715,-0.001787
-0.000367,-0.008028,-0.003928
-0.002422,-0.018738,0.000229
0.000322,-0.018641,-0.009307
-0.003744,-0.018686,-0.005069
-0.001932,-0.014460,-0.000788
0.000911,-0.010150,-0.005022
0.000855,-0.005915,-0.001830
0.003749,-0.005898,-0.003993
0.003704,-0.001613,-0.006133
0.004701,0.005806,-0.000785
0.004746,0.014362,-0.002853
0.002905,0.021831,-0.002773
0.001093,0.018619,-0.001740
0.001183,0.010114,-0.004976
0.000230,0.002634,-0.003967
-0.000747,-0.005935,-0.000858
-0.002773,-0.006970,-0.004043
-0.004782,-0.010164,-0.004038
-0.008788,-0.014451,-0.001926
-0.007956,-0.021976,0.003300
-0.006162,-0.018774,0.003335
-0.005283,-0.011327,0.005501
-0.004335,-0.002812,0.007691
-0.002370,0.003631,0.003497
-0.001329,0.007943,-0.000703
-0.001288,0.000487,-0.001809
0.000643,-0.007987,-0.008250
-0.000410,-0.021850,-0.009410
-0.000631,-0.033589,-0.009527
0.000075,-0.042100,-0.011711
-0.001221,-0.042100,-0.011711
-0.001521,-0.032555,-0.006348
-0.000750,-0.022973,-0.004149
0.003036,-0.007040,0.003403
0.005004,0.006801,0.006708
0.006125,0.021728,0.007878
0.006355,0.029254,0.002673
0.002684,0.026063,0.001606
-0.001002,0.019630,0.004761
0.000080,0.007927,0.001495
0.000065,-0.008004,-0.006058
0.001874,-0.016517,-0.008248
-0.001241,-0.018609,-0.012511
-0.002408,-0.015381,-0.015678
-0.008452,-0.016492,-0.011457
-0.008621,-0.014369,-0.010413
-0.009729,-0.014393,-0.008326
-0.008872,-0.011224,-0.005143
-0.007975,-0.010222,0.001212
-0.008025,-0.012401,0.005430
-0.009055,-0.017854,0.017055
-0.004228,-0.018951,0.020235
-0.001331,-0.022162,0.021289
0.004481,-0.020004,0.019206
0.007377,-0.013545,0.013999
0.010317,-0.004890,0.002423
0.009358,0.003693,-0.001705
0.006460,0.003755,-0.008070
0.006480,0.005900,-0.009113
0.005495,0.002721,-0.011270
0.004492,0.003787,-0.011267
0.003505,0.002720,-0.011284
-0.000426,0.003751,-0.008147
-0.004350,0.011180,-0.004952
-0.004273,0.021764,0.003608
-0.007030,0.032386,0.008977
-0.004806,0.038743,0.013235
-0.002602,0.023725,0.021633
-0.001420,0.007748,0.018282
-0.000408,-0.011474,0.019177
-0.001486,-0.028541,0.017925
0.000281,-0.037059,0.015722
-0.000925,-0.033784,0.008302
-0.001124,-0.033720,0.001936
0.001618,-0.027306,0.000931
0.004394,-0.020819,-0.007515
0.004287,-0.010082,-0.013760
0.005204,-0.006821,-0.018983
-0.000710,-0.003576,-0.023178
-0.003725,-0.005742,-0.019985
-0.007756,-0.005772,-0.016767
-0.009811,-0.002634,-0.010380
-0.006936,-0.002750,0.001304
-0.003046,-0.000670,0.006636
-0.001068,0.002521,0.007738
-0.001010,0.006789,0.007783
0.000062,0.012114,0.008891
-0.001754,0.012141,0.006788
-0.001647,0.007917,0.002521
-0.000612,0.006912,-0.003861
0.000376,0.000596,-0.012385
0.000301,-0.004684,-0.017723
-0.000796,-0.008929,-0.019854
-0.000960,-0.012146,-0.018827
-0.003089,-0.018603,-0.013584
-0.002299,-0.019756,-0.005127
-0.003412,-0.014507,0.003394
-0.001522,-0.002843,0.010881
0.000496,0.010996,0.014157
0.002649,0.021608,0.019529
0.002926,0.032302,0.017521
0.002272,0.032323,0.015385
0.002542,0.027029,0.011088
0.000796,0.016380,0.008865
0.000875,0.004682,0.004498
0.000852,-0.009159,0.001172
0.000764,-0.015550,0.000069
0.000614,-0.017642,-0.004193
0.001427,-0.017599,-0.008430
0.000321,-0.007973,-0.010468
-0.002684,0.000533,-0.007197
-0.007554,0.002653,-0.005038
-0.004617,0.005865,-0.006071
-0.004575,0.010140,-0.007079
-0.003558,0.009053,-0.004952
-0.001558,0.005842,-0.003884
-0.001550,-0.001721,0.005641
-0.001562,-0.005987,0.005618
-0.002557,-0.012410,0.007698
-0.001625,-0.016701,0.009754
0.002175,-0.018815,0.007600
0.002089,-0.012372,0.003370
0.003011,-0.001681,0.001320
0.002052,0.000428,0.003441
0.001125,0.010051,0.001361
0.001187,0.005770,0.002385
-0.000713,0.002566,0.002316
0.000280,-0.009204,0.005403
-0.002703,-0.017720,0.003207
-0.005785,-0.018814,0.006400
-0.007878,-0.022014,0.006386
-0.007023,-0.018845,0.009597
-0.005180,-0.017819,0.013871
-0.002319,-0.013507,0.009678
0.001546,-0.007096,0.008645
0.000579,-0.006031,0.008656
0.001570,-0.006043,0.009710
0.001560,-0.003901,0.008640
0.000609,-0.004937,0.005441
0.002548,-0.005945,0.000139
0.000573,-0.003757,-0.005134
-0.000451,-0.006933,-0.007271
-0.001518,-0.005877,-0.006207
-0.000619,0.001599,-0.007194
-0.001599,0.003735,-0.007155
-0.003539,0.007975,-0.003908
-0.003489,0.010089,-0.001746
-0.002447,0.010080,-0.000650
-0.000426,0.007958,-0.001709
0.000597,0.003690,-0.001732
0.001590,0.000469,0.000376
-0.001350,-0.001645,-0.001800
-0.001370,-0.002711,-0.001796
-0.000436,-0.005872,-0.006081
0.000470,-0.006908,-0.009287
-0.001567,-0.007990,-0.008248
-0.001648,-0.004770,-0.010377
-0.002705,-0.001570,-0.010370
-0.004694,0.001619,-0.009302
-0.006640,0.004760,-0.002923
-0.005641,0.004685,0.004504
-0.004598,0.005718,0.007697
-0.004518,0.005653,0.014049
-0.000536,0.003525,0.014043
0.000559,0.006673,0.019375
0.000679,0.007790,0.014095
0.002722,0.003555,0.010889
0.002789,-0.000678,0.007681
0.004746,-0.005960,0.002337
0.002759,-0.010206,0.000191
0.002673,-0.013345,-0.006231
0.000583,-0.011201,-0.007252
-0.001459,-0.005866,-0.007219
-0.001522,0.002647,-0.005035
-0.000531,0.010074,-0.000726
-0.001438,0.012177,0.002461
0.000603,0.016413,0.005674
0.000751,0.019573,0.009968
-0.000063,0.020661,0.007855
-0.001863,0.013198,0.007830
-0.001757,0.003585,0.008835
-0.000747,-0.004932,0.006653
0.001130,-0.015571,0.003384
0.000995,-0.026193,-0.002035
0.001759,-0.027250,-0.003119
-0.001358,-0.017613,-0.006240
-0.001502,-0.011212,-0.006205
-0.001566,0.002667,-0.007178
-0.001529,0.013283,-0.001801
-0.004365,0.019699,-0.002821
-0.003226,0.023883,0.005711
-0.002052,0.021740,0.005660
-0.000917,0.013173,0.008789
-0.000812,0.005651,0.014029
-0.000753,-0.001807,0.012923
0.000246,-0.003949,0.013993
0.001224,-0.009262,0.011845
0.003152,-0.012427,0.008668
0.003090,-0.016651,0.004401
0.003004,-0.017666,-0.000899
0.001898,-0.015466,-0.007233
0.000784,-0.011155,-0.011461
-0.001268,-0.004721,-0.014602
-0.001348,-0.002589,-0.014604
-0.002360,0.003771,-0.010304
-0.001389,0.005893,-0.009217
-0.004294,0.001581,-0.005017
-0.007236,-0.001651,-0.001876
-0.004334,-0.000627,0.002377
-0.006292,-0.003859,0.005532
-0.007268,-0.005000,0.012956
-0.002388,-0.006094,0.015050
-0.001389,-0.003971,0.016115
0.001564,-0.001857,0.018263
0.004553,0.002454,0.014056
0.004640,0.002497,0.009805
0.003734,0.003639,0.002394
0.001829,0.004751,-0.001820
0.000868,0.000474,-0.000776
0.000849,-0.004831,-0.003998
-0.001167,-0.009077,-0.006150
-0.000279,-0.002692,-0.003952
-0.003249,-0.003761,-0.003982
-0.005235,-0.001626,-0.003936
-0.006231,-0.001690,0.002430
-0.007229,-0.002754,0.002420
-0.005316,-0.004911,0.004503
-0.003354,-0.001782,0.010864
0.000545,-0.000717,0.010853
0.001571,0.001388,0.014025
0.001626,0.000353,0.010833
0.000730,0.002495,0.009805
0.001778,0.003584,0.007700
0.002798,0.001562,-0.002917
0.001812,-0.004850,-0.001891
0.001751,-0.006932,-0.007229
0.001656,-0.010154,-0.005128
0.000597,-0.011263,-0.000865
-0.000453,-0.010176,-0.002984
-0.001502,-0.008043,-0.002972
-0.000583,-0.002729,-0.000796
-0.000596,0.001528,0.000295
0.000434,0.006843,0.002478
-0.000490,0.002597,0.000333
-0.003411,-0.001660,-0.000752
-0.003461,-0.010179,-0.001869
-0.001631,-0.015484,-0.005119
-0.003698,-0.014422,-0.005115
-0.001882,-0.013345,-0.006188
-0.001017,-0.013348,-0.006223
-0.000134,-0.005932,-0.000866
-0.000160,0.000481,-0.001878
-0.003059,0.003669,-0.000831
-0.002074,0.006838,0.002352
-0.001031,0.008918,0.007655
0.000075,0.015317,0.007733
0.000197,0.011027,0.009825
0.000319,0.005704,0.008709
0.000358,0.000393,0.006575
0.000361,-0.003862,0.005504
0.001331,-0.008064,-0.000871
0.003214,-0.006987,-0.001902
0.001186,-0.006924,-0.008281
0.000142,-0.004796,-0.007196
-0.000892,-0.003730,-0.007201
0.000033,0.003693,-0.002918
0.000072,0.012209,-0.000715
0.002128,0.016457,0.001437
0.001274,0.017567,-0.002791
-0.000555,0.014355,-0.001750
-0.003403,0.007964,-0.002853
-0.005343,0.000503,-0.003965
-0.005393,-0.006955,-0.005077
-0.004509,-0.011231,-0.004055
-0.001707,-0.012351,0.001241
-0.000815,-0.013429,0.002314
-0.000904,-0.010237,0.003417
0.000038,-0.004904,0.003443
0.000035,-0.000647,0.004534
-0.000909,0.002531,0.006664
-0.001821,0.004630,0.009824
0.000210,0.005688,0.010894
0.002244,0.012123,0.007773
0.002375,0.016417,0.005673
0.003459,0.011126,0.001417
0.003530,0.006909,-0.003931
0.000621,0.001617,-0.008208
-0.002345,-0.006920,-0.008261
-0.005358,-0.011188,-0.008285
-0.005502,-0.017590,-0.008341
-0.005669,-0.020825,-0.005207
-0.003884,-0.019791,-0.002014
-0.006004,-0.018735,-0.000951
-0.004149,-0.007071,0.006572
-0.004148,-0.000722,0.011919
0.000821,0.007804,0.013054
0.002861,0.003547,0.011963
-0.000002,-0.001746,0.007679
-0.002941,-0.008190,0.011881
-0.001983,-0.009255,0.011885
0.001916,-0.009235,0.009750
0.002859,-0.011328,0.005494
0.004750,-0.011253,-0.001926
0.007595,-0.005873,-0.006123
0.002662,-0.002650,-0.008211
0.001670,0.005906,-0.010250
0.001672,0.005906,-0.010257
0.000704,0.006986,-0.011295
-0.002227,0.005875,-0.007068
-0.001251,0.002640,-0.003919
-0.002254,-0.002728,-0.000782
-0.002274,-0.005929,-0.000832
-0.002312,-0.003817,0.001295
-0.003316,-0.002762,0.002345
-0.003327,-0.002785,0.004439
-0.001369,0.002540,0.005532
-0.000364,0.002541,0.005539
-0.000294,0.003635,0.002367
-0.001228,0.005781,0.001332
-0.003132,0.004759,-0.002909
-0.000207,0.002637,-0.003968
-0.001188,0.001564,-0.002910
-0.001219,-0.000570,-0.002922
-0.002221,-0.004853,-0.001890
-0.001279,-0.008077,0.000183
-0.002286,-0.004895,0.002347
-0.000343,-0.003839,0.003417
-0.000340,-0.001737,0.006605
0.001638,0.001497,0.003450
0.001694,0.006832,0.003496
0.000782,0.007963,-0.002853
-0.000166,0.009044,-0.003892
-0.000133,0.004765,-0.002868
-0.003024,0.001553,-0.001835
-0.002059,-0.000550,-0.005044
-0.001134,-0.004810,-0.006134
-0.001188,-0.006987,-0.001916
-0.000268,-0.004863,-0.000850
-0.002223,-0.001683,0.001293
-0.002215,0.001463,0.006612
-0.003156,0.004643,0.008755
-0.003060,0.008922,0.007731
-0.001010,0.009957,0.010917
0.001025,0.005717,0.007719
0.000103,0.001471,0.005580
0.000110,-0.008096,0.002319
-0.001911,-0.011266,-0.000899
-0.002994,-0.014481,0.000135
-0.000185,-0.012305,-0.004097
0.000704,-0.006966,-0.004059
-0.000329,-0.001650,-0.001877
0.000641,0.005774,0.002412
-0.000254,0.010043,0.002457
-0.001148,0.010032,0.003518
0.001876,0.011089,0.004595
0.000979,0.007890,0.004587
0.001041,0.000422,0.004543
0.000050,-0.008090,0.002366
-0.000020,-0.015547,0.001261
-0.001129,-0.018742,0.000173
-0.000316,-0.020865,-0.000900
-0.001459,-0.021912,-0.003045
-0.001600,-0.014433,-0.004061
0.001250,-0.001632,-0.003962
-0.000705,0.004769,-0.003927
-0.000636,0.012264,-0.005985
-0.001538,0.013328,-0.006017
-0.004385,0.011142,-0.000745
-0.006294,0.003639,0.002358
-0.005277,0.001452,0.007652
-0.002313,0.003566,0.009806
-0.003240,-0.000703,0.009783
-0.005182,-0.007104,0.009755
-0.002281,-0.012470,0.012884
-0.000374,-0.012458,0.011837
-0.000435,-0.010270,0.006557
0.000510,-0.007057,0.005531
0.001450,-0.007031,0.002350
0.001396,-0.006987,-0.001880
0.003289,-0.008022,-0.005073
0.002244,-0.005843,-0.009277
0.002188,-0.005784,-0.014591
0.000160,-0.003640,-0.015641
-0.001880,-0.002609,-0.012440
-0.000964,0.001627,-0.009226
-0.001007,-0.002689,-0.003939
-0.002986,-0.005922,-0.000777
-0.002059,-0.007022,0.002397
-0.003080,-0.009199,0.006622
-0.004069,-0.008151,0.008739
-0.002136,-0.007082,0.008776
-0.001178,-0.005987,0.005617
-0.000236,-0.005967,0.003475
0.000718,-0.001689,0.002430
0.000716,-0.000611,0.001371
-0.000265,-0.001646,-0.001850
-0.000264,0.000499,-0.002892
-0.002239,-0.003805,0.000234
-0.002313,-0.013433,0.002237
-0.001440,-0.014500,0.002228
-0.000532,-0.010244,0.003298
0.000396,-0.002807,0.006547
0.001420,0.002529,0.006600
0.002434,0.006827,0.003448
0.002524,0.011111,0.002480
0.001634,0.006889,-0.001789
-0.002231,0.002655,-0.004974
-0.002275,-0.005839,-0.009279
0.001548,-0.009028,-0.010354
-0.000516,-0.009029,-0.010347
-0.000607,-0.008005,-0.006100
0.000272,-0.005879,-0.005028
-0.000745,-0.002722,-0.000777
-0.001736,-0.001698,0.003448
-0.001712,-0.000622,0.002375
-0.001686,0.001528,0.000260
-0.003634,0.001538,-0.000808
-0.004581,0.000451,0.001311
-0.004604,-0.005983,0.004452
-0.004633,0.000455,0.001338
-0.003661,-0.002756,0.002385
-0.001726,-0.005979,0.004501
0.000198,-0.003857,0.005559
0.002147,0.000380,0.008779
0.002187,0.003592,0.007746
0.004179,0.002578,0.002425
0.004222,0.004745,-0.000732
0.001321,-0.000536,-0.006099
-0.004574,-0.007997,-0.007246
-0.002716,-0.008036,-0.004082
-0.002777,-0.001643,-0.002958
-0.000803,0.005828,-0.002893
0.003137,0.006907,-0.003931
0.003179,0.011187,-0.004962
-0.000690,0.008018,-0.008166
-0.003597,0.007953,-0.001793
-0.004534,0.006896,-0.002877
-0.008411,0.005755,0.004548
-0.006399,0.006779,0.008794
-0.001473,-0.000689,0.008750
0.001461,-0.006002,0.006595
0.005366,-0.004902,0.003428
0.003378,-0.002789,0.005568
0.001439,0.001499,0.003470
0.000492,0.006836,0.003537
-0.000447,0.004721,0.001369
0.001553,0.004723,0.001390
0.001574,0.002627,-0.002885
0.003524,-0.000563,-0.003967
0.000578,-0.001652,-0.001876
0.000553,-0.001631,-0.003998
-0.001430,-0.001609,-0.006127
-0.002421,0.002627,-0.002921
-0.003386,0.006852,0.001368
-0.002340,0.006831,0.003497
-0.003260,0.007899,0.003499
-0.002241,-0.001737,0.006598
-0.001259,-0.007063,0.005497
-0.001309,-0.019933,0.011745
-0.003368,-0.032720,0.009526
0.001321,-0.032657,0.003146
-0.000856,-0.030507,0.002088
-0.001077,-0.031565,0.000997
-0.001263,-0.018771,0.002156
-0.002341,-0.005967,0.002254
-0.002350,-0.001714,0.003325
-0.001330,0.002511,0.007600
0.000673,0.003562,0.009744
0.000756,0.004642,0.008720
-0.001138,0.004664,0.006612
-0.003048,0.001464,0.006611
-0.002058,-0.000690,0.008743
-0.000096,0.001456,0.007721
0.000909,-0.003907,0.010892
0.002874,-0.003853,0.005594
0.003842,-0.003819,0.002431
0.002843,-0.003776,-0.001799
0.000887,-0.003775,-0.001792
-0.000163,-0.010136,-0.006099
-0.001237,-0.012242,-0.009313
-0.001350,-0.006918,-0.008227
-0.002413,-0.002628,-0.010333
-0.001470,0.004789,-0.004963
-0.002417,0.006879,-0.000742
-0.001381,0.011126,0.001410
-0.000318,0.014300,0.003541
0.000800,0.019602,0.006750
0.002912,0.022827,0.004662
0.003085,0.018559,0.004639
0.003228,0.014302,0.003576
0.002327,0.004763,-0.002853
0.001362,-0.002673,-0.006109
0.000305,-0.013332,-0.007243
-0.001777,-0.018610,-0.012582
-0.002924,-0.015398,-0.013615
-0.005028,-0.012224,-0.011498
-0.002205,-0.004775,-0.009311
-0.002261,0.003728,-0.006074
-0.001275,0.012242,-0.003912
-0.001174,0.019647,0.002505
-0.002970,0.021771,0.003584
-0.001816,0.017468,0.006724
-0.001688,0.005719,0.007682
-0.000657,-0.002817,0.007615
0.002231,-0.007052,0.004415
0.001212,-0.008076,0.000183
0.001154,-0.009110,-0.002996
0.000120,-0.005875,-0.006130
0.000065,-0.002696,-0.003987
0.001020,0.001587,-0.005004
0.000051,0.000531,-0.006068
0.001023,0.001606,-0.007126
-0.001920,0.002662,-0.006063
-0.002896,0.001532,0.000287
-0.002891,0.002619,-0.001847
-0.003859,0.001497,0.003435
0.000072,0.008976,0.002419
0.001105,0.008968,0.003507
-0.001761,0.001508,0.002381
-0.000760,0.001507,0.002389
0.000205,-0.003838,0.003410
-0.001766,-0.003838,0.003410
-0.001806,-0.003847,0.004485
0.000159,-0.005994,0.005542
0.002088,-0.003829,0.002356
0.005972,-0.001660,-0.000809
0.005972,0.005886,-0.008157
0.003060,0.010208,-0.013439
-0.001771,0.009142,-0.013434
-0.005694,0.003803,-0.013487
-0.003775,-0.003698,-0.010355
-0.000929,-0.007966,-0.010400
-0.000055,-0.011157,-0.011489
-0.002132,-0.012236,-0.010444
-0.004198,-0.006891,-0.011472
-0.006214,0.002660,-0.006076
-0.006196,0.013257,0.001444
-0.004122,0.016451,0.002539
-0.003024,0.012171,0.003549
0.000958,0.004676,0.005600
0.001968,0.004676,0.005593
0.002986,0.006848,0.002441
-0.000838,0.004716,0.002457
-0.003728,0.000430,0.003454
-0.000797,0.001488,0.004539
0.002146,0.000441,0.002408
0.004120,-0.001672,0.000274
0.004123,-0.000569,-0.002908
0.002167,0.000562,-0.009265
-0.000793,0.001650,-0.011370
-0.003735,0.002749,-0.014551
-0.005729,0.000603,-0.013487
-0.005794,-0.000487,-0.011395
-0.004873,-0.003727,-0.007174
-0.005922,-0.008049,-0.001920
-0.006948,-0.008107,0.003394
-0.005049,-0.010272,0.006572
-0.003126,-0.011403,0.012900
-0.000215,-0.006090,0.015041
0.002752,0.008828,0.017279
0.004835,0.018445,0.016323
0.008958,0.024881,0.013202
0.007210,0.016441,0.003586
0.007305,0.003709,-0.003946
0.006321,-0.005828,-0.010354
0.005279,-0.009981,-0.022040
-0.001707,-0.012062,-0.027357
-0.004838,-0.013106,-0.029489
-0.007964,-0.008900,-0.023072
-0.007113,0.000615,-0.014513
-0.004218,0.004829,-0.009192
-0.002238,0.011135,0.000392
-0.003144,0.011112,0.002494
-0.002089,0.006793,0.007753
-0.005908,0.003568,0.009820
-0.004880,0.003579,0.008737
-0.004831,0.001423,0.010834
-0.000894,-0.001728,0.005495
0.001045,-0.001674,0.000197
0.002989,-0.004821,-0.005116
0.002927,-0.009057,-0.008329
0.000882,-0.007957,-0.011489
-0.000178,-0.010058,-0.014677
-0.003201,-0.005787,-0.014605
-0.003308,-0.004762,-0.010345
-0.001428,-0.002671,-0.006103
-0.000462,0.004703,0.003511
0.000554,0.010012,0.005668
-0.001316,0.012134,0.006720
-0.002144,0.012099,0.010982
-0.002013,0.009965,0.010971
0.000032,0.000403,0.006650
0.001018,-0.010181,-0.001911
0.000920,-0.015522,-0.001984
-0.001178,-0.017602,-0.007301
-0.002305,-0.012281,-0.006199
-0.002407,-0.006968,-0.004051
-0.002443,0.001564,-0.002932
-0.001443,0.009015,-0.000724
0.000566,0.010041,0.002450
-0.001300,0.007928,0.000317
-0.002219,0.004696,0.003493
-0.004151,-0.004940,0.006585
-0.003195,-0.008121,0.004421
-0.000299,-0.008121,0.004428
-0.001328,-0.010250,0.004422
0.001549,-0.008094,0.002325
0.002465,-0.006976,-0.002977
0.002419,-0.003764,-0.004003
0.001408,0.000525,-0.006108
-0.000540,0.004761,-0.002888
-0.002478,0.003716,-0.005020
-0.001504,0.000494,-0.002919
-0.000536,-0.003772,-0.002935
-0.000588,-0.009097,-0.004036
-0.001653,-0.009117,-0.001922
-0.001719,-0.005981,0.004458
-0.000744,0.002545,0.005602
-0.000691,0.006814,0.005653
-0.001617,0.003646,0.002456
0.000379,0.002578,0.002439
-0.000580,0.001542,-0.000767
0.001371,-0.003803,0.000261
-0.002585,-0.009097,-0.004050
-0.001694,-0.014465,-0.000907
-0.003748,-0.011242,-0.003008
-0.002863,-0.006961,-0.004018
-0.000977,-0.002694,-0.003987
-0.000029,0.002629,-0.002908
-0.000963,0.010037,0.003516
-0.000871,0.012150,0.005657
-0.000767,0.012121,0.007767
0.000314,0.009967,0.009891
0.000418,0.006791,0.007754
0.000469,-0.002780,0.004494
0.000452,-0.010227,0.002334
-0.000605,-0.013429,0.002299
0.001256,-0.011239,-0.002988
0.002123,-0.007995,-0.007204
0.001089,0.001628,-0.009255
0.003018,0.005939,-0.013462
0.002035,0.010202,-0.013437
0.001090,0.013402,-0.013423
-0.004716,0.006971,-0.010304
-0.005690,0.004764,-0.002868
-0.006662,-0.004849,-0.001920
-0.004732,-0.003811,0.001307
-0.004760,-0.003854,0.005573
-0.003797,-0.003886,0.008756
-0.005741,-0.002827,0.009839
-0.004751,-0.007117,0.011924
-0.001827,-0.009277,0.014015
-0.000863,-0.010356,0.015046
0.001074,-0.009225,0.008675
0.002999,-0.009196,0.005464
0.001984,-0.007018,0.001232
-0.000001,-0.001640,-0.002966
0.000974,0.003717,-0.005027
0.000970,0.004783,-0.005032
0.000975,0.001570,-0.003984
0.001953,0.001561,-0.002909
0.000972,0.001531,0.000294
0.000991,-0.001669,0.000280
-0.000000,-0.003815,0.001323
-0.000014,-0.003813,0.001343
-0.000029,-0.001644,-0.001815
0.000939,0.000522,-0.004972
0.000909,-0.000536,-0.006049
-0.001059,-0.000514,-0.008171
-0.001099,-0.003735,-0.006071
-0.002135,-0.004772,-0.009284
-0.003167,-0.003716,-0.008235
-0.003220,-0.002627,-0.010347
-0.004258,-0.002658,-0.008265
-0.005255,0.001524,0.000240
-0.003300,0.002555,0.004484
-0.002287,0.004645,0.008726
-0.003183,0.006720,0.014023
-0.003083,0.002419,0.017169
-0.003010,0.001365,0.016098
-0.000985,0.000330,0.012905
0.001992,0.000396,0.006560
0.001011,-0.003807,0.000177
0.005858,-0.001578,-0.009338
0.003859,0.002723,-0.012477
0.001879,0.009163,-0.015578
-0.001044,0.010231,-0.015554
-0.001032,0.009174,-0.016610
-0.001049,0.004831,-0.009214
-0.001056,0.000507,-0.003931
-0.002043,-0.004838,-0.002903
-0.004039,-0.005947,0.001318
-0.005047,-0.009180,0.004473
-0.006048,-0.004923,0.005550
-0.004085,-0.000699,0.009803
-0.003073,0.004658,0.007714
-0.002028,0.006781,0.008779
0.000963,0.005729,0.006622
0.001992,0.003586,0.007685
-0.000897,0.000374,0.008710
-0.001843,-0.003862,0.005497
-0.001890,-0.010220,0.001211
-0.000012,-0.017732,0.005389
0.001804,-0.026238,0.002153
0.000663,-0.031575,0.002093
0.000419,-0.035765,-0.005358
-0.001799,-0.031454,-0.009572
-0.001037,-0.019726,-0.008409
-0.003138,-0.011220,-0.005137
-0.001234,-0.004820,-0.005088
0.000688,-0.001650,-0.001877
0.000684,0.001542,-0.000767
-0.000294,-0.002716,-0.001872
-0.000297,-0.003804,0.000247
-0.001325,-0.009140,0.000194
-0.000406,-0.011308,0.003366
0.000511,-0.010233,0.002280
0.001445,-0.004894,0.002318
0.004340,0.000440,0.002351
0.001469,0.007910,0.002395
0.000567,0.015400,0.000324
0.000690,0.019663,0.000335
-0.001116,0.022833,0.003553
-0.000940,0.022838,0.003573
-0.000771,0.021805,0.000415
-0.002594,0.012235,-0.002817
-0.000597,0.004800,-0.006024
-0.002562,0.000541,-0.007079
-0.001657,-0.004773,-0.009248
-0.002743,-0.007972,-0.009284
-0.002826,-0.011257,-0.000810
0.000009,-0.016549,-0.005101
0.000841,-0.022868,-0.013666
-0.001328,-0.025023,-0.011562
-0.001536,-0.020744,-0.012586
-0.003660,-0.016514,-0.009392
-0.002852,-0.019768,-0.004108
-0.001994,-0.014387,-0.008306
-0.001152,-0.013362,-0.004039
-0.006128,-0.013381,-0.001890
-0.008140,-0.015558,0.002336
-0.007242,-0.019890,0.008686
-0.007355,-0.025258,0.011829
-0.001616,-0.029521,0.011805
-0.000799,-0.029543,0.013920
0.000005,-0.027434,0.016019
0.001830,-0.023192,0.018116
0.000761,-0.016761,0.014948
0.002678,-0.008207,0.012852
0.004641,-0.001777,0.009670
0.002741,0.005722,0.006524
0.002831,0.008945,0.004409
0.002932,0.012169,0.002336
0.000091,0.009011,-0.001929
0.002098,0.011179,-0.005073
-0.000795,0.005898,-0.010397
-0.003724,0.004783,-0.005032
-0.000802,0.001573,-0.003942
-0.002761,-0.002702,-0.002863
-0.003796,-0.010116,-0.008192
-0.002946,-0.019709,-0.009337
-0.003135,-0.022864,-0.013596
-0.002400,-0.029288,-0.011530
-0.001697,-0.030326,-0.014757
-0.000024,-0.026038,-0.016862
-0.001208,-0.019635,-0.016835
-0.005274,-0.015401,-0.013642
-0.005415,-0.006889,-0.011437
-0.001597,-0.002608,-0.012433
-0.000608,0.042303,-0.022909
0.005444,-0.002858,0.013043
0.006388,0.006075,-0.026133
-0.006371,-0.012435,0.009700
-0.011330,-0.003922,0.011926
-0.018832,0.040823,0.011355
-0.006752,0.031480,-0.006927
0.005909,0.010650,0.048061
0.010116,0.014373,-0.003921
0.005282,0.002390,0.020386
0.002415,0.023738,0.020621
0.001729,0.035449,0.022769
-0.001859,0.028004,0.019466
0.004260,0.019507,0.015113
0.007355,0.008906,0.008694
0.009363,-0.003802,-0.000953
0.009297,-0.014390,-0.009519
0.005229,-0.019672,-0.014864
0.001117,-0.018563,-0.019084
-0.003024,-0.032510,-0.011778
-0.001347,-0.039944,-0.015028
-0.002653,-0.036744,-0.015021
-0.004916,-0.026118,-0.010697
-0.004090,-0.003730,-0.008379
-0.005055,0.019697,-0.002842
-0.003887,0.035631,0.004753
-0.003591,0.042018,0.006979
-0.004266,0.034561,0.005887
-0.001087,0.018553,0.005776
-0.003899,-0.001755,0.008775
-0.002963,-0.018785,0.004396
-0.002179,-0.035817,-0.000004
-0.000501,-0.036845,-0.004270
0.001181,-0.028256,-0.009515
0.003895,-0.014338,-0.013660
0.001834,0.000673,-0.020998
0.001805,0.012406,-0.020936
-0.000088,0.024100,-0.016610
-0.002886,0.032618,-0.014429
-0.005634,0.035746,-0.006953
-0.008333,0.028173,0.003634
-0.007147,0.020651,0.008887
-0.003087,0.013119,0.015223
-0.000014,0.007775,0.016265
0.002046,0.004552,0.018381
0.001141,0.001361,0.017292
0.000212,-0.000704,0.010941
0.002181,-0.001719,0.005612
0.004134,-0.003812,0.001336
0.003120,-0.007996,-0.007203
0.004001,-0.007912,-0.015712
0.003900,-0.003612,-0.018872
-0.000069,0.001734,-0.019886
-0.002080,0.002813,-0.020917
-0.003102,0.007096,-0.021935
-0.006067,0.003831,-0.015597
-0.010004,-0.003748,-0.005044
-0.009075,-0.009203,0.006552
-0.005205,-0.004989,0.011881
-0.003237,0.001360,0.017235
-0.000211,0.006665,0.020478
0.000907,0.013082,0.019508
0.001051,0.008923,0.008895
0.002116,0.003619,0.005672
0.001152,-0.006957,-0.003934
0.002040,-0.014386,-0.008264
0.000908,-0.015389,-0.014647
-0.000248,-0.019613,-0.018907
-0.001428,-0.017513,-0.015741
-0.001606,-0.014313,-0.015733
-0.001739,-0.003753,-0.005064
-0.001745,0.005794,0.000276
0.000292,0.016433,0.003531
0.000436,0.019623,0.004607
-0.000366,0.020667,0.006739
-0.000192,0.017522,0.001447
-0.001061,0.006865,0.000306
-0.003966,-0.007016,0.001273
-0.003068,-0.017660,-0.000901
-0.003220,-0.022931,-0.007293
-0.000510,-0.029347,-0.006294
0.001208,-0.028282,-0.006305
0.001013,-0.013344,-0.006195
-0.001018,0.001580,-0.005066
-0.002927,0.016463,0.000349
-0.003788,0.019608,0.005641
-0.002641,0.020666,0.006717
-0.002477,0.014232,0.009844
0.000565,0.008943,0.005581
0.001590,0.000429,0.003405
-0.001350,-0.005941,0.000194
0.001534,-0.009128,-0.000846
0.000482,-0.012318,-0.001900
-0.001569,-0.015442,-0.009320
-0.001716,-0.010114,-0.008200
0.003089,-0.003714,-0.008171
0.003044,0.000596,-0.012392
0.001071,0.005887,-0.008122
0.002072,0.008023,-0.008125
0.000162,0.006910,-0.003939
-0.000798,0.006882,-0.001836
0.000230,0.011149,-0.001819
-0.001632,0.014321,0.001362
-0.002504,0.012188,0.001357
-0.002416,0.012162,0.003474
-0.004285,0.007926,0.000261
-0.004232,0.001513,0.001280
-0.002279,0.001504,0.002368
-0.001290,-0.001704,0.003443
0.000635,-0.003794,-0.000792
0.000591,-0.004827,-0.003971
0.000544,-0.004847,-0.001828
-0.002435,-0.010171,-0.002936
-0.001544,-0.012295,-0.004022
-0.002622,-0.015500,-0.004078
0.000188,-0.013378,-0.003012
0.002044,-0.009128,-0.000889
0.002956,-0.008075,0.000140
0.003900,0.002603,-0.000848
0.002983,0.014371,-0.003956
0.002140,0.035721,-0.004844
0.001410,0.041038,-0.002640
0.001691,0.033569,-0.002685
0.001890,0.024022,-0.008032
0.001980,0.009127,-0.012393
-0.000968,-0.004711,-0.015663
-0.004997,-0.012198,-0.013579
-0.004199,-0.020767,-0.010471
-0.008276,-0.021890,-0.005181
-0.004540,-0.020856,-0.002003
-0.001757,-0.014467,-0.000935
-0.000850,-0.007021,0.001218
-0.000850,0.007875,0.005543
-0.001717,0.017477,0.005600
-0.003503,0.023911,0.002466
-0.001365,0.024935,0.006705
0.002723,0.016454,0.001353
0.002819,0.005830,-0.002929
-0.000107,-0.006965,-0.004074
-0.000218,-0.014400,-0.007287
-0.001327,-0.019714,-0.009406
-0.000545,-0.017526,-0.014686
-0.000710,-0.012177,-0.015701
0.000139,-0.005815,-0.011380
0.002020,0.001641,-0.010289
0.001049,0.010111,-0.003890
0.000180,0.018611,-0.000659
-0.002617,0.017478,0.005670
-0.003450,0.015338,0.006704
-0.003322,0.006813,0.005575
-0.002279,-0.001733,0.006568
-0.001324,-0.011283,0.001186
-0.001424,-0.015491,-0.005188
-0.002516,-0.013346,-0.006223
-0.003600,-0.006974,-0.002985
-0.003670,-0.005887,-0.005118
-0.001786,-0.001610,-0.006148
-0.000825,0.002614,-0.001888
-0.000813,0.000451,0.001261
-0.000791,0.000429,0.003377
0.001164,-0.000652,0.004436
0.000194,-0.000652,0.004429
0.003147,0.002548,0.004458
0.003173,0.008994,0.000284
0.004220,0.007958,-0.001794
0.002339,0.006947,-0.007067
0.000397,0.001651,-0.011314
-0.001625,-0.006842,-0.015612
-0.003683,-0.011110,-0.015642
-0.004820,-0.017555,-0.011447
-0.003050,-0.016508,-0.009359
-0.005118,-0.013382,-0.001910
-0.003226,-0.005957,0.002364
-0.001266,0.000423,0.004535
-0.002215,0.005778,0.002432
-0.003126,0.006843,0.002414
-0.004066,0.006818,0.004537
-0.003050,0.004682,0.004484
0.000884,0.004684,0.004504
0.003876,0.006807,0.005577
0.002961,0.005745,0.005609
0.003974,0.003667,0.000320
0.004972,-0.001656,-0.000760
0.001031,-0.004781,-0.008188
-0.000004,-0.010096,-0.010363
-0.002068,-0.015443,-0.009356
-0.002198,-0.016499,-0.010440
-0.002345,-0.016490,-0.011515
-0.007352,-0.011198,-0.007245
-0.004526,-0.005906,-0.002962
-0.003583,0.000463,0.000221
-0.003556,0.008946,0.005580
-0.003458,0.013165,0.009849
-0.000388,0.015277,0.011976
-0.001224,0.007820,0.010856
0.000783,-0.000694,0.008680
0.001753,-0.010294,0.008624
0.001712,-0.014509,0.003295
0.002570,-0.020846,-0.003106
0.004342,-0.021880,-0.006285
0.004174,-0.017557,-0.011546
0.002090,-0.011121,-0.014659
-0.000942,-0.003695,-0.010349
-0.001001,-0.002650,-0.008232
-0.002009,-0.001598,-0.007167
-0.001075,-0.004799,-0.007188
-0.002105,-0.011210,-0.006177
-0.003167,-0.001629,-0.003999
-0.006135,0.000442,0.002379
-0.006087,0.008926,0.007751
-0.002059,0.019559,0.010973
0.000062,0.018505,0.009930
0.004145,0.023850,0.008916
0.005329,0.020651,0.008909
0.003553,0.015370,0.003571
-0.000262,0.006877,-0.000727
-0.000258,-0.004829,-0.004006
0.000632,-0.012245,-0.009369
-0.000497,-0.014347,-0.012585
-0.001629,-0.014381,-0.009430
0.001158,-0.010091,-0.011522
-0.000888,-0.001567,-0.010414
-0.001873,0.006894,-0.002933
-0.003770,0.007930,0.000266
-0.002756,-0.001686,0.001251
-0.004686,-0.003862,0.005483
-0.000810,-0.011342,0.006514
-0.001863,-0.018789,0.004348
-0.001021,-0.024102,0.002193
-0.002138,-0.019822,0.001183
0.000663,-0.013384,-0.001959
0.000600,0.001566,-0.002890
0.002562,0.002629,-0.002900
0.001625,0.002627,-0.002928
0.002602,0.001582,-0.005067
0.002579,0.000515,-0.005076
-0.001323,0.002681,-0.008226
-0.006199,-0.001619,-0.005081
-0.006220,-0.004841,-0.002987
-0.005297,-0.002727,-0.000833
-0.003384,-0.007014,0.001280
-0.003424,-0.008093,0.002318
-0.002522,-0.015595,0.005436
-0.001660,-0.020965,0.008544
-0.001761,-0.017756,0.007498
0.001063,-0.015612,0.006435
0.000018,-0.011324,0.004329
0.002889,-0.004912,0.003303
0.003877,0.003657,0.000173
0.001004,0.010062,0.000250
0.001097,0.011172,-0.003963
0.003099,0.005848,-0.005050
0.000193,-0.003687,-0.011445
-0.000846,-0.007943,-0.012516
-0.003889,-0.010063,-0.013561
-0.004007,-0.009017,-0.011429
-0.006089,-0.004783,-0.008208
-0.007137,-0.002757,0.002400
-0.003214,0.003602,0.006672
-0.000202,0.009971,0.009890
0.002866,0.014269,0.006723
0.003017,0.013234,0.003531
0.000187,0.011147,-0.000719
-0.001714,0.003689,-0.001838
-0.001707,0.001599,-0.006073
-0.002709,-0.003713,-0.008214
-0.000843,-0.010099,-0.010376
0.000028,-0.012254,-0.008259
-0.004002,-0.017609,-0.006184
-0.003169,-0.015507,-0.002982
-0.005230,-0.012359,0.002344
-0.005263,-0.004944,0.007693
-0.005233,0.002502,0.009853
-0.001273,0.006761,0.010965
-0.000181,0.011039,0.009913
-0.001047,0.011049,0.008845
0.000019,0.008915,0.008833
0.000118,0.006791,0.007747
0.002131,0.003609,0.005598
0.003144,-0.000628,0.002384
0.001169,-0.002696,-0.003980
0.002111,-0.002664,-0.007163
0.001086,-0.002648,-0.008211
0.000075,0.001652,-0.011364
-0.000911,0.003784,-0.011359
-0.000913,0.005876,-0.007082
0.000082,0.010130,-0.005982
-0.000813,0.014345,-0.000640
-0.001695,0.017568,-0.002734
0.000366,0.015381,0.002552
-0.000495,0.011117,0.002534
-0.001399,0.007927,0.001452
0.002538,0.006869,0.000383
0.000634,0.003690,-0.001753
-0.000334,0.000512,-0.003897
0.001601,-0.001634,-0.002868
0.002565,0.000521,-0.005000
0.001597,0.003742,-0.007108
0.001606,0.006945,-0.007080
-0.001304,0.006976,-0.010277
-0.004214,0.008026,-0.009205
-0.008091,0.004792,-0.006064
-0.006147,-0.002717,-0.001879
-0.007169,-0.007027,0.002335
-0.004291,-0.009163,0.002316
-0.004347,-0.012365,0.002275
-0.003449,-0.007036,0.003395
-0.000551,-0.002810,0.007669
-0.001489,0.004690,0.004545
0.001512,0.011083,0.005662
0.003567,0.009993,0.007775
0.004633,0.006802,0.006686
0.002736,0.001514,0.002429
0.001765,-0.003755,-0.003949
-0.000224,-0.005892,-0.003959
-0.002261,-0.012241,-0.009313
-0.003368,-0.010119,-0.008248
-0.000544,-0.005829,-0.010339
-0.000614,-0.001582,-0.008187
-0.001589,0.007956,-0.001765
-0.001514,0.014317,0.002506
-0.002362,0.017487,0.005731
-0.003189,0.016407,0.006784
-0.003073,0.010016,0.005680
-0.001033,0.005748,0.005643
-0.002921,0.002558,0.004561
0.001961,-0.002777,0.004528
0.002926,-0.003812,0.001336
0.005823,-0.002690,-0.003953
0.003826,-0.002679,-0.005007
0.000854,-0.009083,-0.005049
-0.000224,-0.006931,-0.007207
-0.000301,-0.009070,-0.007225
-0.001352,-0.010148,-0.006180
-0.004366,-0.010157,-0.005127
-0.003476,-0.010170,-0.004093
-0.004533,-0.010231,0.002265
-0.007516,-0.009186,0.004389
-0.008505,-0.003929,0.011843
-0.007506,-0.000728,0.011871
-0.005517,0.000311,0.015069
-0.000566,0.001389,0.014017
0.001449,0.003512,0.015112
0.002500,0.000343,0.011908
0.000584,-0.001790,0.011895
0.001535,-0.008172,0.009711
0.003476,-0.004937,0.006576
0.004455,-0.003827,0.002342
0.006382,-0.004861,-0.000830
0.004421,0.000519,-0.005014
0.003427,0.003743,-0.007108
0.001495,0.010146,-0.007052
-0.001378,0.014456,-0.011252
-0.002288,0.011223,-0.008104
-0.002276,0.009087,-0.008114
-0.003230,0.003752,-0.008154
-0.003251,0.000528,-0.006088
-0.005235,-0.000614,0.001323
-0.005251,-0.002790,0.005526
-0.005225,0.000356,0.010832
-0.002262,0.001409,0.011889
-0.000250,0.002476,0.011891
0.000792,0.004611,0.011902
0.000887,0.008889,0.010858
0.000017,0.007786,0.014026
0.002045,0.006763,0.009793
0.000169,0.006777,0.008745
0.000232,0.004667,0.006632
0.002221,0.002563,0.003445
0.001270,-0.000616,0.001309
0.001276,0.002597,0.000297
-0.001622,0.002588,0.001379
-0.000625,0.003658,0.001394
-0.000623,0.001568,-0.002855
-0.000614,0.002632,-0.002845
-0.002547,0.006888,-0.001774
-0.002521,0.003698,-0.002856
-0.003445,0.004743,-0.000739
-0.002442,0.004753,-0.001814
-0.004381,-0.000594,-0.000806
-0.002449,-0.004885,0.001265
-0.000518,-0.001706,0.003408
-0.001487,0.000434,0.003432
0.000482,0.002536,0.006626
0.001520,0.008946,0.005644
0.001601,0.005767,0.003508
0.003607,0.006867,0.000327
0.002678,0.005812,-0.000716
0.001743,0.002633,-0.002859
-0.000203,-0.000545,-0.004988
-0.000226,-0.001595,-0.007125
-0.001255,-0.001627,-0.003935
-0.003229,-0.000559,-0.003926
-0.003260,-0.002696,-0.003980
-0.002307,0.000472,-0.000796
-0.003241,0.007877,0.005628
-0.001217,0.008975,0.002433
-0.001147,0.008976,0.002447
-0.003031,0.004696,0.003464
-0.003003,0.000429,0.003448
-0.002996,-0.000632,0.003465
0.000893,-0.003790,-0.000793
0.000838,-0.005968,0.003432
0.000819,-0.003812,0.001343
-0.000179,-0.003828,0.002385
0.001747,-0.001684,0.001335
0.001763,0.002635,-0.002860
-0.001146,0.008003,-0.005996
-0.002066,0.006918,-0.004949
-0.002055,0.004773,-0.003907
-0.000112,0.001572,-0.003942
0.002806,0.000514,-0.005033
0.001828,0.000464,0.000264
0.000850,0.002598,0.000282
-0.000090,0.001534,0.000265
-0.000068,0.001512,0.002380
0.001919,0.004728,0.000288
-0.000971,0.002593,0.000270
-0.000945,0.003673,-0.000790
-0.000934,0.000495,-0.002919
-0.002904,-0.004817,-0.005074
-0.003953,-0.005863,-0.007206
-0.005968,-0.010161,-0.004054
-0.007047,-0.012305,-0.003005
-0.007111,-0.007023,0.002340
-0.002271,-0.001698,0.003455
-0.001278,0.004679,0.005656
0.000728,0.007858,0.007792
0.001806,0.008930,0.007799
0.002842,0.009995,0.007781
0.000998,0.007860,0.007770
0.001069,0.001457,0.007707
0.001097,-0.005928,-0.000839
0.001038,-0.013408,0.000164
-0.000047,-0.014410,-0.006184
0.000795,-0.011188,-0.008285
-0.002242,-0.006921,-0.008261
-0.003274,0.001606,-0.007126
-0.005226,0.006911,-0.003897
-0.004214,0.008991,0.001413
-0.003148,0.012138,0.006746
-0.002065,0.012115,0.008848
-0.000981,0.009938,0.013080
0.000086,0.006746,0.011964
-0.001782,0.001424,0.010883
0.000204,-0.000668,0.006614
-0.000754,-0.002761,0.002337
-0.000779,-0.007021,0.001218
-0.001809,-0.009111,-0.003017
0.000071,-0.010147,-0.006223
-0.000033,-0.010146,-0.006230
-0.000101,-0.004799,-0.007238
-0.000161,-0.000579,-0.002983
0.000814,0.007949,-0.001826
0.001867,0.013287,-0.001781
0.000998,0.013267,0.000355
0.001078,0.009033,-0.002838
0.002117,0.007977,-0.003894
0.002132,0.001607,-0.007091
0.000146,-0.004794,-0.007126
-0.000907,-0.012261,-0.007199
-0.001040,-0.013263,-0.013568
-0.002186,-0.018632,-0.010431
-0.002332,-0.015463,-0.007234
-0.001465,-0.012265,-0.007233
-0.004468,-0.005886,-0.005090
-0.006479,-0.005942,0.000180
-0.006493,-0.000629,0.002335
-0.003553,0.005739,0.005539
-0.004451,0.011052,0.007694
-0.000430,0.013191,0.007726
0.000672,0.008923,0.007695
-0.001226,-0.000627,0.002335
-0.001222,-0.008085,0.001229
0.000678,-0.011256,-0.001960
-0.002359,-0.015544,0.000153
-0.001503,-0.019799,-0.000954
0.001280,-0.017674,0.000147
0.002152,-0.012337,0.000200
0.002085,-0.002732,0.000291
0.000122,0.000477,-0.000756
-0.000823,0.003668,0.000340
0.002145,0.005815,-0.000681
-0.000746,0.000531,-0.006054
-0.000774,-0.003761,-0.003954
-0.002812,-0.011210,-0.006141
-0.002931,-0.013397,-0.000884
-0.002050,-0.008073,0.000210
-0.002106,-0.007055,0.005559
-0.002137,-0.007077,0.007674
-0.003136,-0.007066,0.006634
-0.002158,-0.006000,0.006637
-0.000225,-0.005998,0.006643
0.000737,-0.004941,0.007713
0.001691,-0.003810,0.001349
0.000689,-0.004878,0.001326
0.002606,-0.002760,0.002372
0.002577,-0.000605,0.000262
0.000632,0.002620,-0.001847
-0.000327,0.002639,-0.003997
0.000653,0.001583,-0.005074
-0.000313,0.001594,-0.006128
0.000651,-0.000563,-0.004032
-0.000338,-0.002675,-0.006151
-0.001360,-0.001607,-0.006142
-0.004328,-0.002705,-0.002962
-0.003416,-0.009131,-0.000881
-0.003464,-0.002706,-0.002940
-0.005436,0.000488,-0.001852
-0.004469,-0.000589,-0.000794
-0.000561,0.000430,0.003476
-0.000574,-0.003829,0.002371
-0.000580,-0.003879,0.007682
-0.002552,-0.010272,0.006558
-0.001629,-0.012412,0.007592
-0.000731,-0.017770,0.009660
0.002126,-0.014552,0.007554
0.004026,-0.008107,0.003366
0.001054,-0.003784,-0.001896
0.001034,0.001583,-0.005046
-0.000909,0.006938,-0.007121
-0.000893,0.007995,-0.006050
-0.003774,0.010120,-0.004964
-0.000802,0.005851,-0.005009
-0.002730,0.001562,-0.002910
-0.002759,-0.008095,0.002325
-0.002826,-0.012330,-0.000888
-0.002912,-0.011254,-0.001961
-0.004941,-0.011295,0.002297
-0.004024,-0.011328,0.005466
-0.003100,-0.009217,0.007593
0.001772,-0.003871,0.006565
0.001791,0.001475,0.005522
0.001826,0.005732,0.006606
0.000941,0.010009,0.005576
0.002003,0.011087,0.004532
0.002103,0.007890,0.004538
0.003133,0.001511,0.002388
0.000213,-0.005885,-0.005076
0.000142,-0.011230,-0.004041
-0.001914,-0.014385,-0.008272
-0.004030,-0.019742,-0.006196
-0.005131,-0.015515,-0.001915
-0.004282,-0.011258,-0.000838
-0.002404,-0.010194,-0.000849
-0.001468,-0.002748,0.001304
-0.003428,0.004686,0.004518
-0.004343,0.012100,0.009860
-0.000340,0.013169,0.009862
0.000780,0.014237,0.009878
0.001860,0.008937,0.006654
0.004845,0.002566,0.003422
0.004860,-0.000603,0.000233
0.002902,0.000508,-0.003988
-0.001017,-0.005901,-0.002942
-0.002033,-0.004782,-0.008244
-0.004054,-0.006928,-0.007173
-0.003146,-0.005873,-0.006123
-0.003193,-0.004795,-0.007154
-0.004206,0.001544,-0.000739
-0.006148,0.003657,0.001395
-0.008055,0.003580,0.008801
-0.007025,0.003496,0.017274
-0.003055,0.002437,0.016176
-0.001011,0.002413,0.018271
0.000055,0.004600,0.012978
0.001110,0.003579,0.008744
-0.001784,0.001501,0.003455
-0.000808,-0.000611,0.001357
0.002080,-0.001602,-0.006066
0.004020,-0.003779,-0.001855
0.005893,-0.012265,-0.007262
0.002833,-0.014349,-0.012591
0.003647,-0.008982,-0.015728
-0.001303,-0.005808,-0.012490
-0.003284,-0.000515,-0.008199
-0.004265,0.010117,-0.003849
-0.004169,0.022902,-0.001601
-0.002063,0.022869,0.001568
-0.002880,0.019679,0.000486
-0.003714,0.018632,-0.001617
-0.004612,0.006862,0.001464
-0.003646,-0.009124,-0.000826
0.001127,-0.014421,-0.005165
0.001986,-0.012256,-0.008329
0.003819,-0.005866,-0.007240
0.005735,0.005923,-0.012470
0.005764,0.018747,-0.014515
0.002957,0.026161,-0.009172
-0.003699,0.029313,-0.003784
-0.005447,0.034632,-0.001546
-0.004240,0.025016,-0.000582
-0.004089,0.006836,0.003509
-0.003094,-0.006019,0.008751
-0.001172,-0.009240,0.010873
-0.000241,-0.009218,0.008758
-0.000251,-0.003923,0.013040
-0.001193,-0.001748,0.008794
-0.001182,-0.008145,0.007672
-0.001208,-0.010258,0.005531
0.000698,-0.001677,0.001340
-0.002206,0.005910,-0.010273
-0.002206,0.001688,-0.015670
-0.003277,-0.005762,-0.017871
-0.002422,0.001701,-0.016710
0.005333,0.006984,-0.011359
0.008294,0.012380,-0.017720
0.004420,0.014418,-0.008152
0.000592,0.013364,-0.009187
-0.005189,0.012235,-0.002810
-0.004145,0.006930,-0.006025
-0.003135,-0.000605,0.000262
-0.002167,-0.005888,-0.005054
-0.000287,-0.011192,-0.008290
-0.002360,-0.015466,-0.007269
-0.004489,-0.019681,-0.012604
-0.011482,-0.016492,-0.011522
-0.009709,-0.014370,-0.010463
0.000908,-0.011191,-0.008348
0.006642,-0.012261,-0.008399
0.006552,-0.004833,-0.004097
0.004583,0.005826,-0.002956
-0.000241,0.010103,-0.003986
-0.001148,0.007907,0.002382
-0.002062,0.005727,0.007722
-0.000075,-0.002787,0.005546
-0.000101,-0.011334,0.006540
-0.002119,-0.016732,0.012887
-0.002172,-0.007141,0.014040
-0.000178,-0.002908,0.017212
-0.000139,0.003463,0.020450
-0.001015,0.009886,0.018364
0.000113,0.012012,0.019435
-0.000690,0.020558,0.018421
0.003431,0.023829,0.011010
0.001672,0.014289,0.004574
0.000779,0.004716,0.001321
-0.000217,-0.009123,-0.001962
-0.003236,-0.013379,-0.003061
-0.001408,-0.015502,-0.004134
-0.000533,-0.013389,-0.001979
-0.003543,-0.009142,0.000180
-0.003602,-0.010282,0.007626
-0.003647,-0.015660,0.011816
-0.003709,-0.017781,0.010735
-0.005752,-0.013545,0.013949
-0.006763,-0.012544,0.020304
-0.002858,-0.007242,0.023513
-0.000841,-0.006199,0.025616
0.000184,-0.002954,0.021407
0.002197,0.002435,0.016149
0.004223,0.007824,0.010897
0.003329,0.008924,0.007745
0.003405,0.007900,0.003498
0.003444,0.003655,0.001352
0.001517,0.000498,-0.002906
0.001493,-0.003771,-0.002914
0.000484,-0.006961,-0.003983
0.001373,-0.008025,-0.003965
-0.001583,-0.002677,-0.004958
-0.002593,-0.000566,-0.002824
-0.003563,0.003711,-0.003875
-0.002570,0.007952,-0.000649
-0.002515,0.011129,0.001466
-0.002433,0.012160,0.004617
-0.001357,0.011060,0.007770
0.001680,0.011045,0.008804
0.001792,0.006796,0.006624
-0.000084,0.002533,0.006599
0.001862,-0.003871,0.006522
0.003771,-0.005940,0.000130
0.001789,-0.002707,-0.003025
0.000799,0.001579,-0.005087
0.000800,0.001560,-0.002937
0.001782,0.003710,-0.003960
-0.000128,0.005877,-0.007118
-0.001090,0.001594,-0.006093
-0.001099,0.002695,-0.009246
-0.002094,0.002620,-0.001826
-0.001115,0.006889,-0.001781
-0.001082,0.005822,-0.001791
-0.002033,0.001508,0.002388
-0.003969,-0.001690,0.002359
-0.003001,-0.003834,0.003408
-0.003008,-0.003826,0.002341
-0.003037,-0.005993,0.005506
-0.004039,-0.008126,0.005480
-0.002133,-0.007026,0.002313
0.000756,-0.000615,0.001302
-0.000213,0.005799,0.000303
0.000815,0.005797,0.000283
-0.001085,0.007921,0.001369
0.001893,0.006844,0.002421
-0.000017,0.001520,0.001327
-0.000973,-0.001680,0.001313
-0.000007,-0.002734,0.000270
-0.000040,-0.005939,0.000222
-0.001056,-0.005916,-0.001879
-0.004015,-0.005938,0.000250
-0.004052,-0.002790,0.005576
-0.001131,-0.002790,0.005547
-0.000138,0.000434,0.003460
0.000890,0.007934,0.000357
-0.001009,0.006866,0.000341
-0.000957,0.003647,0.002434
-0.001899,-0.001677,0.001340
0.001980,-0.003760,-0.003990
0.001937,-0.004816,-0.005046
-0.003971,-0.005874,-0.006145
-0.005981,-0.000581,-0.001861
-0.003099,-0.002777,0.004507
-0.000150,0.002558,0.004547
0.002833,0.002565,0.003473
0.003852,0.002586,0.001351
0.001925,0.002579,0.002418
0.000973,0.003668,0.000312
-0.000948,0.005844,-0.003913
-0.002920,-0.000549,-0.005037
-0.001973,0.004775,-0.003957
-0.000971,0.010046,0.002448
0.003980,0.010066,0.000327
0.006013,0.006876,-0.000762
0.004127,0.005808,-0.000757
0.001230,0.001550,-0.001856
-0.002686,-0.000569,-0.002922
-0.006604,-0.001637,-0.002939
-0.005668,-0.000583,-0.001889
-0.004693,0.002607,-0.000807
-0.001763,0.002617,-0.001846
-0.001731,0.004762,-0.002889
-0.002705,0.004742,-0.000788
-0.003633,0.004679,0.005585
-0.003585,0.002523,0.007688
-0.003550,-0.006046,0.010797
-0.001623,-0.011350,0.007589
-0.000699,-0.009205,0.006546
0.001188,-0.008085,0.001250
0.001149,-0.003796,-0.000841
-0.000820,0.000474,-0.000812
0.003088,0.007988,-0.004970
0.005060,0.006934,-0.006033
0.003136,0.003756,-0.008156
0.002159,-0.000491,-0.010322
-0.000817,-0.004790,-0.007163
-0.002847,-0.005851,-0.008217
-0.000971,-0.006940,-0.006104
-0.002024,-0.005869,-0.006104
-0.000123,-0.002687,-0.003940
-0.000158,0.000519,-0.004999
-0.001119,0.005823,-0.001763
-0.002999,0.005824,-0.001777
-0.003942,0.001511,0.002409
-0.003945,-0.003818,0.001288
-0.002040,-0.007031,0.002314
-0.004026,-0.007059,0.005468
0.000813,-0.008105,0.003336
0.000754,-0.008122,0.004378
-0.000243,-0.005944,0.000167
0.001679,-0.002699,-0.004050
0.001646,-0.002677,-0.006165
-0.001295,-0.001617,-0.005089
-0.002316,-0.003708,-0.009344
-0.002342,-0.001571,-0.009291
-0.001413,-0.000534,-0.006078
-0.001453,0.000522,-0.004993
-0.001462,-0.000556,-0.003949
0.000479,-0.000621,0.002418
-0.000479,-0.002766,0.003460
-0.002447,-0.005971,0.003412
-0.000510,-0.005994,0.005520
0.000460,0.000412,0.005582
0.000497,0.004732,0.000294
-0.003378,0.003687,-0.001838
-0.003375,0.000474,-0.000812
-0.001430,-0.000549,-0.005051
-0.001467,-0.001649,-0.001884
0.001432,-0.004837,-0.002946
-0.001541,-0.007016,0.001252
-0.002550,-0.002758,0.002371
-0.000602,-0.000603,0.000254
-0.001562,0.000465,0.000263
-0.001580,-0.000624,0.002369
-0.000590,-0.003827,0.002327
0.001339,-0.001692,0.002360
0.001346,-0.002742,0.000209
0.000346,-0.004855,-0.001932
0.001277,-0.005901,-0.004049
-0.000736,-0.008034,-0.004047
-0.001773,-0.011234,-0.004089
-0.001864,-0.011222,-0.005137
-0.000037,-0.013360,-0.005147
-0.001135,-0.016572,-0.004121
-0.005166,-0.016565,-0.004131
-0.005293,-0.017687,0.001137
-0.006377,-0.016644,0.003284
-0.005493,-0.013465,0.005427
-0.001644,-0.008194,0.011826
0.002249,-0.005013,0.013990
0.001276,-0.001765,0.009801
0.000333,0.001447,0.008768
-0.000577,0.004681,0.005626
0.001433,0.002569,0.003493
0.001476,0.001503,0.003490
0.002457,-0.000589,-0.000780
0.002425,-0.006973,-0.002950
0.002358,-0.008029,-0.004020
0.002284,-0.000527,-0.007152
0.000323,0.006962,-0.009236
0.000357,0.015462,-0.005991
-0.001496,0.016539,-0.007043
-0.001413,0.016565,-0.009159
-0.002310,0.011208,-0.007077
-0.004203,0.003720,-0.005014
-0.005198,-0.002726,-0.000833
-0.006220,-0.010236,0.003374
-0.006285,-0.012371,0.003355
-0.004409,-0.010271,0.006536
-0.003479,-0.004969,0.009752
-0.003469,0.000354,0.010846
0.000479,0.004599,0.012978
0.000574,0.006735,0.012996
0.002632,0.004622,0.010855
0.001720,0.001496,0.003414
0.002709,-0.003784,-0.001910
0.001678,-0.006915,-0.009349
-0.001343,-0.007928,-0.014657
-0.001455,-0.005789,-0.014618
-0.003503,-0.003654,-0.014586
-0.002577,0.000586,-0.011360
-0.002603,0.003733,-0.006040
-0.002596,0.003676,-0.000727
-0.003508,0.006836,0.003552
-0.002461,0.007892,0.004629
-0.005309,0.006805,0.006756
-0.002301,0.001419,0.011992
-0.000335,-0.001741,0.007706
0.001637,-0.003921,0.011911
0.001645,-0.000690,0.008729
0.003646,0.000378,0.008716
0.002709,0.002532,0.006599
0.001756,0.002570,0.002335
0.001792,0.003669,-0.000838
0.000842,0.004757,-0.002936
-0.002087,0.000521,-0.006150
-0.002110,0.001627,-0.009290
-0.004089,0.000539,-0.007164
-0.006075,-0.003759,-0.003990
-0.006114,-0.004835,-0.002911
-0.005166,-0.002764,0.003488
-0.004201,-0.000629,0.003506
-0.001246,0.006818,0.005701
0.001742,0.007862,0.007805
0.003781,0.013186,0.008906
0.002921,0.011041,0.009948
0.003023,0.006803,0.006707
0.004041,-0.000636,0.003445
0.004046,-0.010175,-0.003020
0.001021,-0.020804,-0.007371
0.001825,-0.021854,-0.009508
0.001642,-0.016519,-0.009483
-0.001406,-0.009040,-0.010499
-0.003433,-0.001602,-0.007251
-0.003457,0.005846,-0.005057
-0.003413,0.008995,0.000283
-0.001381,0.009018,-0.001825
-0.001326,0.009041,-0.003926
-0.003224,0.002610,-0.000786
-0.002237,-0.001690,0.002366
-0.003263,-0.007007,0.000213
-0.002362,-0.008075,0.000197
-0.000470,-0.007039,0.003389
0.000516,-0.000627,0.002356
0.002496,0.003649,0.001312
0.002514,0.003659,0.000244
0.002539,0.003671,-0.000832
-0.000354,0.003670,-0.000839
-0.003256,0.001494,0.003394
-0.002268,-0.000619,0.001253
-0.000324,-0.001696,0.002312
-0.001299,-0.002753,0.001241
-0.000347,-0.000649,0.004457
-0.003262,0.002553,0.004492
-0.005123,0.005724,0.007695
-0.002152,0.007859,0.007727
-0.001058,0.009999,0.006701
-0.000005,0.008978,0.002482
-0.000945,0.000497,-0.002898
-0.001961,-0.003784,-0.001888
-0.001040,-0.006952,-0.005071
-0.002105,-0.008009,-0.006149
-0.001197,-0.003752,-0.005057
-0.000264,-0.002663,-0.007163
0.001642,-0.000516,-0.008227
0.001628,0.003731,-0.006068
-0.000312,0.003718,-0.005021
-0.002240,0.004776,-0.003929
-0.003195,0.005832,-0.002866
-0.003171,0.002589,0.001364
-0.002161,0.002610,-0.000744
-0.002166,-0.000569,-0.002880
-0.003138,-0.001657,-0.000760
-0.003164,-0.003790,-0.000765
-0.004170,-0.003802,0.000289
-0.005189,-0.004869,0.000273
-0.004233,-0.001720,0.005605
-0.002293,-0.004930,0.006652
-0.000346,-0.009188,0.005540
-0.000368,-0.008099,0.003434
0.000554,-0.011256,-0.000832
-0.000476,-0.000606,0.001377
-0.000482,0.002643,-0.003913
0.001480,0.006923,-0.004930
0.001513,0.009056,-0.004911
0.002518,0.007967,-0.002805
0.002585,0.010064,0.001477
0.000693,0.006873,0.000381
-0.000233,0.003656,0.001409
0.000770,-0.000610,0.001399
-0.002166,-0.004865,0.000271
-0.002198,-0.004834,-0.002918
-0.001262,-0.002691,-0.003946
-0.001274,0.001554,-0.001814
-0.002242,0.006889,-0.001789
-0.001233,0.009043,-0.003913
-0.003140,0.011168,-0.002826
-0.004042,0.013280,-0.000700
-0.002997,0.007889,0.004552
-0.001982,-0.000650,0.004457
-0.001972,-0.007026,0.002305
-0.001073,-0.013428,0.002250
0.001765,-0.012363,0.002252
0.002677,-0.004905,0.003358
0.002657,-0.000647,0.004477
0.000746,0.002574,0.002370
0.001770,0.005799,0.000289
0.003760,0.007967,-0.002854
0.003806,0.013323,-0.004937
0.002903,0.012288,-0.008122
0.001018,0.015488,-0.008094
-0.000856,0.014412,-0.007021
-0.004683,0.012270,-0.005973
-0.003646,0.004780,-0.003902
-0.003625,0.001556,-0.001815
-0.004610,-0.003771,-0.002950
-0.002697,-0.009119,-0.001935
-0.003743,-0.008064,-0.000893
-0.006719,-0.004901,0.002278
-0.004805,-0.001679,0.000170
-0.003819,0.007882,0.004476
-0.002763,0.008948,0.004472
-0.001705,0.008910,0.008722
-0.000634,0.005762,0.003396
-0.001573,-0.004944,0.006501
-0.001640,-0.010258,0.004346
-0.002669,-0.012401,0.005402
-0.002724,-0.008163,0.008636
-0.001767,-0.007114,0.010773
0.002148,-0.001788,0.011902
0.003176,0.006792,0.007747
0.003274,0.010015,0.005659
0.001418,0.012128,0.007793
0.000537,0.010058,0.001408
0.000603,0.010056,0.001416
-0.000318,0.007934,0.000357
0.000725,0.007957,-0.001765
-0.000227,0.002685,-0.008185
0.000718,-0.001582,-0.008194
-0.002270,-0.004785,-0.008236
-0.003314,-0.001581,-0.008209
-0.004327,0.001598,-0.006066
-0.004326,0.004767,-0.002855
-0.003325,0.003679,-0.000742
-0.001371,0.002579,0.002425
-0.000367,0.001492,0.004544
-0.001307,0.001467,0.006660
-0.000290,0.002513,0.008806
-0.002196,0.001435,0.009858
-0.000207,0.001445,0.008790
-0.000177,0.000394,0.007717
-0.000150,0.000404,0.006642
-0.000114,-0.000634,0.003444
0.001855,0.000411,0.005568
0.000903,-0.000643,0.004497
-0.001015,-0.000611,0.001314
-0.000064,-0.002703,-0.002941
-0.001086,-0.014461,-0.000901
0.000724,-0.028294,-0.005258
0.000475,-0.030289,-0.019063
-0.005687,-0.030352,-0.012704
-0.008872,-0.024025,-0.005235
-0.005134,-0.016599,-0.000940
-0.004244,-0.008115,0.004440
0.001610,-0.000668,0.006614
0.003617,0.002490,0.010879
0.002702,0.003567,0.009806
0.001794,0.001424,0.010876
