-0.001991,0.004137,-0.005584
0.002485,0.002657,0.002618
-0.000606,0.000852,0.002802
-0.000031,-0.003390,0.003941
-0.001261,-0.001073,0.003701
-0.000733,0.005434,-0.003013
-0.001052,0.007506,-0.002421
-0.000132,0.003358,-0.004933
-0.001584,0.001035,-0.005432
-0.002738,-0.003610,-0.001864
-0.001655,-0.008286,0.003868
-0.003259,-0.003450,0.005256
-0.000909,0.002136,0.004809
-0.005067,0.006171,0.011249
-0.002688,0.010390,0.008318
0.004775,0.008947,0.000869
0.002636,-0.000931,-0.000689
0.002188,-0.000651,-0.009955
0.000108,-0.003569,-0.011602
0.004039,-0.008206,-0.003149
-0.000431,-0.002048,-0.003380
0.000044,0.005895,-0.004574
-0.001046,0.003408,-0.000767
-0.001545,0.000679,0.006289
-0.001689,0.003145,0.006806
-0.000492,0.009574,-0.058599
0.001917,0.017572,-0.445000
0.011100,0.005553,-0.511640
0.003536,-0.009314,-0.106527
-0.005807,-0.004517,0.009690
0.000250,0.007020,-0.001947
0.001601,0.012160,0.000158
-0.000619,0.014332,-0.000982
0.000245,0.013424,0.007248
-0.000200,0.014440,0.000195
-0.002299,0.007351,0.004145
-0.003019,0.002250,0.001278
-0.003587,0.000259,-0.001444
-0.002039,0.002911,-0.002119
-0.002137,-0.002868,-0.002925
-0.001273,-0.010543,-0.007386
-0.004265,-0.011138,-0.005492
-0.004432,-0.003204,-0.005203
-0.005352,0.009085,0.003796
-0.007644,0.018025,0.006145
-0.003422,0.025187,0.001220
-0.001440,0.025634,-0.003332
-0.000140,0.016473,-0.004253
0.000754,0.007768,-0.005568
0.001476,0.003153,-0.007381
0.000210,0.001273,-0.005094
0.000017,-0.007902,-0.004060
0.000078,-0.001562,-0.008427
-0.002737,-0.001676,0.002225
-0.001648,0.005595,0.005727
-0.004937,0.007311,0.010309
-0.003631,0.008387,0.003088
-0.003599,0.005129,0.002479
-0.000581,-0.004022,0.004227
-0.003047,-0.011243,0.005249
-0.000440,-0.013929,-0.001310
0.000228,-0.008960,-0.008903
-0.000146,-0.000211,-0.005314
0.000277,0.013477,-0.004570
0.000391,0.022408,-0.009790
0.000458,0.028023,-0.013793
-0.002494,0.025876,-0.010450
-0.002602,0.016398,-0.005865
-0.002976,0.003945,-0.002532
-0.003296,0.003452,-0.004403
-0.001965,0.004006,-0.003050
-0.002076,0.002200,-0.000109
-0.001849,-0.001808,0.000583
-0.000296,-0.004932,0.002214
-0.003376,-0.006558,0.000669
-0.003848,-0.009288,0.007414
-0.000838,-0.006911,-0.001163
0.000319,-0.001910,-0.004862
-0.001538,0.005896,-0.004401
-0.002015,0.010188,-0.000881
-0.001361,0.012571,-0.004495
-0.002684,0.006507,-0.001841
0.000285,0.001148,0.000326
0.000288,-0.004725,0.000349
-0.000209,-0.011115,0.000325
-0.001432,-0.009117,0.002852
-0.003318,-0.005977,0.001836
-0.002228,0.000237,-0.008627
-0.000775,0.006244,-0.008801
-0.002715,0.006739,-0.005121
0.000145,0.002769,-0.001764
0.000816,-0.006796,-0.002065
-0.001989,-0.018192,0.005329
-0.002584,-0.018170,0.004879
-0.003603,-0.010911,0.003922
-0.002386,-0.006895,0.007722
0.001759,0.001494,0.002189
0.000834,0.006258,-0.000936
-0.000175,0.003781,-0.010940
-0.003265,0.007311,-0.008112
0.000833,0.003390,-0.005487
0.002371,0.006972,-0.001663
-0.000622,0.010095,0.001845
-0.002975,0.011301,0.003802
-0.001334,0.012755,0.000770
0.000875,0.002132,-0.000289
-0.003133,-0.003528,0.000036
-0.001780,-0.015052,-0.000846
-0.001035,-0.016108,-0.007300
-0.001024,-0.017027,-0.011556
-0.001503,-0.008009,0.000211
-0.002927,0.008967,0.003749
-0.002836,0.024708,0.002434
-0.005479,0.034775,0.004978
0.000582,0.020392,0.006909
-0.001748,0.001420,0.006840
-0.000322,-0.015447,0.006720
-0.004394,-0.019779,0.005704
-0.002107,-0.013950,0.006928
-0.001869,-0.013440,0.008781
-0.003359,-0.005418,0.010748
-0.002377,-0.008464,0.013637
-0.000674,-0.023331,0.019082
-0.002557,-0.037248,0.023086
-0.003491,-0.043696,0.023337
-0.001524,-0.047564,0.025379
-0.001887,-0.038941,0.018638
0.001460,-0.029357,0.017960
0.001223,-0.015067,0.016982
0.001969,-0.001225,0.014053
-0.001520,-0.002733,0.019114
-0.003920,-0.000089,0.021030
-0.003355,0.002302,0.021676
-0.001548,0.003166,0.020993
-0.000893,0.008301,0.018539
-0.001476,0.003395,0.024266
0.000148,-0.003118,0.020810
-0.001040,-0.012096,0.018720
0.001339,-0.009848,0.015656
-0.000772,-0.015609,0.016803
0.001428,-0.008640,0.016143
0.003346,0.004319,0.008509
0.002575,0.018637,0.001668
0.002622,0.027433,0.000865
0.000481,0.023866,0.002701
-0.002331,0.017325,0.000567
-0.002155,0.007928,-0.001853
0.001377,0.006069,-0.006534
0.002282,0.015259,-0.011932
-0.000500,0.029245,-0.015609
0.000396,0.045563,-0.018502
0.001292,0.057908,-0.029423
0.001432,0.065537,-0.035392
0.002994,0.063975,-0.032670
0.000656,0.055786,-0.037469
0.002501,0.058427,-0.038376
0.001799,0.067244,-0.041078
-0.000705,0.070366,-0.038061
-0.002756,0.065361,-0.027458
-0.004227,0.053903,-0.014029
-0.006579,0.041139,-0.001374
-0.008716,0.016034,0.006522
-0.007343,-0.004906,0.020585
-0.006146,-0.033567,0.031695
-0.005366,-0.050005,0.032945
-0.004131,-0.063302,0.029295
-0.004992,-0.077959,0.034844
-0.003846,-0.087651,0.029690
-0.001768,-0.099989,0.031309
-0.001587,-0.099560,0.026896
-0.000917,-0.087275,0.016547
-0.002278,-0.068166,0.009213
0.001765,-0.041630,-0.004560
0.001756,-0.016882,-0.010528
0.002545,-0.006307,-0.021485
0.001006,0.001646,-0.024405
0.001718,0.010228,-0.028827
0.002445,0.015548,-0.032770
0.001203,0.023596,-0.031018
0.000797,0.033382,-0.033729
-0.000094,0.045877,-0.033356
0.000514,0.050276,-0.028333
-0.000900,0.045709,-0.018909
0.001896,0.027631,-0.007228
-0.001264,-0.000041,-0.000318
-0.001238,-0.018754,0.007494
-0.002904,-0.021824,0.017467
-0.001375,-0.014820,0.026566
-0.000701,-0.001902,0.028786
-0.002339,0.010180,0.025918
-0.003054,0.024232,0.037585
-0.003766,0.016848,0.037436
-0.000871,-0.004220,0.038411
-0.003508,-0.020460,0.036670
-0.000947,-0.021978,0.031253
0.001207,-0.010109,0.026711
-0.001696,0.014712,0.019095
0.001995,0.026468,0.010911
0.003204,0.035167,-0.005104
0.004999,0.037750,-0.011038
0.001343,0.035154,-0.019019
-0.000527,0.039439,-0.016906
-0.001857,0.051856,-0.021851
-0.002854,0.058894,-0.020947
-0.000801,0.060971,-0.021109
-0.001581,0.052674,-0.022026
-0.002416,0.040377,-0.018463
-0.001797,0.023996,-0.013619
-0.002934,0.009538,-0.010031
-0.001892,0.000460,-0.004820
-0.000717,-0.002039,-0.000410
-0.001768,-0.007170,0.005245
-0.002628,-0.010175,0.009916
-0.000894,-0.015352,0.012792
-0.001417,-0.022190,0.016873
-0.000349,-0.026329,0.016892
0.000099,-0.027228,0.017538
-0.000817,-0.021358,0.014149
-0.000995,-0.011042,0.007764
-0.003704,-0.001538,0.007839
-0.003405,0.001139,0.004752
0.001502,-0.001615,0.001173
0.004377,-0.001939,-0.001313
0.000494,-0.001370,-0.001375
-0.001303,0.001903,-0.005199
0.000790,0.008762,-0.007690
-0.001088,0.015532,-0.013173
-0.004771,0.015374,-0.009460
-0.004619,0.014389,-0.012295
0.001270,0.014645,-0.011360
-0.001322,0.011651,-0.006697
-0.000729,0.007842,-0.001888
-0.002501,0.006048,0.000881
-0.000962,0.001999,0.004647
-0.001144,-0.003352,0.004318
-0.000398,-0.012771,0.006493
-0.001420,-0.015487,0.009644
-0.001835,-0.015621,0.010116
-0.001665,-0.011093,0.010126
0.000087,-0.008219,0.012237
-0.000120,-0.006385,0.008049
-0.000474,-0.002613,0.007214
-0.002148,0.002923,0.002710
0.001661,0.002595,0.004720
0.002263,-0.002911,0.000631
0.000950,-0.012008,0.000725
-0.001335,-0.009511,-0.001047
-0.001517,0.005272,-0.007850
-0.000688,0.014976,-0.005880
0.001002,0.015109,-0.007642
-0.000248,0.005240,-0.007184
-0.006022,-0.007439,-0.001431
-0.004790,-0.012628,-0.008312
-0.002772,-0.017439,-0.005666
-0.001989,-0.014768,-0.009006
-0.001609,-0.004438,-0.009377
-0.002196,0.012641,-0.013700
-0.000623,0.029038,-0.014731
0.001246,0.044227,-0.011374
0.002185,0.045380,-0.011868
0.003157,0.042870,-0.014097
0.001897,0.034464,-0.003701
0.000483,0.030546,-0.004716
-0.002151,0.035735,-0.000316
-0.002383,0.034300,0.008539
-0.000181,0.021309,0.011271
-0.003865,0.010656,0.016230
0.001171,-0.001542,0.018505
-0.000826,-0.014954,0.018487
-0.002981,-0.022951,0.017274
-0.003252,-0.032088,0.016058
-0.000102,-0.034989,0.016421
0.003741,-0.035239,0.008708
-0.000445,-0.030190,0.005400
-0.001479,-0.018161,-0.001918
0.000993,-0.007782,-0.006022
-0.001605,-0.009431,-0.010716
-0.005362,-0.014800,-0.011294
-0.002737,-0.011998,-0.016315
-0.002095,-0.010464,-0.016255
-0.001132,-0.005477,-0.014396
-0.000168,0.002355,-0.022692
-0.001293,0.007519,-0.017415
0.000876,0.013020,-0.014569
-0.001885,0.004232,-0.012261
-0.002523,-0.005419,-0.008157
-0.002100,-0.015612,-0.000357
-0.001282,-0.018295,-0.001617
-0.001468,-0.021122,0.004126
-0.000710,-0.019162,0.008375
0.003323,-0.016677,0.008136
0.002773,-0.004609,0.005948
-0.000146,0.012197,0.008512
0.000980,0.019829,0.011244
0.001271,0.022688,0.008578
0.000095,0.024402,0.005931
-0.002876,0.026486,0.004611
-0.000834,0.016441,0.005616
0.001582,0.010262,0.008563
0.000004,0.008158,0.012144
0.001104,0.007959,0.007255
-0.000409,0.015455,0.010563
-0.001108,0.020492,0.004667
-0.002099,0.021107,0.001955
-0.001872,0.021745,-0.007437
-0.004084,0.021628,-0.008349
-0.001750,0.015210,-0.007314
-0.001577,0.007578,-0.008292
0.000012,0.001500,-0.011386
0.000161,-0.006791,-0.008925
-0.000286,-0.004830,-0.011191
-0.001010,-0.005909,-0.010363
-0.003690,0.000453,-0.013403
-0.003532,0.007254,-0.013523
-0.001617,0.008648,-0.017009
-0.003163,0.003965,-0.014550
-0.003020,-0.002437,-0.012621
-0.000800,-0.012217,-0.008697
-0.001351,-0.012044,-0.003422
-0.000874,-0.018657,-0.000282
0.002566,-0.017547,-0.002761
-0.000461,-0.018260,-0.002221
-0.000136,-0.016216,0.004887
-0.000554,-0.019250,0.003059
-0.000410,-0.024360,0.003431
0.002291,-0.030086,0.003737
-0.002576,-0.024786,0.002320
-0.005563,-0.008599,0.003543
0.000871,0.005353,0.004675
0.000947,0.013038,0.001518
0.001280,0.008870,-0.001802
0.000441,0.000795,-0.001228
0.000981,-0.009807,-0.001365
0.000009,-0.014020,-0.005694
-0.004323,-0.017352,-0.003367
0.000040,-0.002264,-0.011139
-0.002072,0.008969,-0.012097
-0.002621,0.009688,-0.008548
-0.001117,0.006160,-0.008682
-0.001956,-0.005958,-0.006071
-0.002681,-0.015876,-0.003181
-0.002645,-0.013679,-0.004786
-0.002333,-0.002504,-0.007306
-0.002421,0.005316,-0.006125
0.000775,0.012638,-0.013548
-0.002106,0.014526,-0.013870
0.001089,0.001260,-0.010889
0.001995,-0.005328,-0.002458
0.001901,-0.009156,-0.005721
0.001539,-0.010821,-0.003664
0.000413,-0.004522,-0.004523
-0.000843,-0.008657,-0.006666
0.000177,-0.011312,-0.004196
-0.003776,-0.017907,-0.008555
-0.003496,-0.018760,-0.009271
0.001161,-0.014093,-0.011193
0.000085,-0.009900,-0.008258
-0.000742,-0.002784,-0.001822
-0.004373,-0.000081,-0.006229
-0.008074,-0.001777,-0.008844
-0.002823,-0.001869,-0.010654
-0.000546,0.001136,-0.012715
-0.001135,0.013833,-0.014604
-0.003044,0.021890,-0.013964
0.000093,0.030810,-0.018388
0.002796,0.035083,-0.012998
0.005804,0.033639,-0.016846
0.000672,0.027498,-0.003163
0.001501,0.036746,0.000128
-0.000895,0.046672,0.002602
0.001718,0.049293,0.000829
-0.001684,0.041449,0.000829
-0.001845,0.029140,0.003271
-0.002972,0.006400,0.004094
-0.003971,-0.017790,0.007458
-0.004544,-0.027260,0.005352
-0.004464,-0.035359,0.003934
-0.002294,-0.039894,-0.001793
-0.001183,-0.035925,-0.000884
-0.003590,-0.031158,-0.005276
-0.000861,-0.021221,-0.001649
-0.002394,-0.026579,-0.003768
-0.001163,-0.026538,-0.008939
-0.003873,-0.019351,-0.010745
-0.002156,-0.013443,-0.010534
-0.002361,-0.009268,-0.014152
-0.002398,-0.009945,-0.015452
0.001609,-0.000218,-0.010453
-0.002249,-0.001678,-0.007660
0.000330,-0.000658,-0.007678
-0.001821,-0.010434,-0.007859
0.001822,-0.015927,-0.002820
-0.001374,-0.016078,-0.004818
-0.002552,-0.016102,0.002947
0.000128,-0.019812,0.005990
0.000147,-0.018025,0.003644
-0.000110,-0.013250,0.008755
0.000507,-0.022924,0.005675
0.000992,-0.028445,0.006154
0.001691,-0.026631,0.009704
-0.003710,-0.022258,0.008345
-0.001564,-0.004360,0.006715
0.001289,0.006234,0.003513
-0.000423,0.010095,0.006984
-0.000010,0.004309,-0.000826
-0.000359,0.001615,0.004242
-0.000386,-0.003955,0.007619
-0.002140,0.005740,-0.003628
-0.000871,0.013837,-0.008515
0.002207,0.025116,-0.014117
-0.002387,0.027398,-0.017388
-0.001939,0.032042,-0.020027
0.001742,0.030485,-0.023533
0.000347,0.022431,-0.026504
0.001278,0.014615,-0.022469
-0.000340,0.009265,-0.022184
-0.002652,0.018392,-0.016086
-0.005173,0.024264,-0.011586
-0.002467,0.023751,-0.012997
-0.002034,0.015041,-0.002026
-0.003635,0.001619,0.003010
-0.003466,-0.003219,-0.003036
-0.001287,-0.005352,-0.004740
-0.001130,-0.004187,-0.004426
0.000325,-0.003062,-0.005465
-0.000853,-0.005488,-0.002967
0.000532,-0.010180,-0.005772
-0.001759,-0.014209,0.000672
-0.000576,-0.013335,0.003881
-0.005153,-0.006075,0.006433
-0.004503,0.001276,0.002744
-0.001714,0.002969,-0.000907
0.001872,-0.005645,0.004480
-0.001313,-0.007095,0.008166
-0.003807,-0.011354,0.006444
-0.000465,-0.015831,0.001507
-0.001270,-0.012112,0.000450
0.000144,-0.005694,-0.001734
0.000675,-0.004511,-0.005308
-0.003405,-0.003002,-0.003968
-0.003307,0.000599,-0.003400
-0.000093,-0.001052,-0.002167
0.003308,-0.011366,-0.005886
-0.000926,-0.010977,-0.000665
-0.001448,-0.008228,0.003085
-0.000234,-0.008142,0.002332
0.000715,-0.007620,0.005221
-0.000404,-0.013733,0.003754
-0.001829,-0.019069,0.010215
-0.001313,-0.019004,0.005779
-0.002399,-0.011106,0.009671
-0.003357,0.001181,0.011287
-0.003185,0.007240,0.011469
0.003551,0.009760,0.010972
0.002049,0.009224,0.010555
-0.000425,-0.002214,0.010651
0.001155,-0.004139,0.003076
0.000837,-0.011606,0.003051
0.000980,-0.003434,0.002662
-0.005616,0.000143,0.004514
-0.000840,0.018390,-0.007275
-0.001012,0.023137,-0.004615
-0.000667,0.015771,-0.001954
-0.001152,0.003712,-0.005817
-0.007734,-0.003421,0.004871
-0.006557,0.004994,0.007800
-0.001540,0.012781,0.005003
-0.001217,0.026126,-0.002583
-0.004096,0.033245,-0.009405
0.000444,0.027074,-0.008540
0.002194,0.004369,-0.003139
0.003817,-0.012878,0.001606
0.002821,-0.016645,0.004138
-0.000473,-0.011087,0.006719
-0.001170,-0.007335,0.003773
-0.000973,0.011869,0.005748
-0.002543,0.018935,0.007861
-0.000490,0.019738,0.007748
-0.004981,0.011416,0.004035
-0.005046,-0.005262,0.007237
-0.004051,-0.017552,0.008926
-0.002742,-0.029553,0.008969
0.001464,-0.026280,0.005573
0.002303,-0.018791,0.012091
-0.000781,-0.004200,0.007105
-0.002723,0.010996,0.004833
-0.000030,0.022558,0.001806
0.002513,0.029024,-0.001127
-0.001577,0.023872,-0.001737
-0.001868,0.006452,-0.000914
0.002593,-0.000381,-0.001678
0.000687,-0.013478,-0.002090
0.000124,-0.017998,-0.000788
-0.000183,-0.008944,0.000054
-0.003864,-0.002400,0.005609
-0.000686,0.004250,0.005342
-0.001304,0.004934,0.007671
-0.003736,-0.006419,0.013821
-0.001974,-0.008025,0.005389
-0.002883,-0.008419,0.002731
-0.002200,-0.006395,0.006259
0.000480,-0.000521,0.005055
0.000739,-0.001693,0.007706
-0.002711,-0.001126,0.012924
-0.001962,0.004753,0.006037
-0.001638,-0.004559,0.009928
0.000860,-0.004133,0.007623
-0.002564,-0.005596,0.004894
0.000301,-0.005419,-0.002011
0.001938,-0.002950,-0.004435
-0.001903,0.003099,-0.001529
0.000388,0.012254,0.000523
0.000493,0.011548,0.004650
-0.001404,0.004302,0.007627
-0.003876,0.004963,0.010928
0.003685,0.006781,0.014405
-0.001952,-0.018682,0.011558
-0.004902,-0.013795,0.012238
0.000598,-0.014045,0.005542
-0.000495,-0.006136,0.003212
-0.002153,-0.000868,0.005962
0.000158,0.006308,0.004730
0.000402,0.002216,0.001571
-0.001340,0.003729,0.006321
0.003268,-0.008643,0.007116
-0.007187,-0.013281,0.006471
0.001488,-0.010271,0.008270
0.003291,-0.006968,0.003977
-0.001804,0.001935,0.006135
-0.001230,0.012040,0.004710
0.000617,0.007244,0.009392
-0.004159,0.003590,0.008787
-0.004010,-0.005281,0.010745
0.005239,-0.022021,0.016167
-0.006471,-0.032684,0.022070
-0.005936,-0.025194,0.019283
0.001932,-0.021149,0.014602
0.001955,-0.013920,0.005542
-0.005811,-0.007058,0.008984
0.005135,0.004962,-0.002440
-0.004788,0.015182,-0.001917
-0.000444,0.012764,0.000939
-0.000190,0.015533,-0.004621
-0.002493,0.011468,0.003724
-0.001084,-0.003665,0.009742
-0.001595,0.005692,0.001359
-0.003719,0.002503,0.001116
0.001499,-0.000510,-0.002687
-0.001417,0.009242,-0.002648
-0.002849,0.016559,0.001378
0.001564,0.014377,-0.005814
-0.002887,-0.004944,0.005431
-0.000416,-0.011985,0.000730
-0.001349,-0.010027,0.006343
-0.002719,-0.008842,0.002785
-0.001866,0.002426,0.008853
-0.002851,0.018794,0.004703
-0.008791,0.026841,0.011654
0.000936,0.030917,0.012043
-0.002323,0.010463,0.010948
-0.013059,-0.005207,0.028876
-0.001013,0.024671,0.015087
0.021240,0.016968,-0.000039
-0.001218,-0.007414,0.009202
-0.010697,0.005048,0.012236
0.001069,0.027537,0.009719
0.002246,0.025732,0.007975
-0.001768,0.016944,0.005471
-0.002422,0.014338,0.001882
0.001686,0.006499,0.004002
0.002859,-0.001981,0.007738
-0.000739,-0.007377,0.001689
-0.001064,0.001648,0.001708
-0.004350,0.005962,-0.000871
-0.003784,0.009558,-0.002896
0.001983,0.010158,-0.003694
-0.002076,0.007652,-0.002918
-0.004486,0.015069,0.002326
-0.001820,0.019655,0.001771
0.003449,0.013828,-0.001841
0.001675,0.012478,-0.001564
0.000169,0.003751,-0.004591
-0.001851,-0.000148,0.007670
-0.007309,-0.010215,0.016592
-0.005122,0.009542,0.010423
-0.001357,0.022045,0.007172
0.001181,0.012840,0.009930
0.002294,0.008684,0.013730
-0.002257,-0.003713,0.014509
0.000791,-0.019730,0.009581
0.000341,-0.023773,0.009561
0.000903,-0.018898,0.004852
0.000752,0.003007,-0.001776
-0.001258,0.021239,-0.003762
0.001023,0.043026,-0.005587
-0.000617,0.056560,-0.003723
-0.004705,0.051781,-0.003493
-0.006873,0.030551,-0.001167
-0.006876,0.023012,-0.000020
-0.001707,0.024978,-0.000310
0.002939,0.025591,0.004857
0.005305,0.010995,0.003400
0.001794,-0.002274,0.004390
-0.001678,-0.001924,-0.000662
-0.000217,-0.001673,0.000892
0.001558,-0.003110,-0.004123
0.000911,0.006518,-0.004051
-0.003132,0.014419,-0.002391
-0.000959,-0.000343,0.001496
-0.005364,-0.007491,0.002959
-0.003833,-0.002410,0.010228
-0.003722,-0.002138,0.009938
-0.000912,0.010146,0.002706
-0.001053,0.019794,0.002771
-0.000290,0.021258,-0.004294
-0.001149,0.017391,-0.009189
0.000641,0.007614,-0.005616
0.001428,0.009688,-0.003222
-0.001066,0.009781,-0.001981
-0.003517,0.004931,0.000168
-0.002017,0.007818,-0.001829
-0.002191,0.010253,-0.004343
-0.002589,0.005340,-0.003193
-0.000720,-0.001724,0.000024
-0.001345,-0.003449,0.001724
-0.001967,-0.016916,0.001750
-0.000859,-0.029472,0.000608
-0.000877,-0.031208,0.006566
-0.001158,-0.022970,0.000284
-0.000259,-0.017544,-0.000912
-0.001244,-0.012091,-0.001485
-0.002317,-0.001100,0.005678
-0.000099,0.010203,0.004834
-0.001569,0.017032,0.008035
-0.001307,0.021062,-0.001596
-0.001147,0.014663,0.001046
-0.000939,0.004987,0.000672
-0.001263,-0.005466,0.003050
-0.000258,-0.015674,0.003801
-0.000679,-0.016664,0.010444
-0.005783,-0.013652,0.011421
-0.003723,-0.019309,0.013174
-0.000738,-0.012173,0.009620
-0.002114,-0.017232,0.008154
-0.001439,-0.016689,0.013783
-0.000891,-0.012278,0.008363
0.000815,-0.018954,0.004505
0.004158,-0.023145,0.006836
0.000264,-0.019293,0.007665
-0.004652,0.000066,0.001598
-0.001069,0.013762,-0.001537
-0.000780,0.017209,-0.004195
0.000394,0.026582,-0.006321
-0.000523,0.032807,-0.006849
-0.000978,0.026748,0.005548
0.002374,0.025390,0.002442
0.001543,0.029362,0.005037
-0.003361,0.026879,0.006298
-0.000723,0.027973,0.002092
-0.000766,0.028854,0.001053
-0.001098,0.007432,0.002706
-0.004430,-0.002988,-0.000065
-0.001321,-0.010433,-0.004826
-0.002249,-0.004179,0.001360
-0.003082,-0.000850,-0.002775
-0.001128,-0.000298,-0.006345
0.000874,0.015272,-0.012886
0.001614,0.025821,-0.012364
-0.002594,0.017223,-0.013126
0.000421,0.010230,-0.010098
0.000826,-0.006329,-0.006386
-0.000577,-0.016091,-0.008227
-0.002261,-0.020808,-0.010825
-0.003650,-0.013100,-0.010370
0.000286,-0.005391,-0.011252
-0.001151,-0.009180,-0.005872
0.000167,-0.004135,-0.011193
-0.000470,-0.003763,-0.013141
-0.002467,-0.005430,-0.020371
-0.001163,-0.004762,-0.022762
-0.001079,-0.000137,-0.021589
-0.003499,-0.000601,-0.027307
-0.004386,0.007123,-0.031215
-0.004624,0.017477,-0.029468
-0.000320,0.028441,-0.038681
-0.001088,0.033572,-0.036313
-0.000477,0.019913,-0.032609
-0.001529,-0.000997,-0.032073
-0.002396,-0.021857,-0.023908
-0.002962,-0.023623,-0.012232
-0.005504,-0.023071,-0.008705
-0.000220,-0.019964,-0.006337
-0.003053,-0.012983,-0.006370
-0.001780,-0.020421,-0.002924
-0.000021,-0.013136,-0.007486
-0.000191,-0.013847,-0.009841
-0.001630,-0.020670,-0.009843
0.000238,-0.019602,-0.011479
0.000576,-0.016106,-0.007984
-0.001529,-0.003078,-0.008566
0.000211,0.006579,-0.011532
0.001193,0.017333,-0.019631
-0.000988,0.021767,-0.023196
-0.002786,0.023038,-0.020402
-0.000369,0.021153,-0.023996
0.001494,0.015836,-0.026413
0.001219,0.003503,-0.023623
0.001311,-0.008011,-0.017742
0.001842,-0.018955,-0.021614
-0.002531,-0.034363,-0.023206
-0.005931,-0.034074,-0.014041
-0.004527,-0.026690,-0.019543
-0.001193,-0.028930,-0.015659
-0.001092,-0.030846,-0.015399
0.000629,-0.020059,-0.009083
-0.007132,-0.014140,-0.005831
-0.001777,-0.000974,-0.002501
-0.004158,0.008421,-0.008073
-0.003324,0.011862,-0.003038
-0.004090,0.015674,-0.005407
-0.001230,0.020390,-0.005391
-0.002498,0.020640,0.001787
-0.000795,0.008541,0.005248
-0.000315,0.002637,0.016435
-0.002875,-0.009335,0.025419
-0.001406,-0.010778,0.020175
0.000476,-0.007298,0.015739
0.000403,-0.008173,0.012984
0.001218,-0.010376,0.005625
-0.000455,-0.003642,0.008777
-0.002008,0.000014,0.012870
-0.000561,0.003793,0.009479
-0.002637,-0.003506,0.015429
-0.004459,-0.013208,0.018057
-0.002257,-0.014266,0.028040
-0.005227,-0.022579,0.027957
-0.004197,-0.026481,0.024801
-0.006890,-0.026509,0.021473
-0.005045,-0.022658,0.021257
-0.001846,-0.005852,0.016241
-0.001390,-0.001036,0.009273
-0.001805,-0.006044,0.011067
0.000232,-0.005129,0.002892
0.000045,-0.004456,-0.001273
0.003544,-0.004841,0.000423
0.003030,-0.002128,0.005742
-0.000049,-0.000115,0.001499
-0.000048,0.003754,-0.003796
0.000795,0.010177,-0.009212
0.001241,0.019949,-0.008324
0.002275,0.024182,-0.011986
0.000129,0.027918,-0.009946
-0.000253,0.025347,-0.009796
-0.002010,0.017865,-0.003539
-0.003462,0.005204,0.001737
-0.002404,-0.007022,0.009267
-0.003927,-0.017865,0.017455
-0.004874,-0.035252,0.021746
-0.003720,-0.040856,0.019410
-0.000373,-0.047036,0.024068
-0.004475,-0.056221,0.023606
-0.002950,-0.059531,0.018790
-0.000708,-0.057009,0.019379
-0.000773,-0.055540,0.013916
0.002033,-0.053921,0.006068
0.000575,-0.040996,-0.007249
-0.002821,-0.026141,-0.012984
0.001305,-0.010689,-0.011372
0.003539,0.007750,-0.011031
-0.000841,0.012826,-0.013661
-0.001980,0.022152,-0.015736
-0.000521,0.027323,-0.019638
0.001328,0.018201,-0.014012
-0.000117,0.006721,-0.011591
0.000677,-0.005730,-0.012159
0.000449,-0.010719,-0.010188
-0.001326,-0.019891,-0.009198
-0.002721,-0.028096,-0.004908
-0.001642,-0.025899,-0.004928
-0.004274,-0.024590,0.001330
-0.002128,-0.018740,0.001315
-0.002053,-0.012062,0.003023
-0.003709,-0.010980,-0.002928
-0.002295,-0.000086,0.008429
-0.004410,0.018101,0.016738
-0.007012,0.023240,0.016322
-0.001534,0.034197,0.007955
0.000372,0.038190,0.003446
0.002772,0.033145,0.002792
0.001961,0.020634,-0.003420
0.000078,0.006997,-0.004407
0.002438,-0.001382,-0.008720
0.000913,-0.000497,-0.009789
0.002638,0.005026,-0.014797
0.000796,0.009587,-0.012062
-0.000373,0.012626,-0.007065
-0.001772,0.014224,-0.001218
-0.007507,0.014092,0.006503
-0.009638,-0.001054,0.008892
-0.003998,-0.015802,0.007814
-0.003528,-0.021061,0.009413
-0.003162,-0.034021,0.006869
-0.003187,-0.035244,0.002984
-0.001856,-0.036291,-0.004255
0.000272,-0.027347,-0.007106
-0.000088,-0.010860,0.002589
-0.001941,0.002266,0.003204
0.001440,0.008889,-0.004152
-0.000152,0.015713,-0.006204
0.002014,0.007337,-0.005910
0.002443,-0.005534,-0.002325
0.001240,-0.018602,-0.002556
-0.000985,-0.031637,-0.001954
-0.001568,-0.027458,-0.006335
-0.001290,-0.018184,-0.003174
-0.002254,-0.015008,-0.000517
-0.001906,0.006258,0.016173
-0.005723,0.022183,0.023038
-0.003917,0.021811,0.023999
-0.000442,0.018059,0.022623
-0.001307,0.004603,0.024101
-0.003695,-0.019090,0.025055
-0.001950,-0.032740,0.022069
-0.001972,-0.030654,0.022001
0.000357,-0.022620,0.013134
0.000862,-0.004408,0.003934
-0.000841,0.018369,0.004023
-0.001596,0.032866,0.009966
-0.000903,0.035703,0.014778
-0.000841,0.025751,0.012970
-0.000934,0.012038,0.008980
-0.002438,-0.000052,0.011699
-0.001642,-0.004194,0.008959
-0.000601,0.005866,0.007938
-0.001193,0.013554,0.008392
-0.003257,0.019845,0.007369
0.000253,0.020114,0.002174
0.000681,0.017731,0.004774
0.000385,0.003977,0.002194
-0.000193,-0.005940,-0.001687
-0.001089,-0.011393,-0.007208
-0.002162,-0.002168,-0.006624
0.000099,0.003264,-0.007493
-0.000406,0.020978,-0.004632
-0.003282,0.024838,-0.006776
0.000016,0.018446,-0.008095
0.001575,0.009322,-0.004560
-0.002466,-0.001424,0.002933
-0.002973,-0.020470,0.009779
-0.004351,-0.030153,0.010147
-0.005081,-0.037236,0.009742
-0.004461,-0.029987,0.010893
-0.004760,-0.011112,0.007455
-0.000251,0.005150,0.007842
0.000649,0.003451,-0.000949
0.001387,-0.001833,-0.003165
0.001230,-0.008196,-0.002562
0.001661,-0.014404,0.004547
-0.000578,-0.020670,0.003241
-0.001798,-0.020922,-0.001697
-0.000066,-0.013430,-0.002731
0.000342,0.002737,0.000358
-0.001719,0.013696,-0.001149
-0.002097,0.020719,0.001039
-0.001461,0.023938,-0.002546
0.001586,0.023482,-0.006664
-0.001091,0.016993,-0.001935
-0.001724,0.010452,0.000084
-0.001472,-0.000703,0.003607
-0.001768,-0.005012,0.001643
-0.002517,-0.001665,0.000622
-0.003801,0.003155,0.001823
-0.000949,0.010934,0.003699
-0.002539,0.005470,0.005033
0.000002,-0.000707,0.003214
0.001016,-0.004185,0.002123
-0.001169,0.001528,0.003034
-0.003103,0.004563,0.004130
-0.003643,0.003515,0.005464
-0.004605,0.012103,0.005755
-0.003000,0.022071,0.005062
0.001192,0.025176,0.004288
0.000106,0.016106,0.006771
0.000589,0.001534,0.002795
-0.000163,-0.006688,0.000747
-0.000785,-0.013457,0.002224
0.000441,-0.015421,0.004694
-0.001927,-0.011587,0.003112
-0.001853,-0.003011,0.001003
-0.001831,0.003153,0.004336
0.000526,0.009647,0.004709
-0.001551,0.009950,0.009934
-0.005848,0.006972,0.010993
-0.002319,0.005201,0.010757
-0.001378,-0.006583,0.011384
-0.000349,-0.012582,0.008527
-0.001926,-0.007934,0.005386
-0.003356,-0.009783,0.003161
0.000095,-0.005756,0.000352
0.000726,-0.000258,-0.004197
0.003393,-0.000710,-0.007963
0.001388,-0.000158,-0.004236
-0.002119,-0.004618,-0.001903
-0.003088,-0.008565,0.004207
-0.004626,0.000984,-0.000094
-0.002592,0.012564,0.000255
-0.003123,0.018923,-0.001375
-0.000847,0.020684,-0.002693
-0.002901,0.017609,-0.004270
-0.001171,0.007235,-0.006344
-0.002883,-0.009483,-0.000957
-0.001741,-0.014610,-0.001517
-0.000562,-0.002371,-0.000594
-0.002666,0.010390,-0.000614
-0.000984,0.020061,0.000272
-0.000724,0.025296,-0.001531
0.000767,0.023332,-0.005621
-0.001755,0.011093,-0.002085
-0.000036,-0.001726,-0.003201
-0.003066,-0.007881,0.000546
-0.002522,0.002303,0.002809
-0.001017,0.003355,0.003017
0.000853,0.004746,0.002225
-0.001121,0.010400,-0.000151
-0.001579,0.010089,-0.000322
-0.001182,0.003123,-0.002567
-0.002199,-0.005921,-0.001086
-0.004442,-0.012638,0.004828
-0.002875,-0.005443,0.009553
-0.006445,-0.004152,0.010262
-0.002152,-0.006545,0.010470
0.002966,-0.010445,0.015747
0.001131,-0.007925,0.016071
-0.001337,-0.013871,0.011627
0.000694,-0.014381,0.013185
-0.002655,0.000386,0.003046
-0.004489,0.005648,-0.000087
0.000205,0.016642,-0.001631
0.002685,0.022473,-0.003669
0.000920,0.015667,-0.002224
-0.000739,0.007307,-0.000268
-0.000741,-0.005131,0.000929
-0.001350,-0.017166,0.002716
-0.001717,-0.020812,0.005892
-0.003139,-0.008096,0.006569
-0.004873,0.003384,0.001805
-0.003699,0.011726,-0.002187
0.001434,0.015135,0.002698
0.001492,0.007648,0.007529
-0.000509,-0.001435,0.010092
-0.001417,-0.012058,0.016588
-0.001878,-0.011330,0.014685
-0.003323,-0.013220,0.008238
-0.003097,-0.008174,0.007700
-0.001394,-0.000583,0.003359
-0.000533,0.007775,-0.002258
0.002439,0.012298,-0.002520
0.001107,0.011892,0.000037
0.002047,0.007008,0.006680
0.000349,0.000684,0.004057
-0.001847,-0.002319,0.004318
-0.000911,-0.003768,0.004393
-0.001355,-0.003389,0.000706
-0.003020,0.002915,-0.001504
-0.001441,0.003293,-0.000224
0.000704,0.007048,-0.001984
-0.000477,0.008382,-0.004399
-0.003474,0.011684,0.008050
-0.002503,0.005027,0.007935
-0.002273,-0.002841,0.007953
-0.001014,-0.011114,0.006634
-0.001413,-0.016302,0.006099
-0.001061,-0.015104,0.002134
-0.002917,-0.013346,0.001204
-0.002854,-0.001883,-0.000332
-0.001612,0.007533,-0.000700
-0.000948,0.009427,0.001701
-0.003350,0.011440,0.000521
-0.000095,0.005587,-0.000769
0.000466,-0.005563,-0.000020
0.000791,-0.020278,0.000371
-0.002354,-0.017295,0.001397
-0.004655,-0.007921,0.003376
-0.000820,-0.000324,0.004024
-0.000653,0.010126,0.002499
-0.004282,0.005799,0.005683
-0.003489,0.001821,0.007848
-0.002538,-0.010462,0.007916
-0.002092,-0.010334,0.010257
-0.002272,-0.008182,0.007329
-0.002704,-0.001924,0.010169
-0.003416,0.000763,0.008645
0.000276,0.002980,0.000456
-0.002556,0.002088,0.006762
0.000056,-0.001164,0.006424
0.001145,-0.005366,-0.000602
0.003862,-0.004723,-0.004824
-0.002630,-0.012264,-0.002609
-0.002717,-0.009465,-0.005848
-0.001932,0.004173,-0.014053
-0.003981,0.010467,-0.017467
-0.001589,0.026711,-0.020952
-0.000514,0.041269,-0.025214
-0.000469,0.038397,-0.022147
0.002369,0.040242,-0.023045
0.000194,0.028431,-0.021339
0.001657,0.013716,-0.016814
-0.000141,-0.003814,-0.019767
-0.003140,-0.022564,-0.013191
-0.003972,-0.037246,-0.010728
-0.005959,-0.036421,-0.010699
-0.004942,-0.030994,-0.008350
-0.001177,-0.018029,-0.005653
-0.005041,-0.011870,-0.003377
-0.002338,-0.004035,0.000020
-0.001418,0.003001,-0.005741
-0.001561,-0.002348,-0.013635
-0.000456,-0.013216,-0.019437
-0.000203,-0.020450,-0.022232
0.002063,-0.023063,-0.030861
0.001988,-0.022938,-0.033584
0.003289,-0.009712,-0.041963
0.000740,0.000385,-0.050443
0.001648,0.005198,-0.049290
-0.000237,0.014050,-0.044450
-0.001499,0.013970,-0.039799
-0.002001,0.004963,-0.040010
-0.004116,-0.002405,-0.034426
-0.005649,-0.007520,-0.025938
-0.005513,-0.022125,-0.017331
-0.005308,-0.022807,-0.006275
-0.004815,-0.021547,0.002934
-0.005092,-0.016675,0.002025
-0.004410,-0.011990,-0.001643
-0.005010,-0.009183,-0.003544
-0.002449,0.000028,-0.000630
-0.000935,0.009113,0.001027
-0.000933,0.008781,-0.000711
0.002008,0.006198,-0.000904
0.001110,0.004824,-0.005194
0.001999,0.004690,-0.004964
0.001289,-0.005232,-0.006501
-0.001661,-0.011121,-0.012511
-0.002002,-0.005085,-0.018512
-0.000615,0.001264,-0.020352
0.000333,0.013886,-0.034032
-0.003505,0.024077,-0.032828
-0.004356,0.030619,-0.031387
-0.000603,0.028471,-0.031190
-0.000846,0.022588,-0.030693
-0.002401,0.010444,-0.027244
-0.003155,0.007530,-0.015368
-0.004263,0.008405,-0.013380
-0.002511,0.009682,-0.011720
-0.001370,0.015335,-0.017224
-0.000996,0.013142,-0.013603
-0.000409,0.008104,-0.011470
-0.002792,-0.009050,-0.017310
-0.002773,-0.012064,-0.017758
-0.002157,-0.010815,-0.020144
-0.004089,-0.009488,-0.019516
-0.000808,-0.008578,-0.014058
-0.005419,-0.000529,-0.016060
0.000098,0.006780,-0.017059
0.001492,0.009454,-0.020362
0.000164,0.008563,-0.021681
-0.001670,0.002079,-0.025782
-0.003629,0.005745,-0.020668
-0.000769,0.016105,-0.021466
0.000617,0.019611,-0.028163
-0.002512,0.027091,-0.026745
-0.002092,0.030325,-0.034722
0.001073,0.033310,-0.036429
0.002009,0.029314,-0.030123
-0.001753,0.027008,-0.023239
-0.003343,0.026892,-0.018093
-0.002768,0.026939,-0.017319
-0.000493,0.010122,-0.013826
-0.003083,0.009091,-0.006228
-0.004320,-0.000748,-0.008004
-0.003000,-0.007106,-0.009967
-0.005680,-0.007407,-0.011460
-0.001064,-0.013459,-0.015195
-0.002675,-0.014436,-0.009717
-0.001589,-0.018577,-0.009044
-0.001896,-0.023188,-0.011430
0.000793,-0.022054,-0.018979
-0.000606,-0.016030,-0.015169
0.000825,-0.001790,-0.024153
0.001982,0.014263,-0.037286
-0.001697,0.018614,-0.037491
0.002814,0.021738,-0.037875
0.000990,0.017454,-0.042274
0.000243,0.009916,-0.045393
0.001096,0.006750,-0.042978
0.001975,0.024357,-0.049952
0.001416,0.029847,-0.050748
0.005140,0.020944,-0.045451
0.002395,0.007876,-0.036437
-0.006399,0.029112,-0.041193
-0.000428,0.034682,-0.033181
-0.003084,0.006084,-0.018413
-0.013824,0.001645,-0.018245
-0.006333,-0.001272,-0.005734
0.005521,-0.034255,0.012461
-0.009991,-0.042456,0.014397
-0.028908,-0.020809,0.009576
-0.013388,-0.021420,0.017410
-0.003154,-0.009362,0.011858
-0.001579,-0.002152,0.016570
-0.004042,-0.023763,0.026508
-0.013078,-0.043716,0.024497
-0.002991,-0.054394,0.020010
0.001961,-0.063459,0.010847
0.005112,-0.060960,0.007678
0.001213,-0.041785,-0.008735
0.004585,-0.033823,-0.020722
0.007090,-0.033898,-0.023131
0.003768,-0.023510,-0.036277
0.002380,-0.022784,-0.035601
0.002259,-0.027259,-0.034105
-0.001090,-0.022709,-0.030334
-0.002136,-0.006360,-0.026792
-0.002809,0.001885,-0.022132
-0.003008,0.001080,-0.011508
0.000199,-0.008193,-0.016225
0.000148,-0.016351,-0.004350
-0.004258,-0.043005,0.012112
-0.008483,-0.061516,0.022178
-0.009590,-0.084075,0.039959
-0.006174,-0.115327,0.052146
-0.007754,-0.144808,0.064946
-0.007685,-0.161438,0.068038
-0.008936,-0.164188,0.076970
-0.007252,-0.157347,0.077453
-0.007744,-0.150258,0.082641
-0.000169,-0.143606,0.092509
-0.005697,-0.126089,0.089477
-0.007096,-0.100475,0.080679
-0.002575,-0.069199,0.076185
0.005673,-0.045934,0.061487
0.005109,-0.035094,0.040673
0.003927,-0.033772,0.030020
0.005145,-0.034731,0.020483
0.000189,-0.028234,0.011560
0.005225,-0.027080,0.003538
0.003028,-0.021127,-0.000296
0.004006,-0.010940,-0.004089
0.001697,-0.001922,-0.009900
0.001921,0.008115,-0.007317
0.000136,0.008716,-0.012290
-0.002729,0.001424,-0.003200
-0.005253,-0.006456,-0.000414
-0.002791,-0.014952,-0.006150
-0.003633,-0.018531,-0.004782
0.001117,-0.015900,-0.002265
0.001480,-0.017135,-0.002155
-0.003407,-0.019091,0.007434
-0.004728,-0.030409,0.016503
-0.004046,-0.039334,0.029668
-0.006158,-0.054632,0.031017
-0.001968,-0.062179,0.028315
-0.002251,-0.070041,0.027711
-0.001447,-0.073062,0.025279
0.000712,-0.063947,0.016027
0.001841,-0.050826,0.008871
-0.000056,-0.037418,0.009066
0.003934,-0.023315,0.002092
-0.000637,0.002439,-0.009209
-0.000923,0.016021,-0.002518
-0.001248,0.034658,-0.002041
-0.005520,0.036977,0.004440
-0.001207,0.028169,0.003590
-0.002823,0.022564,0.011600
-0.004693,0.018745,0.021154
-0.006467,0.020239,0.032874
-0.006357,0.031379,0.033729
-0.007077,0.029620,0.048978
-0.008108,0.026131,0.055664
-0.003645,0.015471,0.055656
-0.005078,0.012161,0.058203
-0.003666,0.000627,0.059892
-0.003023,-0.004910,0.079117
-0.008530,-0.019126,0.086612
0.000115,-0.027221,0.082111
-0.000081,-0.040844,0.079133
-0.000366,-0.039698,0.072707
-0.001222,-0.034805,0.065695
-0.000614,-0.015527,0.062004
0.000810,0.013305,0.056357
0.000417,0.030444,0.051372
0.001801,0.043919,0.044130
0.001553,0.056440,0.034849
0.000583,0.054656,0.024782
0.004464,0.048693,0.008885
0.006432,0.043773,-0.004221
0.005670,0.034378,-0.015154
0.010497,0.049695,-0.036987
0.006081,0.055755,-0.038424
0.004524,0.064578,-0.054297
0.001996,0.080024,-0.059570
0.002533,0.082148,-0.055388
0.001946,0.077496,-0.046047
-0.004467,0.071433,-0.043605
-0.005975,0.075160,-0.038905
-0.004867,0.083114,-0.037423
-0.004526,0.087062,-0.032307
-0.001913,0.078723,-0.017167
-0.006311,0.062627,-0.003157
-0.011035,0.040567,0.014139
-0.005787,0.029701,0.022589
-0.003916,0.014488,0.026320
-0.006343,-0.003507,0.034079
-0.004883,-0.005037,0.035917
-0.001086,0.003902,0.030480
0.002896,0.013534,0.028077
0.002931,0.022572,0.021051
0.001067,0.029919,0.015721
-0.000077,0.026858,0.005759
-0.001285,0.018021,0.003462
0.001523,0.010433,-0.003354
0.000177,-0.007891,-0.009607
0.000849,0.002843,-0.018703
-0.000440,0.026464,-0.020362
-0.000361,0.056702,-0.023485
-0.001025,0.083909,-0.020346
-0.001519,0.086627,-0.019669
0.001514,0.072592,-0.015725
-0.002016,0.052503,-0.020915
-0.001235,0.025360,-0.019633
-0.000980,0.001908,-0.021331
-0.003226,-0.036028,-0.012611
-0.008188,-0.052203,-0.006019
-0.008530,-0.037366,-0.009009
-0.005709,-0.019638,-0.004203
-0.001785,-0.009233,-0.003803
0.000615,-0.001866,0.002305
-0.004441,-0.006793,0.008133
-0.002507,-0.007287,0.005146
-0.000645,-0.014693,-0.000136
0.001072,-0.008076,-0.006176
-0.003341,-0.006554,-0.010813
-0.000956,-0.008034,-0.008474
0.000096,-0.003413,-0.009313
0.002528,0.002619,-0.002198
0.000740,0.000933,-0.001528
-0.005988,0.002277,-0.002751
-0.008168,-0.011618,0.008166
-0.003890,-0.020366,0.012841
-0.005975,-0.022410,0.011637
-0.005463,-0.032078,0.013012
-0.006893,-0.035277,0.015266
-0.002879,-0.036552,0.017681
-0.000742,-0.040512,0.010307
0.000064,-0.048865,0.008609
-0.001911,-0.052450,0.006709
-0.003084,-0.049147,-0.002001
0.001604,-0.042670,-0.000923
0.000258,-0.025842,0.000335
-0.007541,-0.003767,-0.006942
-0.001135,0.020994,-0.015017
-0.002357,0.019277,-0.017228
-0.001850,0.009759,-0.010136
0.000504,-0.003247,-0.012417
0.003448,-0.019146,-0.008825
0.004583,-0.034556,-0.006800
-0.001532,-0.043772,-0.013751
-0.001448,-0.045139,-0.014042
-0.000648,-0.036424,-0.009796
-0.000728,-0.028062,-0.009575
-0.000547,-0.019712,-0.007072
0.001052,-0.018707,-0.003223
0.001698,-0.020905,0.002024
0.000732,-0.029892,0.003657
-0.001641,-0.023224,0.005054
0.000915,-0.015737,0.003167
-0.004156,-0.003269,-0.000489
-0.003847,0.012693,0.002538
-0.000475,0.028653,-0.002013
0.002739,0.029945,-0.004781
-0.001344,0.019745,-0.008217
-0.001665,0.004949,-0.009174
-0.000750,0.003770,-0.012338
-0.001635,0.012973,-0.016783
0.003121,0.018131,-0.020478
0.001730,0.013029,-0.018229
-0.004511,0.010423,-0.021173
-0.002063,0.006805,-0.020714
0.001102,0.004543,-0.017462
-0.001561,-0.000421,-0.006589
-0.006014,-0.001275,-0.002861
-0.007817,0.003511,-0.000718
-0.006237,0.010974,-0.005877
0.000471,0.026570,-0.011625
0.003176,0.032687,-0.013194
0.001566,0.022312,-0.014438
-0.006000,0.018664,-0.009975
-0.005768,0.028065,-0.017601
-0.005322,0.062189,-0.031636
-0.002564,0.094639,-0.042956
-0.001409,0.097951,-0.042350
-0.001966,0.081894,-0.033134
-0.006519,0.071709,-0.030998
-0.004523,0.052529,-0.020686
-0.008588,0.026628,-0.012158
-0.009293,0.010475,-0.008092
-0.004405,-0.008313,-0.004990
-0.002684,-0.025583,-0.002766
0.002485,-0.042044,0.000097
0.002884,-0.052387,0.000082
0.002072,-0.055064,-0.000855
-0.000579,-0.028307,-0.012194
-0.001574,-0.002061,-0.020524
0.001255,0.017293,-0.021597
0.001444,0.024081,-0.031401
-0.000415,0.039631,-0.036976
0.005460,0.059641,-0.045970
0.006628,0.065191,-0.048516
0.004152,0.073168,-0.050845
0.002507,0.093693,-0.055609
0.000027,0.115292,-0.068039
0.002483,0.118263,-0.060329
0.000156,0.126041,-0.059190
-0.004870,0.130059,-0.054366
-0.006774,0.135222,-0.044549
-0.006291,0.133288,-0.037531
-0.005152,0.124049,-0.021790
-0.003594,0.100044,-0.005096
-0.004599,0.039957,0.004340
-0.003637,0.021193,0.031212
0.002447,0.001070,0.020341
-0.009029,-0.036452,0.028228
-0.003515,-0.077625,0.036168
0.004266,-0.090686,0.033560
-0.001065,-0.087365,0.029486
-0.002647,-0.070576,0.032769
-0.002712,-0.052571,0.025530
-0.002860,-0.036853,0.029099
-0.004475,-0.021420,0.027851
-0.004636,-0.017615,0.033207
-0.004650,-0.010236,0.029735
-0.004684,-0.005313,0.025809
-0.004671,-0.010061,0.026913
-0.004771,-0.013636,0.024822
-0.006789,-0.010389,0.021840
-0.008310,-0.008354,0.018272
-0.003262,0.002030,0.021076
-0.005759,-0.008350,0.020818
-0.007032,-0.024292,0.029391
-0.007546,-0.038036,0.031919
-0.006266,-0.051901,0.037247
-0.008622,-0.063320,0.046551
-0.006946,-0.083070,0.053385
-0.003666,-0.100926,0.047635
-0.002490,-0.113663,0.045633
0.001785,-0.110681,0.036860
0.004424,-0.080018,0.027305
0.003618,-0.046329,0.012660
0.006404,-0.021170,-0.003241
0.004842,-0.009468,-0.000977
0.001584,-0.002702,-0.007547
0.001529,-0.018828,0.004727
0.000608,-0.011005,-0.010161
-0.000207,0.008985,-0.010823
0.003747,0.024127,-0.005518
0.004674,0.041289,-0.000261
0.002742,0.045619,0.001621
0.000322,0.043934,0.010116
-0.002202,0.033316,0.014225
0.000592,0.024519,0.016486
0.000210,0.015407,0.014345
-0.001175,0.010081,0.016600
-0.003318,0.004559,0.021304
-0.005531,0.003469,0.026260
-0.010043,0.006894,0.032262
-0.006840,-0.005314,0.030837
-0.004876,-0.011938,0.038864
-0.004490,-0.019009,0.040539
-0.001831,-0.020471,0.040430
-0.001063,-0.019255,0.032210
0.000463,-0.018505,0.032305
-0.001368,-0.006815,0.027518
-0.002297,0.001402,0.021965
-0.002371,0.009415,0.012652
-0.002446,0.009942,0.009392
-0.001298,0.002807,0.006382
0.001457,-0.000216,-0.001580
-0.001822,0.001895,-0.006064
-0.002727,0.006955,-0.001063
-0.001887,0.014397,-0.001077
-0.003273,0.024531,-0.005296
-0.003068,0.040838,-0.000975
-0.005446,0.035276,0.009359
-0.001164,0.022556,0.011278
0.002061,0.005639,0.011253
0.001425,-0.014642,0.010961
-0.003490,-0.025615,0.012575
-0.007979,-0.032098,0.016129
-0.004231,-0.024030,0.016863
-0.001656,-0.019770,0.024944
-0.001129,-0.011962,0.022944
0.000553,-0.013695,0.015763
-0.000230,-0.013589,0.018707
-0.000623,-0.022422,0.018933
-0.002171,-0.038451,0.015644
-0.002406,-0.037322,0.014884
-0.001693,-0.033863,0.012238
-0.001676,-0.023117,0.012673
-0.004090,-0.013802,0.007104
-0.006192,-0.015943,0.012040
-0.005395,-0.019651,0.018285
-0.004782,-0.025692,0.022332
-0.004348,-0.036783,0.026857
-0.004099,-0.034331,0.024402
-0.002842,-0.030582,0.026713
-0.003226,-0.021819,0.030693
-0.002021,-0.020069,0.031860
-0.000590,-0.024723,0.025020
0.000205,-0.036477,0.019973
0.000453,-0.049632,0.016829
-0.000544,-0.058346,0.014309
0.002442,-0.064827,0.013731
-0.000221,-0.060266,0.008892
0.000039,-0.049525,0.004696
-0.001930,-0.027644,0.006875
-0.003683,0.004535,0.004349
-0.001344,0.016282,0.002202
0.000845,0.020492,-0.005037
-0.000758,0.019992,-0.003584
0.001647,0.017136,-0.005652
-0.000411,0.015736,-0.011145
-0.002166,0.016988,-0.007554
-0.001297,0.020218,-0.010604
-0.001114,0.024602,-0.007391
-0.000763,0.028107,-0.009042
-0.000595,0.029116,-0.002615
-0.000966,0.026753,-0.001877
-0.001880,0.020599,-0.000232
-0.001794,0.008161,0.001587
-0.001623,-0.000310,0.001663
-0.003138,0.003364,-0.000788
-0.003436,0.011162,-0.007279
-0.000881,0.016789,-0.006345
0.000306,0.023767,-0.008040
0.001325,0.020320,-0.007351
-0.001216,0.014231,-0.005856
-0.002060,0.002200,0.001665
-0.002585,-0.007309,0.000074
-0.002997,-0.007193,0.004244
-0.004074,0.009507,0.005269
-0.006166,0.026402,0.000935
-0.000140,0.033826,-0.000644
-0.001368,0.039346,0.005039
-0.001386,0.027989,0.001382
-0.000373,0.006824,0.002010
-0.000475,-0.011383,0.001858
-0.001632,-0.021857,0.001871
-0.001868,-0.013498,0.004829
-0.001154,0.004887,0.005448
-0.004499,0.016657,0.005631
-0.005526,0.028906,0.004902
-0.004086,0.027562,0.008344
-0.002335,0.019506,0.009580
-0.004080,-0.001950,0.006847
-0.002827,-0.021482,0.009376
-0.004067,-0.031786,0.012459
-0.002856,-0.038898,0.010721
-0.002437,-0.032898,0.014481
-0.000321,-0.031346,0.006261
-0.001286,-0.025918,0.005177
-0.001570,-0.017735,-0.001199
-0.003985,-0.008856,0.005775
-0.001377,-0.004979,0.001196
-0.000305,0.000488,0.001334
-0.001485,0.005277,-0.003321
-0.002820,0.019715,-0.001663
-0.001405,0.020532,-0.005951
-0.000407,0.025873,-0.003652
-0.002507,0.034812,-0.011640
-0.001794,0.033206,-0.013572
-0.002003,0.029347,-0.013278
-0.000224,0.024588,-0.012926
0.000003,0.013662,-0.008914
-0.002128,0.001504,-0.004236
-0.004395,-0.011940,0.006265
-0.004321,-0.017633,0.008686
-0.002043,-0.014542,0.014028
-0.001909,-0.007993,0.011034
-0.002448,-0.009383,0.011218
-0.001833,-0.000514,-0.000712
-0.002113,0.002260,-0.006631
0.001010,0.009712,-0.004392
0.001710,0.018148,-0.009289
-0.003826,0.027158,-0.013437
-0.007196,0.032165,-0.015133
0.000060,0.036089,-0.006945
-0.001854,0.026178,0.002954
-0.004755,0.013922,0.009079
-0.006265,0.006508,0.009916
-0.003233,0.010943,0.013632
-0.001759,0.013969,0.013133
0.001948,0.004665,0.011941
-0.003194,0.007543,0.009744
-0.001746,0.003413,0.009859
0.000330,-0.002034,0.007534
-0.001672,-0.002574,0.004374
0.003130,0.001532,-0.002819
-0.000120,-0.000516,-0.006324
-0.001563,0.001259,-0.003449
-0.002663,0.009936,0.002556
-0.002458,0.009194,-0.000423
-0.002521,0.002794,0.003561
-0.007017,-0.005653,0.000624
-0.003200,-0.006726,-0.001453
-0.002566,-0.009964,0.003307
-0.003334,-0.001919,0.003282
-0.004910,0.006955,-0.000440
-0.000299,0.014261,-0.006055
-0.003641,0.019302,-0.004637
-0.004527,0.004289,-0.007047
0.003949,-0.011183,-0.002620
-0.004819,-0.033804,-0.006012
-0.003937,-0.042124,-0.005664
-0.005199,-0.040128,-0.008280
0.000516,-0.029802,-0.007852
-0.000536,-0.021501,-0.000995
0.001666,-0.011324,-0.002982
-0.000279,-0.004361,-0.009932
-0.000765,0.006825,-0.006204
-0.003049,0.009904,-0.004127
-0.003121,0.018032,-0.002699
-0.001463,0.025375,-0.002720
-0.001506,0.037355,-0.004851
-0.004880,0.038104,-0.000629
-0.002628,0.037629,0.003658
-0.001846,0.027044,0.002884
-0.000672,0.013231,0.004975
-0.003840,-0.002272,0.013061
-0.002067,-0.011679,0.020864
-0.002297,-0.021295,0.024133
-0.003611,-0.032777,0.026790
-0.000177,-0.041613,0.023691
-0.002185,-0.043113,0.028780
-0.000825,-0.044858,0.024899
-0.000031,-0.038888,0.025490
-0.003954,-0.026781,0.018016
-0.005697,-0.018646,0.018165
-0.002295,-0.005774,0.011353
-0.000294,0.006986,0.010409
-0.001450,0.013168,0.007620
-0.001551,0.013278,0.004395
-0.001462,0.009014,0.000028
-0.003065,0.006618,0.000720
0.000334,0.006913,-0.000255
-0.000514,0.008986,-0.003733
-0.002716,0.010428,-0.007428
-0.001848,0.011044,-0.004290
-0.004833,0.010513,-0.007462
-0.001963,0.010906,-0.000967
-0.002724,0.006389,0.002228
-0.003747,-0.006874,0.008191
-0.004001,-0.005066,0.012143
-0.000338,-0.003618,0.010693
-0.003295,-0.013242,0.010023
-0.001976,-0.020877,0.010911
-0.001430,-0.018439,0.003961
-0.000503,-0.020718,0.002840
-0.002385,-0.012661,0.001507
-0.000287,0.000937,-0.000795
-0.001525,0.018525,-0.000820
0.000423,0.033914,-0.002141
0.000863,0.034531,-0.002975
-0.001388,0.022541,-0.005547
0.000204,0.005090,-0.003066
-0.002261,-0.006302,-0.008869
-0.004544,-0.003881,-0.006384
-0.003453,0.000087,-0.002990
-0.003479,0.010293,-0.001638
-0.002636,0.017751,-0.005391
-0.002049,0.022450,-0.005993
-0.000602,0.021282,-0.004878
-0.002240,0.011100,-0.000857
-0.004929,-0.002780,-0.004969
-0.004238,-0.007013,-0.001698
-0.002541,-0.008629,-0.002584
-0.002389,0.001749,-0.004689
-0.000743,0.012134,-0.008284
-0.002316,0.020917,-0.007700
-0.003709,0.030201,-0.012178
-0.002158,0.035408,-0.020864
-0.001761,0.039030,-0.017474
0.000044,0.035707,-0.011065
-0.002484,0.030381,-0.014167
0.000202,0.018978,-0.010774
0.000207,0.002220,-0.008775
-0.004258,-0.009548,-0.009689
-0.007729,-0.009662,-0.006583
-0.004175,-0.001037,-0.003936
-0.004851,0.004908,-0.009143
-0.004681,0.009329,-0.002098
-0.002355,0.004692,-0.004285
-0.001128,0.006097,-0.005520
-0.001571,0.002671,0.000583
-0.000762,0.005082,0.003844
-0.001457,-0.000561,0.000235
-0.000230,0.000959,0.002379
-0.003970,0.005369,-0.001293
-0.003464,0.005704,0.001785
-0.003339,0.006859,0.001647
-0.002220,-0.003895,0.002970
-0.002000,-0.006509,0.005532
-0.001729,-0.019423,0.004784
-0.001496,-0.018054,0.006954
-0.006732,-0.022237,0.015154
-0.002830,-0.016235,0.014265
-0.002548,-0.007446,0.009147
-0.000950,0.008320,0.000745
0.000818,0.019570,-0.005797
0.000992,0.022185,-0.010969
-0.000579,0.021094,-0.007095
-0.000418,0.032817,-0.014086
0.000218,0.032846,-0.016683
0.002100,0.040110,-0.017968
-0.000304,0.049048,-0.015123
-0.000122,0.065294,-0.026565
0.000984,0.079384,-0.028319
0.000778,0.075877,-0.032916
-0.001280,0.069288,-0.032522
-0.002094,0.053275,-0.029720
-0.004031,0.039813,-0.017692
-0.005228,0.021194,-0.012511
-0.007272,0.009631,-0.003420
-0.008147,0.003803,0.002470
-0.009495,-0.007343,0.008317
-0.006043,-0.016056,0.010904
-0.006039,-0.027585,0.014494
-0.004211,-0.034018,0.020519
-0.002780,-0.037447,0.022462
-0.002853,-0.031895,0.022459
-0.001741,-0.021828,0.019684
0.001178,-0.010656,0.016856
0.001242,-0.003471,0.010380
0.000792,-0.000231,0.007628
-0.000502,0.002909,-0.003227
-0.000306,0.002067,-0.002536
-0.001954,0.001575,-0.004091
-0.002210,0.006839,-0.006060
0.001175,0.021474,-0.009244
0.000034,0.034317,-0.010249
-0.001899,0.038864,-0.009046
-0.002563,0.036768,-0.005065
-0.005842,0.029550,0.005071
-0.004442,0.018047,0.013006
-0.002434,0.000963,0.015178
-0.000757,-0.015043,0.017835
-0.002061,-0.026785,0.018316
-0.001714,-0.030843,0.022113
-0.003924,-0.013776,0.022929
-0.006309,-0.002041,0.021334
-0.001198,0.004350,0.023524
0.000140,0.008254,0.019087
-0.002991,0.003212,0.022585
-0.001567,-0.001168,0.022740
-0.000192,-0.003727,0.015786
0.000933,-0.005000,0.010729
0.001233,-0.013733,0.010844
-0.001260,-0.012923,0.001335
-0.001653,-0.000638,0.001007
-0.003371,0.011936,0.001904
-0.001161,0.013018,0.001938
-0.002270,0.018438,0.008017
-0.002813,0.017684,0.008928
-0.002642,0.006324,0.008168
-0.002257,0.005453,0.007681
-0.001650,-0.003730,0.005545
-0.003381,-0.009170,0.002356
-0.002899,-0.017068,0.000626
-0.004692,-0.019894,0.003305
-0.000981,-0.016502,-0.010319
-0.000072,-0.009712,-0.008776
-0.001144,-0.006695,-0.009873
0.000801,-0.005250,-0.009599
-0.000774,-0.000068,-0.009310
-0.000688,0.007250,-0.005507
-0.003397,0.011371,-0.000533
-0.000989,0.011772,-0.003260
-0.002218,0.003242,-0.003767
-0.000052,-0.004672,0.000696
-0.000676,-0.010461,-0.005385
-0.003787,-0.016288,0.001182
-0.003277,-0.015715,-0.000813
-0.002949,-0.000682,0.001537
-0.003122,0.004850,0.007729
-0.002228,0.008973,0.006828
-0.003618,0.006712,0.006467
-0.006098,0.003029,0.012102
-0.002827,0.003082,0.009589
-0.003832,0.004809,0.003760
-0.000618,0.006382,-0.000913
-0.002976,0.006419,-0.005500
-0.003025,0.006921,-0.000548
0.000691,0.007234,-0.008025
0.000881,0.007026,-0.006529
0.000575,0.012541,-0.010515
-0.001880,0.005500,-0.013818
-0.003058,0.007847,-0.010660
-0.002286,0.009881,-0.012965
-0.003330,0.016891,-0.018865
-0.005421,0.013028,-0.012940
-0.000028,0.016277,-0.017213
-0.000642,0.011439,-0.017345
-0.005036,0.001510,-0.014507
-0.000862,-0.002950,-0.007869
-0.003229,-0.002384,-0.012304
-0.002944,-0.001539,-0.011003
-0.004121,0.003233,-0.010585
-0.004626,0.010850,-0.008249
-0.001955,0.014895,-0.005142
-0.001928,0.016709,-0.006582
0.000170,0.006700,-0.004417
-0.000518,0.006636,-0.004877
0.000006,0.005770,-0.003824
-0.002296,0.004293,0.002034
-0.002144,0.006308,0.002542
-0.003556,0.003598,0.009043
-0.001357,0.006975,0.011174
-0.002261,0.005174,0.012366
-0.004910,-0.000200,0.016049
-0.003884,-0.005370,0.012041
-0.002700,-0.008461,0.016062
-0.003607,-0.008941,0.016843
-0.003174,-0.007300,0.014870
-0.002702,0.003917,0.013331
-0.003759,0.012529,0.012466
-0.002361,0.009978,0.011010
-0.002396,0.005926,0.010340
-0.002468,-0.001845,0.007889
-0.001363,-0.008137,0.003707
-0.000786,-0.011071,0.001363
-0.004528,-0.006348,0.000680
-0.003038,-0.000196,-0.002644
-0.003181,0.008591,-0.005048
-0.001957,0.014922,-0.003240
-0.002348,0.020823,-0.008396
-0.001960,0.019843,-0.008101
-0.001764,0.016167,-0.016444
-0.001558,0.011708,-0.013125
-0.000961,0.013241,-0.020251
-0.002962,0.009020,-0.014629
-0.001140,0.004073,-0.009334
-0.003946,0.006048,-0.006870
-0.003723,0.011176,-0.003285
-0.004127,0.021218,0.007194
-0.001805,0.023040,0.013324
0.000270,0.008770,0.020535
-0.002573,-0.001345,0.022382
-0.001806,-0.006031,0.022197
-0.003427,-0.019320,0.024975
-0.002736,-0.024623,0.028413
-0.003185,-0.018504,0.029848
-0.004227,-0.011421,0.029392
-0.003796,-0.006118,0.030125
0.000501,-0.001131,0.036605
-0.001272,-0.006503,0.036576
-0.002357,-0.012174,0.030580
-0.000650,-0.013653,0.026356
-0.001215,-0.019077,0.021865
0.000147,-0.015297,0.018372
-0.000985,-0.013243,0.017446
-0.002339,-0.017424,0.009757
0.000204,-0.014350,0.011884
-0.002158,-0.016074,0.007801
-0.003197,-0.012618,0.012114
-0.003296,-0.011559,0.011539
-0.002501,-0.002373,0.005319
-0.003241,0.007754,0.000541
-0.001344,0.009386,-0.000240
-0.000978,0.007531,-0.000298
-0.003767,0.007370,0.003278
-0.002899,0.005359,-0.000114
-0.002077,0.001232,0.004244
0.000562,0.000647,0.004365
-0.000791,-0.003941,0.001786
-0.001009,-0.010134,-0.001435
-0.002407,-0.008406,-0.001514
-0.000862,-0.010330,0.001796
0.000886,-0.014781,-0.004057
0.000539,-0.007689,-0.003334
-0.002344,-0.004740,-0.002386
-0.003964,-0.008357,-0.004060
-0.002369,-0.007767,-0.006268
-0.002129,-0.008357,-0.003842
-0.002074,-0.001038,-0.003494
-0.001856,0.005707,-0.006465
-0.001642,0.007704,-0.008233
-0.004011,0.007011,-0.005401
-0.004022,0.006629,-0.006465
-0.001755,0.007708,-0.009661
-0.000751,0.002540,-0.011888
-0.001207,-0.002111,-0.015714
-0.004619,-0.005589,-0.016271
-0.002222,0.001675,-0.019366
0.000521,0.005853,-0.020411
-0.000164,0.008902,-0.020699
0.000655,0.017984,-0.026002
-0.002372,0.018506,-0.029953
-0.003673,0.021409,-0.025446
-0.003159,0.021554,-0.027596
-0.002324,0.022910,-0.026399
-0.004293,0.036585,-0.020482
-0.005910,0.039942,-0.018969
-0.002599,0.052266,-0.021145
-0.003104,0.055149,-0.018005
-0.001320,0.048313,-0.009882
-0.003709,0.038616,-0.001456
-0.002850,0.025493,0.004288
-0.001605,0.011966,0.010591
-0.002460,0.000222,0.010881
-0.001920,-0.008263,0.015237
0.000183,-0.011613,0.016416
-0.000729,-0.015177,0.014870
-0.002198,-0.013949,0.017349
-0.003360,-0.009572,0.018121
-0.001894,-0.003105,0.024602
-0.001865,0.000094,0.024747
-0.003925,-0.006398,0.023064
-0.003255,-0.013071,0.022047
-0.002077,-0.017793,0.019380
-0.001133,-0.022074,0.006997
-0.001167,-0.020124,0.002370
-0.002712,-0.016454,0.000912
-0.002074,-0.005881,-0.006787
-0.003300,0.000262,-0.008255
-0.004741,-0.004065,-0.011059
-0.002624,-0.011427,-0.009672
-0.001533,-0.019166,-0.009236
-0.001727,-0.020710,-0.011208
-0.004697,-0.022729,-0.011643
-0.002339,-0.017668,-0.012628
-0.002607,-0.018250,-0.011634
-0.000902,-0.016342,-0.014682
-0.000818,-0.007397,-0.015103
-0.001375,0.001543,-0.018399
-0.002486,0.008323,-0.013445
-0.004125,0.007156,-0.009978
-0.001343,0.002969,-0.005728
-0.000392,-0.005337,-0.001314
-0.001085,-0.008408,0.001332
-0.004026,-0.019812,0.010870
-0.002555,-0.018474,0.016572
-0.000874,-0.024228,0.016918
0.000391,-0.024490,0.014112
-0.001043,-0.027988,0.013649
-0.000967,-0.023634,0.009516
-0.002171,-0.021743,0.008999
-0.001547,-0.009402,0.010807
-0.003037,0.001372,0.009613
-0.004277,0.014217,0.005738
-0.003818,0.018417,0.008926
-0.001395,0.017070,0.006445
-0.001968,0.007349,0.003815
-0.004761,0.000335,0.001893
-0.002478,-0.001176,0.005513
-0.002939,0.005586,0.004346
-0.002200,0.013527,-0.002559
-0.000516,0.021411,0.000519
-0.003545,0.025857,-0.004075
-0.002856,0.022945,-0.006100
-0.000611,0.018086,-0.007100
-0.003377,0.012253,-0.007994
-0.001480,0.005796,-0.012310
-0.001288,-0.001048,-0.011308
-0.001665,-0.004283,-0.012720
-0.000018,-0.003301,-0.008338
-0.002375,0.001786,-0.006951
-0.001450,0.001461,-0.005636
-0.001595,0.008778,-0.005829
-0.005501,0.012189,-0.004507
-0.002316,0.008274,0.000284
0.001381,0.005528,-0.000953
-0.003788,-0.005208,0.002306
-0.002649,-0.019756,-0.000661
-0.004028,-0.035082,0.001990
-0.003603,-0.049266,-0.000775
-0.000477,-0.055314,-0.003274
-0.000424,-0.049269,-0.005667
-0.000546,-0.034571,-0.012166
0.000054,-0.016826,-0.020040
-0.000583,0.005310,-0.028867
-0.002374,0.021285,-0.028513
-0.006196,0.034999,-0.020175
-0.006336,0.040573,-0.019412
-0.004711,0.046179,-0.015099
-0.001190,0.042604,-0.012204
-0.003308,0.032869,-0.009482
-0.003772,0.014769,-0.003015
-0.004052,-0.000735,0.002130
-0.002289,-0.008363,0.002015
-0.002676,-0.011063,0.002713
-0.002466,-0.016721,0.003510
-0.001757,-0.020318,0.007060
-0.002489,-0.010296,-0.000954
-0.002399,-0.002716,-0.001007
-0.001182,0.010633,0.010028
-0.003136,0.017204,0.010997
-0.003172,0.010899,0.007596
-0.001424,0.006544,0.006683
-0.002029,-0.007283,0.007823
-0.003133,-0.019525,0.004513
-0.003510,-0.026634,0.002927
-0.001714,-0.022623,-0.001588
-0.003508,-0.018880,-0.003606
-0.001854,-0.009387,-0.007149
-0.003275,0.000056,-0.021698
-0.006589,0.003012,-0.015363
-0.002243,0.009363,-0.015422
-0.000425,0.007562,-0.011955
-0.002979,-0.002935,-0.016505
-0.001791,-0.003883,-0.018679
-0.003253,-0.010541,-0.019920
-0.001068,-0.010124,-0.015390
-0.000769,-0.004054,-0.020991
-0.002577,0.002244,-0.011512
-0.003304,0.013106,-0.015038
-0.001736,0.015108,-0.014337
-0.001630,0.002058,-0.007904
-0.001078,-0.013845,-0.007949
-0.002634,-0.023233,-0.004754
-0.001010,-0.033886,-0.004808
-0.001617,-0.028052,0.005871
-0.000892,-0.017892,0.007792
-0.004184,-0.010479,0.007450
-0.001852,-0.005086,0.003211
-0.003304,-0.002009,0.006860
-0.000889,-0.010317,0.016157
-0.001813,-0.019958,0.014804
-0.003979,-0.023634,0.015020
-0.003185,-0.026511,0.010928
-0.003762,-0.018621,0.008278
-0.003336,-0.009764,0.007739
-0.002334,-0.002681,0.003586
-0.003461,0.008421,-0.002014
-0.003269,0.004014,-0.004417
-0.001698,0.002800,-0.007346
-0.001817,0.000129,-0.009239
-0.001508,-0.001782,-0.011625
-0.000550,0.009215,-0.011857
-0.003967,0.011832,-0.006259
-0.004200,0.017015,-0.009458
-0.004087,0.015436,-0.010189
-0.003936,0.009124,-0.013419
-0.001522,0.007592,-0.008926
-0.002508,0.007125,-0.005064
-0.004753,-0.000034,-0.004099
-0.001418,-0.011555,-0.001758
0.000524,-0.015094,-0.001289
-0.000298,-0.016945,0.001566
-0.001278,-0.011510,-0.000682
-0.001569,-0.006128,-0.000694
0.000217,-0.004728,-0.003858
0.001231,-0.008894,-0.003378
-0.001628,-0.007667,0.001300
-0.002228,-0.005537,0.000153
-0.003359,0.000132,-0.000344
-0.003123,0.009903,-0.003567
-0.002392,0.019892,-0.003080
-0.002828,0.017479,-0.004005
-0.002912,0.010047,-0.000896
-0.002234,-0.001909,-0.002833
-0.005133,-0.013521,0.003395
-0.004892,-0.024348,0.003562
-0.004241,-0.027829,0.004974
-0.003825,-0.026576,0.009672
-0.002655,-0.019566,0.003464
-0.002860,-0.003046,0.004739
-0.003702,0.002295,0.008506
-0.002045,0.006594,0.007794
-0.001156,0.006962,0.005485
0.000188,-0.003664,0.002438
-0.002376,-0.013348,-0.002802
-0.001265,-0.017119,0.001779
-0.000067,-0.014435,0.002155
-0.001200,-0.009635,-0.002177
-0.001795,-0.002328,-0.007170
-0.000968,0.005027,-0.011778
0.000119,0.007374,-0.012556
-0.000357,0.012079,-0.007800
-0.004135,0.008095,0.001605
-0.003932,0.001020,-0.000639
-0.004121,0.000363,0.000274
-0.004285,-0.008489,0.005618
-0.002027,-0.012051,0.006586
-0.000363,-0.022559,-0.000183
-0.002509,-0.029326,0.004458
-0.004631,-0.023938,0.011074
-0.004641,-0.015042,0.012693
-0.003475,-0.000415,0.010067
-0.001798,0.013245,-0.000256
-0.002041,0.028018,-0.000868
-0.003357,0.025505,-0.002666
-0.002175,0.019524,-0.005079
0.000172,0.003848,-0.011711
-0.001521,-0.007839,-0.006648
-0.000794,-0.012734,-0.001273
-0.002172,-0.009242,-0.002990
-0.002800,-0.004419,-0.001295
-0.001472,0.012785,0.000776
-0.003041,0.021465,-0.003000
-0.003319,0.016166,0.000343
-0.002313,0.004932,0.004626
-0.000837,-0.011002,0.002436
-0.004624,-0.016911,0.008126
-0.004918,-0.014965,0.008236
-0.001456,-0.003842,0.005436
-0.003178,0.006154,0.001435
0.001047,0.011564,-0.000906
-0.001326,0.018919,-0.002866
-0.001930,0.011532,0.001901
-0.003150,0.006257,-0.002480
-0.002783,0.000016,-0.004139
-0.003271,-0.000353,-0.003679
-0.003512,0.001331,-0.001613
-0.001304,0.010356,0.000684
-0.003532,0.013061,0.001134
-0.000295,0.014418,0.000670
-0.003358,0.011754,-0.000308
-0.003271,0.003002,0.004102
-0.003654,0.000315,0.004866
-0.001649,-0.004274,0.005070
-0.002525,-0.014778,0.004868
-0.002589,-0.011849,0.002542
-0.003459,-0.009686,0.002512
-0.002323,0.003884,0.004008
-0.003183,0.006026,0.003509
-0.001432,0.006533,0.002932
-0.000761,0.002095,0.003023
-0.002151,-0.004672,0.005015
-0.001720,-0.012746,0.005052
-0.003993,-0.008892,0.003376
-0.002751,-0.003675,0.000459
-0.000985,0.001661,-0.001641
0.000201,0.007468,-0.002639
-0.001664,0.014427,-0.004389
-0.000446,0.016082,-0.005825
-0.001945,0.022178,-0.005933
-0.000864,0.017595,-0.006551
-0.002455,0.014781,-0.003152
-0.002619,0.007450,0.001264
