-0.001769,-0.037406,-0.020076
-0.001903,-0.047005,-0.020104
-0.001091,-0.048070,-0.020079
0.000678,-0.047790,-0.019093
0.001501,-0.036049,-0.018963
0.000389,-0.014761,-0.013493
0.000291,0.008736,-0.015438
0.000218,0.033226,-0.009925
0.000192,0.051366,-0.009773
0.001162,0.063093,-0.008617
0.000220,0.070518,-0.004342
0.002234,0.064042,0.003043
0.003307,0.050130,0.007200
0.004398,0.030849,0.014487
0.004528,0.005158,0.022771
0.008570,-0.022615,0.025767
-0.000008,-0.044018,0.032002
-0.001197,-0.064378,0.040320
-0.001631,-0.066508,0.039214
-0.002912,-0.069735,0.041246
-0.004099,-0.065478,0.042301
-0.004277,-0.060103,0.038056
-0.005421,-0.060110,0.037980
-0.004746,-0.051513,0.031633
-0.007702,-0.047217,0.028411
-0.008818,-0.048514,-0.054283
-0.026735,-0.073097,-0.464951
-0.039050,-0.073874,-0.392282
-0.015052,-0.049233,-0.089347
0.000863,-0.041610,-0.001590
-0.006818,-0.026325,-0.034207
-0.004550,-0.005905,-0.048939
-0.003256,0.021943,-0.059305
-0.002942,0.056285,-0.078070
-0.003047,0.085254,-0.092611
-0.003892,0.110967,-0.101860
-0.002363,0.135655,-0.115370
-0.001249,0.153894,-0.124733
-0.000154,0.165678,-0.128840
-0.002680,0.182778,-0.130757
-0.006406,0.193399,-0.126439
-0.010148,0.207231,-0.122053
-0.013916,0.214599,-0.111358
-0.015864,0.210132,-0.091195
-0.014926,0.193991,-0.077472
-0.014938,0.164882,-0.047988
-0.011061,0.121905,-0.018605
-0.007080,0.068258,0.010734
-0.002999,0.007013,0.052718
-0.004606,-0.050967,0.088386
-0.005119,-0.101393,0.115625
-0.005540,-0.145398,0.140741
-0.008786,-0.176623,0.168036
-0.005201,-0.200205,0.178469
-0.005569,-0.208837,0.187929
-0.004992,-0.219567,0.191879
-0.004573,-0.212017,0.183394
-0.004219,-0.204575,0.184292
-0.000927,-0.185303,0.175680
0.006153,-0.155137,0.146081
0.015067,-0.120644,0.112504
0.016247,-0.085161,0.082709
0.021231,-0.025693,0.004541
0.024976,0.032545,-0.056556
0.017807,0.090800,-0.119859
0.017175,0.137369,-0.187356
0.017222,0.167866,-0.247447
0.010179,0.173663,-0.292969
0.006794,0.190021,-0.326621
-0.002578,0.195563,-0.345492
-0.013821,0.177449,-0.346490
-0.025971,0.145310,-0.332797
-0.034095,0.123706,-0.305224
-0.043977,0.099778,-0.259709
-0.052537,0.062740,-0.184695
-0.055765,0.031034,-0.108462
-0.061482,0.010817,-0.007814
-0.062877,-0.007092,0.074746
-0.053179,-0.021725,0.151093
-0.041177,-0.041642,0.222089
-0.033746,-0.060309,0.273900
-0.022295,-0.088416,0.309746
-0.007862,-0.117476,0.335062
0.005602,-0.145361,0.348592
0.019005,-0.167610,0.332459
0.033228,-0.182318,0.308959
0.045269,-0.193658,0.268448
0.054068,-0.179196,0.209056
0.058573,-0.153988,0.142316
0.059764,-0.123404,0.071358
0.054674,-0.091748,-0.000678
0.047253,-0.060086,-0.072681
0.036632,-0.029610,-0.133029
0.026755,-0.014143,-0.186024
0.016719,-0.003156,-0.217817
0.007590,0.008825,-0.242159
-0.000623,0.034543,-0.252553
-0.005946,0.048388,-0.249193
-0.011104,0.063184,-0.234139
-0.021012,0.080032,-0.210537
-0.028762,0.098918,-0.177367
-0.033322,0.109236,-0.141075
-0.035722,0.116397,-0.109056
-0.035945,0.123459,-0.067507
-0.035890,0.116697,-0.030305
-0.032785,0.110023,-0.002692
-0.030533,0.093740,0.024819
-0.026221,0.074304,0.048083
-0.023806,0.061301,0.068214
-0.018410,0.043011,0.082909
-0.011986,0.029085,0.088058
-0.010502,0.015200,0.088977
-0.004151,0.003450,0.089921
0.001218,-0.001836,0.084521
0.003589,-0.000669,0.073830
0.008818,-0.002713,0.064193
0.014964,-0.003556,0.040739
0.018023,-0.008690,0.019334
0.020013,-0.009540,-0.003068
0.019939,-0.001812,-0.029631
0.016748,0.013407,-0.058266
0.015401,0.030718,-0.082631
0.013004,0.053220,-0.092004
0.009572,0.067263,-0.108866
0.009025,0.073756,-0.117272
0.005521,0.074860,-0.120376
0.002037,0.065179,-0.111882
0.001494,0.054474,-0.107614
-0.001921,0.037314,-0.098068
-0.003330,0.020089,-0.082191
-0.008571,0.013504,-0.063032
-0.012727,0.011112,-0.036407
-0.014808,0.013081,-0.019336
-0.016791,0.020330,0.003052
-0.019619,0.025445,0.025421
-0.021383,0.031666,0.043500
-0.019157,0.032553,0.061546
-0.019803,0.030280,0.075313
-0.017422,0.023770,0.085825
-0.011118,0.010963,0.085700
-0.007748,-0.003981,0.085528
-0.001458,-0.018903,0.083220
-0.000087,-0.031602,0.071341
0.008020,-0.032444,0.047865
0.011073,-0.024653,0.014900
0.013941,-0.005103,-0.020070
0.014726,0.021879,-0.050690
0.013404,0.058421,-0.076981
0.014923,0.088507,-0.098001
0.013435,0.111173,-0.123263
0.013802,0.123122,-0.144408
0.012107,0.130756,-0.160202
0.008434,0.136134,-0.164386
0.005714,0.130834,-0.167567
0.002020,0.126504,-0.160046
-0.002638,0.115754,-0.151575
-0.009200,0.098511,-0.134685
-0.013706,0.081229,-0.113538
-0.018118,0.067100,-0.087066
-0.021393,0.056100,-0.054241
-0.020611,0.039806,-0.025727
-0.019652,0.031987,0.009249
-0.017545,0.022107,0.036737
-0.015299,0.016515,0.062140
-0.012935,0.010994,0.080097
-0.011474,0.004473,0.091698
-0.008982,-0.009457,0.096848
-0.006517,-0.022243,0.094593
-0.004044,-0.039382,0.100824
-0.003556,-0.055323,0.094339
-0.002125,-0.075566,0.090979
0.000200,-0.090346,0.074933
0.003427,-0.103055,0.065237
0.004660,-0.108306,0.056702
0.005820,-0.114563,0.041765
0.008860,-0.114397,0.024720
0.009891,-0.100350,0.006714
0.007880,-0.083092,-0.012332
0.009694,-0.059474,-0.027071
0.006541,-0.029355,-0.051289
0.006211,-0.004631,-0.069119
0.003879,0.015667,-0.071050
0.006392,0.018986,-0.082679
0.010796,0.021239,-0.094303
0.011266,0.022323,-0.095300
0.008816,0.028744,-0.096209
0.006370,0.031866,-0.087588
0.001056,0.042503,-0.083154
-0.004232,0.055211,-0.072321
-0.010360,0.083773,-0.046536
-0.013431,0.101659,-0.019729
-0.016334,0.110013,-0.000446
-0.019118,0.111841,0.030377
-0.014903,0.096617,0.058935
-0.012543,0.068699,0.075676
-0.011073,0.035423,0.094437
-0.009539,0.008563,0.112227
-0.009878,-0.010783,0.125852
-0.008221,-0.025777,0.130992
-0.008502,-0.041765,0.128709
-0.007829,-0.063103,0.127350
-0.006226,-0.066154,0.112482
-0.005672,-0.065059,0.109274
0.000690,-0.079803,0.088894
0.004974,-0.084897,0.064396
0.009126,-0.091105,0.044084
0.012158,-0.096105,0.008874
0.015009,-0.086179,-0.024044
0.011795,-0.065553,-0.060094
0.009357,-0.033218,-0.092823
0.007756,-0.000954,-0.118119
0.005072,0.034458,-0.138040
0.005244,0.062427,-0.160093
0.009241,0.081760,-0.172706
0.007326,0.095770,-0.186356
0.005351,0.105346,-0.183041
-0.000471,0.109548,-0.175522
-0.004256,0.110467,-0.159439
-0.007944,0.103864,-0.138101
-0.009537,0.096134,-0.111565
-0.010954,0.080868,-0.078685
-0.012230,0.069910,-0.048925
-0.015260,0.057874,-0.018127
-0.017166,0.042524,0.023198
-0.017870,0.030307,0.072018
-0.018328,0.009696,0.105863
-0.015670,-0.015206,0.141749
-0.016696,-0.033706,0.177707
-0.016575,-0.053267,0.213702
-0.013322,-0.073769,0.235778
-0.006099,-0.094117,0.243092
0.000173,-0.117660,0.249218
0.008355,-0.133592,0.240473
0.015443,-0.139753,0.214766
0.021299,-0.145723,0.171160
0.024958,-0.140006,0.131783
0.028250,-0.121207,0.064890
0.028294,-0.085332,-0.002983
0.027920,-0.039855,-0.069622
0.026257,0.006644,-0.132035
0.021390,0.059514,-0.191174
0.015304,0.101615,-0.239714
0.010914,0.131860,-0.276671
0.007364,0.151295,-0.298757
-0.002131,0.160999,-0.308138
-0.008705,0.151311,-0.298507
-0.017121,0.122299,-0.277422
-0.021521,0.092136,-0.247774
-0.026675,0.068225,-0.203201
-0.027646,0.036833,-0.158874
-0.028363,0.020401,-0.115368
-0.029783,0.015517,-0.052640
-0.031815,0.017092,0.004817
-0.035458,0.016578,0.056910
-0.032941,0.013908,0.111135
-0.029166,0.007081,0.154746
-0.026139,-0.003923,0.188723
-0.020988,-0.025587,0.221532
-0.014711,-0.052515,0.246839
-0.009318,-0.085686,0.256175
-0.001008,-0.118829,0.262294
0.008257,-0.149672,0.251372
0.017378,-0.168703,0.233062
0.027286,-0.173664,0.194708
0.034980,-0.158254,0.145791
0.038435,-0.127840,0.090623
0.040589,-0.073868,0.027118
0.038464,-0.012425,-0.036295
0.033126,0.051089,-0.093259
0.028501,0.109213,-0.143843
0.025651,0.149130,-0.187091
0.024521,0.166568,-0.222995
0.021271,0.162560,-0.248441
0.016938,0.144540,-0.260222
0.008647,0.117835,-0.257182
-0.000596,0.087774,-0.238213
-0.010679,0.069401,-0.213831
-0.018626,0.050899,-0.176702
-0.026357,0.044106,-0.137381
-0.034759,0.044650,-0.084204
-0.038961,0.045261,-0.037430
-0.040930,0.040529,0.009279
-0.037776,0.021949,0.052672
-0.030489,-0.002924,0.085363
-0.023076,-0.036282,0.112660
-0.023322,-0.069577,0.133577
-0.020588,-0.101760,0.150266
-0.018744,-0.126434,0.162756
-0.012960,-0.137117,0.163696
-0.007195,-0.143492,0.160409
-0.001468,-0.150888,0.152895
0.004183,-0.143241,0.134868
0.007782,-0.131365,0.120042
0.013202,-0.124690,0.092450
0.016514,-0.128736,0.070082
0.022621,-0.125239,0.040360
0.023657,-0.119583,0.008519
0.027443,-0.117163,-0.020137
0.026193,-0.115851,-0.044502
0.022857,-0.115571,-0.072047
0.015492,-0.118600,-0.088980
0.011916,-0.131208,-0.108121
0.010193,-0.142855,-0.116649
0.005484,-0.160970,-0.118861
0.000786,-0.179171,-0.112605
-0.002945,-0.188753,-0.114797
-0.004728,-0.194143,-0.109538
-0.009402,-0.195331,-0.097918
-0.012045,-0.188002,-0.084108
-0.013621,-0.173176,-0.073465
-0.011238,-0.160486,-0.062860
-0.007830,-0.139238,-0.054297
-0.007264,-0.111565,-0.047799
-0.007653,-0.081702,-0.046560
-0.008934,-0.046594,-0.035714
-0.007211,-0.018913,-0.029112
-0.002505,-0.001822,-0.031062
0.000277,0.001319,-0.024627
-0.000826,-0.002942,-0.024624
0.000018,-0.023232,-0.022582
-0.000131,-0.040358,-0.017341
-0.004164,-0.050009,-0.012037
-0.007180,-0.054313,-0.007754
-0.009218,-0.051222,0.004035
-0.007294,-0.048012,0.004131
-0.006308,-0.040572,0.007407
-0.007281,-0.026646,0.002230
-0.005344,-0.018044,-0.004048
-0.004461,-0.005099,-0.017744
-0.003635,0.007841,-0.031473
0.000039,0.029371,-0.050405
-0.001244,0.051936,-0.066179
0.000269,0.079925,-0.090389
0.000718,0.112142,-0.110269
-0.000843,0.149605,-0.121627
0.001475,0.182879,-0.140422
0.002747,0.206422,-0.147755
0.003953,0.229001,-0.164549
0.000240,0.257789,-0.161038
-0.004439,0.279126,-0.159715
-0.009025,0.293972,-0.150029
-0.012607,0.307724,-0.137086
-0.013141,0.317050,-0.109380
-0.012564,0.328618,-0.091102
-0.014730,0.344219,-0.049494
-0.019605,0.359897,-0.016449
-0.021349,0.364890,0.018729
-0.022873,0.362251,0.070928
-0.025990,0.343532,0.129214
-0.026792,0.306681,0.187467
-0.027252,0.251698,0.244493
-0.012790,0.176595,0.285372
-0.006902,0.089714,0.329263
0.000124,0.010446,0.359447
0.005346,-0.074127,0.385180
0.009650,-0.148913,0.391795
0.015808,-0.177587,0.377758
0.027685,-0.211568,0.356850
0.037340,-0.202434,0.295088
0.043638,-0.157019,0.234850
0.046603,-0.096534,0.160831
0.047233,-0.030485,0.063448
0.043409,0.034460,-0.029595
0.039087,0.097150,-0.109857
0.033379,0.137400,-0.187139
0.028222,0.165891,-0.262367
0.022636,0.178143,-0.314321
0.012836,0.183854,-0.351368
0.004856,0.185113,-0.369300
-0.004233,0.170174,-0.368224
-0.016221,0.157119,-0.342732
-0.024106,0.131171,-0.308955
-0.029727,0.122201,-0.264245
-0.034057,0.108790,-0.202660
-0.034060,0.085745,-0.137990
-0.033641,0.067960,-0.065818
-0.037742,0.049117,0.005256
-0.037454,0.023936,0.069929
-0.037734,-0.006431,0.119702
-0.033886,-0.031415,0.164153
-0.028842,-0.061705,0.205333
-0.024583,-0.087580,0.231656
-0.017255,-0.109116,0.250504
-0.009894,-0.127387,0.263049
0.002370,-0.135947,0.263919
0.014597,-0.136878,0.248890
0.025722,-0.121661,0.220213
0.033700,-0.093537,0.180998
0.040454,-0.053494,0.123855
0.040952,-0.006918,0.054049
0.039068,0.042863,-0.015680
0.031947,0.089315,-0.072704
0.028402,0.122923,-0.125535
0.026537,0.139462,-0.178459
0.022469,0.146220,-0.213389
0.018194,0.143311,-0.242002
0.010880,0.131738,-0.257922
0.000575,0.112538,-0.257986
-0.008711,0.091064,-0.244290
-0.016945,0.071623,-0.221088
-0.023043,0.056358,-0.188265
-0.033807,0.044166,-0.142682
-0.039367,0.040478,-0.093848
-0.044611,0.035649,-0.037589
-0.044601,0.029734,0.020781
-0.041337,0.019622,0.071667
-0.035786,-0.000048,0.118252
-0.028104,-0.030223,0.147748
-0.021237,-0.060379,0.175122
-0.014266,-0.079799,0.196189
-0.006244,-0.091583,0.200295
0.004698,-0.096856,0.193862
0.013581,-0.090284,0.176878
0.019425,-0.077227,0.151463
0.025080,-0.058765,0.118663
0.025646,-0.039177,0.080586
0.025972,-0.020685,0.045689
0.026096,-0.001087,0.006537
0.025037,0.015226,-0.024112
0.020867,0.024040,-0.051624
0.018513,0.032837,-0.076958
0.013125,0.035079,-0.087535
0.007695,0.038324,-0.091702
0.002280,0.041497,-0.088450
-0.001150,0.040370,-0.082030
-0.007436,0.042367,-0.068198
-0.010697,0.042190,-0.050148
-0.013853,0.044164,-0.034221
-0.018837,0.045038,-0.015113
-0.020800,0.043769,0.005043
-0.020711,0.043573,0.024129
-0.021429,0.041174,0.050649
-0.022031,0.033509,0.070775
-0.018595,0.028006,0.087740
-0.015074,0.022535,0.101527
-0.009534,0.011769,0.110997
-0.004926,-0.001100,0.117265
-0.001290,-0.004277,0.115157
0.000370,0.009546,0.120653
0.003990,0.009661,0.108947
0.005612,0.012969,0.098386
0.004218,0.026895,0.093195
0.004756,0.039796,0.083751
0.006210,0.045280,0.068937
0.007592,0.043237,0.059335
0.007917,0.036928,0.049703
0.007231,0.031734,0.035855
0.003496,0.021191,0.023036
0.000704,0.007377,0.017608
-0.001182,-0.005354,0.010077
-0.003094,-0.017079,0.007833
-0.003094,-0.027738,0.006700
-0.003052,-0.044812,0.006544
-0.005970,-0.055494,0.007505
-0.006914,-0.064107,0.014857
-0.005857,-0.057759,0.020191
-0.005742,-0.050325,0.023376
-0.004611,-0.045078,0.031869
-0.003434,-0.040842,0.035026
0.000672,-0.031264,0.037169
0.000904,-0.028093,0.039280
0.003092,-0.022727,0.036116
0.002312,-0.015266,0.037227
0.003486,-0.008809,0.031985
0.008536,-0.007700,0.027757
0.011574,-0.006535,0.018238
0.010697,-0.008613,0.012956
0.006831,-0.004287,0.007744
0.004887,-0.003164,0.002490
0.002942,0.000082,-0.001698
0.001955,0.002198,0.000456
-0.000978,0.004345,-0.000559
-0.003916,0.007544,-0.000530
-0.005868,0.007544,-0.000530
-0.008773,0.008558,0.004777
-0.011675,0.012804,0.006922
-0.013551,0.018013,0.019679
-0.013398,0.019016,0.026047
-0.011274,0.016850,0.029205
-0.007158,0.009355,0.031213
-0.004043,0.001889,0.030054
-0.001916,-0.006630,0.027822
0.001150,-0.010791,0.017147
0.000243,-0.010709,0.008617
0.002225,-0.008493,0.000113
0.003186,-0.004151,-0.007290
0.004075,0.007675,-0.015684
0.002983,0.023722,-0.019816
0.002862,0.037668,-0.027121
0.002731,0.045139,-0.027042
0.003570,0.049385,-0.024854
0.005423,0.050433,-0.022702
0.003392,0.045078,-0.020592
-0.001527,0.036480,-0.014265
-0.002553,0.028945,-0.007957
-0.004498,0.019299,-0.003790
-0.004517,0.006443,0.001444
-0.005450,-0.006371,0.002414
-0.004466,-0.017073,0.005490
-0.004436,-0.024556,0.006464
-0.005374,-0.027748,0.005333
-0.005369,-0.029863,0.003165
-0.004396,-0.028789,0.002086
-0.004401,-0.019186,0.002149
-0.004420,-0.004245,0.002237
-0.004440,0.003266,-0.001956
-0.003492,0.012890,-0.003972
-0.003502,0.013971,-0.004975
-0.002537,0.013952,-0.002818
-0.001578,0.009676,-0.001760
-0.002551,0.004341,-0.001764
0.000391,-0.003168,0.002456
-0.003450,-0.004283,0.007814
-0.003401,-0.008590,0.012069
-0.005243,-0.009697,0.016316
-0.007085,-0.008702,0.023774
-0.005943,-0.011958,0.029065
-0.006763,-0.007723,0.032272
-0.004612,-0.006697,0.036503
-0.006346,-0.002486,0.041797
-0.002185,0.001772,0.042910
0.000037,0.002825,0.043939
0.003190,0.000731,0.039648
0.004390,0.002928,0.033287
0.006506,0.008357,0.023757
0.007595,0.011673,0.012087
0.008599,0.019238,0.002582
0.009567,0.026813,-0.007977
0.009464,0.036556,-0.021686
0.008338,0.046278,-0.033273
0.007159,0.051691,-0.040648
0.004973,0.051756,-0.046993
-0.001154,0.050739,-0.052313
-0.002412,0.044339,-0.052327
-0.004642,0.033640,-0.049197
-0.007834,0.017595,-0.045037
-0.009049,-0.000628,-0.036687
-0.012170,-0.016729,-0.027243
-0.015209,-0.033943,-0.013563
-0.014290,-0.041520,-0.003025
-0.015255,-0.042779,0.016042
-0.013179,-0.048212,0.025517
-0.013010,-0.049375,0.035021
-0.008895,-0.046262,0.043495
-0.007653,-0.040941,0.044555
-0.002522,-0.038809,0.044546
0.002618,-0.041984,0.041301
0.007702,-0.044059,0.034854
0.008832,-0.047153,0.024187
0.012809,-0.045948,0.010397
0.013775,-0.046857,-0.005548
0.014652,-0.031782,-0.019246
0.013489,-0.017734,-0.037173
0.009315,0.002660,-0.048654
0.007051,0.020873,-0.054843
0.003789,0.031590,-0.058959
0.001503,0.034826,-0.062065
-0.001783,0.036955,-0.060916
-0.005010,0.035772,-0.049184
-0.011131,0.034637,-0.041683
-0.012302,0.015294,-0.028017
-0.012413,0.015149,-0.013121
-0.016334,0.014966,0.004916
-0.016232,0.014796,0.021892
-0.014088,0.009334,0.034563
-0.013829,0.001757,0.045094
-0.010597,-0.007945,0.054538
-0.010263,-0.015440,0.056546
-0.006008,-0.024002,0.058574
-0.003725,-0.033598,0.057394
0.000498,-0.038915,0.055184
0.003709,-0.051648,0.047617
0.007835,-0.064339,0.035800
0.007984,-0.059968,0.025179
0.010993,-0.061997,0.014493
0.011011,-0.054412,0.002860
0.010961,-0.052156,-0.009922
0.008868,-0.032848,-0.020448
0.007724,-0.013548,-0.029863
0.007508,0.003608,-0.038236
0.005303,0.025003,-0.043383
0.004066,0.041042,-0.046419
0.001853,0.051716,-0.046277
-0.000354,0.050696,-0.050475
-0.000602,0.046348,-0.041941
-0.003739,0.042013,-0.034447
-0.004879,0.037671,-0.025880
-0.007912,0.033334,-0.018414
-0.011867,0.031053,-0.003544
-0.013768,0.027699,0.012433
-0.015589,0.017956,0.027313
-0.016355,0.006139,0.035789
-0.016083,-0.021748,0.050490
-0.013816,-0.052871,0.068319
-0.017263,-0.093678,0.093465
-0.013782,-0.126887,0.105915
-0.009257,-0.155841,0.119422
-0.005665,-0.171949,0.128755
-0.003046,-0.175200,0.132867
-0.001386,-0.177323,0.130595
0.001243,-0.168757,0.126302
0.007683,-0.159026,0.112441
0.016976,-0.142845,0.094354
0.024181,-0.122292,0.065745
0.028269,-0.097432,0.032924
0.029247,-0.070412,-0.001981
0.028112,-0.040274,-0.028306
0.028765,-0.020704,-0.064212
0.028282,0.004205,-0.100037
0.027590,0.023756,-0.133801
0.027702,0.042161,-0.159045
0.021814,0.063742,-0.182146
0.012902,0.082033,-0.196742
0.000024,0.103426,-0.200696
-0.009869,0.131098,-0.191870
-0.017724,0.153397,-0.179920
-0.025476,0.177790,-0.163715
-0.031138,0.196748,-0.138014
-0.038595,0.203944,-0.110328
-0.043914,0.191920,-0.081749
-0.044188,0.173493,-0.053211
-0.037499,0.135867,-0.025944
-0.028742,0.085507,-0.006272
-0.022830,0.041573,0.011383
-0.020752,0.011493,0.031302
-0.018548,-0.010040,0.050234
-0.014309,-0.025080,0.059604
-0.010995,-0.008027,0.061875
-0.005705,-0.008092,0.068227
-0.001361,-0.003816,0.067162
0.001974,0.006897,0.063012
0.007230,0.015497,0.056713
0.013409,0.014548,0.045026
0.019507,-0.002463,0.038504
0.021660,-0.019448,0.029936
0.017903,-0.024737,0.025694
0.015087,-0.034252,0.017163
0.014167,-0.053382,0.009610
0.011246,-0.072535,0.004143
0.010238,-0.092809,0.003987
0.008237,-0.108742,-0.003565
0.007152,-0.115167,-0.001513
0.004130,-0.116237,-0.001557
0.005988,-0.115172,-0.001582
0.004905,-0.104462,-0.005760
0.003814,-0.086272,-0.010962
0.002718,-0.058491,-0.015061
0.004487,-0.031711,-0.025500
0.003316,-0.004919,-0.037001
0.002088,0.025042,-0.045270
-0.000144,0.051803,-0.053538
-0.005310,0.071065,-0.058675
-0.007593,0.083942,-0.064875
-0.009889,0.087169,-0.066914
-0.011205,0.086052,-0.061569
-0.013468,0.077447,-0.054127
-0.014672,0.060270,-0.043603
-0.015838,0.045175,-0.027763
-0.014978,0.033303,-0.014046
-0.013027,0.021385,0.003909
-0.011949,0.022245,0.024079
-0.009805,0.027448,0.036803
-0.006591,0.034851,0.043185
-0.005276,0.044395,0.048491
-0.002990,0.052987,0.043210
-0.000727,0.061594,0.035803
0.002440,0.065974,0.024128
0.005512,0.057626,0.004928
0.010379,0.041871,-0.020731
0.011161,0.026099,-0.044206
0.009841,0.016709,-0.065496
0.008407,0.012583,-0.079278
0.005917,0.014815,-0.088774
0.005333,0.014860,-0.092983
0.001830,0.022396,-0.099285
0.000266,0.040503,-0.095964
-0.002245,0.061781,-0.089440
-0.004665,0.084094,-0.079709
-0.004117,0.098930,-0.070069
-0.005425,0.112708,-0.060378
-0.005677,0.112587,-0.047592
-0.006825,0.099636,-0.032801
-0.005966,0.071789,-0.022371
-0.004042,0.035363,-0.007758
-0.001119,-0.010656,0.005704
-0.001046,-0.050220,0.013909
-0.002902,-0.086666,0.029487
-0.004678,-0.113442,0.038769
-0.007413,-0.126340,0.048197
-0.006188,-0.122146,0.055662
-0.005887,-0.112626,0.063098
-0.006518,-0.095592,0.066326
-0.005188,-0.079582,0.065344
-0.003843,-0.065725,0.066463
-0.001532,-0.048593,0.060163
0.002695,-0.033550,0.049649
0.005881,-0.028059,0.033711
0.007941,-0.022481,0.009320
0.008879,-0.011541,-0.017127
0.008682,0.000410,-0.038251
0.009304,0.017750,-0.064627
0.006908,0.042487,-0.083490
0.005378,0.075754,-0.101211
0.004732,0.111113,-0.114627
0.004062,0.137856,-0.120704
0.001421,0.161392,-0.125735
-0.003169,0.180650,-0.129721
-0.005799,0.197625,-0.118865
-0.009317,0.199678,-0.110296
-0.010836,0.194230,-0.098616
-0.013234,0.182312,-0.079496
-0.015524,0.160757,-0.057250
-0.016712,0.127491,-0.038350
-0.014870,0.087841,-0.021657
-0.012963,0.050339,-0.005964
-0.007077,-0.002122,0.010549
-0.010851,-0.032172,0.027257
-0.009700,-0.049431,0.045103
-0.011354,-0.046340,0.055658
-0.010033,-0.036830,0.064112
-0.005728,-0.018762,0.070504
-0.002371,0.000445,0.069459
0.001973,0.012243,0.061983
0.006225,0.005965,0.047961
0.010390,0.008239,0.032987
0.010543,0.025453,0.018164
0.017396,0.017168,-0.007437
0.018252,0.009951,-0.033008
0.017950,0.014389,-0.049982
0.015611,0.022039,-0.067968
0.013181,0.025366,-0.080657
0.010692,0.024416,-0.092330
0.008147,0.025548,-0.098673
0.002669,0.030877,-0.097510
-0.001825,0.030847,-0.094264
-0.008216,0.031772,-0.079310
-0.012550,0.026318,-0.066528
-0.014837,0.026102,-0.044150
-0.018929,0.022611,-0.014367
-0.022828,0.015897,0.017525
-0.026499,0.010270,0.047263
-0.027056,0.001422,0.079136
-0.025492,-0.024491,0.109729
-0.027651,-0.051466,0.139218
-0.024753,-0.077393,0.169687
-0.016847,-0.097820,0.184337
-0.008869,-0.111775,0.192752
0.000103,-0.127810,0.194651
0.006127,-0.144765,0.181652
0.011041,-0.143536,0.164575
0.017761,-0.131549,0.139138
0.024290,-0.107709,0.102076
0.027684,-0.080614,0.059744
0.032717,-0.037478,0.014397
0.032631,0.006780,-0.036233
0.030281,0.052128,-0.088947
0.027653,0.086699,-0.131123
0.023836,0.106325,-0.172300
0.019772,0.117344,-0.206097
0.016516,0.119699,-0.227195
0.007300,0.115523,-0.235587
0.000994,0.106996,-0.235530
-0.008238,0.105822,-0.223737
-0.018327,0.108828,-0.203453
-0.023369,0.112807,-0.173604
-0.030161,0.117827,-0.141672
-0.034775,0.122784,-0.103402
-0.037191,0.130918,-0.062982
-0.037389,0.121972,-0.021594
-0.035362,0.090599,0.020576
-0.031171,0.041055,0.065819
-0.027666,-0.018041,0.105639
-0.024938,-0.056817,0.141433
-0.021047,-0.108420,0.179223
-0.013052,-0.159889,0.203152
-0.010769,-0.178268,0.226301
-0.002562,-0.185810,0.233626
0.003697,-0.184762,0.234585
0.012869,-0.171868,0.223873
0.022908,-0.147134,0.203776
0.032782,-0.111607,0.172150
0.040516,-0.074912,0.129847
0.045966,-0.036967,0.069565
0.051069,0.012803,0.000904
0.047916,0.061606,-0.077274
0.039445,0.108156,-0.143814
0.028628,0.135367,-0.196645
0.021436,0.162600,-0.251577
0.014909,0.176838,-0.287503
0.008217,0.189832,-0.305338
-0.000514,0.202720,-0.312535
-0.014110,0.202645,-0.303916
-0.023679,0.202346,-0.272987
-0.035978,0.201956,-0.232488
-0.044070,0.196114,-0.181552
-0.046936,0.172129,-0.130780
-0.049459,0.149111,-0.069313
-0.044765,0.107880,-0.001735
-0.046483,0.055012,0.056246
-0.039063,-0.004334,0.121606
-0.029338,-0.062405,0.165650
-0.023280,-0.099022,0.199375
-0.015103,-0.151741,0.241353
-0.005756,-0.190313,0.255781
-0.001209,-0.202185,0.268341
0.005304,-0.192605,0.270506
0.015681,-0.176466,0.256727
0.024990,-0.142104,0.234612
0.035055,-0.096944,0.199859
0.040050,-0.048465,0.153449
0.043729,-0.003080,0.096429
0.043141,0.035948,0.035143
0.040231,0.072896,-0.031452
0.033984,0.098053,-0.092838
0.027391,0.108146,-0.141596
0.019561,0.113843,-0.177637
0.012525,0.112058,-0.212661
0.007250,0.097335,-0.233970
-0.002031,0.078189,-0.239347
-0.010343,0.069616,-0.235087
-0.018595,0.058762,-0.215986
-0.024753,0.042476,-0.187361
-0.032641,0.022914,-0.152472
-0.039313,0.007531,-0.107978
-0.045669,0.000605,-0.054916
-0.045833,-0.006315,-0.002920
-0.043707,-0.010005,0.045914
-0.042267,-0.013693,0.094734
-0.036635,-0.025832,0.134991
-0.031753,-0.049632,0.167774
-0.025729,-0.083049,0.201492
-0.019557,-0.102532,0.228945
-0.014170,-0.104917,0.254382
-0.005752,-0.097549,0.265120
0.001769,-0.101898,0.272490
0.008312,-0.100742,0.264053
0.005994,-0.093219,0.258841
0.005578,-0.089923,0.249300
0.000238,-0.109075,0.242655
0.003611,-0.118602,0.233986
0.010795,-0.119439,0.210544
0.019742,-0.110664,0.186118
0.030476,-0.100727,0.152146
0.037092,-0.079009,0.114039
0.036632,-0.051909,0.071784
0.034952,-0.018437,0.032767
0.030118,0.018160,0.001206
0.020253,0.048307,-0.025044
0.016135,0.068843,-0.050283
0.013848,0.080758,-0.067074
0.012448,0.079797,-0.077607
0.013929,0.074546,-0.084942
0.009546,0.060667,-0.082840
0.006164,0.033937,-0.076555
-0.001059,-0.002559,-0.054452
-0.009144,-0.036949,-0.029099
-0.016997,-0.072513,0.005648
-0.020748,-0.110176,0.036036
-0.018531,-0.140251,0.055974
-0.017184,-0.144794,0.083557
-0.015713,-0.143846,0.094032
-0.013197,-0.131108,0.099262
-0.014595,-0.115190,0.106670
-0.010146,-0.095931,0.100306
-0.001798,-0.074506,0.090770
0.005480,-0.058258,0.065259
0.009665,-0.037725,0.038751
0.013657,-0.022441,0.003785
0.017447,0.002434,-0.030020
0.019115,0.028362,-0.061661
0.023513,0.044740,-0.097563
0.022859,0.057878,-0.130308
0.021993,0.060314,-0.159956
0.018063,0.063694,-0.176800
0.009163,0.064923,-0.192628
0.004107,0.068162,-0.195714
-0.002896,0.073417,-0.187124
-0.011759,0.074275,-0.165846
-0.019501,0.073009,-0.145641
-0.025126,0.064170,-0.114856
-0.027631,0.049963,-0.080985
-0.027021,0.040010,-0.046014
-0.026192,0.024676,-0.006852
-0.022205,0.010443,0.029129
-0.020929,-0.004844,0.064046
-0.015578,-0.027493,0.088322
-0.014000,-0.047948,0.106224
-0.011358,-0.069428,0.119844
-0.009635,-0.078074,0.130352
-0.005947,-0.078059,0.128147
-0.002293,-0.069478,0.123977
0.005237,-0.063015,0.117612
0.008800,-0.057488,0.098539
0.012227,-0.047697,0.079463
0.015544,-0.038919,0.055100
0.016752,-0.033364,0.032803
0.017842,-0.026712,0.007347
0.017792,-0.028584,-0.019238
0.014646,-0.029374,-0.046869
0.012327,-0.028096,-0.068114
0.009885,-0.018354,-0.081852
0.008353,-0.005419,-0.094458
0.007737,0.004262,-0.101767
0.007081,0.022503,-0.111102
0.005433,0.035301,-0.109866
0.002815,0.048092,-0.107542
-0.000710,0.061879,-0.097747
-0.004201,0.084250,-0.093266
-0.009572,0.104411,-0.081341
-0.010942,0.124522,-0.064119
-0.015132,0.132940,-0.051230
-0.015314,0.131695,-0.033153
-0.014434,0.117690,-0.019441
-0.013474,0.086619,-0.006938
-0.012459,0.042619,0.017091
-0.011348,0.002975,0.032661
-0.010126,-0.031386,0.053541
-0.010741,-0.056168,0.076620
-0.011220,-0.078789,0.096551
-0.010585,-0.090692,0.112294
-0.011818,-0.087655,0.128096
-0.010068,-0.074905,0.133478
-0.009239,-0.061092,0.138836
-0.004505,-0.057908,0.139842
-0.000737,-0.052484,0.130271
0.007798,-0.052348,0.116436
0.012328,-0.046845,0.099486
0.016737,-0.044439,0.071856
0.019017,-0.034510,0.038966
0.020087,-0.026658,0.000814
0.019964,-0.011301,-0.041578
0.021518,0.010571,-0.094483
0.018822,0.046329,-0.148343
0.011965,0.095778,-0.184003
0.007824,0.146230,-0.213237
0.005505,0.190314,-0.244525
0.001064,0.210765,-0.260062
-0.004369,0.203280,-0.257922
-0.008792,0.181881,-0.251674
-0.015136,0.167836,-0.233634
-0.023278,0.146144,-0.197615
-0.026302,0.118009,-0.158545
-0.030062,0.100522,-0.117223
-0.032552,0.085068,-0.066460
-0.031830,0.069702,-0.022973
-0.028862,0.046613,0.044763
-0.025482,0.015077,0.103935
-0.018764,-0.029222,0.158815
-0.011800,-0.065976,0.205240
-0.007482,-0.116530,0.245196
0.002947,-0.174537,0.281682
0.008627,-0.223745,0.291697
0.013280,-0.248252,0.288355
0.017895,-0.255707,0.286078
0.022472,-0.261939,0.266633
0.022935,-0.257321,0.230430
0.024109,-0.233608,0.207306
0.023205,-0.206609,0.174516
0.025014,-0.194434,0.128719
0.025558,-0.173747,0.086269
0.026824,-0.140208,0.039742
0.025889,-0.103444,-0.008858
0.022696,-0.060228,-0.062734
0.015351,-0.019209,-0.110270
0.016448,-0.000562,-0.159938
0.006597,0.024345,-0.196991
0.009158,0.066435,-0.243248
-0.000149,0.121048,-0.261899
-0.003719,0.158495,-0.271037
-0.010231,0.186379,-0.283395
-0.021659,0.198037,-0.273550
-0.030024,0.202102,-0.252161
-0.037274,0.195470,-0.227670
-0.041414,0.173752,-0.188364
-0.037524,0.146626,-0.142807
-0.034314,0.102455,-0.100652
-0.029893,0.052832,-0.044495
-0.027031,0.000888,0.028440
-0.022739,-0.040215,0.083264
-0.016212,-0.062025,0.130989
-0.008433,-0.080583,0.173382
-0.005299,-0.088387,0.206152
-0.004931,-0.095018,0.228379
-0.005393,-0.093097,0.249624
-0.001910,-0.094233,0.255869
0.002610,-0.092083,0.253697
0.010930,-0.096271,0.245130
0.020166,-0.108940,0.231191
0.024417,-0.120474,0.209765
0.029429,-0.135083,0.175557
0.032296,-0.142289,0.147697
0.032947,-0.128943,0.093656
0.031358,-0.107229,0.055516
0.029522,-0.073537,-0.007030
0.023436,-0.034584,-0.062074
0.020895,0.008611,-0.113843
0.013222,0.067738,-0.158094
0.010215,0.126822,-0.196866
0.007971,0.145336,-0.233828
0.003604,0.172206,-0.252686
-0.002823,0.191536,-0.264099
-0.006351,0.197949,-0.263911
-0.013731,0.190393,-0.253132
-0.021972,0.177343,-0.227634
-0.028101,0.167428,-0.195756
-0.033049,0.155343,-0.159577
-0.035807,0.140003,-0.118191
-0.037328,0.128933,-0.076691
-0.037595,0.114595,-0.030065
-0.036624,0.089656,0.010164
-0.030541,0.064646,0.056718
-0.024207,0.037625,0.090409
-0.016693,0.009620,0.116746
-0.009055,-0.023736,0.144078
-0.003244,-0.039866,0.155569
-0.000300,-0.034579,0.159783
0.002630,-0.032460,0.160765
0.007504,-0.036651,0.152143
0.012294,-0.031154,0.135075
0.016955,-0.009640,0.117106
0.023422,0.016241,0.089654
0.031682,0.028331,0.053544
0.034818,0.038306,0.015301
0.033799,0.050484,-0.029255
0.027634,0.057303,-0.070636
0.022204,0.066134,-0.100318
0.019526,0.074922,-0.125748
0.019640,0.089041,-0.150023
0.014791,0.093410,-0.159487
0.006947,0.094557,-0.166835
-0.000895,0.103080,-0.164563
-0.008695,0.104014,-0.150684
-0.015394,0.103758,-0.125185
-0.020943,0.097115,-0.100768
-0.024392,0.094637,-0.065691
-0.022731,0.090002,-0.028503
-0.025687,0.078947,0.010743
-0.029376,0.059279,0.057377
-0.025947,0.024731,0.097494
-0.024204,-0.006574,0.133340
-0.018425,-0.033511,0.158593
-0.011520,-0.055003,0.173261
-0.009426,-0.073253,0.183699
-0.008309,-0.087074,0.178245
-0.001380,-0.086990,0.170871
0.004458,-0.080424,0.153868
0.010196,-0.066315,0.129490
0.015751,-0.047864,0.097694
0.018182,-0.019766,0.061751
0.021342,0.002026,0.016197
0.022299,0.026978,-0.025086
0.019068,0.045558,-0.069607
0.017564,0.062985,-0.105607
0.012919,0.080288,-0.128863
0.009120,0.084760,-0.148999
0.009138,0.085996,-0.165979
0.005177,0.079626,-0.169204
0.003192,0.071028,-0.162871
-0.003629,0.061320,-0.152289
-0.009388,0.054718,-0.132151
-0.013034,0.045932,-0.106715
-0.015550,0.033911,-0.078101
-0.019807,0.029276,-0.040934
-0.021918,0.019358,-0.009119
-0.022803,0.007241,0.029080
-0.017641,-0.004812,0.060877
-0.016165,-0.019992,0.085204
-0.010683,-0.048949,0.099862
-0.008062,-0.068252,0.109264
-0.008341,-0.092912,0.120735
-0.005644,-0.111096,0.124849
-0.002940,-0.124989,0.126856
-0.000278,-0.131326,0.120405
0.002370,-0.128062,0.114054
0.003981,-0.122612,0.102402
0.007448,-0.113932,0.087546
0.007898,-0.097771,0.071702
0.008243,-0.080512,0.052677
0.008513,-0.062269,0.042156
0.006728,-0.037570,0.026400
0.004874,-0.015014,0.011665
0.004905,-0.000000,0.004361
0.002950,0.016090,-0.003986
0.000956,0.024648,-0.006027
-0.000050,0.017195,-0.007105
0.001856,0.005462,-0.007139
-0.001106,-0.009474,-0.007214
-0.003065,-0.024494,0.001206
-0.004035,-0.042684,0.006423
-0.004967,-0.051260,0.010647
-0.005856,-0.056680,0.019124
-0.006727,-0.057809,0.025509
-0.005574,-0.062143,0.031845
-0.007341,-0.054718,0.036120
-0.007118,-0.046212,0.039355
-0.007867,-0.035542,0.039428
-0.005679,-0.031271,0.039435
-0.005451,-0.022704,0.036292
-0.005235,-0.002394,0.032171
-0.003105,0.005114,0.027930
-0.000032,0.014770,0.022688
0.001041,0.015930,0.013114
0.002077,0.018167,0.002510
0.004032,0.035312,-0.004810
0.002015,0.048202,-0.013214
0.002896,0.063216,-0.020524
0.000827,0.075009,-0.025727
0.002617,0.082534,-0.030932
0.004391,0.087924,-0.036177
0.005145,0.087979,-0.041454
0.004914,0.080545,-0.044661
0.004655,0.068788,-0.042607
0.002472,0.054867,-0.037396
0.001302,0.041981,-0.028951
0.001176,0.021620,-0.020597
-0.000861,0.009796,-0.012204
-0.003809,-0.010582,-0.001780
-0.005726,-0.026705,0.009765
-0.009515,-0.041764,0.021313
-0.011311,-0.055734,0.030720
-0.012058,-0.069718,0.041204
-0.011801,-0.077288,0.050632
-0.007577,-0.082710,0.059017
-0.006259,-0.081670,0.061072
-0.004940,-0.068890,0.063230
-0.000727,-0.053851,0.052660
0.001500,-0.034501,0.037891
0.002650,-0.015127,0.021014
0.008553,0.005403,-0.004316
0.009416,0.030232,-0.032783
0.009136,0.050730,-0.054887
0.007767,0.066964,-0.076979
0.010188,0.077831,-0.095893
0.009568,0.086534,-0.111651
0.007878,0.095200,-0.123137
0.004189,0.097397,-0.128299
-0.000451,0.102699,-0.123891
-0.009944,0.110068,-0.113139
-0.014454,0.116296,-0.094970
-0.017879,0.124625,-0.073613
-0.021118,0.127531,-0.043814
-0.023225,0.121943,-0.018355
-0.021250,0.109928,0.009114
-0.020098,0.087250,0.035423
-0.016846,0.054981,0.060628
-0.010507,0.014194,0.083588
-0.008946,-0.028682,0.102299
-0.003399,-0.062951,0.113623
0.002161,-0.086432,0.113377
0.003791,-0.104503,0.105736
0.006352,-0.119363,0.097056
0.008842,-0.128877,0.087346
0.010260,-0.127625,0.068167
0.014491,-0.116803,0.052221
0.015664,-0.102714,0.029950
0.015759,-0.079052,0.010974
0.015703,-0.052172,-0.010095
0.015548,-0.035958,-0.031258
0.011372,-0.011203,-0.052291
0.005154,0.003874,-0.065968
0.002761,0.013554,-0.073311
-0.001606,0.023257,-0.082735
-0.004061,0.036092,-0.084648
-0.002632,0.040431,-0.090894
-0.003152,0.046810,-0.087565
-0.004661,0.049966,-0.082129
-0.008086,0.060612,-0.078734
-0.011463,0.077608,-0.070007
-0.012827,0.099900,-0.056983
-0.014101,0.114739,-0.046166
-0.015287,0.129570,-0.034304
-0.013478,0.136913,-0.021486
-0.014486,0.133578,-0.008744
-0.013510,0.123892,-0.000298
-0.011479,0.104585,0.010170
-0.010395,0.073544,0.019469
-0.007288,0.044576,0.034003
-0.006086,0.011375,0.045350
0.000064,-0.013283,0.056806
0.003358,-0.033743,0.074624
0.005776,-0.040283,0.087218
0.005355,-0.051087,0.099795
0.004037,-0.053375,0.114575
0.002821,-0.065195,0.121803
0.003596,-0.079098,0.123700
0.008222,-0.092940,0.120389
0.009927,-0.113224,0.121258
0.013522,-0.136592,0.109278
0.015102,-0.162119,0.099360
0.015573,-0.192817,0.074728
0.015929,-0.203443,0.070390
0.015218,-0.193560,0.041709
0.013388,-0.164442,0.011186
0.010398,-0.121560,-0.008677
0.005343,-0.057209,-0.041056
0.003997,0.006071,-0.072329
-0.000435,0.059705,-0.099463
-0.002059,0.099459,-0.125588
-0.003798,0.131609,-0.137979
-0.007571,0.157383,-0.153629
-0.009465,0.171346,-0.161898
-0.011401,0.170340,-0.167116
-0.013343,0.172427,-0.161702
-0.021076,0.162735,-0.152133
-0.025839,0.149834,-0.141525
-0.030509,0.136823,-0.120313
-0.030170,0.127008,-0.097985
-0.030667,0.117144,-0.071461
-0.029032,0.101945,-0.046140
-0.023393,0.085763,-0.028174
-0.018580,0.072486,0.018385
-0.012538,0.046615,0.043570
-0.003397,0.023912,0.073138
0.001042,0.006560,0.100561
0.005644,-0.002113,0.113143
0.009301,-0.007526,0.120489
0.012988,-0.017180,0.125709
0.015700,-0.029928,0.119148
0.018384,-0.039441,0.109446
0.020974,-0.047866,0.097645
0.024439,-0.059411,0.077287
0.026775,-0.064561,0.058059
0.026060,-0.062202,0.034625
0.023226,-0.057663,0.006986
0.019272,-0.042500,-0.016357
0.013200,-0.041101,-0.050417
0.008883,-0.023819,-0.071558
0.001508,0.008380,-0.090459
0.000876,0.043784,-0.109284
-0.000821,0.080267,-0.129147
-0.001630,0.109203,-0.140519
-0.002533,0.125331,-0.152001
-0.007374,0.145689,-0.159155
-0.015177,0.154202,-0.155793
-0.017101,0.160552,-0.149226
-0.019923,0.162612,-0.140573
-0.022672,0.144324,-0.124665
-0.026285,0.128145,-0.106650
-0.029768,0.109788,-0.085545
-0.031189,0.093596,-0.066504
-0.030512,0.078318,-0.031498
-0.026702,0.058800,-0.000903
-0.022710,0.030727,0.031773
-0.014603,0.006909,0.065513
-0.012149,-0.013616,0.089648
-0.005652,-0.023432,0.110798
-0.001968,-0.031071,0.126587
0.000792,-0.034296,0.128640
0.006478,-0.040708,0.129623
0.010195,-0.056665,0.124136
0.015821,-0.068305,0.113349
0.021312,-0.080924,0.094076
0.026690,-0.091394,0.073796
0.027074,-0.092307,0.057795
0.028294,-0.092046,0.031208
0.027407,-0.078970,0.003658
0.024394,-0.057368,-0.022742
0.020255,-0.031506,-0.048045
0.014998,-0.004607,-0.070149
0.010582,0.011587,-0.089162
0.006096,0.018129,-0.102921
0.003492,0.019302,-0.113529
-0.001123,0.021511,-0.120916
-0.004810,0.022602,-0.122994
-0.008512,0.021540,-0.122941
-0.012184,0.021494,-0.117546
-0.015784,0.026718,-0.105752
-0.020298,0.029763,-0.089761
-0.024695,0.038136,-0.072655
-0.026992,0.044307,-0.049216
-0.025269,0.040894,-0.027996
-0.025369,0.036468,-0.012097
-0.024378,0.029852,0.009103
-0.021328,0.016848,0.029198
-0.016190,0.002801,0.047147
-0.012914,-0.019767,0.062880
-0.008593,-0.043382,0.076497
-0.001255,-0.063772,0.088032
0.001268,-0.080892,0.092135
0.003797,-0.087338,0.096317
0.004380,-0.093770,0.099421
0.004993,-0.094797,0.095140
0.006555,-0.092667,0.095090
0.011010,-0.086181,0.086623
0.015384,-0.078585,0.072792
0.018707,-0.066714,0.059026
0.020964,-0.056959,0.044213
0.018229,-0.040734,0.022002
0.019254,-0.027691,-0.002336
0.016244,-0.017855,-0.025636
0.015013,-0.009106,-0.046796
0.009747,0.005011,-0.071098
0.007280,0.026504,-0.085774
0.004759,0.047977,-0.098278
0.004101,0.063046,-0.110873
-0.000518,0.079133,-0.118091
-0.002235,0.093012,-0.117879
-0.009786,0.113261,-0.114443
-0.014379,0.132388,-0.105724
-0.018873,0.147142,-0.086413
-0.022268,0.152310,-0.069334
-0.025539,0.148935,-0.051235
-0.023817,0.141236,-0.027889
-0.022950,0.121874,-0.012059
-0.020010,0.096138,0.000477
-0.018956,0.060767,0.016133
-0.015872,0.026547,0.023289
-0.011779,-0.006719,0.040982
-0.011511,-0.032407,0.048143
-0.009233,-0.051735,0.059619
-0.004944,-0.053948,0.066958
-0.002577,-0.048651,0.070104
-0.001163,-0.040186,0.076434
0.002256,-0.035955,0.079585
0.004700,-0.034884,0.078451
0.009097,-0.036982,0.074105
0.012465,-0.035870,0.068727
0.016758,-0.042171,0.058005
0.019036,-0.043100,0.044175
0.021193,-0.050424,0.029221
0.022276,-0.045998,0.013323
0.017410,-0.046905,-0.002602
0.015351,-0.036020,-0.023722
0.013177,-0.024081,-0.043799
0.008958,-0.007997,-0.051073
0.004666,0.016686,-0.064638
-0.000637,0.045534,-0.067499
-0.004957,0.069037,-0.069346
-0.008306,0.078595,-0.063882
-0.011611,0.091325,-0.055164
-0.014858,0.098718,-0.046514
-0.018987,0.096453,-0.032636
-0.021052,0.087721,-0.012462
-0.023013,0.069429,0.003405
-0.020958,0.050021,0.023460
-0.016856,0.026441,0.033920
-0.013645,0.003885,0.048613
-0.012326,-0.016464,0.055870
-0.006115,-0.036772,0.058883
-0.003798,-0.047499,0.064060
-0.002424,-0.045424,0.069315
0.000910,-0.033648,0.065111
0.005206,-0.020759,0.056657
0.008479,-0.015366,0.050248
0.010689,-0.005613,0.034300
0.011849,0.000930,0.019391
0.014857,0.003238,0.001290
0.016755,-0.000879,-0.014759
0.016607,-0.000704,-0.032865
0.016332,-0.000507,-0.053094
0.011065,0.009223,-0.065791
0.006693,0.024225,-0.072054
0.001326,0.039228,-0.078290
-0.001108,0.048782,-0.072866
-0.002559,0.050950,-0.075996
-0.003008,0.050895,-0.069526
-0.003421,0.050848,-0.064159
-0.004783,0.048624,-0.054552
-0.008994,0.043210,-0.046007
-0.012153,0.043087,-0.033205
-0.016233,0.044067,-0.023572
-0.016318,0.033263,-0.009803
-0.016346,0.027830,-0.000265
-0.014333,0.021333,0.009249
-0.014214,0.011603,0.021911
-0.011112,-0.004479,0.029191
-0.008941,-0.017391,0.039689
-0.006730,-0.030252,0.044848
-0.004478,-0.039898,0.049001
-0.000274,-0.039956,0.054243
0.002011,-0.042105,0.055244
0.004293,-0.044232,0.054123
0.006590,-0.047397,0.049775
0.006902,-0.042066,0.049760
0.008165,-0.042007,0.043331
0.008423,-0.039815,0.036901
0.010559,-0.042955,0.030465
0.009740,-0.046082,0.023010
0.009863,-0.048163,0.017679
0.007983,-0.052391,0.013370
0.004136,-0.051281,0.009135
0.005159,-0.045893,0.003856
0.001257,-0.043706,-0.001416
0.000270,-0.039391,-0.005574
-0.002722,-0.027594,-0.010729
-0.003803,-0.013642,-0.017979
-0.006845,-0.001880,-0.019936
-0.008938,0.007729,-0.019790
-0.010991,0.018396,-0.018595
-0.012080,0.030085,-0.013132
-0.012131,0.039670,-0.010863
-0.012167,0.044967,-0.006524
-0.011216,0.046024,-0.005447
-0.010258,0.049194,-0.002229
-0.010227,0.055577,-0.000058
-0.008259,0.055534,0.004186
-0.008231,0.054495,0.000973
-0.002399,0.051357,-0.005427
-0.000465,0.044949,-0.005481
0.001422,0.040720,-0.009797
0.002328,0.035376,-0.008826
0.003236,0.026869,-0.012112
0.007058,0.015071,-0.005828
0.008975,-0.004162,-0.003916
0.008967,-0.014891,0.001262
0.009971,-0.020281,0.006507
0.008073,-0.022482,0.012827
0.008167,-0.024628,0.013855
0.006343,-0.032175,0.021218
0.004547,-0.036468,0.023254
0.002758,-0.042899,0.026351
0.000010,-0.046134,0.029486
0.001175,-0.057929,0.034675
0.001409,-0.064375,0.038863
0.000682,-0.072935,0.040890
-0.002985,-0.076072,0.034496
-0.005691,-0.077133,0.033420
-0.005507,-0.067468,0.027103
-0.005352,-0.055695,0.024029
-0.006207,-0.031077,0.016810
-0.005173,-0.021333,0.003121
-0.007119,-0.010564,-0.006314
-0.007191,0.007690,-0.016718
-0.006355,0.025951,-0.028196
-0.006583,0.043135,-0.038608
-0.006848,0.058122,-0.042666
-0.007110,0.068827,-0.045714
-0.004479,0.070996,-0.048844
-0.003816,0.073162,-0.051980
-0.003166,0.073165,-0.051945
-0.003461,0.083820,-0.049703
-0.003755,0.083760,-0.043282
-0.003993,0.082612,-0.034776
-0.004197,0.077210,-0.028484
-0.005280,0.068568,-0.019057
-0.003415,0.055637,-0.006409
-0.002447,0.039464,0.010426
-0.000395,0.021192,0.022958
0.001731,0.000785,0.035500
0.003961,-0.016385,0.044907
0.004259,-0.029246,0.050051
0.006546,-0.036751,0.053127
0.006885,-0.036768,0.054134
0.005249,-0.029271,0.050947
0.006526,-0.027075,0.044550
0.005799,-0.020616,0.038143
0.005042,-0.020503,0.026424
0.005154,-0.012940,0.016898
0.005191,-0.009591,0.002044
0.001265,-0.013762,-0.007521
-0.001751,-0.013689,-0.014941
-0.002880,-0.015778,-0.019169
-0.005949,-0.016788,-0.024442
-0.006112,-0.018919,-0.024426
-0.009201,-0.020003,-0.022237
-0.012257,-0.013648,-0.016806
-0.011375,-0.004085,-0.012436
-0.010447,0.002226,-0.002776
-0.009481,0.008595,0.001571
-0.008462,0.015982,0.010166
-0.009331,0.023340,0.020872
-0.006260,0.027588,0.023052
-0.003146,0.024367,0.026224
-0.001962,0.016812,0.034661
0.001188,0.001849,0.036689
0.004348,-0.011960,0.030194
0.005523,-0.023685,0.029023
0.007652,-0.037527,0.025698
0.006825,-0.033201,0.019321
0.004000,-0.036385,0.017123
0.003112,-0.031016,0.012843
0.001215,-0.021373,0.008628
0.001254,-0.012814,0.006523
0.001285,-0.004261,0.004413
-0.000641,0.000013,0.003328
-0.000639,-0.003202,0.004319
-0.000625,-0.006386,0.002142
-0.002574,-0.008512,0.001035
-0.001625,-0.012743,-0.002166
-0.001651,-0.011622,-0.007455
0.000227,-0.004134,-0.009482
0.000124,0.003425,-0.017856
0.001960,0.010941,-0.022001
0.000827,0.028105,-0.030277
0.000626,0.037722,-0.031213
0.000393,0.048474,-0.038463
-0.001782,0.067730,-0.042534
-0.002050,0.080518,-0.040252
-0.003257,0.092271,-0.041162
-0.007400,0.096512,-0.037893
-0.010536,0.093303,-0.036812
-0.011696,0.086808,-0.027270
-0.011827,0.068562,-0.016805
-0.014805,0.046049,-0.006356
-0.013819,0.020315,0.005086
-0.010840,-0.004326,0.014400
-0.007803,-0.032195,0.025753
-0.004716,-0.041932,0.038331
-0.003491,-0.045254,0.049883
-0.000233,-0.044290,0.059352
0.004033,-0.034703,0.060413
0.008304,-0.023992,0.056214
0.008662,-0.007927,0.049954
0.012860,-0.011004,0.037139
0.013071,-0.019423,0.025378
0.016084,-0.034182,0.007204
0.017046,-0.042556,-0.008773
0.016939,-0.053076,-0.023699
0.015742,-0.057211,-0.037521
0.008618,-0.056026,-0.049176
0.003398,-0.044212,-0.056515
-0.004772,-0.028206,-0.056396
-0.010987,0.000584,-0.054015
-0.014240,0.025066,-0.047414
-0.014517,0.046336,-0.039773
-0.016675,0.064331,-0.024726
-0.014843,0.074900,-0.013960
-0.015862,0.074798,-0.003287
-0.013876,0.066136,0.009462
-0.012809,0.046816,0.021027
-0.009725,0.033934,0.029492
-0.008536,0.021077,0.034706
-0.005377,0.008225,0.039968
-0.001222,-0.001388,0.040959
0.001974,-0.013187,0.047243
0.004250,-0.015313,0.046142
0.005492,-0.017398,0.040770
0.005743,-0.013124,0.039684
0.006953,-0.007744,0.034351
0.008123,-0.003448,0.031136
0.008302,-0.002278,0.020458
0.007461,-0.004367,0.015024
0.006555,-0.007502,0.007514
0.006583,-0.014880,-0.002155
0.005572,-0.021234,-0.007578
0.005490,-0.024366,-0.015096
0.004377,-0.024301,-0.021498
0.000320,-0.023152,-0.030018
-0.000881,-0.013473,-0.037368
-0.003084,0.005766,-0.040397
-0.005314,0.032495,-0.045447
-0.004646,0.059208,-0.048363
-0.007850,0.077341,-0.047080
-0.009131,0.099736,-0.044672
-0.008433,0.124271,-0.042283
-0.009674,0.138140,-0.041011
-0.008928,0.148771,-0.036603
-0.010122,0.149791,-0.031206
-0.010325,0.142281,-0.026950
-0.009482,0.124114,-0.023835
-0.009619,0.104862,-0.018630
-0.009742,0.081391,-0.018766
-0.005940,0.053573,-0.011539
-0.005021,0.024718,-0.007540
-0.003111,0.002274,-0.004573
-0.002131,-0.012785,0.006940
0.000839,-0.011814,0.016491
0.001924,-0.023643,0.024807
0.003088,-0.024788,0.032141
0.004295,-0.016296,0.036432
0.006497,-0.009898,0.036425
0.010628,-0.014141,0.033129
0.011803,-0.023675,0.025563
0.010988,-0.016179,0.022369
0.011077,-0.025670,0.010573
0.012113,-0.038412,0.004088
0.012082,-0.046837,-0.007706
0.008116,-0.051034,-0.015212
0.003104,-0.050972,-0.021591
0.001008,-0.047751,-0.023713
-0.005967,-0.041350,-0.023692
-0.008067,-0.030732,-0.018294
-0.010119,-0.030771,-0.014022
-0.013129,-0.022286,-0.008622
-0.014148,-0.019091,-0.007492
-0.013180,-0.015980,0.002147
-0.012176,-0.018129,0.004326
-0.012112,-0.018188,0.010762
-0.009105,-0.013908,0.009816
-0.007083,-0.019250,0.010886
-0.004096,-0.019182,0.004561
-0.005036,-0.013866,0.006757
-0.003044,-0.005305,0.004716
-0.001072,0.003284,-0.000535
-0.003021,0.012889,-0.000444
-0.002041,0.023580,-0.002487
0.000876,0.026749,0.000724
0.002845,0.024581,0.003861
0.003848,0.022443,0.003829
0.002924,0.008538,0.006884
0.004946,-0.004269,0.006752
0.004988,-0.017088,0.007673
0.007957,-0.029892,0.007539
0.005082,-0.035199,0.004254
0.004131,-0.023475,0.005398
0.003170,-0.013897,0.007541
0.002232,-0.007454,0.003318
0.002257,-0.003156,0.000145
0.000315,-0.004190,-0.003062
-0.001639,-0.006303,-0.005202
-0.002645,-0.016994,-0.003160
-0.004617,-0.030876,-0.002207
-0.004629,-0.042630,-0.000153
-0.003640,-0.055475,0.004020
-0.007523,-0.054387,0.001922
-0.008484,-0.051226,0.006221
-0.009412,-0.032041,0.008519
-0.008402,-0.014956,0.007614
-0.008369,0.008532,0.006751
-0.005404,0.024539,0.006891
-0.004385,0.038434,0.004904
-0.003403,0.044892,-0.000331
-0.000490,0.040668,-0.004571
0.001415,0.041760,-0.006642
0.001341,0.035408,-0.011981
0.001269,0.027928,-0.010985
0.001215,0.017250,-0.010005
0.000193,0.010798,-0.004707
-0.000806,0.008641,-0.002589
0.000153,0.002163,0.004775
0.002164,-0.006450,0.012107
0.002271,-0.009738,0.020546
-0.000490,-0.007678,0.027970
0.001646,-0.008769,0.030055
0.002835,-0.013096,0.035261
0.000153,-0.013115,0.036218
0.000371,-0.013137,0.038312
-0.000377,-0.020587,0.036097
-0.000173,-0.030161,0.032809
0.002966,-0.036534,0.029535
0.003139,-0.042876,0.023115
0.005201,-0.052440,0.018759
0.003342,-0.056603,0.008091
0.000438,-0.054395,0.000675
-0.000581,-0.045739,-0.010929
-0.001651,-0.032838,-0.020366
-0.001825,-0.013556,-0.027625
-0.003967,0.007809,-0.029546
-0.005168,0.027076,-0.034629
-0.006369,0.039895,-0.035536
-0.006590,0.046302,-0.035404
-0.005831,0.049467,-0.031062
-0.008935,0.045150,-0.025740
-0.007113,0.037611,-0.018309
-0.007197,0.025780,-0.008806
-0.007219,0.015047,-0.002506
-0.005269,0.013897,0.005993
-0.006175,0.009575,0.011254
-0.004120,0.007340,0.020779
-0.003985,0.008382,0.022855
-0.001881,0.012616,0.026005
0.001221,0.015771,0.030228
0.003372,0.016801,0.033365
0.005505,0.015795,0.026942
0.005671,0.011557,0.023693
0.007756,0.002047,0.014033
0.008805,-0.010687,0.006480
0.007842,-0.018083,-0.001019
0.007792,-0.029742,-0.008550
0.005742,-0.029626,-0.020235
0.003650,-0.033854,-0.024487
0.000551,-0.027420,-0.027628
-0.002551,-0.016726,-0.029643
-0.007616,-0.002906,-0.024217
-0.008723,0.008784,-0.018790
-0.009807,0.014089,-0.015547
-0.010848,0.025763,-0.009064
-0.010863,0.025691,-0.001595
-0.008894,0.024530,0.007965
-0.007873,0.018131,0.007958
-0.004869,0.010601,0.014307
-0.002814,-0.000090,0.016357
-0.001752,-0.006479,0.015267
0.000310,-0.012881,0.015225
0.000397,-0.012874,0.014180
0.000490,-0.009631,0.009957
0.002500,-0.009608,0.007827
0.001574,-0.013899,0.009898
0.001636,-0.018140,0.006665
0.001684,-0.022389,0.004478
0.002698,-0.025618,0.007610
0.000795,-0.032053,0.010737
0.000864,-0.036335,0.011755
-0.002924,-0.045961,0.013786
-0.004780,-0.050305,0.021183
-0.007569,-0.054628,0.026430
-0.006428,-0.057883,0.031707
-0.007174,-0.061138,0.036985
-0.004038,-0.056870,0.037008
-0.001860,-0.054772,0.040154
0.001283,-0.047231,0.032758
0.004400,-0.040734,0.023251
0.004490,-0.022443,0.008506
0.005465,-0.003045,-0.010445
0.007290,0.015274,-0.028344
0.008018,0.038902,-0.042958
0.006726,0.056097,-0.054453
0.005379,0.066820,-0.059679
0.005974,0.068996,-0.063910
0.003631,0.072201,-0.063834
0.001266,0.078598,-0.062655
-0.002979,0.078484,-0.050942
-0.005221,0.076248,-0.040310
-0.008342,0.073915,-0.020121
-0.012313,0.068425,-0.004197
-0.016159,0.063914,0.020203
-0.015950,0.046637,0.040242
-0.014611,0.030428,0.060268
-0.014173,0.012164,0.072882
-0.011718,-0.012458,0.080039
-0.007302,-0.039129,0.078711
-0.003885,-0.052003,0.084910
0.000514,-0.062602,0.077326
0.002931,-0.065737,0.069767
0.002355,-0.060317,0.060170
0.004621,-0.051637,0.045307
0.003864,-0.029071,0.029560
0.007900,-0.019353,0.017918
0.011849,-0.015980,0.000941
0.009847,-0.005140,-0.015956
0.010676,-0.000740,-0.029716
0.008505,0.001460,-0.036029
0.005322,-0.000621,-0.040238
0.003106,-0.004877,-0.041309
0.000904,-0.009173,-0.038115
-0.001274,-0.013479,-0.033839
-0.002444,-0.015707,-0.024266
-0.003502,-0.018019,-0.006206
-0.006444,-0.013899,0.008706
-0.008318,-0.005509,0.023662
-0.009099,0.008215,0.038651
-0.005908,0.015580,0.049348
-0.004582,0.020821,0.058942
-0.000289,0.018668,0.061074
0.000101,0.019749,0.060035
0.001444,0.018757,0.052606
0.001787,0.014501,0.051542
0.002069,0.010340,0.040916
0.000363,0.004056,0.029217
0.001503,-0.000126,0.020712
0.002567,0.001060,0.009043
0.002581,0.009744,-0.005764
0.000568,0.020464,-0.011003
-0.001487,0.030170,-0.021591
-0.001664,0.043013,-0.025771
-0.001862,0.058013,-0.032055
-0.005001,0.074058,-0.036222
-0.006220,0.087906,-0.034027
-0.005447,0.095341,-0.030828
-0.006626,0.095310,-0.027638
-0.006796,0.091016,-0.025552
-0.005963,0.083484,-0.019217
-0.003155,0.074891,-0.012885
-0.004190,0.058801,-0.004509
-0.001271,0.043791,0.002864
-0.001244,0.033080,0.007049
0.001749,0.024472,0.014429
0.003792,0.014847,0.016467
0.005852,0.008406,0.020639
0.006967,0.003045,0.022666
0.007087,-0.003324,0.018313
0.006207,-0.001131,0.011896
0.005295,-0.003195,0.004402
0.006269,-0.004191,-0.003076
0.008203,-0.004140,-0.008430
0.005208,-0.005135,-0.015901
0.002160,-0.011455,-0.024451
0.001985,-0.012438,-0.032955
-0.000160,-0.010308,-0.032956
-0.001356,-0.004972,-0.032910
-0.002554,0.002512,-0.033907
-0.003760,0.016406,-0.035901
-0.005931,0.028082,-0.029418
-0.006138,0.047290,-0.029257
-0.011212,0.063256,-0.024839
-0.010392,0.072801,-0.018333
-0.010495,0.082324,-0.009685
-0.009570,0.077987,-0.002219
-0.005665,0.068357,0.000977
-0.004663,0.053326,0.010458
-0.004587,0.039429,0.013582
-0.003506,0.024461,0.016683
0.000496,0.013834,0.012380
-0.000386,0.004217,0.013337
0.000672,0.007448,0.010175
-0.002187,0.010660,0.009142
-0.001179,0.014953,0.007014
-0.003084,0.009625,0.005879
-0.003996,0.005342,0.006883
-0.004923,0.004217,0.012123
-0.007750,-0.005442,0.017338
-0.005676,-0.018283,0.020360
-0.003582,-0.029000,0.024484
-0.000501,-0.035393,0.023346
-0.000372,-0.032120,0.015898
0.003595,-0.025646,0.008478
0.006535,-0.013808,-0.002077
0.008397,0.001289,-0.017903
0.007249,0.020647,-0.032632
0.006967,0.048562,-0.049387
0.005639,0.055071,-0.059934
0.005247,0.065787,-0.064057
0.001876,0.070107,-0.069281
0.000469,0.063665,-0.065052
-0.002824,0.046528,-0.057650
-0.006069,0.023988,-0.043949
-0.007292,-0.000718,-0.027090
-0.007403,-0.022224,-0.010204
-0.008363,-0.039509,0.010902
-0.008249,-0.048204,0.026770
-0.008027,-0.041954,0.042746
-0.010629,-0.027144,0.055574
-0.009263,-0.009076,0.062030
-0.009825,0.007954,0.066410
-0.006484,0.016474,0.067477
-0.004112,0.018666,0.061060
-0.001787,0.019799,0.054674
0.000485,0.012416,0.046135
0.002702,-0.004588,0.038546
0.005836,-0.027918,0.023445
0.006942,-0.049153,0.012648
0.006982,-0.064967,-0.006583
0.003991,-0.065910,-0.019359
0.000886,-0.062638,-0.026813
-0.001257,-0.048674,-0.036282
-0.000549,-0.025169,-0.039309
0.001123,-0.002706,-0.044461
0.002768,0.017611,-0.048541
0.000516,0.032524,-0.046344
0.002167,0.038886,-0.042030
0.004819,0.038886,-0.041988
0.006526,0.026041,-0.037821
0.007265,0.012141,-0.034711
0.009982,-0.003904,-0.030538
0.008838,-0.015682,-0.026333
0.007720,-0.024278,-0.019979
0.005650,-0.026461,-0.014616
0.004630,-0.034017,-0.006200
0.003650,-0.030872,0.000213
-0.000191,-0.026670,0.006581
-0.001101,-0.007509,0.010966
-0.004910,0.005219,0.018463
-0.007703,0.023274,0.027103
-0.007517,0.038200,0.028260
-0.008322,0.048877,0.027251
-0.008126,0.046738,0.027177
-0.006002,0.042545,0.019670
-0.006888,0.031957,0.011061
-0.006862,0.020312,0.001418
-0.007861,0.014004,-0.008194
-0.007960,0.013057,-0.019876
-0.006173,0.013099,-0.024127
-0.006350,0.016298,-0.024112
-0.004594,0.025955,-0.029340
-0.003808,0.033437,-0.030336
-0.003038,0.042998,-0.026015
-0.003228,0.051554,-0.028069
0.000493,0.065437,-0.029016
0.002279,0.067571,-0.028997
0.004040,0.065437,-0.029009
-0.000055,0.062271,-0.032185
-0.000270,0.048411,-0.033340
0.000512,0.024892,-0.029251
0.002291,0.000327,-0.027336
0.005066,-0.016817,-0.020046
0.006920,-0.032907,-0.011677
0.005893,-0.043645,-0.005439
0.002977,-0.042635,-0.000173
0.002993,-0.041627,0.005065
-0.000838,-0.031015,0.010380
-0.004644,-0.011864,0.015783
-0.008408,-0.000151,0.017959
-0.008248,0.002993,0.023258
-0.008076,0.002968,0.025339
-0.005949,-0.007748,0.029462
-0.006705,-0.024875,0.034618
-0.007453,-0.044087,0.034444
-0.008202,-0.051580,0.036487
-0.007008,-0.054721,0.031194
-0.003902,-0.055702,0.022704
-0.001813,-0.041733,0.013297
-0.000828,-0.006359,-0.002317
-0.003844,0.036487,-0.017838
-0.002103,0.085719,-0.031140
-0.000442,0.136009,-0.043380
0.002102,0.171395,-0.058835
0.004580,0.193915,-0.068008
0.006051,0.191811,-0.070024
0.004590,0.173696,-0.072192
0.003113,0.143858,-0.075505
0.003602,0.109628,-0.066081
0.000277,0.068983,-0.055673
-0.003902,0.032549,-0.039992
-0.008004,-0.003962,-0.016891
-0.009985,-0.031925,0.005181
-0.010840,-0.047133,0.031555
-0.015410,-0.068746,0.057881
-0.012986,-0.082870,0.082094
-0.013349,-0.085246,0.105292
-0.009679,-0.075843,0.124349
-0.003996,-0.060995,0.132885
0.001748,-0.054633,0.136020
0.007474,-0.057763,0.127303
0.009208,-0.057592,0.109141
0.015687,-0.059492,0.085745
0.019068,-0.059195,0.054823
0.020289,-0.053529,0.020801
0.018325,-0.047857,-0.013160
0.014217,-0.031582,-0.040689
0.010947,-0.008963,-0.061761
0.005620,0.000771,-0.074439
0.006088,0.008368,-0.087126
0.001641,0.018000,-0.090224
-0.003805,0.023306,-0.086967
-0.009211,0.025372,-0.079438
-0.013554,0.018815,-0.063503
-0.017819,0.020808,-0.048554
-0.018042,0.020613,-0.028298
-0.021072,0.025716,-0.004854
-0.022008,0.028667,0.020701
-0.018905,0.031714,0.036713
-0.012771,0.026211,0.053684
-0.006545,0.015417,0.066371
-0.002173,0.001431,0.077976
0.002219,-0.013498,0.076813
0.005621,-0.027317,0.071394
0.008994,-0.037882,0.060683
0.010317,-0.039866,0.045825
0.012513,-0.036518,0.032092
0.013645,-0.040672,0.020342
0.011788,-0.037266,-0.000911
0.008824,-0.032882,-0.012566
0.007755,-0.024275,-0.019945
0.002732,-0.018871,-0.027401
0.000607,-0.012439,-0.030598
-0.002529,-0.008164,-0.031671
-0.007608,-0.001760,-0.032758
-0.009751,0.007765,-0.025309
-0.010879,0.017307,-0.018910
-0.009053,0.023612,-0.009332
-0.012019,0.028847,0.000251
-0.009089,0.027696,0.008750
-0.007082,0.026561,0.016194
-0.006000,0.022212,0.024700
-0.002903,0.014674,0.031059
-0.000751,0.008255,0.033194
0.001416,-0.000295,0.035289
0.001645,-0.009894,0.035267
0.003819,-0.016312,0.037409
0.005018,-0.026925,0.032066
0.005229,-0.045019,0.027741
0.006403,-0.054610,0.026630
0.004607,-0.055664,0.025559
-0.000090,-0.051405,0.026678
0.002029,-0.050345,0.026661
-0.000723,-0.042897,0.028835
-0.003424,-0.041875,0.033039
-0.003214,-0.029094,0.035232
-0.007839,-0.022726,0.038422
-0.007597,-0.020608,0.039432
-0.005377,-0.022798,0.044648
-0.004135,-0.029192,0.043504
-0.000936,-0.046251,0.041206
0.001268,-0.055826,0.037905
0.002448,-0.063223,0.030377
0.003587,-0.057804,0.021901
0.003657,-0.042679,0.002886
0.006541,-0.020111,-0.012861
0.006383,0.011029,-0.031697
0.004191,0.043214,-0.048386
0.003828,0.072159,-0.060818
0.002406,0.097891,-0.072217
0.003843,0.123623,-0.083602
0.004254,0.135462,-0.092993
0.001700,0.139756,-0.095022
-0.002821,0.138664,-0.091766
-0.007317,0.135410,-0.086425
-0.012722,0.129929,-0.071562
-0.017047,0.120164,-0.054630
-0.018319,0.108195,-0.031342
-0.021381,0.091930,-0.006010
-0.023283,0.069226,0.023543
-0.020139,0.052985,0.046781
-0.016805,0.016416,0.075125
-0.012337,-0.026492,0.096990
-0.005803,-0.061921,0.117889
0.000806,-0.090856,0.129275
0.007473,-0.109065,0.135434
0.010290,-0.113352,0.136361
0.011139,-0.107971,0.130998
0.011947,-0.096133,0.120394
0.015549,-0.078851,0.099247
0.017098,-0.063707,0.078067
0.021424,-0.058130,0.053655
0.022649,-0.043954,0.022938
0.023698,-0.040468,-0.005722
0.021621,-0.033758,-0.036463
0.017391,-0.024936,-0.065071
0.009109,-0.014050,-0.086198
0.006561,0.001061,-0.103037
0.000014,0.020387,-0.114533
-0.004641,0.034314,-0.119703
-0.007361,0.045032,-0.123806
-0.013022,0.054595,-0.119450
-0.015693,0.061940,-0.106589
-0.017312,0.075712,-0.095782
-0.020806,0.081903,-0.073328
-0.023167,0.083808,-0.049898
-0.023398,0.079301,-0.025442
-0.024459,0.072638,0.001117
-0.025336,0.061673,0.030830
-0.021165,0.047550,0.056249
-0.020730,0.034542,0.077460
-0.013333,0.004431,0.100583
-0.005825,-0.028776,0.113033
0.001731,-0.051293,0.123440
0.006450,-0.068502,0.135947
0.009258,-0.067495,0.141172
0.010133,-0.048252,0.137005
0.009977,-0.025776,0.129656
0.011723,-0.005397,0.119182
0.014369,-0.002057,0.104217
0.015942,-0.008251,0.082829
0.019337,-0.012349,0.065823
0.018695,-0.024938,0.043418
0.022807,-0.045005,0.021959
0.021918,-0.062955,0.002681
0.018945,-0.076645,-0.015457
0.014900,-0.079737,-0.026089
0.007872,-0.075353,-0.037743
0.003698,-0.069938,-0.046225
-0.002460,-0.053858,-0.053540
-0.006682,-0.038920,-0.053430
-0.009919,-0.029316,-0.053339
-0.010242,-0.012251,-0.052094
-0.012484,-0.001611,-0.048804
-0.013738,0.010093,-0.044403
-0.012054,0.025008,-0.040993
-0.010358,0.028228,-0.041950
-0.009648,0.031402,-0.038670
-0.008905,0.035680,-0.038508
-0.007180,0.032472,-0.037420
-0.007407,0.029235,-0.034249
-0.007620,0.030313,-0.035294
-0.009775,0.033468,-0.029956
-0.010934,0.035551,-0.024612
-0.011057,0.032232,-0.012968
-0.010155,0.033224,-0.005532
