0.013236,-0.009316,-0.043563
0.014094,-0.016804,-0.041458
0.005165,-0.020001,-0.041437
-0.002773,-0.008098,-0.036086
-0.007747,-0.006083,-0.023275
-0.004870,-0.004027,-0.014678
-0.002927,0.001280,-0.011392
-0.001919,0.008731,-0.009164
0.003060,0.022593,-0.007981
0.003205,0.015090,-0.004878
0.000403,0.018278,-0.003816
-0.006308,0.023600,-0.002750
-0.003226,0.037451,-0.000507
0.002837,0.036438,-0.005821
0.002096,0.034332,-0.009079
0.002287,0.025794,-0.009174
-0.003930,0.018354,-0.012450
-0.007026,0.011961,-0.013581
-0.003730,0.001304,-0.014737
-0.001525,0.006671,-0.017887
0.001162,0.014149,-0.018896
0.003899,0.023787,-0.021967
0.001614,0.031306,-0.027220
0.002546,0.043022,-0.025016
0.003355,0.039813,-0.023984
0.003027,0.020606,-0.024131
0.008173,-0.014936,0.219515
0.050465,-0.031229,0.566296
0.062550,-0.005547,0.241998
0.006156,0.000210,-0.012629
-0.010616,-0.007166,-0.021071
-0.008894,0.006520,-0.001776
-0.007915,0.010719,0.005708
-0.008729,0.018148,0.010038
-0.007458,0.022363,0.015373
-0.005159,0.016964,0.021700
-0.008537,0.009460,0.024797
-0.007701,0.007377,0.019452
-0.007437,0.011655,0.018394
-0.004473,0.009538,0.016205
0.001352,0.005286,0.014019
-0.002473,-0.004321,0.013900
0.001541,-0.006421,0.010655
0.003681,0.001038,0.011781
0.005962,0.011811,0.001259
0.008195,0.012877,0.001255
0.005537,0.013971,-0.000846
0.000892,0.021462,-0.002903
0.000110,0.024676,-0.003900
0.002391,0.024679,-0.003852
0.002515,0.019326,-0.001749
0.001618,0.011889,-0.004984
0.002526,0.006511,-0.000779
0.001452,0.004410,-0.003967
0.003366,0.008731,-0.009228
0.001387,0.008743,-0.010282
-0.000608,0.001271,-0.010354
-0.004649,-0.006198,-0.010405
-0.004768,-0.007318,-0.005131
-0.001859,-0.004115,-0.005082
-0.004756,0.001243,-0.007165
-0.001796,0.002279,-0.003959
-0.004709,0.002227,0.001382
-0.002773,-0.005222,-0.000806
-0.003753,-0.006276,-0.001898
0.001127,-0.011591,-0.004074
0.003061,-0.017979,-0.006278
-0.001850,-0.016924,-0.005228
0.000074,-0.012642,-0.006246
-0.000994,-0.008385,-0.005161
-0.000049,0.003414,-0.011417
0.002957,0.016283,-0.017678
0.004095,0.018389,-0.014470
0.003261,0.015198,-0.015566
0.000458,0.011995,-0.015601
-0.003352,-0.002986,-0.011480
-0.003427,-0.016903,-0.007371
-0.005528,-0.029752,-0.003239
-0.003812,-0.028651,-0.006413
-0.002116,-0.027595,-0.005343
-0.003290,-0.022305,-0.001051
-0.002423,-0.013778,0.000098
-0.001453,0.001167,0.000234
-0.001352,0.007590,-0.001839
-0.002205,0.010844,-0.007137
-0.000082,0.015111,-0.007120
0.000092,0.021554,-0.011286
0.000224,0.015107,-0.007119
-0.001663,0.007617,-0.005070
-0.005562,-0.005198,-0.004100
-0.005634,-0.012720,0.001119
-0.007653,-0.005207,-0.003053
-0.002769,0.005431,0.000216
0.000220,0.020372,0.000367
0.004281,0.025658,0.005739
0.001553,0.026832,-0.004854
0.000784,0.031055,-0.000601
-0.001912,0.016082,0.002431
-0.003726,0.002221,0.001277
-0.004683,-0.008429,-0.000938
-0.003815,-0.015937,0.003239
-0.001053,-0.016000,0.009626
-0.001176,-0.008418,-0.001992
0.000724,-0.004226,0.005451
0.002650,-0.002066,0.003361
0.001736,0.009682,0.002395
0.000937,0.023562,0.001421
-0.001776,0.017149,0.002433
-0.002654,0.002209,0.002317
-0.002652,0.003233,0.006564
0.001289,0.008640,-0.000851
0.000335,0.008576,0.005508
-0.001606,0.003243,0.005460
0.001315,0.004299,0.006531
-0.001642,0.003220,0.007568
-0.000604,0.009655,0.004448
0.001495,0.027850,-0.000705
0.001679,0.032055,0.005712
0.002845,0.022453,0.005670
0.001990,0.013979,-0.000771
0.002075,0.008665,-0.002925
0.000120,-0.004172,0.000146
-0.003844,-0.019092,-0.001006
-0.004947,-0.025527,0.002121
-0.004167,-0.029852,0.007383
-0.003395,-0.039445,0.006238
-0.000716,-0.038381,0.006255
0.003954,-0.025525,0.001021
0.000926,-0.016980,-0.000007
0.000885,-0.013745,-0.003142
-0.001085,-0.009466,-0.004173
-0.000106,0.000084,0.001202
0.000910,0.007582,-0.001921
0.003947,0.016021,0.007668
0.003085,0.011765,0.006583
0.001200,0.008608,0.002332
0.003189,0.011833,0.000258
0.004214,0.007589,-0.001860
-0.000650,-0.004145,-0.001935
0.000229,-0.010525,-0.004085
0.000152,-0.007280,-0.008288
0.002006,0.003412,-0.010323
0.001999,0.003424,-0.011371
0.001027,-0.001913,-0.011445
-0.000954,-0.007313,-0.005161
-0.002027,-0.017975,-0.006329
-0.003122,-0.027560,-0.008541
-0.006214,-0.014778,-0.006342
-0.006262,0.003308,-0.000899
-0.001361,0.015069,-0.002905
-0.001257,0.019326,-0.001814
-0.004053,0.018310,-0.007156
-0.005865,0.011858,-0.001887
-0.005763,0.007546,0.002313
-0.003727,0.009647,0.005501
-0.000718,0.009668,0.003379
0.000326,0.006405,0.009738
0.000337,0.007515,0.005503
0.005254,0.003226,0.007602
0.002365,-0.000999,0.003334
0.000456,0.000046,0.005488
0.001479,0.002180,0.005499
0.000533,0.007563,0.001343
0.001540,0.003336,-0.002953
0.001515,-0.010590,0.002224
-0.001498,-0.023385,0.001051
-0.001685,-0.028753,0.004181
0.000092,-0.024549,0.010577
-0.004912,-0.023461,0.008486
-0.005041,-0.011743,0.010717
-0.002158,0.003198,0.010826
0.002759,0.011798,0.004521
0.000922,0.011756,0.008750
0.001020,0.000036,0.006498
-0.003838,-0.011728,0.008484
-0.001989,-0.021280,0.003081
-0.003048,-0.021311,0.006264
-0.000250,-0.016007,0.009493
-0.003271,-0.012796,0.008489
0.000508,-0.011706,0.006397
0.002411,-0.006346,0.004328
0.005346,-0.002078,0.004351
0.004405,-0.002078,0.004337
0.003456,-0.002111,0.007513
0.000570,-0.001017,0.004334
0.002533,0.000049,0.004323
0.000603,-0.000985,0.001158
0.001534,-0.002030,-0.000959
0.000568,0.005435,0.000201
0.000565,0.005401,0.003363
0.002535,0.010749,0.002376
-0.000316,0.012893,0.001327
-0.001237,0.009705,0.000223
-0.004104,0.002256,-0.001964
-0.003135,0.001111,0.005441
-0.002176,0.001110,0.005434
-0.001198,0.002149,0.008660
-0.004097,0.013952,0.002397
-0.003043,0.022503,0.001444
0.000012,0.021415,0.003550
0.001109,0.015041,0.000305
0.001221,0.010804,-0.002929
0.001287,0.004357,0.001259
-0.000653,-0.002036,0.000129
0.000267,-0.017004,0.003187
-0.001801,-0.022254,-0.005341
0.002905,-0.021178,-0.006378
0.001807,-0.011531,-0.010538
0.002721,-0.005110,-0.011503
0.002714,0.007636,-0.004977
-0.002076,0.024622,0.003704
-0.003838,0.033100,0.010207
-0.006531,0.026636,0.016523
-0.004375,0.025526,0.020751
-0.001294,0.019145,0.018551
0.002733,0.012752,0.017428
0.003753,0.006387,0.013080
0.000848,-0.001000,0.004499
0.002760,0.005430,0.001324
0.004683,0.007625,-0.005058
0.002758,0.004446,-0.007244
0.004727,0.003438,-0.013675
0.005713,0.003488,-0.019000
0.006653,-0.010365,-0.021264
0.000702,-0.022114,-0.020313
-0.002363,-0.021069,-0.018188
-0.005449,-0.027483,-0.017154
-0.005664,-0.031791,-0.012913
-0.006831,-0.030774,-0.007579
-0.004062,-0.021169,-0.007481
0.002661,-0.012693,-0.001027
0.000689,-0.007367,0.000094
-0.004184,-0.000973,0.001225
-0.004172,0.003255,0.005527
-0.003146,0.000051,0.005493
-0.006030,0.005418,0.002342
0.001799,0.009658,0.005583
0.002819,0.011805,0.004568
0.001898,0.005413,0.003458
0.001906,-0.004191,0.003374
-0.000077,-0.011674,0.004357
0.001784,-0.013787,0.002209
0.000741,-0.008414,-0.002001
0.002651,-0.001980,-0.005135
0.004607,0.008758,-0.011416
0.002713,0.025852,-0.013395
0.002856,0.025866,-0.014450
0.002031,0.020466,-0.008131
-0.002710,0.016228,-0.011350
-0.000683,0.017284,-0.010280
0.000384,0.016147,-0.002850
-0.001506,0.004376,0.000217
-0.002513,-0.012649,-0.005236
-0.005559,-0.021186,-0.005311
-0.002810,-0.018006,-0.003182
-0.000979,-0.010567,0.000080
-0.001007,-0.008476,0.004343
-0.002991,-0.005275,0.004371
-0.003964,0.005394,0.004444
0.001969,0.015009,0.003474
0.001123,0.012869,0.004536
-0.003643,0.009719,-0.000811
-0.001641,0.007561,0.001286
0.001315,0.000081,0.002282
0.002270,-0.004216,0.005434
0.001281,-0.009575,0.007488
-0.001743,-0.023416,0.004199
-0.000938,-0.029840,0.006265
-0.000160,-0.029805,0.003109
0.003574,-0.022293,-0.001077
0.002505,-0.004131,-0.003033
0.004473,0.010841,-0.006086
0.002600,0.014001,-0.001828
0.000770,0.011846,0.000282
-0.004997,0.006550,-0.004022
-0.003014,0.008706,-0.006118
-0.001027,0.006571,-0.006137
-0.000027,0.006507,0.000222
-0.000988,0.006518,-0.000846
-0.000976,0.007606,-0.002966
0.000975,0.004329,0.004434
0.000022,-0.002074,0.004371
-0.003873,-0.005318,0.008580
-0.005846,-0.002149,0.011777
-0.000996,0.002117,0.011808
0.001972,0.006387,0.011866
0.002999,0.007496,0.007617
0.000174,0.018211,0.003487
0.001270,0.024625,0.002482
0.002383,0.016109,0.000293
0.001513,0.003330,-0.001922
-0.000433,-0.004161,0.000135
-0.002440,-0.019123,0.002127
-0.002605,-0.029806,0.003088
-0.001787,-0.021237,-0.000021
0.001998,-0.010522,-0.004164
0.004848,-0.006212,-0.008378
0.002859,-0.010468,-0.009448
-0.004022,-0.014759,-0.007399
-0.007032,-0.012627,-0.007408
-0.004185,-0.012685,-0.002130
0.000623,-0.019097,-0.001111
0.003456,-0.011651,0.001056
0.006321,-0.002069,0.003255
0.006300,0.004338,0.003331
0.005376,0.011811,0.003445
0.000584,0.010748,0.003484
-0.003229,0.010761,0.002450
-0.000218,0.016107,0.001436
0.002801,0.020397,-0.000649
0.003900,0.017206,-0.001709
0.002048,0.024718,-0.005902
-0.000760,0.024707,-0.004862
0.000344,0.027886,-0.002733
-0.003390,0.026819,-0.002764
-0.003249,0.023592,-0.000718
-0.005062,0.021476,-0.002872
-0.005918,0.019274,0.003427
-0.002902,0.009639,0.006504
-0.002858,0.004292,0.007505
-0.002849,-0.002104,0.006354
0.000060,-0.004281,0.010572
-0.001934,-0.020310,0.012547
-0.003022,-0.030971,0.011386
-0.003149,-0.020310,0.012533
0.000646,-0.013927,0.014739
0.005471,-0.006457,0.014840
0.002568,0.005339,0.009693
0.003632,0.020295,0.008839
0.002812,0.027748,0.011088
0.003025,0.020360,0.003643
0.003168,0.014047,-0.004853
0.003256,0.010901,-0.011272
0.006199,-0.005034,-0.018867
0.010013,-0.015616,-0.027442
0.007931,-0.018744,-0.034918
0.006781,-0.017617,-0.041337
0.002692,-0.028272,-0.043622
0.002460,-0.031486,-0.042631
0.000300,-0.022887,-0.048943
-0.003773,-0.014418,-0.042544
-0.002939,-0.012305,-0.040410
-0.006005,-0.015576,-0.032949
-0.007141,-0.021013,-0.022330
-0.007327,-0.021115,-0.011643
-0.006506,-0.022316,0.002203
-0.007607,-0.022429,0.013943
-0.005785,-0.019308,0.022522
-0.001956,-0.001159,0.022713
0.003013,0.025498,0.025068
0.003302,0.065009,0.022239
0.007686,0.090651,0.019265
0.009286,0.107766,0.015157
0.008025,0.109973,0.007728
0.003849,0.105776,0.000193
0.004446,0.084458,-0.003273
0.002904,0.052475,-0.007906
0.002117,0.014104,-0.013651
0.001109,-0.015716,-0.020355
-0.001029,-0.028505,-0.022658
-0.003234,-0.027410,-0.025866
-0.008293,-0.019877,-0.032180
-0.006456,-0.008142,-0.030970
-0.007489,-0.000711,-0.026619
-0.007467,0.000293,-0.020194
-0.008434,-0.005112,-0.012751
-0.010390,-0.014840,-0.000048
-0.008543,-0.025625,0.011571
-0.011616,-0.036395,0.022164
-0.006940,-0.035345,0.024357
-0.005171,-0.026835,0.027677
0.000572,-0.010846,0.029974
0.006398,-0.005508,0.030055
0.006426,-0.002273,0.026921
0.005497,0.002034,0.022708
0.008448,0.003173,0.015256
0.008486,-0.003185,0.010948
0.007488,-0.008460,0.004494
0.007432,-0.010520,-0.002987
0.004403,-0.014793,-0.003087
0.001369,-0.014736,-0.009507
0.005157,-0.009381,-0.011617
0.002179,-0.003973,-0.019033
0.000197,-0.001831,-0.020117
0.000153,0.000323,-0.022213
-0.003732,0.003534,-0.023259
-0.002738,0.007789,-0.022167
-0.002726,0.003425,-0.012648
-0.004675,-0.008343,-0.009533
-0.008651,-0.016933,-0.004289
-0.007764,-0.015937,0.003153
-0.004937,-0.019148,0.004193
-0.004052,-0.020227,0.005231
0.000725,-0.009567,0.006379
0.001680,0.002161,0.007563
0.002706,0.014980,0.006656
0.000882,0.028860,0.006845
0.001072,0.035266,0.006943
-0.001639,0.031009,0.005887
0.002448,0.028864,0.006929
0.003577,0.021343,0.012183
0.002726,0.020277,0.012187
-0.000077,0.019245,0.008973
0.001009,0.026737,0.006930
0.001188,0.038498,0.003824
0.001410,0.043831,0.003829
0.000735,0.048120,0.001688
0.001018,0.042782,0.001613
0.000299,0.041709,0.001564
-0.001414,0.041749,-0.002715
-0.004097,0.036362,0.002535
-0.004898,0.022509,0.000271
-0.005779,0.001166,0.000057
-0.004842,-0.020199,0.001979
-0.001136,-0.038330,0.000759
-0.000379,-0.039376,-0.001365
-0.001614,-0.039385,-0.000283
-0.003725,-0.020165,-0.001156
-0.001833,0.006517,-0.000867
-0.000739,0.031044,0.001525
0.001470,0.042733,0.006960
0.001799,0.040600,0.006962
-0.000872,0.024571,0.008944
-0.001751,-0.001042,0.008707
-0.005701,-0.024489,0.005320
-0.001997,-0.038449,0.013652
-0.005193,-0.049127,0.014611
-0.000658,-0.050150,0.010371
-0.000952,-0.036279,0.010500
-0.000151,-0.011672,0.004342
0.003754,0.006503,0.001317
0.005804,0.015039,0.001377
0.004923,0.006510,0.000243
0.000078,-0.005229,0.000133
0.001984,-0.016954,-0.001031
0.001863,-0.026559,-0.001115
0.001643,-0.044644,-0.006544
0.001358,-0.044656,-0.005504
0.004947,-0.046759,-0.008698
0.004666,-0.038211,-0.009678
0.001534,-0.026431,-0.013819
0.003353,-0.010392,-0.016855
0.001374,0.005658,-0.020973
0.001446,0.014216,-0.023028
-0.000405,0.019549,-0.023002
-0.001331,0.006691,-0.017802
-0.001344,-0.010413,-0.014761
-0.003399,-0.025385,-0.011702
-0.007494,-0.035043,-0.006502
-0.004828,-0.032918,-0.005401
-0.002101,-0.021245,0.001082
-0.002223,-0.008439,0.001208
-0.002237,0.005394,0.005594
-0.000199,0.019236,0.008919
0.000941,0.028820,0.011103
0.000167,0.029867,0.013255
0.000349,0.021296,0.016350
0.002461,0.026661,0.013179
0.000698,0.034124,0.013218
0.005785,0.038412,0.011113
0.005025,0.031973,0.015320
0.003268,0.030926,0.013175
-0.000462,0.028831,0.008878
-0.002224,0.031020,0.003605
-0.004946,0.034267,-0.000583
-0.000840,0.034342,-0.008004
0.001299,0.025791,-0.007016
-0.002465,0.013006,-0.009264
-0.002429,-0.008355,-0.007351
-0.003502,-0.030745,-0.009696
-0.007649,-0.052113,-0.007781
-0.007994,-0.062775,-0.008956
-0.003495,-0.060588,-0.014256
-0.001888,-0.046664,-0.019461
-0.003124,-0.031777,-0.014047
-0.002328,-0.024327,-0.011845
0.000490,-0.009439,-0.006403
0.002405,-0.003098,0.000053
0.001414,-0.009609,0.010644
0.004287,-0.012828,0.012793
0.003243,-0.012910,0.021309
0.004152,-0.003356,0.026739
0.007080,0.002008,0.024732
0.006157,0.025542,0.019681
0.013181,0.052264,0.015705
0.015536,0.083296,0.007487
0.016094,0.094021,0.002290
0.010845,0.100500,-0.005061
0.006563,0.100541,-0.009340
0.003228,0.086706,-0.013767
0.004624,0.060077,-0.019361
0.004890,0.034528,-0.025978
-0.000876,0.013253,-0.033675
-0.003839,-0.001627,-0.040220
-0.003945,-0.009110,-0.039273
-0.010867,-0.010189,-0.038242
-0.010959,-0.008053,-0.038217
-0.012956,-0.003840,-0.032902
-0.014956,-0.007097,-0.027617
-0.012094,-0.016808,-0.017091
-0.013200,-0.027587,-0.006581
-0.013423,-0.048032,0.010232
-0.015676,-0.064127,0.019710
-0.016061,-0.069575,0.031397
-0.010617,-0.067522,0.039966
-0.006052,-0.048318,0.041271
-0.003305,-0.029074,0.038304
0.003453,-0.007707,0.036403
0.004496,0.010435,0.036589
0.006576,0.008354,0.031259
0.006686,0.000938,0.025860
0.004762,-0.007539,0.019377
0.006652,-0.024565,0.013861
0.002596,-0.039489,0.011539
0.002316,-0.040486,0.004048
0.003017,-0.045796,0.000728
0.008606,-0.041534,0.000682
0.009344,-0.035114,-0.001446
0.006231,-0.031935,0.000654
0.002168,-0.023432,0.003884
-0.000860,-0.021303,0.003905
-0.003867,-0.019220,0.009256
-0.006864,-0.016028,0.010345
-0.002094,-0.024646,0.018806
-0.003232,-0.040647,0.018721
-0.001522,-0.038563,0.024086
0.000243,-0.026793,0.021056
0.001085,-0.019320,0.021170
0.000052,-0.011857,0.022330
0.002953,-0.004373,0.021369
0.004956,0.015976,0.014141
0.006041,0.024557,0.009978
0.011087,0.033104,0.008985
0.006427,0.036402,-0.000530
0.008584,0.034311,-0.004807
0.008734,0.023693,-0.010205
0.007890,0.025878,-0.015519
0.007986,0.022739,-0.021933
0.007082,0.017429,-0.024068
0.005213,0.023864,-0.027188
0.005302,0.030234,-0.023963
0.005467,0.029146,-0.021844
0.002687,0.028108,-0.025042
0.000874,0.029168,-0.023937
0.002939,0.025943,-0.021857
-0.001820,0.025955,-0.022897
-0.004602,0.028086,-0.021799
-0.005446,0.026967,-0.016489
-0.006286,0.026910,-0.011183
-0.005171,0.026877,-0.008014
-0.006948,0.026875,-0.007992
-0.005825,0.025755,-0.002696
-0.007657,0.017219,-0.002792
-0.009528,0.002268,-0.001876
-0.009530,-0.008504,0.007532
-0.009608,-0.021364,0.012704
-0.008765,-0.035230,0.011495
-0.009001,-0.051240,0.011307
-0.006384,-0.056599,0.013354
-0.005750,-0.066195,0.012175
-0.003214,-0.071512,0.009978
-0.002635,-0.066156,0.007889
-0.003985,-0.062941,0.006834
-0.001384,-0.055504,0.010075
0.002227,-0.050179,0.011190
0.005867,-0.046978,0.011218
0.006584,-0.051228,0.009060
0.009226,-0.049069,0.007005
0.006051,-0.038415,0.009268
0.001955,-0.026684,0.010467
0.003786,-0.009561,0.006469
0.006736,0.008595,0.005622
0.008787,0.024646,0.001531
0.007988,0.026815,-0.001592
0.009115,0.021482,-0.001639
0.006299,0.016207,-0.008093
0.009338,0.020474,-0.008077
0.005531,0.021592,-0.013407
0.002691,0.030201,-0.020794
0.001867,0.036623,-0.022881
0.003989,0.036624,-0.022895
0.004179,0.038789,-0.026073
0.005335,0.032375,-0.025054
0.002545,0.018504,-0.025155
-0.001331,0.001439,-0.026364
-0.003347,-0.012474,-0.022207
-0.005428,-0.019887,-0.027564
-0.002706,-0.024208,-0.022289
-0.001906,-0.025297,-0.020176
-0.002054,-0.015647,-0.024302
-0.001169,-0.001820,-0.019964
-0.001141,0.014143,-0.015594
-0.002011,0.029032,-0.010174
-0.003734,0.041858,-0.012184
-0.002487,0.047229,-0.016407
-0.002235,0.045084,-0.015358
-0.004895,0.040775,-0.011165
-0.003707,0.031150,-0.009120
-0.006515,0.013992,-0.000782
-0.006457,0.008603,0.004476
-0.003512,-0.004277,0.011799
-0.004542,-0.019218,0.011661
-0.004647,-0.019257,0.015925
-0.005706,-0.013889,0.012789
-0.001858,-0.009648,0.014964
-0.000914,-0.005355,0.012914
0.001029,-0.004283,0.012929
0.001015,-0.007487,0.012873
-0.000949,-0.018170,0.013835
0.000881,-0.029920,0.014772
-0.000276,-0.036345,0.016817
-0.003393,-0.027788,0.014756
-0.000587,-0.013869,0.010625
0.004237,0.001083,0.009722
0.004276,0.003180,0.012925
0.006254,0.003244,0.006559
0.001431,0.002229,0.001231
0.002397,-0.005273,0.004342
0.002359,-0.016999,0.003185
-0.001646,-0.024447,0.001005
0.000139,-0.020157,-0.001094
0.002925,-0.024448,0.000977
0.003724,-0.030810,-0.003294
0.003570,-0.019028,-0.007429
0.000574,0.002291,-0.005155
0.002541,0.012997,-0.008210
0.002660,0.018343,-0.009225
0.000851,0.032204,-0.008063
0.002024,0.039622,-0.002722
0.001259,0.028961,-0.003869
0.002374,0.010826,-0.005094
0.003373,0.000185,-0.008391
0.003310,-0.011550,-0.008467
0.003181,-0.017930,-0.010631
-0.000859,-0.021107,-0.012760
-0.000992,-0.009344,-0.014738
0.000877,0.000261,-0.014619
0.000898,0.007766,-0.017703
-0.000981,0.021589,-0.012235
0.000098,0.020488,-0.009089
-0.000711,0.020492,-0.009062
-0.004499,0.009788,-0.005979
-0.006409,0.006571,-0.004966
-0.005442,-0.000932,-0.001869
-0.007444,-0.013746,-0.000927
-0.002668,-0.019084,-0.001002
-0.000801,-0.006259,-0.003047
0.000160,0.008634,0.001272
0.003140,0.011834,0.001287
0.002270,0.009687,0.002308
0.000382,0.011842,0.000184
0.001437,0.013944,0.003385
0.003475,0.010766,0.001256
0.001578,0.004356,0.002296
0.001598,0.002213,0.003394
-0.001306,0.005427,0.002389
-0.000330,0.001097,0.008767
0.000661,-0.004215,0.006633
-0.002267,-0.001001,0.005599
-0.000308,0.003234,0.008805
0.000701,0.003222,0.009839
-0.000212,0.007520,0.006658
-0.003066,0.016061,0.005632
-0.001989,0.017105,0.007742
-0.004807,0.017138,0.004551
-0.001782,0.017147,0.003463
-0.000713,0.009645,0.006574
-0.000679,-0.004228,0.006452
-0.001709,-0.015924,0.002120
-0.001841,-0.028741,0.003069
-0.000104,-0.038318,0.000883
0.001596,-0.038286,-0.002307
0.000400,-0.037221,-0.002276
0.003108,-0.025472,-0.003241
0.002990,-0.008388,-0.004139
0.003986,0.005486,-0.003997
0.005032,0.010836,-0.004998
0.003171,0.014025,-0.003923
0.000332,0.008670,-0.001841
-0.003536,0.006514,0.000255
0.000381,0.004382,0.000257
0.000385,-0.002043,0.002310
-0.000613,0.001144,0.003407
-0.002566,0.000118,-0.000860
-0.001589,0.001182,0.000207
-0.001568,0.007563,0.002371
-0.002487,0.011836,0.001343
-0.001427,0.019326,-0.000728
0.001602,0.015037,0.001342
-0.001219,0.013980,0.000272
-0.000170,0.008631,0.001266
0.004717,-0.003077,-0.002033
0.002707,-0.020214,0.004169
0.001596,-0.031953,0.004060
-0.000541,-0.030843,-0.000203
0.002180,-0.027641,-0.000168
0.003012,-0.013726,-0.004255
0.003941,0.004438,-0.006191
0.004980,0.021537,-0.008144
0.006105,0.027984,-0.012312
0.004319,0.019447,-0.012351
0.000512,0.004464,-0.008244
-0.005351,-0.005171,-0.005159
-0.004428,-0.006282,-0.000939
-0.004469,0.000134,-0.001930
-0.001541,0.008662,-0.000767
-0.000509,0.020395,0.000445
0.000623,0.037492,-0.001514
0.001883,0.047107,-0.002463
0.001207,0.048166,-0.001372
-0.002405,0.041780,-0.003549
-0.003142,0.031085,-0.001548
-0.002018,0.019296,0.003675
-0.002922,0.009733,-0.000666
0.001974,0.002264,-0.000739
0.002939,-0.001995,-0.001858
0.002905,-0.009455,-0.003020
0.002858,-0.005210,-0.000888
0.001862,-0.003066,-0.001930
-0.002020,0.002280,-0.002944
-0.003931,0.008733,-0.008214
-0.001916,0.017248,-0.006031
-0.000819,0.021505,-0.004933
-0.002662,0.011881,-0.002888
-0.003611,-0.002015,-0.000915
-0.004616,-0.007352,-0.000982
-0.001760,-0.013826,0.006402
-0.003803,-0.025532,0.003116
-0.003964,-0.030914,0.007301
-0.001230,-0.030913,0.007315
0.000550,-0.024489,0.005220
-0.000516,-0.012773,0.007431
0.000383,-0.009533,0.003223
0.001332,-0.006335,0.003210
0.003266,-0.003165,0.006399
0.007167,-0.003145,0.004270
0.006187,-0.006358,0.005311
0.006137,-0.007392,0.002139
0.002207,-0.003141,0.004312
0.001217,0.003298,0.001233
0.000275,0.012920,0.000310
0.004283,0.026786,0.001548
0.004510,0.043861,0.001746
0.006777,0.059913,-0.002330
0.005199,0.063156,-0.006531
0.000679,0.056710,-0.002350
-0.000935,0.050287,-0.000313
-0.001652,0.034276,-0.000501
-0.002464,0.018241,0.001455
-0.003376,0.009724,-0.000763
-0.002376,0.009650,0.006636
-0.002308,0.009680,0.003425
-0.002253,0.015034,0.001343
-0.005079,0.018255,-0.000778
-0.004961,0.017133,0.004511
-0.000961,0.005448,-0.000897
-0.000947,-0.003089,-0.000978
-0.001003,-0.016975,-0.000073
-0.002142,-0.037237,-0.001298
0.001475,-0.054303,-0.002543
0.000171,-0.052196,0.000685
-0.003061,-0.040445,-0.000245
-0.001299,-0.021234,-0.000043
0.004459,0.000122,-0.000883
0.005498,0.020417,-0.002799
0.004689,0.027866,-0.000597
0.003913,0.028962,-0.002684
0.001189,0.023648,-0.004846
-0.000634,0.012907,0.001408
-0.000586,0.001170,0.001326
-0.001577,-0.004144,-0.000843
-0.000674,-0.007314,-0.004068
0.000252,-0.001969,-0.005117
0.002149,-0.004134,-0.001939
0.000179,0.004436,-0.005041
-0.001723,0.016183,-0.006027
-0.001628,0.018273,-0.001778
-0.001512,0.007655,-0.007176
-0.002461,-0.004117,-0.004110
-0.002512,-0.014801,-0.003176
-0.001688,-0.032923,-0.005485
0.000020,-0.046797,-0.005620
-0.001239,-0.044590,-0.013041
0.001418,-0.034963,-0.015059
0.000257,-0.022145,-0.016002
0.001120,-0.012572,-0.012721
0.000072,-0.003966,-0.018985
0.003968,0.001348,-0.016817
0.001026,-0.008255,-0.016880
0.002877,-0.016802,-0.015879
-0.000173,-0.017904,-0.012683
-0.002270,-0.023302,-0.006336
-0.002449,-0.032911,-0.005340
-0.001685,-0.031862,-0.003167
-0.002847,-0.021197,-0.001964
0.002894,-0.005213,0.000284
0.000959,0.008681,-0.001717
0.002985,0.016151,-0.001651
0.003096,0.020384,0.001542
0.000302,0.021449,0.001523
-0.001498,0.025740,-0.000576
-0.000367,0.024637,0.002556
0.000734,0.023524,0.006757
-0.001087,0.022443,0.007767
0.000982,0.017106,0.007692
-0.000875,0.020287,0.009849
-0.000738,0.024532,0.011995
-0.000542,0.031938,0.018419
-0.003231,0.040451,0.020616
-0.003887,0.048990,0.020718
-0.003544,0.058593,0.020774
0.000729,0.062848,0.021838
0.001114,0.054269,0.026007
-0.001492,0.037205,0.024783
-0.002271,0.016909,0.026735
-0.003172,-0.002266,0.023405
-0.003187,-0.015039,0.020146
-0.004262,-0.025643,0.013735
-0.003441,-0.030871,0.003078
0.001256,-0.030831,-0.001201
0.003036,-0.027582,-0.005426
0.001904,-0.029698,-0.007601
0.001724,-0.030742,-0.010826
0.003489,-0.032866,-0.011912
0.004261,-0.039196,-0.019423
0.003025,-0.050913,-0.021648
0.003650,-0.051954,-0.023766
0.003311,-0.046553,-0.030072
0.004958,-0.034866,-0.024594
-0.001160,-0.033750,-0.028745
0.003513,-0.015665,-0.022146
0.003398,-0.005043,-0.016685
0.003351,-0.001878,-0.012323
0.003356,0.011894,-0.001522
-0.000432,0.031054,0.003992
0.002706,0.043806,0.009408
0.002018,0.053390,0.011621
0.004305,0.059790,0.011635
0.006667,0.070442,0.012728
0.007108,0.073658,0.010544
0.005596,0.067273,0.008325
0.001104,0.055582,0.002848
-0.001521,0.039626,-0.002660
-0.005207,0.023626,-0.003916
-0.008028,0.005520,-0.008380
-0.009020,-0.013641,-0.013922
-0.010138,-0.029616,-0.017301
-0.008369,-0.032801,-0.019514
-0.004689,-0.034933,-0.020654
-0.001964,-0.033878,-0.019598
-0.004107,-0.038146,-0.019628
-0.004340,-0.043491,-0.018600
-0.009450,-0.042494,-0.011151
-0.009751,-0.054305,-0.003799
-0.007172,-0.052190,-0.001580
-0.006505,-0.048020,0.009171
-0.001900,-0.035300,0.018927
-0.001108,-0.026786,0.022296
-0.000284,-0.023641,0.028801
0.003548,-0.002335,0.033300
0.005570,0.020081,0.033543
0.009643,0.032932,0.029439
0.011858,0.046809,0.028487
0.013153,0.059654,0.024313
0.013534,0.066109,0.019057
0.011988,0.070504,0.006349
0.006587,0.076950,0.002139
0.007024,0.067448,-0.008617
0.007385,0.045118,-0.017399
0.004670,0.021751,-0.029372
0.004706,-0.001685,-0.035013
0.002644,-0.028285,-0.043831
-0.001509,-0.046400,-0.047227
-0.007686,-0.046394,-0.048350
-0.009018,-0.050664,-0.048423
-0.007419,-0.050642,-0.050531
-0.009699,-0.045325,-0.048341
-0.008029,-0.035793,-0.040789
-0.009243,-0.026291,-0.030047
-0.010396,-0.019999,-0.018230
-0.010512,-0.012681,-0.002160
-0.008615,-0.005332,0.010728
-0.005688,-0.002250,0.023598
-0.005664,0.001953,0.031173
-0.003662,0.005094,0.037623
0.003219,0.008290,0.038781
0.005286,0.020053,0.036789
0.005474,0.031813,0.034777
0.005688,0.026526,0.029405
0.007815,0.014870,0.020780
0.010827,0.006489,0.004699
0.013781,0.001284,-0.009251
0.013758,-0.006088,-0.020016
0.011731,-0.010258,-0.030767
0.008690,-0.012293,-0.041471
0.005635,-0.003699,-0.047853
0.000724,0.008126,-0.056267
-0.001245,0.019919,-0.061456
-0.003125,0.026261,-0.055007
-0.003039,0.021921,-0.047568
-0.005900,0.006853,-0.034931
-0.009804,-0.005020,-0.021199
-0.008910,-0.008333,-0.009487
-0.010905,-0.003141,0.005483
-0.011866,0.004235,0.015160
-0.010812,0.018060,0.020656
-0.007724,0.026528,0.028177
-0.001664,0.027618,0.026078
-0.001424,0.028720,0.021789
-0.001223,0.025522,0.020610
0.000880,0.011668,0.018304
0.000933,-0.003234,0.013867
0.002831,-0.013858,0.008400
0.004638,-0.023445,0.006145
0.006392,-0.029784,-0.000298
0.007163,-0.028671,-0.004484
0.003071,-0.026429,-0.015047
0.003883,-0.008285,-0.014854
0.001919,0.005613,-0.016792
0.003919,0.019531,-0.020874
0.000142,0.021637,-0.017616
0.001223,0.015174,-0.011258
-0.002617,0.006574,-0.004938
-0.003567,0.002274,-0.001786
-0.006470,-0.003102,0.002397
-0.004535,-0.002077,0.006650
-0.003551,0.006435,0.008812
-0.003498,0.010689,0.009862
-0.001447,0.017091,0.009904
-0.004272,0.019222,0.009881
-0.005142,0.013840,0.014037
-0.005055,0.005301,0.013935
-0.003073,0.001055,0.011754
-0.003069,-0.003258,0.015933
-0.004077,-0.009706,0.020136
-0.005096,-0.016066,0.015843
-0.003233,-0.014976,0.013730
0.000606,-0.012850,0.014844
0.001527,-0.013926,0.015895
0.001466,-0.012856,0.015939
0.003339,-0.017160,0.019079
0.001327,-0.017139,0.016957
-0.000690,-0.009675,0.018110
-0.001671,0.008508,0.014011
0.002331,0.024538,0.012078
0.002531,0.030941,0.012141
0.002765,0.044812,0.012263
0.006955,0.055471,0.013403
0.007296,0.056531,0.014487
0.005718,0.060810,0.013463
0.003171,0.060768,0.017713
0.001566,0.045871,0.013339
0.003767,0.029833,0.016375
0.002981,0.019235,0.008841
0.000151,0.016081,0.003446
0.003159,0.018234,0.001315
0.001297,0.022489,0.002400
-0.001447,0.043841,0.001505
0.000782,0.064137,-0.000476
0.003146,0.069493,-0.002558
0.001613,0.067349,-0.001509
-0.001905,0.059859,0.000555
-0.001577,0.042772,0.001446
-0.002363,0.021356,0.008708
-0.006195,0.001116,0.005361
-0.007189,-0.007422,0.005279
-0.000440,-0.008522,0.008453
-0.001455,-0.002084,0.005375
-0.001435,0.012834,0.007649
0.002577,0.033120,0.006772
-0.000100,0.041648,0.007928
-0.000775,0.045928,0.006918
-0.000462,0.044851,0.007963
0.000768,0.035257,0.006818
0.000957,0.026733,0.005689
0.001107,0.017140,0.004558
0.000225,0.013980,0.000258
0.000278,0.008677,-0.002965
0.000342,0.011905,-0.006125
0.001389,0.020484,-0.010294
0.000510,0.020479,-0.009221
0.001610,0.018347,-0.009205
0.000706,0.009818,-0.010354
0.000731,0.004515,-0.013569
0.000714,-0.005063,-0.015749
-0.002286,-0.013589,-0.016891
-0.004364,-0.026391,-0.016969
-0.005538,-0.032814,-0.014882
-0.001859,-0.033864,-0.017033
-0.000110,-0.028561,-0.013817
-0.005126,-0.020017,-0.013717
-0.002339,-0.016827,-0.012642
-0.003425,-0.016827,-0.012614
-0.002552,-0.013656,-0.009389
-0.002623,-0.007240,-0.011473
-0.000730,-0.012575,-0.011513
-0.000823,-0.020030,-0.012648
-0.003929,-0.030746,-0.008525
-0.006088,-0.036125,-0.004320
-0.000432,-0.024343,-0.008448
0.002357,-0.010491,-0.006191
0.006217,-0.004111,-0.004040
0.005239,-0.003056,-0.002977
0.006173,-0.009426,-0.006202
0.001221,-0.020114,-0.004182
-0.001840,-0.030838,0.001037
-0.004985,-0.042589,0.001989
-0.001365,-0.049001,0.003015
-0.005551,-0.044743,0.004128
-0.000945,-0.044763,0.006263
0.002710,-0.036220,0.005278
0.001564,-0.028729,0.003215
-0.000515,-0.019057,-0.003048
-0.004491,-0.009478,-0.000897
-0.002596,-0.003108,0.002328
0.000349,0.002238,0.001314
-0.000602,0.002213,0.003430
0.000390,-0.003156,0.006552
0.001339,-0.008478,0.005444
0.000301,-0.020239,0.007443
-0.001796,-0.028768,0.006308
-0.002964,-0.037262,0.001989
-0.000243,-0.030834,-0.000078
0.001523,-0.027633,-0.000057
0.001362,-0.023364,-0.000013
0.002213,-0.019096,0.000017
0.001152,-0.006284,-0.000945
0.002149,0.011857,-0.000793
0.002259,0.022513,0.001448
0.002427,0.029971,0.002554
0.000666,0.028946,-0.001693
0.002774,0.023555,0.003545
-0.001001,0.013983,0.000278
-0.000951,0.008605,0.004483
-0.001887,0.005394,0.005516
-0.001859,0.000102,0.001246
0.000101,0.007601,-0.001857
0.002091,0.010770,0.001347
0.002168,0.008606,0.004511
-0.000723,-0.002067,0.004404
-0.002698,-0.010592,0.003247
-0.001792,-0.006303,0.001155
-0.000851,-0.007396,0.003227
-0.000896,-0.009508,0.001093
-0.000954,-0.007323,-0.004186
0.001922,0.000114,-0.000951
0.002910,0.001258,-0.008370
0.000009,0.007640,-0.006192
-0.000900,0.010838,-0.006163
0.001102,0.011884,-0.004031
0.001144,0.005463,-0.001931
0.000187,0.000150,-0.004086
0.001145,-0.003028,-0.006194
-0.000839,-0.003018,-0.007255
0.000114,0.000223,-0.010384
0.002049,0.000212,-0.009323
0.002049,0.004478,-0.009285
-0.002780,0.010869,-0.008175
-0.001717,0.022604,-0.008085
0.001343,0.026840,-0.004872
-0.000435,0.028968,-0.003800
-0.003199,0.027890,-0.002742
-0.003044,0.026822,-0.002737
-0.002897,0.025745,-0.001671
-0.002754,0.017197,-0.000705
-0.002682,0.001136,0.004460
-0.001737,-0.010607,0.005423
-0.001795,-0.004164,0.001207
0.002074,-0.003127,0.003321
0.001083,-0.003094,0.000145
0.001104,0.010825,-0.003972
0.000216,0.020395,-0.000726
0.000340,0.020395,-0.000726
0.000449,0.013993,-0.000782
-0.000454,0.005457,-0.000843
-0.003353,0.000133,-0.001944
-0.001439,-0.007348,-0.000948
-0.001491,-0.012671,-0.002035
-0.001578,-0.016939,-0.002065
-0.001678,-0.014845,0.002239
-0.006618,-0.009520,0.003361
-0.002759,-0.002083,0.006595
-0.000805,0.000054,0.006613
0.001143,-0.005271,0.005498
0.000143,-0.006350,0.006536
-0.000867,-0.010610,0.005417
0.000041,-0.015968,0.007479
-0.001049,-0.022341,0.004219
0.001766,-0.018052,0.002106
0.006542,-0.012696,0.000024
0.005495,-0.011650,0.002149
0.006395,-0.009472,-0.002056
0.005371,0.001251,-0.007253
0.003446,0.008723,-0.007160
0.003490,0.010914,-0.012433
0.002586,0.015163,-0.010246
0.001698,0.016196,-0.007039
-0.000169,0.005495,-0.003929
-0.002093,0.002273,-0.001835
-0.003059,0.002230,0.002402
-0.006931,0.001142,0.004493
-0.002056,0.001152,0.003432
-0.001054,0.004372,0.001290
-0.003937,0.008617,0.003414
-0.001944,0.006502,0.001274
-0.001907,0.006508,0.000158
-0.000906,0.004384,-0.000936
-0.001865,0.002262,-0.001995
-0.002829,0.001170,0.000126
0.002028,-0.005200,-0.003106
0.000994,-0.014802,-0.003190
0.000914,-0.016903,-0.006378
0.002740,-0.014790,-0.004237
0.002640,-0.013752,-0.001011
0.001608,-0.005183,-0.004098
0.002584,0.004411,-0.002946
0.003600,0.012974,-0.004981
0.001767,0.022580,-0.004862
0.002866,0.018343,-0.008075
0.000044,0.009774,-0.004967
-0.002857,-0.000876,-0.007182
-0.002899,-0.009479,-0.000925
-0.003928,-0.005194,-0.003022
-0.002054,-0.011575,-0.005186
-0.003104,-0.008400,-0.001970
-0.002163,0.002280,-0.002959
-0.000203,0.005483,-0.002945
0.000804,-0.000941,-0.000872
-0.005052,-0.010573,0.001147
-0.004155,-0.021290,0.005263
-0.004287,-0.026613,0.004133
0.000421,-0.028759,0.005162
-0.001686,-0.023413,0.004162
0.000168,-0.007363,0.000072
0.004053,0.008666,-0.001918
0.002182,0.020428,-0.003910
0.004279,0.023628,-0.003874
0.002464,0.023594,-0.000712
0.003565,0.012915,0.000284
0.000704,0.003331,-0.001929
-0.001229,0.002267,-0.001933
0.000716,0.002237,0.001271
-0.000258,0.001220,-0.004014
0.002683,0.003311,0.000235
0.001710,0.004403,-0.001865
-0.002128,0.010784,0.000306
-0.003056,0.008650,0.000280
-0.001048,0.010784,0.000292
-0.001961,0.006515,0.000241
-0.002900,0.007602,-0.001886
0.000076,0.011855,-0.000821
0.001096,-0.000960,0.000149
-0.000893,-0.013772,0.001104
-0.001957,-0.015886,-0.001051
-0.001080,-0.015931,0.003165
0.000769,-0.013796,0.003191
-0.002230,-0.009484,-0.001009
-0.001292,-0.002034,0.001192
0.000655,0.003281,0.003367
0.002656,0.008628,0.002353
0.001765,0.009735,-0.001881
0.001821,0.006513,0.000213
0.003798,-0.002045,0.002260
0.000892,0.001190,-0.000881
-0.002009,0.006494,0.002384
-0.000998,0.008671,-0.001841
-0.001939,0.011862,-0.000745
-0.000903,0.005469,-0.001883
0.000109,0.002282,-0.002960
-0.001847,-0.004133,-0.001975
-0.001900,-0.013780,0.002192
-0.002977,-0.025487,-0.001107
-0.005085,-0.030836,-0.000099
-0.005300,-0.034070,0.003049
-0.001608,-0.030852,0.000928
0.002097,-0.032944,-0.003348
-0.000052,-0.031911,-0.000177
-0.002192,-0.027655,0.000901
0.000550,-0.030854,0.000886
0.003343,-0.018047,0.001012
0.005221,-0.005262,0.003245
0.005211,0.006500,0.001247
0.005270,0.015073,-0.001814
0.004409,0.022545,-0.001721
0.003591,0.028929,0.000513
0.002822,0.039591,0.001681
0.005013,0.039582,0.002770
0.003318,0.038526,0.001714
0.000631,0.035324,0.001665
0.000795,0.026785,0.001577
-0.001963,0.022527,0.000478
-0.003798,0.023623,-0.002737
-0.001693,0.028935,-0.000610
-0.001501,0.029985,0.000384
0.000600,0.025709,0.001421
-0.003148,0.023540,0.004551
-0.005921,0.017100,0.007623
-0.002926,0.006416,0.008570
-0.002886,0.000018,0.008541
-0.004824,-0.002159,0.012766
-0.001894,-0.003173,0.007466
0.001982,-0.011666,0.003162
-0.000022,-0.010600,0.003214
0.003814,-0.010557,-0.001016
0.001818,-0.004105,-0.005185
0.002785,0.005500,-0.005094
0.002837,0.016150,-0.002872
0.002955,0.022553,-0.002802
0.002097,0.017231,-0.003875
0.004114,0.007628,-0.003952
0.002206,0.000160,-0.004004
0.000234,-0.012658,-0.003076
-0.000855,-0.021196,-0.003136
-0.002953,-0.022221,-0.007396
-0.000191,-0.019052,-0.004192
0.001668,-0.009437,-0.005162
0.000629,-0.007260,-0.009409
-0.002330,-0.004081,-0.007272
-0.002367,-0.006261,-0.003067
-0.003369,-0.005206,-0.002025
-0.003414,-0.009499,0.000047
-0.001529,-0.012700,0.000019
-0.001613,-0.011665,0.003197
0.000254,-0.019137,0.003111
0.001121,-0.023402,0.003094
0.001007,-0.014791,-0.004259
0.000945,-0.000972,0.001182
-0.001989,0.004387,-0.000873
0.000970,0.006560,-0.003997
0.003957,0.012930,-0.000765
0.003052,0.012927,-0.000757
0.001191,0.010827,-0.003931
0.002196,0.001200,-0.001899
0.000234,-0.003091,0.000165
0.002160,-0.003056,-0.003012
-0.000768,0.002319,-0.007258
0.003109,0.008703,-0.005060
0.004151,0.019395,-0.007096
0.001380,0.033286,-0.009110
0.005486,0.044011,-0.014314
0.001837,0.043958,-0.009003
0.003044,0.036510,-0.011190
0.001291,0.022638,-0.011297
0.002353,0.003419,-0.010404
0.000363,-0.005093,-0.012559
0.000276,-0.011464,-0.015791
0.000177,-0.008232,-0.018945
0.001079,0.000274,-0.015674
0.000136,0.014147,-0.015539
0.000213,0.012009,-0.015599
-0.001674,0.012013,-0.015593
-0.002593,0.011989,-0.013499
-0.001574,0.003451,-0.013587
-0.002556,-0.006110,-0.017908
-0.003609,-0.014703,-0.012698
-0.005648,-0.016871,-0.009547
-0.002840,-0.012593,-0.010570
0.000022,0.000212,-0.010472
0.000993,0.006618,-0.010411
-0.002859,0.005552,-0.010406
-0.001860,0.007706,-0.012523
0.000125,0.003385,-0.007242
-0.001825,-0.007255,-0.010532
-0.001910,-0.017957,-0.007428
-0.001073,-0.023313,-0.005346
0.002682,-0.021147,-0.008517
0.002541,-0.022214,-0.008505
0.002406,-0.015811,-0.008443
0.000358,-0.010472,-0.008390
0.003236,-0.004037,-0.011517
0.004212,0.004529,-0.014625
0.004220,0.003441,-0.012512
0.004224,-0.001897,-0.012565
0.000279,-0.011514,-0.011622
-0.001749,-0.015800,-0.009546
-0.001874,-0.022204,-0.009609
-0.002991,-0.019013,-0.008520
-0.004061,-0.001887,-0.013697
-0.000166,0.009884,-0.016756
0.002822,0.020502,-0.011365
0.000021,0.022644,-0.012413
-0.002773,0.018354,-0.010322
-0.004638,0.009840,-0.012526
-0.002673,0.003372,-0.006222
-0.004629,-0.008398,-0.003142
-0.003738,-0.018024,-0.001111
0.001005,-0.015889,-0.001085
-0.000052,-0.006263,-0.003117
0.003829,0.001206,-0.003022
0.002891,0.007630,-0.005089
0.001961,0.009810,-0.009322
0.004934,0.004505,-0.012559
0.007885,0.007714,-0.013612
0.001072,0.001309,-0.013695
-0.000879,0.004556,-0.017905
0.001073,0.009892,-0.017859
0.002094,0.017371,-0.018854
0.004148,0.018430,-0.017756
0.001341,0.027018,-0.023000
-0.001466,0.028064,-0.020869
-0.001340,0.016283,-0.016727
-0.002251,0.012005,-0.015697
-0.003175,0.006635,-0.012588
-0.003159,0.007681,-0.010457
-0.000220,0.006638,-0.012575
-0.002146,0.005571,-0.012584
-0.001145,0.013021,-0.010404
-0.001035,0.025837,-0.011354
0.000103,0.041892,-0.016531
-0.000552,0.077149,-0.020468
-0.003908,0.120890,-0.019045
0.001740,0.148584,-0.013477
0.002639,0.157098,-0.011280
0.000646,0.158113,-0.005959
-0.003317,0.145284,-0.003991
0.000405,0.129213,0.002228
-0.006720,0.103580,0.004141
-0.003279,0.076922,0.001772
0.000944,0.039521,0.006758
0.002062,0.000017,0.008555
0.001960,-0.025569,0.006230
0.000790,-0.029784,0.000887
0.003543,-0.026539,-0.003315
0.005344,-0.011502,-0.012712
0.003396,0.017361,-0.017772
0.008404,0.033378,-0.018693
0.005667,0.031225,-0.016555
0.002914,0.023776,-0.018756
0.000085,0.008805,-0.015718
0.000101,-0.003969,-0.019013
-0.004854,-0.010416,-0.014845
-0.005910,-0.007248,-0.011641
-0.000096,0.009819,-0.010411
-0.001975,0.026873,-0.008119
0.004073,0.042903,-0.010087
0.001399,0.042913,-0.011155
0.001631,0.033223,-0.002758
-0.000177,0.015081,-0.002938
-0.004035,-0.007322,-0.004228
-0.007030,-0.016950,-0.002218
-0.005223,-0.020184,0.000951
-0.000474,-0.013769,-0.000040
0.002396,0.000149,-0.004121
0.000482,0.017247,-0.006066
-0.002307,0.024694,-0.003864
-0.001203,0.020372,0.001396
-0.006896,0.021412,0.004594
-0.003837,0.023492,0.009897
-0.003686,0.014923,0.013012
-0.002631,0.003163,0.015032
-0.003596,-0.003240,0.014976
-0.001690,-0.011788,0.015970
-0.001789,-0.023522,0.015894
-0.001923,-0.032038,0.013691
-0.001154,-0.034186,0.014741
0.001621,-0.024570,0.013771
0.003475,-0.011722,0.009624
0.003456,-0.001049,0.009738
0.002523,0.014927,0.013068
0.000674,0.015974,0.015213
-0.000167,0.019154,0.017384
-0.001021,0.010575,0.021554
-0.002910,0.004150,0.023641
-0.001892,0.002048,0.020446
0.001088,0.010651,0.014147
0.003115,0.012806,0.012044
0.006120,0.010715,0.007767
0.002299,0.010704,0.008821
0.002353,0.007519,0.006659
0.002400,0.000057,0.005498
0.002391,-0.005244,0.002267
0.001355,-0.009469,-0.002007
0.002262,-0.008401,-0.001984
0.002229,-0.005187,-0.003003
0.002190,-0.010542,-0.000922
-0.003744,-0.022279,-0.001003
-0.003885,-0.030873,0.004235
-0.006023,-0.037286,0.005240
-0.005262,-0.041597,0.009426
-0.005484,-0.042705,0.013674
-0.004718,-0.028863,0.016978
-0.003862,-0.012845,0.016063
-0.000955,0.004216,0.017282
0.000102,0.010629,0.016277
-0.001716,0.023435,0.016381
-0.005432,0.028759,0.017475
-0.001362,0.023410,0.018483
-0.001188,0.015917,0.020512
-0.001122,0.003114,0.020392
-0.001118,-0.006425,0.013949
0.002736,-0.010652,0.009661
0.003650,-0.007440,0.008635
0.001666,-0.005302,0.008674
0.000700,0.012863,0.006745
0.001789,0.029960,0.004786
0.000070,0.042788,0.002789
0.001315,0.047036,0.004991
0.000644,0.056705,-0.001270
0.000042,0.065137,0.009386
0.001395,0.061894,0.013608
-0.001150,0.062990,0.010450
-0.000777,0.062967,0.012551
0.000538,0.052263,0.015648
0.002782,0.041611,0.013412
-0.000869,0.038388,0.015485
0.002275,0.036295,0.011209
0.003451,0.029878,0.012187
0.003614,0.016015,0.010998
0.000751,0.002160,0.008728
-0.002157,0.003257,0.005526
0.001758,0.005361,0.008720
0.003727,-0.004222,0.006514
0.002733,-0.008457,0.003286
-0.001218,-0.009494,0.000073
0.000661,-0.016982,0.002122
-0.002393,-0.028709,0.000972
0.000352,-0.033023,0.005187
0.000171,-0.036214,0.004098
-0.002967,-0.044731,0.001909
0.002607,-0.050046,-0.000273
0.001336,-0.050011,-0.003472
0.000105,-0.040460,0.001917
-0.001102,-0.029737,-0.003301
0.000713,-0.011604,-0.002054
0.000688,0.008672,-0.001856
0.004704,0.026771,0.002546
0.003886,0.025743,-0.001699
0.000142,0.024656,0.000428
-0.001662,0.021438,0.002527
0.000389,0.011822,0.003484
-0.002468,0.004397,-0.000798
-0.001464,0.007629,-0.003967
-0.001420,0.015074,-0.001778
-0.000375,0.015075,-0.001771
-0.001248,0.016163,-0.003870
-0.004066,0.017178,0.001451
-0.005915,0.017231,-0.003861
-0.005831,0.020367,0.002512
-0.002801,0.017147,0.004620
-0.004641,0.015022,0.003533
0.000308,0.012911,0.001385
0.001360,0.010736,0.005631
0.003383,0.005409,0.004524
0.002416,-0.003074,-0.000849
0.001448,-0.000929,-0.001913
0.004372,0.005442,0.001319
0.003439,0.019387,-0.005993
0.004535,0.031138,-0.006931
0.004720,0.040745,-0.006819
0.004983,0.050382,-0.009905
0.003314,0.049335,-0.012035
0.002589,0.040745,-0.006805
-0.000133,0.028976,-0.003690
-0.002930,0.020427,-0.002717
-0.002847,0.009728,0.000393
0.000089,-0.004166,0.002394
-0.000953,-0.014833,0.001206
-0.003948,-0.013778,0.002256
-0.000127,-0.009487,0.000163
0.000810,-0.007354,0.000168
-0.000196,-0.003075,-0.000884
-0.002122,0.011917,-0.006079
0.000898,0.023599,-0.000706
0.001016,0.018242,0.001376
-0.001801,0.008644,0.000226
-0.004695,0.001141,0.003330
-0.004704,-0.011684,0.005318
-0.002848,-0.021296,0.006323
-0.003936,-0.024519,0.008402
-0.002146,-0.021319,0.008417
-0.001238,-0.003189,0.009636
0.001704,0.017120,0.006658
0.000903,0.038423,0.011109
0.002134,0.047994,0.014369
-0.001476,0.043691,0.017501
-0.000218,0.034077,0.018485
-0.000981,0.022351,0.017336
0.001092,0.021294,0.016258
-0.001737,0.015958,0.016219
-0.000674,0.011712,0.014073
0.000374,0.012823,0.009867
0.002409,0.012802,0.011989
0.001513,0.010636,0.015139
0.001570,0.002121,0.012956
0.001586,-0.002139,0.011844
-0.000379,-0.007434,0.007526
-0.002350,-0.003124,0.003319
-0.000381,0.009670,0.004479
0.002617,0.018264,-0.000732
0.004688,0.023622,-0.002786
0.001906,0.023599,-0.000664
0.001072,0.018264,-0.000710
0.000190,0.008673,-0.001842
-0.002676,0.008701,-0.005066
-0.000710,0.005487,-0.004061
-0.000699,-0.002034,0.001199
0.000234,-0.006300,0.001161
0.002148,-0.002022,0.000124
0.002138,0.000123,-0.000905
0.001186,0.005447,0.000196
-0.000720,0.001159,0.002287
-0.000731,-0.006301,0.001147
-0.000768,-0.012738,0.004275
0.000135,-0.016996,0.003177
0.001971,-0.019119,0.002118
0.000894,-0.016940,-0.002086
-0.001138,-0.010536,-0.002031
0.000771,-0.004111,-0.004083
-0.004128,-0.007337,-0.002002
-0.002222,-0.009516,0.002196
-0.001308,-0.012713,0.001087
-0.003345,-0.015904,-0.000009
-0.000536,-0.025544,0.004156
-0.001666,-0.026589,0.002032
-0.001790,-0.016960,-0.000008
0.000069,-0.011658,0.003208
0.001972,-0.008402,-0.002026
0.000955,-0.003011,-0.007264
-0.000991,0.009769,-0.005043
0.001985,0.007625,-0.003994
0.003956,0.001242,-0.006150
0.001017,-0.009420,-0.007325
0.001892,-0.016929,-0.003141
-0.000171,-0.025520,0.002076
-0.000335,-0.025497,-0.000046
-0.001433,-0.015860,-0.003125
-0.000496,0.008697,-0.003979
0.000583,0.033263,-0.005880
0.004716,0.053523,-0.004640
0.000179,0.056703,-0.002490
-0.002411,0.051251,0.009112
-0.005069,0.033076,0.012109
-0.002970,0.004217,0.016089
-0.003009,-0.026786,0.021089
-0.005142,-0.043875,0.021967
-0.004446,-0.050267,0.020843
-0.001803,-0.039538,0.015629
-0.001017,-0.027822,0.017840
0.000816,-0.016085,0.017950
-0.001166,-0.007506,0.013774
0.001719,-0.007535,0.016949
0.001691,-0.018173,0.013700
-0.000362,-0.032047,0.013594
-0.002488,-0.041573,0.006125
-0.001777,-0.055410,0.002854
0.001818,-0.058512,-0.006688
0.004414,-0.059531,-0.012043
0.005028,-0.062628,-0.022709
0.006624,-0.057218,-0.030104
0.008187,-0.062481,-0.037598
0.004915,-0.053838,-0.048133
-0.000288,-0.044235,-0.048056
0.001396,-0.029272,-0.050027
-0.000753,-0.024947,-0.055246
-0.001978,-0.045286,-0.049043
-0.001352,-0.054932,-0.044869
0.000183,-0.069934,-0.038591
-0.003246,-0.086011,-0.031256
-0.005765,-0.085054,-0.019500
-0.007263,-0.065927,-0.010802
-0.003739,-0.040405,-0.000933
-0.001956,-0.002013,0.002683
0.003989,0.039564,0.007311
0.007248,0.074726,0.012931
0.007764,0.093861,0.020511
0.004486,0.103432,0.023771
0.004148,0.106586,0.027981
0.000907,0.106581,0.027919
0.002554,0.100267,0.018238
0.003158,0.092863,0.010635
0.005614,0.076897,0.005045
0.007977,0.062041,-0.004793
0.005359,0.035454,-0.014702
0.003547,0.010933,-0.018217
-0.002321,-0.016779,-0.022779
-0.009300,-0.033793,-0.029349
-0.009571,-0.050870,-0.029533
-0.008932,-0.058296,-0.033828
-0.007347,-0.055090,-0.033773
-0.006743,-0.054050,-0.030519
-0.006113,-0.053071,-0.020856
-0.007399,-0.052070,-0.013309
-0.009644,-0.048884,-0.011076
-0.010893,-0.042612,0.002877
-0.010143,-0.031932,0.003074
-0.002478,-0.011748,0.012862
0.002347,-0.007509,0.016153
0.004304,0.002142,0.012048
0.007259,0.009586,0.015315
0.010270,0.012819,0.012153
0.010332,0.009644,0.008959
0.010413,0.014007,-0.000574
0.010497,0.017241,-0.003765
0.013480,0.007719,-0.012378
0.013495,0.001440,-0.025186
0.013456,-0.000602,-0.034795
0.008494,-0.009040,-0.044441
0.004471,-0.018581,-0.050905
0.000412,-0.026046,-0.052072
-0.002728,-0.031344,-0.056425
-0.005902,-0.028146,-0.056432
-0.007090,-0.024978,-0.053248
-0.009201,-0.017550,-0.048954
-0.014216,-0.010116,-0.045761
-0.014314,-0.008038,-0.040450
-0.012438,-0.010290,-0.028798
-0.010560,-0.008230,-0.021352
-0.008661,-0.010462,-0.011850
-0.006793,-0.019070,-0.004456
-0.003988,-0.015932,0.001952
-0.005056,-0.009545,0.004206
-0.006077,0.003235,0.007584
0.002737,0.018177,0.007778
0.004834,0.026751,0.004739
0.006989,0.033194,0.001630
0.011098,0.032118,0.002703
0.008325,0.016119,0.001489
0.007393,-0.004167,0.002373
0.003444,-0.009473,-0.000885
0.005330,-0.007298,-0.005138
0.005271,-0.008305,-0.011533
0.006181,-0.001858,-0.015700
0.005237,0.013095,-0.016653
0.005303,0.017394,-0.019813
0.000517,0.014255,-0.026185
-0.004300,0.008939,-0.028381
-0.005281,0.004583,-0.019965
-0.008207,-0.005097,-0.012643
-0.007316,-0.013688,-0.007405
-0.009366,-0.016889,-0.007426
-0.009435,-0.012707,0.001092
-0.005628,-0.016997,0.003177
-0.006715,-0.030893,0.005165
-0.008833,-0.030915,0.007273
-0.006079,-0.028866,0.015779
-0.004267,-0.022504,0.020100
-0.000462,-0.012897,0.020197
-0.001464,-0.004369,0.021346
-0.000485,0.000987,0.019271
0.005417,0.007380,0.020395
0.002579,0.007381,0.020402
0.000675,0.002047,0.020376
0.002663,0.000979,0.020374
-0.000252,0.000970,0.021449
-0.000222,-0.003296,0.021432
-0.001167,0.004121,0.026809
-0.001095,0.010526,0.026850
-0.000028,0.011592,0.026852
-0.000892,0.013725,0.026893
-0.002749,0.012666,0.025795
-0.005555,0.012613,0.031100
-0.002543,0.007276,0.031033
-0.002478,-0.001305,0.035181
-0.002465,-0.001315,0.036249
-0.001466,0.004011,0.037370
-0.000426,0.007194,0.039562
0.002575,0.000834,0.035305
0.002646,0.002980,0.034283
0.001709,-0.011903,0.028825
0.000688,-0.023569,0.021275
0.001535,-0.034153,0.011572
0.001312,-0.047976,0.006097
0.004910,-0.051104,-0.001421
0.006559,-0.047864,-0.005679
0.010208,-0.038201,-0.012002
0.007079,-0.025268,-0.024629
0.003031,-0.016730,-0.024555
0.000010,-0.002825,-0.027610
0.000951,0.007783,-0.021122
0.002927,0.017359,-0.017807
0.001045,0.018358,-0.010330
0.003070,0.015120,-0.006038
0.001217,0.019317,0.001503
0.001319,0.020326,0.007948
-0.001457,0.024622,0.005925
-0.001314,0.024581,0.010190
0.004709,0.032094,0.006018
0.006901,0.037491,-0.000336
0.005209,0.038637,-0.008877
0.003464,0.034407,-0.013213
0.002672,0.030186,-0.018632
0.001822,0.016373,-0.025174
-0.003025,-0.002841,-0.025397
-0.007013,-0.017787,-0.025611
-0.004284,-0.031702,-0.021538
-0.007426,-0.036014,-0.017352
-0.009639,-0.037106,-0.015252
-0.009861,-0.025460,-0.005559
-0.008034,-0.011659,0.002024
-0.007098,-0.002125,0.009597
-0.004142,0.008545,0.010819
-0.003081,0.015965,0.016238
-0.003926,0.014865,0.019440
-0.001847,0.012723,0.020524
-0.000754,0.011656,0.020529
0.005194,0.015912,0.021614
0.008252,0.015924,0.020538
0.008344,0.008476,0.018351
0.004479,0.004290,0.009819
0.003524,0.006466,0.005573
0.004529,0.006468,0.005594
0.004581,0.010779,0.001387
0.004644,0.009766,-0.003935
0.005678,0.011942,-0.008174
0.002811,0.009818,-0.009261
-0.001039,0.008774,-0.011371
-0.002955,0.008774,-0.011386
-0.003864,0.010884,-0.009280
-0.003827,0.004454,-0.007233
-0.005777,-0.006306,0.001128
-0.006816,-0.010541,-0.002100
-0.005899,-0.004236,0.007484
-0.002022,0.002169,0.007539
-0.005855,0.008617,0.003379
0.000061,0.019274,0.004520
0.002118,0.019244,0.007731
0.003198,0.006464,0.005545
0.001263,-0.002060,0.004437
0.001247,-0.006305,0.002270
0.000213,-0.011639,0.002251
0.003059,-0.015897,0.001174
0.004913,-0.012709,0.002229
0.003883,-0.011623,0.000117
0.004791,-0.009434,-0.005156
0.004770,-0.003022,-0.006189
0.003774,-0.005127,-0.009425
0.001775,-0.009354,-0.013713
-0.002186,-0.006169,-0.012686
-0.001263,-0.004054,-0.010554
-0.003244,-0.006164,-0.012666
-0.002338,-0.007253,-0.010554
-0.000442,-0.004072,-0.008397
0.000499,-0.012629,-0.006314
-0.002506,-0.011593,-0.003101
-0.005507,-0.014848,0.002162
-0.007551,-0.020214,0.005312
-0.005703,-0.021325,0.009561
-0.003881,-0.020269,0.010632
-0.001048,-0.015988,0.009607
0.000857,-0.008454,0.003307
0.000801,-0.007344,-0.000921
0.001756,0.000148,-0.002971
-0.000192,-0.001984,-0.002990
0.001728,-0.007301,-0.005194
0.001672,-0.013746,-0.000998
0.000611,-0.015869,-0.002064
-0.001441,-0.017973,-0.005308
-0.001554,-0.011559,-0.006313
0.001312,0.001208,-0.003016
-0.000626,0.006533,-0.001901
0.000407,0.015091,-0.002863
-0.001424,0.026820,-0.001679
0.000710,0.031109,-0.003742
0.001872,0.031098,-0.002688
-0.001835,0.033191,0.001567
-0.000677,0.026758,0.004722
-0.003436,0.028944,-0.000549
-0.000309,0.042847,-0.003632
0.001901,0.054623,-0.007793
0.001256,0.061050,-0.009831
0.001637,0.076095,-0.020339
0.001115,0.096378,-0.021265
0.002624,0.095306,-0.021357
-0.000715,0.099679,-0.031951
-0.005120,0.070741,-0.019471
-0.012657,0.033298,-0.010207
-0.012520,0.030050,-0.005989
-0.002614,0.032239,-0.011262
0.012237,0.050468,-0.019600
0.010586,0.066548,-0.026908
0.003176,0.086790,-0.023561
-0.000236,0.091003,-0.018253
-0.002714,0.073879,-0.013056
-0.004270,0.061051,-0.011053
-0.001021,0.055768,-0.016390
0.000181,0.025753,-0.002830
-0.003669,0.000087,0.003415
-0.002727,-0.009526,0.004413
0.001097,-0.014782,-0.004148
0.003945,-0.014730,-0.009460
0.004813,-0.018974,-0.011620
0.000758,-0.029635,-0.012774
0.004442,-0.042497,-0.007601
0.004190,-0.052081,-0.009828
0.000048,-0.025293,-0.021349
-0.000085,0.003549,-0.024322
-0.002940,0.030290,-0.030483
-0.000845,0.035605,-0.028307
-0.001657,0.029160,-0.024127
0.001380,0.017351,-0.016754
-0.001484,0.010972,-0.018911
-0.001466,0.003388,-0.007264
-0.001476,-0.000900,-0.005137
-0.001491,0.004397,-0.000805
0.002491,0.023616,-0.001706
0.002672,0.042933,-0.012120
0.000964,0.040683,-0.000454
-0.004700,0.022545,-0.000571
-0.004587,0.007615,-0.001769
0.001333,0.010823,-0.002865
0.003358,0.012982,-0.006084
-0.002412,0.009775,-0.006181
-0.006308,0.004472,-0.009432
-0.008277,-0.006232,-0.006349
-0.000550,-0.007365,-0.000020
0.000426,0.003357,-0.005266
0.003401,0.020427,-0.005144
-0.005282,0.009768,-0.006278
-0.012151,-0.021246,0.000969
-0.003552,-0.023358,-0.001158
0.006143,0.004430,-0.005160
0.009101,0.004372,0.001283
0.003243,-0.002022,0.000131
-0.001601,-0.000987,0.003316
-0.006504,-0.011697,0.007522
-0.003710,-0.029909,0.014832
-0.002912,-0.040592,0.015829
0.005675,-0.035257,0.015876
0.011368,-0.032053,0.015888
0.004350,-0.041584,0.008357
0.004112,-0.043784,0.014719
-0.000061,-0.053448,0.021042
0.001591,-0.063112,0.027380
0.005132,-0.067495,0.039048
-0.000076,-0.067461,0.035879
0.005440,-0.069590,0.035922
0.007052,-0.066214,0.019058
0.009682,-0.043818,0.020280
0.013425,-0.029876,0.012855
-0.003318,-0.057594,0.008161
-0.017323,-0.067116,-0.001631
-0.015760,-0.031951,0.002824
-0.015834,0.027888,-0.004005
-0.013627,0.059845,0.002738
-0.003565,0.038328,0.020636
0.003439,-0.012999,0.030820
0.005296,-0.041873,0.035847
0.001188,-0.032224,0.031715
-0.005781,-0.016176,0.028690
-0.003853,-0.005494,0.027722
0.004897,-0.018316,0.028652
0.006755,-0.024663,0.023319
0.008614,-0.003287,0.020336
0.007691,0.021245,0.021590
0.002028,0.025566,0.016358
-0.000708,0.025644,0.008966
-0.003462,0.025622,0.011067
-0.000400,0.020242,0.015236
0.002589,-0.002099,0.008723
-0.000329,-0.004190,0.004474
0.000631,0.007579,0.001358
-0.001302,0.004346,0.004513
-0.004240,-0.013849,0.009681
-0.006276,-0.013861,0.010722
-0.000481,-0.009628,0.013893
0.005367,-0.009653,0.015967
0.005339,-0.010646,0.008531
0.002373,-0.001032,0.007547
0.000416,0.001055,0.011761
-0.001502,-0.000020,0.012847
-0.003431,-0.002097,0.007551
-0.005367,0.003199,0.011876
-0.003367,0.014939,0.011992
-0.001312,0.014898,0.016257
-0.000242,0.006440,0.008775
-0.003113,0.007520,0.007744
-0.001135,0.002169,0.008767
0.000822,-0.009601,0.011855
-0.000206,-0.018153,0.012843
-0.003236,-0.014911,0.008599
0.000595,-0.007430,0.007553
0.001546,-0.007420,0.006492
0.001514,-0.004193,0.004411
0.001506,-0.002042,0.002259
0.003435,-0.006281,-0.000974
0.003362,-0.024368,-0.006424
0.003198,-0.029679,-0.008594
0.000072,-0.032882,-0.008642
-0.002077,-0.034983,-0.011823
-0.001332,-0.032825,-0.013892
0.001398,-0.022153,-0.013778
0.001297,-0.005046,-0.016805
0.007108,-0.005061,-0.015742
0.001244,0.001365,-0.017787
-0.000709,0.002349,-0.009291
-0.004616,0.000172,-0.005066
-0.006540,0.005499,-0.003930
-0.002613,0.009789,-0.006008
0.000351,0.009717,0.001433
0.001383,0.004379,0.001358
0.000434,-0.004134,-0.000825
-0.001556,-0.003101,0.002333
-0.001550,-0.003115,0.003366
-0.001584,-0.008463,0.004360
-0.004558,-0.010618,0.006456
-0.001716,-0.015901,0.001090
-0.000813,-0.010568,0.001152
0.001087,-0.002035,0.001178
-0.000847,0.005436,0.001215
-0.000806,0.001136,0.004367
-0.003722,-0.004254,0.009619
-0.004715,0.000004,0.010717
-0.001767,0.005338,0.010758
0.002194,0.003216,0.009699
0.002225,0.002203,0.004398
-0.000685,0.007528,0.005499
0.001303,0.007495,0.008675
0.002325,0.003229,0.008672
-0.000551,0.010697,0.008766
-0.002411,0.025691,0.003599
0.003631,0.043846,0.002702
0.005864,0.045950,0.005918
0.004213,0.052387,0.002811
0.001576,0.045940,0.006978
0.002776,0.033096,0.010038
0.001970,0.022424,0.009931
0.001107,0.014906,0.015182
-0.001733,0.013829,0.016234
-0.003595,0.014912,0.015202
-0.004451,0.018158,0.011013
-0.000396,0.019228,0.009936
-0.001262,0.005397,0.005564
0.000695,-0.011614,-0.000986
-0.000377,-0.016879,-0.008508
-0.002459,-0.024333,-0.010765
-0.003606,-0.042454,-0.013066
-0.006834,-0.057377,-0.015324
-0.003304,-0.065845,-0.022895
-0.001768,-0.066929,-0.020798
-0.000240,-0.065797,-0.027134
0.000343,-0.048690,-0.030140
-0.000912,-0.031687,-0.022522
-0.003078,-0.024260,-0.017070
-0.003261,-0.022215,-0.007419
-0.000467,-0.009447,-0.002951
0.000473,-0.000987,0.005715
0.001468,0.006377,0.017561
0.000564,0.012733,0.022998
0.000680,0.023386,0.025283
0.004744,0.036140,0.030721
0.006957,0.040376,0.033934
0.007261,0.052174,0.027615
0.008596,0.057535,0.024389
0.008954,0.051145,0.022093
0.007330,0.039483,0.013392
0.006590,0.031052,0.001501
0.005807,0.038566,-0.003885
0.006022,0.035420,-0.010383
-0.000637,0.025861,-0.015847
-0.002455,0.031268,-0.023269
-0.002284,0.038774,-0.027481
-0.005013,0.032382,-0.028598
-0.009757,0.012058,-0.023429
-0.009760,-0.001895,-0.015000
-0.010797,-0.008293,-0.015001
-0.010874,-0.010561,-0.001164
-0.007030,-0.006344,0.005349
-0.008024,-0.000042,0.016098
-0.008001,0.008479,0.018378
-0.005952,0.019112,0.022771
-0.001870,0.026584,0.022856
0.001258,0.030855,0.022914
0.004373,0.025566,0.017551
0.005524,0.023474,0.013281
0.009507,0.007492,0.010997
0.006594,-0.012710,0.003379
0.007427,-0.029711,-0.004232
0.009159,-0.038174,-0.011741
0.006946,-0.043401,-0.023484
0.006672,-0.030504,-0.032977
0.006480,-0.013377,-0.038154
0.008328,-0.005867,-0.042360
0.005324,-0.004817,-0.040216
0.001388,0.006878,-0.035883
0.001417,0.013237,-0.031576
0.000514,0.018564,-0.030448
-0.002322,0.016409,-0.028330
-0.003241,0.006751,-0.023123
-0.005193,-0.010364,-0.019007
-0.008201,-0.016778,-0.018009
-0.008302,-0.013630,-0.012676
-0.007436,-0.014719,-0.010564
-0.005579,-0.016887,-0.007406
-0.006641,-0.009399,-0.009504
-0.002774,0.000128,-0.002035
-0.001780,0.007588,-0.000902
-0.003650,0.009733,-0.001979
-0.004567,0.010798,-0.001998
-0.003550,0.007574,0.000082
-0.000626,-0.006330,0.003158
0.001270,-0.020205,0.003045
0.000168,-0.026585,0.000881
0.001953,-0.022325,0.001992
0.003758,-0.023369,-0.000125
0.002654,-0.018032,-0.000065
0.006466,-0.010539,-0.002101
0.005446,-0.004123,-0.003079
0.004475,0.006602,-0.008290
0.004520,0.005576,-0.012522
0.002609,0.005555,-0.010386
0.002624,-0.000790,-0.015755
0.004534,-0.007172,-0.017940
0.005451,-0.005019,-0.020071
0.006371,-0.005011,-0.021174
0.004381,0.000363,-0.025384
0.007291,0.012100,-0.025288
0.000536,0.019669,-0.034794
-0.000331,0.039996,-0.039943
0.000835,0.050640,-0.037733
-0.000856,0.050621,-0.035576
-0.002557,0.047368,-0.030300
-0.008205,0.033463,-0.027245
-0.008119,0.014161,-0.017829
-0.010034,0.003417,-0.010467
-0.009057,0.002354,-0.010428
-0.010022,0.004426,-0.004016
-0.010988,0.000124,-0.000884
-0.007094,-0.003141,0.005454
-0.002224,-0.003138,0.005439
-0.001255,0.000053,0.006528
-0.001239,0.000054,0.006506
-0.000275,-0.010651,0.009575
-0.002298,-0.023422,0.005187
-0.000492,-0.029793,0.001948
0.001277,-0.031874,-0.003383
0.000098,-0.028632,-0.007620
0.001878,-0.028686,-0.002314
0.002693,-0.021181,-0.005398
0.003565,-0.013717,-0.004266
0.003504,-0.006214,-0.007370
0.005423,0.001233,-0.005132
0.004484,0.008681,-0.002952
0.001658,0.021492,-0.002806
-0.001119,0.025763,-0.002741
-0.000019,0.023618,-0.001685
0.000116,0.015049,0.001423
-0.000773,0.008604,0.005604
-0.000734,0.004334,0.005546
-0.000728,-0.002102,0.008667
-0.003649,0.002196,0.005493
-0.003613,0.009676,0.004498
-0.002585,0.013923,0.006657
0.000422,0.012815,0.010884
-0.003388,0.011726,0.012983
-0.004262,0.013849,0.014055
-0.004175,0.010649,0.014048
-0.005069,0.011766,0.008747
-0.004023,0.011736,0.011943
