0.008270,0.074342,-0.165491
0.002911,0.100047,-0.174844
-0.001423,0.120227,-0.165111
-0.003714,0.139475,-0.154364
-0.007852,0.148974,-0.143663
-0.008009,0.158459,-0.131936
-0.009089,0.155202,-0.126708
-0.007250,0.146524,-0.113031
-0.006375,0.131461,-0.101553
-0.005497,0.107873,-0.091203
-0.008573,0.068271,-0.079912
-0.004861,0.029714,-0.066482
-0.001184,0.000751,-0.051880
-0.002389,-0.031304,-0.047901
-0.002656,-0.054900,-0.036414
-0.001957,-0.071073,-0.019529
0.003787,-0.067994,-0.006714
0.003371,-0.071374,0.011323
0.004581,-0.060868,0.028440
0.007426,-0.048176,0.040271
0.008064,-0.037507,0.040365
0.004771,-0.022578,0.041564
0.003375,-0.008727,0.043772
0.003878,0.001922,0.045973
0.005156,0.007246,0.047067
0.005553,0.004077,0.043856
0.007033,0.017609,0.290036
0.043860,0.015715,0.582612
0.045229,-0.014085,0.256776
0.001699,-0.030766,0.006385
-0.003444,-0.039221,-0.001034
0.000177,-0.042421,-0.001048
0.001931,-0.047765,-0.000013
0.004778,-0.043508,0.001078
0.001332,-0.037133,0.004351
0.003580,-0.028638,0.008683
0.005866,-0.017957,0.007723
0.006749,-0.005119,0.004666
0.005821,0.003367,0.010024
0.006696,0.007625,0.011122
0.006655,0.014024,0.011172
0.004572,0.010802,0.013280
0.003395,0.001196,0.013183
0.005096,-0.011664,0.018362
0.005873,-0.023347,0.012968
0.001808,-0.023379,0.016144
0.002563,-0.011631,0.015186
0.000464,0.002243,0.015321
0.000422,0.007568,0.016407
0.001428,0.009695,0.017528
0.002418,0.006516,0.015364
0.003370,0.005470,0.013232
0.003370,0.004403,0.013216
0.001449,0.006560,0.011133
0.003369,0.004434,0.010068
0.003329,0.006568,0.010080
0.003309,0.003359,0.011112
0.004256,-0.001934,0.006822
0.004249,-0.006171,0.003609
0.002261,-0.008283,0.001489
0.000280,-0.013604,-0.000706
0.002156,-0.019997,-0.001837
0.001065,-0.016814,0.000277
0.001940,-0.011509,0.003534
0.001899,-0.005066,-0.000653
0.000869,0.005637,-0.003750
-0.002091,0.017342,-0.000485
-0.001073,0.023693,0.004897
-0.000029,0.026897,0.004909
-0.001910,0.026844,0.010214
0.001084,0.020450,0.009091
0.001130,0.012959,0.011148
0.004082,0.003375,0.008942
0.004102,-0.006241,0.009905
0.005029,-0.008352,0.007764
0.002058,-0.011523,0.004532
0.001004,-0.009293,-0.004998
0.000948,-0.002932,-0.000691
0.000886,0.002425,-0.002760
0.001849,0.007708,0.002599
-0.000109,0.010952,-0.001631
0.000880,0.017334,0.000561
0.001882,0.007709,0.002613
0.002858,-0.006141,0.000391
0.001855,-0.012514,-0.002869
0.000820,-0.014595,-0.008193
-0.000243,-0.017785,-0.009275
0.000623,-0.019919,-0.009293
-0.000434,-0.019963,-0.005070
0.000455,-0.028459,-0.009409
0.003249,-0.032695,-0.012658
0.002147,-0.031638,-0.011574
-0.001860,-0.025248,-0.010471
-0.002926,-0.024223,-0.006211
0.000924,-0.030722,0.003290
0.001847,-0.035022,0.006436
0.002763,-0.039259,0.003194
-0.002163,-0.031778,0.002212
-0.002215,-0.018958,0.001290
-0.002237,-0.016823,0.001316
0.000673,-0.010455,0.004549
0.002593,-0.010399,-0.000729
-0.000387,-0.014636,-0.003970
-0.000453,-0.021070,-0.000829
0.003384,-0.031689,-0.006263
0.004267,-0.039158,-0.006321
0.001226,-0.039211,-0.001024
-0.001820,-0.035977,-0.004172
-0.000943,-0.030664,-0.002024
-0.001018,-0.028572,0.002246
0.002837,-0.022154,0.000167
0.000852,-0.023231,0.001226
-0.001154,-0.031736,-0.002017
-0.000253,-0.029579,-0.004100
0.002603,-0.021112,0.003415
0.001583,-0.014730,0.005606
0.001577,-0.002015,0.015287
0.000663,0.007558,0.018568
-0.000201,0.020337,0.020803
0.002847,0.021477,0.013365
0.002937,0.011898,0.011143
0.002965,-0.008316,0.004565
0.002921,-0.028554,0.000111
-0.000147,-0.040167,-0.012766
-0.000375,-0.048681,-0.014949
-0.002547,-0.044465,-0.009592
-0.003717,-0.033796,-0.009484
-0.003818,-0.017862,-0.001897
-0.002838,-0.006196,0.005646
-0.000831,-0.000900,0.009972
0.003138,-0.006206,0.006714
0.003212,-0.013687,0.007710
0.003243,-0.014766,0.008741
0.001291,-0.019024,0.007636
0.002243,-0.015779,0.003441
0.002174,-0.014636,-0.003963
0.002124,-0.012522,-0.001816
0.004020,-0.008264,-0.000711
0.002030,-0.002863,-0.007045
0.001019,0.003548,-0.008077
-0.000001,0.004604,-0.007014
0.000960,0.004616,-0.008054
-0.000055,0.001378,-0.004919
-0.001036,-0.002974,0.003546
-0.000076,-0.009363,0.002420
-0.000112,-0.018956,0.001275
-0.003058,-0.030699,0.001146
-0.003140,-0.044541,-0.002165
-0.002290,-0.054202,0.003022
-0.002417,-0.066965,-0.001341
-0.000643,-0.068009,-0.003494
0.002096,-0.071277,0.002809
0.005840,-0.054194,0.001898
0.003798,-0.040374,0.007338
-0.001067,-0.016981,0.016059
-0.001964,0.012902,0.016369
0.000147,0.036343,0.020858
0.000334,0.045972,0.018861
0.002501,0.046977,0.025257
0.004658,0.037324,0.030527
0.003839,0.021435,0.018751
0.003904,0.006496,0.018628
0.003921,-0.007336,0.014263
0.001967,-0.009483,0.015285
0.000016,-0.006239,0.011076
0.000004,0.001189,0.015392
0.000028,0.003396,0.007956
0.001005,0.006660,0.001604
0.000037,0.013092,-0.001579
-0.000927,0.016304,-0.002619
-0.000895,0.022663,0.001667
-0.003748,0.024763,0.004841
-0.003671,0.023665,0.008022
-0.003596,0.020485,0.005879
-0.002554,0.011951,0.005824
-0.000566,0.008748,0.005782
-0.001485,0.001209,0.013178
0.000499,-0.000903,0.011058
0.001525,0.002256,0.015345
0.000619,0.004367,0.017464
0.000712,0.005433,0.017488
0.004692,-0.000906,0.011059
0.003756,0.002330,0.007882
0.002815,0.002352,0.005774
-0.000119,0.003478,-0.000609
0.000864,0.002348,0.005754
0.002845,-0.000830,0.003610
-0.000082,-0.006209,0.007794
-0.000069,-0.012581,0.004563
0.000894,-0.011525,0.005633
-0.001062,0.000168,0.009959
-0.000041,0.012922,0.015390
-0.001904,0.022497,0.018698
-0.001772,0.030012,0.014547
-0.000680,0.032170,0.012443
0.001404,0.023685,0.007050
0.002442,0.014131,0.001626
0.002471,0.005647,-0.003753
0.001464,0.003552,-0.008050
0.000424,0.009956,-0.007981
0.000414,0.024886,-0.006789
0.000450,0.041940,-0.004498
0.000566,0.054646,0.005136
0.000737,0.058915,0.005181
0.000916,0.057825,0.007308
-0.001824,0.046045,0.011463
-0.003615,0.030073,0.008118
-0.002565,0.011890,0.012218
-0.001567,-0.004085,0.008916
0.000355,-0.009421,0.008863
0.001327,-0.007296,0.009949
0.003277,-0.009409,0.007808
0.003276,-0.005109,0.004670
0.003299,0.005571,0.003674
0.003314,0.007705,0.003679
0.005319,0.014119,0.002674
0.002458,0.020541,0.000587
-0.002374,0.020613,-0.006875
-0.001366,0.015276,-0.006935
-0.000391,0.015297,-0.009064
-0.000417,0.012111,-0.010148
-0.002381,0.013159,-0.007996
-0.000465,0.013134,-0.005851
-0.000456,0.013074,0.000563
0.000547,0.007716,0.002639
-0.000373,0.005516,0.008973
0.002590,-0.009444,0.010978
0.003571,-0.022194,0.005582
0.000632,-0.021117,0.004523
0.000586,-0.020081,0.007729
0.000559,-0.020093,0.008770
-0.001397,-0.020042,0.003437
-0.002414,-0.013518,-0.008201
0.000416,-0.009231,-0.010313
-0.002561,-0.000720,-0.008143
-0.002592,0.001392,-0.006017
-0.002608,0.001403,-0.007085
-0.001656,-0.002887,-0.005007
-0.000711,-0.002918,-0.001796
-0.000733,-0.010388,-0.001861
0.001200,-0.016823,0.001287
0.004097,-0.025293,-0.005119
0.000131,-0.019899,-0.010365
0.000025,-0.005993,-0.013406
0.000943,0.005707,-0.009040
0.000936,0.020624,-0.006808
0.000955,0.037684,-0.005589
0.000071,0.051515,-0.001210
0.000181,0.055773,-0.000133
-0.000652,0.052529,0.004083
0.002413,0.043960,0.007198
0.001565,0.035382,0.011389
-0.000299,0.020410,0.014441
-0.000209,0.001214,0.013226
-0.000194,-0.013671,0.007804
0.000736,-0.024292,0.002364
-0.000315,-0.031787,0.004394
-0.000393,-0.038171,0.002174
-0.000485,-0.034938,-0.000981
-0.001571,-0.023200,-0.000885
-0.002622,-0.014644,-0.002932
-0.003623,-0.005062,-0.000733
-0.000700,0.002378,0.002522
0.000304,0.008822,-0.001680
-0.001604,0.013101,-0.002682
0.000382,0.013112,-0.003736
0.002374,0.009911,-0.003757
0.001393,0.002504,-0.010202
0.003306,-0.003917,-0.008130
0.001303,-0.003938,-0.006008
0.001261,-0.000746,-0.004898
0.000266,0.006724,-0.004833
0.001252,0.009958,-0.008003
0.003175,0.012113,-0.010113
0.000256,0.013177,-0.010117
0.001214,0.005740,-0.013351
0.000197,-0.007043,-0.015578
-0.000846,-0.019872,-0.013589
-0.002899,-0.021996,-0.014675
-0.002033,-0.022030,-0.011520
-0.001156,-0.013488,-0.011426
-0.002189,-0.000681,-0.011300
-0.004167,0.013137,-0.005874
-0.005093,0.015209,0.000525
-0.002115,0.012017,-0.000592
0.000844,0.007770,-0.002752
0.000844,-0.002872,-0.006055
0.000818,-0.010353,-0.005060
-0.000217,-0.016727,-0.008297
0.000670,-0.016704,-0.010399
0.002506,-0.012409,-0.012478
0.003416,-0.001725,-0.013418
0.002391,0.015357,-0.014315
0.001423,0.026030,-0.014201
-0.000500,0.032433,-0.014145
0.000500,0.033520,-0.016272
0.000511,0.028185,-0.016318
0.001491,0.022858,-0.017454
0.002435,0.018602,-0.018538
0.000431,0.025037,-0.021658
-0.001549,0.030346,-0.019502
-0.002539,0.031372,-0.015235
-0.000585,0.028162,-0.014224
-0.000594,0.017510,-0.016467
0.001316,-0.000653,-0.014517
0.001239,-0.012392,-0.014620
-0.000802,-0.014535,-0.013578
-0.001855,-0.005998,-0.013497
-0.001921,-0.001791,-0.007094
-0.002916,0.006757,-0.008067
-0.000954,0.010990,-0.004859
-0.001933,0.016367,-0.009070
-0.001942,0.015331,-0.012276
-0.000985,0.011114,-0.017633
0.001869,0.010055,-0.018709
0.001827,0.014322,-0.018693
-0.000168,0.024975,-0.016471
0.000816,0.033492,-0.014261
-0.000129,0.037743,-0.012089
0.001884,0.043068,-0.010974
-0.000985,0.037750,-0.013148
0.000983,0.022832,-0.015401
0.000980,0.005735,-0.013435
0.003829,-0.008126,-0.014610
0.001789,-0.015625,-0.011486
0.000714,-0.006071,-0.006063
-0.003227,0.005629,-0.001682
-0.003207,0.018414,0.000565
-0.003125,0.032253,0.003899
-0.002036,0.035424,0.007137
-0.000939,0.028980,0.011311
0.004043,0.022600,0.009147
0.001197,0.016229,0.005894
0.000261,0.008749,0.006903
-0.003609,0.005505,0.011120
-0.001644,0.002305,0.011119
-0.000628,-0.004110,0.012125
0.000387,-0.008420,0.016346
0.001425,-0.011645,0.018419
0.000508,-0.009488,0.016323
0.000565,-0.009498,0.017362
0.001571,-0.014846,0.018349
0.002582,-0.009448,0.012022
0.000661,-0.003033,0.011031
-0.000268,0.006562,0.012211
-0.000226,0.011931,0.009088
-0.001129,0.020479,0.008130
-0.002025,0.022604,0.009231
0.000020,0.015157,0.007036
0.001037,0.002362,0.005863
0.001049,-0.010434,0.004676
0.002011,-0.012550,0.002501
-0.001904,-0.008335,0.007815
-0.001893,-0.000847,0.005724
-0.000890,0.008721,0.008992
0.001113,0.021536,0.008036
-0.000762,0.027964,0.005969
-0.002607,0.030088,0.007049
-0.001545,0.022609,0.008065
0.001461,0.015117,0.010115
0.001513,-0.003038,0.011019
0.004465,-0.015862,0.013063
0.001528,-0.021164,0.009812
0.000554,-0.013717,0.011978
-0.001376,-0.003026,0.009914
0.000610,0.014049,0.010063
0.001672,0.030066,0.009150
-0.000154,0.048239,0.006125
-0.000985,0.057821,0.008338
-0.000817,0.061022,0.008373
0.001304,0.054618,0.008304
0.000475,0.035357,0.013441
0.000592,0.014016,0.013254
0.002597,-0.002022,0.016311
-0.000291,-0.011649,0.018364
-0.002208,-0.013791,0.019441
-0.003156,-0.012733,0.020532
-0.005083,-0.001002,0.021744
-0.002068,0.010635,0.032526
0.000055,0.029867,0.030606
-0.000676,0.046948,0.030774
0.000535,0.045880,0.030758
0.000757,0.047017,0.023335
-0.003919,0.043825,0.022232
0.000163,0.028896,0.020998
0.003227,0.004412,0.014369
0.002282,-0.010462,0.006722
-0.000706,-0.030709,0.003314
-0.002747,-0.030695,0.001152
-0.000886,-0.022138,-0.000917
-0.001926,-0.006159,0.002426
-0.002903,0.015111,0.010067
-0.003777,0.021495,0.012273
-0.001699,0.021474,0.014402
-0.000591,0.004444,0.010008
-0.000543,-0.021158,0.008696
0.001355,-0.049960,0.007369
-0.000690,-0.066017,0.012576
-0.000805,-0.070309,0.014654
0.001993,-0.068216,0.018937
-0.000023,-0.056516,0.023325
0.000930,-0.031994,0.025655
0.000016,-0.012806,0.027965
0.000134,-0.006443,0.032300
-0.000699,-0.008578,0.032267
0.000396,-0.022440,0.031078
0.001440,-0.039452,0.024549
-0.000516,-0.058576,0.015880
-0.000640,-0.067124,0.016845
-0.001747,-0.078862,0.016749
-0.000912,-0.083114,0.014563
0.001863,-0.068142,0.011510
-0.001158,-0.040395,0.011752
-0.002158,-0.013738,0.014107
-0.002094,0.009769,0.011130
-0.000022,0.030074,0.008096
0.002055,0.044011,0.001844
0.003134,0.052610,-0.004468
0.002235,0.051581,-0.007612
0.001354,0.047238,-0.000223
0.001447,0.035480,0.001825
0.004449,0.018408,0.001696
0.005444,0.002483,-0.006966
0.000535,-0.001753,-0.010187
-0.001486,0.005789,-0.017555
-0.004471,0.017507,-0.015330
-0.004474,0.021753,-0.013199
-0.001542,0.033480,-0.012050
-0.003476,0.047314,-0.008772
-0.003413,0.048390,-0.009851
-0.000396,0.045127,-0.003521
0.002639,0.036547,0.000649
0.003696,0.033377,-0.002555
-0.000162,0.019558,-0.007981
-0.000151,0.002498,-0.009164
-0.000219,-0.010244,-0.015642
0.001638,-0.014469,-0.019909
0.003453,-0.013330,-0.027362
0.001353,-0.000448,-0.034685
0.003158,0.013485,-0.040978
0.002052,0.035899,-0.041869
0.001011,0.058319,-0.042735
0.001013,0.076502,-0.046863
0.002001,0.087185,-0.047816
0.000053,0.081915,-0.054215
0.000031,0.070188,-0.055358
-0.001028,0.055259,-0.056535
0.000790,0.033853,-0.050342
0.000658,0.015652,-0.044114
-0.001435,-0.003631,-0.036862
-0.000638,-0.016510,-0.029526
-0.001766,-0.025109,-0.023214
-0.002875,-0.016669,-0.013583
-0.004909,-0.011406,-0.006095
-0.003943,-0.000815,0.002520
-0.000992,0.004459,0.008960
0.001033,0.004364,0.018565
-0.000815,-0.002092,0.023821
-0.000713,-0.014864,0.020533
0.001270,-0.027656,0.019395
0.001243,-0.039371,0.017213
-0.001720,-0.046833,0.016059
-0.000771,-0.044673,0.013947
0.001132,-0.030747,0.008763
-0.000844,-0.012602,0.007841
-0.002799,0.007714,0.003747
-0.001760,0.019440,0.004889
-0.005577,0.025831,0.005993
-0.003545,0.020464,0.009100
-0.004437,0.010860,0.009016
-0.002418,-0.006250,0.012030
-0.001422,-0.028660,0.011835
-0.003424,-0.044689,0.013824
-0.003501,-0.064998,0.016809
-0.000667,-0.069252,0.015710
0.002152,-0.063927,0.016817
0.001115,-0.047921,0.016950
0.001103,-0.023430,0.022470
0.002142,-0.001051,0.025877
0.001309,0.012801,0.028134
0.005359,0.009590,0.029181
0.005491,-0.001070,0.028040
0.004616,-0.022420,0.028935
0.001750,-0.036313,0.030950
-0.001142,-0.040623,0.035185
-0.004033,-0.039574,0.037358
-0.003975,-0.034303,0.043777
-0.002908,-0.025755,0.042791
-0.004738,-0.012922,0.040814
-0.007533,-0.000139,0.043034
-0.005416,0.007300,0.046296
-0.003257,0.010437,0.052690
-0.000109,0.001920,0.050494
0.000083,-0.009801,0.048228
0.000236,-0.018283,0.042855
-0.000651,-0.034238,0.037383
0.002322,-0.043858,0.038362
0.001390,-0.051339,0.039357
0.001399,-0.048080,0.034093
-0.000521,-0.041709,0.037325
-0.001456,-0.033183,0.038446
-0.000394,-0.031008,0.034193
0.001654,-0.029899,0.029959
0.000716,-0.024491,0.022551
0.000725,-0.021260,0.019382
-0.000221,-0.012703,0.017328
0.001745,-0.008369,0.010999
0.002728,-0.007241,0.004608
0.001765,-0.008211,-0.004958
0.004613,-0.011392,-0.007115
0.005533,-0.007094,-0.010274
0.001578,0.004684,-0.014457
0.001545,0.022803,-0.012176
-0.000399,0.032417,-0.013167
0.002555,0.040934,-0.010950
0.002632,0.044125,-0.009861
0.000750,0.048410,-0.010866
-0.001114,0.049469,-0.009761
-0.001045,0.048399,-0.009755
-0.001963,0.050494,-0.005458
-0.001861,0.049418,-0.004393
0.002110,0.049441,-0.006494
0.001226,0.050522,-0.007539
0.002294,0.049464,-0.008623
0.003338,0.047336,-0.009723
0.001449,0.051624,-0.011828
-0.000434,0.051613,-0.010788
0.001575,0.040941,-0.010882
-0.000334,0.025990,-0.009958
-0.001297,0.014239,-0.009020
-0.000345,0.011089,-0.014367
-0.001360,0.013214,-0.013280
-0.004312,0.008933,-0.012256
-0.003366,0.004602,-0.005906
-0.001425,0.005680,-0.006944
-0.004347,0.015265,-0.004717
-0.002379,0.022725,-0.003584
-0.003292,0.029160,-0.006704
0.000669,0.027029,-0.006710
0.002645,0.018500,-0.007880
0.000714,0.016459,-0.017475
-0.003239,0.016457,-0.017503
-0.004253,0.013237,-0.015424
-0.001374,0.010033,-0.015480
0.000533,0.008900,-0.009108
-0.001435,0.009967,-0.009099
-0.003398,0.002435,-0.002806
-0.001437,-0.007192,-0.000788
0.000498,-0.025316,-0.003089
0.001381,-0.045540,-0.008592
0.001215,-0.059399,-0.009768
0.001999,-0.073262,-0.010964
-0.000148,-0.074342,-0.009904
0.000611,-0.070074,-0.009867
-0.001516,-0.061536,-0.009800
-0.001678,-0.045519,-0.010728
-0.001797,-0.038143,-0.001107
0.002027,-0.030726,0.004277
0.002020,-0.012593,0.005524
0.002037,0.003404,0.006739
0.003041,0.007654,0.008926
0.001168,0.007645,0.010008
0.001239,0.009789,0.009001
0.002251,0.004529,0.001534
0.002261,0.000263,0.001489
0.002268,-0.005062,0.000374
0.000312,-0.003979,-0.001765
-0.000689,-0.000726,-0.007063
-0.000727,0.005696,-0.009128
-0.000772,0.010987,-0.004865
-0.003682,0.010991,-0.004852
-0.004652,0.009905,-0.002712
-0.001743,-0.003975,-0.001759
-0.003703,-0.009311,-0.001806
-0.001780,-0.017860,-0.000812
-0.000851,-0.027455,-0.001977
-0.000910,-0.024314,0.004423
0.001977,-0.018990,0.005523
0.001954,-0.008359,0.008774
0.000996,-0.005147,0.007741
0.001032,0.009797,0.007906
0.003035,0.025763,0.012310
0.000233,0.040687,0.014589
0.002364,0.047060,0.017863
0.001584,0.046014,0.015788
0.001737,0.032153,0.014620
0.001858,0.010833,0.012283
0.001901,-0.014746,0.008876
-0.000073,-0.037116,0.004409
-0.000174,-0.047801,0.005342
-0.004169,-0.048911,0.009556
-0.002302,-0.037143,0.006448
-0.005283,-0.031822,0.007521
-0.005308,-0.022252,0.010753
-0.005306,-0.012619,0.007627
-0.006268,-0.011563,0.008690
-0.006249,-0.014782,0.010790
-0.003322,-0.017993,0.011837
0.002530,-0.018036,0.016109
0.002550,-0.019143,0.020379
0.002593,-0.019147,0.021480
0.004592,-0.022347,0.021473
0.005592,-0.028739,0.020370
0.007556,-0.024513,0.024659
0.005653,-0.007415,0.022706
0.005765,0.017153,0.020826
-0.000916,0.048088,0.022165
-0.001677,0.067307,0.021279
0.000517,0.072641,0.021326
-0.002154,0.066280,0.017012
-0.002955,0.042878,0.009351
-0.000896,0.020488,0.007013
-0.001842,-0.000775,-0.001695
-0.001904,-0.022120,-0.001916
-0.001028,-0.038115,-0.003139
-0.002110,-0.041329,-0.002127
-0.003185,-0.024254,-0.001999
-0.004224,-0.012527,-0.000835
-0.003275,-0.005081,0.001346
-0.001314,-0.004013,0.001362
-0.000326,-0.008281,0.001324
-0.000347,-0.013574,-0.002966
0.000568,-0.021023,-0.005146
0.003435,-0.026358,-0.005179
0.003337,-0.029536,-0.007308
0.004212,-0.014552,-0.011401
0.001207,-0.000678,-0.011252
-0.002715,0.012075,-0.005821
-0.001713,0.021631,-0.000398
-0.000657,0.033339,0.002908
-0.000559,0.036552,0.001882
0.000502,0.037630,0.000837
-0.000374,0.038683,0.001909
-0.000281,0.031215,0.001864
-0.002147,0.025848,0.004993
-0.000137,0.015154,0.007008
-0.000092,0.000238,0.004727
-0.000113,-0.016784,-0.000748
0.000809,-0.029609,0.000168
-0.000266,-0.039203,-0.000991
-0.002316,-0.045596,-0.002143
-0.000476,-0.048798,-0.002185
-0.001582,-0.042384,-0.003219
-0.005586,-0.032812,0.000048
-0.003683,-0.022189,0.004380
-0.004653,-0.004037,0.003478
-0.002676,0.009819,0.005719
-0.001664,0.018366,0.004719
0.001314,0.008731,0.007860
0.005263,-0.003037,0.010968
0.003333,-0.008339,0.007745
0.005293,-0.012637,0.010926
0.003355,-0.010512,0.012033
0.004346,0.001218,0.013232
0.002454,0.011872,0.015481
0.001574,0.023591,0.017733
0.000737,0.029992,0.017790
-0.001051,0.034283,0.015719
-0.002860,0.035388,0.011436
-0.001760,0.029006,0.009251
-0.003608,0.015166,0.005926
-0.000649,0.003456,0.002599
0.000324,-0.007209,0.001403
0.000295,-0.008225,-0.003939
-0.003666,-0.007140,-0.006064
-0.005666,0.002462,-0.006001
-0.003740,0.009944,-0.006997
-0.002763,0.019526,-0.004791
-0.001756,0.022699,-0.001567
0.000249,0.020545,0.000557
0.004206,0.017345,0.000550
0.004247,0.018425,-0.000474
0.003312,0.016305,-0.001534
0.004319,0.020584,-0.002557
0.003375,0.014168,-0.001537
0.001467,0.008843,-0.002638
-0.002434,0.000338,-0.005945
0.000459,-0.000763,-0.002792
-0.001506,0.001327,0.001457
-0.002462,0.002342,0.006778
-0.003406,0.002316,0.008887
-0.003354,0.001205,0.013108
-0.002333,0.001144,0.019488
-0.002265,-0.011711,0.024729
-0.003172,-0.019137,0.020419
-0.003123,-0.020161,0.016173
-0.001167,-0.023402,0.020395
0.002746,-0.028746,0.021444
0.002770,-0.030853,0.018223
0.002768,-0.028698,0.016113
0.004714,-0.020139,0.014051
0.002758,-0.014803,0.014104
0.000842,-0.004143,0.015266
0.000902,0.008675,0.014330
-0.000970,0.019368,0.012308
-0.001847,0.026828,0.013441
-0.002694,0.026742,0.021923
-0.003512,0.011814,0.020738
-0.000482,-0.000964,0.017416
-0.002368,-0.008432,0.017379
-0.002358,-0.013800,0.020508
-0.002312,-0.014865,0.020526
-0.001284,-0.009548,0.022687
-0.002208,-0.005228,0.017399
0.000781,-0.000897,0.011035
0.000799,-0.004058,0.006735
0.001793,-0.007263,0.006666
0.001797,-0.007245,0.004509
0.002770,-0.004050,0.005626
-0.000149,-0.004051,0.005619
-0.001101,0.004441,0.009959
-0.002010,0.005489,0.012118
-0.000968,0.005478,0.013165
-0.000883,0.000177,0.009970
-0.001823,-0.005189,0.013113
-0.002781,-0.014772,0.010907
0.001116,-0.019044,0.010864
0.002081,-0.017988,0.011928
-0.000854,-0.013694,0.009849
0.000126,-0.010463,0.006666
0.001103,-0.005116,0.005658
0.000139,-0.002983,0.005670
-0.001785,-0.000850,0.005682
-0.000799,-0.004021,0.002443
0.001152,-0.010381,-0.001857
0.000127,-0.011460,-0.000812
0.000097,-0.012496,-0.004011
0.000036,-0.015699,-0.004059
0.001931,-0.014606,-0.006145
0.000891,-0.007113,-0.008174
-0.000126,0.006751,-0.006964
-0.002068,0.020605,-0.004694
-0.000077,0.028021,0.000684
0.000969,0.025865,0.002780
0.000095,0.023721,0.003844
0.000179,0.021567,0.005961
-0.000731,0.018343,0.008055
-0.002615,0.015132,0.009102
-0.001549,0.007641,0.011138
0.003368,-0.000822,0.003629
0.001416,-0.002887,-0.003865
-0.000579,0.000322,-0.004939
-0.000617,0.005670,-0.005954
-0.002578,0.005647,-0.003860
-0.003567,0.006734,-0.005979
-0.003576,0.005657,-0.004921
-0.000663,0.003512,-0.003879
0.000297,-0.002857,-0.007104
0.000256,-0.013573,-0.002938
-0.001740,-0.016753,-0.005081
0.002092,-0.019930,-0.007225
0.004955,-0.018894,-0.004026
0.003931,-0.015670,-0.006099
0.002899,-0.010396,0.000341
0.001906,-0.005048,-0.000659
-0.001012,0.002412,0.000481
-0.005875,0.007702,0.004758
-0.001932,0.011971,0.004796
0.003004,0.016263,0.002731
0.002096,0.016303,-0.001547
0.001132,0.002437,-0.002743
-0.001818,-0.006070,-0.006028
-0.002862,-0.007069,-0.012398
-0.003903,-0.012511,-0.001834
-0.000038,-0.009343,0.001356
-0.002947,-0.010389,-0.000782
-0.002016,-0.002881,-0.004960
-0.001064,0.004548,-0.000636
-0.003979,0.008742,0.006828
-0.003933,0.007656,0.008975
-0.000955,-0.001916,0.005687
0.000022,-0.010421,0.002436
0.000001,-0.017901,0.003425
-0.000019,-0.018976,0.004511
-0.000073,-0.021082,0.001296
0.001827,-0.015735,0.000282
-0.000135,-0.003993,0.000390
0.000841,0.011993,0.002652
-0.000085,0.016206,0.008009
0.000978,0.020495,0.005918
-0.001871,0.018352,0.006959
-0.003749,0.014115,0.003732
-0.000779,0.002353,0.005766
0.002160,-0.008308,0.004605
0.001153,-0.011490,0.002449
0.000162,-0.007231,0.003568
-0.000809,0.002379,0.003636
0.001164,0.006647,0.003666
0.002164,0.008813,0.000523
0.000228,0.007767,-0.001615
0.001218,-0.000805,0.001487
-0.000714,-0.002938,0.001482
-0.001700,-0.007197,0.000392
-0.001734,-0.016834,0.003491
-0.000783,-0.025392,0.005545
0.000172,-0.026461,0.005508
-0.000841,-0.026406,0.000174
-0.000902,-0.026387,-0.001975
-0.000964,-0.016735,-0.007209
-0.000064,-0.014612,-0.006136
-0.000126,-0.018867,-0.007250
0.001736,-0.022067,-0.007257
-0.001269,-0.024195,-0.008349
-0.004267,-0.029530,-0.008396
-0.003393,-0.031598,-0.014774
0.000379,-0.033680,-0.020105
0.002172,-0.035803,-0.021199
0.009797,-0.028290,-0.025378
0.003778,-0.023909,-0.037031
0.001609,-0.018491,-0.045500
0.004324,-0.004637,-0.043258
0.003199,0.000738,-0.047497
0.006951,0.009337,-0.053788
0.003845,0.006208,-0.061277
-0.001282,0.002934,-0.053872
-0.003421,0.004965,-0.043201
-0.004521,0.012332,-0.032478
-0.007539,0.020774,-0.022840
-0.008521,0.020692,-0.014311
-0.004603,0.011035,-0.009076
-0.002626,0.003555,-0.008073
-0.001684,0.001433,-0.009132
-0.003680,0.002481,-0.006994
-0.000764,0.009942,-0.005840
0.001180,0.012088,-0.006868
-0.000767,0.014242,-0.008992
-0.001747,0.019628,-0.014278
-0.003697,0.020715,-0.016412
-0.001769,0.017459,-0.011142
-0.001775,0.012103,-0.009059
-0.002772,0.008850,-0.003783
-0.005682,0.010923,0.002636
-0.003699,0.010938,0.001610
-0.003647,0.008772,0.004788
0.000275,-0.002913,-0.000613
0.000253,-0.009284,-0.003858
0.002146,-0.013525,-0.007099
0.003048,-0.011372,-0.009237
0.002015,-0.000676,-0.011274
0.002947,0.005693,-0.008048
0.000999,0.015243,-0.002645
0.000066,0.028050,-0.002512
-0.001805,0.038720,-0.002426
-0.000744,0.041911,-0.001330
0.001308,0.032298,-0.000353
0.001358,0.016378,-0.008960
0.002338,0.006781,-0.010118
-0.000634,-0.008168,-0.009174
-0.001699,-0.019889,-0.011433
0.000155,-0.033813,-0.006228
-0.001909,-0.029541,-0.006206
-0.003935,-0.017805,-0.006124
-0.004952,0.002481,-0.007008
-0.004970,0.015264,-0.004781
-0.002013,0.030173,-0.001461
-0.000948,0.037653,-0.002463
-0.001843,0.031272,-0.004634
0.001141,0.015263,-0.004795
0.003069,-0.011376,-0.009285
0.002021,-0.032728,-0.008404
-0.000080,-0.047657,-0.009595
-0.000239,-0.043377,-0.010605
-0.001353,-0.030570,-0.010494
-0.001458,-0.013517,-0.008230
0.000443,0.000325,-0.004905
-0.004418,0.015234,-0.001577
-0.006324,0.022689,-0.000421
-0.000406,0.020523,0.002743
0.000637,0.009823,0.005817
0.002624,-0.003011,0.008923
0.001675,-0.011536,0.007780
0.001666,-0.013639,0.004564
-0.000315,-0.010415,0.002484
0.002604,-0.006158,0.003568
0.002612,0.004545,0.000478
0.000668,0.015217,0.000572
-0.001214,0.031192,0.003909
-0.001129,0.039750,0.001861
-0.002006,0.035439,0.006075
-0.001883,0.024757,0.007043
-0.001813,0.012001,0.001627
-0.000829,-0.010422,0.002458
-0.000848,-0.028536,0.000190
-0.003859,-0.039209,0.000076
-0.003972,-0.044582,0.003200
-0.003135,-0.041381,0.003228
-0.003191,-0.024398,0.012953
-0.000286,-0.009436,0.010982
0.001725,0.004437,0.011096
0.000832,0.014018,0.013274
0.004828,0.019441,0.004825
0.003924,0.027990,0.003852
0.001077,0.033321,0.003908
0.001166,0.029043,0.004945
0.000271,0.024723,0.010248
-0.000611,0.021543,0.008098
-0.001520,0.017289,0.006984
-0.001455,0.008690,0.013303
-0.000417,0.007566,0.018636
-0.002269,0.002239,0.017508
-0.003172,-0.000952,0.016383
-0.002151,-0.000898,0.011085
0.000802,0.003394,0.008985
0.000830,0.004481,0.006859
0.002817,0.010904,0.004793
0.001864,0.016264,0.002752
-0.000030,0.019432,0.005957
0.001018,0.018407,0.001689
0.001089,0.014138,0.001638
-0.000837,0.012047,-0.002618
-0.000821,0.004594,-0.004846
-0.000836,-0.000740,-0.004872
-0.000875,-0.005010,-0.004930
-0.003838,-0.005106,0.004626
-0.005793,-0.002993,0.006774
-0.004780,0.003378,0.010013
-0.002772,0.004426,0.012172
-0.001739,0.006548,0.013238
0.000279,0.003411,0.006850
0.000314,0.001289,0.005785
0.001309,-0.006183,0.005734
0.001321,-0.006206,0.007828
0.004231,-0.008360,0.009917
0.002284,-0.011594,0.013072
0.001351,-0.005263,0.020547
0.001419,-0.002104,0.024826
0.000527,0.001106,0.023808
-0.001313,0.001086,0.025958
-0.002162,0.003208,0.028117
-0.003981,-0.004258,0.028093
-0.003889,-0.017123,0.033288
-0.000886,-0.028841,0.031057
-0.003779,-0.033109,0.031019
-0.001799,-0.037421,0.035212
0.000196,-0.035299,0.036271
0.001216,-0.028865,0.033137
-0.000664,-0.029921,0.032045
-0.000602,-0.026656,0.025700
0.000420,-0.027683,0.021420
0.004333,-0.026523,0.011838
0.003322,-0.018950,0.001273
0.002293,-0.009261,-0.007131
0.002232,0.003505,-0.002755
-0.000691,0.012063,-0.004809
-0.002632,0.021696,-0.007907
-0.000644,0.016382,-0.010076
0.001308,0.004683,-0.014436
-0.003613,-0.016671,-0.013575
-0.001769,-0.030553,-0.012650
-0.001890,-0.038035,-0.011668
-0.004944,-0.027395,-0.008385
-0.003094,-0.006063,-0.007137
-0.001158,0.009861,0.001504
0.003764,0.023691,0.005876
0.001908,0.024741,0.008035
0.004911,0.024743,0.008062
0.003049,0.009784,0.010089
0.006015,-0.008345,0.008890
0.006033,-0.028589,0.005537
0.005004,-0.039228,0.002275
0.002961,-0.048858,0.004265
-0.002021,-0.043533,0.005366
-0.003052,-0.025410,0.007624
-0.003084,-0.006182,0.005649
-0.010854,0.005489,0.012111
-0.007875,0.005416,0.019552
-0.005833,0.004254,0.029091
-0.003743,0.001023,0.032281
-0.004592,-0.010725,0.033268
-0.005464,-0.022505,0.037416
-0.001510,-0.034200,0.033090
0.002430,-0.035223,0.028858
0.002461,-0.021359,0.030047
0.003491,-0.009609,0.029102
0.005520,-0.002054,0.020665
0.006593,0.012947,0.014402
0.001811,0.021537,0.009164
0.000915,0.029057,0.003890
0.000029,0.033364,-0.000329
-0.001864,0.031282,-0.005674
0.001108,0.013161,-0.007983
0.000105,-0.001737,-0.012364
-0.001919,-0.016686,-0.011441
-0.003982,-0.017764,-0.010389
-0.003093,-0.012479,-0.005003
-0.001159,0.001299,0.004681
0.000822,0.011938,0.007972
0.003837,0.022543,0.014410
0.004960,0.027874,0.015551
0.003122,0.025761,0.013411
0.002268,0.017262,0.009080
0.002338,0.007710,0.003677
0.001375,0.000283,-0.000647
-0.001555,-0.005011,-0.004944
-0.000640,-0.008180,-0.008162
-0.000680,-0.000733,-0.005989
-0.000713,0.003503,-0.002789
-0.001688,0.007792,-0.004874
-0.003617,0.013073,0.000485
-0.004552,0.014089,0.005827
-0.003502,0.011922,0.008985
-0.001494,0.008755,0.005809
-0.000487,0.004471,0.007920
0.002483,-0.001986,0.013148
0.002518,-0.004089,0.009968
0.000609,-0.000866,0.007881
-0.002295,0.004448,0.010035
-0.002234,0.007648,0.010056
0.002692,0.010839,0.011138
0.000812,0.011939,0.007979
-0.000109,0.010868,0.007963
0.000914,0.009811,0.006886
-0.000994,0.008771,0.004767
0.000008,0.009881,0.000525
-0.000953,0.009891,-0.000521
0.000033,0.006627,0.005837
0.001038,0.000210,0.006823
0.000098,-0.009425,0.009935
-0.003789,-0.022264,0.012986
-0.003788,-0.031867,0.012916
-0.005759,-0.035037,0.009684
-0.002890,-0.039328,0.011754
-0.001973,-0.040365,0.008527
-0.002030,-0.030720,0.004346
-0.003080,-0.018982,0.004456
-0.001162,-0.011503,0.003440
-0.001151,-0.001861,0.000374
0.001776,-0.003945,-0.004984
0.002723,-0.010352,-0.005060
0.002672,-0.017800,-0.007240
0.004536,-0.022015,-0.012576
0.000520,-0.023081,-0.012578
0.002364,-0.019902,-0.010414
-0.000634,-0.011374,-0.009264
-0.002620,-0.000761,-0.002793
-0.003587,0.013071,0.001607
-0.002546,0.026898,0.005981
-0.003408,0.032223,0.007095
0.000609,0.033312,0.004982
0.000709,0.030153,0.000704
-0.002139,0.024796,0.002758
-0.000148,0.018372,0.004831
0.001840,0.012061,-0.004801
0.003800,0.006694,-0.001658
0.001831,0.003493,-0.001700
0.001821,-0.002909,-0.001749
-0.000146,0.000286,-0.000648
-0.003073,0.007755,-0.000589
-0.002086,0.013057,0.002662
-0.000093,0.021562,0.005920
-0.001940,0.023674,0.008061
-0.003785,0.021529,0.009103
-0.001773,0.009835,0.004735
-0.001738,-0.006183,0.005642
-0.000789,-0.018992,0.005524
0.001130,-0.021115,0.004444
0.000118,-0.011479,0.001331
0.000079,-0.000838,0.004621
-0.001842,0.016249,0.003729
0.001143,0.022632,0.005928
0.002193,0.021575,0.004865
0.000330,0.015172,0.004802
-0.002564,0.001308,0.003614
0.001340,-0.016832,0.003469
0.002296,-0.029644,0.004402
0.001241,-0.032814,0.001184
0.000184,-0.030736,0.006523
-0.001813,-0.021162,0.009811
-0.003764,-0.008368,0.010998
-0.001760,0.003381,0.010033
0.001202,0.000201,0.007869
0.000235,-0.008284,0.002482
0.001192,-0.022169,0.003380
0.000179,-0.022168,0.003394
-0.002774,-0.018999,0.006619
-0.003765,-0.020088,0.008725
-0.000846,-0.013674,0.007720
-0.000839,-0.006203,0.007799
-0.002772,-0.001895,0.003579
-0.001784,-0.005065,0.000361
0.000159,-0.013611,0.001354
0.003051,-0.025319,-0.001945
0.002989,-0.034921,-0.002037
0.002895,-0.033876,0.000095
-0.000105,-0.026406,0.000167
-0.002133,-0.013623,0.002394
-0.004088,0.002362,0.004656
-0.003062,0.016267,0.001594
-0.001048,0.020499,0.005888
-0.000985,0.015172,0.004766
0.001992,0.000237,0.003577
0.000055,-0.012567,0.003486
0.000988,-0.014660,-0.000798
-0.000041,-0.023206,0.000203
0.002809,-0.025326,-0.000871
0.000806,-0.010365,-0.002856
-0.002154,0.004554,-0.000589
-0.004090,0.010913,0.003704
-0.002069,0.015141,0.008006
-0.000040,0.018363,0.005898
-0.001915,0.016260,0.002675
-0.002865,0.010986,-0.003772
-0.000918,0.005672,-0.005941
-0.000953,-0.003955,-0.003924
-0.000011,-0.011407,-0.006110
0.002850,-0.015717,-0.001889
0.001816,-0.013559,-0.003986
0.001782,-0.001821,-0.003883
-0.001162,0.006676,0.000449
-0.001142,0.008820,-0.000608
0.000831,0.001326,0.001471
0.000858,-0.006185,0.005664
-0.001077,-0.012587,0.005593
-0.001102,-0.022179,0.004469
0.000799,-0.018934,0.000267
0.001738,-0.010439,0.004600
-0.002145,0.000239,0.004719
-0.002118,0.004495,0.005804
-0.000124,-0.004076,0.008913
-0.000108,-0.010460,0.006707
-0.003032,-0.021144,0.007662
-0.003033,-0.022223,0.008693
-0.001116,-0.025330,-0.000912
-0.001179,-0.022130,-0.000898
-0.004185,-0.015736,0.000232
-0.004223,-0.006163,0.003513
-0.002285,-0.005082,0.002467
0.000648,-0.007256,0.006720
0.000661,-0.014699,0.003474
0.002596,-0.017911,0.004507
0.001613,-0.017879,0.001317
0.000597,-0.016781,-0.001864
0.000540,-0.017859,-0.000826
0.000497,-0.015714,-0.001862
-0.001490,-0.010378,-0.001822
-0.003458,-0.010380,-0.001843
-0.001542,-0.011491,0.002400
-0.001547,-0.007170,-0.002875
0.000380,-0.000776,-0.001766
0.001343,0.003494,-0.001715
0.002343,0.009939,-0.005896
0.000374,0.008872,-0.005898
0.000369,0.003494,-0.001694
0.002316,0.002481,-0.007001
0.000367,0.004574,-0.002725
0.000363,0.010957,-0.000533
-0.001541,0.013056,0.002670
-0.000529,0.013077,0.000534
0.000490,0.006684,-0.000597
-0.000485,0.003505,-0.002733
0.000489,0.006727,-0.004841
-0.001471,0.010998,-0.004776
-0.003404,0.016323,-0.003662
-0.003387,0.015203,0.001648
0.000559,0.009848,0.003708
0.000618,0.002367,0.004697
-0.001307,-0.000782,-0.000635
-0.003267,0.003473,0.000428
-0.001294,0.008833,-0.001620
-0.001272,0.012023,-0.000531
-0.001244,0.015245,-0.002632
-0.000252,0.014200,-0.004763
-0.000260,0.009921,-0.003761
-0.000250,0.004553,-0.000631
0.000731,-0.002888,-0.003878
-0.001246,-0.002877,-0.004933
-0.001269,-0.006099,-0.002853
-0.000338,-0.005000,-0.006033
-0.001339,0.001406,-0.005972
-0.002327,0.003520,-0.003817
-0.001353,0.006719,-0.003781
0.001573,0.007798,-0.004819
-0.001350,0.008864,-0.004803
-0.000381,0.005673,-0.005898
-0.000394,0.001380,-0.003841
0.000577,0.003526,-0.004877
0.001556,0.013119,-0.003732
-0.002331,0.018380,0.003742
-0.001296,0.020507,0.004856
-0.002188,0.018341,0.008027
-0.000172,0.008759,0.005814
-0.001113,-0.002969,0.004651
0.001773,-0.017858,-0.000791
0.001710,-0.027440,-0.002997
-0.001300,-0.027427,-0.004059
0.000559,-0.027408,-0.006202
-0.001468,-0.017814,-0.005078
-0.000544,-0.000751,-0.003875
-0.002488,0.015208,0.000511
-0.003411,0.023723,0.002700
-0.002356,0.021590,0.002696
-0.001304,0.010930,0.001555
-0.001305,0.000285,-0.000640
-0.001315,-0.009308,-0.001785
0.000608,-0.015722,-0.000759
0.000558,-0.012510,-0.001785
0.000528,-0.007148,-0.003841
0.000501,-0.002871,-0.004892
0.000490,-0.001786,-0.007032
0.002402,0.003571,-0.009114
0.001416,0.013149,-0.006900
-0.001512,0.014215,-0.006904
0.001411,0.014187,-0.003730
-0.001479,0.017400,-0.004756
-0.004373,0.015258,-0.003722
-0.000471,0.013156,-0.006909
-0.001446,0.007818,-0.006941
-0.004363,0.008854,-0.003735
-0.003398,0.013166,-0.007934
0.000516,0.016304,-0.001534
0.000562,0.016327,-0.003649
0.003511,0.010969,-0.001587
0.002564,0.005654,-0.003763
0.000599,-0.007080,-0.011343
0.000535,-0.012438,-0.009275
0.000456,-0.013515,-0.008209
0.002323,-0.012493,-0.003969
-0.000624,-0.000776,-0.001752
-0.001615,0.008828,-0.001654
-0.003539,0.015177,0.003700
-0.004446,0.015157,0.005857
-0.001458,0.005576,0.003665
-0.000476,-0.010390,-0.000739
0.000457,-0.019972,-0.002938
-0.000559,-0.018899,-0.002931
-0.000641,-0.021044,-0.001882
-0.001641,-0.012563,0.003499
-0.001667,-0.000770,-0.001690
-0.001663,0.012004,0.001598
0.000333,0.009827,0.005823
-0.000594,0.007746,0.000507
0.000417,-0.000823,0.003608
0.001387,-0.011528,0.006684
0.003327,-0.018966,0.003429
0.000388,-0.020055,0.005556
0.001332,-0.017899,0.003452
-0.000647,-0.008258,0.000380
-0.001661,-0.005025,-0.002775
-0.001690,0.001377,-0.002711
0.000278,0.007715,0.003697
0.002265,0.008758,0.005822
0.001342,0.009835,0.004763
-0.000581,0.007723,0.002608
0.000425,0.003422,0.005747
0.000469,0.005536,0.007901
-0.000457,0.007648,0.010035
0.000582,0.002316,0.010016
0.000599,-0.005143,0.008896
0.001587,-0.006188,0.006786
0.002575,-0.010477,0.008878
0.000637,-0.000828,0.004710
0.000661,0.005586,0.003705
0.000701,0.011955,0.006944
0.001736,0.015155,0.006951
-0.001121,0.019453,0.003792
-0.002018,0.026878,0.008074
-0.002896,0.030057,0.010231
-0.002792,0.031167,0.005996
-0.000751,0.033274,0.009225
-0.000618,0.033265,0.010307
-0.000514,0.021505,0.012319
0.002491,0.011944,0.007998
0.001562,-0.000821,0.003643
-0.000385,-0.005088,0.003619
-0.003316,-0.002935,0.001488
-0.002363,0.004537,0.001581
-0.001368,0.019454,0.003806
-0.002247,0.035432,0.007170
-0.002128,0.042871,0.010418
-0.001017,0.046072,0.010439
0.003028,0.031140,0.009242
0.000214,0.018333,0.009102
-0.001669,0.005473,0.014295
-0.002599,0.001236,0.011061
-0.000624,-0.000916,0.013177
0.000381,0.001218,0.013196
-0.000535,0.012954,0.013321
-0.002388,0.024766,0.005989
-0.000354,0.023701,0.005980
0.002659,0.018419,0.000635
0.002710,0.007765,-0.001593
0.000750,-0.001864,0.000396
-0.002178,-0.012544,0.001356
-0.003186,-0.009343,0.001370
-0.003198,-0.006150,0.002466
-0.004186,-0.007261,0.006693
-0.003188,-0.003022,0.009941
-0.003158,0.001268,0.007857
-0.002143,0.007679,0.006874
-0.001135,0.007668,0.007921
0.000862,-0.004101,0.011008
0.000899,-0.000911,0.012090
-0.000013,0.005493,0.012153
-0.001902,0.009739,0.014298
0.003041,0.010807,0.014321
0.003131,0.006486,0.019596
0.000280,-0.004129,0.014218
-0.002609,-0.012645,0.012014
-0.001648,-0.020118,0.011943
-0.001662,-0.017931,0.006650
-0.003620,-0.008328,0.006727
-0.002636,0.000176,0.009971
-0.002597,0.005511,0.010017
0.000386,0.007634,0.011083
0.001427,0.005534,0.007866
0.000498,0.004434,0.011026
0.000533,-0.008341,0.007753
0.003465,-0.011500,0.003481
0.000527,-0.012491,-0.003941
-0.001473,-0.015756,0.002411
-0.003451,-0.016829,0.003475
0.000412,-0.013619,0.002421
-0.000581,-0.007194,0.000348
0.001353,0.004492,0.005755
-0.001520,0.020452,0.010155
-0.001420,0.031114,0.011330
-0.001281,0.033219,0.014538
0.000808,0.031140,0.009242
-0.001021,0.026916,0.004952
0.000027,0.011924,0.010141
0.000063,-0.009412,0.008881
0.002026,-0.025431,0.009781
-0.000933,-0.033905,0.003334
-0.002008,-0.030685,0.001205
-0.002072,-0.020061,0.005508
-0.002092,-0.002997,0.006726
-0.002044,0.015134,0.007937
-0.001970,0.030083,0.006986
-0.002843,0.030132,0.002761
0.001140,0.019460,0.002668
0.003151,0.002392,0.001453
0.002168,-0.018960,0.002348
0.002110,-0.032821,0.001180
-0.000893,-0.033900,0.002218
-0.003904,-0.029628,0.002261
-0.004917,-0.017911,0.004485
-0.002003,-0.007285,0.008824
-0.003914,0.005552,0.005739
-0.002889,0.005541,0.006778
-0.000919,0.002339,0.006750
-0.001862,-0.007241,0.004558
-0.001864,-0.012586,0.005586
-0.000924,-0.021114,0.004444
0.000994,-0.024305,0.003348
-0.000019,-0.023259,0.005494
-0.001039,-0.013612,0.001347
-0.001041,-0.008278,0.001395
-0.000077,-0.003007,0.007800
-0.002990,-0.000848,0.005696
-0.001977,-0.000860,0.006743
0.001946,0.000227,0.004631
0.000966,-0.004031,0.003532
0.000011,-0.002984,0.005671
0.000012,-0.008318,0.005645
-0.000001,-0.019010,0.007673
-0.001008,-0.036106,0.009632
-0.000086,-0.040372,0.009601
-0.001108,-0.035046,0.010716
-0.001156,-0.034025,0.014963
0.000776,-0.024464,0.019291
0.001788,-0.010621,0.022616
-0.002038,0.001140,0.020610
-0.000006,0.007577,0.017482
-0.001863,0.005476,0.014294
0.000141,-0.005177,0.012066
0.000179,-0.019029,0.009816
-0.000818,-0.030710,0.003307
0.001034,-0.041352,-0.000004
0.000895,-0.049887,-0.000094
-0.003125,-0.040292,0.001072
-0.004206,-0.015777,0.004497
-0.005169,0.015099,0.012236
-0.004086,0.026766,0.019786
-0.000036,0.027866,0.016619
0.002083,0.024697,0.013436
0.004121,0.011923,0.010141
0.003198,-0.004051,0.006811
0.002214,-0.014680,0.002467
0.005094,-0.016803,0.001401
0.001135,-0.014690,0.003535
0.001125,-0.006168,0.004643
-0.000810,0.002336,0.007887
-0.001738,0.005524,0.008963
-0.003619,0.005552,0.005731
-0.003586,0.004483,0.005730
-0.002585,0.000225,0.004631
-0.002576,-0.006135,0.000324
-0.002582,-0.004001,0.000343
-0.003573,-0.006142,0.001377
-0.003608,-0.011467,0.000269
0.001225,-0.014705,0.003440
0.001219,-0.015751,0.001309
0.001195,-0.012545,0.001328
-0.000770,-0.004006,0.001424
0.000202,0.007733,0.001547
0.001216,0.016282,0.000575
0.001254,0.025875,0.001741
0.000356,0.024821,0.000698
0.000429,0.023777,-0.001441
-0.000491,0.022744,-0.004613
-0.003406,0.020670,-0.011018
-0.002428,0.009967,-0.007935
0.001459,0.004598,-0.004812
-0.001471,0.004588,-0.003751
-0.001465,0.002449,-0.003797
-0.000507,0.005628,-0.001654
-0.000478,0.014094,0.005833
-0.002373,0.020465,0.009079
-0.004239,0.020504,0.004829
-0.003191,0.021571,0.004845
-0.002140,0.015186,0.003747
-0.000167,0.001315,0.003647
0.002756,-0.015740,0.001376
0.003679,-0.021097,0.003445
0.001680,-0.014685,0.002440
-0.000263,0.001321,0.002573
-0.000266,0.013036,0.004798
0.001777,0.020525,0.002721
-0.002048,0.023716,0.003789
-0.001988,0.025841,0.004882
-0.002865,0.021564,0.005926
-0.003783,0.015173,0.004830
-0.002783,0.008824,-0.000538
-0.002761,0.006667,0.001545
-0.002738,0.003402,0.007883
0.001178,-0.001901,0.004667
-0.000729,-0.004092,0.009940
-0.001687,-0.005128,0.006741
-0.001672,-0.000828,0.003588
-0.001671,-0.000849,0.005710
0.000295,-0.006150,0.002480
0.002244,-0.001871,0.001456
0.001246,-0.003973,-0.001746
0.004166,-0.007207,0.001403
0.004153,-0.006134,0.001431
0.001235,-0.000766,-0.001698
-0.000721,0.007774,-0.002703
-0.002668,0.012084,-0.006924
-0.002659,0.013110,-0.002678
0.000277,0.013058,0.002641
-0.001648,0.010925,0.002643
0.000325,0.000242,0.003597
0.000331,-0.007248,0.005675
0.002270,-0.015774,0.004553
-0.000660,-0.009384,0.005685
-0.004562,-0.004060,0.006779
-0.002593,0.000229,0.004687
0.000361,0.003400,0.007912
0.001371,0.006635,0.004728
0.000433,0.007733,0.001540
-0.002475,0.001361,-0.001713
-0.000537,0.001349,-0.000665
0.000431,-0.000776,-0.001766
-0.001552,0.000335,-0.005980
-0.002561,0.001362,-0.001699
-0.003541,0.007734,0.001554
-0.001550,0.014075,0.008011
-0.002464,0.006616,0.006891
-0.000464,0.009806,0.007967
0.000572,0.011919,0.010107
0.000636,0.011911,0.011189
0.000714,0.009775,0.011149
0.001742,0.003397,0.008984
0.001787,0.006649,0.003680
0.000818,0.006635,0.004749
0.000867,0.009836,0.004770
-0.000071,0.009823,0.005818
0.001907,0.008820,-0.000551
-0.000992,0.007762,-0.001642
-0.002939,0.004553,-0.000581
-0.002960,-0.008250,-0.000708
-0.001040,-0.013598,0.000292
-0.002041,-0.012585,0.005621
-0.000089,-0.008349,0.008835
-0.002030,-0.004080,0.008886
-0.001993,0.006611,0.006837
0.000019,0.007687,0.005799
0.000054,0.011998,0.001593
0.000066,0.004592,-0.004838
0.002973,0.000334,-0.005937
0.002956,-0.001851,-0.000644
0.000987,-0.001894,0.003607
-0.001914,-0.000835,0.004677
-0.000919,-0.001882,0.002538
-0.000921,-0.005079,0.002516
-0.000924,-0.006124,0.000392
-0.001905,-0.006148,0.002507
-0.001915,-0.006146,0.002528
-0.000955,-0.000781,-0.000600
0.001004,-0.000792,0.000447
0.000052,-0.002958,0.003583
0.001012,-0.005050,-0.000680
-0.000936,-0.006129,0.000351
0.000029,-0.005041,-0.001776
0.001966,-0.003966,-0.002834
-0.000982,-0.005043,-0.001775
-0.001967,-0.002900,-0.002824
-0.001019,-0.005055,-0.000714
0.001888,-0.000762,-0.002793
0.000922,0.001384,-0.003821
-0.001026,0.004558,-0.001669
-0.002960,0.009883,-0.000568
-0.001958,0.012002,0.001591
0.000042,0.013036,0.004777
-0.000885,0.007724,0.002593
0.000104,0.000241,0.003568
0.000117,-0.007219,0.002450
-0.000890,-0.013623,0.002380
-0.001895,-0.015759,0.002369
-0.000942,-0.013614,0.001327
-0.001935,-0.006157,0.002454
-0.001950,0.000236,0.003585
-0.001924,0.004480,0.006795
-0.001889,0.005527,0.008940
-0.001845,-0.001883,0.002503
0.000125,-0.009363,0.003506
0.000093,-0.012566,0.003486
0.000069,-0.011458,-0.000770
-0.000939,-0.010370,-0.002903
0.002927,-0.008266,0.000319
0.000970,0.004528,0.001506
0.000973,0.012007,0.000497
-0.000937,0.018391,0.002681
0.000093,0.021582,0.003777
-0.001781,0.022636,0.004834
0.000249,0.015156,0.005844
0.001259,0.003451,0.002572
0.001259,-0.003985,-0.000649
-0.002664,-0.008265,0.000354
-0.002684,-0.012564,0.003514
-0.001725,-0.014732,0.006657
-0.000749,-0.013644,0.004530
-0.000765,-0.011503,0.003447
-0.000799,-0.008280,0.001353
-0.001788,-0.008278,0.001359
-0.002789,-0.002932,0.000338
-0.002791,0.002400,0.000385
0.000140,0.001337,0.000432
0.000144,0.000274,0.000414
0.000154,-0.005083,0.002489
0.001102,-0.009332,0.000338
0.001097,-0.005118,0.005673
0.000142,0.001258,0.008932
-0.000774,0.001226,0.012115
0.002197,0.005516,0.010037
-0.000668,0.009805,0.007945
-0.001585,0.008747,0.006862
-0.001555,0.002365,0.004684
-0.000570,-0.007251,0.005661
0.000392,-0.013623,0.002416
-0.000608,-0.014689,0.002406
-0.003558,-0.007177,-0.001787
-0.001647,-0.000794,0.000383
-0.000664,0.004532,0.001505
0.001308,0.005577,0.003636
-0.000605,0.009856,0.002613
-0.001544,0.009854,0.002607
-0.001503,0.010931,0.001555
-0.000493,0.013079,0.000533
-0.000455,0.015204,0.001633
0.001522,0.010947,0.000542
0.002525,0.007724,0.002636
0.001569,0.007716,0.003703
0.001592,0.008826,-0.000531
-0.001315,0.007711,0.003691
-0.000284,0.010901,0.004773
0.000729,0.011998,0.001614
-0.001194,0.011997,0.001600
-0.001144,0.016287,-0.000499
0.000822,0.010961,-0.001620
-0.001106,0.003515,-0.003801
-0.000142,-0.006102,-0.002845
-0.002121,-0.012510,-0.001834
-0.000203,-0.007195,0.000341
-0.000224,-0.001886,0.002519
0.000760,0.005573,0.003638
-0.000194,0.007758,-0.000569
-0.000158,0.012017,0.000543
-0.001112,0.008822,-0.000566
0.000854,0.000286,-0.000619
-0.000126,-0.005073,0.001435
0.000832,-0.000813,0.002554
-0.000137,0.004522,0.002594
-0.002053,0.017296,0.005896
-0.002963,0.027967,0.005989
-0.002857,0.031149,0.008160
-0.002743,0.033293,0.007125
-0.004608,0.030135,0.002867
-0.003567,0.026850,0.011326
0.002405,0.024666,0.016654
0.000590,0.024693,0.013459
0.000663,0.011960,0.005892
-0.002215,0.006648,0.003702
-0.002214,-0.005122,0.006789
-0.000276,-0.016885,0.008767
-0.001248,-0.016842,0.004537
-0.000301,-0.012532,0.000302
-0.002270,-0.006160,0.003548
-0.002289,0.001308,0.003606
-0.000314,0.007711,0.003669
0.000691,0.006646,0.003659
-0.000269,0.002390,0.002589
0.000718,-0.002968,0.004658
0.001684,-0.013588,-0.000761
-0.000295,-0.011467,0.000333
-0.002262,-0.004017,0.002535
-0.001273,-0.004057,0.006785
-0.000262,-0.001933,0.007871
0.001711,-0.010415,0.002470
-0.001239,-0.016840,0.004515
0.000680,-0.024307,0.003384
-0.002286,-0.022143,0.000199
-0.003334,-0.012522,-0.000773
-0.005315,0.002396,0.001473
-0.004319,0.005563,0.004663
-0.002339,0.006643,0.003632
-0.002303,0.002385,0.002534
-0.001320,-0.000816,0.002513
-0.001333,-0.002947,0.002507
0.000609,0.001313,0.003633
0.000634,0.008835,-0.001599
0.000643,0.016306,-0.001520
0.001651,0.013093,-0.000472
0.003640,0.017340,0.001680
0.002706,0.010960,-0.000484
-0.000187,0.009871,0.001622
-0.002108,0.014137,0.001667
-0.003023,0.021594,0.002765
-0.001996,0.023701,0.005986
-0.000951,0.023712,0.004925
-0.002827,0.018386,0.003811
-0.001810,0.009858,0.002655
-0.000798,-0.000800,0.001493
0.000152,-0.012550,0.002444
0.001085,-0.015720,-0.000774
-0.002831,-0.008249,-0.000702
0.000076,0.000265,0.001474
0.001056,0.010938,0.001588
0.002069,0.019494,-0.000451
0.002137,0.022672,0.001678
0.001211,0.024860,-0.003601
0.001253,0.020592,-0.003632
0.000308,0.015280,-0.005794
-0.000640,0.009912,-0.002665
-0.001615,0.002442,-0.002723
-0.000650,-0.000750,-0.003826
-0.001667,-0.004996,-0.005992
-0.001694,-0.005039,-0.001755
-0.004632,-0.001819,-0.003848
-0.002702,0.004548,-0.000658
-0.000736,0.005617,-0.000628
0.001234,0.007764,-0.001643
-0.000694,0.007798,-0.004833
-0.001679,0.003540,-0.005939
-0.003646,-0.003868,-0.012376
0.000194,-0.012353,-0.017777
0.000083,-0.017691,-0.017851
-0.000016,-0.019857,-0.014687
-0.002077,-0.014548,-0.012531
-0.004103,-0.012435,-0.010397
-0.002212,-0.009244,-0.009330
-0.001295,-0.003895,-0.010316
0.000642,0.009970,-0.009107
-0.001307,0.025947,-0.005756
-0.002242,0.030207,-0.004616
-0.001213,0.032334,-0.003495
0.000784,0.022755,-0.005681
0.001805,0.016343,-0.004662
-0.000132,0.012126,-0.009997
-0.000149,0.020652,-0.008875
0.001822,0.029183,-0.008820
0.004783,0.039853,-0.008747
0.002911,0.044116,-0.007658
0.003971,0.046293,-0.011884
0.002066,0.035619,-0.011983
0.000151,0.024969,-0.014191
0.000130,0.011065,-0.011115
0.000100,0.004685,-0.013272
-0.000904,0.004629,-0.007966
-0.000913,0.014234,-0.007876
-0.000904,0.025996,-0.009910
-0.000887,0.030242,-0.007772
-0.001805,0.038730,-0.003479
-0.003677,0.044077,-0.004487
-0.003574,0.044057,-0.002387
-0.003467,0.045104,-0.000242
-0.002403,0.040843,-0.001339
0.001572,0.035539,-0.004575
-0.000320,0.025936,-0.004667
-0.001256,0.020643,-0.008964
0.001655,0.012136,-0.012243
0.002593,0.004730,-0.018674
-0.000401,0.003697,-0.021881
-0.004373,0.007913,-0.016539
-0.004412,0.014267,-0.012237
-0.006377,0.020608,-0.005794
-0.003405,0.029101,-0.001490
-0.004318,0.038717,-0.002453
-0.002270,0.051484,0.001916
-0.002136,0.063169,0.007323
-0.000012,0.055670,0.010468
0.002097,0.046077,0.009330
0.002222,0.032236,0.006026
0.001309,0.017316,0.003753
0.001346,0.007720,0.002602
0.000390,0.004519,0.002581
0.001360,-0.002970,0.004630
0.004292,-0.007219,0.002457
-0.000585,0.000279,-0.000667
0.001346,0.009893,-0.001665
0.003330,0.016244,0.003681
0.000446,0.017302,0.004772
0.000524,0.020460,0.009059
0.000597,0.014047,0.010064
0.003581,0.004449,0.010006
0.003617,-0.005156,0.009923
-0.000276,-0.013692,0.009890
-0.001250,-0.019037,0.010919
0.001674,-0.016871,0.007776
0.001646,-0.013628,0.003546
0.005540,0.000258,0.002605
0.004597,0.014120,0.003787
0.003670,0.024801,0.002820
0.000833,0.034383,0.005012
0.000921,0.034373,0.006080
0.001024,0.022601,0.009146
0.001101,0.006617,0.006891
0.001128,-0.001941,0.008946
-0.002768,-0.007246,0.005717
-0.007657,-0.005081,0.002545
-0.008651,0.000254,0.002599
-0.010568,0.007663,0.009072
-0.005669,0.012946,0.014423
-0.003606,0.017130,0.022949
-0.001511,0.018146,0.028262
-0.001345,0.016011,0.028237
-0.004115,0.017033,0.032505
-0.001033,0.009522,0.036698
0.000100,0.003147,0.034560
-0.001752,-0.011752,0.030165
-0.000716,-0.023462,0.026866
-0.002648,-0.023438,0.024779
-0.003605,-0.021301,0.024797
-0.006504,-0.021310,0.025879
-0.004470,-0.014944,0.029105
-0.001458,-0.009546,0.022758
-0.001382,-0.003089,0.017494
-0.001336,-0.011546,0.008876
0.000604,-0.020008,0.001353
0.000549,-0.022051,-0.008270
0.001435,-0.016657,-0.014630
0.002311,-0.010246,-0.015677
0.002213,0.000362,-0.009218
0.003167,0.017405,-0.005872
0.004165,0.020533,0.001590
0.005191,0.013064,0.001538
0.006203,0.001371,-0.002802
0.005187,-0.011433,-0.002886
0.003166,-0.027452,-0.001943
0.004077,-0.030660,-0.000861
0.003038,-0.027501,0.003432
0.002999,-0.013608,0.001424
-0.001857,0.004546,0.000514
-0.002780,0.020508,0.004877
-0.002701,0.031200,0.002820
-0.002592,0.033321,0.003872
-0.002495,0.035464,0.002823
-0.004362,0.031225,-0.000432
-0.003343,0.021622,-0.000530
-0.003311,0.014121,0.002595
-0.002324,0.012026,-0.001688
-0.003293,0.009872,0.000443
-0.004262,0.002362,0.004635
-0.001316,-0.001906,0.004605
-0.001331,-0.007228,0.003496
-0.004243,-0.000815,0.002491
-0.003262,0.005618,-0.000635
0.000646,0.018456,-0.003700
0.002634,0.024881,-0.005752
-0.000247,0.028093,-0.006778
-0.000218,0.022724,-0.003605
0.000805,0.008788,0.002647
-0.001106,-0.004077,0.008920
0.000858,-0.020107,0.010882
0.001829,-0.030758,0.008667
-0.000182,-0.033971,0.009686
-0.006079,-0.031837,0.009698
-0.006097,-0.021187,0.011913
-0.004165,-0.019032,0.009788
-0.002214,-0.014733,0.006622
-0.001233,-0.013668,0.006618
-0.001251,-0.018983,0.004442
0.000667,-0.028555,0.001182
0.003508,-0.042387,-0.003211
0.002431,-0.043465,-0.002145
-0.000616,-0.042408,-0.001067
-0.001687,-0.033910,0.003257
-0.000765,-0.022224,0.008679
-0.000758,-0.015839,0.010870
-0.000740,-0.014772,0.010879
-0.001713,-0.021123,0.005533
0.002150,-0.025424,0.008665
0.000162,-0.027529,0.005464
-0.001830,-0.032833,0.002227
-0.000936,-0.039238,0.002172
-0.000054,-0.048841,0.002102
-0.000155,-0.043472,-0.001063
-0.002198,-0.026452,0.004384
-0.004187,-0.010486,0.008796
0.002659,0.007653,0.008926
0.002744,0.018305,0.011148
-0.002043,0.027940,0.008042
-0.002940,0.021539,0.008021
-0.001886,0.010868,0.007935
0.000110,0.003394,0.008999
0.001108,-0.002998,0.007875
0.001100,-0.003015,0.010039
-0.001776,0.001199,0.015367
-0.001705,0.006536,0.015442
-0.002593,0.012957,0.013341
-0.001529,0.011896,0.012251
-0.001462,0.013045,0.003738
-0.000466,-0.002919,-0.000675
-0.000476,-0.009345,0.001364
-0.000515,-0.017882,0.001268
0.001396,-0.013636,0.003414
-0.000581,-0.008270,0.000285
-0.004494,-0.000810,0.001425
-0.004504,0.002371,0.003582
-0.002511,0.001293,0.004633
-0.000524,-0.000818,0.002478
-0.000511,-0.003965,-0.002841
-0.003465,-0.002858,-0.007096
-0.002540,-0.003894,-0.010295
-0.001631,0.001419,-0.008105
-0.000697,0.005635,-0.002756
0.000310,0.013075,0.000484
0.001322,0.020557,-0.000491
-0.002537,0.022671,0.001657
-0.000513,0.019437,0.004812
0.001492,0.011988,0.002654
0.003493,0.011935,0.007966
0.000627,0.010809,0.014349
-0.000267,0.003268,0.021752
-0.000173,-0.006315,0.019539
-0.001092,-0.014842,0.018397
-0.000092,-0.019089,0.016238
-0.000089,-0.025482,0.015107
-0.000112,-0.023321,0.011930
-0.002091,-0.016813,0.001362
-0.004093,-0.006067,-0.006000
-0.006075,0.001421,-0.008106
-0.005137,0.007833,-0.009125
-0.002224,0.022783,-0.010069
0.002664,0.042011,-0.012044
0.001759,0.064430,-0.012923
0.004794,0.079415,-0.017016
0.006878,0.092222,-0.016891
0.005092,0.097555,-0.016807
0.005232,0.086791,-0.007310
0.004432,0.065388,-0.001096
0.004551,0.041828,0.007207
0.004672,0.015004,0.021827
0.006735,-0.008569,0.031171
0.006826,-0.031031,0.036295
0.003010,-0.035354,0.041555
-0.003739,-0.033180,0.037303
-0.012465,-0.027770,0.029915
-0.014380,-0.023480,0.027802
-0.014340,-0.026778,0.037309
-0.009403,-0.035370,0.042540
-0.007375,-0.042829,0.041421
-0.007336,-0.050280,0.039213
-0.005383,-0.060962,0.040181
-0.004404,-0.065282,0.045476
-0.002453,-0.061041,0.048752
-0.001453,-0.055724,0.050977
-0.000441,-0.056816,0.054240
-0.000392,-0.053595,0.053254
0.002594,-0.058957,0.056467
0.003631,-0.054645,0.052295
0.002734,-0.048261,0.054501
0.004769,-0.034349,0.050379
0.004891,-0.019388,0.048380
0.002110,-0.007659,0.049515
0.001306,-0.000099,0.039962
0.001453,-0.003239,0.033533
0.001560,-0.009635,0.032361
0.004552,-0.020263,0.026909
0.004583,-0.029776,0.017214
0.000645,-0.044684,0.013872
0.000571,-0.043525,0.004284
0.000437,-0.047716,-0.003224
0.000286,-0.039212,0.000027
0.000192,-0.022173,0.003339
0.000168,-0.000862,0.006715
0.004120,0.020499,0.004781
0.005197,0.046176,-0.001334
0.002408,0.064391,-0.008595
0.004485,0.071948,-0.016997
0.005558,0.076346,-0.029692
0.004644,0.073197,-0.035032
0.004675,0.068965,-0.038226
0.001745,0.051880,-0.037321
0.002684,0.040108,-0.034225
0.002644,0.035785,-0.028965
-0.000292,0.039018,-0.032112
-0.003223,0.042219,-0.032091
-0.006157,0.051835,-0.033062
-0.005172,0.063531,-0.028708
-0.008049,0.073063,-0.021191
-0.007942,0.081537,-0.014744
-0.007823,0.081507,-0.011554
-0.002791,0.076099,-0.004139
0.000296,0.065418,-0.003157
0.004316,0.053680,-0.003253
0.004416,0.040850,-0.001234
0.005483,0.037680,-0.004452
0.005528,0.047328,-0.008592
0.001700,0.061178,-0.006362
0.004755,0.077158,-0.003041
0.001990,0.083571,-0.004053
0.003160,0.092169,-0.010379
0.003312,0.081526,-0.013697
0.002447,0.061301,-0.019206
-0.001405,0.041055,-0.022594
-0.005325,0.022901,-0.021719
-0.007340,0.011108,-0.016530
-0.004468,0.006791,-0.011229
-0.004469,0.009895,-0.001666
-0.004452,0.021582,0.003763
-0.006310,0.035404,0.009224
-0.005211,0.048211,0.009385
-0.003107,0.051446,0.006243
-0.000044,0.040818,0.001913
0.000994,0.014163,-0.000428
0.001978,-0.012483,-0.003866
0.000946,-0.030637,-0.002984
-0.000128,-0.040233,-0.004164
-0.004115,-0.043468,-0.001029
-0.004223,-0.040363,0.008541
-0.005251,-0.019011,0.007659
-0.008191,-0.005225,0.016291
-0.007140,0.020308,0.025099
-0.004079,0.038382,0.032732
-0.001900,0.044737,0.038169
0.001266,0.040478,0.037093
0.000534,0.026618,0.035938
0.004598,0.003193,0.030422
0.005658,-0.020223,0.023816
0.003737,-0.030756,0.009894
0.003677,-0.028551,0.002444
0.003610,-0.017751,-0.010251
0.000612,0.004656,-0.010090
-0.002350,0.028225,-0.019476
-0.004300,0.048502,-0.019285
-0.005219,0.058059,-0.014977
-0.002212,0.058082,-0.017078
0.000791,0.048470,-0.016073
-0.000164,0.037851,-0.021485
-0.001152,0.028216,-0.018344
-0.000181,0.020725,-0.016288
-0.002138,0.017537,-0.017363
-0.000199,0.022862,-0.016263
-0.000203,0.026017,-0.011989
-0.000198,0.027125,-0.016238
0.000793,0.025002,-0.017367
-0.000175,0.020711,-0.015303
-0.003117,0.006865,-0.018670
-0.003183,-0.011290,-0.017809
-0.001326,-0.024111,-0.016901
-0.001449,-0.033748,-0.013801
-0.005470,-0.035902,-0.011720
-0.005597,-0.042338,-0.008607
-0.001826,-0.043471,-0.002256
-0.001924,-0.044517,-0.004395
-0.001050,-0.033853,-0.003220
-0.000155,-0.026318,-0.009507
0.003667,-0.020951,-0.012622
0.004540,-0.010185,-0.022099
0.008343,0.002678,-0.027258
0.008244,0.013434,-0.035652
0.007191,0.028404,-0.038712
0.006163,0.049759,-0.039565
0.006134,0.062606,-0.043690
0.007087,0.064793,-0.048983
0.004151,0.063748,-0.051108
0.000203,0.066959,-0.052148
-0.001793,0.071219,-0.051036
-0.001812,0.078667,-0.048856
-0.001850,0.074349,-0.043539
-0.002800,0.079592,-0.033902
-0.000792,0.080607,-0.028553
-0.000714,0.080609,-0.028525
0.001323,0.077369,-0.024267
-0.002504,0.077317,-0.018949
-0.000441,0.070855,-0.012612
0.000623,0.058038,-0.011677
-0.001241,0.040959,-0.011852
-0.001201,0.026008,-0.010929
-0.001193,0.007834,-0.007918
-0.003160,-0.007078,-0.011294
-0.004224,-0.018833,-0.010376
-0.009160,-0.010267,-0.013519
-0.011179,0.004688,-0.014466
-0.008290,0.013179,-0.010182
-0.008290,0.018461,-0.004808
-0.007316,0.016357,-0.008038
-0.005344,0.015222,-0.001687
-0.003380,0.015213,-0.000612
0.000527,0.012002,0.000427
0.002505,0.004492,0.004641
0.003505,-0.015768,0.003423
0.006392,-0.039246,0.003211
0.006314,-0.049929,0.004165
0.003281,-0.052062,0.004160
0.003199,-0.042468,0.005326
-0.000763,-0.035020,0.007506
-0.001783,-0.024392,0.011844
-0.004691,-0.019110,0.017195
-0.005631,-0.022267,0.012923
-0.005626,-0.029705,0.009675
-0.002727,-0.029664,0.005424
-0.002770,-0.036087,0.007511
-0.000899,-0.039298,0.008523
-0.001919,-0.042478,0.006380
-0.001998,-0.037130,0.005365
-0.001075,-0.026492,0.008627
0.000876,-0.009413,0.007710
0.002859,0.001217,0.012061
0.003890,0.006566,0.011038
0.003945,0.008691,0.012132
0.002056,-0.000922,0.013116
0.002101,-0.012639,0.010898
0.002083,-0.028617,0.007555
0.002038,-0.040335,0.005310
0.000010,-0.049928,0.004178
-0.001056,-0.040333,0.005337
-0.002098,-0.027580,0.010761
-0.001146,-0.007368,0.017311
-0.000110,0.010699,0.024918
-0.000947,0.023507,0.025057
-0.000783,0.028823,0.027239
0.001326,0.020319,0.024003
0.002435,0.005432,0.018575
0.006384,-0.000927,0.014288
0.004450,-0.008320,0.006809
0.003481,-0.005096,0.004736
