-0.002453,0.038545,0.006243
-0.001674,0.040847,0.004793
0.000317,0.036228,-0.000248
0.003599,0.023971,0.003290
0.003155,0.011742,0.001136
0.003250,0.010054,0.010587
0.000641,0.006654,0.016688
0.000679,0.013417,0.010346
0.000602,0.024636,0.000350
0.000089,0.033028,-0.004536
-0.000105,0.032645,-0.008949
-0.000267,0.033492,-0.006117
-0.001254,0.024988,-0.009322
-0.000503,0.007474,-0.004203
-0.001326,-0.019120,0.006096
0.000629,-0.042015,0.014011
-0.001885,-0.054237,0.017611
-0.001946,-0.058784,0.018211
-0.000122,-0.059039,0.016202
-0.000524,-0.050590,0.013097
-0.001810,-0.028276,0.013108
-0.000584,-0.007835,0.003905
-0.000971,0.013296,-0.000553
-0.003028,0.031012,-0.004799
-0.000877,0.038476,-0.006895
0.001999,0.039037,-0.009264
0.005719,0.010511,0.105018
0.042393,0.003818,0.112168
0.044561,0.014307,0.060599
0.008434,0.002540,0.004972
-0.003078,-0.011510,0.000905
0.000131,-0.034983,0.007163
0.001509,-0.051233,0.008819
0.000198,-0.055881,0.007877
0.000669,-0.048343,0.011925
0.003044,-0.032956,0.014290
0.005425,-0.020305,0.012602
0.003308,-0.002904,0.011489
0.001914,0.011776,0.003254
0.002557,0.028465,0.000998
0.005091,0.038336,0.001475
0.005728,0.048518,-0.002590
0.008908,0.050463,-0.006688
0.006857,0.045298,-0.007468
0.007619,0.031856,-0.007903
0.008459,0.011339,-0.007390
0.006803,-0.005238,-0.010798
0.003847,-0.029321,-0.009970
0.000994,-0.045056,-0.003136
-0.002610,-0.053193,0.013592
-0.003098,-0.050956,0.023449
-0.003338,-0.035358,0.026334
-0.001261,-0.012779,0.018897
0.001461,0.016572,0.010619
0.002454,0.034452,0.001834
0.002219,0.038007,-0.004842
0.006640,0.028715,-0.008132
0.007774,0.007734,-0.008713
0.007189,-0.014386,-0.006398
0.004870,-0.033795,0.001127
0.005946,-0.044988,0.003866
0.002150,-0.046944,0.008838
0.002566,-0.037974,0.007228
0.000546,-0.023241,0.004910
0.002124,0.000477,0.000513
0.003417,0.016954,-0.006173
0.003267,0.030498,-0.010336
0.004523,0.034217,-0.014531
0.002946,0.025236,-0.017400
0.003159,0.013391,-0.016259
0.005041,-0.003606,-0.012024
0.005892,-0.021400,-0.007205
0.004460,-0.030796,-0.001949
0.004223,-0.037066,-0.001387
0.002345,-0.029906,-0.005953
0.002092,-0.022243,-0.006535
-0.001104,-0.011543,-0.006578
-0.001589,-0.001951,-0.004414
-0.000085,0.015374,-0.002501
0.000687,0.027450,-0.008761
-0.000816,0.037075,-0.013653
0.000115,0.036888,-0.015165
0.002616,0.029465,-0.015211
0.002135,0.017370,-0.008937
0.001547,0.005234,-0.006547
-0.000168,-0.005505,-0.006551
0.002619,-0.012017,-0.004649
0.002519,-0.009801,-0.005814
0.003715,0.001669,-0.010824
0.002118,0.014523,-0.018850
0.001026,0.027020,-0.025751
0.000246,0.030090,-0.024068
-0.000939,0.032935,-0.021113
-0.000871,0.027807,-0.017230
0.001086,0.019534,-0.012156
0.003091,0.010270,-0.012814
0.003425,0.002972,-0.014191
0.002948,-0.012263,-0.009862
0.000873,-0.027194,-0.009258
0.000474,-0.038454,-0.001457
0.001059,-0.046284,-0.003783
0.002646,-0.044056,-0.007297
0.003895,-0.038981,-0.011694
0.002670,-0.028850,-0.010589
0.000250,-0.019792,-0.008858
-0.000029,-0.005963,-0.005803
-0.002271,0.005656,-0.009479
-0.000638,0.024214,-0.012750
-0.001576,0.042620,-0.018476
0.001920,0.052122,-0.022602
0.002296,0.052893,-0.024475
0.003780,0.035674,-0.021780
0.001169,0.021227,-0.020352
0.000601,0.002236,-0.015690
-0.000065,-0.019155,-0.010701
-0.001787,-0.034449,-0.000551
-0.001986,-0.044513,0.006751
-0.002133,-0.036616,0.012875
-0.002634,-0.025349,0.009864
-0.002864,-0.002320,0.002348
-0.001777,0.009859,-0.003722
0.000115,0.022243,-0.007528
0.001444,0.021996,-0.010017
0.002583,0.016824,-0.012047
0.005567,0.004127,-0.012609
0.002021,-0.015074,-0.011978
0.002794,-0.031263,-0.008097
0.002036,-0.042610,-0.006240
-0.000523,-0.047220,0.001068
-0.002048,-0.039065,-0.000573
-0.000942,-0.026349,-0.001768
-0.001010,-0.006979,-0.008061
-0.000696,0.007892,-0.008006
0.000468,0.016101,-0.011289
0.000163,0.021639,-0.014004
0.000709,0.019769,-0.013254
0.000897,0.014485,-0.015153
0.000513,0.007556,-0.016120
0.002597,0.002829,-0.014262
0.001529,-0.000918,-0.013288
0.001207,-0.001440,-0.011082
0.001719,-0.001942,-0.013892
0.000021,0.002683,-0.012276
0.000636,0.005991,-0.007909
-0.002265,0.005301,-0.010651
-0.002902,0.003151,-0.008560
-0.000667,-0.001477,-0.006356
-0.000858,-0.001086,-0.000483
-0.000388,-0.004517,0.001765
-0.000218,-0.006326,0.001011
0.001747,-0.008729,0.000235
0.002221,-0.008464,0.004612
0.001042,-0.009944,0.001336
-0.002508,-0.006074,0.007341
-0.004315,-0.003658,0.005101
-0.003777,-0.004503,0.004780
-0.002761,-0.004557,0.009012
-0.002003,-0.001901,0.008713
0.000159,-0.001012,0.009455
-0.002553,-0.002191,0.011716
-0.005297,-0.010558,0.015770
-0.006395,-0.018998,0.023649
-0.006074,-0.025238,0.034453
-0.001541,-0.032019,0.037199
0.001449,-0.027442,0.035105
0.002658,-0.030293,0.035866
0.002542,-0.037704,0.034374
0.005638,-0.045553,0.034154
0.005870,-0.055409,0.034292
0.004720,-0.067052,0.031889
0.001811,-0.072361,0.030828
0.003249,-0.069582,0.032997
0.003975,-0.066984,0.026168
0.004611,-0.054998,0.023415
0.003951,-0.039901,0.016887
0.002005,-0.025073,0.006359
-0.002094,-0.014183,0.002536
-0.002816,-0.009648,-0.003759
-0.003853,-0.007937,-0.003139
0.001738,-0.016358,-0.004649
0.003597,-0.017071,-0.012309
0.004951,-0.024716,-0.017205
0.000672,-0.033414,-0.017097
-0.006273,-0.052721,-0.015557
-0.008276,-0.084390,-0.013651
-0.007040,-0.111093,-0.014580
-0.005559,-0.130122,-0.003286
-0.009173,-0.143363,-0.000671
-0.003121,-0.163436,0.004151
-0.001011,-0.180018,0.006991
0.002335,-0.194399,-0.002340
0.009612,-0.208952,-0.011413
0.014953,-0.211931,-0.021338
0.023123,-0.229700,-0.036933
0.023910,-0.232592,-0.045058
0.018168,-0.238052,-0.060186
0.010649,-0.238730,-0.071787
0.003844,-0.235416,-0.075329
-0.000334,-0.226576,-0.076723
-0.007146,-0.203036,-0.057484
-0.009992,-0.177057,-0.053294
-0.005733,-0.139662,-0.043391
-0.005525,-0.091853,-0.022191
-0.008639,-0.028106,-0.011525
-0.014440,0.030410,-0.004584
-0.023666,0.084188,0.004515
-0.036357,0.117520,0.013445
-0.037745,0.124472,0.017276
-0.025410,0.109168,0.037128
-0.017139,0.098519,0.052205
-0.010032,0.074594,0.068015
-0.002637,0.043814,0.093084
0.005821,0.000801,0.117024
0.013646,-0.039580,0.131137
0.014797,-0.067690,0.136098
0.010171,-0.087272,0.134305
0.003772,-0.110164,0.124492
0.004603,-0.130385,0.110046
0.010908,-0.140269,0.090034
0.015776,-0.119697,0.061869
0.020256,-0.077779,0.038038
0.013649,-0.029986,0.012369
0.011734,0.019853,-0.000956
0.002946,0.063810,-0.021616
0.001246,0.105601,-0.043305
0.002305,0.147883,-0.065528
0.003243,0.186861,-0.086687
-0.000366,0.222602,-0.093684
-0.008207,0.255937,-0.092613
-0.012139,0.266058,-0.081555
-0.009602,0.265857,-0.071114
-0.002769,0.254537,-0.055328
0.001902,0.242409,-0.041036
-0.003156,0.230855,-0.027277
-0.021018,0.195601,-0.010711
-0.038259,0.135219,0.009767
-0.041763,0.051919,0.044736
-0.033398,-0.023036,0.081308
-0.011458,-0.079417,0.114168
0.010665,-0.109998,0.144653
0.031228,-0.131931,0.166878
0.051511,-0.148479,0.180567
0.065402,-0.161592,0.171389
0.055521,-0.146423,0.143591
0.025535,-0.125095,0.105350
0.000508,-0.113279,0.082923
-0.022281,-0.095737,0.081634
-0.035274,-0.063893,0.085448
-0.035080,-0.004657,0.089949
-0.030028,0.072922,0.095552
-0.024116,0.159501,0.098827
-0.013929,0.242604,0.108521
-0.007578,0.304024,0.114288
-0.004484,0.320156,0.120488
-0.006885,0.296453,0.122587
-0.003539,0.228530,0.123928
0.001293,0.145212,0.140706
0.015688,0.043282,0.159529
0.031380,-0.050193,0.188025
0.030156,-0.118463,0.224894
0.011661,-0.181802,0.250776
-0.000467,-0.238906,0.257222
-0.006824,-0.279807,0.250695
-0.005122,-0.288702,0.226491
-0.011840,-0.251170,0.219964
-0.032051,-0.184084,0.203954
-0.044274,-0.121512,0.180300
-0.027280,-0.074385,0.160084
-0.007579,-0.027186,0.145943
0.008234,0.040919,0.135224
0.021578,0.085165,0.147658
0.036290,0.097977,0.174808
0.036011,0.095752,0.193654
0.025686,0.070426,0.178205
0.001520,0.049217,0.119188
-0.000973,0.010374,0.058818
0.010767,-0.013170,0.032645
0.012204,-0.007349,0.023900
0.010524,0.005393,0.038285
-0.001724,0.027819,0.068494
-0.011707,0.044217,0.098678
-0.019011,0.060434,0.112872
-0.017032,0.067458,0.115172
-0.013963,0.079845,0.114775
-0.009717,0.081137,0.119570
-0.008298,0.071677,0.129217
-0.007009,0.040809,0.144479
-0.007615,0.000346,0.156850
-0.004501,-0.051055,0.153170
0.001508,-0.086645,0.131661
0.019247,-0.109811,0.110915
0.045953,-0.079944,0.169950
-0.102400,0.070736,0.135040
-0.235318,0.043851,-0.204234
-0.004432,-0.095771,-0.162935
0.027811,-0.037473,-0.080694
0.050943,0.118592,-0.136346
0.107440,0.236540,-0.121472
0.112921,0.284285,-0.071802
0.091435,0.345766,-0.056021
0.076717,0.376918,-0.095332
0.062249,0.371674,-0.145067
0.037195,0.348688,-0.165123
0.015525,0.294604,-0.165980
0.004294,0.258740,-0.152476
0.001890,0.238076,-0.167370
0.014859,0.223016,-0.196617
0.037829,0.220463,-0.213074
0.055097,0.233833,-0.214080
0.057587,0.253405,-0.204533
0.046418,0.258354,-0.191928
0.031029,0.249862,-0.175967
0.005961,0.229445,-0.146947
-0.020278,0.207002,-0.099675
-0.042964,0.182295,-0.033013
-0.068043,0.159977,0.029301
-0.087413,0.135529,0.088226
-0.094065,0.097400,0.132964
-0.084946,0.037951,0.166130
-0.068743,-0.054169,0.210316
-0.059994,-0.172027,0.272829
-0.050863,-0.329993,0.338817
-0.039036,-0.502166,0.395828
-0.029571,-0.661974,0.435101
-0.016857,-0.800460,0.445876
0.001066,-0.902513,0.434784
0.022353,-0.958235,0.414381
0.028071,-0.966932,0.375035
0.017635,-0.921118,0.373867
-0.046172,-0.855912,0.394135
-0.135907,-0.836040,0.349908
-0.178017,-0.901676,0.339319
-0.172273,-1.108485,0.400577
-0.125863,-1.352799,0.503789
-0.053492,-1.522360,0.619307
0.020502,-1.549393,0.703592
0.073823,-1.422973,0.750472
0.101029,-1.185799,0.743316
0.125027,-0.883767,0.676334
0.137650,-0.559406,0.576737
0.138911,-0.254475,0.450284
0.130776,0.027860,0.300258
0.126360,0.266053,0.153689
0.107381,0.468711,0.033428
0.082888,0.643272,-0.057955
0.064808,0.730893,-0.148239
0.062628,0.733507,-0.219414
0.064674,0.686100,-0.269099
0.067038,0.621447,-0.303171
0.078953,0.575503,-0.336421
0.087930,0.564103,-0.366538
0.076763,0.573828,-0.401836
0.041117,0.605919,-0.440901
0.006777,0.616843,-0.473438
-0.030196,0.610136,-0.477053
-0.060889,0.582211,-0.460234
-0.074714,0.531904,-0.416921
-0.070518,0.480661,-0.353728
-0.061848,0.435809,-0.295676
-0.049384,0.385441,-0.237695
-0.036812,0.329441,-0.188735
-0.016624,0.255381,-0.140315
-0.004828,0.194818,-0.069066
-0.012794,0.122004,-0.023477
-0.018921,0.018101,0.003646
-0.028402,-0.142223,0.020867
-0.022934,-0.338916,0.062328
-0.015574,-0.532333,0.109495
-0.004428,-0.690599,0.147508
0.004317,-0.810581,0.164138
0.017422,-0.886816,0.155169
0.025542,-0.919748,0.134539
0.030441,-0.913788,0.105528
0.028244,-0.870639,0.066216
0.022073,-0.798568,0.026600
0.013624,-0.701716,-0.007396
0.001355,-0.583399,-0.037765
-0.007995,-0.440424,-0.069196
-0.018634,-0.266692,-0.100040
-0.026362,-0.068837,-0.133699
-0.032193,0.151254,-0.168965
-0.036861,0.363141,-0.205343
-0.036479,0.542149,-0.235573
-0.036754,0.668938,-0.258547
-0.034745,0.747810,-0.265581
-0.034216,0.779278,-0.258872
-0.031240,0.772385,-0.238915
-0.024603,0.732479,-0.211752
-0.018828,0.671240,-0.172262
-0.015083,0.599338,-0.125419
-0.012885,0.516809,-0.088535
-0.012114,0.435291,-0.040608
-0.014621,0.349383,-0.009874
-0.014957,0.274354,0.017228
-0.016519,0.211608,0.037150
-0.017440,0.157953,0.051284
-0.011525,0.123268,0.067152
-0.009172,0.100768,0.079108
-0.001466,0.099250,0.084650
0.005190,0.112409,0.080770
0.010972,0.147235,0.062681
0.015214,0.185174,0.039643
0.016164,0.224232,0.014685
0.016152,0.249606,-0.013850
0.017590,0.265129,-0.034883
0.017947,0.258461,-0.049022
0.021117,0.243526,-0.060647
0.023351,0.215346,-0.072782
0.027938,0.184339,-0.081002
0.033746,0.147438,-0.085135
0.034743,0.111413,-0.075585
0.029532,0.073883,-0.067166
0.018371,0.038547,-0.057172
0.007597,0.006071,-0.049836
-0.004501,-0.023100,-0.037730
-0.011444,-0.043617,-0.021284
-0.012811,-0.050580,0.000622
-0.013173,-0.044473,0.016043
-0.015691,-0.027773,0.031408
-0.017386,-0.008470,0.043099
-0.020522,-0.002608,0.055191
-0.023378,-0.000681,0.062670
-0.022431,-0.006622,0.066335
-0.018077,-0.023127,0.079529
-0.013247,-0.042575,0.080245
-0.006880,-0.059579,0.082613
-0.002687,-0.070585,0.080010
0.000080,-0.074219,0.069704
0.004146,-0.071017,0.055788
0.003109,-0.061618,0.043316
0.005095,-0.049842,0.027558
0.003519,-0.036554,0.014916
0.006461,-0.019085,0.000040
0.005985,-0.006571,-0.014042
0.005112,0.014400,-0.024834
0.004447,0.026215,-0.030301
0.005238,0.037251,-0.037564
0.003598,0.050558,-0.045775
0.008198,0.062290,-0.057232
0.010642,0.070634,-0.068030
0.009477,0.073216,-0.071286
0.009784,0.061631,-0.074925
0.004415,0.040775,-0.074616
0.000380,0.010506,-0.071632
-0.002860,-0.020927,-0.076209
-0.003443,-0.049037,-0.080353
-0.001060,-0.075298,-0.087578
0.002982,-0.099231,-0.099894
0.008121,-0.114708,-0.103137
0.010242,-0.124392,-0.092889
0.006217,-0.134405,-0.079126
0.000510,-0.146532,-0.061065
-0.008138,-0.147655,-0.038067
-0.019023,-0.140924,-0.014276
-0.026842,-0.123126,0.016679
-0.034638,-0.086559,0.034250
-0.036197,-0.044484,0.048367
-0.032798,-0.002028,0.054668
-0.023175,0.025987,0.064248
-0.017013,0.044404,0.072103
-0.012821,0.048780,0.074467
-0.012172,0.045109,0.080361
-0.015019,0.037772,0.074583
-0.008731,0.021628,0.067736
-0.001906,0.016275,0.073778
0.005629,0.011779,0.080955
0.004357,0.011121,0.097583
-0.004619,0.012400,0.097632
-0.007749,0.011329,0.085062
-0.003666,0.003920,0.072336
0.009182,0.003116,0.068194
0.019484,0.007572,0.073301
0.021164,0.020746,0.057813
0.021607,0.048944,0.035071
0.017875,0.072400,-0.003398
0.015636,0.090459,-0.039577
0.016290,0.078103,-0.065388
0.014750,0.056384,-0.073571
0.015714,0.020923,-0.064773
0.009709,0.005305,-0.060884
0.006927,0.009051,-0.061453
0.002871,0.023273,-0.052848
0.000978,0.046149,-0.055556
-0.003998,0.065031,-0.056224
-0.005472,0.074797,-0.055275
-0.005621,0.076042,-0.045615
-0.008585,0.071681,-0.027737
-0.006668,0.071077,-0.014333
-0.004382,0.069048,-0.005901
-0.002803,0.067661,-0.001106
0.002473,0.064234,0.002604
0.007624,0.057615,0.011209
0.011889,0.041608,0.023439
0.010809,0.027072,0.036380
0.003688,0.008281,0.042587
-0.003276,-0.009004,0.056895
-0.011631,-0.022527,0.060105
-0.009994,-0.022969,0.062764
-0.010025,-0.023748,0.057344
-0.006502,-0.021045,0.051877
-0.001473,-0.029548,0.048107
0.003369,-0.040323,0.040452
0.007681,-0.054413,0.032912
0.011189,-0.061479,0.030221
0.005982,-0.061796,0.029342
-0.000483,-0.059984,0.028227
-0.006864,-0.051079,0.019412
-0.013462,-0.043868,0.009138
-0.019534,-0.030074,0.001641
-0.021143,-0.018983,-0.005996
-0.022542,-0.004197,-0.010844
-0.026282,0.006776,-0.005791
-0.021040,0.021654,-0.000995
-0.017851,0.036173,0.001982
-0.014223,0.049006,0.006370
-0.008764,0.060038,0.013684
-0.006271,0.069009,0.025888
-0.006315,0.080500,0.026468
-0.010427,0.079737,0.023390
-0.007592,0.074501,0.014334
-0.000521,0.069355,0.000268
0.011553,0.056574,-0.007070
0.018639,0.044842,-0.009302
0.022422,0.018996,-0.011086
0.020519,-0.008568,-0.016643
0.017195,-0.026507,-0.020579
0.012486,-0.034356,-0.035972
0.013850,-0.027221,-0.048614
0.010968,-0.005663,-0.061158
0.011475,0.014871,-0.071478
0.013783,0.037590,-0.073748
0.011972,0.055120,-0.070352
0.009090,0.065062,-0.061052
0.005490,0.066428,-0.055026
0.003010,0.061837,-0.049945
-0.001541,0.061700,-0.046630
0.000322,0.053086,-0.039894
0.001644,0.037955,-0.032544
-0.002444,0.024210,-0.018467
-0.004022,0.009908,-0.008086
-0.003797,0.002115,-0.003537
-0.003321,-0.005227,0.001428
-0.003456,-0.007644,0.007232
-0.004800,-0.005887,0.015259
-0.003950,-0.012083,0.018622
-0.004490,-0.014766,0.021375
-0.005892,-0.018109,0.031330
-0.007674,-0.020683,0.035529
-0.009061,-0.023989,0.033784
-0.010064,-0.027303,0.040641
-0.011164,-0.031644,0.041597
-0.011389,-0.036012,0.041587
-0.012295,-0.042066,0.037319
-0.006638,-0.042593,0.032156
-0.003015,-0.046905,0.024545
0.002862,-0.046661,0.017311
0.007386,-0.046474,0.007249
0.010517,-0.049924,-0.005384
0.009170,-0.053891,-0.017547
0.007431,-0.054049,-0.025535
0.001932,-0.052982,-0.042831
-0.000645,-0.050851,-0.061004
-0.004438,-0.033631,-0.078873
-0.001274,-0.011448,-0.097845
0.000643,0.012482,-0.106642
0.000710,0.031413,-0.113715
0.000093,0.048000,-0.102776
-0.003457,0.059478,-0.089700
-0.008885,0.070908,-0.073235
-0.017364,0.075160,-0.055454
-0.023925,0.079425,-0.036535
-0.025705,0.082507,-0.016874
-0.025855,0.083726,0.001451
-0.017922,0.086177,0.013729
-0.009526,0.085211,0.029090
-0.003664,0.074452,0.040069
0.002755,0.054123,0.048922
0.009195,0.021602,0.052082
0.013676,-0.015896,0.052602
0.017290,-0.058019,0.054059
0.020222,-0.096477,0.054409
0.021138,-0.132999,0.049788
0.020446,-0.156428,0.050234
0.018157,-0.168153,0.043179
0.017135,-0.167918,0.036030
0.014015,-0.154503,0.023048
0.012702,-0.129898,0.006718
0.013351,-0.097945,-0.005674
0.007631,-0.068832,-0.015420
0.004232,-0.043673,-0.016660
-0.003209,-0.024548,-0.019716
-0.010250,-0.013678,-0.017857
-0.014471,-0.002204,-0.014956
-0.020672,0.010075,-0.009550
-0.021054,0.020187,-0.001656
-0.022571,0.026514,0.005550
-0.022200,0.038823,0.010768
-0.021774,0.046394,0.016924
-0.022426,0.052841,0.026305
-0.020552,0.054558,0.029223
-0.017080,0.053904,0.033718
-0.010961,0.054840,0.033274
-0.005838,0.059230,0.032830
0.001408,0.063279,0.028362
0.003562,0.065569,0.024801
0.002282,0.068318,0.013799
0.002449,0.066456,0.006043
0.003091,0.059869,-0.001182
0.004660,0.048267,-0.006203
0.006254,0.040701,-0.013722
0.010325,0.037909,-0.018292
0.011285,0.029259,-0.025299
0.011779,0.025948,-0.031325
0.010922,0.011805,-0.037304
0.010126,-0.000236,-0.038380
0.007627,-0.012427,-0.036471
0.005810,-0.019972,-0.035450
0.007735,-0.013822,-0.036478
0.008471,0.006371,-0.041729
0.007565,0.034742,-0.050616
0.008620,0.071419,-0.063008
0.006850,0.103501,-0.075256
0.003375,0.120317,-0.076051
0.000422,0.129624,-0.078876
-0.004225,0.124909,-0.080254
-0.003878,0.114065,-0.076281
-0.004465,0.095051,-0.067520
-0.002232,0.073914,-0.050506
-0.000368,0.045016,-0.034199
-0.002456,0.024587,-0.021294
-0.003493,0.002690,-0.009835
-0.006307,-0.014488,-0.001295
-0.008850,-0.031371,0.010576
-0.008769,-0.043794,0.021234
-0.010836,-0.055154,0.027439
-0.010826,-0.060233,0.033606
-0.009971,-0.068660,0.042800
-0.008667,-0.069997,0.049475
-0.009277,-0.068265,0.050355
-0.011192,-0.066815,0.053436
-0.010144,-0.058200,0.057912
-0.007151,-0.045628,0.054997
-0.005390,-0.028887,0.048646
-0.004639,-0.008475,0.042918
-0.001502,0.005948,0.030941
0.000578,0.017452,0.023293
0.000558,0.023558,0.011329
0.004485,0.025035,0.000667
0.007777,0.027813,-0.007678
0.006189,0.028189,-0.015632
0.007447,0.025410,-0.026948
0.006272,0.026519,-0.032297
0.004211,0.025486,-0.037371
0.002241,0.025292,-0.040483
0.000406,0.022967,-0.047166
-0.000948,0.022230,-0.042379
0.000386,0.018319,-0.040610
-0.001506,0.013602,-0.035463
-0.000708,0.003124,-0.032237
-0.001922,-0.003752,-0.027076
0.002158,-0.011168,-0.022231
0.002112,-0.017597,-0.017687
0.003140,-0.023613,-0.014539
0.002364,-0.022683,-0.013917
0.004253,-0.016539,-0.016069
0.004326,-0.009384,-0.019098
0.003779,0.001234,-0.021699
0.003929,0.008237,-0.020356
0.004405,0.015914,-0.020787
0.000910,0.015888,-0.023168
-0.000787,0.011785,-0.021026
-0.001301,0.004378,-0.017741
-0.002394,-0.010642,-0.012886
-0.004004,-0.026320,-0.001818
-0.004387,-0.038613,0.006679
-0.003949,-0.051542,0.012570
-0.005604,-0.053573,0.018812
-0.004986,-0.054920,0.022973
-0.007273,-0.049674,0.027254
-0.007142,-0.043384,0.026786
-0.007501,-0.034276,0.025129
-0.006532,-0.026910,0.022170
-0.005016,-0.022563,0.019927
-0.002965,-0.014445,0.011528
-0.001153,-0.015203,0.007231
0.000435,-0.014899,-0.000485
0.000311,-0.012730,-0.008821
0.001103,-0.013656,-0.006819
-0.000460,-0.014642,-0.008050
-0.001852,-0.010732,-0.010700
-0.003183,-0.007970,-0.012483
-0.002909,0.001795,-0.015147
-0.003943,0.011708,-0.021076
-0.001033,0.014399,-0.025714
0.000085,0.021788,-0.027217
0.000379,0.017275,-0.028078
-0.003364,0.012624,-0.024892
-0.002530,0.007891,-0.024299
-0.001655,0.002043,-0.019169
-0.001865,-0.003157,-0.015946
-0.001030,-0.002471,-0.012566
-0.001472,0.002380,-0.014424
0.000935,0.006367,-0.014188
-0.001598,0.012017,-0.014740
0.000966,0.015317,-0.014726
-0.000074,0.020001,-0.010220
0.000348,0.018031,-0.009392
0.000433,0.017125,-0.009013
0.000334,0.011894,-0.005406
0.000928,0.005836,-0.004998
0.000235,0.000742,-0.001387
-0.000163,-0.006548,0.007663
-0.002691,-0.008565,0.012880
-0.005343,-0.007787,0.020524
-0.004961,-0.005849,0.026488
-0.007347,0.002317,0.029821
-0.007736,0.009069,0.033583
-0.008375,0.010306,0.035421
-0.007272,0.011108,0.036112
-0.007459,0.000150,0.039062
-0.006481,-0.010617,0.046369
-0.005113,-0.028065,0.052742
-0.003580,-0.035484,0.055170
-0.002181,-0.037091,0.053465
-0.001353,-0.035785,0.054077
-0.002880,-0.025624,0.049553
-0.000319,-0.014306,0.046795
-0.000309,-0.000179,0.044009
0.000362,0.011807,0.041119
0.001310,0.023122,0.031332
0.005786,0.033328,0.018600
0.005591,0.036046,0.011931
0.006414,0.029757,0.006188
0.008801,0.014760,0.000535
0.005349,-0.006800,-0.000261
0.002898,-0.029622,0.000505
0.001951,-0.043753,0.004235
-0.001987,-0.053650,0.003188
-0.004808,-0.053156,0.004302
-0.004757,-0.048044,0.008007
-0.003908,-0.038602,0.007735
-0.003412,-0.029017,0.008796
-0.004241,-0.020164,0.010555
-0.004140,-0.015237,0.007942
-0.001950,-0.008248,0.005252
-0.001574,-0.011052,0.006955
0.000275,-0.008805,0.003048
0.000700,-0.007454,0.002503
0.000871,-0.003166,-0.001075
-0.001024,0.000328,-0.002644
0.000969,0.003883,-0.005826
-0.000548,0.002529,-0.007138
0.003456,0.002512,-0.007804
0.005816,0.004317,-0.007297
0.004495,0.003732,-0.009379
0.000472,0.004793,-0.008399
0.000686,0.004316,-0.010682
-0.001457,-0.000842,-0.009682
-0.001876,-0.002607,-0.003277
-0.001432,-0.001949,-0.000072
-0.001430,0.000304,0.004350
0.000663,0.010545,0.007377
0.002278,0.019949,0.009058
0.003261,0.030866,0.006165
0.004292,0.039739,0.003281
0.002923,0.045823,-0.001536
0.003748,0.041901,-0.004219
0.002153,0.038596,-0.006918
0.005380,0.031109,-0.009634
0.005632,0.027765,-0.014040
0.005461,0.023195,-0.017309
0.003202,0.015317,-0.019170
0.000737,0.009209,-0.021303
-0.001632,0.002989,-0.018752
-0.005251,-0.005908,-0.018897
-0.008556,-0.010483,-0.011133
-0.009983,-0.012429,-0.005342
-0.009888,-0.012140,-0.001915
-0.007870,-0.011106,0.001428
-0.006489,-0.009831,0.002661
-0.004879,-0.008235,0.005692
-0.003935,-0.002792,0.001732
-0.004079,0.003000,-0.004485
-0.001247,0.007198,-0.008624
-0.002069,0.017688,-0.015086
-0.001445,0.024005,-0.021498
0.000404,0.031481,-0.025335
-0.000063,0.039771,-0.030646
0.001185,0.046431,-0.033998
0.001314,0.051820,-0.030224
-0.001597,0.055402,-0.029906
-0.001970,0.048567,-0.025169
-0.003154,0.041468,-0.018463
-0.002751,0.031217,-0.013167
-0.003245,0.017291,-0.011836
-0.000813,0.004107,-0.007923
0.001096,-0.010487,-0.005275
0.003610,-0.018300,-0.002537
0.003034,-0.029760,-0.001527
0.002464,-0.039595,0.001735
0.000498,-0.037458,0.004279
0.000537,-0.034023,0.007885
-0.000410,-0.022286,0.005337
0.000922,-0.010878,0.001890
-0.000359,0.001951,-0.005854
-0.000442,0.013449,-0.004870
0.001098,0.017786,-0.010167
0.001418,0.014080,-0.005802
0.000106,0.008613,-0.007727
0.000449,0.001025,-0.004326
0.001711,-0.007558,-0.005099
0.000386,-0.010439,-0.004924
0.000398,-0.010293,-0.001076
-0.002214,-0.007534,0.000146
-0.002769,-0.004739,0.000866
-0.003859,-0.001058,-0.000087
-0.006262,0.004503,-0.000684
-0.006178,0.004717,0.001864
-0.005607,0.002012,0.003448
-0.003779,-0.007135,0.003498
-0.003313,-0.012530,0.010682
-0.001862,-0.022740,0.009186
-0.000855,-0.031996,0.006755
0.000373,-0.036501,0.008775
0.000820,-0.041971,0.009401
0.001802,-0.041078,0.008560
0.000795,-0.032188,0.001883
0.000007,-0.026091,-0.004854
0.001426,-0.018796,-0.011316
-0.000070,-0.008263,-0.016324
0.002120,0.002522,-0.021416
0.003243,0.005890,-0.024980
0.002218,0.010404,-0.027598
0.001691,0.009967,-0.029027
0.001607,0.005294,-0.033180
-0.000027,-0.000836,-0.033001
0.001239,-0.004205,-0.031441
0.000114,-0.009080,-0.030734
-0.002933,-0.010954,-0.025163
-0.003223,-0.008051,-0.028147
-0.004881,-0.006361,-0.025387
-0.005098,-0.005379,-0.026783
-0.001981,-0.007928,-0.025435
-0.002546,-0.015719,-0.020395
-0.003108,-0.026982,-0.015395
-0.001423,-0.041188,-0.011668
-0.000920,-0.055062,-0.009564
-0.002091,-0.065372,-0.008773
-0.000080,-0.067062,-0.004677
-0.002159,-0.061990,-0.003224
-0.000361,-0.052935,-0.007913
-0.001444,-0.033960,-0.009476
0.000115,-0.013237,-0.013312
-0.003419,0.003053,-0.005483
-0.002018,0.012599,-0.007404
-0.002367,0.019597,-0.010298
-0.001414,0.019265,-0.012639
-0.000126,0.017430,-0.014009
0.000208,0.006266,-0.010048
-0.000036,-0.009993,-0.008857
-0.000214,-0.023046,-0.001916
-0.001675,-0.034872,0.002620
-0.001524,-0.041296,0.006241
-0.004060,-0.039206,0.008911
-0.002168,-0.037047,0.011938
-0.003117,-0.027456,0.011243
-0.002555,-0.015270,0.008796
-0.002452,-0.005769,0.007155
-0.000036,-0.000939,0.001529
0.001034,-0.001085,-0.001365
0.001035,-0.007388,0.000438
0.001278,-0.017072,-0.007644
0.001504,-0.025110,-0.007752
0.001917,-0.029014,-0.012162
0.001423,-0.026927,-0.011215
-0.001146,-0.029073,-0.011227
-0.001716,-0.022293,-0.007998
-0.002610,-0.017947,-0.006562
-0.006986,-0.010449,-0.004203
-0.005530,-0.002242,-0.009191
-0.004944,0.000794,-0.008890
-0.003108,0.003317,-0.010059
-0.001175,0.000857,-0.010299
0.000207,-0.007049,-0.009698
-0.000887,-0.014101,-0.008100
-0.000599,-0.023273,-0.002250
-0.001251,-0.027250,-0.003376
-0.001649,-0.029912,-0.002920
0.000723,-0.025177,-0.002037
0.000455,-0.020023,-0.005331
-0.001290,-0.011280,-0.006903
-0.000164,-0.003495,-0.011629
-0.000026,0.000699,-0.010143
0.000440,0.005187,-0.015080
-0.001488,0.000368,-0.013806
-0.001000,-0.003104,-0.008435
-0.001120,-0.009872,-0.007928
-0.002887,-0.013820,-0.004787
-0.001049,-0.020614,-0.002881
-0.001501,-0.018997,-0.000440
0.001201,-0.015042,-0.002494
-0.002318,-0.011470,-0.002663
-0.001735,-0.009503,-0.002829
-0.002031,-0.009983,-0.004261
-0.002171,-0.006196,-0.005192
-0.003554,-0.012597,-0.002534
-0.000385,-0.014295,-0.000247
-0.000456,-0.020341,-0.000545
-0.000716,-0.019376,0.003981
-0.001462,-0.021648,0.002456
-0.002597,-0.019927,0.003013
-0.002992,-0.017246,0.004473
-0.001180,-0.014511,0.001472
0.001153,-0.006358,-0.002748
-0.000115,0.000264,-0.004117
0.000985,0.003422,-0.012000
0.000856,0.012355,-0.009084
-0.000002,0.009968,-0.009322
-0.001527,0.006242,-0.008402
-0.001309,0.005771,-0.013419
-0.001146,0.003594,-0.010835
-0.000045,-0.003745,-0.014784
-0.000651,-0.008562,-0.010007
0.000505,-0.015727,-0.007932
0.000699,-0.019030,-0.006151
-0.000505,-0.019404,-0.007954
-0.001305,-0.022812,-0.007727
-0.001961,-0.022915,-0.002944
-0.004332,-0.022790,-0.001140
-0.003566,-0.018053,-0.000672
-0.003252,-0.014831,-0.000401
-0.001677,-0.006066,-0.003910
-0.001051,0.000843,-0.003390
-0.000995,0.005321,-0.004423
-0.000301,0.005756,-0.003206
0.000204,0.005350,-0.009081
0.000285,0.003829,-0.011995
-0.000547,0.001141,-0.009134
-0.001492,-0.007136,-0.001982
-0.003621,-0.012902,0.008564
-0.004820,-0.015713,0.010772
-0.005413,-0.012838,0.012588
-0.004680,-0.009718,0.015568
-0.002429,-0.004053,0.014870
-0.003113,-0.002006,0.011967
-0.001130,0.003682,0.011633
0.000350,0.001795,0.010692
0.000107,-0.004880,0.011495
-0.000946,-0.007727,0.013989
0.000681,-0.013776,0.017564
0.000519,-0.011250,0.014803
-0.001043,-0.003609,0.015839
-0.001260,0.002756,0.013655
-0.002043,0.013004,0.011353
-0.002160,0.025485,0.010394
-0.002538,0.030736,0.005773
-0.001938,0.032550,0.005732
-0.002132,0.029790,0.007035
-0.002828,0.024253,0.010655
-0.001982,0.014248,0.013631
-0.000679,0.004849,0.017237
-0.000232,0.002326,0.020695
-0.000588,-0.001397,0.018401
-0.001570,-0.001834,0.019200
-0.001911,-0.003883,0.015266
-0.001279,-0.004111,0.015360
-0.000868,0.000966,0.015251
0.000859,0.000728,0.013069
-0.000934,0.003033,0.007770
-0.000851,0.002082,0.006936
0.000372,0.002301,0.006472
-0.000006,0.001181,0.003849
0.000436,-0.000370,0.005927
-0.001495,0.000067,0.005593
-0.003189,0.000671,-0.000622
-0.002051,0.001405,0.002576
-0.001234,0.002666,0.000006
-0.000310,0.009404,-0.000205
-0.000855,0.017232,-0.002800
-0.000204,0.026739,-0.007240
0.000297,0.028976,-0.005801
-0.001054,0.034835,-0.004083
-0.002621,0.035537,-0.003229
-0.001135,0.034018,-0.002477
0.000178,0.028173,-0.003867
0.000916,0.024951,-0.004136
0.000897,0.007598,-0.002346
0.001218,0.000113,0.003496
0.001970,-0.008871,0.003263
0.000068,-0.014142,0.004203
0.000485,-0.017214,0.007141
-0.002903,-0.018938,0.008747
-0.001774,-0.014153,0.007750
-0.001458,-0.007446,0.009416
-0.001070,-0.002299,0.007428
-0.003015,0.002880,0.006775
-0.001055,0.006774,0.006291
-0.000361,0.011536,0.006421
0.000333,0.009685,0.004388
0.002765,0.006759,0.001686
-0.000591,0.000374,-0.001134
0.002924,0.000209,-0.006645
0.000499,-0.004569,-0.006916
-0.001615,-0.006979,-0.006189
-0.000427,-0.010236,-0.000511
-0.002395,-0.008149,0.005078
-0.006293,-0.000460,0.003887
-0.005326,0.001124,0.007535
-0.006323,0.013518,0.007848
-0.002846,0.022195,0.003602
-0.003032,0.023121,0.006501
-0.002923,0.021496,0.003010
-0.001137,0.014960,0.004159
-0.001053,0.006838,0.004984
-0.001498,-0.005538,0.006671
-0.001926,-0.012436,0.012444
-0.001689,-0.016137,0.014981
-0.000991,-0.014862,0.009371
0.000127,-0.009778,0.007560
0.000510,-0.001830,0.004679
0.001183,0.007566,0.000068
-0.002247,0.011223,-0.001494
-0.001554,0.015954,-0.002973
-0.000563,0.015183,-0.002174
-0.000223,0.009176,-0.000771
-0.000660,0.005203,-0.002180
0.000264,0.005559,-0.002664
0.000509,-0.000090,-0.000026
-0.000415,-0.005117,-0.000593
-0.002091,-0.004591,0.004576
-0.000440,-0.008675,0.002862
-0.000022,-0.002671,0.002352
0.000519,0.001317,0.000375
-0.002947,0.003769,-0.000287
-0.003055,0.003005,0.000769
-0.000976,0.000430,0.002276
-0.004668,0.000786,0.003368
-0.004692,-0.006007,0.004564
-0.001238,-0.009432,0.006328
-0.000596,-0.010744,0.008385
-0.002247,-0.007471,0.010072
-0.000589,-0.002826,0.007138
-0.001566,0.012531,0.003850
-0.000847,0.018793,0.001542
-0.000602,0.025841,-0.003119
-0.000041,0.030784,-0.003173
-0.000093,0.031054,-0.002878
0.001371,0.026663,-0.001357
0.002096,0.021581,-0.002635
0.001075,0.012177,-0.002045
-0.000560,-0.000955,-0.000667
0.000735,-0.007428,-0.002377
-0.001274,-0.021039,-0.001084
-0.001155,-0.024670,0.000352
-0.002201,-0.029218,0.004743
-0.002875,-0.025566,0.008327
-0.002528,-0.021549,0.012604
-0.003560,-0.012792,0.010381
-0.002184,-0.004876,0.008208
-0.001913,0.006366,0.006427
0.001237,0.015224,0.000594
0.000453,0.021794,-0.005944
0.001848,0.018330,-0.006938
0.002578,0.011562,-0.008711
0.000446,0.001944,-0.008330
0.001479,-0.006634,-0.009962
0.000608,-0.017812,-0.012114
-0.000812,-0.016491,-0.004179
-0.002254,-0.019689,-0.001232
-0.004424,-0.013328,0.006264
-0.008757,-0.007298,0.006126
-0.005901,0.001476,0.004514
-0.004417,0.010295,0.004412
-0.003710,0.020021,0.004683
-0.000280,0.020198,0.001622
0.000380,0.016130,0.000351
-0.000943,0.008044,0.001617
0.001701,-0.000688,0.000173
0.000700,-0.008699,0.003727
0.001015,-0.020166,0.005071
-0.001883,-0.020344,0.005809
0.000635,-0.018983,0.007030
0.000741,-0.009782,0.005213
-0.001011,-0.002726,-0.000140
-0.000855,0.007124,-0.003388
0.000376,0.011018,-0.004510
-0.001506,0.013318,-0.004096
-0.000106,0.006744,-0.004753
-0.001769,0.005148,-0.003327
-0.003842,-0.000028,-0.001347
-0.002346,-0.002429,0.000790
-0.003482,-0.006993,0.004744
-0.000189,-0.006693,0.004741
-0.000773,-0.003384,0.005112
0.000942,-0.001350,0.002850
-0.000098,0.004373,0.003702
-0.002081,0.004991,-0.001723
-0.001012,0.006259,-0.002828
-0.001107,0.002713,-0.001454
-0.000274,0.000610,0.001580
-0.002496,-0.001088,0.002699
-0.001843,0.001514,-0.002897
-0.001564,0.004135,0.001602
-0.000091,0.002260,0.001325
-0.000918,0.001311,0.002834
-0.003934,-0.001363,0.002953
-0.004686,-0.006683,0.001486
-0.000275,-0.005188,0.003378
-0.000118,-0.006429,0.005479
0.000219,-0.002464,0.005181
-0.000092,0.001892,0.002094
-0.001474,0.010990,-0.002476
0.000070,0.017275,-0.005523
-0.001209,0.020463,-0.005154
0.000630,0.021742,-0.000650
-0.000562,0.019332,-0.000180
0.000179,0.017027,-0.002089
0.001296,0.010851,-0.005564
0.000526,0.001628,-0.004884
-0.000368,-0.003386,-0.002648
-0.002190,-0.013468,-0.000844
-0.002745,-0.022537,-0.001229
-0.002650,-0.026765,-0.001219
-0.000889,-0.025635,0.004282
-0.002316,-0.021896,0.009410
-0.002541,-0.014467,0.011127
-0.002743,-0.006399,0.012884
-0.001936,0.004536,0.007990
-0.003211,0.016027,0.000559
-0.001450,0.024359,-0.004270
0.000179,0.026531,-0.003524
0.000837,0.015941,-0.008689
0.002425,0.000761,-0.008444
0.002358,-0.011945,-0.007311
0.002307,-0.022707,-0.008679
0.000923,-0.024525,-0.005679
-0.002209,-0.024509,-0.003198
-0.005653,-0.019531,0.000685
-0.006026,-0.006888,0.002671
-0.005805,0.006908,0.003226
-0.006412,0.020346,0.000927
-0.004737,0.028368,-0.005509
-0.001297,0.032947,-0.006982
-0.000344,0.024704,-0.008852
0.002883,0.011731,-0.003916
0.002660,-0.004869,-0.009679
0.002790,-0.015992,-0.001976
0.001703,-0.024558,-0.004947
0.001479,-0.025277,-0.005837
0.000193,-0.018694,-0.008488
-0.001642,-0.005333,-0.010726
-0.000938,0.004388,-0.015278
-0.003354,0.011726,-0.015300
-0.002888,0.019984,-0.017620
-0.002765,0.018228,-0.017274
-0.003107,0.014663,-0.012567
-0.002552,0.003087,-0.008348
-0.002881,-0.008708,-0.006823
-0.003093,-0.020053,-0.003490
-0.002340,-0.019532,-0.002484
-0.003207,-0.018333,-0.001313
-0.001413,-0.017752,-0.004814
-0.000471,-0.010185,-0.009911
-0.001075,-0.005361,-0.009990
-0.001075,-0.004802,-0.009938
0.000888,-0.003806,-0.012297
0.001788,-0.005580,-0.011418
0.001649,-0.006932,-0.012447
0.000920,-0.007684,-0.011907
-0.000055,-0.008518,-0.009767
-0.002918,-0.006486,-0.007030
-0.000707,-0.005942,-0.010887
-0.002653,-0.002199,-0.009730
-0.001320,0.000930,-0.013033
-0.000768,0.000922,-0.010534
-0.001262,-0.000930,-0.007332
-0.003423,-0.002182,-0.007077
-0.003034,-0.009043,-0.006331
-0.003257,-0.015464,-0.007255
-0.001680,-0.018417,-0.005166
-0.000002,-0.018980,-0.003958
0.000236,-0.013041,-0.005531
0.000645,-0.005435,-0.009334
-0.001521,0.004624,-0.010865
-0.003069,0.016640,-0.014588
-0.002392,0.020453,-0.015468
-0.003151,0.023476,-0.012429
-0.002633,0.018679,-0.013223
-0.001976,0.012154,-0.012804
-0.001232,0.006219,-0.010865
0.001268,-0.003916,-0.010991
0.000139,-0.018976,-0.006562
-0.001141,-0.025554,-0.004161
-0.002240,-0.032251,-0.002952
-0.002479,-0.035052,0.000868
-0.002279,-0.033275,-0.001757
-0.001904,-0.026676,0.001516
-0.004157,-0.019085,0.000832
-0.002965,-0.009578,-0.000395
-0.002262,0.000927,-0.002805
0.002189,0.012040,-0.007356
0.001206,0.016062,-0.010018
0.001678,0.013294,-0.013092
0.000372,0.004286,-0.014674
0.001472,-0.003724,-0.014206
0.001924,-0.015838,-0.014750
-0.002205,-0.019262,-0.012198
-0.002280,-0.024996,-0.003528
-0.003345,-0.021688,0.002391
-0.005829,-0.017976,0.004273
-0.006082,-0.010167,0.000831
-0.004828,0.000412,0.003692
-0.001790,0.004683,-0.000981
-0.002026,0.006833,0.000233
0.000187,0.002557,0.001323
-0.001269,-0.006834,-0.001469
-0.000010,-0.013961,-0.002183
-0.000649,-0.025179,0.003191
-0.001727,-0.026279,0.006284
-0.000885,-0.025014,0.001351
-0.001561,-0.016933,0.000331
-0.000948,-0.004829,-0.002860
0.000617,0.004632,-0.008272
-0.000588,0.010034,-0.009183
-0.002605,0.014149,-0.009710
-0.000865,0.010262,-0.011302
-0.003092,0.003961,-0.009185
-0.002167,-0.003379,-0.006968
-0.002695,-0.006406,-0.005305
-0.002280,-0.011314,-0.001855
-0.000891,-0.011975,-0.000681
-0.001112,-0.013605,-0.003529
-0.002091,-0.005310,-0.004557
-0.003884,-0.000950,-0.003076
-0.001829,0.002442,-0.003684
-0.000539,0.004777,-0.004504
-0.001239,0.004203,-0.003995
-0.001157,0.005266,-0.002319
-0.000838,-0.003892,-0.001528
-0.000704,-0.007135,0.001538
-0.001142,-0.007708,-0.000065
0.000381,-0.013612,0.001918
-0.001129,-0.012563,-0.002211
0.000853,-0.014962,-0.000675
0.001439,-0.010063,0.000938
0.001500,-0.007629,-0.003350
0.000701,-0.004166,-0.000749
-0.002404,-0.001214,-0.002997
-0.004340,-0.000789,-0.005267
-0.001907,0.003205,-0.005304
-0.001137,0.007227,-0.009599
0.001619,0.002889,-0.004303
0.001112,0.006334,-0.009943
-0.000623,0.008865,-0.007237
-0.003178,0.009652,-0.007479
-0.004064,0.009836,-0.003409
-0.004506,0.007576,-0.007787
-0.004562,0.005652,-0.003279
-0.004803,0.001583,-0.000284
-0.001501,-0.007466,0.002332
0.000153,-0.014255,0.004224
0.000162,-0.017588,0.003551
-0.002206,-0.019092,0.003714
-0.002290,-0.020150,0.002574
-0.003422,-0.022710,0.003577
-0.001479,-0.020898,0.006653
-0.001293,-0.017412,0.007090
-0.002148,-0.007820,0.004885
-0.000594,-0.003690,0.003636
-0.000850,0.002834,-0.004645
0.000365,0.005127,-0.007596
0.001285,-0.002828,-0.009147
0.002120,-0.007754,-0.011559
0.003659,-0.015995,-0.016189
0.002854,-0.017167,-0.020816
-0.000632,-0.016132,-0.019156
-0.003391,-0.013766,-0.015201
-0.005099,-0.008958,-0.008254
-0.006562,0.000398,-0.005022
-0.005668,0.009829,-0.005334
-0.007648,0.017999,-0.004617
-0.005925,0.025306,-0.006249
-0.002561,0.027201,-0.007143
-0.002428,0.021309,-0.006525
-0.002763,0.013154,-0.002905
0.000419,0.001343,-0.000719
0.000172,-0.007423,0.003510
-0.001876,-0.012041,0.006229
-0.001214,-0.014395,0.006354
0.001890,-0.012062,0.006133
0.000837,-0.003786,0.001181
0.002098,0.001115,-0.002024
0.001385,0.002796,-0.001859
-0.000133,0.002244,-0.005378
0.000931,0.002328,-0.005451
-0.001487,0.003479,-0.004709
-0.002116,-0.001361,-0.004856
-0.002175,0.002145,-0.004251
-0.002143,0.002566,0.001895
-0.001129,0.000252,0.000741
-0.000088,0.004773,0.003801
-0.002123,0.005518,0.001553
0.000291,0.000252,0.000108
-0.001375,-0.007272,0.000367
0.000636,-0.015273,-0.002476
0.001316,-0.025178,-0.000303
0.001431,-0.028581,-0.003998
0.003000,-0.029710,-0.006145
0.003608,-0.023948,-0.004167
0.000169,-0.022916,-0.006583
-0.000452,-0.013601,-0.011472
0.000213,-0.008021,-0.013416
-0.000224,0.000327,-0.017709
0.000856,0.008218,-0.023813
0.001181,0.008731,-0.023416
-0.001177,0.001211,-0.022468
0.000726,-0.009354,-0.021413
-0.000379,-0.021327,-0.017315
-0.001121,-0.027984,-0.016346
-0.000081,-0.032392,-0.013595
-0.003141,-0.030533,-0.011864
-0.006305,-0.024792,-0.009643
-0.007110,-0.013527,-0.012498
-0.008107,-0.001212,-0.013689
-0.006533,0.005915,-0.015680
-0.005493,0.005098,-0.015810
-0.003525,-0.001757,-0.007484
-0.001681,-0.013757,-0.000067
-0.003273,-0.025619,0.010395
-0.003057,-0.038120,0.013638
-0.003130,-0.048058,0.012227
-0.003055,-0.056436,0.011372
-0.003291,-0.059433,0.013483
-0.000636,-0.062451,0.014228
0.000913,-0.068165,0.013733
0.001568,-0.064091,0.011596
0.002500,-0.058743,0.005255
0.004613,-0.047489,-0.002133
0.005047,-0.040345,-0.005785
0.005417,-0.033794,-0.011576
0.003099,-0.031061,-0.015758
0.002135,-0.033097,-0.016151
-0.001528,-0.025493,-0.020134
-0.001524,-0.019992,-0.024838
-0.003628,-0.003310,-0.020227
-0.004922,0.014244,-0.018903
-0.009352,0.029326,-0.013827
-0.012880,0.037784,-0.007905
-0.011957,0.039623,-0.004541
-0.010060,0.029655,-0.004412
-0.004208,0.012862,0.005068
0.000687,-0.003325,0.008540
0.003078,-0.031634,0.013364
0.003704,-0.058608,0.022705
0.001833,-0.084933,0.032655
-0.001545,-0.100130,0.038242
-0.001744,-0.093394,0.037196
-0.001560,-0.072627,0.029557
-0.002506,-0.039714,0.014323
-0.000660,-0.007175,0.004564
-0.000518,0.017276,-0.003484
-0.002183,0.024847,-0.005723
-0.004774,0.014652,-0.006061
-0.004717,-0.007563,0.004096
-0.005591,-0.034646,0.009016
-0.002433,-0.055072,0.020557
-0.000081,-0.065318,0.027773
0.000947,-0.063293,0.031366
-0.000098,-0.049723,0.025191
-0.001055,-0.029282,0.015783
-0.005549,-0.007599,0.008119
-0.005365,0.014994,-0.001303
-0.006339,0.033266,-0.003876
-0.006716,0.039204,-0.006110
-0.008249,0.044090,0.000475
-0.006430,0.037748,0.009161
-0.005308,0.034629,0.017060
-0.003889,0.024636,0.022993
-0.001893,0.013642,0.029527
-0.002596,0.002824,0.031357
-0.002522,-0.006366,0.037740
-0.000342,-0.017288,0.035891
0.000736,-0.019072,0.034982
0.003008,-0.015959,0.031441
0.004699,-0.003055,0.025503
0.002697,0.017661,0.014557
0.001898,0.037357,0.008137
0.001483,0.056634,0.003781
0.003035,0.072439,0.001413
-0.000528,0.076248,0.003299
0.001155,0.073902,0.000125
0.000064,0.064634,0.000520
0.003750,0.049342,0.003801
0.006022,0.024436,0.010469
0.004132,0.004232,0.012333
0.003235,-0.011290,0.018561
0.001494,-0.019013,0.022523
-0.001165,-0.020906,0.022792
-0.002911,-0.018051,0.019215
-0.003074,-0.014612,0.012336
-0.003110,-0.009404,0.009726
-0.001558,-0.010768,0.005002
-0.000192,-0.014859,0.005013
0.000113,-0.022555,0.007090
-0.003161,-0.030233,0.009477
-0.004681,-0.046607,0.015055
-0.005981,-0.056114,0.019497
-0.005200,-0.059859,0.024695
-0.005576,-0.060318,0.023848
-0.006640,-0.048619,0.021831
-0.006933,-0.027160,0.017665
-0.006543,-0.007842,0.015923
-0.005117,0.013851,0.014430
-0.003265,0.033031,0.009673
-0.005623,0.048111,0.008912
-0.005751,0.049904,0.004449
-0.004147,0.044638,0.007401
-0.002710,0.032761,0.012550
-0.000184,0.012888,0.019458
0.002440,-0.011655,0.025802
0.002056,-0.034079,0.027934
0.002043,-0.059549,0.030691
0.002267,-0.072588,0.033755
0.003547,-0.078544,0.033514
0.002702,-0.067801,0.035871
0.002959,-0.046862,0.025956
0.003393,-0.019251,0.023346
0.002110,0.014299,0.013755
-0.000917,0.050712,0.007534
-0.003333,0.081053,-0.002597
-0.001189,0.100204,-0.009030
-0.000242,0.106640,-0.006953
0.002074,0.108631,-0.006306
0.002316,0.098639,-0.004379
0.003629,0.078733,-0.004465
0.002220,0.054886,-0.003203
0.004035,0.029043,0.002225
0.003515,0.000620,0.007669
0.000233,-0.019927,0.016042
-0.001974,-0.034719,0.014672
-0.001639,-0.037411,0.015471
-0.000569,-0.039220,0.013559
-0.000336,-0.031064,0.012873
0.000426,-0.019161,0.003816
-0.001743,-0.009023,-0.005559
-0.003552,-0.010480,-0.013169
-0.000369,-0.013570,-0.017673
-0.003951,-0.022014,-0.017205
-0.002959,-0.023318,-0.009851
-0.006192,-0.014749,-0.004124
-0.013297,0.009172,-0.001472
-0.020523,0.044865,-0.004256
-0.021686,0.077918,-0.011451
-0.017522,0.109150,-0.015493
-0.011409,0.132176,-0.017292
-0.008388,0.136908,-0.018886
-0.007215,0.115387,-0.014062
-0.007845,0.067931,-0.000711
-0.007618,-0.000645,0.016584
-0.007196,-0.068525,0.044579
-0.015813,-0.124188,0.081555
-0.025350,-0.173385,0.113024
-0.031233,-0.223037,0.134395
-0.037170,-0.261693,0.166968
-0.039618,-0.275409,0.196085
-0.030766,-0.255292,0.216043
-0.019727,-0.221998,0.234071
-0.006739,-0.194080,0.246362
0.003452,-0.179987,0.246948
0.012421,-0.173203,0.245175
0.016753,-0.180516,0.246249
0.019431,-0.185734,0.244054
0.018221,-0.181912,0.241226
0.019323,-0.167035,0.220954
0.022254,-0.136419,0.195909
0.008066,-0.102779,0.169109
-0.019674,-0.086305,0.146868
-0.055151,-0.118923,0.145985
-0.063686,-0.237845,0.173593
-0.061687,-0.400714,0.260144
-0.059207,-0.566776,0.375105
-0.048694,-0.714485,0.473298
-0.031749,-0.839162,0.524302
-0.002035,-0.965691,0.561824
0.005048,-1.078936,0.565874
0.019461,-1.243315,0.551547
0.024827,-1.488861,0.548097
0.009511,-1.819138,0.559900
-0.009354,-2.261851,0.581390
-0.014753,-2.822495,0.584069
0.001660,-3.424910,0.600572
0.037748,-4.085795,0.656477
0.053524,-4.717340,0.776756
0.056173,-5.218826,0.905452
0.085356,-5.828172,0.950070
0.121052,-6.310560,1.058141
0.078229,-6.411163,1.091443
0.062968,-6.152511,0.998029
0.044068,-5.598135,0.880851
0.019065,-4.811372,0.698881
0.015362,-3.964152,0.490413
0.015263,-2.990843,0.380496
0.030088,-2.094964,0.297677
-0.093383,-1.232664,0.330029
-0.028283,-0.915273,-0.174216
0.086467,-0.814200,-0.291262
-0.014933,-0.672613,-0.177288
-0.017225,-0.632050,-0.263337
0.019847,-0.710609,-0.168059
0.005132,-0.899139,-0.053460
0.015484,-0.905071,0.108477
-0.038799,-0.779396,-0.019682
0.006906,-0.717692,-0.254552
0.029880,-0.600266,-0.288505
-0.003513,-0.345985,-0.361621
-0.001370,-0.026823,-0.433025
-0.012182,0.328837,-0.424847
-0.028312,0.761566,-0.412303
-0.041389,0.820588,-0.537402
-0.064749,0.459502,0.163358
-0.050991,0.548441,0.096071
-0.060443,0.739970,-0.200700
-0.042454,0.859746,-0.243543
-0.008977,1.094507,-0.175138
0.004514,1.525430,-0.153212
0.004186,1.786545,-0.281346
0.050515,1.867699,-0.423181
0.047801,2.303583,-0.515571
0.039987,3.393408,-0.497472
0.101429,5.296377,-0.278545
0.158548,5.632972,0.340533
0.170906,5.058739,-0.284416
0.129263,5.327332,-1.320212
0.174425,4.961422,-0.631841
0.044347,4.345083,0.112938
0.059275,4.259073,-1.115360
0.069348,3.986051,-0.537200
0.005133,3.454665,0.357330
0.008029,3.026535,-0.270148
-0.037984,2.524484,-0.658044
-0.083743,1.851921,-0.519424
-0.102146,1.316435,-0.479193
-0.135375,1.138087,-0.361133
-0.155945,1.207461,-0.149468
-0.170407,1.498817,0.041686
-0.195696,2.046141,0.183503
-0.175470,2.604773,0.189036
-0.114910,3.067763,0.278732
-0.089111,3.469843,0.361182
-0.066269,3.812051,0.260770
0.042985,3.910839,0.104469
0.132299,3.698775,-0.007106
0.179642,3.360016,-0.096043
0.161281,3.120750,-0.211075
0.180881,2.823471,-0.379746
0.185251,2.369002,-0.406119
0.137831,1.798939,-0.348686
0.127995,1.216070,-0.290631
0.126170,0.705774,-0.270829
0.078020,0.553523,-0.274599
0.068725,0.701071,-0.398814
0.055124,0.968797,-0.532408
0.028234,1.199827,-0.616401
0.008656,1.387778,-0.706890
-0.000894,1.536311,-0.778974
0.005280,1.687274,-0.808308
0.008396,1.863551,-0.832920
0.025820,1.995700,-0.880223
0.030999,2.012736,-0.876103
0.017955,1.956218,-0.820630
-0.015654,1.846230,-0.761831
-0.037268,1.720374,-0.677289
-0.055395,1.605930,-0.617309
-0.051983,1.482551,-0.581941
-0.033305,1.397820,-0.555455
-0.026415,1.388647,-0.524045
-0.030266,1.436213,-0.482128
-0.033756,1.524867,-0.476339
-0.028579,1.649781,-0.495232
-0.011451,1.771811,-0.543131
0.013235,1.867529,-0.590766
0.027824,1.925905,-0.635169
0.036647,1.959354,-0.655923
0.038248,1.952919,-0.688990
0.020517,1.894789,-0.772903
-0.019028,1.714061,-0.884589
-0.064838,1.316567,-0.964931
-0.093145,0.714654,-0.817694
-0.104538,0.042513,-0.465782
-0.097691,-0.518696,-0.018734
-0.083761,-0.870691,0.350023
-0.067494,-0.953035,0.600788
-0.033358,-0.866414,0.769046
0.008921,-0.695406,0.832091
0.037435,-0.469713,0.810348
0.053121,-0.288036,0.741089
0.063024,-0.179841,0.666083
0.066835,-0.148311,0.617392
0.060946,-0.179963,0.594052
0.064482,-0.299380,0.582008
0.068575,-0.483629,0.613816
0.069976,-0.667566,0.653692
0.070819,-0.815125,0.652512
0.086616,-0.864595,0.633765
0.102700,-0.814703,0.559631
0.114164,-0.695356,0.450192
0.124841,-0.526603,0.320947
0.118579,-0.352655,0.173908
0.101297,-0.217651,0.036223
0.084021,-0.192592,-0.115174
0.060395,-0.342564,-0.212236
0.036625,-0.653561,-0.211344
0.023770,-1.072050,-0.069156
0.019852,-1.471959,0.117196
0.026464,-1.736139,0.268301
0.031231,-1.829328,0.347832
0.034508,-1.762954,0.360637
0.030240,-1.595673,0.335716
0.022971,-1.399377,0.303327
0.017922,-1.194046,0.237105
0.017262,-1.032362,0.178894
0.010508,-0.938951,0.138398
0.009868,-0.926082,0.146047
0.006764,-1.004969,0.179521
0.001053,-1.101798,0.194984
-0.003440,-1.180479,0.209180
-0.010308,-1.198691,0.211969
-0.004228,-1.155047,0.212106
-0.002595,-1.067758,0.247434
-0.006885,-0.916884,0.263684
0.065402,-0.846484,0.048456
0.078685,-1.005280,0.082121
0.102264,-1.148038,0.847484
0.218333,0.171692,-0.185222
0.156851,1.427920,-1.236352
0.096597,2.669460,-2.144120
0.004501,3.455231,-2.755170
-0.103807,2.865232,-2.100641
-0.134650,1.178075,-1.003268
-0.052929,-0.542045,-0.422673
-0.039902,-1.719453,0.228309
-0.029937,-2.510412,0.637793
-0.005402,-2.736716,0.794093
0.007385,-2.344664,0.710357
0.043511,-1.792928,0.338617
0.095154,-1.382044,0.194750
0.083108,-1.310548,0.235016
0.027099,-1.656232,0.405205
-0.070153,-2.072303,0.657866
-0.130737,-2.169879,0.810406
-0.165007,-1.834601,0.714348
-0.157912,-1.097793,0.411453
-0.122657,-0.100711,0.046763
-0.076244,0.771182,-0.254253
-0.032669,1.330152,-0.493734
0.000293,1.661244,-0.701209
0.027224,1.850373,-0.844669
0.023952,1.891547,-0.900670
0.023709,1.767860,-0.863472
0.037365,1.421938,-0.723394
0.034496,0.933365,-0.501035
0.025657,0.402218,-0.272888
0.011825,-0.039966,-0.056343
-0.006524,-0.348895,0.139149
-0.022096,-0.527381,0.272247
-0.027871,-0.643344,0.329298
-0.030013,-0.745166,0.341406
-0.023243,-0.894858,0.360413
-0.018871,-1.034618,0.405969
-0.010725,-1.171130,0.473864
0.009049,-1.259006,0.509227
0.026602,-1.221408,0.462828
0.038945,-1.037731,0.318953
0.042045,-0.757073,0.120701
0.044835,-0.472447,-0.083829
0.042321,-0.246264,-0.254300
0.032598,-0.102446,-0.397659
0.025795,-0.043095,-0.500834
0.018436,-0.041131,-0.537285
0.007309,-0.085439,-0.524630
0.005360,-0.163088,-0.463334
-0.007402,-0.248950,-0.380104
-0.003657,-0.364971,-0.279047
-0.003928,-0.455539,-0.157168
-0.010271,-0.484694,-0.051237
-0.028984,-0.434182,0.035513
-0.050963,-0.370177,0.055833
-0.051788,-0.332523,0.056853
-0.050019,-0.375496,0.047986
-0.033557,-0.505207,0.088416
-0.022711,-0.655980,0.147271
-0.007916,-0.787505,0.221663
-0.003807,-0.848946,0.284503
-0.010750,-0.804045,0.294332
-0.014965,-0.694794,0.263041
-0.017149,-0.547195,0.207238
-0.018967,-0.371176,0.149914
-0.019350,-0.172294,0.117935
-0.018007,0.041208,0.058820
0.014899,0.222711,-0.014566
0.033731,0.342290,-0.118425
0.026433,0.350930,-0.239951
0.019844,0.156924,-0.331062
0.014462,-0.236943,-0.352040
0.007489,-0.769554,-0.272478
-0.010068,-1.339337,-0.103675
-0.033295,-1.852460,0.143273
-0.040984,-2.264138,0.405824
-0.039216,-2.490649,0.604735
-0.031629,-2.540033,0.715412
-0.015673,-2.502000,0.730988
0.008840,-2.419790,0.695676
0.010477,-2.293303,0.648735
0.016893,-2.156734,0.598745
0.023666,-2.003769,0.551023
0.025256,-1.825909,0.501002
0.025423,-1.600741,0.434455
0.022013,-1.323456,0.345473
0.014496,-1.032448,0.232942
0.019469,-0.744341,0.124952
0.021680,-0.459996,0.028693
0.021641,-0.197602,-0.054602
0.022353,0.049617,-0.112322
0.023605,0.283285,-0.154253
0.027820,0.509059,-0.204084
0.023940,0.755811,-0.244443
0.024652,1.037824,-0.259047
0.021109,1.375988,-0.269995
0.028798,1.744644,-0.294408
0.026216,2.134576,-0.332265
0.028304,2.486881,-0.402196
0.031031,2.757884,-0.487156
0.036030,2.920274,-0.568543
0.042671,2.952372,-0.649652
0.050109,2.868071,-0.701938
0.047191,2.696221,-0.719329
0.039757,2.450871,-0.698890
0.027007,2.165174,-0.637782
0.012747,1.851923,-0.565213
-0.000097,1.524724,-0.466643
-0.010853,1.219168,-0.323672
-0.025578,0.964526,-0.150898
-0.034022,0.733144,-0.036271
-0.026090,0.557683,0.027369
-0.018792,0.425272,0.039904
-0.011915,0.301564,0.035258
-0.004883,0.179364,0.040829
0.001144,0.078748,0.067557
0.010677,-0.006536,0.066878
0.026920,-0.086465,0.054912
0.017161,-0.151220,0.032162
0.014167,-0.221717,0.035259
0.015005,-0.271771,0.059427
0.009927,-0.298722,0.070481
0.001037,-0.294288,0.074779
-0.014862,-0.284583,0.071129
-0.024770,-0.268908,0.049813
-0.023667,-0.253216,0.032249
-0.020416,-0.217471,0.041414
-0.016131,-0.185744,0.038820
-0.000875,-0.153072,0.032222
-0.001021,-0.117917,0.030571
0.001669,-0.087121,0.029176
0.003322,-0.055831,0.026896
0.003947,-0.040713,0.007122
0.005126,-0.031725,-0.012563
0.005666,-0.040983,-0.032815
0.006106,-0.064645,-0.052350
0.013366,-0.100447,-0.073605
0.016594,-0.154603,-0.090591
0.012582,-0.215913,-0.097123
0.003310,-0.281132,-0.095774
0.000457,-0.327673,-0.081437
0.003144,-0.336225,-0.070980
0.005940,-0.299570,-0.068704
0.011736,-0.227502,-0.094641
0.017335,-0.143030,-0.142223
0.023106,-0.065307,-0.192318
0.017914,0.000091,-0.209511
0.001831,0.046642,-0.209276
-0.009724,0.080848,-0.195572
-0.020831,0.134622,-0.149851
-0.030231,0.202582,-0.109894
-0.040256,0.317858,-0.053949
-0.050600,0.420864,-0.058752
-0.052281,0.434659,-0.076947
-0.061821,0.315381,-0.062468
-0.069109,0.037004,-0.031592
-0.045569,-0.353165,0.040575
-0.029163,-0.783792,0.128577
0.011326,-1.207501,0.234305
0.031175,-1.554469,0.351683
0.040113,-1.802088,0.452775
0.036425,-1.917512,0.526601
0.026162,-1.903869,0.569769
0.011687,-1.791248,0.575628
0.001699,-1.619244,0.551294
0.002180,-1.414794,0.497179
0.008586,-1.192357,0.430222
0.017104,-0.947391,0.354181
0.021806,-0.663210,0.277235
0.020213,-0.324621,0.195820
0.023761,0.051694,0.088896
0.021436,0.452979,-0.043745
0.023447,0.846046,-0.186901
0.040497,1.163989,-0.347268
0.062183,1.344273,-0.526946
0.067499,1.359370,-0.655077
0.050806,1.213558,-0.714937
0.015365,0.955216,-0.678077
-0.020843,0.657005,-0.556231
-0.033647,0.374386,-0.404854
-0.036975,0.124973,-0.247581
-0.033555,-0.074710,-0.103682
-0.030194,-0.204537,0.021022
-0.022628,-0.267309,0.109791
-0.018616,-0.260802,0.157084
-0.016502,-0.200693,0.171167
-0.015463,-0.128043,0.149172
-0.009621,-0.046076,0.105351
-0.000991,0.025982,0.064339
0.006293,0.093718,0.013536
0.003896,0.145325,-0.027380
-0.009907,0.153424,-0.083825
-0.007781,0.126068,-0.089020
-0.011328,0.154174,-0.046229
0.011550,0.191290,-0.061753
0.040149,0.243549,-0.080883
0.032967,0.239016,-0.120900
0.007143,0.164182,-0.118199
-0.024083,0.046366,-0.121186
-0.012636,-0.168620,-0.156685
0.000565,-0.497412,-0.176302
0.002598,-0.932863,-0.128823
-0.004202,-1.407803,0.003314
-0.005895,-1.854099,0.169510
0.006540,-2.198040,0.324461
0.003263,-2.448384,0.443646
0.011832,-2.585014,0.563983
0.003610,-2.565073,0.639145
-0.007207,-2.369484,0.699098
-0.025568,-2.070885,0.744160
-0.034536,-1.689991,0.689731
-0.039000,-1.224048,0.507521
-0.034765,-0.727386,0.263441
-0.025027,-0.237820,0.042592
0.027586,0.163719,-0.120787
0.046520,0.522054,-0.210090
0.024131,0.789316,-0.241948
0.012575,0.907554,-0.267097
0.006299,0.982988,-0.291160
0.005421,1.100392,-0.352377
0.010183,1.207646,-0.424944
0.020310,1.234965,-0.479795
0.050414,1.168343,-0.499955
0.057389,1.020806,-0.486406
0.049531,0.830807,-0.447827
0.040240,0.620726,-0.369900
0.005206,0.398704,-0.245860
-0.052395,0.187433,-0.101466
-0.086942,-0.001908,0.043949
-0.066821,-0.121604,0.136953
-0.049845,-0.087512,0.196171
-0.027989,0.047822,0.216608
0.004833,0.146192,0.171092
0.039631,0.111898,0.098955
0.055792,0.031543,0.045194
0.048796,-0.025230,-0.006251
0.041381,-0.077458,-0.014796
0.009942,-0.134220,0.031658
-0.057351,-0.185974,0.051166
-0.065173,-0.267867,0.088901
-0.061541,-0.329231,0.139020
-0.058894,-0.266721,0.169804
-0.039358,-0.141336,0.133877
-0.002064,0.011995,0.109074
0.036697,0.115270,0.061839
0.075453,0.145927,0.014288
0.084837,0.117316,-0.012105
0.083236,0.035308,-0.031336
0.076409,-0.066415,-0.006314
0.060818,-0.148694,0.032465
0.049900,-0.188521,0.083151
0.028203,-0.189956,0.128183
-0.000126,-0.179914,0.151730
-0.042434,-0.188702,0.144965
-0.060704,-0.233698,0.112465
-0.047193,-0.291794,0.071087
-0.001385,-0.351068,-0.024905
0.048314,-0.428303,-0.019698
-0.012796,-0.287391,0.039285
-0.069018,0.084672,-0.101322
-0.108925,0.521075,-0.268752
-0.123310,0.791196,-0.365073
-0.066094,0.976535,-0.373098
-0.013690,1.104421,-0.266916
-0.048898,1.057968,-0.114434
-0.029717,0.812195,0.041436
-0.058582,0.633047,0.019818
-0.024335,0.497294,0.008109
0.021202,0.283003,0.069253
0.071427,-0.030163,0.157700
0.123407,-0.333476,0.266640
0.141133,-0.571547,0.356540
0.128250,-0.748965,0.396785
0.098522,-0.879342,0.381421
0.058619,-0.964226,0.358681
-0.004481,-0.989893,0.335590
-0.064111,-0.959294,0.313559
-0.061181,-0.920723,0.281070
-0.009750,-0.854959,0.228461
0.045312,-0.691447,0.194664
0.044168,-0.415777,0.134815
0.036687,-0.092967,0.031842
0.025121,0.226581,-0.073354
0.013630,0.519761,-0.170960
-0.001739,0.795177,-0.266894
-0.011489,1.049798,-0.372085
-0.022694,1.280877,-0.465963
-0.034657,1.451450,-0.536425
-0.039049,1.564869,-0.574681
-0.041280,1.618561,-0.591196
-0.031221,1.658490,-0.559684
-0.008700,1.662208,-0.539434
0.021770,1.684803,-0.498976
0.040308,1.765026,-0.472897
0.052936,1.895619,-0.519442
0.058758,2.029069,-0.589992
0.052541,2.077528,-0.673092
0.037335,1.971970,-0.741975
0.014124,1.682297,-0.740521
-0.010540,1.229874,-0.628054
-0.034899,0.696811,-0.406950
-0.048354,0.167506,-0.132355
-0.055618,-0.302222,0.132724
-0.052514,-0.638974,0.343838
-0.045031,-0.816107,0.489694
-0.030901,-0.864265,0.551826
-0.018221,-0.821540,0.530215
-0.004580,-0.710608,0.460444
0.003029,-0.566398,0.370069
0.010154,-0.436322,0.282092
0.011493,-0.306613,0.234975
0.007220,-0.189073,0.179746
0.012431,-0.082431,0.114778
0.014374,0.019343,0.047268
0.021011,0.115738,-0.025780
0.027803,0.188989,-0.085741
0.030554,0.224974,-0.126735
0.030926,0.231561,-0.159330
0.027006,0.222636,-0.191733
0.024072,0.205487,-0.217495
0.017067,0.193517,-0.242583
0.014556,0.171213,-0.268914
0.016010,0.135585,-0.281083
0.009831,0.095971,-0.277424
0.008077,0.037269,-0.272708
0.003112,-0.019760,-0.250210
-0.006411,-0.053062,-0.213268
-0.014405,-0.051147,-0.167902
-0.018875,-0.025211,-0.139327
-0.015830,0.024112,-0.134768
-0.015811,0.092792,-0.130029
-0.019800,0.173777,-0.114076
-0.023089,0.234117,-0.105405
-0.022945,0.287896,-0.099276
-0.022678,0.316201,-0.098084
-0.017632,0.314722,-0.093131
-0.012815,0.299593,-0.079336
-0.005205,0.276859,-0.055846
-0.000697,0.259079,-0.033783
0.000465,0.249830,-0.020539
0.002190,0.252712,-0.025573
-0.000414,0.255302,-0.034769
0.001343,0.244367,-0.048020
0.000960,0.211248,-0.056466
0.002889,0.159183,-0.066604
0.009840,0.093171,-0.064002
0.016011,0.023608,-0.059666
0.019106,-0.016057,-0.034946
0.016858,-0.033047,-0.020043
0.014775,-0.031330,-0.031856
0.007433,-0.020309,-0.047262
0.000844,0.001164,-0.047138
-0.009825,0.017094,-0.033003
-0.015155,0.031969,-0.033168
-0.015248,0.062054,-0.029818
-0.015478,0.112334,-0.033664
-0.011231,0.167756,-0.047232
-0.009396,0.226852,-0.058760
-0.010462,0.265747,-0.073257
-0.008760,0.278426,-0.083564
-0.009094,0.257899,-0.080627
-0.005911,0.210623,-0.077148
-0.001510,0.146681,-0.065456
-0.001255,0.091033,-0.050437
0.002610,0.039031,-0.036243
0.002780,-0.000094,-0.024303
0.003456,-0.029519,-0.030179
0.003543,-0.053271,-0.034905
-0.000441,-0.071036,-0.039596
-0.004179,-0.083291,-0.041956
-0.003740,-0.088905,-0.032911
-0.007797,-0.084000,-0.031606
-0.004671,-0.070653,-0.028402
-0.006233,-0.057374,-0.032310
-0.006468,-0.035865,-0.041747
-0.004285,-0.015717,-0.059302
-0.001403,0.005666,-0.065302
0.003147,0.036267,-0.058966
-0.003337,0.086848,-0.047398
-0.002688,0.134129,-0.053711
-0.001777,0.180620,-0.072947
-0.005470,0.219257,-0.084300
-0.003692,0.242197,-0.087439
-0.004552,0.244209,-0.080974
0.000179,0.235148,-0.071557
0.001777,0.226323,-0.063273
0.000261,0.222307,-0.049070
-0.000927,0.225276,-0.042156
-0.003027,0.231646,-0.048471
-0.002307,0.223900,-0.049749
-0.003743,0.211582,-0.048077
-0.003580,0.193105,-0.039032
-0.006644,0.168814,-0.032051
-0.007461,0.136905,-0.015696
-0.011966,0.115005,0.001470
-0.016502,0.102456,0.011755
-0.019571,0.101861,0.017985
-0.016600,0.115875,0.019393
-0.011862,0.130169,0.007160
-0.006577,0.145653,-0.012970
0.000856,0.154329,-0.034530
0.009347,0.136035,-0.058505
0.017468,0.091679,-0.074296
0.018244,0.038923,-0.084230
0.017445,-0.032549,-0.092008
0.014714,-0.105951,-0.095468
0.007893,-0.178373,-0.090060
0.007925,-0.248803,-0.076343
0.000266,-0.281667,-0.032575
-0.005045,-0.277061,-0.005074
-0.000620,-0.238022,-0.000322
0.002506,-0.153588,-0.018561
0.004131,-0.047593,-0.046752
0.006309,0.063085,-0.072994
0.013127,0.157847,-0.109428
0.007266,0.230041,-0.132133
