0.000418,0.002304,-0.002990
0.000383,0.004456,0.000859
0.000515,0.002524,0.001897
0.000874,0.005011,0.001691
0.001631,0.004879,0.002135
0.001166,0.002672,0.002725
-0.000469,0.008752,0.002613
-0.000418,0.008087,0.008966
-0.000440,0.008084,0.002251
-0.000730,0.007183,0.004706
-0.002089,0.004693,0.006937
0.000055,0.004413,0.006772
-0.001194,0.000590,0.004537
-0.001254,-0.000914,0.004665
-0.001355,-0.002524,0.005960
-0.000968,-0.003344,0.000752
-0.002024,-0.000379,0.000300
-0.000306,-0.000276,-0.000371
0.000693,0.001113,-0.001108
-0.001454,0.001620,0.001434
0.000454,-0.000425,0.004632
0.001937,0.002355,0.009971
0.001762,-0.002687,0.010468
0.004854,0.001197,0.011600
-0.000357,0.006036,0.008389
0.003989,0.008048,0.273325
0.009498,0.031583,0.461549
0.009476,0.033149,0.179091
-0.003584,0.021115,0.003225
-0.000368,-0.000102,0.024546
-0.001977,-0.012312,0.010246
-0.000242,-0.017836,0.005649
-0.004880,-0.007226,0.008256
-0.005441,-0.002930,0.002498
-0.007448,0.000622,0.001497
-0.005763,0.000108,-0.002716
-0.005266,-0.000977,-0.003206
-0.005388,-0.002564,-0.003689
-0.005065,-0.003866,-0.003361
-0.005482,-0.001742,-0.003247
-0.005437,-0.001253,0.002045
-0.002405,-0.001001,0.004184
-0.001281,-0.002083,0.008813
-0.001571,-0.001838,0.005760
-0.004229,0.002143,0.005266
-0.003168,0.009081,0.003395
-0.006873,0.010426,0.001420
-0.003264,0.007309,-0.004018
-0.004182,0.003399,-0.001989
-0.004736,-0.002964,-0.003031
-0.004787,-0.007641,-0.005007
-0.002574,-0.008787,-0.005461
-0.002679,-0.006301,-0.005780
-0.003592,-0.004941,-0.004585
-0.002810,-0.003632,-0.006699
-0.001351,0.000164,-0.008052
-0.001433,0.001315,-0.007329
-0.002850,0.003730,-0.004482
-0.001810,0.002871,-0.004489
0.000051,0.001542,-0.001188
-0.000266,0.007498,0.005558
-0.002517,0.004011,0.007004
-0.001375,-0.000458,0.004915
-0.002206,-0.000152,0.004463
-0.003233,-0.004746,0.002996
-0.002270,-0.003404,-0.002068
-0.001917,-0.002235,-0.003493
-0.002818,0.002443,-0.010617
-0.001476,0.001528,-0.010613
-0.003638,0.006274,-0.010458
-0.004653,0.007727,-0.011004
-0.004247,0.007507,-0.007250
-0.003793,-0.002032,-0.002176
-0.001999,-0.012996,0.003624
-0.003072,-0.022680,0.010175
-0.001718,-0.029314,0.015609
-0.001629,-0.025984,0.017998
-0.003431,-0.018168,0.016796
-0.000897,-0.007768,0.016608
0.000952,0.000317,0.014703
-0.000094,0.004692,0.012810
0.000067,0.008549,0.013303
-0.000790,0.004036,0.015707
-0.000305,0.001594,0.015206
-0.002408,-0.003035,0.014522
-0.001587,-0.006272,0.013590
-0.002024,-0.007020,0.011004
-0.001226,-0.003233,0.006785
-0.001864,0.006406,0.000826
-0.000953,0.011590,0.001282
-0.001924,0.012254,-0.001352
0.000349,0.012665,-0.003805
-0.001724,0.008637,-0.002695
0.000535,0.006806,-0.002523
-0.000898,0.009649,-0.001073
-0.000069,0.012264,-0.002180
-0.000871,0.014593,-0.002651
-0.001150,0.019077,-0.000071
-0.002992,0.016522,0.000854
-0.004488,0.013889,0.000433
-0.003532,0.006634,-0.001628
-0.003870,-0.001691,-0.004692
-0.004308,-0.002265,-0.004479
-0.003689,-0.005475,-0.001852
-0.004781,-0.002101,-0.000358
-0.004211,0.000677,-0.001701
-0.000606,0.001781,-0.003150
-0.001127,-0.001689,0.000222
0.001823,-0.002653,0.005413
0.002975,0.000034,0.005008
0.001360,0.004994,-0.000429
-0.000352,0.015775,-0.001192
-0.001801,0.018563,0.000879
-0.000992,0.021187,0.004273
-0.000709,0.016863,0.007003
0.000074,0.004286,0.007703
-0.002024,-0.006741,0.010745
-0.002763,-0.014049,0.005622
-0.003599,-0.008406,0.003223
-0.005705,-0.003082,-0.002809
-0.004337,0.000300,-0.005030
-0.003744,0.001901,-0.004593
-0.001726,-0.001806,-0.004802
-0.003147,-0.000266,-0.005469
-0.002610,-0.007874,-0.002802
-0.003544,-0.005171,0.000161
-0.001660,-0.008581,0.004035
-0.000597,-0.006295,0.003410
-0.000384,-0.008889,0.005883
-0.001284,-0.007383,0.003532
-0.004040,-0.001339,0.000122
-0.003037,0.004506,-0.001949
-0.001631,0.006056,0.000130
-0.001813,0.005111,-0.003545
-0.001195,0.005362,-0.003028
-0.001010,-0.001392,-0.002737
-0.001659,-0.008490,-0.003695
-0.001694,-0.013900,-0.003229
-0.001857,-0.009912,-0.001664
-0.001875,-0.006501,-0.003625
0.000616,0.004876,-0.006316
-0.000833,0.007721,-0.008870
-0.000861,0.007153,-0.006390
-0.001427,0.006942,-0.004333
-0.000717,0.002391,0.001216
0.000877,-0.000113,0.004817
-0.000216,-0.003437,0.004938
-0.000446,-0.002491,0.003378
-0.000736,-0.000497,0.004177
-0.002832,0.000525,0.004954
-0.002156,0.001977,0.002682
-0.000532,0.001356,0.000634
-0.002504,0.002274,-0.001756
-0.002411,0.002582,-0.004716
-0.002083,0.002857,-0.005281
-0.001625,0.000843,-0.001890
-0.003156,-0.001176,-0.005379
-0.001297,-0.006112,-0.005222
-0.000604,-0.009173,-0.004560
-0.001628,-0.004134,-0.004787
-0.003261,-0.000469,-0.006439
0.000805,0.001692,-0.004175
0.000256,0.004452,0.002679
-0.001648,0.005767,0.000438
0.001921,0.011154,-0.005051
-0.003542,0.014228,-0.001559
-0.003291,0.012358,0.000735
-0.000588,0.007491,-0.002709
-0.001394,-0.000649,-0.004522
-0.001635,-0.009744,-0.001093
-0.002286,-0.011021,-0.002944
-0.000345,-0.007767,-0.006273
-0.001571,-0.002016,-0.004543
-0.001191,0.004291,-0.007230
-0.002553,0.004982,-0.009441
-0.001214,0.003070,-0.008340
-0.001169,-0.003564,-0.006564
-0.000327,-0.007719,-0.004545
-0.000298,-0.006787,-0.000993
0.001489,-0.001412,-0.004168
-0.000159,0.003714,-0.003563
-0.001524,0.009331,-0.003445
-0.002790,0.010962,-0.003323
-0.003366,0.009261,0.001138
-0.000184,0.001784,0.003733
0.000281,-0.001099,0.005482
-0.001907,-0.002985,0.004373
-0.002993,-0.003456,0.006304
-0.002892,-0.003731,0.000923
-0.003032,-0.003616,0.000382
-0.002643,-0.003645,-0.002555
-0.002741,-0.004835,-0.005375
-0.001348,-0.007903,-0.002754
-0.001087,-0.009082,-0.000361
0.000302,-0.008323,-0.001071
0.002463,-0.010911,0.004354
0.000927,-0.008963,0.002038
-0.000976,-0.001294,-0.004367
-0.001134,0.007275,-0.006233
0.000294,0.016610,-0.004851
0.000199,0.017865,-0.001649
0.000050,0.011876,0.000923
-0.001547,0.002190,0.006767
-0.001895,-0.011090,0.006741
-0.000635,-0.015748,0.004232
-0.002189,-0.013410,-0.000260
-0.003166,-0.001456,-0.011677
-0.005048,0.006016,-0.018539
-0.003886,0.008017,-0.019125
-0.004772,0.006838,-0.018679
-0.003707,-0.000471,-0.017642
-0.000684,-0.011174,-0.015637
-0.001136,-0.018462,-0.012811
0.000044,-0.022887,-0.007657
-0.001345,-0.021347,-0.003295
-0.000229,-0.014035,-0.004735
0.000661,-0.003772,-0.002155
-0.000321,0.002500,-0.001096
0.000583,0.009980,-0.000951
0.000158,0.010274,0.000582
-0.000234,0.005212,-0.000987
-0.000935,-0.002354,0.002854
-0.001529,-0.005417,0.002531
-0.001108,-0.012408,0.002892
-0.001957,-0.011326,0.001971
-0.002362,-0.008439,0.000077
-0.002366,-0.005496,-0.000306
-0.002069,-0.003143,0.000963
-0.000877,-0.001394,-0.004940
-0.000880,-0.001391,-0.005396
-0.000382,-0.002007,-0.004862
-0.001702,-0.004142,-0.004860
-0.000173,-0.005122,-0.006014
0.000161,-0.002100,-0.001963
-0.000005,-0.000461,-0.000115
-0.000545,0.004346,-0.000550
-0.000939,0.003283,-0.001135
-0.000158,0.004793,-0.005064
-0.002331,0.003590,-0.003621
-0.003215,0.006294,-0.009382
-0.002706,0.003625,-0.009182
-0.001615,0.000141,-0.010790
-0.002671,-0.001062,-0.009221
-0.000690,-0.005679,-0.007000
-0.000385,-0.006232,-0.005930
0.000005,-0.008016,-0.008218
-0.000273,-0.004251,-0.009157
-0.001036,-0.000255,-0.007258
-0.000780,-0.002760,-0.006032
-0.002869,0.003248,-0.003567
-0.000702,0.000679,-0.001823
0.000725,-0.004335,0.001601
-0.001308,-0.007741,0.004479
-0.000881,-0.006392,0.006913
-0.001609,-0.006563,0.005172
-0.001675,-0.005788,0.005750
-0.003198,-0.006955,0.007645
-0.002708,-0.006113,0.005288
-0.002110,-0.006910,0.001961
-0.000561,-0.006721,0.002896
-0.001204,-0.009372,-0.001608
-0.001881,-0.008514,0.000833
-0.002160,-0.008372,0.000611
-0.000858,-0.009416,-0.000373
0.000348,-0.008886,-0.004861
-0.000101,-0.003453,-0.003165
-0.000667,0.000163,-0.000918
-0.001164,0.002364,-0.003837
-0.001408,0.001600,-0.000397
0.000209,0.004356,-0.001175
0.000120,0.002969,0.004126
0.000394,0.004887,0.004579
-0.001337,0.001526,0.005902
-0.000041,-0.000965,0.005347
-0.001173,-0.001540,0.004451
-0.001350,0.002256,0.003422
-0.001212,0.002114,0.003452
-0.002271,0.005579,-0.000977
-0.002454,0.004487,-0.002140
-0.000652,0.005179,0.000694
-0.000765,0.004629,-0.001625
-0.000706,0.005533,0.003050
0.001416,0.002083,0.002456
0.001507,0.000696,0.001699
-0.001649,0.007039,-0.001606
-0.001467,0.016822,-0.006874
-0.003908,0.020527,-0.003935
-0.001477,0.020438,0.000676
0.000840,0.015108,0.004019
-0.001017,-0.000416,0.006945
-0.001577,-0.012439,0.012577
-0.001547,-0.018675,0.008572
-0.002698,-0.012521,0.006042
-0.003710,-0.004704,0.002398
-0.004046,0.000904,0.001604
-0.001523,0.001014,0.000771
-0.002196,0.001263,0.002855
-0.003301,-0.007902,-0.001542
-0.002911,-0.007621,-0.003295
-0.002358,-0.010135,-0.000287
-0.000505,-0.010809,0.000644
-0.002228,-0.012685,-0.000866
-0.001253,-0.010143,0.003105
-0.000513,-0.009640,0.002904
0.000982,-0.004952,0.001840
0.000523,0.001360,-0.000322
-0.001221,0.006259,-0.003213
-0.001043,0.005726,-0.002337
-0.001938,0.000410,-0.001728
-0.000785,-0.005935,0.001100
0.000075,-0.008717,-0.000301
0.000096,-0.009573,-0.001820
-0.001525,-0.007115,-0.004180
-0.002915,-0.001888,-0.007091
-0.003152,0.000940,-0.007994
-0.001356,0.001629,-0.011296
0.000360,0.001060,-0.013765
-0.000450,-0.002431,-0.015604
-0.002047,-0.005355,-0.013528
-0.001555,-0.008076,-0.007997
0.000709,-0.005202,-0.006261
0.000137,-0.000551,-0.003563
-0.001152,0.001573,-0.001161
-0.000050,0.003410,0.002008
-0.000404,0.004444,-0.000592
-0.000569,0.005162,0.000186
-0.001889,0.005020,0.002586
-0.000265,0.001915,0.003632
0.000029,-0.000151,0.001292
-0.000825,-0.001103,-0.001958
-0.000500,-0.001014,0.001599
-0.000981,0.000862,0.001641
-0.001897,-0.000770,-0.002204
-0.000571,0.000018,-0.003169
-0.001528,0.001815,-0.001907
-0.002472,-0.000912,-0.005864
-0.001327,-0.003160,-0.001564
-0.000778,-0.001058,-0.000200
0.000543,-0.004980,0.001127
-0.000048,-0.003156,0.002453
-0.000930,-0.000138,0.001224
-0.001342,0.002295,0.001540
-0.002051,0.003853,0.001527
-0.001606,0.002369,-0.001120
-0.000727,0.003526,0.001743
-0.000404,0.000033,-0.003373
-0.002469,-0.001333,-0.001470
-0.000526,-0.002892,-0.005227
-0.000668,-0.003853,-0.008455
-0.001299,-0.005207,-0.008511
-0.005585,-0.003194,-0.007300
-0.006559,-0.004331,-0.001626
-0.003250,-0.008721,-0.003250
-0.001178,-0.016792,-0.005733
-0.002116,-0.027348,-0.003896
-0.001393,-0.032845,-0.002616
-0.002230,-0.034512,-0.002990
-0.000905,-0.036825,0.002420
-0.000547,-0.028876,0.005987
0.002607,-0.019070,0.007089
0.001212,-0.005112,0.009617
0.000575,0.008584,0.014191
0.000670,0.015084,0.012045
0.001233,0.015509,0.010429
0.001216,0.006366,0.010382
-0.000611,-0.002058,0.013843
-0.000930,-0.010350,0.016978
0.000289,-0.013839,0.020012
-0.001214,-0.009516,0.020948
0.001528,-0.003724,0.020712
0.003630,0.007550,0.016318
-0.000453,0.022075,0.009573
-0.001132,0.039530,-0.000150
-0.002628,0.048705,-0.002795
-0.002248,0.048853,-0.003883
0.000179,0.033310,-0.004814
-0.002572,0.012570,0.001357
-0.001782,-0.003754,-0.001772
-0.004603,-0.012305,-0.008399
-0.007436,-0.004552,-0.015357
-0.006330,0.007191,-0.021212
-0.004773,0.018364,-0.026829
-0.003947,0.018867,-0.023756
-0.000435,0.007712,-0.020684
-0.000057,-0.002906,-0.014093
0.000348,-0.012930,-0.007883
0.000116,-0.013076,0.003507
0.002488,-0.010358,0.009886
0.001917,-0.001456,0.019602
0.002393,0.006189,0.024945
0.003021,0.011156,0.030446
0.002432,0.017774,0.031857
-0.000471,0.020915,0.029332
-0.002327,0.021775,0.028273
-0.001129,0.019976,0.022318
-0.003337,0.011058,0.016742
-0.007375,0.002795,0.012427
-0.005772,-0.007772,0.008045
-0.006701,-0.013157,0.000778
-0.006422,-0.015221,-0.004473
-0.005367,-0.012686,-0.003368
-0.004707,-0.010318,-0.014970
-0.002280,-0.005581,-0.016047
0.000821,-0.006151,-0.015248
-0.000802,-0.009230,-0.013112
-0.000558,-0.005040,-0.010362
0.000726,-0.004816,-0.005043
0.002007,-0.003812,-0.003783
0.001385,-0.002685,-0.000540
0.001635,-0.004037,0.002650
-0.001788,-0.007965,0.005100
-0.001515,-0.005112,0.002770
-0.002800,-0.008205,0.000110
-0.003364,-0.005290,-0.001004
-0.002219,-0.006870,-0.002425
-0.003237,-0.006049,-0.005221
-0.003081,-0.007670,-0.005899
-0.001043,-0.010845,-0.007222
0.000381,-0.012133,-0.008995
0.000112,-0.014282,-0.005426
0.000914,-0.016168,-0.007595
-0.000951,-0.014499,-0.005934
0.002602,-0.011803,-0.005699
0.001382,-0.006022,-0.000931
0.001595,-0.002819,0.000690
0.001206,0.003414,0.001135
0.001350,0.007948,0.005126
0.001103,0.009941,-0.000194
-0.000791,0.015122,-0.002029
-0.001712,0.015501,-0.001343
-0.003626,0.013432,-0.006502
-0.000937,0.007561,-0.008123
-0.002696,0.002814,-0.006215
-0.004326,-0.006540,-0.007826
-0.004429,-0.008920,-0.010503
-0.002661,-0.008764,-0.011018
-0.002824,-0.006616,-0.010404
-0.001241,-0.005286,-0.011307
-0.000419,-0.003749,-0.010124
0.002089,0.000787,-0.007647
0.001743,0.000923,-0.006676
0.001787,0.005224,-0.007998
0.000260,0.013298,-0.004743
-0.000956,0.016185,-0.006230
-0.000135,0.016524,-0.002376
-0.002365,0.017550,0.002542
-0.002842,0.011894,0.008117
-0.002285,-0.000488,0.010569
-0.003215,-0.008672,0.009241
-0.003196,-0.016460,0.006944
-0.005219,-0.015713,0.006614
-0.004598,-0.018180,0.004269
-0.001209,-0.013169,0.001677
-0.001050,-0.011388,0.005867
0.000937,-0.010965,0.003204
0.000277,-0.006877,0.004930
0.001269,-0.002092,0.001439
-0.001527,0.002947,-0.001690
-0.002118,0.005070,-0.005176
-0.004847,0.007006,-0.005766
-0.003077,0.001686,-0.007399
-0.002573,-0.008364,-0.005433
-0.000530,-0.022510,-0.000347
-0.002015,-0.033218,0.003176
-0.000061,-0.033126,0.005743
-0.001679,-0.027664,-0.000169
-0.002819,-0.012042,-0.006249
-0.001068,-0.002600,-0.009818
-0.001193,0.004561,-0.013323
-0.000174,0.002562,-0.010469
-0.000516,-0.000564,-0.008090
0.000170,-0.006830,-0.000192
0.000012,-0.011782,0.002784
-0.000759,-0.014401,0.001255
-0.001676,-0.011457,0.004957
-0.000737,-0.005959,0.002066
0.000495,-0.002635,-0.000601
-0.003332,0.004326,-0.002731
-0.001752,0.007962,-0.007755
-0.000477,0.011637,-0.011757
-0.000776,0.011563,-0.014555
0.000155,0.009360,-0.012787
-0.002107,0.003059,-0.009684
-0.000692,-0.002079,-0.009037
-0.001160,-0.012119,-0.004545
0.000696,-0.007380,-0.003080
0.003220,-0.002537,-0.004086
-0.000813,0.004445,-0.002658
0.001856,0.008903,-0.003321
0.003496,0.011337,-0.001603
-0.000737,0.016743,0.000928
0.000725,0.019147,0.004957
0.000335,0.017139,0.007696
0.000282,0.011074,0.009395
-0.000314,0.007914,0.010158
-0.001313,0.005680,0.010084
-0.001200,0.008952,0.005351
-0.003995,0.011809,0.001610
-0.006096,0.007579,0.002695
-0.004986,0.001039,-0.003907
-0.004540,-0.004655,-0.004593
-0.005737,-0.013491,-0.007110
-0.004036,-0.020942,-0.007716
-0.004308,-0.022809,-0.007500
-0.001328,-0.020468,-0.003919
-0.000564,-0.019249,-0.005108
0.000495,-0.012620,-0.004094
0.000673,-0.008275,-0.003154
0.000198,-0.005544,-0.000799
0.000884,-0.004336,-0.000496
0.000510,-0.003021,0.001350
-0.001132,-0.008901,0.004002
-0.001853,-0.009559,0.005875
-0.002246,-0.011418,0.001429
-0.001934,-0.013602,0.006678
-0.003393,-0.014512,0.005863
-0.003612,-0.011975,0.008457
-0.000474,-0.012740,-0.002931
-0.004485,-0.008519,0.002758
0.000073,-0.010377,-0.001392
0.000195,-0.013031,0.003958
-0.003437,-0.015436,-0.001517
-0.000728,-0.016043,-0.004488
0.001979,-0.015553,-0.001290
-0.001789,-0.012949,-0.002475
0.002983,-0.009890,-0.006681
-0.001425,-0.007148,-0.006188
-0.000781,-0.003196,-0.008199
0.001095,0.000279,-0.008042
-0.001569,-0.000259,-0.009577
-0.000065,-0.000485,-0.005943
-0.000141,-0.002818,-0.003824
-0.000289,-0.001138,-0.002902
0.000179,-0.002771,-0.003613
-0.000516,-0.002311,-0.001465
-0.000283,-0.001141,-0.001498
-0.000717,0.004278,-0.002844
-0.002437,0.006940,-0.002311
0.000198,0.007657,0.001876
-0.000811,0.005225,0.002289
-0.001105,0.003255,0.004793
0.000647,0.004095,0.004427
-0.000523,0.001825,0.003603
-0.000853,0.007039,0.000626
-0.001725,0.012720,-0.001089
-0.001464,0.015935,-0.003342
-0.001003,0.018226,-0.004604
0.001196,0.012250,0.002565
0.000099,0.005594,0.005545
-0.001682,-0.002369,0.009752
-0.001209,-0.003446,0.006526
-0.002380,0.001049,0.004144
-0.002904,0.006250,0.000004
-0.004228,0.010574,0.001366
-0.002320,0.008278,0.000465
-0.001809,0.000803,-0.000851
-0.003296,-0.005099,0.001781
-0.001767,-0.006664,-0.002530
-0.004246,-0.008783,-0.003426
-0.002591,-0.011367,-0.005285
-0.001404,-0.011297,-0.001297
-0.001006,-0.006017,-0.001294
-0.001662,-0.004608,-0.002615
-0.002267,-0.001722,-0.003456
-0.000574,-0.003173,-0.004564
-0.002221,-0.002368,-0.007320
-0.000818,-0.004128,-0.007508
-0.002764,-0.007638,-0.009088
-0.002247,-0.011020,-0.006292
-0.001898,-0.013422,-0.013438
-0.001409,-0.013343,-0.013598
-0.002946,-0.010756,-0.017416
-0.002072,-0.010848,-0.022175
-0.003499,-0.007378,-0.021398
-0.002353,-0.007313,-0.020517
0.000691,-0.008693,-0.020075
-0.000569,-0.014264,-0.018848
0.000312,-0.011632,-0.020311
0.000686,-0.010467,-0.014494
0.001337,-0.008898,-0.010911
0.002968,-0.005307,-0.009016
0.001037,-0.001733,-0.005784
0.000835,0.000280,0.000284
0.001156,0.003448,0.001861
0.000022,0.003410,0.004751
-0.000897,0.003330,0.003013
-0.001551,0.002641,0.000910
-0.000457,0.004323,-0.001183
-0.003475,0.002348,-0.001664
-0.002583,0.001168,-0.006947
-0.002826,-0.001118,-0.008092
-0.001474,-0.007027,-0.009869
-0.002054,-0.006439,-0.008254
-0.001378,-0.009174,-0.006309
0.001350,-0.011291,-0.006437
0.000571,-0.009916,-0.006398
0.000610,-0.004372,-0.004386
0.001166,-0.003150,-0.000378
0.000029,0.003730,0.004389
0.000822,0.006090,0.005100
0.001168,0.008584,0.006494
-0.001155,0.009668,0.008511
0.000487,0.005722,0.007462
-0.000516,0.005075,0.008730
-0.001101,0.000335,0.010017
-0.001669,0.000899,0.006145
-0.003278,0.000343,0.004683
-0.003789,-0.001566,0.004036
-0.003063,-0.000499,-0.000812
-0.002002,-0.001612,-0.001403
-0.002804,-0.004252,-0.000249
-0.001995,-0.004581,-0.001674
-0.000594,-0.005515,-0.001864
-0.001506,-0.004703,-0.000840
0.001010,-0.003851,0.001126
0.002349,0.000638,0.007966
-0.000358,0.004277,0.003153
0.000990,0.006795,0.004799
0.000067,0.008795,0.005442
0.000390,0.010306,0.004310
-0.001176,0.011913,0.003939
-0.003188,0.006537,0.007070
-0.001753,0.003295,0.007365
-0.002283,-0.003593,0.008214
-0.002449,-0.004307,0.009159
-0.002457,-0.005352,0.010964
0.001561,-0.006820,0.011031
0.000454,-0.003606,0.006483
-0.000137,0.007898,0.004669
-0.000695,0.014935,0.003354
0.000742,0.021905,0.001974
0.001641,0.020200,0.005998
0.001754,0.010016,0.011772
0.001250,-0.000686,0.017649
-0.000637,-0.006085,0.020521
-0.001769,-0.001508,0.016297
-0.002842,0.004701,0.015348
-0.001650,0.010366,0.013769
-0.002880,0.012562,0.014123
-0.000719,0.004615,0.013050
-0.002371,0.003991,0.012784
-0.001981,-0.000597,0.015709
-0.004047,-0.002344,0.010857
-0.002166,-0.000847,0.009661
-0.002072,0.001354,0.010574
0.000318,0.001698,0.009731
-0.000066,0.002885,0.005728
-0.000161,0.006314,0.004893
0.000088,0.010573,0.003594
-0.002137,0.013554,0.002114
-0.001227,0.014752,-0.002425
0.000046,0.008014,0.000052
-0.000133,0.003397,0.003952
-0.000704,-0.006014,0.003556
-0.000141,-0.002360,0.005578
-0.002177,-0.001207,0.004207
-0.001554,0.002073,0.004954
-0.001206,0.003664,0.002413
-0.001063,0.005880,0.002177
-0.000938,0.001889,0.001657
-0.000354,0.001046,0.000949
-0.001731,-0.002588,-0.000710
-0.000725,0.002265,0.004719
-0.002357,0.000326,0.002949
0.000689,-0.000680,0.005871
0.000070,0.004663,0.006142
-0.001930,0.001355,0.008481
-0.001396,0.001599,0.011028
-0.001510,-0.002842,0.006692
-0.001976,-0.003471,0.006242
-0.001570,-0.001459,0.003393
-0.002786,0.000449,0.003196
-0.003894,0.001420,0.001829
-0.002426,0.003236,0.003875
-0.002115,0.001374,-0.001474
-0.001342,-0.002423,-0.001829
-0.000372,-0.008002,0.002387
-0.001409,-0.005420,0.002869
-0.000699,-0.003878,0.003011
-0.001015,-0.002266,0.001892
-0.001695,-0.000038,0.004605
0.000387,0.001775,0.005788
-0.001469,0.001815,0.005869
0.000267,0.004308,0.006546
-0.000840,0.006454,0.005561
-0.000536,0.003958,0.006446
-0.002318,0.001849,0.004399
-0.001931,0.000294,0.003555
-0.002098,-0.002914,0.006166
-0.000832,-0.005156,0.002470
-0.002047,-0.005699,0.001300
-0.001574,-0.002647,-0.000540
-0.002550,-0.003519,0.000258
-0.002753,-0.004116,0.001809
-0.000393,-0.001111,0.000274
-0.000213,-0.002322,0.001917
-0.001605,-0.000321,0.002857
-0.000092,-0.001159,0.004674
-0.000381,-0.002164,0.004498
-0.002519,0.000093,0.005143
-0.001008,-0.000108,0.006259
-0.002076,0.003417,0.002650
-0.003193,0.007206,0.001798
-0.002533,0.003274,0.001651
-0.000303,-0.000386,0.002261
0.000021,-0.005844,0.004100
-0.001073,-0.007177,0.005165
-0.000409,-0.008368,0.003717
0.000569,-0.006995,0.000303
-0.000930,0.000155,-0.000957
-0.001319,0.006819,-0.004418
-0.002406,0.011468,-0.002356
-0.001684,0.010449,0.001861
0.000533,0.004703,0.003677
0.000565,-0.003761,0.008464
-0.000115,-0.007720,0.007650
-0.001811,-0.010630,0.008438
-0.003950,-0.003419,0.001856
-0.004562,0.003407,-0.000728
-0.002298,0.008539,-0.005820
-0.002521,0.007525,-0.005241
-0.001127,0.005211,-0.006004
-0.002992,-0.000091,-0.007932
-0.004052,-0.005896,-0.005023
-0.002481,-0.007227,-0.000740
-0.001408,-0.007103,-0.002569
-0.000868,-0.007264,0.000009
-0.000936,-0.004109,-0.002228
-0.002021,-0.003058,-0.002389
0.000041,0.000491,-0.002314
-0.000853,0.001639,-0.004586
-0.000428,-0.000248,-0.005890
-0.001270,0.003499,-0.007188
-0.001079,0.000287,-0.009177
-0.003336,-0.005120,-0.011828
-0.001195,-0.007382,-0.010478
-0.000840,-0.010556,-0.008997
-0.000757,-0.008312,-0.009664
-0.000544,-0.006310,-0.009225
-0.001353,0.001298,-0.011190
0.000133,0.002423,-0.015077
-0.001231,0.004864,-0.010349
-0.000751,0.000926,-0.007409
0.001129,-0.000284,-0.001200
0.001729,-0.003775,0.000280
0.000414,-0.005593,0.000808
0.000251,-0.004930,0.001623
-0.000479,-0.001038,0.007030
-0.000622,-0.000103,0.000433
-0.002876,0.001764,-0.001080
-0.003071,-0.000487,-0.006434
-0.002406,0.002291,-0.004431
-0.002338,-0.000635,-0.011329
-0.001637,-0.001342,-0.013254
-0.002767,-0.000275,-0.013775
-0.000985,-0.006253,-0.014852
-0.000958,-0.005563,-0.014621
-0.000647,-0.003842,-0.012602
-0.000589,-0.005278,-0.010893
-0.000163,-0.005774,-0.011425
0.002082,-0.002721,-0.009584
0.001196,0.004153,-0.007079
0.001165,0.006814,-0.002873
-0.000003,0.008837,-0.000302
-0.000384,0.010689,0.002091
0.000266,0.006465,0.004241
-0.000762,0.007609,0.001854
-0.001792,0.001009,0.000927
-0.003003,-0.002153,0.003827
-0.001631,0.001055,0.001855
-0.004310,0.000126,-0.001752
-0.001967,0.000912,-0.005866
-0.001752,-0.003642,-0.006655
-0.001747,-0.002128,-0.006042
-0.002081,-0.004794,-0.006486
-0.000719,-0.005505,-0.010493
-0.002323,-0.005260,-0.007090
-0.000582,-0.005169,-0.007687
-0.000272,-0.003128,-0.005146
0.000081,-0.005806,-0.002673
0.000432,-0.005675,-0.002664
0.001274,-0.003643,-0.002002
-0.001541,0.000473,-0.005949
0.000556,0.001326,-0.006459
-0.002806,0.004798,-0.008981
-0.001539,0.002706,-0.006890
-0.001074,-0.001216,-0.001247
-0.000868,-0.008239,-0.000680
0.001701,-0.011722,-0.002907
0.000121,-0.013568,-0.001401
-0.000934,-0.007264,-0.002943
-0.001663,-0.000167,-0.008609
-0.000397,0.012741,-0.005993
0.000325,0.015566,-0.005892
0.000352,0.013753,-0.001609
0.000949,0.005250,0.004308
0.001146,-0.005867,0.007128
-0.000070,-0.008129,0.004913
-0.001877,-0.006513,0.003147
-0.003180,-0.003689,0.000529
-0.004210,-0.000195,-0.004628
-0.003325,-0.000277,-0.006885
-0.002786,-0.002045,-0.009547
-0.002211,-0.004887,-0.010886
-0.005655,-0.008202,-0.012042
-0.003054,-0.009578,-0.013295
-0.003387,-0.014256,-0.014496
-0.001710,-0.014174,-0.012639
-0.000980,-0.014887,-0.011426
-0.001558,-0.014751,-0.012431
0.000323,-0.009412,-0.007155
0.000719,-0.003670,-0.010012
-0.000004,0.002470,-0.010906
0.000030,0.007237,-0.010146
-0.000919,0.007192,-0.010110
-0.001499,0.004172,-0.010830
0.000263,-0.000218,-0.009368
-0.000607,-0.005804,-0.012258
-0.001957,-0.006044,-0.011810
-0.000097,-0.006230,-0.010012
-0.002612,-0.004478,-0.013251
-0.002830,0.000415,-0.014666
0.000981,0.003356,-0.017737
-0.001513,0.000842,-0.017235
-0.000126,0.001164,-0.017962
-0.001384,-0.001370,-0.017254
0.001326,-0.002252,-0.016832
0.000312,0.001633,-0.013470
0.001075,0.001299,-0.006011
0.000414,0.001229,-0.002626
0.000450,0.000046,0.001719
-0.000679,-0.000507,0.002705
-0.000929,-0.002299,0.006017
-0.001199,0.001800,0.002962
-0.002757,0.000620,0.002031
-0.001590,-0.003199,0.004682
-0.002136,-0.007200,0.007204
-0.002459,-0.012940,0.011100
-0.000760,-0.009928,0.007956
0.000029,-0.010791,0.010609
-0.000115,-0.005519,0.009643
-0.000688,-0.002376,0.006487
-0.001406,-0.001498,0.006800
-0.001616,0.003494,0.005894
-0.001562,0.004272,0.007272
0.000470,0.005170,0.002484
-0.000280,0.002847,0.000776
-0.001257,0.001454,0.002117
0.000786,0.001114,0.003605
-0.001694,0.003053,0.000032
-0.002381,-0.000136,-0.001827
-0.000065,0.000742,-0.000937
-0.001058,0.000443,-0.001939
0.001031,0.000912,-0.001222
-0.000125,-0.001806,-0.003348
0.000539,-0.000667,0.000534
0.000763,0.002189,0.003140
0.000341,0.006025,0.004288
0.000718,0.008886,0.006050
0.000143,0.010971,0.008797
0.000400,0.012445,0.009123
0.000295,0.013382,0.011074
-0.000059,0.013962,0.013727
-0.000928,0.010011,0.014138
-0.001641,0.012640,0.011101
-0.002115,0.013620,0.009605
-0.003185,0.011218,0.011177
-0.002281,0.015639,0.008219
-0.003369,0.010481,0.012558
-0.003128,0.006616,0.016342
-0.000765,0.002533,0.014536
-0.001324,0.000218,0.014492
-0.002221,0.001748,0.011829
-0.001248,0.005919,0.008352
-0.003624,0.014726,0.004139
-0.002406,0.018381,0.006853
-0.001661,0.015684,0.006429
-0.000021,0.004932,0.007515
-0.001199,-0.006109,0.009577
-0.001965,-0.010780,0.010461
-0.003802,-0.011280,0.006855
-0.004304,-0.003590,0.003685
-0.003277,-0.000258,-0.000306
0.000040,0.001257,-0.000184
-0.002794,0.000602,0.000207
-0.000220,-0.004977,0.002388
-0.001205,-0.005309,0.004923
0.000120,-0.004800,0.007809
-0.001413,-0.005708,0.004946
0.001752,-0.000455,0.005723
-0.000764,0.001022,0.007498
0.000014,0.001027,0.013180
0.000254,0.000430,0.012935
-0.001846,0.004330,0.007652
-0.000444,0.007469,0.009021
-0.002288,0.004932,0.006821
-0.003408,0.003104,0.005422
-0.003295,-0.003556,0.001000
-0.001392,-0.004378,0.002878
-0.003104,-0.007178,0.002695
-0.003442,-0.006705,-0.000018
-0.001686,-0.005912,-0.001003
-0.001095,-0.002676,-0.005282
-0.000928,-0.001058,-0.003201
0.000178,0.003326,-0.002500
-0.000683,0.001180,-0.003856
-0.000749,0.002939,0.000183
0.000321,0.003147,0.000420
-0.000819,0.000665,0.004759
-0.000396,0.007555,0.006369
-0.000280,0.006815,0.006690
-0.000910,0.006325,0.007037
-0.000603,0.004668,0.006495
-0.002001,0.003435,0.003671
-0.003418,0.000851,-0.002240
-0.003611,0.000567,-0.006210
-0.001574,0.000224,-0.004563
-0.001654,-0.000152,-0.004107
-0.000545,-0.000073,-0.003940
-0.000990,-0.004097,-0.004042
0.000492,-0.000967,-0.001255
0.000878,-0.001953,-0.000386
0.000658,-0.000390,-0.001746
0.001075,0.001455,0.000648
0.001641,0.005565,0.000972
0.000447,0.008779,0.002615
-0.001182,0.007313,0.004557
-0.000782,0.006332,-0.002076
-0.001953,-0.002814,0.000287
-0.006597,-0.000089,-0.000008
-0.002264,-0.004569,0.000752
0.000149,-0.010285,0.003210
-0.001664,0.000220,-0.004149
0.000198,0.009706,-0.006421
-0.001343,0.008312,-0.000889
-0.004352,0.003042,-0.004401
-0.002225,0.001876,-0.011299
-0.002238,-0.002714,-0.007570
-0.001684,-0.007375,-0.002811
0.002570,-0.014632,-0.001296
0.002000,-0.017794,0.000797
0.000351,-0.011151,0.000326
-0.000421,0.002924,0.001940
-0.000383,0.010719,-0.002048
0.000380,0.010562,-0.002661
0.001121,0.006615,0.000110
0.000545,-0.001883,0.002985
0.000681,-0.004603,0.005735
0.000595,-0.006492,0.011230
0.001108,-0.002520,0.008250
-0.000128,0.004338,0.011952
0.000349,0.010000,0.012075
0.000928,0.011333,0.010768
-0.002051,0.011308,0.008203
-0.002492,0.010180,0.009730
-0.002302,0.009418,0.009313
-0.003306,0.003377,0.012700
-0.000364,-0.004351,0.014566
0.000015,-0.014583,0.016075
-0.001404,-0.016452,0.014028
-0.002607,-0.011978,0.009712
-0.001401,-0.004021,0.007218
-0.001856,0.003607,0.001135
-0.000801,0.005076,-0.005325
-0.000081,0.004080,0.000342
-0.001594,-0.002362,0.001213
-0.001365,-0.002708,0.004833
-0.002459,-0.005037,0.005524
-0.000621,-0.004219,0.007181
-0.001871,-0.003235,0.007090
-0.002947,-0.002567,0.004353
-0.001453,0.004714,0.002746
-0.002215,0.001285,0.003847
-0.002346,0.002414,0.000728
-0.002988,0.000879,-0.002923
-0.002857,0.001836,-0.005721
-0.001552,-0.000580,-0.004812
-0.002052,-0.006011,-0.006122
-0.000616,-0.006808,-0.005440
-0.001906,-0.009317,-0.008264
0.000001,-0.006179,-0.006648
-0.000829,-0.002867,-0.010330
-0.001793,0.003289,-0.009215
0.001105,0.005151,-0.009953
0.001891,0.007380,-0.011301
0.000860,0.007072,-0.010370
-0.001196,0.005838,-0.006459
-0.000233,0.003412,-0.005068
0.000125,0.001596,-0.002900
-0.001818,-0.001789,0.000641
-0.000342,-0.001488,0.002608
-0.000430,-0.002784,0.004586
-0.001995,-0.001760,-0.000077
-0.002189,-0.001190,-0.000280
-0.002639,-0.001202,-0.005725
-0.003030,0.005525,-0.011231
-0.002228,0.002658,-0.010256
-0.002407,0.003356,-0.007609
-0.001703,-0.004575,-0.010875
-0.000461,-0.004198,-0.006590
0.001016,-0.006099,-0.005011
-0.000942,-0.007963,-0.008079
0.000692,-0.003333,-0.006527
0.001054,0.000064,-0.004029
0.001455,0.006196,-0.002698
0.000111,0.008733,0.000711
0.000034,0.006982,0.002236
-0.001218,0.010782,0.000361
0.000104,0.004997,0.000670
-0.000917,0.007216,0.000283
-0.000389,0.002519,0.000655
-0.001798,0.002940,-0.002218
-0.002583,0.002521,-0.005665
-0.001760,0.001497,-0.007611
-0.001771,0.001904,-0.008110
-0.001857,0.001846,-0.010072
-0.001455,0.003758,-0.011910
-0.000571,0.000627,-0.011540
-0.000086,0.002471,-0.011606
0.000969,0.001276,-0.009680
-0.000761,-0.002127,-0.003363
-0.001081,-0.001998,0.001828
-0.000690,0.002477,-0.002183
-0.002092,0.004246,0.004793
-0.000522,-0.000977,0.001091
-0.000764,0.000826,0.002216
-0.003528,0.003980,-0.000079
-0.003401,-0.000484,-0.001092
-0.000651,-0.002834,-0.001480
-0.000976,-0.003264,-0.000480
-0.001344,-0.005118,0.001196
0.002227,-0.009047,-0.000002
0.001254,-0.004200,-0.002399
-0.000753,-0.003245,-0.006773
-0.000708,0.000333,-0.007853
-0.000285,0.009179,-0.009325
0.000401,0.011003,-0.007913
0.000492,0.005970,-0.006165
-0.002513,-0.006233,-0.001903
-0.000232,-0.013854,0.001941
-0.001138,-0.018242,0.001307
-0.000609,-0.018625,0.001076
-0.001480,-0.013903,-0.001830
-0.000979,-0.005041,-0.003997
-0.000799,-0.003322,-0.003583
-0.000806,-0.004427,-0.003548
-0.000015,-0.005948,-0.006312
-0.002524,-0.009066,-0.004044
-0.001186,-0.009773,-0.002808
-0.001121,-0.009951,0.001434
-0.000408,-0.008804,0.001854
-0.000556,-0.007003,0.003676
0.000823,-0.004822,0.001974
-0.000835,0.000934,0.001693
0.000452,0.006202,-0.002933
-0.001521,0.006394,-0.005328
-0.002490,0.002864,-0.008615
-0.001093,0.001703,-0.007574
0.000064,-0.002812,-0.007791
-0.000874,-0.007030,-0.006144
-0.001801,-0.009021,-0.006492
-0.001589,-0.009766,-0.010990
-0.003312,-0.010037,-0.012504
-0.004306,-0.005672,-0.013652
-0.003833,-0.005220,-0.014442
-0.001381,-0.003206,-0.018508
0.000244,-0.003114,-0.018822
-0.002807,-0.006685,-0.022456
-0.001828,-0.005950,-0.020387
-0.002475,-0.006054,-0.018432
-0.001539,-0.003876,-0.018294
-0.000664,-0.001773,-0.019792
0.000421,-0.002752,-0.013011
-0.000401,-0.005860,-0.013409
-0.001434,-0.006179,-0.010483
-0.000026,-0.006066,-0.013915
-0.000282,-0.002788,-0.014582
0.000384,-0.001411,-0.011549
0.000021,-0.001813,-0.012040
0.000603,-0.002275,-0.013681
-0.000687,-0.003705,-0.010218
-0.000463,-0.006717,-0.008990
-0.000366,-0.006408,-0.006213
0.001869,-0.008290,-0.005711
0.000748,-0.001770,-0.006011
0.000107,0.003264,-0.007141
0.000038,0.007138,-0.005133
-0.000436,0.009221,-0.003613
-0.000323,0.005494,-0.004410
0.000462,0.007402,0.002469
0.000450,0.005058,0.004703
-0.000359,0.001078,0.003576
-0.001268,0.001937,0.004942
-0.002015,0.003181,0.003746
-0.002399,0.005379,0.001868
-0.001694,0.005228,-0.004846
-0.000561,0.003500,-0.002954
-0.001309,0.000916,-0.002053
-0.003352,-0.003689,-0.001446
-0.000991,-0.006395,-0.002292
-0.003213,-0.006400,0.000635
0.002175,0.000242,-0.000065
0.002126,0.005440,0.002429
-0.000480,0.004177,0.004495
0.000810,0.006278,0.004199
0.001643,0.009003,0.010037
-0.000656,0.009743,0.011530
0.000445,0.008360,0.010365
0.000292,0.008080,0.008639
-0.001084,0.010560,0.011706
-0.000553,0.008131,0.012060
-0.001393,0.008180,0.011509
-0.000090,0.005207,0.012596
0.000245,0.006171,0.012428
-0.000639,0.002323,0.010278
-0.000443,0.005212,0.005777
-0.000993,0.010579,0.000230
-0.000072,0.017855,0.002378
-0.000464,0.015961,0.006249
-0.001045,0.007138,0.008803
0.000967,-0.001240,0.009606
-0.001539,-0.010765,0.009497
-0.003074,-0.008513,0.010919
-0.000462,-0.005786,0.010157
-0.000718,-0.001577,0.009106
-0.000111,0.002277,0.006534
0.000091,0.003914,0.004586
0.000147,0.004984,0.008200
-0.001752,0.007376,0.003887
-0.002996,0.003125,0.007177
-0.001005,0.001760,0.008951
-0.000250,-0.001512,0.007927
0.000400,-0.003391,0.011040
0.000449,0.002126,0.011853
-0.000567,0.002215,0.011612
0.000184,0.007520,0.008268
-0.000958,0.008934,0.007358
-0.002850,0.006839,0.007724
-0.002784,0.002169,0.009596
0.000310,-0.003215,0.004047
-0.000919,-0.006937,0.007322
-0.003088,-0.004478,0.002669
-0.003507,0.003548,-0.001129
-0.001482,-0.000231,-0.005379
-0.003890,0.004357,-0.008388
-0.003194,0.003793,-0.004831
-0.001221,-0.002350,-0.005775
-0.001322,-0.003599,-0.003701
-0.002685,-0.007000,-0.002666
-0.001841,-0.009080,0.002074
-0.000388,-0.010920,0.008179
0.001942,-0.005906,0.008465
0.000937,-0.001668,0.013477
0.000535,0.001023,0.018318
0.000760,-0.004053,0.021204
0.000424,-0.010727,0.022205
-0.000260,-0.012654,0.021945
0.000348,-0.011063,0.019288
-0.000468,-0.008285,0.020951
-0.001048,-0.003962,0.018076
-0.000825,-0.004778,0.013714
-0.001630,-0.009381,0.008097
-0.002666,-0.014110,0.002494
-0.006191,-0.018432,0.001003
-0.005800,-0.022272,-0.007874
-0.005666,-0.025691,-0.009981
-0.006778,-0.029799,-0.016160
-0.004912,-0.029339,-0.019769
-0.004913,-0.026853,-0.019752
-0.005374,-0.027569,-0.025853
-0.003222,-0.030271,-0.025793
-0.002643,-0.034643,-0.025749
-0.001355,-0.034658,-0.027632
-0.000988,-0.032953,-0.026367
0.003521,-0.027212,-0.023916
0.003978,-0.022553,-0.023528
0.003702,-0.015798,-0.019758
0.003499,-0.006500,-0.016845
0.005668,-0.001846,-0.013371
0.004718,0.006423,-0.006198
0.005737,0.012438,-0.001423
0.004289,0.014301,0.002408
0.003531,0.016316,0.006162
0.001933,0.017593,0.009434
0.001682,0.018104,0.009657
0.001054,0.018915,0.008359
0.000925,0.021610,0.003165
0.000234,0.021884,-0.001174
-0.004239,0.022959,-0.000573
-0.003438,0.020145,0.001606
-0.003305,0.013844,-0.003691
-0.002803,0.014078,-0.002664
-0.001820,0.010922,0.000379
-0.001849,0.005286,-0.003595
-0.001235,0.010260,-0.009316
-0.003083,0.017743,-0.009271
-0.005282,0.021438,-0.014951
-0.005454,0.019742,-0.013876
-0.004597,0.017700,-0.012463
-0.000752,0.004814,-0.009112
-0.000768,-0.011342,-0.001986
-0.001850,-0.023978,0.000884
-0.001173,-0.025163,0.001994
-0.000039,-0.017178,-0.001087
-0.001402,-0.010005,0.000294
0.001752,0.000971,-0.002429
0.002325,0.004736,0.000544
0.003659,0.008284,0.000386
0.002907,0.013587,0.003189
0.001495,0.013557,0.005790
0.000258,0.009035,0.010512
0.000190,0.009408,0.014207
0.000636,0.004260,0.018739
0.000000,0.005965,0.017329
-0.002591,0.005011,0.019631
-0.003616,0.008150,0.014113
-0.003398,0.011892,0.012374
-0.002637,0.010014,0.011636
-0.002952,0.002843,0.007373
-0.002557,-0.001903,0.007509
-0.002438,-0.012207,0.008395
-0.003185,-0.020860,0.006728
-0.001311,-0.015326,0.002470
-0.002054,-0.011373,0.000003
-0.000971,-0.003342,-0.001343
-0.000425,0.004128,-0.001413
0.002317,0.011555,-0.005038
-0.000155,0.012382,-0.001884
-0.001328,0.012895,-0.003497
-0.000468,0.005836,0.002736
0.000272,0.006656,0.007360
0.000965,0.002650,0.013762
0.002080,0.004417,0.012404
0.000324,0.004915,0.015062
-0.002114,0.007194,0.016622
-0.003675,0.013271,0.018016
-0.004092,0.022569,0.021750
-0.005729,0.024823,0.029026
-0.005622,0.032620,0.043726
-0.008409,0.052171,0.050143
-0.004443,0.051289,0.044773
0.003085,0.038270,0.036507
0.001917,0.028722,0.026320
-0.005511,0.025139,0.013973
-0.008653,0.022861,0.002150
-0.008550,0.018169,-0.008404
-0.004223,-0.001501,-0.011379
0.001036,-0.025581,-0.001791
0.003885,-0.040684,-0.000449
0.006695,-0.032320,0.002736
0.005911,-0.006452,0.004158
0.003742,0.016721,0.004508
0.004321,0.034045,0.003907
0.004164,0.039270,0.009209
0.003880,0.031444,0.012668
0.001348,0.017918,0.016151
-0.001742,0.004345,0.018679
-0.001288,-0.009235,0.017284
-0.004438,-0.011824,0.016241
-0.004395,-0.006235,0.007877
-0.004478,-0.005344,0.003525
-0.005729,-0.004123,-0.002542
-0.005364,-0.011272,-0.004966
-0.003370,-0.018836,-0.004919
-0.003543,-0.026538,-0.005716
-0.003120,-0.029615,-0.004659
-0.000115,-0.030961,-0.005729
-0.000841,-0.026277,-0.003589
0.000025,-0.019069,-0.004970
0.000702,-0.009369,-0.004937
0.001169,-0.003628,-0.003849
0.001872,-0.003563,-0.003060
-0.000959,-0.005817,0.001045
0.001222,-0.006084,0.000810
-0.000103,-0.009740,0.000737
-0.002390,-0.006839,-0.004794
-0.001425,-0.001725,-0.008373
-0.004475,-0.001533,-0.007436
-0.002440,-0.003282,-0.010043
-0.000433,-0.008055,-0.008697
0.000481,-0.013921,-0.007603
0.000823,-0.019891,-0.006110
0.000134,-0.021680,-0.003187
-0.003185,-0.014208,-0.009506
-0.000699,-0.004556,-0.012970
-0.000971,0.002819,-0.014229
-0.001977,0.005768,-0.018141
-0.001659,0.006973,-0.016083
0.000184,0.003907,-0.009506
-0.000226,-0.000636,-0.009476
-0.000162,-0.004436,-0.005789
-0.001854,-0.008073,-0.003176
-0.002269,-0.008442,-0.002608
-0.002086,-0.006515,-0.000523
-0.001365,-0.004521,-0.005061
-0.001934,0.004807,-0.002891
-0.002226,0.005069,-0.005433
-0.000781,0.004717,-0.006952
-0.001725,0.000137,-0.006542
0.000231,-0.004644,-0.001988
-0.001141,-0.012385,0.002313
0.000526,-0.014036,0.006310
0.000197,-0.011122,0.005531
0.001525,-0.006085,0.009173
-0.001596,0.003644,0.007768
-0.000026,0.012341,0.002074
-0.001316,0.022188,-0.002360
0.001010,0.023182,-0.003001
-0.001940,0.016865,0.007538
-0.003021,0.002842,0.014522
-0.000382,-0.002836,0.007542
-0.002032,-0.003036,0.014726
-0.004061,-0.012974,0.014210
-0.000722,-0.012194,0.011617
-0.001031,-0.000650,0.001238
-0.001781,0.005023,-0.006135
-0.002558,0.004856,-0.011557
-0.002223,-0.000780,-0.009884
-0.002481,-0.003044,-0.007338
0.000297,-0.013671,-0.004760
0.002034,-0.027240,-0.001965
0.003182,-0.024918,0.003383
0.002231,-0.013979,0.003033
0.003390,-0.001073,-0.000077
0.001121,0.013108,-0.000694
-0.000198,0.018377,-0.003935
-0.001147,0.018033,-0.000653
-0.001388,0.009735,0.002499
-0.000560,-0.002005,0.001808
0.000687,-0.008363,-0.000399
-0.002559,-0.011294,-0.002637
-0.002555,-0.013624,-0.006369
-0.001284,-0.011239,-0.010092
-0.000131,-0.005127,-0.010198
-0.000973,0.004295,-0.011657
-0.001291,0.002790,-0.010423
-0.002231,0.007139,-0.010407
-0.002426,0.003487,-0.005732
-0.002756,0.002869,-0.006347
-0.002697,0.000114,-0.003135
-0.001100,-0.003465,-0.003362
-0.000846,-0.001911,0.005114
-0.000137,0.000374,0.002385
0.000194,0.005588,-0.000113
-0.001723,0.011748,-0.004118
-0.002250,0.011376,-0.005777
-0.004163,0.006776,-0.009368
-0.003336,0.001700,-0.014736
-0.003878,-0.006592,-0.014239
-0.006057,-0.012493,-0.011208
-0.000705,-0.018537,-0.011378
0.002158,-0.020190,-0.004785
0.001788,-0.017115,-0.008876
0.003587,-0.010110,-0.008295
0.001178,0.001064,-0.011126
-0.000257,0.008266,-0.014324
-0.002342,0.014524,-0.016101
-0.000979,0.013383,-0.016167
-0.001328,0.010056,-0.012795
0.001108,-0.002244,-0.008036
-0.000923,-0.014414,-0.004114
-0.001182,-0.022698,0.002238
-0.002994,-0.022935,0.002874
-0.001060,-0.016467,0.001063
-0.002877,-0.006482,-0.005196
-0.001187,-0.000248,-0.008192
-0.001946,0.000650,-0.009805
-0.001318,0.000687,-0.007507
-0.001030,-0.001529,-0.007963
-0.000764,-0.007219,-0.005769
-0.000880,-0.009900,-0.000498
-0.000680,-0.012645,0.002761
0.001026,-0.010964,0.006804
0.000850,-0.006546,0.008252
0.000931,-0.002232,0.005054
0.001940,0.003140,0.003407
-0.000815,0.004398,0.002682
0.000886,0.012055,0.002037
0.000211,0.013833,-0.000180
-0.002097,0.008595,-0.000217
-0.000980,0.003034,0.001641
-0.001923,0.000503,0.001312
-0.002191,-0.002092,-0.005583
-0.001376,-0.001665,-0.002618
-0.000840,0.002233,-0.008172
-0.001094,0.006029,-0.009593
-0.000810,0.008214,-0.010542
-0.000084,0.007741,-0.011884
-0.001082,0.002727,-0.011514
-0.001022,0.000848,-0.011486
-0.000082,-0.002878,-0.009884
-0.002681,-0.004858,-0.006815
-0.000516,-0.000571,-0.005999
-0.000850,0.000597,-0.003433
-0.000290,-0.000536,-0.004918
-0.001866,0.001263,-0.002963
-0.001774,-0.003135,-0.004417
-0.001190,-0.006868,-0.001563
-0.000680,-0.004765,-0.004819
-0.001913,-0.006058,-0.005010
-0.000328,-0.003279,-0.006024
-0.001339,-0.003269,-0.008642
-0.001871,-0.006777,-0.006595
-0.000357,-0.003806,-0.005897
-0.000807,-0.004649,-0.006310
-0.001894,0.000835,-0.005327
-0.002814,-0.002775,-0.002015
-0.000338,0.000929,-0.002382
-0.000267,-0.003096,-0.001656
-0.000245,-0.006856,-0.003808
-0.001906,-0.010004,-0.006221
-0.000382,-0.009763,-0.006588
-0.000687,-0.010202,-0.005134
-0.000310,-0.004275,-0.004792
-0.000089,-0.000826,-0.002817
-0.001541,-0.003701,-0.006624
-0.000958,-0.005165,-0.007493
-0.000479,-0.008390,-0.011682
-0.002475,-0.010427,-0.010239
-0.000082,-0.007013,-0.013331
-0.001558,-0.004969,-0.014561
-0.000171,0.001800,-0.014955
-0.002587,0.001599,-0.018944
-0.000298,-0.002702,-0.016358
0.000388,-0.006148,-0.013634
0.001210,-0.011507,-0.011481
-0.000824,-0.010344,-0.007100
-0.000062,-0.007320,-0.006789
0.001439,-0.005389,-0.002241
0.001205,-0.000948,-0.000127
0.001024,0.001041,0.002915
0.001400,-0.001302,0.008953
-0.001289,0.001619,0.010977
0.000156,0.004149,0.012976
-0.002328,0.008623,0.012042
0.000334,0.010189,0.012585
0.001956,0.009487,0.008586
-0.003184,0.008421,0.001422
-0.001448,0.007984,-0.003373
-0.004399,0.008530,-0.001374
-0.006078,0.009111,0.001034
0.000627,0.002374,0.006188
0.000764,0.000237,0.017292
-0.000571,-0.002756,0.016668
-0.000744,-0.002023,0.015454
-0.001170,0.012333,0.003078
-0.004693,0.027503,-0.002636
-0.002400,0.030113,-0.005442
-0.000740,0.027713,-0.010378
-0.000099,0.015084,-0.013496
-0.002343,0.001965,-0.013780
-0.004584,-0.009546,-0.007722
-0.004158,-0.019947,-0.005056
-0.000018,-0.019615,-0.005364
0.000620,-0.011415,-0.008227
0.001542,0.002341,-0.010507
-0.001454,0.011098,-0.010631
0.001575,0.020408,-0.010701
-0.000465,0.016602,-0.012733
-0.000343,0.010552,-0.015093
-0.000710,-0.003079,-0.013737
-0.002751,-0.014506,-0.013201
-0.002008,-0.017066,-0.016473
-0.000846,-0.012736,-0.022770
0.000617,-0.013258,-0.020502
-0.000682,-0.008193,-0.018976
-0.001193,-0.011168,-0.018432
-0.000069,-0.014365,-0.019821
0.000254,-0.014120,-0.018682
-0.001345,-0.015248,-0.017581
-0.000547,-0.016243,-0.010990
0.000986,-0.016549,-0.012553
-0.000941,-0.008959,-0.006071
0.001590,-0.006066,-0.008436
0.002079,-0.001406,-0.010761
0.002054,0.001993,-0.009201
0.000103,0.003603,-0.005875
0.001630,0.001425,-0.010728
0.001340,-0.006203,-0.008974
-0.000345,-0.008247,-0.011306
-0.000074,-0.015425,-0.008081
0.000354,-0.013029,-0.006298
0.002231,-0.012622,-0.005124
0.001102,-0.007498,-0.002686
0.000968,-0.002779,-0.000956
0.001919,0.005475,0.001288
0.003246,0.001541,0.002134
0.000614,0.003334,0.008393
0.000213,0.006540,0.010221
-0.001148,0.000740,0.012052
0.000586,0.002007,0.009423
-0.001613,0.001787,0.009858
-0.000999,0.000054,0.009300
-0.002402,0.001605,0.006146
-0.004392,0.001453,0.003617
-0.003663,0.003103,-0.005660
-0.002873,0.001047,-0.005413
-0.000964,-0.007109,-0.006901
-0.000447,-0.009598,-0.003331
-0.001275,-0.010555,-0.007523
0.000262,-0.012497,-0.002648
-0.000721,-0.007893,-0.000126
0.001710,-0.000240,0.001381
0.002703,0.009671,0.003889
0.002692,0.012624,0.012130
0.003113,0.015884,0.013952
0.002721,0.015479,0.021704
-0.000340,0.015908,0.022067
-0.001428,0.016215,0.022626
-0.002382,0.016853,0.025414
-0.002357,0.014022,0.022490
-0.004154,0.014605,0.021896
-0.003680,0.011966,0.020576
-0.003976,0.008176,0.014864
-0.003295,0.004648,0.016142
-0.004718,-0.001436,0.015067
-0.002622,-0.009130,0.013606
-0.001571,-0.014022,0.009951
-0.002737,-0.010984,0.008731
-0.001601,-0.003312,0.001275
-0.002523,0.001807,-0.000652
-0.001287,0.010200,-0.000630
-0.000192,0.011975,0.003482
0.000159,0.007457,0.001692
0.001829,-0.003707,0.004347
-0.001248,-0.009804,0.006739
-0.001297,-0.011489,0.006021
-0.001268,-0.012419,0.002222
0.000034,-0.006562,0.002641
-0.000106,-0.002368,0.004026
-0.001888,0.001526,0.003622
-0.001245,0.005647,-0.001073
-0.000846,0.010245,0.002747
-0.002399,0.009830,0.003760
-0.002715,0.008207,0.006515
-0.002320,0.001479,0.006465
-0.001322,0.000027,0.009692
-0.002358,-0.004035,0.011792
-0.000315,-0.005603,0.008914
-0.002263,-0.001235,0.009674
-0.001414,-0.001455,0.005146
-0.003050,-0.001114,0.003516
-0.001817,-0.004269,0.001628
-0.002267,-0.007743,-0.004341
-0.003471,-0.008802,-0.003673
-0.002060,-0.013219,-0.006163
-0.001498,-0.013204,-0.005194
-0.001800,-0.012711,-0.006446
-0.001082,-0.008631,-0.010638
0.000351,-0.004201,-0.009660
-0.000411,-0.003704,-0.011710
-0.001357,-0.001161,-0.011194
-0.001551,-0.001063,-0.006218
0.000561,-0.001870,-0.004604
-0.000202,-0.002438,-0.002164
0.000571,-0.000584,-0.000160
-0.000016,-0.000536,-0.004556
-0.000337,0.002534,-0.008778
-0.000469,0.006346,-0.011356
-0.000542,0.011612,-0.015854
-0.003784,0.020889,-0.027583
-0.004252,0.025650,-0.031411
-0.003670,0.022936,-0.035036
-0.005373,0.015460,-0.032308
-0.005146,0.004362,-0.036632
-0.003920,-0.004992,-0.038345
-0.004087,-0.014439,-0.035478
-0.004762,-0.023806,-0.028959
-0.001028,-0.025746,-0.022741
0.000060,-0.027431,-0.012075
-0.000881,-0.024861,-0.006434
0.000837,-0.024885,0.003185
0.002109,-0.018837,0.006153
0.003460,-0.014858,0.008697
0.002135,-0.012416,0.008061
0.000912,-0.002749,0.009830
0.001292,-0.002392,0.014401
-0.001849,-0.005759,0.015813
-0.002659,-0.015831,0.017411
-0.002408,-0.030414,0.020451
-0.002714,-0.037990,0.017775
-0.000503,-0.050179,0.018557
-0.001081,-0.053056,0.020591
-0.002449,-0.054939,0.019694
-0.000772,-0.046091,0.019539
0.001509,-0.038363,0.017196
0.002769,-0.028670,0.017802
0.003468,-0.024098,0.017340
0.003502,-0.012424,0.018394
0.000749,-0.007718,0.015998
0.002021,-0.005870,0.014695
0.001347,-0.005026,0.012942
0.000468,-0.007132,0.012939
0.000004,-0.008302,0.009619
-0.002573,-0.012275,0.009497
-0.001513,-0.013296,0.003218
-0.001639,-0.015090,0.005230
-0.000430,-0.011618,0.003742
0.000008,-0.004032,-0.002682
-0.001257,0.000446,-0.009801
0.000568,0.010665,-0.009310
-0.001446,0.012046,-0.008258
0.002663,0.009372,-0.006604
0.001802,0.004257,-0.003391
0.001991,-0.004368,-0.000344
0.000764,-0.012251,0.001751
0.000945,-0.007812,-0.000679
-0.001597,-0.001648,-0.002391
-0.001287,0.007262,-0.006713
-0.001957,0.017038,-0.004370
-0.001090,0.014667,-0.008518
-0.003527,0.008806,-0.004606
-0.003304,0.009500,-0.004931
-0.002352,-0.000184,-0.007542
-0.002618,-0.004848,-0.006120
-0.001407,-0.004918,-0.004648
-0.001282,-0.006598,0.000171
0.000184,0.000490,0.000344
0.000654,0.005422,0.002263
0.002021,0.006314,0.003316
0.001726,0.009567,0.002430
0.001330,0.015118,0.003999
-0.000802,0.016332,0.001267
0.000801,0.015183,0.000720
0.001366,0.013464,-0.001554
0.001171,0.013482,-0.004041
-0.002190,0.011706,-0.003463
-0.003245,0.009334,-0.009385
-0.003888,0.009282,-0.013898
-0.003652,0.007325,-0.019067
-0.002039,0.005102,-0.020193
-0.001682,0.001119,-0.019435
-0.002133,0.001007,-0.018703
-0.000663,-0.001071,-0.014739
-0.001289,-0.002870,-0.006936
-0.000100,-0.004526,-0.000560
0.001248,-0.002609,0.000783
0.002469,-0.003395,0.003752
0.001203,-0.005956,0.006454
0.000008,-0.002956,0.006262
-0.001483,-0.003536,0.005219
0.000189,-0.003668,0.001274
-0.000612,0.000662,0.003083
-0.000891,0.000458,-0.000926
-0.001334,-0.002773,-0.002503
-0.003088,-0.004782,-0.005369
-0.001292,-0.002581,-0.001883
-0.002172,-0.002674,-0.010385
0.000618,-0.001662,-0.010780
-0.001849,-0.000683,-0.007905
-0.000768,0.002136,-0.009973
0.000948,-0.000402,-0.005531
0.001544,0.005480,-0.005489
0.001176,0.009928,-0.002419
0.001105,0.011252,-0.000033
0.000326,0.011328,-0.002385
0.000827,0.014159,-0.002457
-0.001195,0.010581,-0.002778
-0.000021,0.005234,-0.004169
-0.000990,0.006046,-0.001849
-0.000491,0.005317,-0.008706
-0.001695,0.008246,-0.009106
-0.002672,0.009169,-0.006972
-0.001689,0.013382,-0.008517
-0.001856,0.011009,-0.008266
-0.000707,0.010094,-0.009169
0.000144,0.004705,-0.003179
0.001073,0.006645,-0.002561
0.001232,0.004753,0.001255
0.002315,0.007118,0.005290
0.000135,0.006872,0.009719
0.000914,0.008959,0.009600
-0.001232,0.009765,0.010584
-0.001273,0.008051,0.013533
-0.000814,0.007148,0.011836
-0.000164,0.004246,0.015554
-0.001213,0.000422,0.014978
0.000794,0.000457,0.015099
-0.000114,0.001504,0.015319
-0.001636,0.007432,0.008744
-0.000532,0.010340,0.006759
-0.002540,0.018142,0.004883
-0.000567,0.019118,0.002572
0.000738,0.012112,0.008628
0.000925,0.005270,0.012765
0.001747,-0.005835,0.014464
-0.001410,-0.003554,0.011813
-0.003462,0.004996,0.005533
-0.001666,0.013104,0.002542
-0.000568,0.018918,-0.000919
-0.000754,0.017618,-0.002178
-0.000473,0.008798,0.001225
-0.002554,0.002132,-0.001713
-0.003772,0.000584,-0.003847
-0.005428,0.003533,-0.009692
-0.003574,0.005151,-0.010545
-0.002445,0.008055,-0.006609
-0.000498,0.002040,-0.002444
0.001674,-0.004822,-0.003288
0.000092,-0.005285,-0.004294
0.003728,-0.002760,0.000398
0.003778,0.000736,0.003597
0.002190,0.008780,0.000609
0.002231,0.019456,0.002207
-0.000351,0.026040,0.004153
0.000604,0.029250,0.005621
-0.001955,0.023182,0.004633
-0.004282,0.013791,0.007882
-0.003491,0.004830,0.003793
-0.003488,-0.003820,-0.000954
-0.004531,-0.005609,-0.003639
-0.005140,0.001732,-0.004956
-0.001133,0.006393,-0.005974
-0.002485,0.009037,-0.009669
-0.002215,0.011028,-0.007899
-0.001975,0.007138,-0.005324
0.000768,0.007978,-0.001096
0.001333,0.003995,0.003059
-0.000433,-0.000966,0.005202
-0.001151,-0.003098,0.009420
-0.001127,-0.000599,0.008320
-0.001565,-0.001072,0.005075
-0.001905,-0.001243,0.007316
-0.000628,-0.000714,0.008107
-0.001288,0.000832,0.004191
0.000090,0.007424,0.004097
0.000592,0.006079,0.003220
0.000748,0.006401,0.007835
0.000021,0.005895,0.001383
0.000200,0.005782,0.004793
-0.000837,0.015402,0.002295
0.000610,0.017595,-0.000475
-0.001430,0.020826,-0.001364
-0.001519,0.011466,0.000701
-0.000379,-0.001311,0.001991
0.001904,-0.006480,0.001354
0.000063,-0.007208,0.001712
-0.001632,-0.006740,0.002717
-0.000983,-0.005184,-0.001533
-0.001414,-0.000822,-0.002715
-0.001555,0.000878,-0.001059
-0.000791,0.001404,-0.000342
-0.000901,-0.000583,-0.003347
-0.001251,-0.001832,-0.002907
0.000334,-0.003222,-0.003145
-0.000899,-0.004625,-0.001860
-0.000364,-0.001218,-0.002288
-0.002056,-0.001844,-0.000774
-0.000467,0.000168,-0.004779
0.001503,0.000737,-0.002761
0.002243,0.001080,-0.002759
0.000121,0.000926,-0.003207
0.000152,-0.001328,0.000287
-0.000391,-0.002921,-0.000388
-0.000051,-0.001107,0.000282
-0.001059,0.001109,-0.000871
-0.000886,0.003932,0.001106
0.002221,0.006310,-0.003481
-0.001369,0.008969,-0.002624
-0.001668,0.007541,-0.007958
-0.000804,0.011535,-0.006016
-0.000177,0.006395,0.000302
0.001565,-0.000684,0.005676
0.003197,-0.007903,0.010167
0.001290,-0.011920,0.016708
0.001289,-0.010274,0.016546
-0.000459,0.000215,0.010207
-0.002144,0.008673,0.008388
-0.001027,0.014175,0.000347
-0.002400,0.016911,-0.003050
-0.001626,0.015759,0.000880
-0.000750,0.005628,0.003357
-0.002702,-0.002944,0.008588
-0.002470,-0.011390,0.013868
-0.002445,-0.013601,0.017128
-0.001322,-0.015494,0.018575
-0.001569,-0.012300,0.019914
-0.000551,-0.006970,0.013950
-0.000671,0.004908,0.010912
0.000400,0.015056,0.001607
-0.001427,0.019386,-0.002921
-0.000963,0.014375,-0.000283
-0.000510,0.007554,-0.000371
-0.001654,-0.002303,0.004737
-0.001293,-0.009337,0.003684
-0.001604,-0.007951,0.002570
-0.001042,-0.010240,0.002715
-0.002425,-0.004977,-0.002114
-0.001761,0.002815,-0.002958
0.000248,0.005887,-0.003917
-0.000786,0.005972,-0.000586
-0.000214,0.007263,0.003935
-0.000171,0.007672,0.006055
-0.001922,0.003110,0.009453
0.000958,0.002165,0.014909
-0.000316,0.001575,0.015253
0.000914,0.001989,0.017410
-0.000462,0.004668,0.018369
-0.001969,0.007618,0.020162
-0.003618,0.005963,0.018011
-0.003937,0.005324,0.013630
-0.002917,0.001212,0.007165
-0.002141,-0.006043,0.002407
-0.002722,-0.007096,-0.004459
-0.002868,-0.008209,-0.012939
-0.003009,-0.006690,-0.013780
-0.003029,-0.005664,-0.015060
-0.001905,-0.004341,-0.015910
-0.000415,-0.007903,-0.014947
0.000994,-0.009326,-0.013235
0.002377,-0.008421,-0.011937
0.000815,-0.001913,-0.012806
0.000963,0.003866,-0.013473
-0.000266,0.013643,-0.014515
-0.000259,0.012512,-0.018035
0.000094,0.013959,-0.017893
-0.001430,0.006679,-0.015553
-0.001211,0.000474,-0.015310
-0.001981,-0.001924,-0.013533
0.000301,-0.000264,-0.016354
-0.002147,0.002463,-0.017222
-0.002502,0.003340,-0.018119
-0.003733,0.002595,-0.021380
-0.000504,0.001680,-0.015456
-0.000462,-0.000430,-0.010670
-0.000369,-0.001088,-0.005050
-0.000331,-0.004796,-0.001375
0.000745,-0.005486,-0.001976
0.000290,-0.004407,-0.000567
-0.000296,0.001224,0.000476
-0.002728,0.004483,-0.004572
0.000062,0.004657,-0.002036
-0.001043,0.000849,0.001416
-0.002403,-0.008063,-0.000067
-0.001209,-0.014425,0.000427
0.000224,-0.014339,0.000116
-0.000669,-0.012255,-0.005652
-0.000182,-0.003232,-0.008717
-0.001025,0.004584,-0.012964
-0.002728,0.009214,-0.010639
0.000808,0.006990,-0.006041
0.001550,-0.001963,0.001942
0.000404,-0.013331,0.011694
-0.000508,-0.023090,0.014160
-0.001684,-0.018349,0.016714
-0.002160,-0.006472,0.010598
-0.001243,0.003819,0.002911
-0.000809,0.011174,0.000493
-0.001975,0.010457,-0.006529
-0.002538,0.001962,-0.006093
-0.002791,-0.007854,-0.002326
-0.004457,-0.019280,-0.001930
-0.000299,-0.026225,-0.009041
-0.001960,-0.019758,-0.007820
-0.002716,-0.009362,-0.008706
-0.000633,-0.002486,-0.009823
-0.000649,-0.000052,-0.011832
-0.000499,0.000212,-0.008539
0.000290,-0.001318,-0.012865
0.001279,-0.004129,-0.008535
0.000925,-0.001955,-0.010477
0.001839,-0.001104,-0.007980
0.000578,-0.001291,-0.003366
0.000791,0.001259,-0.003909
-0.000325,0.001978,-0.003938
-0.000823,-0.002491,-0.004953
-0.000699,-0.004764,0.000002
-0.000061,-0.005951,-0.004330
-0.001226,-0.003680,-0.008503
-0.001032,0.001221,-0.011286
-0.000693,0.002511,-0.010589
-0.001759,0.004501,-0.012809
-0.000354,-0.000969,-0.011421
-0.001211,-0.004317,-0.014917
-0.000357,-0.006231,-0.011713
-0.001393,-0.003934,-0.009674
-0.001432,-0.003164,-0.014475
-0.000149,-0.003460,-0.013532
0.000845,-0.005605,-0.011612
-0.000118,-0.002994,-0.012990
-0.001657,-0.004121,-0.011387
0.001097,-0.001878,-0.013096
0.000828,-0.003350,-0.016060
-0.000616,-0.004450,-0.011303
-0.001370,-0.007782,-0.012858
0.000188,-0.005598,-0.012538
-0.000268,-0.000428,-0.008069
0.001398,-0.000755,-0.003519
0.001030,-0.001459,-0.002707
0.002528,-0.001402,-0.001331
0.001516,0.000175,0.002335
0.000449,0.000744,0.004547
-0.002435,-0.001086,0.005563
-0.001094,-0.003606,0.003321
-0.001007,-0.003134,0.003035
-0.001455,0.004228,0.001329
-0.001919,0.004429,-0.000123
-0.003220,0.001460,-0.001329
-0.002582,-0.002295,-0.004275
-0.003111,-0.007462,-0.010706
-0.002584,-0.008256,-0.007769
-0.002468,-0.015518,-0.009617
-0.001290,-0.013335,-0.008566
-0.000463,-0.012902,-0.008221
-0.001194,-0.007199,-0.008986
0.000100,-0.004944,-0.009414
-0.000569,-0.003459,-0.011798
0.000324,-0.003212,-0.011098
0.001189,-0.001619,-0.011062
-0.001646,-0.001637,-0.009137
-0.000828,-0.000259,-0.009061
-0.000851,-0.002565,-0.012611
0.000594,-0.001251,-0.005730
-0.000820,-0.004242,-0.004795
0.000569,-0.004057,-0.002716
0.000398,-0.005918,-0.001612
-0.001796,-0.004250,-0.003595
-0.000150,-0.001467,-0.010122
-0.001856,0.006430,-0.008798
-0.002384,0.009258,-0.009122
-0.001838,0.004297,-0.006247
-0.001394,-0.002163,-0.000829
-0.001847,-0.010784,-0.002361
-0.001926,-0.018756,-0.007365
-0.002371,-0.018043,-0.012657
-0.003481,-0.020544,-0.014740
-0.004162,-0.016037,-0.017251
-0.000994,-0.015970,-0.018414
-0.000950,-0.016132,-0.015583
-0.000919,-0.017205,-0.018271
-0.000850,-0.015902,-0.018652
0.000430,-0.014491,-0.018001
0.001400,-0.009014,-0.013278
0.002187,-0.005466,-0.007966
0.002603,-0.001732,-0.003399
0.003652,-0.001815,0.001123
0.003597,0.002122,0.005240
0.002040,0.006208,0.005208
-0.000797,0.009829,0.004249
0.001034,0.011245,0.007791
-0.001586,0.008447,0.005837
-0.000490,0.006573,0.000568
-0.003543,0.006251,-0.000336
-0.001572,0.003726,-0.005974
-0.003157,0.000016,-0.008743
-0.003782,-0.002576,-0.013514
-0.002761,-0.002752,-0.015024
-0.001428,-0.000852,-0.019111
-0.000327,-0.006058,-0.020783
-0.000010,-0.004881,-0.018284
-0.002070,-0.004471,-0.012031
0.000303,-0.004718,-0.016279
0.002186,0.003997,-0.016452
0.002383,0.006837,-0.017616
0.002198,0.007927,-0.010448
0.001259,0.003595,-0.004611
0.001618,-0.000684,-0.004794
-0.000259,-0.001094,-0.003082
-0.000982,-0.005790,-0.000350
-0.000368,-0.007185,-0.002945
-0.003029,-0.005614,-0.004591
-0.002718,-0.003814,-0.007564
-0.001299,-0.005795,-0.005604
-0.001826,-0.004559,-0.006588
-0.001564,-0.008635,-0.006364
-0.001975,-0.009995,-0.003227
-0.000658,-0.007968,-0.005152
0.001830,-0.008645,-0.000979
0.000766,-0.006857,0.002234
-0.000432,-0.003593,0.000691
0.001302,0.000229,0.006999
0.001068,0.004879,0.004825
0.001138,0.005879,0.000893
0.000062,0.010470,0.004659
-0.001388,0.008296,0.005745
-0.001823,0.001716,0.007893
-0.002195,-0.004060,0.009727
-0.001812,-0.003309,0.005481
-0.001912,-0.005615,0.005879
-0.001802,-0.006096,0.006554
-0.000506,-0.003226,0.003763
-0.002375,0.000478,-0.004474
0.000648,0.000510,0.002625
0.001333,0.000805,-0.000350
-0.000909,-0.001218,-0.001252
-0.001035,-0.001833,-0.001229
-0.000356,-0.002593,0.003071
0.002133,0.001817,0.001556
0.002354,0.001857,0.002616
0.000382,0.009815,-0.000128
0.001033,0.010850,-0.000159
-0.000051,0.012294,0.006790
0.000293,0.006395,0.010165
0.001909,0.004895,0.014356
0.001794,0.004420,0.013890
0.002095,0.005450,0.013950
-0.000647,0.009807,0.013659
0.000059,0.018322,0.013331
-0.000219,0.023907,0.015641
0.000450,0.021120,0.016056
-0.000187,0.015883,0.023476
-0.001447,0.007122,0.023578
-0.002142,0.004589,0.016329
-0.004722,0.007704,0.017031
-0.004625,0.013082,0.013598
-0.004273,0.015733,0.012008
-0.002944,0.014585,0.007681
-0.002380,0.008215,0.003956
-0.004640,0.004554,0.001758
-0.003057,0.003895,-0.000553
-0.000553,0.009424,-0.001341
0.000324,0.014437,0.000059
0.001258,0.017895,0.000441
0.000197,0.014123,0.002811
0.002073,0.007879,0.006129
-0.000649,0.006765,0.005619
0.001761,0.010638,0.005293
0.002457,0.012531,0.007463
0.000670,0.010318,0.004873
-0.000518,0.007586,0.005519
-0.000555,0.004611,0.005986
-0.000314,-0.001266,0.000474
-0.001116,0.007227,0.002680
-0.000577,0.008621,0.000226
-0.003384,0.005362,-0.000945
-0.001949,-0.001120,-0.002326
-0.001527,0.001408,0.001365
0.001389,0.002649,-0.000682
0.001857,0.008419,0.003138
0.000622,0.012656,0.003946
0.001006,0.018805,0.006061
-0.000749,0.015668,0.011070
-0.000073,0.012010,0.016235
0.001894,0.006520,0.015615
0.000387,0.002557,0.016117
-0.001187,0.001436,0.018027
-0.001782,-0.001358,0.012518
-0.000496,0.001299,0.013622
-0.002429,-0.003905,0.011028
-0.001647,-0.003489,0.006607
-0.003028,-0.007164,0.003643
-0.000806,-0.006433,0.004015
0.000046,-0.008052,0.003493
0.000481,-0.008780,0.007844
0.001873,-0.009098,0.008056
0.002531,-0.002233,0.008977
0.001542,-0.000277,0.009577
-0.000045,0.007239,0.008670
