-0.001862,0.030068,-0.005688
-0.002707,0.025842,-0.009969
-0.000680,0.025821,-0.007840
-0.000578,0.028139,-0.011080
-0.000468,0.031391,-0.016342
-0.002305,0.034634,-0.020579
-0.003167,0.038852,-0.015231
-0.005911,0.043079,-0.010935
-0.001837,0.037700,-0.006709
-0.000725,0.024908,-0.007847
-0.002453,0.014430,-0.016294
0.007809,-0.025280,-0.090878
0.000817,-0.027056,-0.035274
-0.003578,-0.010395,-0.000908
-0.004555,0.004511,0.004755
-0.001590,0.006689,0.000543
-0.002153,0.000316,-0.002681
-0.001890,-0.002898,-0.001682
0.001027,-0.010341,-0.003850
0.008283,-0.009305,-0.000651
0.010489,-0.010373,-0.000653
0.009422,-0.005069,0.002584
0.010195,-0.001876,0.003672
0.007140,-0.002911,0.000480
0.007467,-0.007215,0.003612
0.008882,-0.009348,0.003607
0.008486,-0.013595,0.001420
0.009177,-0.016806,0.002473
0.007765,-0.021062,0.001375
0.007311,-0.023227,0.004553
0.006852,-0.015746,0.003564
0.006529,-0.006226,0.012143
0.004304,-0.001907,0.006883
0.006063,0.000302,-0.000525
0.004896,0.002378,0.005857
0.004681,0.006679,0.002718
0.003493,0.006679,0.002733
0.003339,0.004542,0.002679
0.005139,0.000228,0.006901
0.002960,0.004495,0.006918
0.003700,0.004496,0.006889
0.005491,0.002372,0.005802
0.004435,0.006697,-0.000559
0.003368,0.012010,0.001582
0.004323,0.013104,-0.000519
0.005297,0.010981,-0.001592
0.005269,0.006684,0.001581
0.001332,0.003441,0.005818
0.001194,0.004479,0.009038
0.001077,0.001248,0.012228
0.001000,0.001245,0.012200
0.001848,0.002270,0.016461
-0.000185,0.002331,0.010067
0.002682,0.001285,0.007936
0.002647,-0.005170,0.013178
0.002671,-0.007231,0.005718
0.000695,-0.006166,0.005707
0.001622,-0.004041,0.006814
0.001651,-0.005147,0.011062
0.003584,-0.010441,0.006765
0.003535,-0.017869,0.002456
0.001508,-0.020055,0.007763
-0.000497,-0.026459,0.007721
0.001377,-0.027483,0.003468
0.001268,-0.017896,0.005694
0.000224,-0.011556,0.012130
0.000213,-0.004108,0.014296
0.000223,-0.005164,0.013232
0.002176,-0.007287,0.012145
0.003170,-0.011546,0.011026
0.003175,-0.018986,0.007786
0.003102,-0.021088,0.004584
0.002974,-0.016819,0.004614
0.002847,-0.011452,0.001471
0.003735,-0.002905,0.000491
0.002746,0.005611,0.002688
0.000796,0.012037,0.000614
0.002806,0.015208,0.003846
0.002901,0.013103,0.000652
0.000035,0.005611,0.002695
0.002932,-0.007191,0.002568
0.001856,-0.013615,0.004634
0.000755,-0.010439,0.006771
0.000676,-0.006149,0.004686
0.001613,0.003443,0.005825
-0.000323,0.017316,0.005946
0.001725,0.021616,0.002793
0.001889,0.023760,0.001737
0.002992,0.016312,-0.000465
0.002106,0.009920,-0.001582
0.001137,0.006708,-0.000549
0.001128,0.001382,-0.001670
0.003011,-0.002878,-0.002768
0.001988,-0.002898,-0.000632
-0.000007,-0.001839,0.000430
-0.001975,-0.005051,0.001463
-0.000012,0.002407,0.002590
0.000040,0.009855,0.004777
0.000105,0.015189,0.004832
0.002141,0.014124,0.004843
0.001239,0.013089,0.001622
0.001278,0.006719,-0.001617
0.002248,-0.001789,-0.004888
0.003207,-0.007156,-0.001745
-0.002705,-0.001789,-0.004874
0.000183,0.007794,-0.002661
0.002140,0.007786,-0.001608
0.002166,0.007787,-0.001594
0.001231,0.005620,0.001564
0.000270,0.000306,-0.000598
-0.000723,-0.006107,0.000400
0.000215,-0.011442,0.000367
0.000170,-0.013607,0.003524
-0.000897,-0.012604,0.009892
-0.001912,-0.006192,0.008874
0.000052,0.000212,0.008943
0.003029,0.005538,0.010086
0.003125,0.001278,0.008967
0.003175,-0.001879,0.004716
0.003153,-0.010383,0.001465
0.002125,-0.011428,-0.000674
-0.000874,-0.011427,-0.000660
0.000992,-0.005047,0.001533
-0.000973,0.002425,0.001619
-0.001942,0.006660,0.004825
-0.001914,-0.000884,0.012194
-0.002866,-0.011536,0.009930
-0.000949,-0.014686,0.004569
-0.000058,-0.012504,-0.000730
0.000856,-0.005056,0.001444
0.002793,0.004617,-0.004833
0.003781,0.013144,-0.003691
0.002866,0.010989,-0.001566
0.000953,0.006733,-0.002637
0.000995,0.001379,-0.000555
0.002984,-0.002889,-0.000586
0.002958,-0.001868,0.003648
0.000026,0.001376,-0.000575
0.000989,0.007782,-0.000485
0.001009,0.012039,0.000606
0.000094,0.013104,0.000595
0.001110,0.004565,0.000493
-0.000827,-0.001828,-0.000631
-0.001822,-0.002915,0.001495
-0.001886,-0.003994,0.002533
0.001032,0.001342,0.002587
0.001045,0.006661,0.004768
0.002060,0.004528,0.004763
0.000144,0.004577,-0.000562
0.002124,-0.004012,0.004690
0.003105,-0.010392,0.002525
0.001123,-0.011459,0.002523
0.002054,-0.003982,0.001500
0.001062,0.001397,-0.002683
0.001078,0.009884,0.002688
0.000149,0.008859,-0.001572
-0.000774,0.008826,0.001597
-0.000725,0.008816,0.002665
0.000291,0.003498,0.000490
0.001290,0.003488,0.001558
0.000303,-0.002914,0.001495
0.000251,-0.003970,0.000439
-0.000772,-0.007180,0.001471
-0.000816,-0.009324,0.002534
0.001126,-0.006166,0.006807
0.000150,-0.000819,0.005799
0.001180,0.001295,0.007932
0.001219,0.003449,0.005815
0.002237,0.003471,0.003700
0.001289,0.002426,0.001576
0.001313,0.003488,0.001558
0.000356,-0.002883,-0.001681
-0.000642,-0.002913,0.001509
0.001269,-0.006114,0.001481
0.000262,-0.003969,0.000453
-0.000760,-0.006135,0.003617
0.000186,-0.009334,0.003581
0.001108,-0.010400,0.003579
0.001070,-0.011493,0.005685
0.000069,-0.011461,0.002502
0.000031,-0.006122,0.002541
-0.000944,0.001358,0.001538
0.002980,0.004588,-0.001616
0.002031,0.004578,-0.000555
0.003019,0.001410,-0.003781
0.002040,-0.000755,-0.000603
0.001051,0.001424,-0.004814
0.001056,0.001412,-0.003774
0.001054,0.004608,-0.003737
0.000079,0.004597,-0.002683
-0.000892,0.003511,-0.000578
-0.002801,0.016307,0.000615
-0.000744,0.019521,-0.000425
0.003264,0.020588,-0.000409
0.000459,0.019476,0.003820
-0.000428,0.017373,0.000618
0.000590,0.009916,-0.000502
0.000610,0.005636,0.000515
0.002598,0.001338,0.003674
0.001636,0.001369,0.000470
0.002605,0.001367,0.000464
0.002602,0.001389,-0.001651
-0.000300,0.011002,-0.002635
-0.000234,0.013148,-0.003671
0.000784,0.013140,-0.002611
0.001809,0.012093,-0.004756
-0.001068,0.010992,-0.001589
-0.003005,0.005658,-0.001607
-0.001051,0.005618,0.002636
-0.001023,0.002396,0.004744
-0.001014,-0.001853,0.002592
-0.000044,-0.001864,0.003646
-0.000064,-0.000743,-0.001657
0.001898,0.002467,-0.002718
0.003869,0.004590,-0.001652
0.004855,0.004686,-0.011201
0.001912,0.006824,-0.011191
-0.000040,0.010004,-0.009034
-0.001007,0.008965,-0.012218
-0.000034,0.007826,-0.004765
-0.000975,0.015299,-0.004708
-0.001890,0.014169,0.001662
0.001101,0.012024,0.002698
0.003103,0.003498,0.001569
0.001184,0.001371,0.000483
0.000228,0.001414,-0.003754
0.002144,0.001425,-0.004808
0.002134,0.005734,-0.009042
0.003112,0.002546,-0.010146
0.000180,0.006772,-0.005865
-0.001765,0.004622,-0.004828
0.000199,0.001431,-0.005917
-0.000778,0.004621,-0.004813
-0.000783,-0.000735,-0.002731
-0.002742,0.002462,-0.001644
-0.000798,-0.000772,0.001504
0.000161,0.000300,0.000454
0.000180,-0.001845,0.001490
0.001160,0.000303,0.000446
0.001172,0.002491,-0.004833
0.001193,0.004588,-0.000573
0.003160,0.004588,-0.000566
0.003184,0.002493,-0.004813
0.003187,0.005725,-0.007975
0.001230,0.002500,-0.005887
0.000225,0.002513,-0.006920
0.000199,0.002474,-0.002677
-0.002725,0.004607,-0.002673
-0.001743,0.003519,-0.000560
-0.000754,0.005640,0.000492
0.000245,0.003473,0.003657
0.002210,0.000303,0.000446
-0.000696,0.000301,0.000440
0.000277,0.002479,-0.003779
0.001259,0.000358,-0.004867
0.002216,-0.003931,-0.002768
0.003148,-0.001756,-0.007000
0.000192,-0.000710,-0.004862
0.002120,0.000360,-0.004846
0.003071,0.002495,-0.004814
0.000181,0.009960,-0.004761
0.001203,0.009949,-0.003700
-0.000715,0.009953,-0.003715
0.000291,0.006733,-0.001594
-0.000661,0.002483,-0.003766
-0.001644,-0.003920,-0.003822
0.000242,-0.008203,-0.002804
0.001128,-0.009248,-0.004922
-0.000866,-0.002872,-0.001692
0.002047,0.002464,-0.001638
0.001096,0.007764,0.001579
0.000175,0.007795,-0.001618
0.001183,0.001437,-0.005919
0.001165,-0.003921,-0.003857
-0.000813,-0.003912,-0.004896
-0.001815,-0.000754,-0.000631
-0.000852,0.002447,-0.000596
0.000113,0.004572,0.000497
0.000140,0.007733,0.004783
-0.002719,0.005589,0.005832
0.000241,0.003467,0.004745
-0.000708,0.000224,0.008975
0.002236,-0.001881,0.005767
0.002240,-0.001891,0.006828
0.003231,-0.005091,0.006792
0.002239,-0.008261,0.003574
0.002208,-0.005080,0.005724
0.000246,-0.002902,0.001505
-0.000723,0.003510,0.000501
0.000259,0.006701,0.001603
0.000280,0.006713,0.000542
0.001282,0.002423,0.002634
0.000313,-0.007204,0.004665
-0.000713,-0.012538,0.004633
-0.001740,-0.014684,0.005675
0.000162,-0.009370,0.007844
-0.001785,0.000246,0.006860
-0.002732,0.004514,0.006890
0.000235,0.004512,0.006883
0.001277,0.002430,0.001546
0.001293,-0.003942,-0.001686
0.001275,-0.007142,-0.001700
0.001210,-0.002860,-0.002710
0.000202,0.001376,0.000496
0.000226,0.013106,0.001680
-0.000692,0.015207,0.004868
0.000390,0.009841,0.008011
0.001445,0.002371,0.007946
0.002451,-0.004002,0.004700
-0.000476,-0.006147,0.005743
0.000480,-0.007201,0.004672
0.001431,0.000279,0.003669
0.001453,0.005603,0.004763
0.002464,0.003500,0.001554
0.001497,-0.003970,0.001482
-0.000454,-0.010352,-0.000710
-0.002453,-0.011432,0.000371
-0.002519,-0.009319,0.002518
-0.000594,-0.005074,0.005771
-0.001566,-0.004038,0.008978
-0.000575,-0.003004,0.012149
0.000420,-0.006132,0.004687
0.001381,-0.010385,0.002516
0.002329,-0.009287,-0.000672
0.001327,-0.001834,0.001528
0.002307,0.003544,-0.002669
0.001333,0.006779,-0.005832
0.000382,0.008923,-0.006888
-0.000585,0.006733,-0.001594
-0.000546,0.009935,-0.001559
0.000482,0.004568,0.001570
-0.000476,0.002414,0.003694
-0.001441,-0.000806,0.005802
-0.001457,0.000250,0.006865
0.000507,-0.000819,0.006856
0.001506,0.003450,0.006894
-0.000376,0.006638,0.007976
0.003585,0.003467,0.004744
0.001665,0.002455,-0.000599
-0.000284,-0.000735,-0.001681
0.000680,0.002472,-0.002719
0.000700,0.007819,-0.003727
0.001699,0.012045,0.000547
-0.000181,0.013090,0.002679
0.000868,0.013090,0.002686
-0.002965,0.006687,0.002616
-0.000005,0.000262,0.004696
0.001943,-0.006119,0.002525
0.000925,-0.009320,0.002490
0.000894,-0.002927,0.003621
-0.000092,0.000281,0.003654
-0.000094,0.003504,0.001574
0.001896,0.012058,-0.000486
0.001949,0.007790,-0.000517
0.002974,0.002444,0.000491
0.002019,0.000342,-0.002718
0.000056,-0.001815,-0.000629
-0.001923,0.001386,-0.000608
0.000992,0.001397,-0.001661
0.000047,0.006722,-0.000547
-0.001867,0.008855,-0.000514
-0.001820,0.006668,0.004780
0.001146,0.005636,0.001600
0.000214,0.003480,0.003690
0.000233,0.001383,0.000508
0.000250,0.004594,-0.000539
0.002202,0.002443,0.000491
0.002218,0.005644,0.000512
0.001275,0.006712,0.000507
-0.000626,0.006734,-0.001615
0.001355,0.008901,-0.004780
0.000419,0.013148,-0.002614
-0.000503,0.012067,-0.001554
-0.001424,0.008888,-0.003690
-0.002381,0.003514,0.000506
-0.001398,0.000292,0.002607
-0.002355,0.000281,0.003675
-0.002354,-0.000838,0.008978
-0.003294,0.001298,0.009010
-0.002287,0.001309,0.007949
0.000650,-0.000819,0.006842
0.000650,-0.007181,0.002515
-0.001338,-0.009299,0.000368
0.000547,-0.010335,-0.002838
0.000508,-0.006041,-0.004924
0.000494,0.005677,-0.002693
-0.000440,0.014201,-0.001556
0.001592,0.014203,-0.001536
0.002648,0.016319,0.000625
0.001772,0.008860,-0.000494
0.000822,0.000323,-0.000540
0.000825,-0.000777,0.002620
0.000803,-0.000767,0.001559
0.003721,0.000333,-0.001608
0.002751,0.001389,-0.000566
0.000802,0.005709,-0.005847
-0.000151,0.009953,-0.003701
-0.000109,0.012065,-0.001574
-0.000058,0.013137,-0.001559
0.001949,0.009935,-0.001587
0.001007,-0.000768,0.001517
0.000984,-0.005013,-0.000615
-0.000986,-0.008258,0.003580
0.000919,-0.006112,0.002545
0.000908,0.002469,-0.001618
-0.000058,0.007772,0.001597
-0.000022,0.015258,-0.000472
-0.000923,0.012047,0.000575
0.001079,0.006733,-0.001615
0.001101,0.000299,0.001512
-0.001814,-0.002868,-0.001721
-0.001829,-0.002898,0.001496
0.000100,0.000281,0.003654
0.001076,0.001369,0.001534
0.001097,0.001366,0.001543
-0.000857,0.002432,0.001545
-0.000840,-0.000775,0.002576
0.002082,-0.002888,0.000436
0.000133,-0.001845,0.002568
-0.000866,-0.001812,-0.000608
-0.000865,-0.000779,0.002592
0.001086,-0.002925,0.003620
0.000125,-0.000790,0.003646
-0.000833,0.002412,0.003681
0.000152,0.003481,0.003704
-0.001751,0.002382,0.006884
-0.001702,-0.002982,0.010041
-0.001676,-0.008327,0.011076
-0.001702,-0.009424,0.014263
-0.002713,-0.010500,0.015336
-0.000751,-0.005148,0.013269
0.001237,0.004497,0.009088
0.001288,0.007732,0.005919
0.004272,0.005669,-0.001569
0.003333,0.005698,-0.004808
0.003361,0.006765,-0.004798
0.003355,0.005728,-0.008039
0.000426,0.007873,-0.009075
0.001395,0.008928,-0.007990
0.001403,0.011041,-0.005842
-0.000509,0.016348,-0.002592
0.000549,0.016306,0.001659
0.000671,0.017343,0.004865
0.002718,0.014131,0.005898
0.001812,0.004547,0.003685
0.001858,0.000246,0.006831
0.001861,-0.001845,0.002561
-0.000097,0.001357,0.002596
0.000900,0.008837,0.001593
0.000977,0.016297,0.002719
-0.001860,0.020584,0.000621
0.000192,0.019496,0.002734
-0.002643,0.014160,0.002666
-0.000609,0.005634,0.001530
0.000369,0.000296,0.001477
0.000368,-0.001838,0.001466
0.000356,-0.001826,0.000411
0.001325,-0.000747,-0.000627
0.002301,0.007823,-0.003735
0.002330,0.007825,-0.003708
0.000415,0.003570,-0.004793
0.001381,-0.000624,-0.012257
-0.000610,-0.004875,-0.014429
0.000268,-0.005975,-0.011270
-0.002724,-0.002760,-0.012304
-0.002753,0.005735,-0.007985
-0.004700,0.008876,-0.002657
-0.003696,0.008844,0.000526
-0.003643,0.006680,0.003690
-0.000674,-0.001845,0.002568
0.000288,-0.012518,0.002482
0.000235,-0.015676,-0.001783
0.002117,-0.012461,-0.002810
0.003998,-0.007135,-0.001688
0.003969,0.000358,-0.003738
0.002008,0.002480,-0.002679
0.003969,0.002490,-0.003733
0.002996,-0.001792,-0.002744
0.001999,-0.002869,-0.001678
-0.000938,-0.002869,-0.001678
-0.002909,-0.003945,-0.000628
-0.000964,0.001391,-0.000581
-0.000963,0.000299,0.001526
0.000022,-0.003927,-0.002762
-0.000992,0.000291,0.002572
0.000966,-0.001853,0.003635
0.001953,-0.001853,0.003635
0.000991,0.000280,0.003647
0.001005,-0.003978,0.002563
0.000980,-0.014617,-0.000713
0.000877,-0.022055,-0.003983
-0.001212,-0.022023,-0.007166
-0.001344,-0.017787,-0.003931
-0.002429,-0.012474,-0.001776
-0.002449,0.004591,-0.000567
-0.002416,0.013116,0.000555
-0.000366,0.015251,0.000588
0.000693,0.012061,-0.000501
0.004641,0.000331,-0.001671
0.002665,-0.011365,-0.006025
0.001598,-0.013450,-0.010311
0.000507,-0.010279,-0.007072
-0.001493,0.000398,-0.008024
-0.000527,0.007795,-0.000511
0.001462,0.007769,0.001591
-0.002387,0.006723,-0.000540
-0.002360,-0.002900,0.001497
0.001533,-0.007169,0.001446
0.001477,-0.012506,0.001400
0.000476,-0.006105,0.001442
0.001420,-0.000745,-0.000620
0.001420,0.003503,0.001546
0.001461,0.003511,0.000479
0.001482,0.002475,-0.002720
0.000504,-0.000725,-0.002756
-0.000512,-0.003904,-0.004899
0.000443,-0.000701,-0.004872
-0.000545,0.003567,-0.004835
-0.001496,0.012060,-0.000515
0.000497,0.013128,-0.000499
-0.000408,0.008869,-0.001597
-0.000381,0.002477,-0.002714
0.000600,-0.007105,-0.004935
0.002476,-0.011364,-0.006054
0.001438,-0.011342,-0.008154
0.000356,-0.009196,-0.009183
-0.000660,0.001451,-0.006981
-0.001629,0.011045,-0.005822
0.000381,0.014214,-0.002611
0.000448,0.009978,-0.005824
-0.000499,0.002499,-0.004851
-0.000522,-0.008194,-0.002822
0.001383,-0.010328,-0.002833
-0.000643,-0.010317,-0.003887
0.000273,-0.006050,-0.003850
-0.000725,0.004611,-0.002702
0.001219,0.012091,-0.003698
0.001288,0.013189,-0.006886
0.002311,0.012131,-0.007948
0.000393,0.005751,-0.010112
-0.000594,0.000374,-0.005923
0.000344,-0.001749,-0.006995
0.001307,0.002469,-0.001625
-0.000628,0.005660,-0.000523
-0.000582,0.009930,-0.000486
-0.000537,0.004605,-0.001593
-0.000542,-0.001791,-0.002730
-0.001549,-0.008215,-0.000664
-0.000652,-0.014609,-0.001795
-0.000736,-0.014620,-0.000734
-0.002742,-0.005013,-0.000651
-0.001818,-0.002857,-0.002754
-0.001813,0.005679,-0.002686
-0.001788,0.005647,0.000490
0.000205,0.004590,-0.000580
0.000249,0.000343,-0.002733
0.004145,0.000362,-0.004861
0.002182,0.002507,-0.005896
0.001197,0.006780,-0.005853
0.000249,0.009962,-0.003683
-0.000690,0.010996,-0.000483
-0.000627,0.013066,0.005895
0.002367,0.008820,0.003735
0.000454,0.002416,0.003672
-0.000496,0.000259,0.005762
0.000474,-0.001831,0.001527
0.001470,-0.000778,0.002599
-0.001462,-0.002945,0.005749
0.000487,0.001366,0.001535
0.000482,0.001344,0.003657
0.000494,-0.000798,0.004699
-0.000456,-0.001875,0.005765
-0.001430,-0.005085,0.006804
-0.000467,-0.009352,0.006780
-0.000469,-0.008254,0.003600
-0.002455,-0.007260,0.011057
-0.000514,-0.013644,0.008852
-0.000549,-0.012533,0.004638
-0.000616,-0.011500,0.007810
0.000349,-0.003998,0.004699
0.001347,0.001295,0.008968
0.002368,0.002374,0.007930
0.001436,0.002414,0.003687
0.002407,-0.006071,-0.001713
0.001391,-0.003957,0.000413
-0.001568,-0.003935,-0.001695
0.000355,0.000302,0.001539
-0.000617,0.003504,0.001581
0.000371,0.004538,0.004781
-0.000561,0.002361,0.009006
-0.000543,-0.005105,0.008954
-0.000545,-0.010452,0.009954
0.002359,-0.011506,0.008897
0.000386,-0.007239,0.008907
0.001357,-0.004019,0.006806
0.002340,0.001315,0.006832
0.001406,0.004540,0.004745
0.000471,0.006696,0.002641
0.002453,0.001348,0.003663
0.000524,0.005626,0.002619
0.000529,0.003514,0.000456
-0.000409,0.006727,-0.000570
0.000602,0.014207,-0.001558
0.001654,0.016331,-0.000479
0.000779,0.018450,0.000588
0.000876,0.019528,-0.000457
0.000955,0.017427,-0.003666
0.000051,0.016338,-0.001560
0.001086,0.014183,0.000564
0.001153,0.012030,0.002696
0.000247,0.009896,0.002684
-0.001670,0.004572,0.001590
-0.000661,-0.000786,0.003666
0.000333,-0.002910,0.002579
0.000314,-0.006069,-0.001721
-0.000695,-0.003914,-0.003831
-0.000748,0.001402,-0.001685
0.000230,0.003535,-0.001673
0.001223,0.006765,-0.004827
-0.000686,0.011022,-0.003749
-0.001622,0.006749,-0.002699
-0.000644,0.001402,-0.001692
0.000341,-0.000733,-0.001696
0.000335,-0.003998,0.004656
-0.000654,-0.008278,0.005680
-0.001652,-0.011469,0.004584
-0.000708,-0.005065,0.004654
-0.000725,0.001328,0.005785
-0.000684,0.002397,0.005808
-0.002600,0.001330,0.005798
-0.001621,-0.010418,0.006763
-0.003616,-0.020032,0.007747
-0.002730,-0.030713,0.008722
-0.003841,-0.030734,0.010844
-0.003005,-0.029710,0.015112
-0.001156,-0.026530,0.017269
-0.003183,-0.023279,0.011979
-0.000342,-0.017944,0.012018
0.000586,-0.022197,0.010883
-0.000441,-0.020041,0.008794
0.002432,-0.016811,0.005640
0.002394,-0.019971,0.001354
0.003272,-0.018863,-0.002894
0.001207,-0.017795,-0.002878
0.001121,-0.011435,0.001422
0.000115,-0.010418,0.006771
-0.001867,-0.011559,0.014210
-0.000919,-0.023286,0.013060
-0.001979,-0.031820,0.012991
-0.002094,-0.032907,0.015125
-0.001261,-0.036129,0.017226
-0.000395,-0.032917,0.016186
-0.000496,-0.030807,0.018327
0.001352,-0.025400,0.010912
0.002235,-0.022149,0.005601
0.004082,-0.016815,0.005627
0.004031,-0.011453,0.003550
0.004000,-0.009299,0.001419
0.002017,-0.005013,-0.000665
0.001018,-0.000785,0.003644
0.002006,-0.005034,0.001500
-0.001909,-0.008244,0.002560
-0.001951,-0.008281,0.006817
-0.001977,-0.011555,0.014244
-0.000046,-0.011568,0.015298
-0.000064,-0.008323,0.011096
-0.000066,-0.001926,0.012204
-0.000032,0.001304,0.009008
0.001982,0.006687,0.003723
0.003004,0.008862,-0.000530
0.002060,0.006757,-0.003745
0.002087,0.007812,-0.002696
0.001104,0.003556,-0.003802
-0.001828,0.001379,0.000424
0.000120,0.002414,0.003644
-0.000854,0.003462,0.005797
-0.000801,0.001276,0.011097
-0.001748,-0.001915,0.010015
0.000234,-0.000846,0.010038
-0.000707,0.003444,0.007953
0.001290,0.003446,0.007974
0.003300,0.008770,0.009074
0.001419,0.010938,0.005938
0.000519,0.007757,0.003774
0.000566,0.006705,0.002702
0.000598,0.001379,0.001587
-0.001335,0.001374,0.001568
-0.000370,0.001395,-0.000561
-0.002343,0.003538,-0.001624
-0.001362,0.008884,-0.002645
-0.001319,0.008874,-0.001578
-0.001287,0.004584,0.000500
-0.000306,-0.000786,0.003652
0.001648,-0.003997,0.004692
0.004569,-0.001786,-0.002711
0.003600,0.007807,-0.001573
0.004625,0.015299,-0.003644
0.004700,0.022852,-0.012101
0.005777,0.029306,-0.017378
0.002939,0.030402,-0.020586
0.002055,0.032531,-0.020602
0.001158,0.032531,-0.020602
-0.000683,0.032533,-0.020609
-0.001541,0.037827,-0.016312
-0.002386,0.035678,-0.015261
-0.001275,0.041004,-0.014140
0.000843,0.039876,-0.007784
0.000042,0.040955,-0.008822
0.001179,0.037764,-0.009904
0.002296,0.032438,-0.011032
-0.000516,0.023925,-0.013223
0.000529,0.021780,-0.012180
0.000596,0.020712,-0.012168
-0.001291,0.021800,-0.014281
-0.002184,0.026062,-0.013184
-0.002118,0.023929,-0.013189
-0.002034,0.019660,-0.013233
-0.002948,0.016416,-0.009024
-0.003890,0.008944,-0.009074
-0.001937,0.001455,-0.006990
-0.001971,0.000378,-0.005938
-0.002979,-0.000720,-0.002744
-0.002037,-0.000655,-0.009103
-0.004001,-0.000675,-0.006967
-0.000125,0.000388,-0.006964
-0.001124,-0.000626,-0.012292
-0.000154,0.002544,-0.009081
0.001770,-0.001690,-0.012274
0.000761,-0.000644,-0.010150
-0.000276,-0.009171,-0.011292
0.000615,-0.004943,-0.007004
-0.000430,-0.004964,-0.004875
0.000488,-0.006062,-0.001688
-0.001481,-0.007120,-0.002772
-0.000565,-0.013553,0.000376
0.000325,-0.016775,0.002477
0.000256,-0.017843,0.002454
-0.000784,-0.016786,0.003531
0.003041,-0.011423,0.000375
0.000063,-0.003954,0.000426
0.001044,0.002441,0.001556
0.001068,0.005673,-0.001613
0.003060,0.005670,-0.001626
0.003069,-0.003903,-0.004907
0.001085,-0.004984,-0.003875
0.001058,0.000374,-0.005944
0.001031,0.005731,-0.008034
0.000058,0.013192,-0.006894
-0.000861,0.022786,-0.005742
0.000225,0.022753,-0.002580
0.000318,0.015336,-0.007950
0.001342,0.014278,-0.009034
0.001382,0.011046,-0.005865
-0.001511,0.011067,-0.007987
0.001457,0.013190,-0.006914
0.001495,0.014259,-0.006884
-0.000399,0.018539,-0.007901
-0.000327,0.017484,-0.008958
-0.002208,0.016399,-0.006846
-0.001180,0.016345,-0.001548
-0.002100,0.011041,-0.004771
-0.001088,0.006709,0.001565
-0.004970,-0.006119,0.003611
-0.005961,-0.016874,0.012027
-0.006039,-0.029692,0.014084
-0.005187,-0.042537,0.018264
-0.005359,-0.054329,0.023510
-0.004599,-0.059714,0.028810
-0.003853,-0.068218,0.025573
-0.001189,-0.071389,0.022341
0.001459,-0.072406,0.016992
0.001169,-0.066980,0.007421
0.004751,-0.052994,-0.004206
0.007409,-0.033727,-0.010466
0.006255,-0.011258,-0.016706
0.004254,0.004788,-0.020845
0.004221,0.018685,-0.022854
0.004249,0.022912,-0.018559
0.003350,0.024970,-0.011098
0.004407,0.022808,-0.007885
0.004499,0.021733,-0.006778
0.003641,0.027039,-0.003514
0.003780,0.029166,-0.002428
0.003935,0.036615,-0.000234
0.003174,0.044124,-0.004418
0.000468,0.046213,-0.000197
0.000717,0.046206,0.000848
-0.002951,0.044018,0.006127
-0.007611,0.031157,0.011328
-0.007457,0.010821,0.017559
-0.009346,-0.011632,0.021629
-0.008422,-0.029792,0.023627
-0.008545,-0.044757,0.026684
-0.004832,-0.044737,0.024555
-0.001091,-0.039302,0.013974
0.005610,-0.021039,0.001324
0.007488,-0.002830,-0.006014
0.009442,0.014398,-0.021856
0.008529,0.035824,-0.030228
0.006675,0.045471,-0.034395
0.005814,0.043337,-0.034385
0.002021,0.041195,-0.033301
0.001127,0.034660,-0.019495
-0.001688,0.029225,-0.008842
-0.001550,0.024896,-0.002451
-0.004342,0.024825,0.005025
-0.002229,0.024783,0.009276
-0.003034,0.021571,0.010316
-0.004846,0.019458,0.008133
-0.001794,0.011957,0.011257
-0.003660,0.003423,0.010089
-0.003615,-0.004068,0.012153
-0.002639,-0.014722,0.011018
-0.005639,-0.026481,0.013051
-0.005783,-0.040386,0.016127
-0.003027,-0.044687,0.019273
-0.003212,-0.046780,0.014997
0.000501,-0.038222,0.012942
0.001349,-0.027542,0.011940
0.003225,-0.018965,0.007743
0.007066,-0.009290,0.000351
0.007035,-0.003883,-0.007078
0.007002,-0.001715,-0.010229
0.005999,0.003663,-0.014426
0.005964,0.010066,-0.014370
0.003067,0.021786,-0.012111
0.002178,0.023858,-0.005677
0.001316,0.023838,-0.003542
-0.001478,0.019496,0.003883
-0.003316,0.014117,0.008081
-0.003212,0.007688,0.011235
-0.001177,0.003397,0.013306
-0.003080,0.000165,0.016460
-0.002072,-0.001948,0.014312
-0.002036,-0.007329,0.018496
-0.000079,-0.012632,0.015274
0.001829,-0.019013,0.013088
0.002716,-0.025352,0.006659
0.000645,-0.031694,0.000196
-0.000505,-0.030605,-0.001917
-0.001641,-0.017790,-0.002880
0.000247,-0.008175,-0.003857
-0.000778,-0.002842,-0.003817
-0.000799,-0.002842,-0.003817
-0.000823,-0.005009,-0.000645
0.001068,-0.008200,-0.001734
0.003968,-0.006106,0.002535
0.003947,-0.001816,0.000443
0.003958,0.006730,-0.000557
0.004003,0.014220,-0.002628
0.003132,0.027069,-0.006746
0.005213,0.029171,-0.003551
0.003400,0.022715,0.001698
0.001563,0.019533,-0.000473
-0.001269,0.014207,-0.001573
-0.001196,0.015242,0.001620
-0.001115,0.015193,0.006945
-0.002942,0.016262,0.006975
-0.002832,0.013010,0.012272
-0.006634,0.002310,0.015403
-0.003679,-0.013714,0.017419
-0.003715,-0.025503,0.022657
-0.001885,-0.035087,0.020451
-0.000070,-0.037159,0.014039
0.001752,-0.026416,0.006685
0.003597,-0.011365,-0.004932
0.004519,0.004691,-0.010138
0.003575,0.013267,-0.014356
0.003579,0.014361,-0.017578
0.000674,0.013292,-0.017608
0.000659,0.010029,-0.011257
0.000658,0.006799,-0.008053
-0.000324,0.002479,-0.002758
0.000652,0.003539,-0.001646
0.000681,0.003518,0.000505
0.000741,0.016292,0.003806
0.000854,0.022694,0.003870
0.002948,0.022692,0.003849
0.002124,0.021637,0.002764
0.000289,0.015214,0.004837
-0.000623,0.003459,0.006876
-0.003511,-0.008320,0.011052
-0.004521,-0.020089,0.014182
-0.003620,-0.026479,0.013093
-0.003711,-0.029668,0.012025
-0.002866,-0.029637,0.008828
-0.002013,-0.022148,0.006736
-0.000153,-0.014619,0.000373
0.000779,-0.005994,-0.009163
0.003639,0.001472,-0.009146
0.001661,0.003607,-0.009148
0.001647,0.005740,-0.009137
0.002594,0.000398,-0.008102
0.001577,-0.001745,-0.007039
-0.000417,-0.001791,-0.002766
0.001515,0.000368,-0.004828
0.003496,0.007805,-0.000479
0.004534,0.013150,-0.001514
0.003666,0.018448,0.001724
0.000870,0.018479,-0.001472
0.000969,0.019503,0.002760
-0.000877,0.015173,0.009123
-0.000789,0.004537,0.005846
-0.003679,-0.002953,0.007916
-0.004668,-0.009386,0.011078
-0.003724,-0.013675,0.013170
-0.002789,-0.012598,0.012111
-0.001832,-0.013591,0.004661
-0.000894,-0.010417,0.006749
-0.000938,-0.007175,0.002519
0.001960,-0.010345,-0.000727
0.004818,-0.012429,-0.006085
0.002772,-0.011343,-0.008183
0.002680,-0.011332,-0.009244
0.000640,-0.004914,-0.010229
0.001564,0.000423,-0.010162
0.002530,0.005715,-0.005849
0.001575,0.008917,-0.005814
0.001600,0.006774,-0.004780
-0.000331,0.005665,-0.000531
-0.000294,0.002454,0.000494
-0.001246,0.004577,0.001567
-0.003141,0.009883,0.004817
0.000831,0.009882,0.004803
0.001882,0.013082,0.004817
0.000039,0.013094,0.003770
0.000107,0.004586,0.000507
-0.000850,-0.000750,0.000453
-0.000874,-0.002873,-0.000634
0.000065,-0.002842,-0.003817
0.000034,-0.000744,-0.000614
-0.000954,-0.002909,0.002558
-0.000957,-0.002912,0.003630
0.001005,-0.006114,0.003602
0.000985,-0.006107,0.002528
-0.000020,-0.008253,0.003557
0.000923,-0.003973,0.002540
0.000920,-0.000751,0.000439
0.000935,0.002485,-0.002710
0.000942,0.007810,-0.001602
-0.000015,0.011022,-0.002628
-0.000945,0.009934,-0.000501
0.001056,0.009945,-0.001577
0.002069,0.004577,0.001553
0.001125,0.001373,0.001519
0.000170,0.003518,0.000476
-0.001764,0.003514,0.000449
0.001169,0.003515,0.000463
0.002203,0.007777,0.001567
0.000302,0.011010,-0.001602
-0.000600,0.010964,0.002672
0.000409,0.008840,0.001592
-0.000515,0.004577,0.001574
0.000483,0.000330,-0.000585
0.000478,-0.002891,0.001515
-0.000506,-0.002880,0.000461
-0.002466,-0.001834,0.002607
-0.001488,-0.002911,0.003672
-0.000513,-0.009357,0.007868
-0.002498,-0.021093,0.007786
-0.003564,-0.031754,0.006632
-0.003708,-0.039192,0.003384
-0.001967,-0.043462,0.003347
-0.002204,-0.043463,0.003326
-0.002415,-0.033793,-0.002978
0.001322,-0.018846,-0.003950
0.004142,-0.009169,-0.011336
0.005065,-0.000612,-0.013411
0.004062,0.005816,-0.016571
0.003068,0.010073,-0.015487
0.005026,0.015441,-0.018602
0.005063,0.017545,-0.015387
0.005099,0.016436,-0.011131
0.001227,0.012148,-0.009019
0.002271,0.020670,-0.006796
-0.001553,0.021697,-0.002515
-0.001423,0.026982,0.002864
-0.001260,0.025841,0.010289
-0.002055,0.021604,0.007069
-0.003869,0.013013,0.012292
-0.005748,0.004464,0.013251
-0.003762,-0.002984,0.011070
-0.002780,-0.007256,0.011027
-0.001828,-0.010426,0.007809
0.000104,-0.011470,0.005692
-0.001884,-0.009315,0.003581
0.000020,-0.006092,0.001480
-0.000006,-0.003886,-0.005956
0.000918,-0.004979,-0.003849
0.001826,-0.008161,-0.006019
0.002731,-0.010219,-0.013480
0.002633,-0.007028,-0.012391
0.001592,-0.003818,-0.013437
0.002505,0.002628,-0.017618
0.001495,0.007955,-0.016512
0.002473,0.013322,-0.019655
0.002510,0.020727,-0.013216
0.001587,0.019692,-0.016409
0.001641,0.019659,-0.013225
0.001701,0.017452,-0.005789
0.000800,0.015321,-0.005787
-0.001079,0.012088,-0.002618
-0.001992,0.009902,0.002696
-0.003894,0.002413,0.004773
-0.003891,-0.005109,0.010027
-0.003884,-0.012578,0.009976
-0.002958,-0.020065,0.012038
-0.002050,-0.022158,0.007754
-0.002139,-0.022163,0.007742
-0.000278,-0.017832,0.001393
-0.001325,-0.014615,-0.000735
-0.000432,-0.012461,-0.002852
0.000480,-0.009202,-0.008159
0.000404,-0.008124,-0.009218
0.002268,-0.012406,-0.008193
0.002172,-0.008094,-0.012386
0.001105,-0.003901,-0.004915
0.002046,0.005737,-0.007993
0.002069,0.011045,-0.004743
0.004075,0.011012,-0.001574
0.002202,0.011047,-0.004758
0.003238,0.009978,-0.004788
0.002311,0.012119,-0.005823
0.001364,0.013197,-0.006874
0.001437,0.019581,-0.004704
-0.000413,0.025962,-0.002526
-0.001261,0.023801,-0.000414
-0.001154,0.018465,-0.000460
-0.002042,0.008813,0.004766
-0.002000,-0.002946,0.006792
-0.001033,-0.010415,0.006762
-0.002071,-0.012549,0.006744
-0.001137,-0.013634,0.008877
-0.001177,-0.011458,0.004644
0.000729,-0.009273,-0.000663
-0.000281,-0.009262,-0.001731
0.000648,-0.006049,-0.002778
-0.000358,-0.002827,-0.004886
0.000570,-0.003887,-0.005963
0.000511,-0.003856,-0.009160
-0.000533,-0.003849,-0.010241
0.001370,-0.004926,-0.009182
0.003261,0.000420,-0.010203
-0.000652,0.005746,-0.009089
0.000327,0.018498,-0.003672
0.001376,0.022799,-0.006804
0.002488,0.027036,-0.003569
0.002620,0.024859,0.000649
0.002739,0.018491,-0.002584
0.000882,0.014234,-0.003675
0.001887,0.007765,0.002636
-0.000005,0.006678,0.004769
-0.000914,0.004504,0.009008
-0.003778,0.005540,0.012221
-0.002753,0.000174,0.015364
-0.003661,-0.002002,0.019603
-0.002641,-0.010537,0.019542
-0.001667,-0.015808,0.013129
-0.001703,-0.020026,0.007774
0.000150,-0.021092,0.007778
0.000084,-0.017881,0.006731
0.000026,-0.013581,0.003572
-0.001984,-0.012555,0.007839
-0.002031,-0.013633,0.008890
-0.001107,-0.015716,0.003574
-0.000215,-0.020005,0.005666
0.000657,-0.028461,-0.002924
0.000507,-0.023105,-0.005020
0.002312,-0.014564,-0.004968
0.003221,-0.000639,-0.010166
0.006138,0.014329,-0.013246
0.005222,0.023931,-0.013189
0.004357,0.027079,-0.007842
0.004461,0.023866,-0.006823
0.002606,0.023845,-0.004687
0.002709,0.020624,-0.002572
0.000870,0.022706,0.002751
0.001003,0.022677,0.005976
0.000172,0.022644,0.009181
-0.003576,0.018346,0.012347
-0.001508,0.015117,0.015529
-0.002349,0.009717,0.021841
-0.005149,0.004343,0.026059
-0.004111,-0.011598,0.019580
-0.004104,-0.024406,0.019448
-0.002261,-0.036123,0.017231
-0.003400,-0.040326,0.010834
-0.002608,-0.039251,0.009748
-0.001820,-0.031730,0.004480
-0.000003,-0.021019,0.000288
0.001846,-0.011348,-0.007109
0.002727,-0.003838,-0.011323
0.003648,0.000491,-0.017693
0.005549,0.004779,-0.019799
0.004562,0.016518,-0.019696
0.006542,0.027201,-0.020650
0.005657,0.031435,-0.016329
0.004822,0.035705,-0.016278
0.003986,0.033515,-0.010969
0.004114,0.032418,-0.007775
-0.001577,0.030212,-0.000332
-0.001428,0.022713,0.002827
-0.002251,0.018380,0.009170
-0.004080,0.016185,0.015552
-0.004948,0.005508,0.016547
-0.006817,-0.007382,0.024937
-0.004857,-0.023418,0.026900
-0.003935,-0.034047,0.022556
-0.003093,-0.040427,0.020335
-0.000331,-0.033964,0.013976
-0.000462,-0.023200,0.004479
0.002381,-0.006068,-0.001821
0.005260,0.003605,-0.009191
0.005258,0.013261,-0.014433
0.005287,0.013293,-0.017630
0.006273,0.009059,-0.020808
0.004281,0.007961,-0.017635
0.003302,0.009001,-0.014380
0.001346,0.011085,-0.009022
-0.000555,0.018495,-0.002543
-0.002400,0.021655,0.001765
-0.000305,0.017354,0.004910
-0.000184,0.009854,0.008042
-0.001082,0.002362,0.010092
-0.004962,-0.005106,0.010033
-0.003020,-0.004039,0.010035
-0.003021,-0.004029,0.008967
-0.001066,-0.004019,0.007892
-0.002065,-0.005052,0.004699
-0.001093,-0.009355,0.007810
-0.000159,-0.014651,0.003507
0.001714,-0.014673,0.005622
-0.000285,-0.014642,0.002425
-0.000369,-0.012465,-0.001801
-0.000441,-0.008239,0.002495
0.001456,-0.003927,-0.001705
-0.000474,0.002446,0.001562
0.000511,0.001357,0.003674
0.000525,-0.003937,-0.000609
0.001468,-0.006094,0.001481
0.002390,-0.010370,0.002511
0.001382,-0.006069,-0.000628
0.001379,0.001358,0.003660
0.000436,0.009926,0.000537
0.000486,0.010956,0.003717
0.002527,0.012045,0.001612
0.000658,0.009955,-0.002666
-0.001255,0.008870,-0.000519
-0.000268,0.003535,-0.000558
-0.000250,0.004591,0.000512
-0.001209,0.002462,-0.000573
-0.002181,0.003520,0.000518
-0.002145,0.007781,0.001594
-0.002081,0.006673,0.005849
-0.000087,0.005571,0.009024
-0.001015,0.003510,0.001558
-0.000987,0.001368,0.002606
0.000005,0.000322,0.000468
0.000026,0.001374,0.001547
0.002957,-0.001796,-0.001671
0.002931,-0.001780,-0.002741
-0.000991,-0.006028,-0.004900
-0.002025,-0.006083,0.000420
-0.002065,-0.006071,-0.000628
-0.002088,-0.001876,0.006844
-0.001115,-0.003988,0.004717
0.000826,-0.007211,0.006818
-0.000186,-0.014649,0.003570
-0.001208,-0.014659,0.004638
0.000676,-0.017850,0.003542
0.000605,-0.014593,-0.001743
0.001519,-0.003912,-0.002725
0.001489,0.002476,-0.001599
0.000511,-0.002872,-0.000606
0.001455,-0.009249,-0.002793
0.001391,-0.012472,-0.000705
-0.000643,-0.014630,0.001406
0.001250,-0.012494,0.001445
0.000224,-0.010348,0.000402
0.000191,-0.003954,0.001540
0.000163,-0.002907,0.003671
-0.000792,-0.000794,0.005805
-0.001757,-0.000785,0.004737
0.001192,-0.001885,0.007897
0.002182,-0.006143,0.006813
0.002170,-0.005077,0.006808
0.000224,-0.005078,0.006816
0.001187,-0.002935,0.005746
0.002175,-0.003969,0.002553
0.002185,0.002445,0.001548
0.001255,0.005655,0.000501
-0.000667,0.006721,0.000497
-0.000643,0.006699,0.002612
0.000356,0.000330,-0.000607
0.000356,0.001377,0.001517
-0.000602,0.003511,0.001543
-0.000566,0.007768,0.002656
0.001427,0.006721,0.000511
0.002433,0.007821,-0.002670
0.002487,0.008899,-0.003722
0.003477,0.009987,-0.005849
0.000595,0.010008,-0.007971
0.001591,0.012133,-0.006884
0.000662,0.015301,-0.003687
-0.000246,0.012088,-0.002640
-0.002150,0.006741,-0.001639
-0.003098,0.002464,-0.000609
-0.001160,-0.001826,0.001475
-0.000190,-0.000758,0.001499
-0.001166,0.000309,0.001494
-0.001134,0.002440,0.001507
0.000817,0.008854,0.000509
0.000885,0.008837,0.002636
0.001928,0.009915,0.001598
0.001001,0.005656,0.000508
0.000043,0.002454,0.000480
0.000052,0.000308,0.001530
0.000048,-0.001815,0.000457
0.000038,-0.002871,-0.000613
0.000038,-0.001825,0.001518
-0.001915,-0.001866,0.005761
-0.003852,-0.004001,0.005729
-0.001909,-0.002934,0.005745
0.001017,-0.006103,0.002548
0.000993,-0.008247,0.003590
-0.000034,-0.011406,-0.000682
-0.001070,-0.010391,0.004632
0.000843,-0.009250,-0.002799
0.001782,-0.004992,-0.001687
0.001738,-0.006071,-0.000649
-0.001214,-0.003968,0.002559
0.000727,-0.006102,0.002541
0.001674,-0.006083,0.000412
0.003600,-0.010381,0.003579
0.000664,-0.003946,0.000459
-0.001287,-0.000735,-0.000581
-0.001293,-0.001810,0.000484
-0.000326,0.001411,-0.001631
0.000642,-0.000738,-0.000587
-0.000346,-0.002874,-0.000634
-0.001343,-0.003966,0.002552
-0.001358,-0.003966,0.002559
-0.002361,-0.004002,0.005750
0.000551,-0.008280,0.006781
0.000509,-0.010402,0.005694
-0.000509,-0.010381,0.003565
0.000425,-0.009270,-0.000671
0.002332,-0.004992,-0.001708
0.004285,0.001453,-0.005903
0.001345,0.006800,-0.006911
0.000382,0.006801,-0.006911
0.000411,0.006790,-0.005857
0.000412,0.004652,-0.005881
-0.001529,0.002465,-0.000581
-0.000549,0.001423,-0.002700
0.001384,0.003557,-0.002688
0.000403,-0.001823,0.001510
0.000403,-0.000693,-0.004854
0.002340,-0.001803,-0.000619
0.002326,0.000373,-0.004858
0.000371,0.005730,-0.006940
0.001357,0.006796,-0.006945
0.000397,0.009996,-0.006924
-0.000558,0.008918,-0.005872
0.000447,0.005720,-0.005880
-0.000518,0.005700,-0.003744
-0.000503,0.001377,0.001531
-0.001468,-0.005057,0.004665
0.001435,-0.009283,0.000391
0.000418,-0.010339,-0.000679
-0.001573,-0.003948,0.000417
0.000359,0.000310,0.001515
0.001346,0.002496,-0.003778
0.002351,0.004619,-0.002705
0.001379,0.001398,-0.000612
0.000397,0.000340,-0.001696
0.000377,-0.002863,-0.001730
0.002304,-0.002852,-0.002784
-0.000639,0.002499,-0.003765
0.000328,0.005689,-0.002683
-0.000634,0.004601,-0.000556
-0.001585,-0.001833,0.002585
0.000361,-0.007147,0.000409
0.000320,-0.009261,-0.001738
-0.000710,-0.011428,0.001412
-0.001744,-0.004994,-0.001715
-0.000802,-0.000725,-0.001692
0.000176,0.005667,-0.000575
0.001177,0.003533,-0.000622
0.001216,0.004623,-0.002714
0.000247,0.000352,-0.002743
0.000225,-0.004962,-0.004905
0.000196,-0.001779,-0.002756
0.001144,0.001434,-0.003775
0.002101,0.003559,-0.002689
-0.000799,0.003548,-0.001621
0.001172,0.002448,0.001554
0.000218,-0.002888,0.001500
-0.001725,-0.002888,0.001493
0.000189,-0.003944,0.000430
0.000174,-0.002858,-0.001696
-0.001783,-0.002858,-0.001690
0.000149,0.001407,-0.001672
0.000158,0.002485,-0.002724
0.000165,0.005677,-0.001657
0.003090,0.004633,-0.003760
0.001162,0.001432,-0.003803
0.000165,0.000365,-0.003812
0.000150,-0.000684,-0.005921
0.001119,-0.000727,-0.001677
-0.001785,0.002488,-0.002697
0.000174,0.004612,-0.001617
0.001186,0.005704,-0.003738
0.001193,0.003569,-0.003757
0.001214,0.003568,-0.003763
-0.000759,0.003556,-0.002716
-0.001738,0.001420,-0.002734
0.001171,-0.001782,-0.002769
0.000178,-0.001793,-0.001715
0.001146,0.000342,-0.001690
0.001125,0.002468,-0.000603
0.000162,0.002490,-0.002712
0.001145,0.000340,-0.001668
0.001162,0.002517,-0.005893
0.000202,0.001410,-0.001645
-0.000782,0.001440,-0.004848
-0.000781,0.000355,-0.002723
-0.000800,0.000356,-0.002709
-0.001790,0.001377,0.001524
-0.001756,0.000310,0.001515
-0.000776,-0.002909,0.003629
-0.000809,-0.006111,0.003587
-0.001801,-0.006080,0.000397
-0.000843,-0.005002,-0.000654
0.001079,-0.004984,-0.002783
0.001060,-0.003875,-0.007024
0.001030,0.002554,-0.009085
0.000046,0.006823,-0.009040
0.000052,0.009980,-0.004761
-0.000871,0.009958,-0.002653
0.000113,0.001399,-0.000591
0.000113,-0.001823,0.001503
-0.000870,-0.001843,0.003653
0.000092,-0.000775,0.003676
0.000119,0.000295,0.003677
0.000144,0.004553,0.004776
0.002137,0.004564,0.003707
0.001208,0.004616,-0.001611
-0.000725,0.002458,0.000472
0.000255,0.000344,-0.001676
0.000244,-0.003935,-0.000652
0.000216,-0.007135,-0.000667
-0.001756,-0.009305,0.002513
-0.002777,-0.010414,0.006755
-0.002790,-0.007233,0.008905
-0.000841,-0.006197,0.012111
-0.000830,-0.004070,0.013204
0.001129,-0.005127,0.012126
0.002125,-0.005085,0.007868
0.001155,-0.006111,0.003601
0.005050,-0.002892,0.001487
0.003076,-0.000706,-0.003820
0.000136,0.003586,-0.005877
0.000151,0.012081,-0.001551
0.000197,0.008891,-0.002648
-0.000729,0.006726,0.000523
-0.002648,0.005649,0.001575
-0.002628,-0.001852,0.004699
-0.001668,-0.006129,0.005729
0.000268,-0.010428,0.008889
-0.000720,-0.007188,0.004674
0.000232,-0.004008,0.006817
-0.000752,-0.001853,0.004700
0.000262,0.001337,0.005782
0.002247,0.004534,0.005790
0.001302,0.003508,0.001523
-0.000631,0.001369,0.002584
-0.000617,0.002458,0.000479
0.000360,0.003538,-0.000545
0.000371,0.002449,0.001560
-0.000590,0.000306,0.002616
0.001373,0.001361,0.003666
-0.000546,-0.000806,0.006852
0.000444,-0.002942,0.006812
0.000462,-0.001821,0.001502
-0.000536,-0.002887,0.001507
-0.000537,0.001365,0.002586
0.000459,0.002454,0.000473
0.000473,0.004594,0.000504
0.000495,0.004594,0.000504
-0.001438,0.001391,0.000469
-0.000451,0.002447,0.001533
0.002481,0.002457,0.000479
0.001514,-0.001834,0.002557
-0.000421,-0.001833,0.002564
-0.000425,-0.002922,0.004677
-0.002386,-0.002899,0.002561
-0.002387,0.000314,0.001542
-0.000423,0.000303,0.002603
-0.000407,0.002426,0.003683
-0.000389,0.000303,0.002596
-0.000375,-0.001821,0.001509
0.000587,-0.000777,0.003634
0.000595,0.000289,0.003637
-0.001350,0.001400,-0.000598
0.002556,0.002424,0.003648
0.000616,-0.001833,0.002564
0.000638,-0.001821,0.001509
0.000632,-0.007189,0.004646
-0.001321,-0.002878,0.000439
-0.000355,0.000321,0.000482
-0.000362,0.000312,0.001557
-0.001311,0.003571,-0.003722
-0.001302,0.004605,-0.000543
-0.000315,0.004573,0.002640
-0.001276,-0.000772,0.003668
-0.002243,-0.006089,0.001493
-0.003245,-0.007210,0.006782
-0.003287,-0.007177,0.003584
-0.001369,-0.006088,0.001479
0.001538,-0.000753,0.001525
0.000587,0.002468,-0.000596
0.000624,0.005692,-0.002684
0.001606,0.003536,-0.000580
0.000666,0.004604,-0.000564
0.001664,0.002461,0.000499
0.001667,0.000305,0.002617
0.000696,-0.000751,0.001546
0.003600,-0.002843,-0.002724
0.000699,0.002461,0.000513
-0.000263,0.002450,0.001567
-0.001225,0.005682,-0.001602
-0.000241,0.003535,-0.000573
-0.000201,0.005658,0.000500
0.000801,0.004601,-0.000577
-0.001155,-0.000767,0.002552
-0.000198,-0.005011,0.000406
0.000753,-0.005023,0.001460
0.001721,0.000335,-0.000601
0.000754,-0.000775,0.003626
-0.000221,0.002425,0.003698
-0.000190,0.002446,0.001569
-0.000164,0.001371,0.002605
0.000801,-0.001799,-0.000613
-0.001165,-0.000733,-0.000617
-0.002144,0.000324,0.000460
-0.000192,0.004569,0.002606
-0.000132,0.010992,0.000519
-0.001048,0.010961,0.003716
-0.000015,0.008838,0.002643
0.000014,0.003532,-0.000593
0.001014,-0.002870,-0.000649
0.000010,-0.001767,-0.003810
0.001943,0.000326,0.000459
0.000006,0.002502,-0.003759
0.001973,0.002492,-0.002698
0.000040,0.002437,0.002615
0.000061,-0.000753,0.001533
-0.000917,-0.001820,0.001509
-0.000889,0.002437,0.002600
0.000097,0.003504,0.002603
-0.000857,0.002435,0.002580
-0.000813,0.003506,0.002609
-0.000814,0.000315,0.001513
0.001145,-0.001834,0.002550
0.001148,-0.001833,0.002571
0.000167,0.000325,0.000459
0.000180,0.003538,-0.000567
0.001193,0.007804,-0.000521
0.000261,0.004581,0.001566
0.000284,0.003536,-0.000559
-0.000698,-0.005013,0.000414
-0.001693,-0.007178,0.003578
0.000222,-0.008266,0.005697
0.001164,-0.006098,0.002532
-0.000786,0.000293,0.003642
0.000185,0.004603,-0.000571
0.001193,0.007773,0.002647
0.002212,0.007797,0.000531
0.001270,0.003539,-0.000567
0.001271,-0.000739,0.000456
-0.000698,-0.006084,0.001491
0.001223,-0.008236,0.002515
0.000218,-0.002856,-0.001669
0.001182,-0.002886,0.001521
-0.000772,0.003525,0.000488
0.000239,0.003505,0.002609
0.000245,0.000346,-0.001669
0.000238,0.001388,0.000463
0.001200,-0.002880,0.000426
0.002168,-0.001832,0.002563
-0.000763,-0.001832,0.002563
0.000207,-0.000767,0.002573
0.000205,-0.003948,0.000417
0.000185,0.000314,0.001507
-0.000769,0.001424,-0.002721
0.000223,0.004601,-0.000591
-0.000728,0.005657,0.000473
0.000259,0.004550,0.004721
-0.000682,0.002468,-0.000610
-0.001645,0.000296,0.003635
-0.000664,-0.002905,0.003614
0.000303,0.000285,0.004696
-0.000669,-0.000782,0.004687
-0.000670,-0.001830,0.002535
-0.000685,-0.005011,0.000378
0.000254,-0.007158,0.001414
0.002155,-0.010329,-0.001824
0.002098,-0.007058,-0.008136
0.000099,-0.001767,-0.003859
0.000075,0.006794,-0.005907
0.000116,0.015322,-0.004751
0.000193,0.017398,0.000589
-0.001701,0.006705,0.002611
0.000302,0.006741,-0.000567
0.001287,-0.002915,0.004675
0.002241,-0.005032,0.002522
0.002212,-0.003891,-0.004910
0.002210,0.007836,-0.003746
0.000303,0.015336,-0.006885
-0.000606,0.015295,-0.002655
0.000455,0.013150,-0.001606
0.000492,0.001410,-0.001722
-0.000511,-0.010359,0.001372
-0.000572,-0.013539,-0.000764
0.000336,-0.010348,0.000325
0.001262,-0.003965,0.002517
-0.001655,0.005629,0.003669
0.000323,0.001361,0.003617
-0.000631,-0.001809,0.000399
0.000328,-0.004989,-0.001765
0.001260,-0.011403,-0.000760
0.000224,-0.003919,-0.001757
0.000188,0.001439,-0.003818
0.001174,0.008896,-0.002698
0.000237,0.005716,-0.004842
0.001215,0.000356,-0.002765
0.000231,-0.003880,-0.005985
-0.001758,-0.006046,-0.002814
0.000146,-0.004969,-0.003873
0.000116,-0.002862,-0.000665
0.000090,-0.002819,-0.004902
-0.001866,-0.000742,0.000430
-0.000907,-0.000754,0.001477
0.000074,-0.000765,0.002531
0.002024,-0.001844,0.003569
0.002011,-0.006064,-0.000700
0.001011,-0.003952,0.001427
0.001966,-0.003924,-0.001748
0.001933,-0.002835,-0.003854
0.000933,-0.000700,-0.003835
-0.000060,0.001394,0.000455
-0.001001,0.006764,-0.002696
-0.000975,0.009965,-0.002668
0.000042,0.002441,0.002572
-0.001884,0.001395,0.000433
-0.000919,-0.006112,0.003539
-0.000955,-0.012484,0.000293
-0.001026,-0.008226,0.001391
-0.000103,-0.003948,0.000361
-0.000120,0.003514,0.001486
0.001866,0.001413,-0.001702
0.001876,0.000335,-0.000643
0.000895,-0.002867,-0.000671
0.000868,-0.007132,-0.000709
-0.000140,-0.003921,-0.001756
-0.000158,-0.000679,-0.005950
0.000803,0.002458,0.000444
-0.001123,0.004613,-0.001659
0.000827,0.000345,-0.001682
-0.000151,-0.002862,-0.000658
0.000812,-0.004988,-0.001759
-0.000206,-0.007113,-0.002838
0.001698,-0.000732,-0.000667
-0.000263,0.003591,-0.005935
0.000729,0.004604,-0.000634
0.000729,0.002479,-0.001728
0.000740,-0.000700,-0.003871
-0.000257,-0.002824,-0.004950
-0.000282,-0.006035,-0.003903
0.001620,-0.006065,-0.000693
-0.000377,-0.005019,0.001438
0.000600,-0.001754,-0.004899
-0.000380,0.000391,-0.005942
-0.000394,0.001415,-0.001695
-0.001389,0.003581,-0.004867
0.000569,0.003549,-0.001677
-0.000391,0.002504,-0.003801
-0.000384,0.000317,0.001485
-0.001360,-0.002873,0.000403
-0.000402,-0.007138,-0.000707
-0.001430,-0.003893,-0.004916
-0.001439,0.001423,-0.002763
0.000506,0.004635,-0.003803
0.001512,0.006813,-0.008050
0.001530,0.007868,-0.006993
-0.000390,0.008953,-0.009090
-0.000388,0.000406,-0.008090
-0.000407,-0.000668,-0.007025
0.002469,0.001456,-0.005932
-0.000469,0.002515,-0.004848
0.000520,0.003561,-0.002710
0.000548,0.009985,-0.004776
0.002547,0.014231,-0.002637
0.001633,0.011060,-0.005862
-0.000278,0.006803,-0.006953
0.000702,0.006837,-0.010159
0.000697,0.003612,-0.008085
-0.000293,0.003589,-0.005963
-0.000297,0.002524,-0.005951
-0.001269,0.003559,-0.002766
-0.001263,0.002471,-0.000653
-0.000266,0.000345,-0.001711
-0.000268,-0.000712,-0.002781
-0.001267,0.001434,-0.003817
-0.001275,-0.002866,-0.000671
0.000648,-0.003941,0.000394
-0.000334,-0.002844,-0.002801
0.001591,0.000322,0.000405
0.000604,-0.000692,-0.004910
0.002563,0.001445,-0.004892
0.001585,0.007890,-0.009087
0.000614,0.010004,-0.006947
-0.000317,0.008916,-0.004827
-0.000286,0.007840,-0.003776
-0.000266,0.003561,-0.002752
-0.000284,0.001437,-0.003825
-0.002243,0.001426,-0.002764
-0.000295,0.000347,-0.001697
-0.000286,0.000327,0.000446
-0.001264,0.001392,0.000427
-0.000290,-0.000752,0.001483
-0.001279,-0.002854,-0.001747
-0.000323,-0.003944,0.000345
-0.001324,-0.006068,-0.000727
0.000596,-0.000732,-0.000674
0.000611,0.001404,-0.000649
-0.001341,0.007808,-0.000579
-0.000323,0.006719,0.001548
-0.000279,0.007755,0.004748
-0.000213,0.006698,0.003670
-0.001153,0.002429,0.003633
-0.001134,0.000273,0.005736
0.002789,0.000294,0.003608
-0.000140,-0.002913,0.004653
0.000823,-0.007182,0.004609
0.000810,-0.003994,0.005692
0.000825,0.000286,0.004682
-0.000151,0.001353,0.004691
-0.000105,0.004555,0.004719
-0.000085,0.000296,0.003614
0.000907,-0.003973,0.003563
0.000893,-0.005030,0.002492
-0.000103,-0.000760,0.002544
-0.001053,0.004553,0.004720
-0.000057,0.003486,0.004710
0.001930,0.001363,0.003638
-0.000998,-0.001828,0.002542
-0.000019,-0.000748,0.001503
-0.000018,0.003498,0.003649
0.000986,0.003479,0.005784
0.001010,0.000254,0.007844
0.001040,-0.001873,0.006772
0.000054,-0.008245,0.003527
0.001983,-0.008245,0.003520
0.000993,-0.006100,0.002484
0.000963,0.002463,0.000457
0.000000,0.003541,-0.000595
-0.000926,0.011000,0.000545
-0.000874,0.003541,-0.000588
-0.001856,-0.000706,-0.002755
-0.001882,-0.003950,0.001461
-0.001908,-0.003960,0.002536
-0.000911,-0.001857,0.005745
0.000074,-0.002938,0.006790
-0.001871,-0.002927,0.005723
0.000082,-0.003973,0.003584
0.000060,-0.001828,0.002535
0.000058,0.002479,-0.001692
0.001059,0.005712,-0.004847
0.000095,0.005711,-0.003761
0.000111,0.004622,-0.001655
-0.000831,0.004606,-0.000571
0.000152,0.000347,-0.001676
-0.001816,-0.001850,0.004678
-0.000844,-0.002929,0.005716
0.001111,-0.003996,0.005700
0.000140,0.002449,0.001505
0.002128,0.006701,0.003676
0.003158,0.009913,0.002643
0.003213,0.008866,0.000505
0.003256,0.005686,-0.001645
0.001315,0.003559,-0.002730
-0.001612,0.002482,-0.001665
-0.000645,-0.000708,-0.002768
-0.000658,0.004585,0.001529
-0.001596,0.005660,0.000465
0.000377,0.001361,0.003631
-0.001544,-0.000792,0.005719
-0.002529,-0.007205,0.006724
-0.000609,-0.008284,0.007769
0.000334,-0.008273,0.006708
0.001283,-0.005038,0.003560
0.000311,0.002432,0.003625
0.001314,0.005654,0.001524
0.002319,0.002453,0.001510
0.002342,-0.000728,-0.000654
-0.000593,-0.006053,-0.001761
0.000335,-0.009225,-0.004971
-0.001669,-0.004988,-0.001744
-0.003647,0.000320,0.001484
0.000256,0.002424,0.004706
-0.001642,0.005611,0.005796
-0.000641,-0.002915,0.004654
0.000328,-0.008284,0.007776
0.001274,-0.010417,0.007765
0.001236,-0.009311,0.003524
0.003170,-0.001820,0.001460
0.001225,0.004605,-0.000628
0.002208,0.007839,-0.003783
0.002269,0.011009,-0.000551
0.000367,0.009931,0.000501
-0.000565,0.007796,0.000483
0.001398,0.000285,0.004675
-0.000530,-0.001847,0.004656
-0.001498,-0.007204,0.006731
-0.000549,-0.008239,0.003539
-0.000568,-0.001826,0.002527
0.000399,0.000294,0.003607
0.000429,0.005630,0.003654
0.001447,0.006704,0.002597
0.002466,0.002456,0.000430
0.001489,-0.000726,-0.000647
0.001465,-0.004995,-0.000692
-0.000530,-0.008155,-0.004963
-0.001544,-0.001805,0.000405
-0.001528,0.003509,0.002573
-0.000523,0.007746,0.005801
0.001463,0.004555,0.004705
-0.000436,0.001385,0.001480
0.000540,-0.005031,0.002493
-0.000453,-0.004999,-0.000683
0.000485,-0.001775,-0.002785
-0.000498,0.003529,0.000452
-0.000463,0.007819,-0.001626
0.002514,0.008853,0.001553
-0.000364,0.003497,0.003614
-0.000349,-0.003952,0.001419
-0.001368,-0.013541,-0.000799
0.001488,-0.010370,0.002433
-0.000505,-0.007189,0.004583
0.000437,-0.005054,0.004615
0.000462,0.000250,0.007859
0.000496,0.003494,0.003636
0.000535,0.003531,0.000451
-0.000421,0.000319,0.001484
-0.000440,-0.000726,-0.000640
0.000530,0.000352,-0.001699
-0.001416,0.003551,-0.001656
-0.001418,0.000328,0.000438
-0.000448,-0.000749,0.001504
-0.001409,-0.005039,0.003582
-0.000472,-0.008229,0.002492
-0.003434,-0.002872,0.000410
-0.000519,0.003528,0.000452
0.000481,0.003550,-0.001663
0.001496,0.000379,-0.004916
0.002457,0.001488,-0.009165
-0.000496,0.002520,-0.005971
-0.000514,0.005703,-0.003794
0.000495,0.009965,-0.002683
0.000548,0.012047,0.002648
0.000598,0.009885,0.005839
-0.000296,0.003492,0.004715
0.002636,-0.001824,0.002547
0.000689,-0.003959,0.002515
0.001637,-0.004996,-0.000663
0.001590,-0.001786,-0.001717
0.001576,0.003580,-0.004866
0.001596,0.007827,-0.002707
-0.000314,0.007828,-0.002729
-0.001260,0.005672,-0.000625
-0.002214,0.002459,0.000415
-0.000251,0.000347,-0.001705
-0.000275,-0.007164,0.002467
-0.002243,-0.007164,0.002474
-0.000325,-0.005050,0.004628
-0.001326,-0.002915,0.004654
-0.000336,0.002428,0.003634
-0.000315,0.004605,-0.000592
-0.000275,0.007786,0.001550
0.000736,0.004627,-0.002728
0.002706,0.000347,-0.001712
0.000735,-0.003911,-0.002817
0.000712,-0.001763,-0.003832
0.000678,0.000369,-0.003834
-0.000300,0.003572,-0.003792
0.000685,0.007819,-0.001633
-0.001225,0.007788,0.001536
-0.001218,0.002486,-0.001666
-0.001190,0.000329,0.000416
0.000750,-0.002882,0.001463
0.000735,-0.003961,0.002508
-0.001218,0.000306,0.002532
-0.000235,0.005622,0.004714
0.001757,0.007787,0.001536
0.000842,0.007778,0.002603
0.000875,0.004586,0.001494
-0.000084,0.000326,0.000403
0.000883,-0.001808,0.000384
0.000860,-0.008207,0.000341
0.001792,-0.006072,0.000367
-0.001157,-0.002860,-0.000659
-0.001153,0.001409,-0.000615
-0.000163,0.001367,0.003636
-0.000123,0.007823,-0.001613
-0.000081,0.005653,0.001531
-0.000061,-0.000760,0.002543
0.000922,-0.003917,-0.001736
0.000896,-0.007118,-0.001764
-0.000117,-0.002834,-0.003868
0.000826,0.000369,-0.003820
0.000818,0.005685,-0.001659
-0.000138,0.005663,0.000463
-0.000096,0.003540,-0.000623
-0.000092,-0.003940,0.000379
-0.000121,-0.006051,-0.001762
0.000813,-0.006062,-0.000701
-0.000204,-0.002860,-0.000666
-0.000223,-0.001761,-0.003833
0.000744,0.000370,-0.003820
0.000739,-0.006045,-0.002829
-0.001255,-0.008187,-0.001794
-0.000336,-0.008197,-0.000719
0.000591,-0.002849,-0.001734
0.000581,0.001397,0.000411
0.001587,0.003533,0.000436
-0.000338,0.001399,0.000411
0.000643,-0.003976,0.003564
0.000620,-0.007156,0.001407
-0.000388,-0.011355,-0.004992
-0.000449,-0.008164,-0.003903
-0.000500,-0.001751,-0.004893
0.000457,0.004643,-0.003756
-0.000497,0.005707,-0.003760
-0.000466,0.001397,0.000454
-0.000468,-0.006083,0.001428
0.000465,-0.010342,0.000316
0.000400,-0.015648,-0.002920
-0.000680,-0.012480,0.000277
-0.001721,-0.001766,-0.003874
-0.000740,0.009983,-0.004839
0.002250,0.017494,-0.009010
0.002322,0.015359,-0.009036
-0.000546,0.008978,-0.011199
0.000415,0.000431,-0.010206
-0.001593,-0.005981,-0.009195
-0.001648,-0.001743,-0.005960
-0.001680,-0.000758,0.002543
0.001271,0.008847,0.002641
0.001335,0.008881,-0.000529
0.000419,0.009925,0.001575
0.002424,0.007813,-0.000559
0.000500,0.005718,-0.004871
0.002460,0.004693,-0.009109
0.001476,0.005749,-0.008046
0.000491,0.011086,-0.008007
-0.000464,0.008930,-0.005904
0.000530,0.006793,-0.005914
0.000547,-0.001765,-0.003860
-0.001425,-0.006052,-0.001755
-0.000483,-0.006040,-0.002809
-0.000534,-0.008206,0.000355
0.000414,-0.002893,0.002510
-0.000555,0.001364,0.003623
0.001416,0.001384,0.001487
-0.001505,0.001429,-0.002772
0.000456,0.002506,-0.003830
0.000461,0.001479,-0.008097
0.001433,0.002493,-0.002783
0.000452,0.001435,-0.003838
0.002402,-0.001766,-0.003866
0.000443,-0.001773,-0.002800
0.001383,-0.001762,-0.003861
-0.000577,0.002504,-0.003815
-0.002514,0.006773,-0.003764
0.000430,0.006752,-0.001649
0.001447,0.006742,-0.000581
0.000490,0.001432,-0.002752
-0.000476,-0.001782,-0.001746
0.000485,0.001375,0.002533
-0.000479,0.001428,-0.002779
0.002441,0.002497,-0.002763
0.001494,0.005687,-0.001674
0.001498,-0.000717,-0.001729
0.000526,0.004620,-0.001676
0.000524,-0.000693,-0.003838
0.000518,-0.002851,-0.001755
-0.001465,-0.001752,-0.004907
-0.002466,0.002472,-0.000647
-0.000498,0.003540,-0.000630
0.001483,0.003507,0.002546
-0.000434,0.004598,0.000432
-0.000414,0.003551,-0.001706
-0.000421,0.004621,-0.001690
0.002515,0.005711,-0.003782
0.000576,0.008927,-0.005874
0.000591,0.012149,-0.007968
0.002573,0.008902,-0.002701
0.001631,0.003598,-0.005937
0.001630,-0.004954,-0.004949
0.000615,-0.002810,-0.006005
-0.001368,-0.000694,-0.003852
-0.002366,0.003543,-0.000632
-0.000389,0.007812,-0.000580
-0.001332,0.005665,0.000441
-0.000326,0.002497,-0.002748
-0.000323,0.001418,-0.001704
-0.000339,0.001418,-0.001704
0.000621,0.002506,-0.003816
0.000639,0.005662,0.000450
-0.000309,0.006752,-0.001649
-0.000265,0.003559,-0.002744
0.000727,0.001424,-0.002770
0.000736,0.001419,-0.001697
0.000747,0.003542,-0.000617
-0.001162,0.013167,-0.002655
-0.001099,0.014244,-0.003714
-0.002008,0.015287,-0.001581
0.000001,0.009963,-0.002682
0.000014,0.002470,-0.000632
-0.000957,-0.007177,0.003528
-0.001008,-0.007118,-0.001764
-0.000062,-0.006081,0.001449
-0.001065,-0.002934,0.006768
-0.001073,-0.001814,0.001465
-0.001061,0.003529,0.000445
-0.000061,0.002516,-0.004856
-0.000057,0.003585,-0.004854
-0.001035,-0.000704,-0.002769
-0.001047,-0.000695,-0.003816
0.000892,0.000352,-0.001671
-0.000107,-0.002889,0.002544
-0.000113,-0.001833,0.003608
0.000854,-0.002924,0.005721
-0.000121,0.001366,0.003637
0.001847,0.001353,0.004677
0.001872,0.002443,0.002578
0.002897,0.003533,0.000472
0.001950,0.001388,0.001514
0.000980,0.000353,-0.001685
-0.000001,0.000385,-0.004868
-0.000013,-0.000731,-0.000639
-0.000029,0.000305,0.002554
-0.001970,-0.001816,0.001452
-0.001964,0.000277,0.005735
0.000002,-0.002934,0.006775
-0.000976,-0.005087,0.008906
-0.000979,-0.010416,0.007778
-0.000044,-0.009360,0.008842
0.000910,-0.007207,0.006718
0.003821,-0.002906,0.003572
0.001898,0.002488,-0.001688
0.001906,0.007801,0.000467
-0.000011,0.009983,-0.004818
0.001009,0.011030,-0.002666
0.002023,0.008921,-0.004808
-0.000847,0.009936,0.000520
0.000156,0.001419,-0.001683
-0.001793,0.000332,0.000437
-0.001807,-0.001879,0.007853
-0.001815,-0.005079,0.007832
0.000132,-0.006114,0.004625
-0.000847,-0.000809,0.007868
0.000146,0.000298,0.003620
0.000171,0.002442,0.002564
0.001193,0.004588,0.001514
0.001238,0.009891,0.004744
0.000301,0.004623,-0.001670
0.000315,0.000354,-0.001714
-0.000662,0.001375,0.002526
-0.000674,0.000300,0.003613
-0.000673,-0.000778,0.004672
-0.001639,0.002413,0.005774
-0.002562,0.002381,0.008957
-0.001548,0.001324,0.007880
-0.000544,-0.000803,0.006795
-0.000533,-0.004016,0.007807
0.000441,-0.005079,0.007810
0.001395,-0.005047,0.004620
0.002371,-0.003938,0.000393
0.002353,-0.001836,0.003595
0.002355,-0.000737,0.000428
0.000399,-0.001803,0.000425
-0.001540,-0.000732,0.000448
-0.000552,-0.000765,0.003624
0.000421,-0.006134,0.006753
0.000418,-0.008256,0.005688
-0.000590,-0.009326,0.005651
-0.001621,-0.010404,0.006703
0.000303,-0.007143,0.000366
-0.001670,-0.001841,0.003582
-0.000703,-0.001822,0.002525
0.000295,0.000322,0.001469
-0.001650,-0.002912,0.004639
0.001264,-0.005067,0.006756
0.000274,-0.005045,0.004627
-0.000691,-0.002920,0.005727
0.000272,-0.002924,0.005714
0.001268,-0.001835,0.003601
0.002249,-0.001831,0.003600
0.002243,-0.001811,0.001471
0.002253,-0.000726,-0.000640
0.000287,0.002475,-0.000612
0.000282,0.000360,-0.002738
-0.000711,0.000316,0.001492
-0.001683,-0.000754,0.002556
-0.000706,-0.007167,0.003575
-0.001677,-0.007243,0.011009
-0.000712,-0.009356,0.008862
-0.002680,-0.006147,0.007844
-0.007576,0.004504,0.010066
0.003201,0.008760,0.012243
0.006269,0.007829,-0.001594
0.007281,0.004641,-0.003776
0.000451,0.003583,-0.004867
-0.000529,0.002516,-0.004877
0.001421,0.006752,-0.001664
0.000477,0.011042,-0.003748
0.001494,0.007810,-0.000579
-0.003353,0.006708,0.002609
-0.003322,0.002430,0.003647
0.000599,-0.000732,0.000426
0.000595,-0.001810,0.001478
0.000591,-0.000725,-0.000634
-0.000376,-0.000738,0.000393
0.000587,0.002477,-0.000648
-0.000373,0.005701,-0.002729
0.001590,0.004628,-0.002750
0.000638,-0.000750,0.001447
-0.001318,-0.004966,-0.003902
0.000608,-0.004997,-0.000698
-0.002351,-0.002881,0.001456
-0.000396,-0.000768,0.003603
-0.002336,0.005625,0.004734
0.000632,0.002454,0.001510
-0.000302,-0.000776,0.004664
-0.001263,-0.005044,0.004633
