0.003830,0.012648,-0.029366
0.004890,0.008354,-0.025151
0.001995,-0.001286,-0.022001
0.002030,-0.011964,-0.012615
0.001986,-0.019523,-0.001989
0.002926,-0.017453,0.005517
0.000880,-0.012177,0.011994
0.000836,0.000644,0.011015
0.000815,0.013476,0.006869
0.002772,0.020918,0.010142
0.000878,0.031603,0.008105
0.000933,0.035859,0.010266
0.001026,0.039158,-0.001467
0.000185,0.031744,-0.006905
0.002242,0.022192,-0.013397
0.002290,0.007206,-0.007127
-0.000844,-0.007762,-0.005086
-0.000936,-0.015238,-0.005134
-0.000934,-0.023780,-0.005191
-0.000103,-0.019484,-0.008364
-0.000384,-0.013133,-0.002944
-0.002423,-0.005693,-0.000713
-0.001217,0.008118,0.004792
-0.000799,0.021932,0.010289
-0.000309,0.030412,0.017831
0.001145,0.037037,0.002665
-0.031741,0.048905,-0.157236
-0.046869,0.056898,-0.080448
-0.013482,0.036971,-0.008666
0.005768,0.002667,0.021783
-0.003332,-0.010080,0.012110
0.002630,-0.015361,0.007739
0.001670,-0.018418,-0.009396
0.000651,-0.024781,-0.013738
0.001372,-0.019433,-0.013724
0.005579,-0.009781,-0.017952
0.009582,0.001968,-0.018929
0.009057,0.010491,-0.015684
0.007125,0.015761,-0.008146
0.006799,0.016809,-0.004950
0.010442,0.010427,-0.008194
0.010201,-0.000245,-0.009327
0.008992,-0.007750,-0.005117
0.006697,-0.008856,-0.000841
0.005378,-0.008913,0.005582
0.006070,-0.005746,0.009882
0.004918,-0.003645,0.012079
0.003804,-0.001507,0.009995
0.003654,0.009207,0.004746
0.004533,0.011405,-0.001677
0.007433,0.014657,-0.008056
0.004532,0.012552,-0.011288
0.006500,0.004050,-0.014591
0.006490,-0.006619,-0.015733
0.006430,-0.016198,-0.017968
0.009272,-0.025854,-0.013731
0.004185,-0.033398,-0.006280
0.004866,-0.030252,0.000166
0.005611,-0.021716,0.002333
0.006423,-0.006783,0.002475
0.004405,0.008196,-0.000640
0.002431,0.021024,-0.001636
0.003451,0.027483,-0.006957
0.004515,0.027524,-0.012291
0.005600,0.014713,-0.012386
0.007554,-0.006647,-0.011474
0.005503,-0.024855,-0.003085
0.003301,-0.034530,0.004340
0.004064,-0.035604,0.005393
0.001942,-0.028055,-0.003117
0.002786,-0.009854,-0.009394
0.000783,0.002960,-0.010355
0.003677,0.014657,-0.005966
0.004759,0.021119,-0.011296
0.006861,0.016877,-0.015585
0.008983,0.009381,-0.013487
0.004055,-0.001416,0.000348
0.003908,-0.010048,0.009937
0.003768,-0.011152,0.014207
0.004652,-0.000398,0.005713
0.004538,0.004968,0.003588
0.003519,0.010317,0.002551
0.002484,0.011392,0.001494
0.003476,0.012449,0.001529
0.004552,0.006098,-0.004934
0.002636,-0.002453,-0.003923
0.001622,-0.006741,-0.000771
0.004452,-0.005682,0.000306
0.001453,-0.002491,0.001405
0.004335,-0.002458,-0.001820
0.003313,0.000722,0.001400
0.004248,0.005006,-0.000695
0.004241,0.002868,0.000345
0.005199,0.001770,0.003552
0.004197,-0.001455,0.004632
0.002202,-0.001476,0.006779
0.002165,0.003867,0.005760
0.003103,0.007087,0.003647
0.002112,0.011369,0.002602
0.004057,0.011393,0.000446
0.003065,0.011358,0.003674
0.002097,0.008168,0.002572
0.004066,0.003908,0.001471
0.004068,-0.003537,-0.001793
0.004025,-0.007854,0.004571
0.003967,-0.006775,0.003502
0.002927,0.000701,0.003550
0.002884,0.004967,0.003592
0.003879,0.010338,-0.001685
0.000996,0.011367,0.002608
0.001926,0.005984,0.007914
0.002877,0.005954,0.011129
0.003856,0.005966,0.009008
0.001894,0.012411,0.003723
0.001855,0.019905,0.002676
0.001877,0.024204,0.001586
0.003840,0.021044,-0.002732
0.001967,0.012501,-0.002789
0.002991,-0.000340,0.000336
0.000998,-0.013175,0.003443
0.003865,-0.016372,0.002357
0.003755,-0.014249,0.003451
0.002736,-0.006779,0.003512
0.000720,0.002824,0.003595
0.002633,0.011385,0.001513
0.003656,0.022077,-0.000542
0.001772,0.026340,0.000553
0.003822,0.019945,-0.000565
0.002934,0.008186,0.001480
0.002910,-0.006746,-0.000755
0.004826,-0.017470,0.005567
0.001772,-0.022821,0.007654
0.002616,-0.020696,0.008740
0.000554,-0.016384,0.004480
0.001458,-0.006727,-0.000804
0.002413,0.007175,-0.003903
0.001507,0.010401,-0.007076
0.001575,0.009372,-0.011368
0.002635,0.005115,-0.013526
0.003661,-0.006674,-0.008264
0.001656,-0.016356,0.000224
0.001560,-0.018546,0.007671
0.003411,-0.017506,0.010890
0.002372,-0.013198,0.006639
0.003282,-0.005685,0.001360
0.004242,0.000728,0.000341
0.002277,0.005047,-0.006029
0.001331,0.001814,-0.003880
0.002322,0.002845,0.000404
0.002323,-0.001482,0.007843
0.002292,-0.000400,0.006767
0.002264,-0.002517,0.004613
0.003207,0.004970,0.004630
0.002180,0.006027,0.004666
0.000217,0.006014,0.005746
0.003195,-0.001398,-0.002834
0.004229,-0.002378,-0.012482
0.001281,-0.002375,-0.012491
0.001257,-0.005650,-0.003957
0.002211,-0.009962,0.000303
0.001170,-0.011086,0.008808
0.001094,-0.004708,0.012063
0.003996,0.010251,0.010049
0.002068,0.019834,0.013320
0.000083,0.024101,0.013362
0.002045,0.026193,0.017671
0.002074,0.020835,0.018730
0.000157,0.019829,0.011241
0.004116,0.021001,-0.001573
0.002202,0.021066,-0.006971
0.003231,0.019002,-0.014493
0.001331,0.015828,-0.016682
0.000448,0.013672,-0.013508
0.000474,0.004015,-0.008221
0.003448,-0.004544,-0.005098
0.002427,-0.009912,-0.000874
0.003365,-0.009934,0.000229
0.003314,-0.008863,0.000228
0.004264,-0.003527,-0.000773
0.002257,0.003911,0.002509
0.002237,0.012426,0.004731
0.000300,0.015561,0.011205
0.000296,0.017670,0.014427
0.002273,0.015528,0.014429
0.002244,0.006913,0.021881
0.001180,-0.003785,0.023954
0.001066,-0.005919,0.026027
-0.000004,-0.003746,0.021759
0.000925,-0.000439,0.010006
0.000953,-0.001410,0.000334
0.003874,0.002955,-0.010340
0.002930,0.001888,-0.008256
0.003955,-0.004490,-0.012559
0.001049,-0.013089,-0.006194
0.000007,-0.018532,0.006591
-0.000108,-0.015389,0.013047
-0.000191,-0.004727,0.014207
0.001692,0.012397,0.010037
0.002673,0.028427,0.006969
0.002735,0.040190,0.004914
0.003787,0.040206,0.003827
0.003905,0.035957,0.001647
0.004025,0.015693,-0.001689
0.003103,-0.006725,-0.000812
0.003044,-0.022734,-0.000939
-0.000024,-0.030253,0.004356
0.000795,-0.028131,0.005451
0.000676,-0.015317,0.004491
0.001567,0.001772,0.004598
-0.001370,0.022063,0.002636
-0.000304,0.029522,0.002726
0.002749,0.026372,-0.003712
0.003835,0.016756,-0.003760
0.002945,-0.001358,-0.008166
0.003910,-0.021725,0.000267
0.002835,-0.033515,0.006580
0.000702,-0.036748,0.010818
0.000544,-0.026035,0.006617
0.003391,-0.004586,-0.001849
0.001428,0.008238,-0.002837
0.000502,0.021065,-0.003829
0.001549,0.021056,-0.002760
-0.000290,0.017856,-0.003839
0.000773,0.012483,-0.000647
-0.000163,0.006135,-0.006071
0.001828,-0.002394,-0.008257
0.004772,-0.005582,-0.009362
0.003693,-0.011018,0.003403
0.001684,-0.008903,0.003469
0.002656,-0.004614,0.000314
0.001648,-0.005679,0.001347
0.004543,-0.001453,0.004631
0.001603,-0.001491,0.008914
0.001561,-0.003634,0.009966
0.002528,-0.001499,0.008934
-0.000424,0.001714,0.006839
0.001477,0.003829,0.010046
0.002436,0.009190,0.007931
0.002440,0.011341,0.006860
0.001489,0.011411,0.000403
0.000544,0.007151,-0.000700
0.002534,0.005054,-0.005001
0.001578,0.002928,-0.006085
0.002588,-0.000274,-0.006109
0.001594,-0.001342,-0.007161
0.001612,-0.002417,-0.007152
0.002558,-0.007778,-0.005037
0.001566,-0.005696,0.001392
0.002530,-0.002523,0.004631
0.001544,0.001796,-0.001740
0.001542,0.009271,-0.001690
0.001590,0.011428,-0.002779
0.003580,0.012489,-0.002754
0.000673,0.015651,0.002605
0.001668,0.009208,0.005795
0.002679,0.002803,0.005746
0.001708,-0.002541,0.006769
0.002605,-0.005773,0.009960
0.002544,-0.004728,0.012117
0.000557,-0.000369,0.002505
0.001523,0.009297,-0.003849
0.001584,0.015745,-0.009143
0.002621,0.015754,-0.009170
0.003689,0.017854,-0.004878
0.001770,0.011408,0.000410
0.003740,0.004974,0.003576
0.002789,0.000714,0.002473
0.002782,-0.000345,0.001396
0.002758,-0.001375,-0.001846
0.004677,0.000780,-0.003976
0.002753,0.001883,-0.008242
0.000818,0.006142,-0.008182
-0.000140,0.003964,-0.003903
0.002818,0.003969,-0.004962
0.001888,0.000755,-0.003907
0.001886,-0.001375,-0.004983
0.001893,0.000753,-0.003904
0.002908,0.001847,-0.007102
0.001950,-0.001353,-0.007134
0.001918,-0.000312,-0.003920
0.000957,0.000774,-0.005003
-0.000008,0.001836,-0.003935
0.001967,0.002935,-0.006101
0.002997,0.001862,-0.005049
0.001060,0.001842,-0.003951
-0.000898,0.002888,-0.001796
0.000085,-0.000323,-0.000753
0.002071,-0.005630,-0.004010
0.003038,0.001839,-0.004990
0.002076,0.003949,-0.002818
0.000106,0.005008,-0.000695
0.000143,0.008244,-0.005987
0.003122,0.006127,-0.008144
0.002196,0.002895,-0.004953
0.002181,-0.001394,-0.001797
0.001203,-0.002485,0.000351
0.003154,-0.003557,0.001400
0.003106,-0.002504,0.003536
0.001128,-0.001470,0.006767
-0.000842,0.003880,0.005730
0.002091,0.009234,0.004682
0.004075,0.012441,0.003647
0.001191,0.009268,0.000409
0.002178,0.009273,-0.000651
0.001221,0.008165,0.002585
0.001224,0.008205,-0.000658
-0.000732,0.009227,0.004698
0.001197,0.013480,0.007910
0.001219,0.017773,0.005792
0.001247,0.025270,0.003694
0.001295,0.027385,0.005854
-0.000611,0.031671,0.002708
0.000521,0.031747,-0.005860
0.003603,0.029729,-0.020820
0.000788,0.022227,-0.015572
0.001775,0.015763,-0.009191
0.000832,0.008214,-0.001727
0.001818,0.006023,0.004678
0.002785,0.008096,0.012177
0.002746,0.017674,0.014416
0.000776,0.027256,0.017694
0.001790,0.039009,0.016707
0.000877,0.044400,0.010335
0.000969,0.042256,0.011387
0.001072,0.034800,0.009198
0.001131,0.030569,0.004881
0.001214,0.030627,-0.001547
0.000348,0.026454,-0.011244
0.000427,0.028658,-0.016637
0.002461,0.024366,-0.013473
0.002559,0.019024,-0.011410
0.001669,0.009433,-0.014664
0.001745,0.000879,-0.013645
0.001775,-0.005581,-0.007273
0.002728,-0.005616,-0.004046
0.001736,-0.007778,-0.001898
0.002671,-0.002443,-0.002899
0.001701,0.002850,0.000394
0.001708,0.006021,0.002593
0.000716,0.005982,0.006877
0.000680,0.009107,0.015468
-0.001303,0.012306,0.015502
0.000702,0.012379,0.009040
0.002659,0.010311,0.002575
0.002712,0.003973,-0.004970
0.001756,-0.006675,-0.008259
0.003710,-0.023745,-0.008410
0.003675,-0.036579,-0.006354
0.000612,-0.039831,0.001073
0.001499,-0.032373,0.001167
0.001441,-0.022727,-0.003046
0.000414,-0.010961,-0.005111
0.002355,0.001853,-0.005027
0.002363,0.008216,-0.000685
0.001417,0.011370,0.003649
0.003418,0.007106,0.002556
0.002479,0.000696,0.003566
0.002439,-0.011089,0.008818
0.002343,-0.019625,0.007698
0.001307,-0.021763,0.007691
0.002188,-0.020634,0.000218
0.001135,-0.017365,-0.006206
0.001156,-0.009841,-0.012560
0.002141,-0.006614,-0.014691
0.001210,-0.002357,-0.012532
0.001277,-0.006620,-0.014675
0.001308,-0.011971,-0.013636
0.002319,-0.017306,-0.012636
0.002290,-0.018409,-0.009415
0.003228,-0.018442,-0.004099
0.003160,-0.010987,-0.001906
0.003142,-0.004567,-0.002943
0.001189,-0.000314,-0.000774
0.001205,0.005033,-0.002852
0.001246,0.007178,-0.003905
0.002265,0.002901,-0.003920
0.001309,-0.004610,-0.000739
0.003221,-0.007832,0.002424
0.002212,-0.008904,0.002430
0.001193,-0.005676,-0.000752
0.001211,-0.002434,-0.006062
0.001233,-0.004498,-0.012536
0.002261,-0.005550,-0.014677
0.002266,-0.012008,-0.009356
0.002229,-0.009938,-0.000804
0.000257,-0.006774,0.003505
0.002189,-0.005744,0.008840
0.002168,-0.000374,0.005657
0.002139,0.007086,0.005743
0.002142,0.011384,0.001520
0.002161,0.008134,0.005805
0.000205,0.005999,0.005789
0.003149,0.001733,0.004699
0.003127,0.000644,0.008929
0.002096,-0.003625,0.009943
0.000099,-0.003609,0.008856
0.003027,-0.000326,0.000303
0.001063,0.002899,-0.002869
0.001083,0.003974,-0.002881
0.000112,0.002924,-0.005026
0.001122,0.002918,-0.005012
0.002108,0.006127,-0.005005
0.001157,0.005078,-0.009244
0.002180,0.000778,-0.003970
0.002190,0.002892,-0.001807
0.002178,0.000716,0.002469
0.000216,0.002843,0.003552
0.001182,0.002848,0.002492
0.002157,0.003896,0.004644
0.001168,0.003884,0.005722
0.001142,0.006023,0.004681
0.001133,0.009195,0.007921
0.000171,0.007106,0.002556
0.000171,0.008138,0.006839
0.002117,0.006019,0.004690
0.001151,0.000684,0.005691
0.002110,-0.005666,-0.000778
0.004067,-0.006722,-0.002905
0.000125,-0.013168,0.001337
0.001013,-0.014292,0.007750
0.001942,-0.015377,0.007788
0.001903,-0.007870,0.003571
0.001864,-0.002500,0.001435
0.001873,0.005024,-0.002827
0.001889,0.007193,-0.007083
0.000960,0.011426,-0.003817
0.000969,0.006041,0.003587
0.000963,0.002800,0.007846
0.002932,-0.000426,0.008929
0.000955,-0.001474,0.007825
0.002885,0.001790,0.000368
0.002897,0.002862,0.001409
0.003836,0.006068,0.000380
0.002899,0.007172,-0.002846
0.001953,0.007170,-0.001794
0.001982,0.003985,-0.003956
0.001972,0.001780,0.004577
0.001965,-0.000349,0.003501
0.001965,0.000751,0.000285
0.001995,0.004035,-0.008269
0.002044,0.003008,-0.013612
0.002079,0.000861,-0.012550
0.001107,-0.000239,-0.009338
0.002070,-0.001364,-0.003967
-0.000840,-0.003536,-0.001795
0.000120,-0.004654,0.003559
0.001054,-0.007917,0.008923
0.001960,0.000598,0.011144
0.000933,0.001627,0.014388
0.001920,0.003788,0.011198
0.002924,0.004905,0.004802
0.000958,-0.006839,0.004721
0.000903,-0.017560,0.009990
0.000814,-0.031438,0.008841
0.001707,-0.041022,0.006618
0.002555,-0.045243,0.002274
0.001401,-0.038821,0.001232
0.001243,-0.030340,0.008770
0.000120,-0.015431,0.014206
-0.001858,0.002755,0.009012
0.000134,0.015603,0.003779
0.000170,0.025188,0.008092
0.002178,0.023059,0.007014
0.001223,0.016577,0.015533
0.003170,0.013368,0.017618
0.002127,0.011193,0.022936
0.003078,0.005917,0.016459
0.002073,0.008080,0.014311
-0.000936,0.015539,0.017540
0.000002,0.028332,0.018726
0.001051,0.038029,0.009151
0.002191,0.038165,-0.006889
0.003364,0.029793,-0.027262
0.004506,0.011709,-0.032791
0.002621,-0.008627,-0.027576
0.002601,-0.022586,-0.018055
0.001579,-0.025835,-0.011683
0.001521,-0.010936,-0.006224
-0.000452,0.009313,-0.002848
0.000523,0.033865,-0.003709
0.002616,0.049888,-0.004659
0.001778,0.053048,-0.000342
0.002915,0.045524,0.004967
0.003058,0.028486,-0.000499
0.002163,0.012502,-0.003830
0.001226,-0.009898,-0.005091
0.000202,-0.022725,-0.002006
0.002070,-0.025899,-0.004195
0.001998,-0.021603,-0.007371
0.000988,-0.011968,-0.009462
0.001010,-0.000194,-0.012593
0.000072,0.009429,-0.013605
0.004099,0.019030,-0.013516
0.004225,0.016920,-0.017780
0.002384,0.005152,-0.016755
0.002419,-0.012027,-0.005123
0.002384,-0.020633,0.001261
0.001292,-0.027099,0.008693
0.001197,-0.019640,0.009829
0.000131,-0.013176,0.003448
0.001063,0.000712,0.003526
0.001066,0.006080,-0.000698
0.000105,0.011431,-0.001739
0.002099,0.012482,-0.000644
0.003165,0.003989,-0.005010
0.002277,-0.011999,-0.008331
0.003247,-0.028019,-0.007389
0.002146,-0.038735,-0.003179
0.001053,-0.044096,-0.001063
-0.000068,-0.039877,0.004332
0.000761,-0.032451,0.009734
0.001636,-0.012225,0.015262
-0.000402,0.004833,0.018586
0.000561,0.025168,0.013372
0.000630,0.035881,0.010218
0.002714,0.034873,0.003779
0.002798,0.024166,0.006918
0.002812,0.006027,0.006760
0.001824,-0.014265,0.008727
0.003671,-0.030257,0.005415
0.002600,-0.034494,0.002159
0.000521,-0.027005,0.000080
-0.000534,-0.014128,-0.008364
-0.000555,0.000821,-0.009308
-0.000521,0.012570,-0.009239
0.000562,0.015814,-0.015600
0.001645,0.009374,-0.012417
0.001716,-0.005642,-0.005024
0.002674,-0.019541,-0.001931
0.001642,-0.031346,0.004418
0.002469,-0.031382,0.009741
0.002327,-0.023908,0.008749
0.000275,-0.012174,0.008859
0.002207,0.000689,0.001495
0.002202,0.009230,0.001555
0.000276,0.011293,0.009080
0.000234,0.010167,0.015499
0.001217,0.012300,0.016566
0.000257,0.015557,0.011217
0.003244,0.019935,0.000509
0.001348,0.018940,-0.005962
0.002397,0.014748,-0.012470
0.003429,0.005158,-0.013635
0.002497,-0.007693,-0.009441
0.002495,-0.022697,-0.003123
0.002435,-0.028055,-0.001018
0.002330,-0.022742,0.001178
0.002208,-0.006773,0.005595
0.000185,0.007059,0.009999
-0.000784,0.028375,0.014430
-0.000720,0.040128,0.011354
0.000360,0.046554,0.009257
0.004394,0.040153,0.008151
0.002518,0.024116,0.011234
0.002550,0.003896,0.004644
0.002569,-0.008848,-0.002945
0.001574,-0.016240,-0.011577
0.002520,-0.021537,-0.016953
0.003482,-0.020425,-0.021244
0.000505,-0.021526,-0.018028
0.001470,-0.020505,-0.012669
0.000507,-0.014084,-0.015799
0.000529,-0.013060,-0.011495
0.001526,-0.013078,-0.009357
0.002523,-0.013052,-0.012560
0.002505,-0.015214,-0.009370
0.000546,-0.010958,-0.008253
0.000518,-0.003530,-0.002852
0.001513,0.001847,-0.007100
0.003519,0.010423,-0.010267
0.000640,0.010418,-0.008165
-0.000302,0.001823,-0.001809
0.001662,-0.002481,0.002432
0.000648,-0.006802,0.007760
0.000621,-0.005731,0.007759
0.000615,0.000702,0.005644
0.000609,0.011464,-0.003917
0.001664,0.025384,-0.007061
0.002753,0.032905,-0.013406
0.002870,0.030803,-0.016647
0.004003,0.023294,-0.012424
0.002145,0.009424,-0.013591
0.003177,-0.005589,-0.007253
0.001184,-0.017424,0.002311
0.002034,-0.019651,0.011948
0.000934,-0.012238,0.018437
-0.000155,-0.000494,0.017472
-0.000181,0.012396,0.006902
0.002787,0.020963,0.003761
0.000899,0.020986,0.000564
0.001929,0.013466,0.003766
0.000007,-0.000457,0.009011
0.002902,-0.014298,0.004628
0.000868,-0.027140,0.009845
0.002703,-0.026044,0.007687
0.001610,-0.020700,0.007710
0.001540,-0.008888,0.001341
0.001511,-0.001379,-0.001834
0.002541,0.003991,-0.003970
0.002576,0.006112,-0.001825
0.001620,0.002890,-0.001802
0.000648,0.003910,0.003559
-0.000371,0.003876,0.006789
0.000583,0.008119,0.010028
0.000581,0.011322,0.009005
0.000605,0.022013,0.006950
0.002622,0.027425,-0.001569
0.000759,0.024249,-0.004800
0.002808,0.013621,-0.010232
0.000941,-0.000257,-0.009289
0.002893,-0.014138,-0.009384
0.002886,-0.026965,-0.007346
0.001840,-0.031273,-0.003091
0.002699,-0.025951,-0.000922
0.001627,-0.013131,-0.001897
0.000604,0.002857,0.001424
-0.000377,0.016706,0.004739
-0.000382,0.028416,0.009095
-0.001298,0.026245,0.012310
-0.000270,0.025174,0.012311
0.002698,0.017708,0.012238
-0.000275,0.015500,0.020780
-0.000346,0.019735,0.026130
0.001582,0.022985,0.020803
0.001596,0.027267,0.020803
0.002555,0.027235,0.025069
0.002528,0.026131,0.028293
0.000522,0.022866,0.034707
0.000503,0.019720,0.028262
0.003447,0.014445,0.018648
0.004493,0.010300,0.003647
0.003467,0.007123,0.001466
-0.000517,-0.006819,0.008853
0.000383,-0.015429,0.015245
0.001286,-0.018633,0.014177
0.004194,-0.013180,-0.000726
0.003256,-0.005587,-0.014580
0.002284,0.007285,-0.020920
0.003355,0.013726,-0.025147
0.002491,0.004144,-0.027377
0.003587,-0.006529,-0.026415
0.003663,-0.016127,-0.025466
0.002710,-0.018234,-0.028695
0.001732,-0.018251,-0.024465
0.002731,-0.012859,-0.029797
0.000820,-0.008604,-0.027635
0.001842,-0.006509,-0.022284
-0.000078,-0.006597,-0.013689
0.000910,-0.005588,-0.009347
-0.000037,-0.011007,-0.001853
-0.000081,-0.015327,0.002430
0.001811,-0.010039,0.006783
0.000792,0.002759,0.007954
0.000793,0.018779,0.007009
0.002762,0.028378,0.010242
0.001870,0.036939,0.009203
0.002953,0.031610,0.009139
0.003016,0.014527,0.010067
0.003999,-0.002570,0.013121
0.001962,-0.018581,0.015090
0.002837,-0.028166,0.012867
0.000751,-0.026012,0.011788
-0.000353,-0.016336,0.003313
-0.001344,-0.000230,-0.007268
-0.000343,0.011529,-0.011407
0.002663,0.015780,-0.010278
0.001805,0.010470,-0.015620
0.001926,-0.000220,-0.014616
0.003900,-0.017372,-0.006188
0.001841,-0.028102,0.000151
0.002703,-0.027119,0.009793
-0.000306,-0.021738,0.004490
0.001572,-0.007880,0.007780
0.001519,0.006054,0.002507
0.001548,0.015640,0.004727
0.001585,0.015610,0.007942
0.000653,0.010262,0.007930
0.001639,0.002790,0.007872
0.000671,-0.003596,0.004640
0.001598,-0.007843,0.003502
0.002574,-0.006689,-0.006129
0.002580,-0.006610,-0.015748
0.002593,-0.006585,-0.017905
0.000660,-0.007682,-0.014698
0.001677,-0.010909,-0.011519
0.001681,-0.015212,-0.008328
0.000704,-0.010932,-0.009369
0.001682,-0.005639,-0.003984
0.003623,0.000773,-0.003955
0.002639,0.001807,-0.000722
0.001672,0.007157,-0.001761
0.002685,0.011432,-0.002787
0.001766,0.007159,-0.002811
0.000802,-0.000381,0.004630
0.000765,-0.004666,0.005684
0.000735,-0.008944,0.006717
0.000712,-0.006782,0.003524
0.000675,-0.002498,0.001429
0.000659,-0.000300,-0.004994
0.001661,-0.000270,-0.008209
0.002663,-0.001367,-0.003956
0.001665,-0.005675,0.000295
0.001673,-0.011031,0.001349
0.002627,-0.015311,0.003435
0.000633,-0.011058,0.005600
0.000575,-0.003607,0.007804
0.000535,0.003894,0.004650
0.001516,0.010337,0.000416
0.002522,0.017810,0.000468
0.001575,0.016720,0.001565
0.003567,0.008191,0.000428
0.003584,-0.003589,0.004621
0.002566,-0.015396,0.012022
0.002411,-0.019736,0.020539
0.000315,-0.013407,0.030198
-0.001776,-0.001675,0.031357
0.001089,0.012265,0.023977
0.001066,0.021937,0.016561
0.002080,0.027351,0.006987
0.001176,0.027406,-0.000476
0.001215,0.014597,0.001520
0.002206,0.003879,0.006781
0.000218,-0.002522,0.007767
0.003081,-0.007873,0.009855
0.001063,-0.016450,0.016162
0.000965,-0.013243,0.015127
-0.000122,-0.011116,0.016211
0.001764,-0.004711,0.014169
0.000762,0.001741,0.007818
0.000770,0.003879,0.005733
0.003678,0.004940,0.006806
0.001735,0.000698,0.002516
0.001736,-0.002547,0.005740
0.001704,-0.008941,0.003571
0.000668,-0.014298,0.005676
0.001559,-0.019658,0.008831
0.003389,-0.019691,0.012054
0.002298,-0.017556,0.012071
0.000275,-0.010099,0.014258
0.002183,-0.002589,0.010032
0.002140,0.001715,0.007886
0.001146,0.003911,0.002513
0.002137,0.002907,-0.004982
0.001199,0.001834,-0.003930
0.001207,-0.005656,-0.001848
0.002149,-0.012103,0.002396
0.002078,-0.017477,0.006636
0.002006,-0.020727,0.011964
0.000907,-0.016477,0.014141
0.001817,-0.003652,0.013153
0.000806,0.006014,0.005749
0.001804,0.014599,0.001513
0.001837,0.017781,0.004727
0.001842,0.014582,0.004693
0.000880,0.003884,0.006766
0.002839,-0.005716,0.006674
0.002818,-0.019567,0.003366
0.001760,-0.027013,0.000102
0.002639,-0.033436,0.001148
0.001551,-0.027020,0.000120
0.001487,-0.021678,-0.000897
0.000471,-0.014201,-0.001898
0.000417,-0.009944,-0.000787
0.000426,-0.002437,-0.005004
0.002424,0.005075,-0.010281
0.001469,-0.004547,-0.009269
0.001498,-0.010977,-0.006114
0.002444,-0.023838,-0.001893
0.002339,-0.027122,0.007706
0.000260,-0.027160,0.011990
-0.000849,-0.017536,0.012019
0.001034,0.002725,0.015364
0.001006,0.015572,0.011179
0.000099,0.024176,0.003755
0.000178,0.028506,-0.002644
0.002235,0.028544,-0.004836
0.002349,0.015759,-0.007086
0.004373,-0.002375,-0.008304
0.001408,-0.017358,-0.002042
0.001300,-0.029183,0.006453
0.001185,-0.025994,0.006510
-0.000861,-0.011047,0.006616
0.001013,0.005986,0.013144
0.000054,0.020964,0.007943
0.003139,0.028593,-0.011236
0.003300,0.025488,-0.025108
0.001449,0.009408,-0.016688
0.001454,-0.012073,-0.003956
0.002381,-0.031388,0.007667
0.001265,-0.031409,0.009813
0.002092,-0.014384,0.015311
-0.000907,0.008053,0.013338
0.001033,0.034802,0.008147
0.001146,0.055172,-0.001342
0.001306,0.058330,0.002982
0.002457,0.047705,-0.001412
0.002603,0.032755,-0.001513
0.001735,0.015707,-0.002768
0.001772,0.002897,-0.002863
0.000779,-0.007730,-0.006206
0.000750,-0.010913,-0.008371
0.002709,-0.011932,-0.012690
0.001735,-0.008741,-0.012636
0.002743,-0.005546,-0.012593
-0.000164,-0.001298,-0.011456
0.000833,-0.001358,-0.005026
0.003808,0.003983,-0.006044
0.002833,0.008198,-0.000640
-0.000051,0.010334,-0.002718
0.001931,0.011382,0.000479
0.000981,0.012442,0.002600
0.000981,0.008137,0.006842
0.001971,0.004929,0.006834
0.001979,-0.003582,0.004603
0.000974,-0.008873,0.000256
0.002930,-0.006685,-0.006140
0.001007,-0.006594,-0.016836
0.000089,-0.007575,-0.026481
0.003088,-0.007548,-0.027595
0.002150,-0.008634,-0.026508
0.003171,-0.009702,-0.027564
0.003254,-0.006529,-0.023282
0.002327,-0.005466,-0.020122
0.002377,-0.005531,-0.012632
0.002388,-0.004529,-0.004087
0.000399,-0.000286,-0.000848
0.001356,0.004980,0.005653
-0.000583,0.010261,0.012116
-0.001598,0.015570,0.013277
0.000400,0.020923,0.010139
0.001442,0.024186,0.001639
0.001533,0.018874,-0.002650
0.001610,0.004996,-0.001707
0.003565,-0.006723,-0.004995
0.002606,-0.014166,-0.008265
0.001582,-0.021650,-0.005153
0.002518,-0.023735,-0.009482
0.002499,-0.026871,-0.015955
0.003477,-0.025783,-0.019140
0.002484,-0.025811,-0.014883
0.003418,-0.027968,-0.013793
0.000486,-0.025849,-0.012690
-0.000485,-0.022650,-0.013703
0.000446,-0.015199,-0.011499
-0.000528,-0.005602,-0.010355
0.000482,-0.000249,-0.013493
0.002504,0.005083,-0.012393
0.002570,0.005122,-0.016677
0.001662,0.002973,-0.014566
-0.000231,-0.004464,-0.016806
0.003688,-0.009800,-0.016848
0.001745,-0.015236,-0.004083
-0.001237,-0.020599,-0.000918
0.000643,-0.016377,0.004468
0.000644,-0.008848,-0.001897
0.000620,-0.000360,0.003531
0.001572,0.004963,0.004651
0.001592,0.009199,0.007908
0.001592,0.010298,0.004701
0.000686,0.010321,0.001504
0.001667,0.003948,-0.001767
0.000711,0.000707,0.002493
0.005572,-0.007851,0.004570
0.001605,-0.012135,0.006665
0.002549,-0.012113,0.004514
0.000545,-0.004602,0.000287
0.001510,0.003980,-0.003942
0.002538,0.009357,-0.007143
0.003565,0.007236,-0.009287
0.001659,0.004015,-0.008216
0.002678,-0.003501,-0.003977
0.003624,-0.012064,-0.001888
0.001629,-0.013144,0.000229
0.001591,-0.007813,0.001330
0.000593,0.006081,-0.000699
0.000596,0.011425,-0.000676
-0.000340,0.022124,-0.003798
0.001670,0.018913,-0.002754
0.002731,0.012503,-0.002785
0.001791,0.007157,-0.001757
-0.000144,-0.003539,-0.000738
0.002751,-0.005695,0.001392
0.001732,-0.003589,0.005667
0.001724,-0.000373,0.003563
0.001719,0.004997,0.000377
0.003707,0.007167,-0.003881
0.003721,0.007135,0.000388
0.001779,0.002841,0.002510
0.001802,0.000751,-0.001804
0.002767,-0.001371,-0.002899
0.001812,-0.004595,-0.001823
0.002773,-0.007825,0.002409
0.001747,-0.011032,0.002392
0.000726,-0.009982,0.004538
0.001686,-0.003557,0.002447
0.000691,0.002877,-0.000719
0.001694,0.008265,-0.004994
0.001742,0.007190,-0.004984
0.002748,0.007191,-0.006032
0.002792,-0.001354,-0.005038
0.000841,-0.007809,-0.000774
0.001773,-0.015298,0.001306
0.001754,-0.013139,-0.001877
0.001719,-0.008836,-0.005068
0.000741,-0.004585,-0.002897
0.000725,-0.001382,-0.002872
0.001672,0.000720,0.001414
0.002664,0.000741,-0.000732
0.002708,0.001801,-0.001753
-0.000214,-0.002489,0.002452
0.000703,-0.005716,0.005630
0.001660,-0.006773,0.003503
0.001648,-0.004596,-0.001818
0.002634,-0.006710,-0.003981
0.001608,-0.003529,-0.000765
0.000626,-0.002490,0.001408
0.001581,-0.000345,0.000355
0.001613,-0.000312,-0.002870
0.000647,-0.004622,0.002430
-0.000359,-0.006773,0.003500
0.002527,-0.003554,0.002439
0.001546,-0.000312,-0.002871
0.001564,0.006097,-0.002834
0.001582,0.007199,-0.007100
0.000642,0.009290,-0.001737
0.001643,0.009284,-0.000677
0.000702,0.007127,0.001456
0.002698,0.006061,0.000397
0.003710,0.000782,-0.006069
0.002748,0.003989,-0.005012
0.001741,0.003937,0.000352
0.002727,0.005008,0.000352
0.002737,0.005016,0.000332
0.000793,0.003948,0.000324
0.000795,0.001799,0.001393
0.001787,0.003940,0.001391
0.000796,0.003875,0.007835
0.000812,0.008196,0.000414
0.004819,0.008307,-0.012424
0.002942,0.010531,-0.022053
0.002014,0.003010,-0.016754
0.001043,-0.007769,-0.006104
0.001977,-0.016388,0.003452
0.001905,-0.015398,0.012029
0.000843,-0.002595,0.013189
0.001809,0.015580,0.010114
0.000840,0.034815,0.008115
0.001877,0.043366,0.007103
0.001993,0.046549,0.008225
0.002118,0.039056,0.010313
0.001196,0.027353,0.005939
0.002276,0.019967,-0.002710
0.004280,0.012572,-0.009241
0.003359,0.008378,-0.016791
0.002422,0.001969,-0.014739
0.002482,-0.004419,-0.015876
0.000545,-0.006559,-0.016927
0.002522,-0.007697,-0.008385
-0.000416,-0.005596,-0.006187
0.001573,-0.000273,-0.006109
0.000609,0.007175,-0.003897
0.000659,0.013563,-0.002761
0.000706,0.018867,0.000505
0.001712,0.022018,0.005892
0.002715,0.024149,0.005917
0.001782,0.021964,0.011262
0.000815,0.011280,0.012251
0.001770,0.004916,0.008959
0.001758,-0.000407,0.006790
0.002715,-0.001437,0.003548
0.000750,0.004980,0.002517
0.001707,0.000786,-0.005034
0.002736,-0.002392,-0.006166
0.001741,-0.002410,-0.004029
0.001728,-0.002424,-0.002947
-0.000196,-0.002447,0.000250
0.000764,-0.003546,0.003462
0.002673,-0.007880,0.010919
0.000694,-0.006824,0.010956
0.002615,-0.011098,0.009890
0.001575,-0.011073,0.005641
0.003492,-0.007844,0.002460
0.000508,-0.000374,0.001476
0.001485,0.006041,0.001498
0.002476,0.007114,-0.001649
0.001521,0.000731,-0.003845
0.002519,-0.009946,-0.003920
0.002509,-0.020613,-0.004020
0.002456,-0.029183,0.000179
0.000393,-0.033442,0.000118
0.001290,-0.029133,-0.004135
0.001281,-0.022636,-0.013740
0.002263,-0.012954,-0.022227
0.002296,-0.010830,-0.020091
0.003284,-0.010882,-0.014727
0.000369,-0.012011,-0.009347
0.001342,-0.013128,-0.002948
0.000343,-0.010985,-0.001908
0.001297,-0.006714,-0.002927
0.000320,0.002900,-0.002871
0.003267,0.006105,-0.002855
0.002346,0.009374,-0.009279
0.002398,0.007237,-0.008245
0.001456,-0.005590,-0.007248
0.000488,-0.020593,-0.000933
0.002388,-0.029161,0.001165
0.000318,-0.027042,0.002270
0.000246,-0.015297,0.000259
0.000228,-0.001408,-0.000713
0.002226,0.011480,-0.010233
0.002256,0.017833,-0.004819
0.001355,0.023185,-0.005865
0.003403,0.015744,-0.010184
0.004496,0.006148,-0.010285
0.003527,-0.014223,-0.000796
0.002431,-0.022869,0.013014
0.001327,-0.021836,0.017296
0.000243,-0.010077,0.015249
0.002142,0.003859,0.008922
0.001134,0.022028,0.007957
0.002200,0.037015,0.001686
0.002315,0.042409,-0.003653
0.003428,0.034961,-0.006909
0.003558,0.018972,-0.009180
0.002658,-0.003505,-0.001874
0.002617,-0.018445,-0.001998
0.000578,-0.028089,0.002207
0.002421,-0.026997,0.000060
0.000403,-0.018466,0.001193
0.001341,-0.000278,-0.002959
0.001358,0.005064,-0.005025
0.002373,0.011446,-0.003871
0.001447,0.009277,-0.000659
0.001466,0.002848,0.001447
0.002463,-0.004634,0.001417
0.000516,-0.006741,-0.000765
-0.000515,-0.003515,-0.004985
0.002422,0.000754,-0.004952
0.002415,0.006084,-0.003845
0.002448,0.008226,-0.003847
0.002480,0.003948,-0.002811
-0.000424,-0.002488,0.001405
0.000519,-0.004649,0.004594
0.000537,-0.009981,0.003493
0.002435,-0.011020,0.002366
0.001431,-0.005687,0.002416
-0.000560,-0.003564,0.003510
0.000371,0.002835,0.004619
0.001364,0.010313,0.003615
0.001407,0.013540,0.001484
0.002422,0.016764,-0.000639
0.003451,0.008244,-0.003893
0.002520,-0.005618,-0.005084
0.002533,-0.018467,-0.001940
0.004411,-0.031310,0.000142
0.002326,-0.034576,0.008649
0.003183,-0.027067,0.003382
0.001138,-0.016393,0.003464
0.000112,-0.003563,0.001417
0.002073,0.006091,-0.003862
0.004069,0.008212,-0.001718
0.002143,0.000752,-0.002853
0.004125,-0.012081,-0.000797
0.003123,-0.020660,0.002379
0.003006,-0.031373,0.008672
0.000904,-0.032473,0.011888
0.000791,-0.022817,0.006603
0.002637,-0.008960,0.009898
-0.000347,0.005982,0.008971
0.001643,0.014593,0.001529
0.002676,0.017786,0.002624
0.001797,0.018918,-0.004858
0.001847,0.007152,-0.001745
0.001878,-0.003507,-0.002914
0.001870,-0.019526,-0.001969
0.002786,-0.031259,-0.003129
0.001693,-0.037688,-0.001022
0.001567,-0.036630,0.000055
0.000490,-0.028088,-0.000933
0.000405,-0.015283,-0.000824
0.001349,-0.005719,0.004592
0.000392,0.004976,0.002528
0.002406,0.002901,-0.004967
0.004413,-0.000284,-0.007129
0.002486,-0.006662,-0.009338
0.003450,-0.015210,-0.008335
0.002425,-0.017363,-0.005166
0.001387,-0.023763,-0.005225
0.001289,-0.023803,0.000107
0.001224,-0.025953,0.001177
0.001175,-0.019594,0.006573
-0.000846,-0.009967,0.006593
0.001054,0.004984,0.003552
0.002156,0.013627,-0.008156
0.002257,0.015848,-0.016731
0.001328,0.016933,-0.016769
0.001365,0.014771,-0.014623
0.000474,0.004055,-0.010413
0.002484,-0.002432,0.000211
0.001430,-0.005769,0.016226
0.003302,-0.001551,0.020578
0.002283,0.007004,0.017465
0.003279,0.020907,0.013317
0.002290,0.028328,0.018736
0.000332,0.034716,0.018831
0.001373,0.036893,0.012462
0.000490,0.035902,0.003888
0.003505,0.031671,-0.000429
0.002588,0.020995,0.000539
0.002608,0.011418,-0.000659
-0.000303,0.000759,-0.000780
0.001689,-0.005605,-0.006164
0.003641,-0.016278,-0.005203
0.000654,-0.019479,-0.006278
0.000602,-0.018426,-0.005185
0.000566,-0.007764,-0.004024
0.002486,0.002893,-0.002854
-0.000411,0.010333,0.001470
0.004496,0.019910,0.003713
0.002600,0.025233,0.005882
0.001637,0.024127,0.010160
0.001660,0.016632,0.013300
0.001683,0.003829,0.013185
0.002619,-0.007918,0.014154
0.002540,-0.015369,0.011951
0.001483,-0.016424,0.010865
0.001409,-0.017455,0.005532
0.002330,-0.020589,-0.001992
0.003267,-0.014159,-0.006191
0.003234,-0.006694,-0.006115
0.001278,-0.003483,-0.007160
0.000288,-0.002466,0.000302
-0.001712,0.003866,0.008904
0.000215,0.004886,0.014265
0.003151,0.002754,0.013197
0.003152,-0.003642,0.012079
0.001143,-0.003648,0.012095
0.001043,-0.007918,0.012062
0.000970,-0.005778,0.009975
0.001924,-0.001464,0.004664
0.001905,-0.000414,0.006809
-0.001083,-0.001511,0.010016
0.000858,0.001709,0.007901
0.001840,0.008162,0.003639
0.001852,0.008212,-0.000674
0.000891,0.005008,0.000352
0.002847,0.000754,0.000279
0.001887,-0.003489,-0.002960
0.002887,-0.010941,-0.005162
0.000902,-0.021655,-0.002003
0.003763,-0.032362,0.002185
0.000677,-0.033494,0.007575
0.000561,-0.023918,0.009819
-0.001483,-0.011077,0.005652
0.001432,0.007156,-0.002803
0.000516,0.023192,-0.006927
0.000605,0.028566,-0.012215
0.000770,0.023254,-0.014411
0.003802,0.006148,-0.010289
0.002845,-0.012003,-0.009369
0.003812,-0.028047,-0.004175
0.001768,-0.032362,0.002186
0.000647,-0.031313,0.005377
0.001546,-0.018458,-0.000918
0.000529,-0.007767,-0.004018
0.002536,0.001904,-0.011434
0.002589,0.009352,-0.008176
0.000671,0.006108,-0.006000
0.003644,-0.000318,-0.004948
0.001735,-0.012080,-0.002892
0.001685,-0.016388,0.001357
0.002569,-0.015355,0.005640
0.000518,-0.004685,0.008870
0.000501,0.004962,0.003610
0.003427,0.013535,0.000450
0.001518,0.012450,0.002579
0.002543,0.011408,0.000413
0.001612,0.010367,-0.002802
0.001657,0.005043,-0.002876
0.002670,-0.003459,-0.006175
0.002701,-0.009843,-0.009414
0.003641,-0.014088,-0.011603
0.001698,-0.010921,-0.009398
0.001653,-0.008832,-0.005079
0.000662,-0.001384,-0.002867
0.000694,0.007166,-0.002828
0.000753,0.017850,-0.004864
0.001795,0.023175,-0.003745
0.000917,0.018933,-0.006987
0.001951,0.009303,-0.003864
0.004931,-0.000291,-0.006062
0.002025,-0.008851,-0.003981
0.001967,-0.013171,0.002392
0.001891,-0.013175,0.002401
-0.000092,-0.005663,-0.000784
0.000889,0.003970,-0.003916
0.001895,0.009347,-0.008164
0.000966,0.010417,-0.009206
0.003004,0.002873,-0.002800
0.001071,-0.007822,-0.000737
0.001027,-0.015310,0.001341
0.003926,-0.014169,-0.007209
0.001960,-0.013101,-0.006158
0.001921,-0.007752,-0.007194
0.001916,0.000759,-0.002871
0.000963,0.005060,-0.005011
0.002977,0.007224,-0.008210
0.003031,0.007246,-0.010358
0.001134,-0.002375,-0.008302
0.003106,-0.006682,-0.005102
0.001149,-0.016321,-0.000909
0.004019,-0.019540,-0.000889
0.002020,-0.017407,-0.000866
0.000991,-0.009909,-0.004014
0.000002,-0.000273,-0.007154
0.000037,0.008253,-0.006010
0.001066,0.011468,-0.007063
0.001114,0.009324,-0.006011
0.001192,0.002901,-0.004968
0.002189,-0.004549,-0.007172
0.001218,-0.014205,-0.000842
0.002132,-0.022735,-0.001977
0.004029,-0.022743,-0.000911
0.001029,-0.019511,-0.004101
0.000962,-0.014176,-0.004055
0.000958,-0.006730,-0.002883
0.001952,-0.001404,-0.000723
0.000985,0.002908,-0.007075
0.002013,0.005031,-0.004936
0.001070,-0.002438,-0.005003
0.001063,-0.006748,0.000302
0.001042,-0.008827,-0.006136
0.002999,-0.009914,-0.002955
0.002012,-0.009913,-0.001913
0.001001,-0.007816,0.001338
-0.000031,-0.007830,0.003466
0.002909,-0.004590,-0.000790
0.003872,-0.004618,0.001375
0.000958,-0.002480,0.001385
-0.000059,-0.005717,0.003543
0.001855,-0.006815,0.005703
0.001841,0.002859,-0.000671
0.000860,0.010340,-0.001684
0.000877,0.017807,-0.000567
-0.000068,0.019936,0.000510
0.001959,0.012474,0.000425
0.003940,0.009273,0.000399
0.002011,0.002824,0.005693
-0.000937,-0.005720,0.005641
0.002991,-0.010952,-0.007225
0.004011,-0.005498,-0.021085
0.001070,-0.008720,-0.017922
0.001059,-0.007691,-0.012582
0.002031,-0.012022,-0.007226
0.001043,-0.007794,-0.001853
0.002022,-0.000372,0.002515
0.001014,0.008091,0.010102
0.000990,0.019832,0.012285
0.003958,0.027329,0.009140
0.000119,0.031586,0.010251
0.002110,0.032637,0.013441
0.002175,0.028437,0.004858
0.003249,0.024258,-0.004825
0.001409,0.016849,-0.011322
0.003407,0.010464,-0.011421
0.001490,0.001916,-0.010418
0.001514,-0.003389,-0.012636
0.001556,-0.003374,-0.014765
0.002560,-0.001251,-0.012625
0.001633,0.003048,-0.015807
0.000702,0.008344,-0.010430
0.001737,0.009392,-0.009326
0.002785,0.010456,-0.009309
0.000908,0.009382,-0.009299
0.001907,0.000734,0.002424
0.000899,-0.005688,0.004512
0.002805,-0.007853,0.006665
0.001796,-0.015306,0.003419
0.001726,-0.019638,0.008780
0.001601,-0.024990,0.009826
0.000549,-0.018580,0.008811
0.001463,-0.011074,0.003552
-0.000493,-0.002465,-0.003884
0.002468,0.000811,-0.012418
0.003490,0.004008,-0.010288
0.000585,0.004033,-0.012444
0.001602,-0.002406,-0.008221
0.003604,-0.013093,-0.007226
0.001623,-0.027047,0.003329
0.001453,-0.029259,0.011880
0.001313,-0.022865,0.011957
0.001237,-0.010011,0.007754
0.001241,0.002876,-0.000717
0.001255,0.016779,-0.003816
0.000321,0.023167,-0.001635
0.002359,0.022135,-0.005918
0.002486,0.011529,-0.013495
0.003548,-0.005566,-0.012541
0.002572,-0.026945,-0.008439
-0.000449,-0.037637,-0.006385
0.002371,-0.032335,-0.002069
0.004242,-0.024818,-0.006313
0.002260,-0.007704,-0.011503
0.001307,0.007247,-0.011406
0.003355,0.017949,-0.016627
0.001521,0.021109,-0.012310
0.003548,0.013637,-0.013412
0.003669,0.000778,-0.008149
0.000699,-0.011074,0.004599
0.001577,-0.017491,0.005627
0.000532,-0.010043,0.009930
0.002427,-0.000376,0.003574
0.000509,0.008222,-0.002790
0.002499,0.010373,-0.003860
0.001571,0.013589,-0.005963
0.001621,0.008282,-0.009220
0.002661,0.000789,-0.007134
0.002683,-0.006676,-0.007210
0.000701,-0.013108,-0.001957
0.000685,-0.013090,-0.004094
0.003574,-0.012042,-0.001942
0.002564,-0.005649,0.000227
0.001574,0.001835,-0.001839
0.000637,0.008288,-0.008193
0.002658,0.008255,-0.004969
0.002701,0.007174,-0.004941
-0.000239,-0.000392,0.004658
0.002660,-0.000381,0.002539
0.002688,-0.000339,-0.001755
0.004657,0.000758,-0.004962
0.003662,-0.000320,-0.002849
0.000734,-0.000340,0.000339
0.002676,-0.001431,0.003529
0.002674,-0.005684,0.002409
0.001720,-0.008857,-0.002923
0.002665,-0.012076,-0.000811
0.001637,-0.011055,0.004547
0.000632,-0.005674,-0.000755
0.003569,0.001841,-0.006040
0.001638,0.008258,-0.007068
0.001669,0.011431,-0.003829
-0.000266,0.010299,0.003653
0.001720,0.007105,0.002560
0.002728,0.003888,0.004664
0.001750,-0.000379,0.005671
0.000724,-0.002568,0.011025
0.002639,-0.004646,0.004583
0.002639,0.002838,0.003563
0.002626,0.004998,0.001425
0.002643,0.002854,0.002478
0.001675,0.001840,-0.004990
0.002676,-0.003520,-0.001834
0.000690,-0.004600,-0.000761
0.002637,-0.000336,0.000331
0.001644,-0.002476,-0.000720
0.001619,-0.002476,-0.000720
0.001627,0.000693,0.003579
0.000656,0.000707,0.001450
0.002606,0.002840,0.001467
0.001663,0.007136,-0.001706
0.001677,0.010361,-0.002786
0.002670,0.012498,-0.001728
0.003676,0.008227,-0.001758
0.003729,-0.001375,-0.002892
0.001758,-0.011029,0.002389
0.001700,-0.019621,0.008735
0.001616,-0.018546,0.006632
0.000567,-0.011061,0.003520
0.000558,0.002897,-0.004955
0.002575,0.014677,-0.009148
0.002633,0.023221,-0.009095
0.000773,0.022122,-0.004837
0.001824,0.014678,-0.007058
0.002868,-0.000289,-0.003976
0.003840,-0.013159,0.002358
0.001817,-0.024928,0.006524
0.000711,-0.025984,0.004394
0.002580,-0.016386,0.005537
0.000587,-0.000311,-0.001828
0.000618,0.014626,-0.001694
0.001642,0.021035,-0.003750
0.002711,0.021037,-0.004801
0.000859,0.006095,-0.004920
0.001829,-0.008877,-0.002871
0.002774,-0.023867,0.003413
0.002703,-0.027087,0.005526
0.001640,-0.021663,-0.003026
0.003540,-0.017353,-0.006236
0.001555,-0.006689,-0.004036
0.002524,0.005103,-0.009307
0.001595,0.015790,-0.010304
0.002659,0.022184,-0.008136
0.001750,0.013585,-0.002818
0.001802,0.010359,-0.000687
0.001856,-0.000316,-0.000769
0.004790,-0.004595,-0.000775
0.003801,-0.009963,0.002401
0.002747,-0.008887,0.001340
0.001736,-0.002485,0.000349
0.000739,0.008185,0.002533
0.000744,0.013527,0.001518
0.000785,0.019974,-0.002726
0.001833,0.023140,0.000528
0.001863,0.022029,0.007956
0.000933,0.019823,0.014398
0.001974,0.012431,0.004721
0.003033,0.007229,-0.011360
0.004028,-0.003410,-0.013625
0.002038,-0.009893,-0.005103
0.001000,-0.016332,-0.000877
0.000934,-0.012146,0.007738
0.001869,0.003851,0.007898
-0.001085,0.018782,0.010137
0.000875,0.028368,0.012357
0.001919,0.035797,0.016711
0.001965,0.035753,0.022055
0.002970,0.031537,0.015608
0.001101,0.028438,0.003809
0.003120,0.021009,0.000502
0.005128,0.010414,-0.007107
0.004163,0.001899,-0.008282
0.001230,-0.003450,-0.007245
0.002181,-0.006710,-0.000845
0.001203,-0.010963,-0.004057
0.000223,-0.006749,0.002393
0.002134,-0.001433,0.004581
0.002110,0.004977,0.003572
0.002141,0.013532,0.000459
0.004144,0.017804,-0.000560
0.003178,0.016712,0.001587
0.000279,0.008104,0.009022
0.001232,0.000636,0.008955
0.004123,-0.006842,0.009958
0.001127,-0.010071,0.013140
0.001024,-0.011172,0.017402
0.001926,-0.010084,0.015264
0.000884,-0.007868,0.005658
0.001847,-0.002498,0.002475
0.002801,0.001796,-0.000692
0.000857,0.001813,-0.000737
0.002857,0.008257,-0.004972
0.001907,0.013606,-0.006008
0.002954,0.009326,-0.003922
0.001004,0.002875,0.002423
0.002912,-0.002526,0.009869
0.002841,-0.006861,0.017326
0.002792,-0.007942,0.017356
0.001734,-0.005791,0.016285
0.002670,0.002770,0.012109
0.001645,0.007057,0.010005
-0.000335,0.011332,0.010026
0.002620,0.012429,0.004727
0.001693,0.008191,0.000428
0.002723,-0.000318,-0.002854
0.003676,-0.012069,-0.001875
0.003621,-0.019558,0.000205
0.001577,-0.022771,0.003347
0.002479,-0.018481,0.001234
0.001440,-0.015285,0.003365
0.002377,-0.009934,0.001278
0.002381,-0.003520,-0.000786
0.000411,-0.003549,0.003470
0.001359,-0.002478,0.001377
0.001370,-0.003534,-0.000750
0.001385,-0.008885,0.000290
0.000352,-0.012117,0.003480
0.000298,-0.004648,0.003544
0.002211,-0.000369,0.002509
0.001279,0.002913,-0.006042
0.001321,0.007210,-0.008174
0.002301,0.003964,-0.001808
0.001283,-0.000376,0.006709
0.000278,-0.005753,0.010955
0.002217,-0.011095,0.011973
0.001184,-0.013226,0.011947
0.000115,-0.012164,0.010923
0.000059,-0.010011,0.007753
0.001942,-0.006833,0.009934
0.001905,0.000646,0.007882
0.000903,0.004975,0.001484
0.002897,0.000720,-0.000678
0.002903,-0.001426,0.001425
0.003861,-0.011072,0.005640
0.002811,-0.022877,0.011989
0.000714,-0.028251,0.016226
0.002551,-0.025031,0.014114
0.002446,-0.012222,0.014212
0.000394,0.002735,0.014291
0.000340,0.020889,0.014411
0.001340,0.027303,0.013392
0.000435,0.034828,0.008080
0.003436,0.030588,0.004832
0.004509,0.014600,0.000463
0.003573,-0.004609,0.000306
0.001556,-0.021731,0.005515
0.002394,-0.030284,0.007578
0.001320,-0.022811,0.007631
0.000230,-0.006779,0.005609
0.001193,0.008196,0.002506
0.001234,0.023190,-0.002740
0.003301,0.030682,-0.005871
0.003423,0.024267,-0.005893
0.000570,0.011418,-0.001704
0.002545,-0.003567,0.002474
0.002470,-0.015352,0.007723
0.002393,-0.015387,0.011998
0.001320,-0.010032,0.010946
0.001244,-0.003613,0.008868
0.002190,0.006019,0.005736
0.000259,0.014607,-0.000601
0.002269,0.015684,-0.001663
0.001354,0.006121,-0.007080
0.002382,-0.006711,-0.003979
0.001368,-0.020614,-0.000880
0.003245,-0.027038,0.001216
0.002186,-0.028125,0.002303
0.003055,-0.019598,0.004492
0.000053,-0.005728,0.005659
0.000986,0.011386,0.002564
0.000078,0.024200,0.001603
0.001147,0.031726,-0.003711
0.001251,0.030701,-0.008012
0.002366,0.019993,-0.005916
0.000471,0.004005,-0.007145
0.002465,-0.008814,-0.007217
0.002456,-0.023736,-0.009479
0.002393,-0.032305,-0.005284
0.000339,-0.032333,-0.003119
0.000264,-0.026959,-0.009450
0.001216,-0.016303,-0.007230
0.000222,-0.006696,-0.007157
0.002194,0.002883,-0.004919
0.002251,0.009324,-0.009147
0.003300,0.010386,-0.008079
0.002376,0.006084,-0.003844
0.001396,-0.002475,-0.000722
0.002375,-0.007832,0.001381
0.001390,-0.012067,-0.000834
0.002351,-0.014166,-0.004081
0.003316,-0.016257,-0.009441
0.003298,-0.019450,-0.010536
0.002294,-0.018419,-0.007295
0.001316,-0.021620,-0.009416
0.000304,-0.021635,-0.008329
0.001234,-0.016280,-0.009378
0.000272,-0.008799,-0.010389
0.000267,0.006121,-0.008126
0.000307,0.010370,-0.003854
0.001320,0.014594,0.001527
0.001373,0.015679,-0.000602
0.001463,0.012489,-0.002752
0.002510,0.009341,-0.006055
0.002559,0.000828,-0.010372
0.003541,-0.008819,-0.005112
0.001564,-0.016269,-0.007319
0.003500,-0.016257,-0.008397
0.001503,-0.018402,-0.007339
-0.000483,-0.010958,-0.005117
-0.000507,0.002855,0.002475
0.001467,0.019947,0.000478
0.000603,0.022105,-0.003747
0.002762,0.025511,-0.027262
0.003906,0.018066,-0.029481
0.003944,0.003057,-0.022107
0.002029,-0.019469,-0.010487
0.002972,-0.038743,-0.005247
0.002845,-0.042011,0.003267
0.002686,-0.026053,0.009803
-0.000332,0.000654,0.007862
0.000634,0.032728,0.001697
0.001718,0.055159,0.000785
0.001904,0.057267,0.004007
0.003089,0.051981,-0.002440
0.002274,0.031688,-0.001519
0.002369,0.011477,-0.009180
0.001407,-0.006705,-0.003995
0.002362,-0.016245,-0.009472
0.002324,-0.015160,-0.011601
0.000345,-0.003387,-0.012639
0.000375,0.000896,-0.014734
0.001425,0.006219,-0.013609
0.000563,0.009439,-0.017814
0.001614,0.007241,-0.011391
0.002645,0.006145,-0.010277
0.002690,0.006128,-0.008140
0.001733,0.013540,-0.001652
0.002719,0.016675,0.006912
0.002736,0.017734,0.007988
0.002778,0.020978,0.004767
0.002847,0.017790,0.002614
0.000918,0.008175,0.002560
0.002878,-0.002502,0.002487
0.000898,-0.011014,0.001304
0.000863,-0.012047,-0.002979
0.001842,-0.016241,-0.011574
0.001836,-0.016209,-0.015840
0.001826,-0.014071,-0.014787
0.001838,-0.005534,-0.015762
0.001884,-0.003397,-0.015749
0.003886,-0.004495,-0.012542
0.000957,-0.005624,-0.005068
0.001937,-0.012046,-0.002980
0.002881,-0.009967,0.003457
0.001851,-0.008898,0.002415
-0.000114,-0.003603,0.005705
0.000836,0.008180,0.003595
0.000826,0.015605,0.007956
0.001841,0.016698,0.004758
0.002894,0.012478,-0.000632
0.001980,0.006086,-0.001759
0.001989,-0.003473,-0.008233
0.001998,-0.012011,-0.007258
0.002949,-0.018399,-0.008393
0.001918,-0.022700,-0.004160
0.001879,-0.020567,-0.004140
0.000861,-0.012030,-0.003023
0.000843,0.000793,-0.005052
0.001870,0.009341,-0.006055
0.000958,0.013604,-0.006005
0.002997,0.010395,-0.006012
0.003029,0.006126,-0.007092
0.003037,-0.001374,-0.004985
0.003067,-0.006727,-0.003936
0.003034,-0.012079,-0.001849
0.001051,-0.009939,-0.001843
0.001991,-0.004572,-0.005017
0.002008,0.002917,-0.006052
0.000065,0.002929,-0.007130
0.002068,0.001885,-0.009289
0.001098,0.000774,-0.003954
0.002099,-0.005628,-0.005058
0.004062,-0.011007,-0.000806
0.003090,-0.016338,-0.000863
0.002040,-0.014232,0.001318
0.001988,-0.009965,0.001359
0.001950,-0.004633,0.002460
0.001935,0.003893,0.004651
0.001908,0.010296,0.005751
0.002935,0.013524,0.001524
0.002983,0.011407,-0.000629
0.002051,0.009261,0.000429
0.002051,0.002864,0.000361
0.003022,-0.003537,0.000302
0.002025,-0.004627,0.003491
0.003004,-0.004581,-0.001860
0.002014,0.001804,0.001377
0.002004,0.005033,-0.001804
0.001045,0.008232,-0.001770
0.000114,0.007173,-0.003892
0.002105,0.005005,-0.000684
0.002078,0.003885,0.004672
0.002066,0.007047,0.010031
0.002065,0.006012,0.005756
0.003048,0.009238,0.003625
0.000111,0.011385,0.002566
0.002093,0.011406,0.000419
0.004093,0.007186,-0.006018
0.001193,-0.000295,-0.005007
0.001197,-0.005688,0.001373
0.000135,-0.008938,0.006701
0.001093,-0.006743,0.000287
0.003065,-0.000321,-0.001801
0.002074,0.005044,-0.003924
0.002087,0.004988,0.002498
0.003087,0.004993,0.000393
0.002116,-0.000362,0.002489
0.002111,-0.004663,0.004631
0.001121,-0.006800,0.005665
0.002072,-0.002518,0.003572
0.002032,0.000709,0.001442
0.003021,0.008246,-0.004944
0.002057,0.014594,0.001527
0.002087,0.013550,-0.000634
0.001161,0.007181,-0.004959
0.003171,0.000769,-0.003943
0.003160,-0.009950,0.000277
0.003112,-0.015303,0.001320
0.003053,-0.014223,0.000251
0.003018,-0.008890,0.001349
0.001028,-0.003559,0.002450
0.001981,0.006042,0.002541
0.002000,0.011431,-0.001738
0.002056,0.017833,-0.001681
0.003101,0.016774,-0.002758
0.002191,0.012502,-0.001738
0.001240,0.005009,0.000351
0.002230,-0.002423,-0.003994
0.003223,-0.007763,-0.004026
0.003188,-0.012084,0.001300
0.001181,-0.014236,0.003421
0.003103,-0.009921,-0.001893
0.001122,-0.007800,-0.001841
0.002069,-0.004585,-0.002895
0.000103,-0.001454,0.004638
0.000115,0.002860,-0.000673
0.002067,0.008205,-0.001701
0.001141,0.011426,-0.002770
0.003119,0.008227,-0.002804
0.002203,0.002885,-0.002831
0.003196,-0.005623,-0.005071
0.003172,-0.012044,-0.002983
0.002164,-0.015276,0.000207
0.002093,-0.016384,0.005533
0.001042,-0.012121,0.005584
0.001005,0.000690,0.004630
0.001019,0.012443,0.003643
0.002041,0.025296,-0.001603
0.001152,0.030640,-0.001579
0.003213,0.030663,-0.003730
0.001367,0.022151,-0.007002
0.002400,0.007205,-0.005019
0.002414,-0.003511,-0.000809
0.002382,-0.015240,-0.003025
0.004293,-0.022709,-0.003092
0.001253,-0.019583,0.004453
0.000166,-0.012179,0.012010
0.001126,0.007047,0.008987
0.002206,0.023238,-0.011231
0.004328,0.031881,-0.022939
0.003464,0.025468,-0.020875
0.001584,0.007230,-0.011363
0.002585,-0.015288,0.000238
0.002520,-0.023899,0.007679
0.002397,-0.026077,0.013006
0.000304,-0.015441,0.018414
0.001165,0.008058,0.017509
0.000169,0.036884,0.016670
0.000243,0.050806,0.010383
0.000417,0.051970,-0.001368
0.001608,0.048840,-0.008901
0.003754,0.033981,-0.017604
0.001921,0.017983,-0.018806
0.002011,-0.002303,-0.016856
0.003984,-0.019401,-0.013800
0.001938,-0.029064,-0.006408
0.002847,-0.025877,-0.005296
0.000853,-0.013068,-0.004152
0.001802,0.003993,-0.003975
0.000876,0.016794,-0.004902
0.000949,0.030631,-0.000511
0.002034,0.031720,-0.004741
0.003114,0.023111,0.001650
0.002210,0.008102,0.009028
0.003127,-0.010080,0.012121
0.002047,-0.021828,0.012044
0.000966,-0.020766,0.015204
0.000878,-0.013242,0.009897
0.000801,-0.005674,0.000291
-0.000160,0.001820,-0.001802
0.000829,0.005084,-0.009258
0.002867,-0.001309,-0.011429
0.001960,-0.010873,-0.015796
0.002924,-0.022647,-0.011619
0.000892,-0.028002,-0.009523
0.002823,-0.024789,-0.010570
0.001786,-0.019489,-0.005203
0.001755,-0.010962,-0.005106
0.002726,-0.001403,0.000321
0.001745,0.002847,0.001449
0.000774,0.011404,0.001470
0.001792,0.011403,0.000426
0.002800,0.009218,0.005771
0.001797,0.001744,0.005717
0.001776,-0.002585,0.012114
0.002711,-0.008955,0.008839
0.000718,-0.012140,0.006677
0.000656,-0.016376,0.003419
0.001560,-0.014241,0.003435
0.001511,-0.012058,-0.001902
0.001525,-0.006679,-0.006154
0.000546,-0.005579,-0.009368
0.003467,-0.008822,-0.004058
0.003461,-0.006724,-0.001852
0.002474,-0.005659,-0.000794
0.001488,-0.012074,-0.000815
0.003419,-0.012086,0.000263
0.001401,-0.007825,0.001361
0.000390,-0.004652,0.004601
0.002325,0.001764,0.004622
0.002340,0.007141,-0.000671
0.003365,0.006151,-0.009248
0.002433,0.002948,-0.009273
0.002456,-0.006684,-0.006142
0.001433,-0.017421,0.000215
0.001379,-0.019586,0.003417
0.000324,-0.014239,0.003431
0.001258,-0.006755,0.002411
-0.000686,-0.001385,-0.000772
0.001277,0.003969,-0.003913
0.002225,0.001774,0.002501
0.002241,-0.002530,0.005697
0.003219,-0.007868,0.004614
0.004144,-0.013172,0.002393
0.002158,-0.013194,0.003498
0.001122,-0.009970,0.002418
0.001093,-0.005676,0.000296
0.002037,-0.003550,0.002428
0.001062,-0.004591,-0.000786
0.001045,-0.005670,0.001327
0.002004,-0.008865,-0.000808
0.001992,-0.009904,-0.001937
0.002968,-0.010966,-0.003005
0.001970,-0.011966,-0.010508
0.001949,-0.010937,-0.006216
0.001942,-0.013072,-0.008324
0.002887,-0.012005,-0.008316
0.002899,-0.015230,-0.006190
0.003843,-0.017395,-0.002991
0.001827,-0.017454,0.002393
0.002743,-0.017498,0.007737
0.001699,-0.011092,0.006737
-0.000289,-0.006835,0.007848
0.001616,-0.008938,0.004611
0.001598,-0.005745,0.005705
0.001565,-0.006796,0.004608
0.001537,-0.003574,0.003537
0.003490,-0.003527,-0.001815
0.003468,-0.007814,0.000289
0.002490,-0.007795,-0.001852
0.001454,-0.009958,0.002388
0.003397,-0.005674,0.000292
0.000434,-0.001421,0.003505
0.002367,0.000707,0.003540
0.001388,0.002875,0.000332
0.002410,0.003959,-0.002840
0.002406,0.000731,0.000341
0.002403,-0.004589,-0.001837
0.002383,-0.006763,0.002431
0.003351,-0.006726,-0.001850
0.002361,-0.006733,-0.001832
0.000353,-0.007836,0.002436
0.003234,-0.006807,0.006729
0.001255,-0.003592,0.004629
0.001246,0.002792,0.006825
0.002190,0.004910,0.008974
0.002181,0.007075,0.005775
0.002189,0.007071,0.006831
0.002179,0.003860,0.007875
0.003127,0.001689,0.012136
0.003104,-0.000404,0.007827
0.002085,-0.002554,0.009941
0.001044,-0.005747,0.008847
0.000981,-0.003621,0.009935
0.000957,-0.000391,0.005703
0.002918,0.002864,0.000360
0.001001,-0.000329,-0.000734
0.000985,-0.002475,0.000326
0.000976,-0.003557,0.002446
0.002912,-0.001387,-0.002859
0.002918,-0.000304,-0.003938
0.001954,-0.001356,-0.005030
0.001967,-0.001365,-0.003961
0.001947,-0.002481,0.000341
0.001929,-0.005701,0.002454
0.001901,-0.009983,0.003497
0.002878,-0.008889,0.000299
0.001835,-0.005691,0.002428
0.000825,-0.001434,0.003539
0.001797,0.001773,0.002507
0.001807,-0.002497,0.002474
0.001795,-0.004646,0.003542
0.001770,-0.011091,0.006735
0.003708,-0.014262,0.002445
0.002668,-0.016400,0.002437
0.001628,-0.012114,0.001379
0.001580,-0.004628,0.001401
0.001555,0.004956,0.004672
0.002523,0.007119,0.002524
0.001589,0.007116,0.001484
0.003568,0.002845,0.002502
0.002597,0.003875,0.006791
0.000611,-0.001474,0.007827
0.001638,-0.005589,-0.011434
0.005611,-0.004413,-0.022167
0.001661,-0.006589,-0.015800
-0.001333,-0.012026,-0.006169
0.001613,-0.020599,-0.003010
0.003543,-0.024891,-0.001938
0.004457,-0.022799,0.002373
0.001430,-0.014360,0.012112
0.000368,0.001641,0.013306
0.001331,0.021952,0.010248
0.001384,0.040124,0.008229
0.002463,0.046544,0.007192
0.003566,0.046595,0.001827
0.001765,0.035990,-0.005755
0.003830,0.023215,-0.006988
0.002894,0.006122,-0.002899
0.001918,-0.007755,-0.000912
0.000911,-0.013092,-0.000953
-0.000071,-0.011968,-0.008413
0.000897,-0.007700,-0.009421
0.000890,0.000828,-0.009326
0.000953,0.004058,-0.013558
0.003957,0.011544,-0.015630
0.003062,0.010433,-0.012387
0.002137,0.012504,-0.004882
0.003150,0.006065,-0.000656
0.003200,-0.000348,0.000362
0.004171,-0.007809,-0.001815
0.001187,-0.012093,0.000280
0.003079,-0.011061,0.004563
0.001090,-0.009944,-0.000786
0.001090,-0.005637,-0.003986
0.001095,-0.006684,-0.007186
0.001125,-0.004470,-0.016788
0.002199,-0.009778,-0.020043
0.003188,-0.010855,-0.018983
0.002192,-0.014107,-0.013648
0.002194,-0.014163,-0.007226
0.002159,-0.009933,-0.000815
0.002156,-0.005667,-0.000773
0.002185,-0.001354,-0.005036
0.003205,0.008267,-0.004998
0.001268,0.009336,-0.003949
0.002274,0.009297,0.000335
0.001386,0.001895,-0.008270
0.003375,-0.002364,-0.010422
0.002386,-0.014168,-0.004075
-0.000634,-0.017428,0.001281
0.002281,-0.011014,-0.000788
0.001308,-0.005562,-0.014641
0.003317,0.004072,-0.016731
0.001400,0.004046,-0.013525
0.002425,0.000843,-0.013549
0.001515,0.000829,-0.011420
0.002553,-0.001269,-0.014669
0.003532,-0.008768,-0.011521
0.003541,-0.015209,-0.007291
0.002526,-0.019515,-0.004090
0.003449,-0.017395,-0.002989
0.001453,-0.012061,-0.002938
0.001444,-0.001404,-0.000722
0.000473,0.008194,0.000421
0.000500,0.019902,0.004782
0.002524,0.026349,0.000538
0.002660,0.024296,-0.009104
0.001777,0.010435,-0.010298
0.002770,-0.001379,-0.000787
0.000797,-0.009876,-0.005146
0.002750,-0.012028,-0.004073
0.001743,-0.014186,-0.000892
0.001694,-0.012078,0.002333
0.001652,-0.005652,0.000236
0.000635,0.008181,0.004638
0.001672,0.017842,-0.002751
0.003716,0.022121,-0.003787
0.002830,0.018934,-0.004899
0.003856,0.008228,-0.001761
0.002918,-0.001366,-0.005005
0.003860,-0.012097,0.002383
0.002838,-0.015299,0.002358
0.001753,-0.009977,0.003483
0.000747,0.000704,0.003547
0.003677,0.010362,-0.001741
0.001776,0.021071,-0.003841
0.002846,0.021038,-0.001664
0.001934,0.014609,0.000442
0.002946,0.004971,0.003586
0.001963,-0.001439,0.004596
0.000952,-0.002536,0.007805
0.002842,-0.001467,0.008855
0.003781,0.007096,0.006767
-0.000127,0.014563,0.005792
0.000886,0.022018,0.006939
0.001903,0.018824,0.005845
0.001966,0.015628,0.004760
0.002961,0.011341,0.006864
0.001004,0.002814,0.005721
0.002945,0.001766,0.002525
0.001956,-0.000362,0.002489
0.001926,-0.000360,0.003531
0.002886,0.002841,0.002513
0.000944,0.002829,0.003590
0.001924,0.006070,-0.000669
0.002919,0.006068,0.000382
0.002958,0.002898,-0.003911
0.001021,0.001830,-0.003920
0.001023,0.000760,-0.002874
0.001026,0.003968,-0.003909
0.001017,0.006082,-0.000702
0.000064,0.006047,0.003572
0.002030,0.007144,-0.000678
0.003021,0.007130,0.001450
0.000130,0.008246,-0.004945
0.003102,0.005034,-0.002850
0.003121,-0.000282,-0.006085
0.003113,-0.002447,-0.002886
0.002140,-0.001372,-0.002895
0.000172,-0.000324,0.000302
-0.000811,0.006085,-0.000711
0.001159,0.009267,0.001461
0.001195,0.010327,0.002534
0.002198,0.003949,-0.000722
0.003203,0.002877,-0.001766
0.002247,-0.001384,-0.002867
0.003198,-0.007818,0.000298
0.002162,-0.007858,0.005632
0.001164,-0.006776,0.004557
0.001146,0.000733,0.001382
0.002131,0.005050,-0.003939
0.001184,0.008242,-0.001795
0.001217,0.008254,-0.004967
0.003245,0.005094,-0.009284
0.001337,-0.001279,-0.011508
0.001359,-0.011989,-0.010450
0.002292,-0.020563,-0.006241
0.001263,-0.024880,-0.000921
0.002158,-0.023868,0.004462
0.002115,-0.015273,-0.001894
0.002088,-0.003504,-0.005011
0.003057,0.006118,-0.006023
0.001129,0.010367,-0.003844
0.001196,0.014636,-0.003811
0.002216,0.014612,0.000437
0.001264,0.009238,0.005721
0.002280,0.002830,0.005678
0.003282,-0.002437,-0.002913
0.002319,-0.010959,-0.003022
0.000273,-0.013180,0.006598
0.000210,-0.007848,0.005605
0.003145,0.000795,-0.006103
0.003190,0.011474,-0.007080
0.001261,0.015716,-0.002790
0.001322,0.019958,0.000453
0.001389,0.018903,-0.000633
0.002425,0.019957,0.001502
0.000521,0.018895,0.000434
0.001598,0.014715,-0.010293
0.003668,0.006268,-0.021055
0.003730,-0.004417,-0.020066
0.002710,-0.013028,-0.012624
0.001681,-0.018493,0.002312
0.000622,-0.013228,0.009861
0.000566,0.001717,0.008924
0.000575,0.020945,0.006944
0.001595,0.039101,0.006013
0.002644,0.046557,0.007157
0.001771,0.046470,0.015752
0.000912,0.035813,0.013532
0.001955,0.025178,0.010212
0.002012,0.014604,-0.001636
0.003018,0.005037,-0.004951
0.002054,-0.003453,-0.009328
0.001072,-0.006670,-0.007222
0.002013,-0.008788,-0.009376
0.001027,-0.005593,-0.008285
0.002052,-0.005604,-0.006166
