0.000828,-0.003714,0.001039
0.001804,-0.002668,0.003194
0.000815,0.006935,0.003277
0.000859,0.009235,-0.001236
-0.001029,0.010336,-0.005498
-0.001956,0.008214,-0.006592
0.001005,0.000727,-0.004519
0.001016,-0.000334,-0.004546
0.001991,-0.003528,-0.004590
0.001987,-0.003477,-0.009952
0.003983,0.007232,-0.014144
0.005986,0.014721,-0.016224
0.002213,0.024357,-0.019361
0.000438,0.025464,-0.022595
-0.003312,0.023321,-0.022591
-0.004105,0.019116,-0.030114
-0.005289,0.015903,-0.029062
-0.006823,0.006315,-0.030232
-0.004667,-0.005445,-0.029227
-0.001680,-0.014035,-0.023932
-0.002111,-0.006677,-0.012073
0.001791,-0.002424,-0.008861
0.003051,0.000657,0.004032
0.002571,0.007005,0.010503
0.004163,0.008034,0.015838
0.001914,0.014750,-0.048716
-0.007687,0.012290,-0.416354
0.015793,-0.001397,-0.439964
0.022107,-0.017313,-0.046765
0.007998,-0.004924,0.046459
-0.007312,-0.002674,0.021074
-0.002384,0.002740,0.012548
-0.004531,-0.001507,0.009319
-0.002616,-0.002518,0.002889
-0.001793,-0.003558,-0.000328
-0.001292,-0.002475,-0.001407
-0.001111,-0.001397,-0.003517
-0.002325,-0.001439,0.000776
0.000923,-0.002544,0.005050
0.000871,-0.002559,0.007178
0.002899,-0.002559,0.006135
0.001003,-0.000469,0.011495
0.001035,-0.003691,0.014660
0.000097,-0.003700,0.015729
-0.000909,-0.005815,0.012525
-0.000871,-0.006869,0.010388
-0.001861,-0.010077,0.011427
-0.002910,-0.011090,0.006048
-0.001005,-0.008936,0.002876
-0.002014,-0.008864,-0.004632
-0.002010,-0.007812,-0.003540
-0.000966,-0.004597,-0.004593
-0.000930,-0.005621,-0.009944
-0.001876,-0.002444,-0.005672
0.001080,-0.001373,-0.005672
0.002091,-0.001401,-0.001415
0.001124,-0.000378,0.003939
0.001133,0.001762,0.002896
0.002114,0.002804,0.006106
0.001112,0.003837,0.010389
0.000129,0.001708,0.009314
0.000108,0.002784,0.008253
-0.001887,0.001709,0.008265
0.000050,0.003926,-0.001346
-0.001890,0.001781,-0.000291
-0.001901,0.000698,0.000788
-0.001904,-0.000335,-0.003495
-0.002877,-0.000329,-0.004555
-0.000913,-0.002451,-0.005651
0.000077,0.002902,-0.008789
0.001094,0.001779,-0.002376
0.002106,0.003954,-0.005602
0.002153,0.004977,-0.001297
0.001255,0.001787,-0.002400
-0.000637,0.003881,0.001909
-0.001581,0.004964,0.000830
0.001381,0.003887,0.002938
-0.000553,0.001788,-0.001354
0.001389,0.001783,-0.000298
0.001391,-0.002470,-0.001418
0.000387,-0.004615,-0.000361
-0.001582,-0.003527,-0.002499
-0.000651,-0.008902,0.000698
-0.000697,-0.005719,0.001819
-0.000743,-0.004660,0.001848
-0.000720,-0.003601,0.000833
0.000228,-0.005755,0.002958
0.000197,-0.004688,0.002966
0.000211,-0.007885,0.001883
0.000221,-0.005755,0.002959
-0.000746,-0.008978,0.005078
0.000204,-0.011088,0.002906
0.000169,-0.006812,0.001877
0.002109,-0.007883,0.001878
0.001100,-0.007908,0.006126
0.000090,-0.008953,0.002921
0.002974,-0.015370,0.003951
-0.000033,-0.014317,0.006087
-0.000086,-0.013241,0.006075
-0.001111,-0.008979,0.006126
0.000775,-0.005756,0.004006
-0.000205,-0.002554,0.004031
-0.000235,-0.000425,0.006154
-0.000211,-0.000393,0.001889
0.000758,0.001752,0.000830
-0.000208,-0.000338,-0.004530
-0.001157,-0.003544,-0.004545
-0.002150,0.000764,-0.006704
-0.001162,0.001816,-0.004564
-0.000215,-0.002438,-0.007776
0.002697,-0.002466,-0.003518
0.001716,0.000747,-0.005613
0.000728,0.006071,-0.004492
0.000754,0.002870,-0.005568
0.000751,0.003914,-0.001314
-0.000197,0.008172,-0.000203
0.001786,0.006058,-0.003413
-0.000136,0.002862,-0.003456
-0.001096,0.002851,-0.002379
-0.000109,0.001824,-0.007722
-0.001073,0.001810,-0.005594
0.001854,0.001799,-0.003475
-0.000085,0.001829,-0.007735
-0.000078,0.002904,-0.007745
-0.000045,0.005017,-0.006627
-0.000972,0.006067,-0.004482
-0.001904,0.001818,-0.006658
-0.000890,-0.000303,-0.008803
-0.000871,-0.003507,-0.008825
0.000121,-0.003480,-0.012031
0.001088,-0.003511,-0.008815
0.001082,-0.007791,-0.008821
-0.000924,-0.011034,-0.005602
0.000030,-0.003522,-0.010878
-0.000955,-0.004585,-0.011941
-0.000946,-0.003528,-0.011906
0.001024,-0.005667,-0.010867
0.002005,-0.006775,-0.005541
0.001018,-0.009935,-0.008812
0.001947,-0.013121,-0.009924
0.003902,-0.007804,-0.005648
0.002884,-0.003503,-0.007789
0.002896,0.000734,-0.002439
0.001949,0.012515,-0.005591
0.002033,0.016773,-0.004483
0.002118,0.019940,-0.000183
0.001234,0.014569,0.004048
0.001325,0.012440,0.002972
0.000374,0.010258,0.008305
0.000358,0.004940,0.005076
-0.002568,0.002812,0.003997
-0.002604,-0.000380,0.001853
-0.001652,0.002866,-0.003466
-0.000674,0.002881,-0.005594
-0.001618,0.000746,-0.006656
0.000342,0.003950,-0.005590
-0.000587,0.003958,-0.006657
-0.000545,0.005067,-0.010942
0.000505,0.008265,-0.009862
0.000543,0.008234,-0.005596
0.000587,0.005036,-0.006676
0.003537,0.002871,-0.003477
0.001603,0.007083,0.002981
-0.000338,0.007106,-0.000216
-0.000285,0.008131,0.004087
-0.000264,0.007057,0.004097
-0.001218,0.008141,0.003017
0.002703,0.007101,-0.001248
0.000794,0.004948,0.000873
0.000815,0.001742,0.000857
0.000846,0.000691,-0.000239
-0.000120,0.001737,0.001916
-0.001086,0.001722,0.004050
0.002825,-0.001461,0.002929
0.001856,0.001707,0.007225
0.001853,0.003883,0.001907
0.002857,0.003908,0.000794
0.000918,0.003859,0.007198
-0.000042,0.003886,0.003990
-0.000031,0.000684,0.003966
0.000926,0.002785,0.008250
-0.000049,0.002808,0.005053
-0.000048,0.008152,0.004033
-0.001982,0.008202,-0.001329
-0.000987,0.008207,-0.002387
-0.000956,0.010344,-0.003421
0.000068,0.008206,-0.003431
-0.000866,0.007134,-0.002379
0.001139,0.005024,-0.004553
0.000175,-0.000350,-0.001361
0.000152,-0.003575,0.000766
0.001100,-0.001411,-0.002433
0.000109,-0.003552,-0.001386
0.001054,-0.003574,0.001811
0.000071,0.000690,0.001858
0.000092,0.003929,-0.003443
0.000114,0.007115,-0.000239
0.000164,0.011379,-0.001239
-0.000741,0.006088,-0.005581
-0.000709,0.002847,-0.001322
-0.000681,0.000738,-0.003498
0.000289,-0.003517,-0.003567
-0.000696,-0.000352,-0.000309
0.002207,0.000707,0.000768
0.003181,0.001774,0.001822
0.002204,0.007108,0.001873
0.001246,0.011358,0.004046
-0.000637,0.009229,0.002970
0.001360,0.006006,0.005092
0.000397,0.004958,0.003987
-0.001534,0.006024,0.002954
-0.000533,0.000688,0.001862
-0.000534,-0.002482,-0.002428
-0.000543,-0.000320,-0.004576
0.000426,-0.000315,-0.005635
0.001421,0.001808,-0.004541
0.001402,0.001798,-0.003471
-0.000542,-0.000349,-0.002410
-0.000548,0.000690,0.000812
0.000428,-0.000392,0.002932
0.002412,-0.001465,0.002941
0.000460,0.003854,0.005120
0.002415,0.004925,0.005116
-0.000501,0.003867,0.004039
-0.002446,0.003869,0.004034
0.000507,0.000662,0.005069
0.000493,-0.003609,0.003991
-0.001492,-0.005733,0.003948
-0.000549,-0.007842,0.001772
-0.000591,-0.009947,-0.001459
-0.002597,-0.008879,-0.003545
-0.000672,-0.001391,-0.004574
0.000348,0.003956,-0.004557
0.001342,0.008213,-0.003446
0.001416,0.008191,-0.002345
0.003395,0.004964,0.001878
0.002470,0.007107,0.001874
0.001520,0.004969,0.001867
0.000534,0.002812,0.005046
0.000528,0.003897,0.002917
0.002456,0.003885,0.003993
0.000504,0.001773,0.000780
-0.001432,0.001808,-0.003493
-0.001423,0.004989,-0.001322
-0.001397,0.003956,-0.005604
-0.002322,0.007160,-0.006630
-0.000335,0.003948,-0.005584
-0.001300,0.001826,-0.006679
0.000679,0.006080,-0.004513
0.001675,0.006071,-0.003444
0.001704,0.003896,0.000827
0.003698,0.003943,-0.004525
0.002758,0.007124,-0.002354
0.000853,0.006025,0.001903
-0.000136,0.002829,0.000818
-0.000131,0.000643,0.006163
-0.000117,0.006028,0.000852
0.001862,0.006015,0.001930
0.001883,0.007096,0.001902
-0.000070,0.003908,-0.000251
0.000927,0.000692,0.001853
-0.001982,-0.003548,-0.001395
-0.001990,-0.004617,-0.001398
-0.002030,-0.005688,-0.001397
0.000863,-0.003559,-0.001366
0.000851,-0.002488,-0.001367
-0.000147,-0.001421,-0.001359
0.001829,0.001758,0.001863
0.000858,-0.000389,0.002926
0.000861,-0.000383,0.001867
0.000856,-0.000390,0.002929
-0.000123,-0.000369,0.000782
-0.000120,0.002797,0.005085
0.001815,0.000665,0.005059
-0.000129,-0.000375,0.001844
-0.000136,0.000697,0.000793
-0.000135,0.000704,0.000776
0.000867,0.001768,0.000793
0.000874,0.000741,-0.004549
-0.001056,-0.000327,-0.004557
-0.001084,-0.000321,-0.004570
0.000877,-0.000344,-0.001373
0.001834,-0.000354,-0.001350
0.001814,-0.001400,-0.003504
0.000849,0.001763,-0.000237
-0.000133,0.002825,0.000830
0.001840,0.001782,-0.000289
0.001847,0.003895,0.000832
-0.000104,0.000704,-0.000269
-0.000088,-0.000369,0.000783
-0.000111,-0.003584,0.001836
-0.000126,-0.003545,-0.002448
-0.000109,-0.001398,-0.003509
0.002801,-0.002448,-0.005655
0.001825,-0.001416,-0.000325
0.000842,-0.002457,-0.003539
0.001816,0.000716,-0.000302
-0.001136,0.002812,0.003999
0.001814,0.001754,0.001877
-0.000146,-0.000414,0.005084
0.001810,-0.000416,0.005090
-0.000184,-0.001498,0.007210
0.001764,-0.006814,0.005022
-0.000227,-0.005765,0.006126
-0.000274,-0.004655,0.001838
-0.001279,-0.003582,0.000787
-0.001293,-0.004628,-0.000322
0.000622,-0.003559,-0.001364
-0.000320,-0.002469,-0.003509
0.001614,-0.004577,-0.006731
0.001612,-0.000360,-0.001334
0.000647,-0.000309,-0.006695
0.000645,0.001776,-0.000272
-0.001316,0.001799,-0.003469
0.001620,0.002833,0.000808
0.002585,-0.000394,0.002939
0.001590,0.002827,0.001868
0.002571,0.001777,-0.000277
-0.000364,0.003902,0.000812
-0.001317,0.002845,0.000777
-0.002244,0.006067,-0.001342
-0.003193,0.003971,-0.005643
-0.001189,0.006117,-0.006703
-0.000183,0.007190,-0.007754
0.001803,0.007216,-0.009912
0.001847,0.006133,-0.008833
0.000918,0.007186,-0.006697
0.001924,0.006070,-0.002395
0.000983,0.007092,0.002961
0.001976,0.004945,0.004022
0.001986,0.003867,0.005087
0.001016,0.003864,0.005096
0.001013,0.001725,0.005089
0.000026,-0.001453,0.002909
-0.000953,0.000712,-0.000289
-0.001905,0.005001,-0.003444
0.000088,0.005022,-0.005590
-0.000865,0.006066,-0.002385
0.000181,0.005025,-0.006643
0.002178,0.002888,-0.005609
0.002175,-0.001391,-0.004575
0.001214,-0.001415,-0.002419
0.000203,-0.001469,0.003998
0.000155,-0.002528,0.002921
0.000124,-0.000413,0.005082
0.002083,0.003842,0.007244
0.001128,0.004928,0.005111
0.001137,0.001731,0.004027
-0.001798,0.000679,0.003980
-0.001771,-0.001444,0.002885
-0.002779,-0.002503,0.001812
-0.002790,-0.002486,-0.000326
-0.001819,-0.000342,-0.002425
0.000119,0.001814,-0.004555
0.000167,-0.000298,-0.007768
0.000167,0.001820,-0.004572
0.000159,-0.001394,-0.004564
0.002142,-0.003534,-0.003521
-0.000809,-0.003552,-0.001383
-0.001819,-0.005725,0.002885
0.000102,-0.006774,0.000735
0.002011,-0.002544,0.005052
0.002969,-0.000404,0.005058
0.000028,0.002833,0.000808
0.000060,0.004969,0.000822
-0.000880,0.004948,0.002969
0.000118,0.002807,0.004012
-0.000843,0.001758,0.001867
-0.000843,0.001790,-0.000309
0.000147,-0.002495,0.000745
0.000112,-0.003555,0.000717
0.000094,-0.002488,0.000725
0.000045,-0.002478,-0.000345
0.002010,0.000714,-0.000293
0.002987,0.002833,0.001854
0.001037,0.006058,-0.001318
0.002059,0.007112,-0.000228
0.001084,0.002816,0.002945
0.000115,0.002833,0.000809
-0.000846,0.000675,0.003989
0.001110,-0.003614,0.006100
-0.001850,0.002822,0.001883
0.000096,0.004959,0.001893
-0.000860,0.006035,0.000832
0.000137,0.006035,0.000833
-0.000813,0.001801,-0.003475
-0.000778,0.001786,-0.002391
0.000196,0.003926,-0.001342
0.001235,0.000717,-0.001350
0.000259,-0.001415,-0.001375
0.000232,-0.003576,0.001816
0.000196,-0.002520,0.002902
-0.000788,0.002840,-0.000255
0.003132,0.003904,-0.000238
0.002179,0.004951,0.001916
0.001224,0.003895,0.000830
0.001259,0.003895,0.001878
-0.000697,0.001778,-0.000276
-0.001663,-0.001448,0.001851
0.000240,-0.006787,0.002860
-0.000797,-0.011068,0.003904
-0.000860,-0.009990,0.001793
0.001037,-0.010008,0.003932
-0.000009,-0.007844,0.000733
0.000939,-0.003564,-0.000305
-0.000047,-0.002504,-0.000278
-0.000025,0.002824,0.000832
0.001943,0.003899,0.000822
0.001993,0.002839,0.000793
0.002964,0.000745,-0.002466
0.001015,0.000691,0.003948
0.000998,-0.000411,0.008214
-0.000975,-0.001469,0.006090
-0.001010,0.000672,0.006088
-0.002962,0.001748,0.003984
-0.001005,0.004971,0.001863
0.000986,0.003926,-0.000295
0.000037,0.002864,-0.001363
-0.000943,0.002867,-0.001371
-0.003875,0.001784,-0.000293
-0.002884,0.001802,-0.003475
0.000057,0.003942,-0.004518
0.001048,0.002884,-0.005599
0.001094,0.001847,-0.008823
0.001154,0.005049,-0.008798
0.000204,0.002907,-0.006704
0.001242,0.001814,-0.004556
-0.000727,-0.003517,-0.005657
-0.002694,-0.002471,-0.003503
-0.001712,-0.004619,-0.003483
-0.000764,-0.003530,-0.006669
0.000233,-0.004571,-0.009884
-0.002683,-0.001372,-0.009851
-0.000703,0.001902,-0.017334
0.001312,0.000853,-0.018437
0.001348,0.008328,-0.018389
0.001382,0.009400,-0.018390
0.002431,-0.000258,-0.013103
0.000485,-0.005635,-0.008855
0.000426,-0.008867,-0.005665
0.001388,-0.008868,-0.005663
0.002357,-0.008890,-0.004558
0.002302,-0.009961,-0.003512
0.001278,-0.009938,-0.006709
-0.000729,-0.013144,-0.006725
-0.001761,-0.016367,-0.004603
-0.001829,-0.012074,-0.008813
-0.000874,-0.004615,-0.007678
0.001080,-0.004605,-0.007703
0.000112,-0.005662,-0.007739
0.001078,-0.004619,-0.003483
0.002062,-0.005683,-0.003501
0.002058,-0.004614,-0.002452
0.002028,-0.006738,-0.002495
0.001043,-0.003552,-0.001383
0.002975,-0.000374,0.002889
0.002974,0.002842,0.000785
0.003968,0.004933,0.006145
0.002055,0.008160,0.002968
0.000132,0.008160,0.002968
-0.001783,0.006022,0.002960
0.000183,0.003910,-0.000254
-0.000784,0.003913,-0.000261
0.001177,0.002870,-0.002425
0.000201,0.003953,-0.003505
0.000233,0.008265,-0.007765
0.000295,0.013588,-0.005593
0.003296,0.012522,-0.006651
0.000447,0.011446,-0.005592
0.000504,0.009290,-0.003462
0.001555,0.007167,-0.005602
0.003528,0.003951,-0.003498
0.003546,0.002865,-0.001364
0.002579,0.001804,-0.001390
0.001578,-0.002534,0.006077
0.000559,-0.003591,0.003949
-0.000457,-0.005787,0.010365
0.000453,-0.005783,0.008264
0.001419,-0.000486,0.012591
0.001365,-0.000475,0.010472
0.002327,-0.002614,0.011514
0.000346,-0.000495,0.012617
0.000327,0.000588,0.010491
-0.002582,-0.005809,0.010423
-0.000678,-0.006870,0.010400
-0.000733,-0.010023,0.006064
0.002150,-0.012175,0.008181
-0.000837,-0.009972,0.000698
0.001054,-0.007823,0.000678
0.000035,-0.002461,-0.001436
0.000041,0.001803,-0.002435
0.000073,0.009285,-0.002405
0.000145,0.013539,-0.001284
0.000203,0.012445,0.001914
-0.000696,0.011364,0.004034
-0.000661,0.007118,0.001845
-0.001624,0.004995,0.000753
-0.000621,-0.000325,-0.001426
-0.002604,0.001852,-0.005699
-0.001623,0.005052,-0.006716
0.001341,0.005063,-0.007788
0.001372,0.006087,-0.004528
0.000406,0.003957,-0.006651
-0.000550,0.000718,-0.003442
0.001414,-0.000323,-0.006656
0.000451,0.001784,-0.004475
0.001428,0.001767,-0.001296
0.002411,0.003900,-0.000228
0.002427,0.006007,0.004045
0.002500,0.002838,0.000796
0.002510,0.004968,0.001871
0.001555,0.007127,-0.000268
-0.000351,0.006065,-0.000288
0.000645,0.002854,0.000756
-0.000337,0.004991,0.000765
0.000660,0.002849,0.000767
0.001639,0.002800,0.006123
0.002620,0.004960,0.001891
-0.000296,0.000673,0.003995
0.000671,-0.000392,0.002936
-0.000301,0.000671,0.004002
-0.000308,0.001738,0.004010
0.000680,-0.000390,0.002928
0.000651,0.001757,0.001867
-0.000313,0.003902,0.000813
-0.000274,0.005004,-0.003453
-0.001258,0.006073,-0.002400
-0.002189,0.001796,-0.002415
0.000770,0.001797,-0.002419
-0.000210,0.002875,-0.004530
0.001759,0.000714,-0.000294
0.001744,-0.001406,-0.002439
0.001730,-0.004654,0.001836
-0.000248,-0.004670,0.002922
0.001700,-0.001499,0.006168
0.001654,0.000645,0.005115
-0.001269,0.002768,0.007254
-0.000283,0.003865,0.004047
-0.000237,0.002825,0.000827
-0.002174,0.003909,-0.000251
-0.001173,0.004981,-0.000255
-0.002109,0.003959,-0.004565
-0.000119,0.005052,-0.007763
-0.001049,0.006148,-0.009919
-0.000021,0.007220,-0.009923
-0.000960,0.006162,-0.011000
-0.000891,0.006157,-0.010989
0.000143,0.008259,-0.007748
-0.000792,0.006146,-0.010961
-0.001720,0.006136,-0.010934
0.001262,0.008278,-0.010936
0.001307,0.008317,-0.015220
0.004324,0.009416,-0.017387
0.003418,0.005170,-0.020617
0.001496,-0.000206,-0.016375
0.003459,-0.007684,-0.014323
0.001459,-0.009890,-0.007880
0.001399,-0.009897,-0.007862
0.000354,-0.014226,-0.001465
0.002230,-0.010016,0.002906
0.000200,-0.011102,0.005040
0.001128,-0.008992,0.007212
0.001081,-0.007971,0.011528
0.001029,-0.013263,0.007184
-0.000993,-0.012215,0.008287
0.000902,-0.013275,0.008260
-0.000140,-0.015402,0.008223
0.001717,-0.015400,0.009264
0.002635,-0.017532,0.008193
0.001567,-0.017532,0.008193
-0.000475,-0.014343,0.010345
0.000415,-0.017510,0.006045
0.000330,-0.015378,0.006070
0.000247,-0.013296,0.012499
0.000189,-0.011145,0.010379
0.003032,-0.010083,0.011447
0.001990,-0.008956,0.006073
-0.000010,-0.006795,0.002883
-0.001986,-0.000375,0.001847
-0.002974,0.002848,-0.000275
-0.001007,0.007144,-0.001357
-0.000967,0.003961,-0.002477
0.000062,0.008205,-0.000287
0.000110,0.009304,-0.002453
-0.000809,0.008236,-0.002459
0.000196,0.007174,-0.003527
0.000235,0.010373,-0.002447
0.000289,0.010404,-0.006713
0.001324,0.015694,-0.001322
0.001410,0.015705,-0.003441
0.001468,0.013566,-0.003446
0.001538,0.012500,-0.004505
-0.001311,0.012464,-0.001274
-0.000320,0.007145,-0.003453
-0.000264,0.008205,-0.004471
-0.000222,0.008224,-0.005567
0.000806,0.011387,-0.001257
0.002819,0.010367,-0.006618
0.001920,0.009305,-0.006638
0.000027,0.008255,-0.008783
0.000085,0.006093,-0.005591
0.001102,0.003963,-0.006668
-0.000833,0.004981,-0.001299
0.001134,0.007136,-0.003429
0.002132,0.009236,-0.000184
0.003156,0.008165,-0.000183
0.002207,0.006009,0.002993
0.002235,0.003887,0.001898
0.001256,0.002827,0.000824
0.000309,0.003879,0.004011
0.002257,-0.000353,-0.000303
0.000312,0.000721,-0.000313
0.001314,0.001802,-0.001386
0.002289,0.001797,-0.000327
0.001326,0.003923,0.000759
0.000362,0.003898,0.002914
0.000372,0.003892,0.001883
-0.000589,0.002811,0.004004
0.000379,-0.000378,0.002901
-0.000582,0.000707,0.000771
-0.000578,0.001779,-0.000281
0.001393,0.003921,-0.000283
0.002402,0.000722,-0.000316
0.001424,0.002895,-0.004583
0.000451,0.001806,-0.001395
0.000437,0.000729,-0.000335
0.000441,0.001778,0.001816
-0.000517,0.002836,0.002893
0.002418,0.000736,-0.001397
0.001447,-0.001415,-0.000327
0.000458,-0.000364,0.001818
-0.000508,-0.001423,0.000741
0.000441,-0.003558,-0.000319
-0.000555,-0.004605,-0.002474
-0.000579,-0.005689,-0.001393
0.001357,-0.007860,0.001824
0.000324,-0.007847,-0.000304
0.000258,-0.008916,-0.001354
0.002169,-0.006818,0.002945
0.001161,-0.004689,0.004021
0.001124,-0.000426,0.005117
0.001128,-0.002531,0.001885
0.002089,-0.001496,0.005113
0.001122,0.001743,0.001904
0.001118,0.000667,0.004011
0.000152,0.000692,0.001855
0.001111,0.000718,0.000741
0.000137,-0.001420,0.000733
0.000132,-0.000326,-0.001421
0.000149,0.001797,-0.000327
-0.000855,0.002862,0.000736
0.001128,0.004968,0.002917
0.000173,0.004972,0.000814
0.001182,0.004979,0.000796
0.000230,0.006033,0.001885
0.000235,0.004984,-0.000261
0.000282,0.004958,0.001898
0.001267,0.002833,-0.000238
-0.000673,-0.001389,-0.004579
-0.000693,-0.002482,-0.003473
-0.000715,-0.004605,-0.003520
0.001234,-0.003524,-0.005640
0.001235,-0.000353,-0.001350
0.000251,-0.000335,-0.003487
0.000268,0.002883,-0.005596
0.001263,0.007147,-0.004504
0.001321,0.007126,-0.001311
0.003322,0.010323,-0.000226
0.003376,0.008161,0.002965
0.002431,0.008180,0.001869
0.003431,0.002843,0.002876
0.001488,-0.001462,0.007118
0.000498,-0.003601,0.008159
-0.000531,0.001751,0.005022
-0.000512,0.002826,0.003964
-0.001497,0.003897,0.001871
-0.000478,0.006050,-0.000251
0.000522,0.002867,-0.003464
-0.002372,0.000723,-0.001363
-0.000415,-0.000333,-0.003491
-0.000450,-0.002495,-0.001348
0.003467,-0.000341,-0.002428
0.001502,-0.000346,-0.002414
0.002488,0.002838,-0.000252
0.001513,0.001784,-0.001339
0.000571,0.004965,0.000832
0.001550,-0.001462,0.002935
-0.000432,-0.000395,0.002943
0.000519,-0.000394,0.002941
-0.000468,0.000686,0.001871
0.001488,-0.000404,0.004013
0.001484,-0.002507,0.001822
0.000490,-0.003565,-0.000304
0.001442,-0.003566,0.000746
0.001425,-0.001438,0.001826
-0.000552,-0.004638,0.000751
0.001408,-0.004651,0.002874
-0.001544,0.001726,0.005088
0.001366,0.000662,0.005070
0.002343,0.001740,0.005051
0.001389,0.003870,0.004036
0.000433,0.004970,0.000820
0.001438,0.004942,0.004029
0.000487,0.002841,0.000788
-0.000479,0.001773,0.001828
-0.001464,-0.000323,-0.004565
-0.000483,-0.001400,-0.002456
0.001478,0.002887,-0.004560
0.001484,0.003953,-0.004549
0.000530,0.002861,-0.002402
0.000537,0.003945,-0.004530
-0.000408,0.002839,-0.000254
0.000588,0.003942,-0.004521
-0.001339,0.000682,0.002927
-0.000360,-0.000348,-0.002409
-0.000363,-0.002468,-0.004554
-0.000365,0.000748,-0.004566
0.002582,0.005019,-0.005584
0.000633,0.002883,-0.005595
0.000659,0.003912,-0.001303
-0.000298,0.003906,-0.000243
0.000691,0.002832,-0.000233
0.001684,0.003905,-0.001287
0.001694,-0.000358,-0.001338
0.001689,-0.002482,-0.002426
0.001675,-0.002538,0.003995
0.000698,0.002843,0.000784
0.001680,0.001769,0.000793
0.000710,0.002835,0.001851
-0.000239,0.001773,0.000783
-0.000233,0.001759,0.001865
0.000763,0.000700,0.000788
-0.000217,0.002836,0.000802
0.001728,0.000706,-0.000274
0.001725,-0.000368,0.001828
0.000751,-0.002510,0.001830
-0.000236,0.001748,0.002938
-0.000253,0.000706,0.000775
0.000741,0.000709,-0.000282
0.000746,0.000681,0.001883
0.002703,-0.000352,-0.002399
0.001726,0.000688,0.001866
-0.001239,-0.000376,0.000803
-0.001229,-0.003562,-0.000309
-0.000273,-0.005746,0.005030
0.000650,-0.004698,0.008227
-0.000379,-0.004667,0.005009
0.000559,-0.003621,0.007164
0.000547,-0.004649,0.003915
0.000528,-0.000347,-0.000318
-0.001417,0.003932,-0.000312
-0.000414,0.002886,-0.002467
0.001582,0.006073,-0.000311
0.000638,0.006073,-0.000311
-0.000310,0.002892,-0.003528
-0.000277,-0.000334,-0.001398
0.000698,-0.001424,0.000743
0.000672,-0.000363,0.000769
0.001663,0.000735,-0.002440
-0.000306,-0.001421,-0.000310
0.001642,0.002864,-0.002410
0.002634,0.002822,0.001883
-0.000281,0.001797,-0.003463
-0.000276,0.002869,-0.004514
-0.000242,0.005002,-0.003447
-0.001225,0.000731,-0.002430
0.000736,-0.000330,-0.003502
0.000741,0.000720,-0.001356
0.001741,0.000731,-0.003475
0.001758,0.002882,-0.004545
0.001771,0.002870,-0.003471
0.001796,-0.000343,-0.001377
0.001781,-0.000375,0.001845
0.003708,-0.000398,0.005042
0.002717,0.000628,0.009344
0.000732,-0.000414,0.008222
0.000725,-0.003620,0.007161
0.000721,-0.002556,0.007178
-0.001247,-0.003641,0.009306
-0.001267,-0.001462,0.003979
-0.001280,-0.002510,0.001829
-0.000310,-0.000357,-0.000292
-0.000298,-0.001401,-0.002455
0.001633,-0.000354,-0.000300
0.001638,0.001782,-0.000286
0.001615,0.001761,0.001860
0.003590,-0.000378,0.000809
0.003591,0.000653,0.006142
0.001599,0.002785,0.007208
0.001609,0.001723,0.006140
0.001607,0.004952,0.002957
0.002586,0.003852,0.008265
0.000637,0.007053,0.009339
-0.001290,0.007063,0.007220
-0.004217,0.007082,0.005081
-0.001252,0.006044,0.001857
-0.000257,0.000741,-0.002456
-0.001231,-0.000328,-0.003506
-0.000253,-0.002446,-0.004611
0.000724,-0.002469,-0.003506
0.002658,-0.003519,-0.004603
0.000701,-0.002503,0.000767
0.000708,-0.001437,-0.000270
0.001665,-0.002516,0.000800
0.001655,0.000668,0.004009
0.001617,-0.000390,0.002932
0.000645,-0.000409,0.005072
0.001606,-0.000406,0.005062
0.000624,0.003870,0.004034
0.000635,0.003898,0.001869
-0.001322,0.001788,-0.001350
-0.001282,0.001813,-0.003505
-0.001254,0.000758,-0.005638
0.001664,-0.000290,-0.006742
-0.000289,-0.003513,-0.004620
0.001662,0.000709,0.000766
0.002639,0.000711,-0.000287
0.001655,-0.002509,0.001826
0.002605,-0.002513,0.002885
0.002600,-0.000373,0.001842
0.001621,0.001733,0.005069
-0.000333,-0.000393,0.003984
-0.000325,0.000685,0.002920
0.001615,-0.001464,0.005032
-0.000369,-0.000381,0.002905
-0.001352,0.000716,-0.000302
0.001565,-0.003538,-0.001419
-0.000439,-0.005680,-0.001417
0.000527,-0.005683,-0.000365
0.001486,-0.003550,-0.001390
0.000482,-0.004668,0.005011
0.000427,-0.004659,0.003942
0.002365,-0.003609,0.006087
0.001352,-0.000412,0.007171
0.001335,0.000687,0.002912
0.000383,-0.000375,0.003936
-0.000584,0.005025,-0.003508
0.000423,0.004994,0.000757
0.000463,0.003948,-0.001398
0.001463,0.001824,-0.003534
0.000500,0.000729,-0.000334
-0.000472,0.000757,-0.004591
0.002445,-0.000330,-0.002455
0.000483,-0.001422,-0.000308
0.000466,0.000700,0.000788
0.000471,-0.001426,-0.000297
-0.000519,-0.001453,0.001866
0.000436,-0.000361,-0.000282
0.001412,-0.002489,-0.000317
0.000430,-0.000345,-0.001369
0.001406,0.003941,-0.003473
-0.001502,0.003956,-0.005601
0.000456,0.003922,-0.001329
0.002443,0.002861,-0.001355
0.001516,0.003936,-0.002414
0.001528,0.003908,0.001843
-0.000400,-0.000340,-0.000337
-0.000410,-0.001425,-0.000300
0.001510,-0.002512,0.001833
0.000486,-0.002533,0.003980
0.001462,-0.002518,0.002898
0.002400,-0.003581,0.001830
0.001429,0.000704,0.000778
-0.000527,-0.000367,0.000779
-0.000533,-0.001448,0.001850
0.000426,-0.005709,0.000749
0.001407,-0.002497,0.000751
0.001396,0.000719,-0.001353
0.000423,0.000712,0.000757
0.001403,-0.000359,0.000757
0.000408,-0.002497,0.000750
0.000402,0.000704,-0.000266
0.000372,-0.001447,0.000801
0.000388,-0.002486,-0.001372
0.001346,-0.004642,0.001805
0.001320,-0.006771,0.000729
0.000311,-0.003571,0.001804
0.000279,-0.003546,-0.000351
0.000258,-0.002500,0.001803
-0.000731,-0.001443,0.001838
0.000234,-0.003576,0.000772
0.000225,0.001740,0.002960
0.000234,-0.001422,-0.000307
-0.000708,0.001794,-0.002411
0.000263,-0.000323,-0.004566
0.000266,-0.001387,-0.004583
-0.000715,-0.002471,-0.002454
0.000281,0.000734,-0.002439
0.002219,-0.000327,-0.003509
0.001252,0.000724,-0.002414
0.002222,0.000750,-0.004573
0.001238,0.000712,-0.000289
0.001255,0.001749,0.002935
0.001257,-0.001448,0.001850
0.001247,-0.000366,-0.000270
0.000263,0.000692,0.000807
0.000260,0.000705,-0.000270
0.001238,0.000692,0.000807
0.001261,0.001773,-0.000263
0.001254,0.000700,0.000788
-0.000687,0.001808,-0.003492
0.000305,0.003941,-0.002425
0.000332,0.001766,0.000801
0.002306,-0.000353,-0.000303
0.001330,-0.000334,-0.003492
-0.000613,0.002860,-0.002399
0.000362,0.001801,-0.003473
-0.000606,0.002859,-0.002396
0.001349,0.003938,-0.004508
0.002353,-0.000372,0.000793
0.002341,0.000685,0.000828
-0.000602,-0.003576,-0.000274
0.000348,-0.000405,0.002970
-0.001590,0.002814,0.000858
-0.000604,0.001757,-0.000225
-0.001579,-0.000377,-0.000241
-0.000596,-0.002524,0.000820
-0.001606,-0.007823,-0.003505
-0.000633,-0.003546,-0.004535
0.000351,-0.000307,-0.007743
0.001352,-0.000289,-0.009883
0.000406,0.004000,-0.010946
0.001421,0.005045,-0.009835
0.003404,0.002885,-0.005603
0.002439,0.003940,-0.003470
0.000500,0.004974,-0.000238
0.002477,0.006038,0.000827
0.001521,0.006022,0.004006
0.002511,0.006011,0.005080
0.003524,0.008125,0.007243
0.001571,0.005992,0.006177
-0.001314,0.009250,-0.000220
-0.002227,0.006037,0.000829
-0.001220,0.003937,-0.003463
-0.001191,0.006100,-0.006658
-0.001175,0.002907,-0.007751
-0.002137,-0.002458,-0.004578
0.000809,0.003957,-0.006648
0.001798,0.007167,-0.008740
0.002834,0.006063,-0.003423
0.002883,0.004968,0.000826
0.001938,0.007089,0.000879
0.001962,0.002797,0.002993
0.001946,0.000667,0.004009
0.001944,0.001730,0.004030
-0.000022,0.001737,0.004012
-0.000007,0.003891,0.002933
0.000982,0.003900,0.001865
0.000009,0.000706,0.000774
-0.000955,0.001768,0.001842
0.000004,0.001816,-0.003515
0.000029,0.001778,0.000769
0.000033,0.000715,-0.000297
0.000044,0.003915,-0.001314
0.001016,0.003883,0.001909
0.000068,0.002821,0.000841
0.001055,0.004929,0.004065
-0.000890,-0.000370,-0.000260
0.000088,0.001743,0.002954
-0.000871,-0.000359,-0.000287
0.002042,-0.001425,-0.001347
0.002056,-0.001387,-0.003538
0.002051,-0.005670,-0.002491
0.001052,-0.002459,-0.003535
0.001027,-0.003519,-0.003560
0.001022,-0.001415,-0.001370
0.000997,0.002844,-0.000265
0.001038,0.000709,-0.000281
0.002019,0.001764,0.001850
0.001072,0.002830,0.000817
0.001081,0.001782,-0.001336
0.001085,0.000704,0.000775
0.000115,0.003915,-0.000267
0.000132,0.005007,-0.002414
0.000147,0.002857,-0.001347
-0.000820,0.000716,-0.001346
0.000153,0.001812,-0.004550
0.001146,0.003938,-0.003465
0.002151,-0.000337,-0.002436
0.001190,0.001789,-0.001351
-0.000759,-0.002464,-0.003519
0.001197,0.000717,-0.001348
0.001201,0.000719,-0.002400
0.001194,0.000728,-0.003468
0.002173,0.002873,-0.003478
0.001235,0.006066,-0.002385
0.002230,0.004982,-0.000259
0.000305,0.000728,-0.001379
0.002263,-0.000347,-0.001366
0.003248,0.001798,-0.001377
0.001295,-0.000353,0.000741
0.000303,0.001782,0.000758
0.001288,0.003874,0.005070
0.001287,0.004969,0.000821
0.000367,0.006056,-0.001314
0.000397,0.006028,0.000851
0.000423,0.003914,-0.001312
0.001427,0.001750,0.001887
0.000445,0.001779,-0.000280
-0.001499,0.001767,0.000798
0.000419,-0.002507,0.000774
0.000410,-0.005714,0.001809
0.000370,-0.004640,0.000755
0.001344,-0.003564,-0.000305
0.003288,-0.002490,-0.000314
0.000359,-0.000347,-0.001366
0.000372,0.002851,-0.000283
0.000405,0.002867,-0.003462
0.001412,0.005001,-0.002400
0.001430,0.007145,-0.003453
0.000481,0.003932,-0.000314
0.002452,0.002853,0.000755
0.001478,-0.000338,-0.001391
0.003442,-0.000341,0.000710
0.002459,0.000685,0.005007
0.000493,0.002839,0.001836
0.002476,0.004993,-0.000285
-0.001429,0.003892,0.002931
0.000562,0.002851,-0.000283
-0.002382,0.002856,-0.001343
-0.001354,0.003904,-0.000239
-0.000353,0.003927,-0.003436
0.001641,0.002880,-0.005588
-0.000333,-0.000322,-0.005613
0.000653,-0.000321,-0.005616
0.000672,-0.002426,-0.008847
0.002613,-0.000315,-0.006680
0.001641,-0.000317,-0.005629
0.001654,0.001767,-0.000251
0.001630,0.001757,0.001868
0.001624,0.006011,0.002987
0.002618,0.003889,0.001893
0.001664,0.003881,0.004007
0.001679,0.001734,0.005068
0.000710,0.000646,0.007202
-0.000279,-0.002503,0.000765
-0.000280,-0.002510,0.002875
-0.001294,-0.003569,0.001798
-0.000331,-0.002483,-0.000333
0.000654,-0.001394,-0.004564
0.000626,-0.000349,-0.002406
0.000643,0.000713,-0.001338
0.001620,-0.001455,0.001869
0.003580,-0.002514,0.000792
0.001585,-0.000378,0.000808
0.001586,0.001730,0.004031
0.001587,0.001752,0.001883
0.000629,0.002805,0.004020
0.000612,0.002825,0.002919
0.001593,0.000699,0.001834
-0.000349,0.000719,-0.000309
-0.000346,0.002849,0.000768
0.000644,0.001787,-0.001348
0.000647,-0.001429,0.000756
0.000643,-0.000343,-0.001376
-0.001319,-0.003531,-0.003529
-0.001333,-0.003555,-0.001374
0.000631,0.002828,0.000822
0.002572,0.000694,-0.000244
-0.000356,0.001785,-0.002391
0.000634,0.001789,-0.002398
0.001623,0.001770,-0.001302
0.000654,-0.000349,-0.000316
-0.000331,0.000738,-0.003496
0.001635,0.002848,-0.000277
0.000663,-0.002457,-0.004585
0.002615,-0.000363,0.000767
0.000653,0.002837,-0.000250
-0.000311,0.002830,0.001861
0.002649,0.003899,0.000819
0.000712,0.006040,0.000821
-0.001204,0.002816,0.002943
-0.000217,0.002843,-0.000263
-0.001164,0.002843,-0.000263
-0.000196,0.002855,-0.002387
0.000788,-0.000379,0.001854
-0.000192,0.001787,-0.001347
0.002750,0.001780,-0.001329
0.001796,0.000700,0.000786
0.000831,0.001748,0.001890
0.001819,0.003914,0.000782
0.000839,0.004948,0.004015
-0.000117,0.003863,0.005097
-0.000114,0.003877,0.002968
0.000874,0.003865,0.005091
-0.000083,0.001774,-0.000269
0.000910,0.003915,-0.001313
0.000926,0.005005,-0.004501
0.000953,0.003912,-0.001305
-0.001000,0.001781,-0.001330
-0.000016,-0.000367,-0.000269
-0.000026,-0.003572,-0.000284
0.001891,-0.006757,-0.001402
0.002844,-0.005700,0.000726
0.001847,-0.004635,0.000739
0.001809,-0.005701,-0.000320
-0.000159,-0.000353,-0.001350
-0.001136,0.003929,-0.002395
-0.000131,0.007152,-0.004515
0.000896,0.006077,-0.004505
-0.000030,0.004997,-0.002390
-0.000008,0.002852,-0.000287
0.000959,0.000707,0.000767
0.000009,0.002884,-0.003509
0.000969,-0.000330,-0.001410
0.000977,0.001819,-0.003522
-0.000967,0.000728,-0.001379
0.001016,0.002873,-0.003482
0.001040,0.001814,-0.005602
0.000088,-0.000347,-0.002412
-0.000899,0.000724,-0.002414
0.000075,-0.001388,-0.005628
-0.000898,0.000698,0.000793
0.000050,-0.001398,-0.005600
0.002033,0.001788,-0.003442
0.001068,0.008201,-0.004461
0.003087,0.008199,-0.004457
0.004133,0.010331,-0.004431
0.000267,0.008233,-0.007682
0.000339,0.002894,-0.006672
-0.001597,0.001779,-0.001328
-0.000653,-0.001435,-0.000275
0.001283,-0.004630,-0.000318
0.002257,-0.002492,-0.000311
0.001251,-0.002482,-0.001381
0.001246,-0.000342,-0.002424
0.002226,0.001805,-0.003485
-0.000715,-0.000337,-0.001391
0.000287,-0.002515,0.001840
0.000278,-0.000392,0.002934
0.000254,-0.002495,-0.000303
-0.000717,-0.002528,0.002921
0.001204,-0.002500,0.000756
-0.000769,-0.004647,0.001817
0.000202,-0.002504,-0.000278
0.001173,-0.001433,-0.000279
0.000194,-0.000353,-0.001351
0.000184,-0.000350,-0.001360
0.001170,0.002877,-0.005584
0.001209,0.001812,-0.004550
0.000257,0.007132,-0.004464
0.001272,0.006064,-0.004473
0.000337,0.006094,-0.007687
0.000388,0.009271,-0.005507
0.000423,0.001804,-0.005575
0.001423,0.003909,-0.002343
0.001428,0.002847,-0.002367
0.002424,0.003895,0.000829
0.000488,0.003913,-0.001309
-0.000475,-0.000345,-0.002420
0.000499,-0.000373,0.001837
0.000501,0.001780,-0.000284
-0.000471,0.002819,0.002935
0.000519,0.006076,-0.002411
0.002523,0.002859,-0.001356
0.001572,0.003950,-0.004545
0.001614,0.003945,-0.003484
0.000638,0.001819,-0.004570
0.000664,0.002839,-0.000255
0.000677,0.000731,-0.003478
0.000674,-0.003568,-0.001344
0.000633,-0.002473,-0.003501
0.002584,-0.004638,-0.000299
0.001597,0.001744,0.002948
0.002587,0.004990,-0.003419
0.000643,0.006086,-0.005575
-0.000303,0.004985,-0.001313
0.001677,0.003934,-0.002408
-0.000255,0.000716,-0.001349
-0.000233,0.000714,-0.000298
-0.000241,0.003919,-0.001326
0.001725,0.000697,0.001838
0.003684,0.003902,0.001856
0.002734,0.006035,0.000831
0.001783,0.004974,0.000808
0.001810,0.000678,0.003981
0.000846,0.000684,0.001874
0.000849,0.001763,0.000804
0.000857,0.001759,0.001862
0.000866,0.000676,0.002941
0.000858,0.000682,0.002925
-0.000141,-0.002503,0.000763
-0.000161,-0.002508,0.001824
-0.000177,-0.004629,-0.000321
0.000750,-0.004613,-0.003502
0.001687,-0.004666,0.002910
0.002650,-0.003576,0.001814
0.001668,-0.003568,-0.000297
0.001652,-0.002500,0.000757
0.000667,-0.001417,-0.000322
-0.000308,-0.000327,-0.003513
-0.001293,-0.000316,-0.003540
-0.000291,0.000780,-0.007789
0.001688,0.000733,-0.000344
0.001682,0.002869,-0.001379
0.000734,0.004990,0.000766
0.001730,0.006060,-0.000278
0.001750,0.003901,0.001861
0.000801,0.002825,0.001873
-0.001163,0.000702,0.000779
-0.000164,0.001775,0.000773
-0.000174,0.000708,-0.001327
0.000844,0.000715,-0.001344
-0.000153,-0.000333,-0.004541
-0.000162,0.001795,-0.003463
0.001824,0.005027,-0.006653
0.000863,0.000712,-0.002384
0.002817,-0.000348,-0.002411
0.001829,0.000706,0.000770
0.003786,0.001757,0.001865
0.002846,0.003887,0.002942
0.001853,0.004959,0.003983
0.001871,0.000694,0.002893
0.001875,-0.000396,0.003990
0.000863,-0.003606,0.006076
0.000854,-0.000383,0.003955
-0.000150,0.001737,0.004010
0.000821,0.002776,0.008275
0.001821,0.000684,0.002920
0.000824,-0.001446,0.001844
-0.000165,-0.000357,-0.000294
-0.000157,-0.002495,-0.000302
0.000809,-0.001433,-0.000282
0.001753,-0.005685,-0.002452
0.000763,-0.002510,0.000780
0.000745,-0.002498,-0.000297
-0.000266,-0.004675,0.005028
0.001649,-0.005727,0.003933
0.000643,-0.004654,0.002880
0.001586,-0.003586,0.002889
0.001560,-0.003611,0.006089
-0.001382,-0.001462,0.003977
0.001550,-0.002530,0.003969
-0.000403,0.001775,-0.000273
-0.000403,-0.000380,0.001855
0.000586,-0.001412,-0.002428
0.001538,-0.002489,-0.001366
0.001540,-0.002486,-0.001375
-0.000441,-0.003544,-0.002452
0.002470,-0.002512,0.001832
0.000518,0.001782,-0.001336
0.001506,0.001786,-0.001345
0.001493,-0.000376,0.001846
0.001501,-0.002476,-0.002445
-0.000461,-0.001447,0.001846
-0.000494,-0.004625,-0.000334
-0.000497,-0.001448,0.002897
-0.000513,-0.002491,0.000733
0.000455,-0.001419,-0.000318
0.001427,-0.000316,-0.004585
0.001406,-0.001402,-0.003499
0.000444,-0.000331,-0.003499
0.002391,-0.000340,-0.003477
0.001411,0.001782,-0.002383
0.004365,0.002830,0.000817
0.000450,0.002807,0.004014
0.002414,-0.001453,0.002909
0.000438,-0.003595,0.005002
0.001406,-0.002521,0.002901
0.000416,-0.001443,0.002882
0.000389,0.000684,0.002919
0.000376,0.003868,0.005081
0.001388,0.003884,0.002949
0.000438,0.003947,-0.003490
0.000468,0.001797,-0.001373
0.000472,0.000729,-0.001382
0.001476,-0.002491,0.000732
0.000477,-0.000349,-0.001362
0.000467,-0.003539,-0.002465
0.003359,-0.005694,-0.000335
0.001378,-0.005695,0.000711
0.003313,-0.003530,-0.002488
0.001342,-0.004637,0.000745
-0.001596,-0.001438,0.000779
-0.000653,-0.003586,0.001841
0.000294,-0.003595,0.002910
-0.001695,-0.002534,0.002936
-0.000724,-0.003574,0.000763
0.000225,-0.005736,0.003955
-0.000812,-0.006768,-0.000328
-0.000812,-0.003504,-0.006739
0.001120,-0.007802,-0.002515
0.000127,-0.004574,-0.005696
0.001129,-0.000317,-0.002493
0.001117,-0.000302,-0.004624
0.004056,0.001796,-0.001374
0.002140,0.003950,-0.002452
0.002137,-0.000345,0.000721
0.001168,-0.000376,0.002891
0.000167,-0.003548,-0.000349
-0.000852,-0.003561,0.000729
-0.000868,-0.002483,-0.001382
0.000126,0.000726,-0.001376
-0.000852,0.003944,-0.004530
0.000169,0.003945,-0.006622
0.000178,0.002867,-0.004511
-0.001768,-0.001389,-0.005626
0.000182,-0.007798,-0.004616
0.000170,-0.009930,-0.004640
0.000122,-0.002480,-0.002435
0.001099,-0.000323,-0.005615
0.002078,0.003922,-0.001334
0.002126,0.008166,0.001905
0.000229,0.009265,-0.002353
0.002226,0.009242,-0.000203
0.001285,0.005004,-0.004502
-0.000647,0.001778,-0.001325
0.002305,0.000721,-0.001361
0.002284,-0.001440,0.001828
0.002271,-0.002511,0.001829
0.002221,-0.001425,-0.000304
0.001247,-0.002510,0.001825
-0.000687,-0.003545,-0.003494
-0.000690,-0.001409,-0.002436
-0.000706,-0.003540,-0.003509
0.000273,-0.004632,-0.001361
0.000240,-0.002509,-0.000269
0.001196,-0.001417,-0.002416
0.001201,0.000700,-0.001306
0.001216,0.001753,0.000831
0.002196,-0.000394,0.001893
0.001219,0.000668,0.002961
0.000253,0.000691,0.000807
-0.000741,-0.000388,0.001877
0.002180,-0.002514,0.000790
0.000227,-0.003551,-0.002433
-0.000794,-0.003572,-0.000287
0.001149,0.000692,0.000805
-0.000792,-0.001415,-0.002421
0.000200,-0.000358,-0.002386
-0.000788,0.000735,-0.004537
0.002154,-0.002474,-0.004543
0.001196,-0.001433,-0.000281
0.002151,0.001783,-0.002385
0.002165,0.001758,0.000817
0.001190,0.003893,0.000834
0.001200,0.002821,0.001883
0.001218,0.001750,0.001884
0.000226,0.001742,0.002951
0.001221,-0.000386,0.002916
-0.000720,0.004970,-0.000232
-0.000674,0.004979,-0.001301
-0.000648,0.002865,-0.003460
0.000358,0.005014,-0.005572
0.001380,0.006119,-0.009847
0.001421,0.002896,-0.007725
-0.000527,0.003987,-0.009868
0.001457,0.002881,-0.005592
0.000505,0.002869,-0.004519
0.001524,0.004983,-0.002356
0.003493,0.002843,-0.001313
0.003498,0.003911,-0.001305
0.001568,0.000686,0.001866
0.001569,0.007089,0.002967
0.003534,0.002818,0.003983
0.001609,0.004949,0.004009
-0.000344,0.002821,0.002927
-0.000328,0.003897,0.001867
0.000681,0.007125,-0.001314
0.001702,0.004987,-0.001321
0.000733,0.007108,0.000826
-0.002147,0.006055,-0.001311
-0.000135,0.006042,-0.001279
-0.001108,0.002864,-0.003460
0.001851,0.002866,-0.003466
0.000874,-0.000337,-0.004532
0.001833,-0.001427,-0.001344
0.000842,0.000713,-0.002387
0.000822,-0.001474,0.004007
-0.000166,-0.003582,0.000784
0.000777,-0.004657,0.002886
0.002718,-0.004666,0.003955
0.001686,-0.006804,0.004994
0.002641,-0.006774,0.001779
0.000667,-0.002460,-0.003535
0.002618,-0.001385,-0.003545
0.000690,0.005025,-0.003509
-0.000254,0.008243,-0.004571
-0.000212,0.007187,-0.007747
0.000827,0.008219,-0.003464
0.001851,0.007147,-0.003461
0.000900,0.002865,-0.002416
0.001882,0.000718,-0.000309
0.001890,0.000682,0.002925
-0.000078,-0.000358,-0.000295
0.001859,-0.000326,-0.004561
0.000894,0.002886,-0.006652
-0.000054,0.002877,-0.005583
-0.000985,0.008232,-0.007681
0.001003,0.006076,-0.005551
-0.000914,0.003946,-0.005580
0.002045,-0.000334,-0.003494
0.000104,-0.000330,-0.004552
0.000110,0.000734,-0.004534
0.001091,0.006070,-0.003444
0.002089,0.007122,-0.002349
0.003138,0.009298,-0.006624
0.000260,0.009273,-0.002376
0.001271,0.005007,-0.003464
0.001334,0.002876,-0.003489
0.000340,0.000729,-0.002427
-0.001626,-0.001422,-0.001357
0.002285,-0.000362,-0.000285
0.001296,0.000727,-0.002424
0.003267,0.001769,0.000788
0.002287,-0.001429,0.000754
0.000345,-0.000383,0.001862
0.000337,-0.001435,0.000767
0.000315,-0.003570,-0.001338
-0.001651,-0.000384,0.001866
0.001284,-0.002497,-0.000301
0.000307,-0.000341,-0.002431
0.000316,0.001769,0.000789
0.000308,0.000719,-0.001357
-0.000670,-0.001437,0.000773
0.001281,0.000722,-0.001366
0.000321,-0.003560,-0.000319
0.002245,-0.002514,0.001836
0.000279,-0.002499,0.000751
0.001265,-0.000368,0.000776
0.000293,0.002849,-0.001329
0.002244,0.002832,0.000809
0.001302,0.004984,-0.002357
-0.000646,0.001764,-0.000245
0.000351,0.000698,0.000790
-0.000632,-0.003536,-0.003518
0.000355,-0.000370,-0.000265
-0.001614,-0.001434,-0.000282
0.000336,-0.001410,-0.002434
0.000335,0.004993,-0.003426
0.000355,0.003943,-0.004528
0.001354,0.002864,-0.003458
0.001360,0.001827,-0.006684
0.000430,0.000737,-0.003495
0.000425,0.000733,-0.002440
0.001409,0.000730,-0.002431
0.001423,-0.000376,0.001843
0.002386,0.000694,0.000801
0.001432,0.001760,0.001855
0.001431,0.004984,-0.002359
0.001472,0.003928,-0.002397
0.001474,0.002833,-0.000241
0.000529,0.001785,-0.001345
-0.000450,0.002859,-0.003447
0.001514,0.002843,-0.000265
-0.000424,0.000696,0.000797
0.002511,-0.000346,-0.002416
0.001530,0.002822,0.000833
0.000588,0.003907,-0.000251
0.004508,0.001785,-0.001345
0.001582,0.003915,-0.000270
0.000636,0.001780,-0.000286
0.001619,-0.000337,-0.002441
0.000641,-0.001422,-0.000312
0.001612,0.000696,0.001841
0.001615,0.000706,-0.000278
-0.000341,0.002844,-0.000270
-0.000323,0.002850,-0.001330
0.001661,0.003753,0.000935
0.001680,0.002689,0.000918
0.000725,0.001551,-0.002249
0.000742,-0.002726,-0.002264
0.000715,-0.001760,-0.001108
-0.001259,-0.003862,-0.004348
-0.000313,-0.003880,-0.001163
-0.001314,-0.001725,-0.004335
0.000641,0.001457,-0.001122
0.000631,-0.006039,0.000976
0.002563,-0.003900,0.000983
0.002534,-0.004982,0.003103
0.001557,-0.003895,0.000968
0.001551,0.001465,-0.002188
0.000568,0.003571,0.002086
0.000611,0.003595,-0.000069
0.000621,0.004653,0.001009
-0.000322,0.004650,0.001018
-0.001275,0.003616,-0.002215
-0.000268,0.000409,-0.001180
0.000710,0.003639,-0.005412
-0.001223,0.002563,-0.004351
0.000744,-0.001683,-0.007585
0.000758,-0.000642,-0.004370
0.001719,-0.000650,-0.004350
0.000762,0.000379,-0.000057
-0.000216,0.002532,-0.003227
0.000774,0.000371,-0.000037
-0.000205,0.002508,-0.001071
-0.000208,0.001463,-0.002184
-0.000193,0.001453,-0.002157
0.000831,0.002530,-0.002176
0.000828,0.003591,-0.002151
0.000848,0.001485,-0.004332
0.002835,0.002557,-0.004335
0.000905,0.002571,-0.006464
-0.000057,0.001485,-0.004333
0.000903,0.000388,-0.001126
-0.000067,0.000385,-0.001118
-0.000064,0.000371,0.001010
0.001908,0.002475,0.004244
0.000927,0.002489,0.002116
0.001892,-0.001798,0.005266
0.000898,-0.002853,0.004180
-0.000108,-0.006029,0.000947
-0.000132,-0.007102,0.001999
-0.001150,-0.003875,-0.001177
-0.000178,-0.000643,-0.004367
-0.000161,0.002501,0.002086
0.001815,0.000403,-0.003256
0.001814,0.001441,-0.001081
0.000859,0.000376,-0.000048
0.001836,-0.004960,-0.000092
-0.000146,-0.002825,-0.000075
-0.000157,-0.001769,0.001005
0.000798,0.000375,-0.000047
0.000809,-0.000687,-0.001116
0.000800,-0.001763,-0.000055
0.000786,-0.003913,0.002060
0.002729,-0.000700,-0.000035
-0.000195,0.000415,-0.005381
-0.000199,0.000381,-0.000064
-0.000194,0.000394,-0.002187
0.000799,-0.001737,-0.002213
0.000760,-0.000683,-0.001126
0.001757,-0.000658,-0.003281
-0.000197,0.000382,-0.001112
0.000790,0.002541,-0.003251
-0.000186,0.003596,-0.001118
-0.000191,0.002546,-0.003263
0.000824,-0.000702,0.002063
0.001813,0.001459,-0.001127
0.001797,0.000366,0.002066
0.001795,-0.000696,0.000999
-0.000166,-0.002815,-0.000105
0.000802,-0.000687,-0.000070
0.000805,0.000379,0.000990
0.000793,0.000372,0.001008
0.001792,-0.000660,-0.003277
0.000801,0.001448,-0.000054
0.000814,-0.001751,0.000959
-0.000173,-0.000694,0.000994
0.000804,0.000392,-0.001139
0.000798,0.001463,-0.001140
0.001780,0.002524,-0.001114
-0.000161,0.002515,-0.000045
0.000835,0.003583,-0.000038
0.000830,0.003574,0.001031
0.000860,0.003579,-0.000028
0.000893,0.002499,0.001041
0.001867,-0.001767,0.001000
-0.000094,-0.002847,0.002070
-0.001061,0.000376,-0.000049
-0.000117,-0.000679,-0.001135
0.000863,0.001453,-0.001100
-0.000106,0.002514,-0.001073
0.000874,-0.000698,-0.001061
0.001833,-0.002851,0.001060
0.000839,-0.002838,0.001060
0.001783,-0.002847,0.002129
0.000782,-0.007137,0.004239
0.001720,-0.006071,0.005298
0.001693,-0.006076,0.006356
0.002621,-0.002865,0.005312
0.001625,-0.001749,-0.000035
0.001615,0.001409,0.005334
0.000663,0.005734,-0.001053
-0.000282,0.002550,-0.003215
-0.000287,0.000412,-0.002179
-0.000262,0.002520,0.001043
0.000740,0.002526,-0.000017
0.000733,-0.000649,-0.003248
0.000714,-0.000670,-0.000059
0.002651,-0.003854,-0.002221
0.002640,-0.000672,-0.000052
0.002633,-0.001755,0.001026
0.000660,0.002502,0.003182
0.000670,0.003596,-0.000016
0.001680,0.004627,0.003225
0.000728,0.004650,0.000028
-0.000224,0.005708,0.002152
0.001746,0.001469,-0.001096
-0.000231,0.000395,-0.001090
0.001743,0.002513,0.001063
-0.000203,0.000389,-0.000029
0.000788,0.003597,-0.001064
0.000813,0.001476,-0.002163
0.002803,0.002556,-0.003232
0.001821,0.001483,-0.003224
-0.000112,-0.000689,0.002085
0.000814,-0.003907,0.002100
0.000812,-0.000723,0.004262
0.000797,0.004628,0.003223
0.002740,0.003556,0.004274
0.002757,0.002503,0.003180
-0.000176,0.001397,0.007456
-0.000172,-0.001793,0.006355
-0.002137,-0.006033,0.003106
-0.000217,-0.006014,0.000966
-0.000248,-0.004941,-0.000085
-0.000263,-0.002808,-0.000066
-0.000306,-0.000691,0.002088
-0.000293,0.000371,0.002111
0.000671,-0.001770,0.002112
0.000678,-0.001736,-0.002161
0.000658,-0.004985,0.003167
0.000630,-0.006037,0.002071
0.002537,-0.006063,0.005277
0.002500,-0.006037,0.002073
0.001495,-0.003915,0.003167
0.001480,0.000348,0.004262
0.000482,0.000359,0.002143
0.000469,-0.002850,0.004226
-0.000513,-0.003891,0.001012
0.000446,-0.003891,0.001016
-0.000534,-0.003909,0.003153
0.000389,-0.004967,0.002072
-0.000594,-0.002808,-0.000067
0.000351,-0.003893,0.001018
0.001323,-0.002810,-0.000060
0.001315,-0.001757,-0.000013
0.000328,0.001485,-0.003231
-0.001592,0.001464,-0.001085
0.001365,0.002517,0.001052
0.002331,0.002501,0.002139
0.001369,-0.001740,-0.002150
0.002298,-0.004943,-0.001126
0.001315,-0.002831,0.002087
0.001272,-0.006033,0.002061
0.000288,0.000389,-0.000027
0.001248,0.003585,0.001059
0.001271,0.002463,0.006422
0.000306,0.004657,0.000009
-0.000664,0.003608,-0.002137
0.000338,0.002540,-0.002144
0.001305,-0.000680,-0.000031
0.001302,0.000376,0.002101
-0.000631,-0.000683,0.001024
0.001313,-0.002820,0.001010
0.000340,-0.000694,0.002096
0.000314,-0.001756,0.001029
0.001293,-0.002827,0.001030
0.001260,-0.000694,0.001052
0.000284,0.000382,-0.000009
-0.000685,0.004647,0.000036
0.000309,0.004642,0.001096
0.001316,0.002489,0.003217
0.002295,0.000375,0.001054
0.000300,-0.002824,-0.000023
0.000293,-0.000702,0.001071
-0.000673,-0.001750,-0.001079
0.001249,-0.003905,0.002093
-0.000718,-0.004996,0.005287
0.001186,-0.006050,0.003150
0.000202,-0.008186,0.003137
0.001139,-0.001743,-0.001098
0.000159,-0.000677,-0.002132
0.001146,0.001491,-0.005340
0.000191,0.003616,-0.003205
0.000214,0.002573,-0.005368
0.000231,-0.000658,-0.003227
0.001221,-0.001732,-0.001125
0.002192,-0.001747,-0.000041
0.003129,-0.001758,0.002079
0.000185,-0.000701,0.003162
0.002151,0.001449,0.002092
-0.000808,-0.000691,0.002091
0.001180,0.004649,0.002123
0.001214,0.004652,0.000021
-0.000711,0.002505,0.001082
-0.000725,-0.000669,-0.002151
0.000255,-0.002771,-0.005392
-0.000730,-0.002815,-0.001095
0.000207,-0.000685,-0.000019
0.001202,0.001499,-0.005359
0.002161,0.001483,-0.004272
0.001215,0.003609,-0.003187
0.003188,0.000390,-0.001075
0.001244,0.002540,-0.002144
-0.000679,0.002532,-0.000034
0.001267,0.000408,-0.002169
0.001249,-0.001765,0.002099
0.001220,-0.001775,0.004216
0.001222,-0.001772,0.002115
0.000227,-0.001767,0.002101
-0.000748,0.001409,0.005332
-0.001719,0.001439,0.001071
0.000239,-0.000687,-0.000014
-0.000741,0.001457,-0.000021
-0.000728,0.000432,-0.006414
0.000249,-0.002822,-0.000029
0.001209,-0.001729,-0.003227
0.001209,-0.003883,-0.001101
0.001177,-0.002821,-0.000033
0.002131,-0.006059,0.004221
0.002104,-0.000715,0.004244
0.002074,-0.000713,0.003192
0.000123,0.000337,0.005338
0.000127,0.000363,0.002132
-0.000877,0.000354,0.003200
-0.000885,0.000379,-0.000000
0.000113,-0.001740,-0.001104
0.001049,-0.000695,0.001053
0.000066,0.000369,0.001070
0.002024,-0.002827,0.002076
-0.000918,-0.001793,0.005309
0.000007,-0.003908,0.003149
-0.000009,-0.007122,0.004202
0.000948,-0.004958,0.001003
0.000907,-0.001798,0.005321
0.001884,-0.000693,0.002095
0.002843,0.002521,0.001042
0.000915,0.002518,0.000004
-0.000055,0.004679,-0.003186
-0.001970,0.000384,-0.001062
-0.000020,0.001455,-0.001063
0.001913,-0.000661,-0.003219
0.000933,-0.002801,-0.002176
0.000931,0.002542,-0.003199
0.000930,0.001468,-0.003189
0.002895,0.003571,0.001096
0.000935,0.004650,0.000027
-0.000007,0.004658,-0.001036
0.001969,0.000365,0.002128
0.000984,-0.003868,-0.002185
-0.000983,-0.001761,0.002089
-0.000013,-0.002801,-0.002176
0.001930,-0.000689,0.001037
0.000938,0.002524,0.001035
0.000957,-0.000682,0.001020
0.000942,0.001435,0.003173
-0.000025,0.000387,-0.000023
0.000943,-0.001764,0.001049
-0.000026,0.000386,-0.000022
-0.001014,0.002498,0.002149
-0.001007,0.000372,0.001064
0.001923,0.001459,-0.000025
0.002911,0.000413,-0.002180
0.000956,-0.001744,-0.001096
0.000936,-0.003889,-0.001086
-0.001052,-0.003901,-0.000008
-0.001071,-0.001817,0.005371
-0.000109,0.002495,0.001109
-0.000089,-0.000745,0.005368
-0.001083,-0.003956,0.006408
-0.001103,-0.006084,0.006374
-0.001135,-0.004976,0.002094
-0.001153,-0.003889,-0.001085
-0.000181,-0.000663,-0.002167
-0.001147,0.002555,-0.003229
-0.001118,0.003648,-0.006426
-0.000099,0.001517,-0.006452
-0.000097,0.000436,-0.005380
-0.000099,0.001482,-0.003225
0.000893,-0.002795,-0.002191
0.000881,-0.001760,0.002083
0.000871,-0.000709,0.003180
0.000864,0.004653,-0.001027
0.000879,0.003582,0.001069
0.001873,0.006768,0.002180
-0.001030,0.004631,0.002171
-0.000032,0.003618,-0.003208
-0.001947,0.004683,-0.003195
-0.001917,0.000431,-0.005366
-0.000928,-0.003819,-0.006496
-0.001926,-0.000592,-0.010719
0.001029,-0.000604,-0.008597
0.001052,0.002583,-0.007486
0.002069,0.005779,-0.007445
0.001155,0.007887,-0.004222
0.003156,0.006802,-0.002092
0.000249,0.002534,-0.003176
-0.000715,0.002478,0.003245
0.000249,0.002449,0.006460
0.002195,0.001389,0.005385
0.001209,0.000325,0.005368
0.001182,0.002480,0.004287
0.001198,-0.002852,0.003186
-0.000761,0.000379,-0.000002
-0.001754,-0.000681,-0.002121
-0.000726,-0.000651,-0.004289
0.000230,0.000415,-0.005323
0.002200,-0.000648,-0.005344
0.000252,-0.000669,-0.003198
0.001219,-0.000650,-0.004292
0.001206,0.000377,-0.001041
0.000230,-0.000687,-0.001060
0.001226,0.001435,0.000035
0.003162,0.001424,0.001110
0.000235,0.001417,0.003220
0.001212,0.001423,0.002160
0.001231,0.000364,0.001083
0.000263,0.002503,0.001087
0.000250,0.000389,-0.001076
0.002209,-0.002845,0.003166
-0.000719,0.000406,-0.003213
0.000257,-0.001749,-0.000037
-0.000735,0.002535,-0.002133
0.000269,0.003588,-0.001041
-0.000701,-0.002791,-0.003246
-0.000698,0.001451,-0.000005
0.001283,0.003600,-0.002117
-0.001646,0.002529,-0.002116
0.000308,0.001467,-0.003184
-0.000638,0.002505,0.000036
-0.000611,0.002505,0.000036
0.000371,0.003595,-0.002105
0.001357,0.000380,-0.001052
0.002337,0.000377,0.000001
0.001350,-0.000692,-0.001049
-0.000612,0.000384,-0.001060
-0.000599,-0.000710,0.002138
0.000369,-0.000684,-0.000020
0.000379,0.003590,-0.001047
0.001373,0.002526,-0.001064
-0.000552,0.002511,0.000022
0.000442,0.004671,-0.002119
0.001436,0.001443,0.001063
0.000463,0.004645,0.001088
0.000484,0.003604,-0.002127
0.001494,0.003584,0.000014
0.000529,0.002526,-0.001063
0.001516,0.001435,0.001079
0.000547,0.003584,-0.001032
0.001540,0.004645,0.001085
-0.000398,0.002507,0.001078
-0.001362,0.004647,0.000036
-0.000366,0.004668,-0.002111
0.000634,0.004661,-0.002095
0.001634,0.004675,-0.004223
0.002642,0.003598,-0.002111
0.000675,0.003591,-0.002093
-0.000292,0.001448,-0.001044
-0.000270,0.001427,0.001102
0.000676,0.001410,0.004286
0.001658,-0.002884,0.006409
0.000665,-0.003941,0.005325
0.001600,-0.006051,0.003153
0.000624,-0.002820,-0.000036
-0.000400,-0.002807,-0.001114
-0.001358,0.001473,-0.003201
-0.000364,0.005735,-0.001057
-0.000349,0.005770,-0.004284
-0.000300,0.005747,-0.001087
0.002675,0.005742,-0.002121
0.000724,0.000384,-0.000016
0.000715,0.001457,-0.000022
0.001710,0.003572,0.003183
0.001721,0.003569,0.002145
0.000745,0.004636,0.002153
-0.000198,0.004639,0.002149
-0.000189,0.002504,0.002132
-0.000163,0.002500,0.002141
0.000815,0.001470,-0.003193
-0.000137,0.002544,-0.003203
-0.000143,0.000418,-0.004288
-0.000135,-0.000678,-0.001083
-0.001103,0.001475,-0.003204
0.000867,0.000432,-0.006415
-0.000111,0.000394,-0.002132
-0.000061,0.003622,-0.005313
0.002903,0.006822,-0.004238
0.001936,0.004679,-0.003185
0.001975,0.003594,-0.001056
0.000990,0.002482,0.003236
0.000986,-0.001774,0.001075
0.002915,0.000319,0.005382
0.001929,-0.001812,0.005357
0.001935,0.001407,0.004291
0.000971,0.001395,0.005369
-0.000997,0.000387,-0.000023
-0.000016,-0.002845,0.003168
-0.001000,-0.005999,-0.002210
-0.002005,-0.006005,-0.001151
-0.001067,-0.002812,-0.000055
0.001851,-0.001748,-0.000038
-0.001099,0.000391,-0.001079
-0.000108,0.000403,-0.002157
-0.001080,0.001430,0.002141
0.000889,-0.001763,0.001047
0.000878,-0.001746,-0.001090
0.000868,-0.000713,0.003193
-0.000094,-0.000684,-0.001069
0.001866,0.001448,-0.001044
-0.000108,0.003577,0.000036
0.000893,0.001459,-0.002118
-0.000074,0.000382,-0.001055
-0.000068,-0.000668,-0.003200
-0.000057,-0.002825,-0.001068
-0.000081,-0.002813,-0.002146
0.000891,-0.002817,-0.001089
0.001842,-0.001753,-0.001072
0.002811,-0.001753,-0.000026
0.000885,0.005715,0.000041
-0.000084,0.003572,0.001091
-0.001049,0.002509,0.001074
-0.000045,0.002541,-0.003193
-0.000012,0.001477,-0.003210
-0.000021,0.002506,0.001081
-0.000015,0.000401,-0.002151
0.000007,0.001459,-0.002119
0.000962,0.000398,-0.002145
0.000974,0.000409,-0.004262
0.000016,0.003626,-0.005324
0.000034,0.003591,-0.001049
0.001028,0.000389,-0.001073
0.001056,0.003593,-0.001051
-0.000898,0.003564,0.003205
0.000090,0.004628,0.003223
-0.000888,0.004633,0.002163
0.001083,0.002513,0.001063
-0.000847,0.001454,-0.000014
0.001137,0.002534,-0.001083
0.001149,0.001457,-0.000023
0.000192,0.001437,0.002122
0.000184,0.002529,-0.002117
-0.000747,0.002518,0.000005
0.000206,0.001473,-0.003201
0.000220,0.003589,-0.001045
0.000253,0.000393,-0.002130
-0.001692,0.000388,-0.002115
0.000271,0.001450,-0.001047
-0.000698,0.001412,0.003235
-0.001683,0.001452,-0.002100
0.000277,0.000378,-0.001046
-0.000719,-0.004962,-0.001078
0.000214,-0.004952,-0.001104
0.001158,-0.009237,-0.000051
0.002095,-0.008153,-0.001134
0.001098,-0.000688,-0.001059
0.001106,0.001468,-0.003189
0.000131,0.002529,-0.001071
0.000171,0.005754,-0.003176
0.000219,0.004673,-0.001056
0.000250,0.002546,-0.001070
0.000258,-0.002788,-0.001121
0.001209,-0.002816,0.002112
0.001201,-0.001732,-0.000017
0.002174,0.000384,0.001118
0.000225,0.002554,-0.003141
0.000248,0.005740,-0.002007
0.000274,0.005728,-0.000930
0.001284,0.003584,0.000150
0.000308,-0.002815,-0.000960
-0.001693,-0.002841,0.002266
0.000262,-0.001756,0.000137
-0.000728,0.002518,-0.000864
0.001221,-0.000665,-0.001985
0.002214,0.004678,-0.002988
0.000292,0.006802,-0.000853
0.000323,0.005739,-0.000854
0.001382,0.006817,-0.002965
0.003366,0.001459,0.000206
0.001398,-0.000702,0.003396
0.000406,-0.001773,0.003411
-0.000597,0.000357,0.002395
0.001328,-0.001789,0.004500
0.001329,-0.001793,0.004509
0.001317,0.001405,0.004546
-0.000638,0.001438,0.001322
0.001317,-0.004986,0.003416
0.000331,-0.003912,0.003406
0.000290,-0.004976,0.002343
0.000264,-0.006047,0.002343
-0.000739,-0.003910,0.002356
0.000199,-0.003899,0.002328
0.001165,0.001417,0.004513
0.002133,0.001401,0.005600
0.000171,0.000343,0.004522
0.000176,0.000340,0.004531
0.001150,-0.001795,0.005560
-0.000838,-0.003921,0.004475
0.001099,-0.000704,0.002371
-0.000848,-0.000692,0.001293
0.000102,-0.001736,-0.001912
0.001081,-0.002834,0.001295
0.001053,-0.000734,0.004539
0.000046,-0.002842,0.001316
0.001033,-0.002832,0.000245
-0.001927,-0.004972,0.001288
0.000013,-0.000692,0.000247
-0.000981,-0.001760,0.000239
0.002951,-0.001768,0.001307
-0.000013,-0.000671,-0.001900
-0.000012,0.000380,0.000244
-0.000022,-0.002817,-0.000840
0.000944,-0.002844,0.003414
-0.000041,-0.000671,-0.000853
0.001897,0.002505,0.002379
0.001920,0.001449,0.001293
0.001919,0.000371,0.002357
0.000947,-0.001763,0.002340
0.001918,0.000379,0.001292
-0.000059,0.000362,0.003429
0.000929,0.002516,0.001303
0.000921,0.001440,0.002363
-0.000039,0.003578,0.002371
0.000937,0.001452,0.001286
-0.001996,-0.001744,0.000199
-0.000993,-0.002815,0.000200
-0.001028,-0.000648,-0.003005
-0.001996,-0.001735,0.000174
0.001911,-0.000649,-0.004048
-0.000044,0.001468,-0.001895
0.000929,-0.003877,-0.001915
0.000922,-0.000699,0.000265
-0.000061,0.002519,-0.000798
0.000946,0.003583,-0.000781
0.001932,0.001422,0.002409
-0.000041,0.001425,0.002400
0.000922,0.004606,0.005620
0.000921,-0.000728,0.005569
-0.000049,0.001379,0.008795
-0.001047,-0.002869,0.006615
-0.001088,-0.008200,0.006557
-0.001139,-0.005013,0.007668
-0.000200,-0.006019,0.001227
-0.001192,-0.004940,0.000157
-0.000238,-0.002795,-0.001943
0.000737,-0.002766,-0.005158
0.000773,0.001492,-0.005095
-0.000218,-0.000650,-0.003001
0.000781,0.001472,-0.001904
0.002734,0.001502,-0.005119
0.000779,-0.001768,0.003399
0.001733,-0.000704,0.003416
0.001720,-0.000694,0.002345
0.000734,-0.000673,0.000198
0.000729,0.001403,0.006643
0.000745,0.002506,0.002376
-0.000226,0.001438,0.002369
-0.000209,0.000397,-0.000845
-0.000225,0.000375,0.001303
-0.001204,0.000401,-0.001903
-0.001212,0.001490,-0.004044
0.000759,-0.002769,-0.006196
0.000778,0.000402,-0.002952
0.002707,0.001483,-0.002980
0.001741,0.001482,-0.002974
0.001770,0.003595,-0.000811
0.003754,0.007877,-0.001856
0.000854,0.006769,0.003470
-0.000114,0.001413,0.004525
-0.000129,-0.002856,0.004491
-0.000150,-0.003929,0.004496
0.001769,-0.004981,0.003401
-0.000224,-0.003896,0.001272
0.000727,-0.004951,0.000186
-0.001241,-0.001753,0.001269
-0.001232,-0.000666,-0.001911
