0.005098,-0.011258,-0.005211
0.009862,-0.048558,-0.005654
0.009547,-0.074135,-0.003868
0.011078,-0.078230,-0.001128
0.002831,-0.052655,0.005458
-0.003310,-0.011027,0.007872
-0.006273,0.035928,0.008261
-0.007996,0.084986,0.008749
-0.005538,0.110581,0.010056
0.000951,0.108455,0.006878
0.005404,0.081760,0.005651
0.003824,0.036937,0.003194
0.003984,-0.010021,0.002811
0.003847,-0.055873,-0.003939
0.005441,-0.090011,-0.005298
0.006872,-0.105976,-0.011816
-0.003134,-0.093179,-0.009594
-0.001252,-0.064346,-0.011500
0.000243,-0.000361,-0.006667
-0.001742,0.057238,-0.002979
0.003363,0.099940,-0.002664
0.012085,0.113793,0.002733
0.015020,0.104173,0.006878
0.016113,0.064628,0.016118
0.012256,0.021922,0.019998
0.008634,-0.022571,-0.038749
0.001510,-0.077387,-0.382597
0.019691,-0.134494,-0.461821
0.025708,-0.110933,-0.075595
0.010480,-0.048546,0.034147
-0.009856,-0.011243,0.016806
-0.008205,0.035747,0.010829
-0.011166,0.079475,0.009168
-0.006119,0.107258,0.001983
0.001646,0.110466,-0.000100
0.003289,0.088105,-0.005644
0.004063,0.057225,-0.012353
0.005466,0.003911,-0.015003
0.007603,-0.047275,-0.017621
0.004130,-0.084552,-0.023354
0.004456,-0.099441,-0.024654
0.006834,-0.088755,-0.021465
0.004519,-0.053578,-0.012707
0.002667,0.000773,-0.000557
0.006057,0.046623,0.006198
0.010633,0.076454,0.012851
0.010500,0.094499,0.022668
0.009235,0.089076,0.032263
0.005653,0.067704,0.035297
0.004570,0.033526,0.039271
0.003157,0.000482,0.034715
0.003353,-0.026142,0.029119
0.000487,-0.042139,0.025823
-0.003276,-0.043185,0.023668
-0.007767,-0.022844,0.012162
-0.013873,0.013457,0.007190
-0.012670,0.040207,-0.003230
-0.008255,0.061578,-0.010447
0.000172,0.065825,-0.010353
0.003745,0.053069,-0.016865
0.007173,0.025289,-0.014918
0.005463,-0.006759,-0.011959
0.006433,-0.039881,-0.006900
0.007151,-0.069830,0.000350
0.007662,-0.083739,0.006606
0.005220,-0.084840,0.011914
0.005819,-0.062495,0.020637
-0.001207,-0.027268,0.020901
-0.002148,0.015443,0.020145
-0.003716,0.068869,0.014136
-0.002095,0.107399,0.005795
0.002552,0.120306,-0.002728
0.006127,0.106483,-0.006109
0.006609,0.075589,-0.009646
0.006789,0.032874,-0.005740
0.007586,-0.007729,-0.001761
0.006187,-0.042965,-0.000959
0.003599,-0.067547,0.003117
0.000912,-0.079355,0.008430
0.000222,-0.064486,0.013970
-0.005077,-0.029342,0.018635
-0.009076,0.005907,0.012568
-0.006900,0.036831,0.012888
-0.004502,0.062489,0.005659
-0.002027,0.074231,0.003654
0.000472,0.062553,-0.002876
0.001874,0.045533,-0.007343
0.005126,0.014612,-0.008715
0.006196,-0.016319,-0.007971
0.007970,-0.048334,-0.006144
0.007596,-0.072911,0.001056
0.009059,-0.080419,0.006322
0.003768,-0.067669,0.012850
-0.001415,-0.029283,0.016390
-0.004426,0.010236,0.013491
-0.002287,0.048706,0.008445
0.000049,0.071136,0.005443
0.003437,0.078636,0.001244
0.003881,0.062643,-0.002063
0.005145,0.036015,-0.008691
0.004265,-0.000316,-0.004688
0.002112,-0.034446,-0.008159
0.004643,-0.063295,-0.004122
0.003125,-0.079343,0.001080
0.001587,-0.069776,0.004393
-0.000787,-0.042113,0.014254
-0.004871,-0.003686,0.012461
-0.004778,0.034735,0.011725
-0.002478,0.058239,0.008713
0.000916,0.070000,0.005615
0.002410,0.061551,-0.003053
0.001836,0.041268,-0.002159
0.002016,0.014609,-0.002432
0.003975,-0.013108,-0.004829
0.004808,-0.036566,-0.006123
0.004472,-0.045142,-0.000864
0.001261,-0.036635,0.001380
-0.000963,-0.015334,0.004806
-0.002005,0.018804,0.004071
0.000129,0.041205,0.004280
0.004331,0.046555,0.001154
0.004678,0.041212,0.002173
0.006855,0.018822,0.000888
0.005955,-0.005728,0.000698
0.002957,-0.027071,0.000517
0.000777,-0.040954,0.002520
0.000464,-0.047361,0.002477
0.003049,-0.039871,0.000398
0.003806,-0.023853,0.000502
0.002743,-0.007829,-0.000452
0.003774,0.014567,0.001862
0.002962,0.024233,-0.002402
0.004157,0.022069,0.002886
0.002363,0.011409,0.002767
0.003377,0.000727,0.004798
0.001417,-0.005680,0.005799
0.002274,-0.007819,0.005793
-0.002697,0.003930,0.001682
-0.003706,0.022046,0.000856
-0.001634,0.043422,-0.005328
-0.003380,0.058318,-0.005089
-0.001058,0.065830,-0.012458
0.003256,0.057312,-0.015715
0.004558,0.037032,-0.015872
0.003816,0.012485,-0.015024
0.006785,-0.015233,-0.015329
0.008629,-0.044058,-0.010308
0.007349,-0.064343,-0.006272
0.009883,-0.079304,-0.000068
0.007476,-0.080383,0.006228
0.001221,-0.055951,0.017188
-0.002959,-0.026068,0.017428
-0.002083,0.009110,0.018867
-0.002023,0.040042,0.018119
-0.000792,0.058207,0.011934
-0.000436,0.064626,0.007763
-0.001094,0.057216,0.000224
-0.001781,0.034849,-0.004261
-0.000649,0.007150,-0.008797
0.001306,-0.019482,-0.013323
0.004060,-0.036571,-0.009245
0.001866,-0.037647,-0.008185
-0.002261,-0.028041,-0.009154
-0.001384,-0.008843,-0.007919
0.001581,0.010317,-0.002402
0.000770,0.030550,0.001016
0.002993,0.043364,0.001101
0.006208,0.038000,0.004265
0.008413,0.029471,0.005220
0.007563,0.012401,0.006111
0.007559,-0.007861,0.006955
0.002552,-0.024926,0.008879
0.000369,-0.030265,0.008840
-0.002808,-0.029186,0.007770
-0.003005,-0.014243,0.005799
-0.003115,0.005016,-0.000447
-0.004025,0.028464,-0.000176
-0.003802,0.051939,-0.003110
-0.003469,0.075367,-0.001740
-0.004947,0.089264,-0.007963
0.000432,0.081816,-0.012267
0.004836,0.065819,-0.014519
0.009101,0.029560,-0.015927
0.008267,-0.008853,-0.016261
0.009126,-0.049426,-0.010268
0.009785,-0.080365,-0.007410
0.009274,-0.097444,-0.002311
0.009723,-0.092127,0.005103
0.007248,-0.059093,0.013867
-0.001812,-0.015365,0.018480
-0.001854,0.028393,0.018832
0.001296,0.056181,0.014771
0.001636,0.062571,0.014859
-0.000949,0.059366,0.012751
-0.001679,0.036961,0.009411
-0.002547,0.009204,0.008164
-0.002632,-0.017436,0.001565
0.000083,-0.039840,-0.002820
0.000748,-0.055837,-0.004023
-0.000597,-0.056922,-0.003986
-0.001842,-0.034538,-0.003732
-0.005865,-0.005722,-0.005592
-0.000895,0.028430,-0.005317
0.002352,0.049812,-0.008376
0.008596,0.056221,-0.007294
0.009033,0.045589,-0.007486
0.011260,0.022093,-0.003450
0.009418,-0.006723,0.000502
0.007372,-0.029140,0.001378
0.004220,-0.041966,0.003416
0.002924,-0.044090,0.002326
0.001635,-0.044095,0.001294
0.002291,-0.033490,0.005740
0.000172,-0.019647,0.004887
-0.002880,-0.001522,0.004036
-0.005752,0.024105,0.001073
-0.002604,0.044444,-0.006245
-0.000359,0.054101,-0.009440
0.000935,0.049881,-0.012741
0.002216,0.034963,-0.011879
0.003385,0.014694,-0.011017
0.001510,-0.006627,-0.011254
0.005403,-0.022652,-0.007158
0.006219,-0.039760,-0.004075
0.005996,-0.044062,-0.000885
0.004752,-0.030252,0.003579
0.002662,-0.000381,0.002805
-0.001204,0.023136,-0.002330
-0.002904,0.044530,-0.010652
-0.001582,0.051007,-0.018111
0.001706,0.040407,-0.025710
0.000048,0.021229,-0.028041
-0.002717,-0.004357,-0.028321
0.001232,-0.033186,-0.025383
0.004007,-0.054559,-0.021300
0.007585,-0.067424,-0.012886
0.007220,-0.070682,-0.005441
0.003900,-0.054771,0.004355
-0.002241,-0.018647,0.020758
-0.004289,0.019722,0.024343
0.000733,0.053845,0.025741
0.002965,0.068804,0.022677
0.004360,0.066713,0.018366
0.004673,0.039020,0.013813
0.004822,0.001717,0.007103
0.003787,-0.030240,-0.000635
0.004499,-0.055830,-0.002996
0.003157,-0.071776,-0.010610
0.002750,-0.072835,-0.010639
0.002350,-0.065400,-0.007348
-0.004797,-0.035548,-0.005980
-0.007835,0.007095,-0.001330
-0.004789,0.034837,-0.000042
0.000347,0.048695,0.002203
0.006536,0.048692,0.004301
0.006794,0.034825,0.005217
0.008882,0.007101,0.004928
0.006878,-0.019617,0.010038
0.004751,-0.040921,0.006620
0.006412,-0.051581,0.006501
0.006102,-0.035628,0.010961
-0.000958,-0.012109,0.005818
-0.002019,0.011396,0.000712
-0.004867,0.030599,-0.001205
-0.002708,0.031667,-0.004334
-0.001531,0.024136,-0.000054
-0.000451,0.001724,-0.002326
-0.000468,-0.022864,0.002810
0.000327,-0.038845,0.001564
0.002009,-0.053779,0.001421
0.003656,-0.054841,0.002445
0.006269,-0.048426,0.004560
0.006075,-0.018526,0.004758
0.001149,0.015669,0.002830
0.000355,0.045570,0.001979
0.003611,0.062660,0.001033
0.004992,0.065879,-0.001078
0.005320,0.053056,0.000952
0.003613,0.034835,0.008328
0.001725,0.008166,0.004943
0.000623,-0.018572,0.010105
0.001359,-0.036705,0.006795
0.000079,-0.039977,0.012182
-0.002188,-0.031434,0.010147
-0.003311,-0.007926,0.005033
-0.001398,0.016645,0.000984
0.000731,0.034823,-0.003142
0.002990,0.044468,-0.007351
0.003334,0.043448,-0.012712
0.004634,0.034907,-0.011727
0.005817,0.016763,-0.011874
0.004921,-0.000319,-0.009905
0.002948,-0.012043,-0.011085
0.001858,-0.025951,-0.004834
0.001681,-0.033479,0.002574
0.003401,-0.034576,0.007873
0.003182,-0.034563,0.007840
0.002977,-0.022815,0.007913
0.000921,-0.006825,0.009136
0.000898,0.013508,0.002881
0.001991,0.032735,0.001949
0.004140,0.046623,-0.001114
0.005373,0.050866,0.002127
0.002739,0.044465,-0.000024
-0.000023,0.025214,0.005156
-0.000936,0.008139,0.005015
-0.000957,-0.017465,0.004782
0.001795,-0.032378,0.001452
0.006458,-0.038795,0.003524
0.005212,-0.044091,0.000240
0.004018,-0.032374,0.002485
0.000936,-0.008889,0.001616
-0.003968,0.018827,0.004015
-0.004792,0.042298,0.003182
-0.001599,0.058286,0.004412
0.001696,0.060445,0.000181
0.004961,0.049750,0.002245
0.003213,0.025209,0.000987
0.002345,-0.006789,-0.000371
0.005173,-0.040930,-0.001722
0.006813,-0.067606,-0.000903
0.006412,-0.079318,-0.002117
0.004006,-0.075053,-0.001028
0.001607,-0.057987,0.000182
-0.001551,-0.018544,0.005852
-0.004510,0.021996,0.006220
-0.002399,0.046598,-0.000002
0.003828,0.064762,-0.001999
0.004215,0.055154,-0.001023
0.005505,0.030623,-0.002309
0.001714,-0.002470,-0.001512
0.002618,-0.029158,0.000383
0.003358,-0.050488,-0.000873
0.002055,-0.062232,0.000087
0.001709,-0.055808,-0.003050
0.001427,-0.024943,0.004742
-0.002571,0.013502,-0.000240
-0.004371,0.051885,0.003309
-0.002060,0.077542,-0.002871
0.001371,0.087112,0.000437
0.004810,0.066887,-0.004049
0.007109,0.040181,-0.000017
0.006312,0.010325,-0.001377
0.006286,-0.025963,-0.001666
0.007059,-0.045152,-0.001878
0.007760,-0.059000,-0.004150
0.006422,-0.065408,-0.002099
0.002181,-0.043069,0.002459
-0.000004,-0.017515,0.007005
-0.002064,0.011312,0.003026
-0.006855,0.040103,0.003322
-0.002694,0.049689,0.005543
-0.000461,0.045407,0.006588
0.001710,0.034794,0.001116
0.003841,0.019885,-0.000134
0.001962,0.000733,-0.003579
0.002935,-0.021653,-0.003828
0.005698,-0.037614,-0.005129
0.008410,-0.053611,-0.004245
0.007153,-0.057930,0.002126
0.003943,-0.040872,0.003359
-0.003066,-0.012130,0.010058
-0.004079,0.019890,0.008220
-0.000055,0.045506,0.005284
0.003134,0.056172,0.004344
0.005389,0.047633,0.002185
0.003650,0.026255,0.004189
0.002721,-0.002563,0.005007
-0.001270,-0.031340,0.000489
0.001443,-0.055885,0.001332
0.003985,-0.071879,0.000119
0.004563,-0.072924,-0.000994
0.001248,-0.052695,0.004527
-0.003804,-0.009981,0.000627
-0.004742,0.033817,-0.003311
0.001405,0.061617,-0.008449
0.006762,0.076589,-0.011545
0.006290,0.076564,-0.007297
0.005694,0.060559,-0.007436
0.004991,0.039172,-0.003317
0.002168,0.017791,-0.000255
0.002157,-0.003578,0.003818
0.002022,-0.025001,0.012213
0.001787,-0.025004,0.012222
-0.000366,-0.019679,0.012297
0.000470,-0.012200,0.010244
-0.001534,-0.001502,0.007124
-0.002452,0.012433,-0.000241
-0.000335,0.032716,-0.001139
0.001828,0.046620,-0.003196
0.003081,0.052013,-0.008532
0.004396,0.049924,-0.012851
0.005620,0.037066,-0.007591
0.007697,0.010348,-0.004573
0.005736,-0.016387,0.001627
0.005559,-0.037782,0.006814
0.003323,-0.046388,0.013197
0.000073,-0.048566,0.016432
-0.001212,-0.041090,0.015432
0.001475,-0.034670,0.012302
0.001333,-0.011185,0.010389
-0.000609,0.017698,0.002080
-0.001429,0.042328,-0.007353
-0.000175,0.050878,-0.007314
0.002117,0.043452,-0.010629
0.004330,0.023203,-0.010867
0.006381,-0.005638,-0.004760
0.006299,-0.032327,-0.002865
0.008017,-0.052611,0.000125
0.007686,-0.060087,0.002169
0.002448,-0.051579,0.005453
-0.000759,-0.034532,0.007759
-0.003863,-0.003616,0.010189
-0.004831,0.029482,0.007284
-0.001682,0.049747,0.006437
-0.000428,0.057251,0.000137
-0.001070,0.051901,0.001176
-0.000796,0.034820,0.001053
-0.000665,0.013496,-0.001269
0.002289,-0.006749,-0.003608
0.005132,-0.025983,-0.001612
0.005954,-0.040901,-0.002842
0.006702,-0.047311,-0.001831
0.005486,-0.044077,-0.003980
0.004350,-0.031233,-0.007110
0.001319,-0.006691,-0.007943
-0.000565,0.019991,-0.005638
0.000579,0.031741,-0.006616
0.002734,0.029596,-0.003470
0.004853,0.018886,-0.000319
0.004901,0.001734,0.007062
0.001852,-0.014310,0.010163
0.002623,-0.027182,0.015456
0.002361,-0.036811,0.016487
0.000131,-0.031502,0.017646
-0.002039,-0.014441,0.017823
-0.006051,0.012256,0.016954
-0.003983,0.035856,0.005326
0.000178,0.049827,-0.004228
0.001513,0.053132,-0.011793
0.002856,0.045756,-0.020468
0.003224,0.029792,-0.023852
0.003452,0.008508,-0.029412
0.004528,-0.008580,-0.027425
0.005475,-0.026775,-0.024302
0.003332,-0.040730,-0.016883
0.004089,-0.045119,-0.004052
0.003804,-0.045215,0.003519
0.001585,-0.034640,0.012224
0.001356,-0.016564,0.018822
0.002270,0.004773,0.020060
0.001313,0.024006,0.019113
0.003397,0.030488,0.011638
0.003532,0.026292,0.005139
0.003674,0.017784,0.003946
0.003785,0.005036,-0.001542
0.001814,-0.005635,-0.001632
0.000781,-0.013094,-0.004860
-0.000289,-0.017379,-0.004853
0.000595,-0.012088,-0.000510
-0.001480,-0.007867,0.002790
-0.000566,-0.004681,0.003901
0.001325,0.000600,0.008272
0.004254,-0.000474,0.008282
0.004262,0.000642,0.006071
0.006217,-0.000404,0.006008
0.005212,-0.003568,0.005882
0.006144,-0.001412,0.005844
0.004178,0.009253,0.009088
0.003227,0.021013,0.008083
0.000454,0.032784,0.004962
-0.000346,0.038143,0.001806
-0.002073,0.040257,0.000831
-0.001836,0.036000,-0.004464
0.001235,0.024256,-0.005593
0.001345,0.003959,-0.004663
0.001334,-0.014246,-0.000465
0.001185,-0.035599,-0.001663
0.002882,-0.054845,0.001416
0.003497,-0.066622,0.003508
0.004086,-0.062369,0.004627
0.005692,-0.049588,0.008983
0.003474,-0.030349,0.009064
0.004311,-0.010048,0.011259
0.004292,0.003837,0.014481
0.001410,0.028362,0.018918
-0.001365,0.045527,0.010461
-0.000106,0.050953,0.000857
-0.000791,0.048839,-0.001305
0.001462,0.035038,-0.011022
0.004610,0.015874,-0.017573
0.002718,-0.009773,-0.016649
0.001663,-0.031145,-0.017795
0.000508,-0.045056,-0.017811
0.001230,-0.041947,-0.011271
0.000073,-0.023827,-0.010016
-0.000028,-0.006762,-0.008804
0.002910,0.010311,-0.005520
0.004983,0.013555,-0.005602
0.009032,0.009309,-0.003607
0.007183,-0.001338,-0.002716
0.004263,-0.012003,-0.001775
0.003207,-0.015238,0.001423
0.001173,-0.006737,0.003681
0.000137,0.008164,0.003906
-0.000802,0.027318,0.006301
-0.002608,0.035842,0.004317
-0.001394,0.040144,-0.002008
-0.002124,0.034864,-0.010567
-0.001924,0.016741,-0.011813
0.002097,-0.001346,-0.015243
0.005019,-0.023751,-0.013352
0.005860,-0.044025,-0.012480
0.007560,-0.052586,-0.006216
0.006303,-0.052606,-0.001980
0.003125,-0.035594,0.004601
-0.000008,0.000626,0.011342
0.000029,0.039031,0.011694
0.001270,0.063591,0.008724
0.001663,0.078558,0.003550
0.001130,0.072167,0.000327
0.001513,0.049804,-0.006259
-0.000204,0.017821,-0.010791
0.000850,-0.010981,-0.011059
0.004645,-0.037597,-0.017722
0.005392,-0.055772,-0.012555
0.005083,-0.062158,-0.012655
0.004757,-0.064321,-0.006322
0.005415,-0.062178,-0.004236
0.008059,-0.053695,0.004344
0.004869,-0.030295,0.015200
-0.004035,0.007016,0.018750
-0.003066,0.039023,0.020083
-0.000916,0.055057,0.017010
0.004230,0.061447,0.015004
0.005505,0.046522,0.010659
0.002722,0.020888,0.010501
-0.000193,-0.008956,0.003885
-0.002278,-0.028150,0.001594
-0.002502,-0.041970,-0.004934
-0.001761,-0.043048,-0.003870
-0.000997,-0.039833,-0.004923
0.000787,-0.032324,-0.007055
0.001677,-0.025894,-0.008119
0.002640,-0.018395,-0.009177
0.004593,-0.006657,-0.009077
0.001729,0.011498,-0.008960
0.005745,0.025330,-0.005601
0.007834,0.034902,-0.002299
0.009020,0.038060,0.000977
0.004274,0.035879,0.004217
0.002457,0.027286,0.007430
0.000574,0.012360,0.006223
0.001544,-0.007926,0.007126
0.003397,-0.028156,0.003703
0.002240,-0.044078,-0.003974
0.000019,-0.058974,-0.007354
-0.000254,-0.067462,-0.010689
-0.001530,-0.058891,-0.013843
-0.001785,-0.042898,-0.011581
0.001972,-0.021579,-0.008205
0.006807,-0.002413,-0.002703
0.008789,0.004999,0.004831
0.010723,-0.003674,0.019755
0.005736,-0.019719,0.022857
0.003592,-0.034699,0.028067
-0.002547,-0.033755,0.038854
-0.004822,-0.035816,0.030278
-0.004113,-0.025146,0.030374
-0.007240,0.002649,0.022111
-0.013039,0.034742,0.007529
-0.010849,0.058334,-0.005123
-0.004587,0.068064,-0.021060
0.002718,0.064913,-0.026446
0.011930,0.040409,-0.029893
0.015123,0.008382,-0.026989
0.014222,-0.024754,-0.019801
0.015032,-0.055784,-0.010431
0.012755,-0.070747,-0.006312
0.007474,-0.061209,0.001261
0.000270,-0.029276,0.009061
-0.000880,0.015489,0.014805
-0.004678,0.057116,0.011994
-0.006270,0.089178,0.006907
-0.005721,0.093551,-0.002741
-0.004216,0.075470,-0.008279
0.000091,0.040323,-0.015028
0.002270,0.004102,-0.019674
0.004219,-0.032157,-0.021087
0.003089,-0.052434,-0.021253
0.003786,-0.050352,-0.015869
0.003523,-0.032290,-0.007143
0.001496,0.010287,0.000818
0.001555,0.037990,0.005344
0.004736,0.063578,0.005620
0.005105,0.069954,0.007834
0.004510,0.060361,0.006677
0.001873,0.040093,0.007535
0.002044,0.017787,-0.002338
0.004050,-0.012020,-0.006961
0.004900,-0.036518,-0.009377
0.004673,-0.052491,-0.009600
0.004357,-0.057842,-0.005421
0.001098,-0.049335,-0.001089
0.000880,-0.033366,0.002285
-0.001243,0.000673,0.012267
-0.001205,0.035826,0.015864
-0.001041,0.059284,0.016109
0.002218,0.074227,0.013087
0.003586,0.067839,0.009858
0.005865,0.044417,0.003244
0.007017,0.009233,-0.000271
0.004063,-0.027010,-0.003815
0.002900,-0.050447,-0.008298
-0.000331,-0.050452,-0.007241
0.000359,-0.031244,-0.006032
0.000218,-0.002423,-0.006856
0.000266,0.025336,-0.006659
0.000473,0.043435,-0.001173
0.002682,0.041267,0.002035
0.004898,0.024199,0.000831
0.006926,-0.002521,0.004899
0.004910,-0.026023,0.006862
0.004696,-0.038843,0.006790
0.002503,-0.035636,0.005758
0.002293,-0.030248,0.000437
0.003156,-0.013175,-0.000464
-0.002736,0.002857,-0.004579
-0.003636,0.014656,-0.009867
-0.000536,0.028538,-0.010820
-0.000318,0.034932,-0.008654
0.000902,0.041354,-0.010742
0.003086,0.039216,-0.009701
0.005224,0.034874,-0.002225
0.005392,0.027417,-0.004412
0.006503,0.013462,0.003007
0.006509,-0.007888,0.002847
0.006426,-0.022863,0.006997
0.006247,-0.034614,0.007975
0.005073,-0.027161,0.009129
-0.000935,-0.007915,0.005010
-0.001962,0.019891,-0.000147
-0.002779,0.038095,-0.006432
0.001390,0.046713,-0.013892
0.006595,0.039266,-0.016105
0.002976,0.033887,-0.011854
0.000196,0.019986,-0.009807
0.001294,0.009342,-0.013105
0.003300,0.003994,-0.009979
0.005275,-0.006762,-0.002526
0.006189,-0.017434,-0.001568
0.006101,-0.030238,-0.002727
0.005940,-0.042020,0.003563
0.001797,-0.038852,0.006813
-0.001336,-0.027107,0.006896
-0.000507,0.000675,0.003896
-0.000524,0.019902,0.002962
0.002550,0.032781,-0.003396
0.002771,0.033887,-0.007674
0.002981,0.018956,-0.006775
-0.000817,0.001837,-0.001573
0.002118,-0.024807,-0.005022
0.002952,-0.034438,-0.002941
0.002773,-0.033420,0.001378
0.001608,-0.019549,0.000454
-0.000432,-0.000362,0.001716
-0.000401,0.016702,0.000842
0.002625,0.024131,0.005193
0.005722,0.017771,-0.000201
0.004815,0.001804,-0.003577
0.005782,-0.019576,0.001570
0.002647,-0.041977,0.001360
0.003337,-0.056919,0.002285
0.003957,-0.062258,0.003295
0.003616,-0.061169,0.002202
0.003315,-0.056847,-0.002085
-0.000790,-0.020689,0.010047
-0.005751,0.013480,0.007142
-0.004631,0.035943,0.001962
0.000511,0.049840,-0.002169
0.004743,0.043477,-0.007555
0.007969,0.023219,-0.008816
0.007083,-0.003471,-0.006917
0.005089,-0.026957,-0.007090
0.005899,-0.045106,-0.008267
0.006592,-0.045110,-0.006166
0.004381,-0.036588,-0.006055
0.004146,-0.021686,-0.001647
0.002125,-0.008888,-0.001521
-0.004722,0.002782,0.003986
-0.006647,0.000649,0.003963
-0.003688,-0.007869,0.001751
0.002151,-0.022802,-0.000485
0.004937,-0.037721,-0.000663
0.003767,-0.040901,-0.001789
0.002579,-0.031304,-0.000646
0.002418,-0.014216,-0.001587
0.007215,0.000759,-0.003645
0.006306,0.012452,0.003894
0.005401,0.016723,0.004969
0.000663,0.021002,0.003934
0.001748,0.019957,0.002820
-0.001053,0.012541,-0.004706
-0.000947,0.001924,-0.011210
-0.000891,-0.011914,-0.015598
0.000038,-0.028973,-0.018919
-0.002007,-0.040733,-0.018961
0.003666,-0.039692,-0.017838
0.002513,-0.029075,-0.013424
0.005312,-0.018459,-0.007962
0.006228,-0.003538,-0.003603
0.009158,0.008128,0.004005
0.008221,0.022995,0.012685
0.004389,0.031500,0.018068
0.002548,0.033634,0.020181
0.002698,0.026200,0.015839
0.004731,0.013433,0.013540
0.006673,-0.000412,0.009167
0.000763,-0.014290,0.009066
-0.003274,-0.027009,-0.000678
-0.003428,-0.032362,-0.001726
-0.003575,-0.024867,-0.006958
-0.003666,-0.013091,-0.011138
0.002126,-0.005644,-0.008925
0.004095,0.002902,-0.008877
0.008026,-0.006724,-0.005763
0.007979,-0.016342,-0.002669
0.008856,-0.032366,0.002469
0.008653,-0.044144,0.007703
0.010360,-0.059075,0.008602
0.008048,-0.072941,0.010558
0.005663,-0.074079,0.019099
-0.002521,-0.043186,0.021590
-0.011585,0.000527,0.023106
-0.016432,0.066702,0.017355
-0.015013,0.113756,0.000754
-0.005501,0.139453,-0.011805
0.002161,0.134192,-0.023547
0.007832,0.099009,-0.028112
0.006422,0.044593,-0.028587
0.005601,-0.016231,-0.028059
0.006417,-0.068525,-0.025348
0.008947,-0.100540,-0.019336
0.010266,-0.114467,-0.006764
0.011565,-0.110240,0.002793
0.010989,-0.087859,0.010375
0.009576,-0.050564,0.019197
0.002552,0.000589,0.027128
-0.006208,0.034769,0.026286
-0.003041,0.051890,0.020032
-0.002760,0.068950,0.019166
-0.002393,0.077529,0.010764
-0.004908,0.076526,0.000128
-0.002625,0.066951,-0.006305
-0.002284,0.048841,-0.011765
-0.000087,0.027525,-0.016196
0.000018,0.002996,-0.019581
0.002954,-0.020495,-0.018694
0.005817,-0.045028,-0.018927
0.005615,-0.061073,-0.013734
0.004351,-0.063264,-0.005239
0.004052,-0.061129,-0.003130
0.005744,-0.034532,0.007762
0.003662,0.002840,0.006973
0.002711,0.048631,0.017016
0.003922,0.082790,0.016229
0.007279,0.097762,0.014182
0.007722,0.092344,0.022717
0.005123,0.070991,0.023612
0.000459,0.042185,0.023353
-0.002417,0.010151,0.024183
-0.001560,-0.014348,0.018631
-0.000799,-0.033512,0.013123
-0.000098,-0.044143,0.008747
-0.000364,-0.049416,0.002264
-0.002518,-0.045123,-0.000901
-0.003656,-0.040806,-0.007268
-0.000853,-0.024798,-0.007135
-0.000878,0.001855,-0.004754
0.003047,0.011451,-0.004653
0.010968,0.010341,0.000680
0.011992,0.003931,0.001690
0.011960,-0.008935,0.006970
0.011829,-0.028199,0.012184
0.007660,-0.042118,0.016371
0.002451,-0.031493,0.020764
-0.003615,-0.003750,0.019956
-0.003703,0.025100,0.016963
-0.004543,0.048737,0.001057
-0.005146,0.065880,-0.006301
-0.009593,0.067042,-0.017000
-0.004293,0.055350,-0.021402
0.002917,0.036172,-0.023733
0.006084,0.008413,-0.021838
0.008095,-0.025769,-0.017854
0.008904,-0.053546,-0.013821
0.010595,-0.062153,-0.005343
0.012131,-0.059061,0.006474
0.009790,-0.041019,0.016294
0.009524,-0.019746,0.023976
0.006470,0.013216,0.037115
-0.000383,0.038840,0.035203
-0.001182,0.061247,0.033306
-0.001922,0.062395,0.022645
0.000348,0.045450,0.005435
-0.003290,-0.000327,-0.010923
-0.006230,-0.053638,-0.021948
-0.005560,-0.095192,-0.032921
-0.004030,-0.114409,-0.037241
-0.002645,-0.115535,-0.035004
-0.003132,-0.101663,-0.035930
0.000415,-0.092043,-0.037984
0.005979,-0.080231,-0.040171
0.012545,-0.075941,-0.036008
0.018104,-0.082397,-0.020236
0.019661,-0.089884,-0.009796
0.021147,-0.083573,0.013506
0.015764,-0.064449,0.030618
0.008483,-0.020807,0.048006
0.002349,0.030355,0.060095
-0.007339,0.095374,0.067114
-0.005006,0.139195,0.057888
-0.002413,0.155235,0.050618
-0.001669,0.145676,0.038914
-0.003895,0.087093,0.020359
-0.014239,0.010322,0.007003
-0.013335,-0.033285,-0.013612
-0.001929,-0.069558,-0.022307
0.004497,-0.084541,-0.023367
0.006049,-0.067502,-0.022084
0.005726,-0.044054,-0.019722
0.002671,-0.004655,-0.008711
0.004680,0.026277,-0.006322
0.010724,0.049712,0.001304
0.015892,0.053875,0.015212
0.011216,0.049500,0.028003
0.004496,0.035642,0.028894
0.002583,0.015386,0.028674
0.003498,-0.003806,0.030560
0.000407,-0.013376,0.027253
-0.003725,-0.011179,0.021878
-0.005807,-0.000373,0.005930
-0.007685,0.027436,-0.002368
-0.011278,0.054235,-0.018148
-0.009850,0.071447,-0.033005
0.001412,0.077883,-0.037221
0.006833,0.064036,-0.039495
0.009281,0.040551,-0.038626
0.014433,0.007420,-0.031453
0.012510,-0.022569,-0.018868
0.010351,-0.041916,-0.000891
0.009091,-0.053752,0.009723
0.008668,-0.050705,0.027933
0.003432,-0.028391,0.036737
0.001254,0.006735,0.045632
-0.002710,0.040909,0.041667
-0.001586,0.061249,0.032258
-0.001288,0.075148,0.027076
-0.000943,0.062494,0.009841
-0.001665,0.043381,-0.003119
-0.000478,0.013612,-0.014115
-0.000425,-0.016174,-0.025069
0.001472,-0.035344,-0.028467
0.004264,-0.050244,-0.031834
0.005050,-0.057729,-0.028721
0.004811,-0.045026,-0.015797
0.003692,-0.013075,-0.008043
0.000762,0.026338,0.000839
0.002886,0.057231,0.008560
0.007119,0.069968,0.016167
0.005540,0.065692,0.016151
0.009710,0.044288,0.022408
0.006886,0.016574,0.016865
0.003924,-0.013284,0.015511
0.001745,-0.035699,0.015338
0.001454,-0.047409,0.010981
0.002113,-0.042002,0.003518
0.003842,-0.038729,-0.005007
-0.000225,-0.032310,-0.007087
-0.003241,-0.019468,-0.012305
-0.008091,-0.002393,-0.012165
-0.007045,0.014754,-0.019532
0.000939,0.028635,-0.020482
0.005069,0.031835,-0.019407
0.006283,0.028620,-0.017306
0.006474,0.015726,-0.007769
0.006554,-0.001380,-0.003649
0.008456,-0.015286,-0.000541
0.008324,-0.031385,0.011070
0.008069,-0.034597,0.011072
0.006841,-0.034644,0.016423
0.005639,-0.019739,0.020822
-0.000386,0.003738,0.019974
-0.003310,0.032582,0.015949
-0.007037,0.050790,0.008608
-0.004735,0.059403,0.000115
-0.002419,0.055261,-0.013847
0.001826,0.036148,-0.023669
0.004999,0.008429,-0.026063
0.006992,-0.020395,-0.024185
0.009775,-0.051386,-0.020144
0.008475,-0.069641,-0.007451
0.008062,-0.074002,0.003214
0.006652,-0.066629,0.013986
0.004302,-0.046414,0.021638
0.004009,-0.023019,0.030414
-0.000999,0.009012,0.027499
-0.001885,0.031490,0.019141
0.000273,0.041235,0.003169
0.001559,0.045605,-0.008563
0.001878,0.043593,-0.021451
0.001191,0.026570,-0.025913
-0.000587,0.004184,-0.029299
0.002400,-0.016079,-0.029501
0.007207,-0.034317,-0.018939
0.007002,-0.042922,-0.011515
0.007724,-0.040917,0.002436
0.008400,-0.027155,0.014345
0.004272,-0.004852,0.026313
0.003220,0.028188,0.030880
0.001372,0.041024,0.028818
0.003486,0.039971,0.028774
0.002692,0.033669,0.019044
0.001859,0.013494,0.008155
0.000923,-0.002455,0.001595
-0.003003,-0.010912,-0.008098
-0.003051,-0.019374,-0.017779
0.001791,-0.027934,-0.017790
0.004626,-0.027979,-0.014536
0.002550,-0.025896,-0.010199
0.000461,-0.017398,-0.006890
0.002332,-0.003575,-0.002462
0.003261,0.010248,0.005107
0.005302,0.022026,0.001964
0.007367,0.024138,0.008314
0.006457,0.019843,0.014621
0.007497,0.007062,0.014449
0.006497,-0.012132,0.015297
0.008305,-0.033462,0.014041
0.008090,-0.053715,0.011720
0.009679,-0.061195,0.010639
0.001562,-0.036727,0.012088
-0.005441,-0.000426,0.005023
-0.008360,0.032671,-0.001016
-0.004235,0.050904,-0.016788
-0.001888,0.054141,-0.021038
0.001396,0.038210,-0.027643
0.004559,0.009414,-0.025837
0.005595,-0.022619,-0.019780
0.007430,-0.047163,-0.015804
0.009113,-0.059983,-0.009602
0.006821,-0.067478,-0.004370
0.003578,-0.054745,0.005341
-0.001540,-0.014249,0.011053
-0.005426,0.027363,0.009325
-0.004260,0.056195,0.004286
0.000025,0.074339,0.000248
0.004354,0.073271,-0.002894
0.004744,0.054074,-0.006223
0.006906,0.024173,-0.004325
0.005994,-0.009949,-0.007819
0.006862,-0.039831,-0.007018
0.006607,-0.057981,-0.004009
0.005273,-0.068620,-0.004182
0.004905,-0.064323,-0.004221
0.003618,-0.056817,-0.004254
-0.000527,-0.031293,0.004557
-0.004519,-0.000353,0.004832
-0.007373,0.024200,0.005014
-0.002290,0.035988,-0.001290
0.002832,0.026400,-0.003504
0.006902,0.010407,-0.005765
0.006943,-0.006726,-0.001574
0.006818,-0.023860,0.002623
0.005629,-0.033501,0.005778
0.005350,-0.036701,0.004702
0.006112,-0.030328,0.009013
0.004961,-0.017493,0.007998
0.005850,0.000665,0.009154
0.002937,0.014605,0.003863
0.002063,0.012493,0.002742
-0.003687,0.017826,0.002793
-0.003586,0.018913,0.000660
-0.002520,0.018971,-0.006812
0.001496,0.012520,-0.002554
0.003552,0.005039,-0.003635
0.003567,-0.006759,0.000605
0.000575,-0.010001,0.003822
0.001482,-0.008916,-0.001446
0.004334,-0.000350,-0.004586
0.008237,0.006078,-0.007736
0.008317,0.010362,-0.007739
0.006429,0.007163,-0.006729
0.004508,-0.005651,-0.003677
0.006428,-0.021642,-0.002807
0.009158,-0.035581,0.005618
0.006967,-0.040935,0.007713
0.001799,-0.042027,0.011952
-0.001366,-0.032441,0.014169
-0.003441,0.001709,0.012359
-0.009284,0.029452,0.012599
-0.007145,0.054057,0.003234
-0.002933,0.063696,-0.002006
0.003337,0.060564,-0.010580
0.004643,0.038177,-0.011872
0.006801,0.010435,-0.012113
0.006840,-0.020511,-0.011327
0.009627,-0.042972,-0.005106
0.012281,-0.055810,-0.001996
0.011977,-0.059021,-0.000952
0.006793,-0.053686,-0.000905
0.005551,-0.042024,0.008804
0.002476,-0.009009,0.015531
-0.004434,0.019804,0.013680
-0.002377,0.036929,0.009505
-0.001243,0.034861,0.003040
0.005743,0.026335,0.000848
0.004821,0.008184,0.001767
0.002838,-0.009967,0.002689
0.002703,-0.022774,0.001539
0.002518,-0.036689,0.005717
0.002297,-0.038833,0.006769
0.002116,-0.030272,0.004686
0.002966,-0.016378,0.002656
0.000039,0.005011,-0.002518
-0.000829,0.026385,-0.003466
-0.001578,0.041381,-0.009761
0.000674,0.045671,-0.011875
0.002905,0.040313,-0.008722
0.007014,0.031777,-0.008797
0.010035,0.012498,-0.001450
0.010016,-0.000381,0.007000
0.009917,-0.014318,0.012279
0.006816,-0.021795,0.013281
0.005686,-0.025036,0.016496
0.002591,-0.028186,0.010059
-0.000454,-0.019594,0.003712
-0.006374,-0.005638,-0.005800
-0.006292,0.013636,-0.014176
-0.007089,0.030783,-0.023635
-0.001937,0.039361,-0.026810
0.004202,0.040399,-0.023586
0.006397,0.030717,-0.015099
0.009415,0.016771,-0.006657
0.009434,0.003865,0.006048
0.008391,-0.011177,0.016647
0.008243,-0.021884,0.022925
0.009010,-0.035801,0.030245
0.006770,-0.042175,0.029070
0.003581,-0.025109,0.028188
-0.005317,-0.007903,0.012300
-0.007250,0.012482,-0.001409
-0.007090,0.032891,-0.018322
-0.001895,0.041483,-0.026761
0.001391,0.039364,-0.029957
0.003601,0.026543,-0.028978
0.008639,0.004084,-0.021715
0.011530,-0.018400,-0.014389
0.012354,-0.038767,-0.002815
0.011084,-0.051653,0.007746
0.007789,-0.058101,0.014083
0.009397,-0.049632,0.022699
0.001278,-0.025159,0.030410
-0.005721,0.005817,0.028503
-0.007670,0.031538,0.015881
-0.004478,0.043378,0.005257
-0.000266,0.049905,-0.007562
0.002020,0.042507,-0.016179
0.002309,0.030823,-0.023744
0.000560,0.020127,-0.022722
0.002593,0.007295,-0.020669
0.006527,-0.005559,-0.016466
0.009375,-0.017389,-0.006913
0.009241,-0.024949,0.003717
0.007101,-0.033548,0.012175
0.004917,-0.036761,0.014269
0.004729,-0.033532,0.013178
0.000658,-0.019661,0.014344
-0.001387,0.001736,0.010198
-0.005217,0.027401,0.002951
-0.004077,0.041367,-0.006586
0.003073,0.048883,-0.011872
0.005318,0.043546,-0.012961
0.008518,0.024327,-0.012050
0.008604,0.001849,-0.004737
0.009527,-0.016372,0.002640
0.008360,-0.022860,0.011176
0.008163,-0.022883,0.014373
0.005046,-0.013336,0.020877
0.000993,0.000553,0.019906
0.000973,0.012289,0.020009
-0.001935,0.015556,0.012544
-0.001801,0.016719,0.003937
-0.000737,0.004026,-0.009014
0.003218,-0.008734,-0.013423
0.003204,-0.017333,-0.009151
-0.002735,-0.007758,-0.008993
-0.002783,-0.000288,-0.009977
0.000173,0.009286,-0.007724
0.007051,0.013550,-0.006631
0.008126,0.012450,-0.003419
0.008165,0.002803,0.001842
0.005203,-0.008991,0.009209
0.000251,-0.003675,0.011397
0.002129,0.000642,0.009216
0.003074,0.005998,0.010254
0.004104,0.009256,0.004902
0.005182,0.014612,0.003848
0.001387,0.016793,-0.002530
0.000551,0.020039,-0.007849
0.000718,0.018964,-0.007838
0.004783,0.013640,-0.011049
0.005880,0.011499,-0.011049
0.008847,-0.000252,-0.010071
0.007869,-0.005643,-0.004742
0.007782,-0.015264,-0.002687
0.008603,-0.026015,0.005798
0.007418,-0.033531,0.011084
0.005214,-0.027179,0.015455
-0.000885,-0.013319,0.016649
-0.003935,-0.002616,0.013521
-0.002960,0.005986,0.007148
-0.000926,0.014557,0.003993
-0.000804,0.017827,-0.003482
-0.002591,0.024250,-0.005571
-0.002425,0.031764,-0.009806
0.004611,0.032881,-0.014114
0.011651,0.026461,-0.010984
0.013779,0.009407,-0.012225
0.012825,-0.012018,-0.001730
0.010700,-0.035548,0.004484
0.008457,-0.046286,0.011892
0.007136,-0.050645,0.019411
0.001943,-0.029326,0.020699
-0.007994,-0.003723,0.018843
-0.008046,0.020883,0.010519
-0.009805,0.043356,0.001131
-0.007546,0.048777,-0.009506
-0.002290,0.043520,-0.020212
0.001929,0.025432,-0.025733
0.008970,0.007323,-0.029106
0.010964,-0.010828,-0.026095
0.011918,-0.027957,-0.019820
0.016658,-0.038670,-0.011434
0.011539,-0.049404,-0.001947
0.011238,-0.052723,0.015065
0.006989,-0.044263,0.024750
0.005692,-0.022980,0.030313
-0.001287,0.000507,0.027344
-0.006180,0.014400,0.024272
-0.009013,0.029430,0.011613
-0.007816,0.038063,-0.002160
-0.006544,0.041423,-0.021372
-0.000337,0.036198,-0.034256
0.004829,0.025576,-0.038657
0.008941,0.009577,-0.037767
0.011944,-0.010739,-0.032600
0.014831,-0.035362,-0.023190
0.013618,-0.058997,-0.004149
0.009326,-0.067654,0.009688
0.003957,-0.053935,0.029029
0.000636,-0.013487,0.041144
-0.007331,0.036638,0.044778
-0.006201,0.076207,0.035474
-0.004801,0.080536,0.028033
-0.005331,0.060356,0.016111
-0.002081,0.031684,0.000860
0.002050,-0.000169,-0.016560
0.007962,-0.027831,-0.026422
0.014655,-0.054500,-0.027715
0.017285,-0.073757,-0.023567
0.015927,-0.068578,-0.006381
0.006735,-0.029196,0.001536
0.003590,0.012359,0.006233
0.003603,0.051714,0.016310
-0.002951,0.081607,0.015482
-0.006468,0.081580,0.019736
-0.003101,0.065642,0.013146
0.003034,0.033658,0.011754
0.004104,-0.008913,0.001688
0.000117,-0.048325,-0.004060
-0.000168,-0.069540,-0.015030
0.003398,-0.075901,-0.018333
0.006913,-0.074814,-0.019421
0.006603,-0.054589,-0.013891
0.004446,-0.021550,-0.010365
-0.001426,0.019955,0.000737
0.000624,0.043378,0.005257
0.003856,0.054041,0.006415
0.006132,0.046574,0.005298
0.001502,0.031683,0.000863
0.002663,0.009320,-0.003631
0.002714,-0.011994,-0.005977
0.005583,-0.027933,-0.013609
0.008360,-0.042876,-0.012678
0.007157,-0.046136,-0.007323
0.004025,-0.025923,-0.002807
-0.000034,0.008162,0.002873
-0.000021,0.030588,-0.001165
0.003056,0.046547,0.003279
0.002317,0.051896,0.002243
0.001565,0.036952,0.002127
0.000738,0.016670,0.005111
0.002714,-0.012153,0.006990
0.004556,-0.035589,0.004595
0.004326,-0.054773,0.003324
0.003070,-0.057914,-0.002090
0.006703,-0.056806,-0.005324
0.005513,-0.037610,-0.004087
-0.003343,0.001904,-0.009061
-0.004205,0.030754,-0.014147
0.000910,0.045719,-0.018270
0.003171,0.044630,-0.016131
0.006403,0.034978,-0.011903
0.008544,0.010387,-0.006757
0.007547,-0.013166,0.001611
0.007407,-0.034539,0.004647
0.008120,-0.040993,0.011000
0.008813,-0.044229,0.016296
0.008523,-0.039960,0.016329
0.006329,-0.028218,0.015371
0.001288,-0.005800,0.014494
-0.003596,0.023043,0.009427
-0.003502,0.041238,0.003164
-0.001309,0.049846,-0.006362
-0.000026,0.044570,-0.013884
0.002190,0.025375,-0.016169
0.003360,0.007273,-0.019561
0.002438,-0.015106,-0.022968
0.003396,-0.027922,-0.020957
0.007189,-0.035363,-0.022140
0.009023,-0.039683,-0.016812
0.005946,-0.032251,-0.010375
-0.000008,-0.014108,-0.009185
-0.000011,0.021093,-0.006759
0.005994,0.041349,-0.002354
0.011093,0.046622,0.004126
0.010335,0.044427,0.012632
0.005661,0.032637,0.018945
0.004747,0.005915,0.024065
0.001716,-0.016514,0.023927
0.002496,-0.030411,0.025967
0.000285,-0.035728,0.019598
-0.001939,-0.034595,0.010024
-0.002100,-0.030198,-0.008056
0.000752,-0.017310,-0.019668
-0.004096,-0.003326,-0.033434
-0.004923,0.011674,-0.041832
-0.005689,0.022410,-0.048186
0.004319,0.024544,-0.046078
0.010457,0.014861,-0.034449
0.014531,-0.000150,-0.021840
0.014543,-0.020512,-0.008187
0.013473,-0.034463,0.004449
0.010334,-0.034553,0.016189
0.009137,-0.018602,0.022743
0.004126,0.007952,0.033748
-0.003677,0.036804,0.027613
-0.005471,0.051753,0.023531
-0.003271,0.047594,0.009614
-0.002070,0.036954,0.002124
-0.001880,0.016805,-0.014064
-0.001833,-0.004490,-0.020643
0.000060,-0.025836,-0.019766
0.002842,-0.040757,-0.022031
0.007520,-0.049338,-0.015712
0.009228,-0.054769,-0.002960
0.009884,-0.048460,0.009887
0.006715,-0.016515,0.019749
0.001750,0.018675,0.023246
0.004779,0.044303,0.024463
0.007929,0.057162,0.019200
0.007213,0.048666,0.014840
0.007452,0.032692,0.009390
-0.000263,0.010328,0.002808
-0.002211,-0.002447,-0.002607
-0.003202,-0.005578,-0.012229
-0.000275,-0.009834,-0.014390
0.003637,-0.016253,-0.015448
-0.000282,-0.013068,-0.013286
-0.001262,-0.004532,-0.014260
0.000706,0.003985,-0.010997
0.006605,0.008208,-0.004567
0.010539,0.013512,0.000791
0.012516,0.014511,0.010389
0.013498,0.013441,0.013523
0.011557,0.008119,0.014489
0.008618,0.000656,0.015454
0.004668,-0.005703,0.010056
0.001707,0.004957,0.010175
-0.003150,0.014663,-0.002560
-0.004949,0.015810,-0.014262
-0.005720,0.012682,-0.025982
-0.005515,-0.004347,-0.034610
-0.001509,-0.024608,-0.039002
-0.000549,-0.035334,-0.034764
0.003199,-0.039636,-0.030530
0.005960,-0.031148,-0.023010
0.008717,-0.018377,-0.016538
0.012559,-0.002429,-0.005791
0.014540,0.009212,0.009201
0.013577,0.013413,0.020917
0.012588,0.015444,0.034801
0.007693,0.013273,0.041151
0.005704,0.016452,0.042282
-0.000164,0.014335,0.038036
-0.004079,0.012333,0.019895
-0.005011,0.015683,0.000710
-0.004914,0.004003,-0.009998
-0.005788,-0.000171,-0.024920
-0.005738,-0.003343,-0.031299
-0.000810,-0.000115,-0.034481
0.000229,-0.003351,-0.030233
0.005159,-0.007610,-0.028201
0.011017,-0.015151,-0.016576
0.014848,-0.020546,-0.007053
0.013773,-0.028077,0.002455
0.010689,-0.033449,0.008781
0.009488,-0.032429,0.016233
0.008271,-0.026091,0.022731
0.005222,-0.011187,0.026087
-0.004607,0.019775,0.022124
-0.005486,0.051858,0.012799
-0.006192,0.070047,0.004462
-0.004829,0.066933,-0.005207
0.001431,0.045670,-0.016050
0.005577,0.011580,-0.021717
0.003741,-0.017185,-0.027311
0.001743,-0.038457,-0.034994
0.005518,-0.051263,-0.035102
0.009251,-0.049180,-0.028678
0.009061,-0.043934,-0.020032
0.004998,-0.023746,-0.011266
0.005905,0.000734,-0.002527
0.006932,0.022023,0.004065
0.004125,0.034790,0.010549
0.009220,0.036905,0.012709
0.006426,0.032564,0.022276
0.003581,0.023008,0.016840
0.002665,0.013443,0.012473
0.002685,0.000662,0.009165
-0.000261,-0.009938,0.000523
-0.001292,-0.022720,-0.003829
-0.000427,-0.030123,-0.013479
0.002395,-0.032227,-0.017759
-0.002551,-0.016212,-0.019737
-0.003553,-0.003362,-0.023930
0.001376,0.015866,-0.025910
0.007421,0.035043,-0.021485
0.006681,0.046731,-0.012890
0.008879,0.042417,-0.004439
0.009104,0.030629,0.003957
0.009239,0.013494,0.014432
0.010202,-0.008982,0.022781
0.010071,-0.025046,0.029071
0.004970,-0.026143,0.030186
-0.000116,-0.017584,0.023927
-0.000250,-0.007965,0.018739
-0.003234,-0.011107,0.007056
-0.005241,-0.011072,-0.001403
-0.005253,-0.002455,-0.013045
-0.002315,0.008286,-0.021503
0.001681,0.014716,-0.024657
0.004736,0.017905,-0.021463
0.008720,0.008238,-0.013010
0.010677,-0.000341,-0.004608
0.011651,-0.007873,0.004904
0.011569,-0.028207,0.015343
0.010380,-0.035698,0.021611
0.007215,-0.038870,0.020464
0.004048,-0.028219,0.023743
0.001942,-0.001539,0.021870
-0.005878,0.030546,0.012542
-0.004691,0.057319,-0.000032
-0.003323,0.063797,-0.010633
-0.000981,0.055297,-0.017075
0.002303,0.030778,-0.022574
0.004454,0.006245,-0.024901
0.006405,-0.018346,-0.021847
0.006304,-0.032238,-0.018775
0.008062,-0.041915,-0.010301
0.011730,-0.038729,-0.007097
0.011532,-0.031314,0.002523
0.010393,-0.015345,0.011124
0.009305,0.001679,0.020807
0.005382,0.027205,0.031702
-0.000402,0.042193,0.026474
-0.002155,0.051831,0.022282
-0.001915,0.047582,0.018011
-0.003602,0.041238,0.007347
-0.005351,0.016736,-0.000288
-0.003321,-0.010951,-0.012177
-0.000453,-0.034385,-0.021897
0.002312,-0.048231,-0.027311
0.006961,-0.061058,-0.026317
0.006650,-0.065396,-0.018850
0.007277,-0.052647,-0.009185
0.007009,-0.033438,-0.004843
0.009763,-0.008922,0.003804
0.012669,0.011350,0.010255
0.010812,0.032673,0.016760
0.009015,0.046579,0.017836
0.004373,0.051892,0.022123
0.000725,0.057278,0.015761
0.001035,0.047716,0.009295
0.001271,0.037071,0.004956
-0.000493,0.024295,-0.002551
-0.004232,0.010448,-0.011099
-0.002209,-0.003431,-0.016427
-0.003190,-0.013007,-0.023901
-0.002238,-0.017255,-0.029221
-0.000291,-0.028985,-0.031432
0.003513,-0.038601,-0.030437
0.008244,-0.053559,-0.026332
0.012868,-0.065315,-0.020110
0.015459,-0.065375,-0.011587
0.015165,-0.048373,0.001296
0.008075,-0.003625,0.013362
0.004202,0.042219,0.022222
0.003435,0.072082,0.024609
0.003819,0.082715,0.028979
0.001288,0.070981,0.026778
-0.000344,0.051854,0.015948
-0.001111,0.017726,0.011427
-0.002059,-0.008896,0.001644
-0.000198,-0.028016,-0.010251
0.002578,-0.030098,-0.018772
0.000478,-0.022605,-0.022953
0.001395,-0.012974,-0.026083
0.006273,-0.005476,-0.027139
0.008260,-0.012966,-0.022965
0.014089,-0.024790,-0.009244
0.012948,-0.038736,0.001287
0.011743,-0.048397,0.010768
0.010439,-0.045306,0.023632
0.003330,-0.020854,0.032444
-0.002683,0.009030,0.031639
-0.003630,0.028242,0.028654
-0.003486,0.047504,0.020309
-0.005166,0.060385,0.008716
-0.003905,0.051916,0.000100
-0.001698,0.034897,-0.006462
0.002385,0.011471,-0.012019
0.007305,-0.011980,-0.014374
0.010141,-0.035489,-0.009258
0.010895,-0.049329,-0.012599
0.010618,-0.065324,-0.012766
0.009315,-0.069630,-0.007473
0.004148,-0.041950,-0.001841
0.000026,-0.014184,-0.003755
-0.000987,0.017853,-0.006685
-0.001760,0.044544,-0.007538
0.003452,0.050945,-0.006437
0.005700,0.039198,-0.003376
0.008828,0.014603,0.003875
0.006852,-0.006764,0.006898
0.004813,-0.022803,0.011028
0.005594,-0.028146,0.012046
0.005431,-0.031362,0.013106
0.004267,-0.034524,0.007746
0.003113,-0.030260,0.005703
-0.003822,-0.021687,-0.003731
-0.003877,-0.001344,-0.012104
-0.004815,0.012599,-0.022629
-0.000729,0.027556,-0.025685
0.001459,0.032958,-0.033134
0.004636,0.029747,-0.031043
0.004838,0.025398,-0.019365
0.005988,0.013622,-0.012046
0.011884,0.000756,-0.001539
0.013781,-0.013211,0.013230
0.011691,-0.026088,0.024814
0.008557,-0.028220,0.025837
0.006420,-0.031438,0.026899
0.003255,-0.032479,0.022640
0.002101,-0.029207,0.014115
-0.001024,-0.019634,0.014278
-0.005044,-0.011073,0.008013
-0.004123,0.000718,-0.001439
-0.003111,0.011475,-0.013076
-0.003963,0.021111,-0.019354
0.000103,0.025391,-0.021440
0.005130,0.023266,-0.023574
0.007214,0.014666,-0.016159
0.008285,0.005017,-0.007756
0.012205,-0.001432,0.001722
0.015075,-0.008967,0.014379
0.014004,-0.019656,0.018517
0.011907,-0.027174,0.026948
0.007773,-0.029284,0.024776
0.000756,-0.019698,0.023856
-0.006201,0.000611,0.015572
-0.008114,0.026301,0.003032
-0.007920,0.044551,-0.012786
-0.004657,0.051057,-0.025551
-0.001361,0.044734,-0.036270
0.002853,0.023382,-0.035379
0.004986,0.003126,-0.035599
0.005008,-0.019345,-0.027263
0.009780,-0.033285,-0.016746
0.014484,-0.044016,-0.007267
0.015245,-0.040895,0.005520
0.010128,-0.018614,0.021729
0.005158,0.015478,0.029483
0.001314,0.043195,0.031880
0.001506,0.059236,0.026697
0.002799,0.067847,0.017166
0.001186,0.056188,0.007448
0.000486,0.031714,-0.003399
-0.001340,-0.003400,-0.017556
-0.000369,-0.026826,-0.027296
0.000477,-0.046017,-0.031683
0.003193,-0.054598,-0.027458
0.003914,-0.053587,-0.021028
0.004641,-0.040863,-0.009204
0.004478,-0.012137,0.000673
0.009287,0.013462,0.008242
0.013266,0.032616,0.017955
0.013429,0.040025,0.028635
0.013563,0.034674,0.032815
0.009747,0.020775,0.035903
0.004857,0.001592,0.032539
0.002810,-0.021838,0.024902
-0.000296,-0.030340,0.017418
-0.007357,-0.036658,0.002501
-0.011355,-0.036566,-0.014472
-0.009543,-0.034339,-0.030385
-0.010570,-0.018201,-0.047324
-0.005594,-0.003182,-0.058908
0.003343,0.002164,-0.057843
0.008423,0.001117,-0.056860
0.012497,-0.003223,-0.046251
0.014528,-0.013988,-0.031455
0.014527,-0.022670,-0.011279
0.014393,-0.015324,0.008978
0.018133,-0.005882,0.031441
0.015059,0.009971,0.050802
0.012028,0.023773,0.059468
0.008093,0.029098,0.062679
0.004156,0.028062,0.058405
-0.001635,0.011156,0.036911
-0.010369,-0.017520,0.017487
-0.014425,-0.033274,-0.015727
-0.010662,-0.035254,-0.039156
-0.008766,-0.033016,-0.055096
-0.005851,-0.022382,-0.055955
-0.002900,-0.004274,-0.054667
0.003088,0.014809,-0.039538
0.007164,0.036060,-0.026573
0.018205,0.049859,-0.011622
0.020407,0.042229,0.012785
0.019587,0.028226,0.033925
0.017592,0.012153,0.047558
0.013582,-0.007106,0.055896
0.005577,-0.011388,0.055896
0.001480,-0.011269,0.040943
-0.003525,-0.005731,0.012223
-0.010289,-0.010885,-0.013395
-0.016064,-0.001067,-0.042107
-0.011006,0.005466,-0.062264
-0.005936,-0.000935,-0.066505
-0.000900,-0.008387,-0.069751
0.008974,-0.014925,-0.054811
0.013850,-0.020401,-0.038803
0.014838,-0.026939,-0.019680
0.011777,-0.036671,-0.001649
0.016420,-0.033626,0.022839
0.019072,-0.024123,0.038872
0.016920,0.000322,0.051883
0.012865,0.019491,0.061560
0.003023,0.033404,0.060527
0.000145,0.056936,0.054305
-0.003570,0.074112,0.041632
-0.005183,0.073266,0.011763
-0.005740,0.043523,-0.005576
-0.009394,0.021289,-0.028184
-0.004316,-0.010606,-0.045496
-0.001406,-0.049035,-0.047877
0.002279,-0.073617,-0.045892
0.011671,-0.087600,-0.036309
0.012188,-0.084511,-0.024486
0.008864,-0.061167,-0.006163
0.003751,-0.019633,0.006955
0.006579,0.020832,0.022158
0.010591,0.048547,0.030841
0.012754,0.053867,0.036154
0.009079,0.036832,0.033816
0.002372,0.012329,0.028274
-0.000524,-0.014214,0.010963
-0.006496,-0.024787,-0.002976
-0.004621,-0.016160,-0.016732
-0.001735,-0.009678,-0.029435
-0.002640,0.000964,-0.030317
-0.002568,0.011637,-0.033368
0.002433,0.012649,-0.026940
0.008407,0.010442,-0.019448
0.013339,0.005000,-0.007712
0.010424,0.001681,0.007208
0.008421,-0.003732,0.017824
0.008333,-0.004831,0.024174
0.011146,-0.007017,0.033703
0.011978,-0.011255,0.033588
0.007885,-0.015472,0.029233
0.001884,-0.014355,0.022838
-0.006017,-0.011127,0.018611
-0.009032,0.009210,0.008162
-0.011896,0.030670,-0.008698
-0.005815,0.030744,-0.019349
-0.000654,0.021194,-0.027935
0.001484,0.005211,-0.032315
0.006466,-0.019334,-0.033567
0.006400,-0.039619,-0.032664
0.009143,-0.051413,-0.026341
0.008946,-0.053571,-0.021068
0.008744,-0.046147,-0.012520
0.009513,-0.028048,-0.001801
0.012368,0.004985,0.008014
0.010468,0.035838,0.021069
0.010639,0.055006,0.028654
0.008870,0.056033,0.033997
0.007092,0.046417,0.036038
0.005270,0.038909,0.039213
0.001424,0.018681,0.029508
-0.002464,-0.005829,0.021891
-0.010393,-0.015366,0.009086
-0.010502,-0.012068,-0.007872
-0.006652,-0.003449,-0.021608
-0.004654,0.015841,-0.033163
-0.000568,0.028696,-0.038414
0.005547,0.026571,-0.036366
0.007740,0.015878,-0.032214
0.011790,-0.005541,-0.019645
0.016656,-0.037637,-0.006104
0.016425,-0.056898,0.005377
0.017030,-0.064448,0.019118
0.015611,-0.051697,0.028781
0.009377,-0.028315,0.038637
0.003350,0.009005,0.041117
-0.006397,0.040988,0.042511
-0.006241,0.072026,0.028939
-0.003909,0.079592,0.016203
-0.007427,0.065819,0.002229
-0.002182,0.038215,-0.017196
-0.000023,0.009485,-0.029156
0.000044,-0.017132,-0.036861
0.003890,-0.037416,-0.037009
0.007672,-0.049186,-0.033889
0.011356,-0.064209,-0.024386
0.011071,-0.069649,-0.010560
0.010729,-0.070779,-0.002037
0.009389,-0.058115,0.015170
0.009041,-0.022970,0.025061
0.005936,0.013317,0.026398
0.005966,0.047453,0.028809
0.003282,0.063522,0.022508
0.003617,0.067821,0.019326
0.003913,0.051885,0.010641
-0.001698,0.024215,0.000799
-0.002561,0.005036,-0.002577
-0.001557,-0.002397,-0.009011
0.000354,-0.006603,-0.016530
0.001335,-0.016223,-0.016568
0.004217,-0.031204,-0.013448
0.005049,-0.048355,-0.006072
0.006777,-0.059029,-0.007198
0.005512,-0.055863,-0.000806
0.007145,-0.039840,-0.000712
0.007900,-0.018497,0.002605
0.011700,0.007069,0.009209
0.009804,0.026287,0.010390
0.009931,0.033757,0.011499
0.006203,0.036979,0.010428
0.003416,0.030569,0.010390
0.001572,0.020965,0.009265
-0.001307,0.010321,0.005967
-0.000306,0.004979,0.004893
-0.000305,-0.006774,0.003787
-0.001294,-0.016359,-0.000526
-0.000423,-0.023845,-0.000548
0.001456,-0.012130,0.000657
0.002365,0.000711,-0.004554
0.006302,0.019904,-0.001218
0.011279,0.031650,-0.000092
0.014351,0.034862,-0.000095
0.011561,0.031646,0.004100
0.009695,0.020928,0.011453
0.009728,0.002761,0.016599
0.008643,-0.015427,0.022843
0.005551,-0.033525,0.019439
0.003358,-0.043112,0.016176
-0.000814,-0.049525,0.015107
-0.002045,-0.038818,0.009873
-0.008091,-0.021727,0.003697
-0.005195,-0.014199,-0.006851
-0.001293,-0.010939,-0.014298
0.004619,0.002931,-0.016265
0.006593,-0.000240,-0.019510
0.009488,-0.006694,-0.013156
0.011365,-0.014184,-0.008981
0.011266,-0.014226,-0.002596
0.012090,-0.017484,0.007982
0.009996,-0.012179,0.014381
0.007968,-0.006846,0.017570
0.004936,-0.011096,0.016441
0.002935,-0.015375,0.018525
-0.002994,-0.007891,0.015413
-0.004994,-0.005683,0.004780
-0.005973,-0.004547,-0.004803
-0.004895,0.006150,-0.012101
-0.002809,0.020016,-0.014059
-0.001649,0.033938,-0.021390
0.004415,0.038186,-0.019211
0.012437,0.042402,-0.011718
0.019447,0.031684,-0.004364
0.020487,0.021997,0.006229
0.012696,0.009140,0.015667
0.011655,-0.001596,0.026206
0.008586,-0.010183,0.033585
0.006463,-0.025104,0.032365
0.003300,-0.041075,0.028998
-0.004754,-0.037847,0.022681
-0.007936,-0.031368,0.009988
-0.010982,-0.019516,-0.006942
-0.011987,-0.013037,-0.019636
-0.007050,-0.003393,-0.028028
-0.000117,-0.004437,-0.031233
0.003834,-0.007634,-0.032317
0.007754,-0.010851,-0.028121
0.012608,-0.014104,-0.018600
0.015447,-0.016308,-0.006933
0.017272,-0.016390,0.006874
0.017127,-0.008997,0.018642
0.012162,0.003756,0.027252
0.007246,0.011221,0.029420
0.000428,0.019777,0.027349
-0.001447,0.023025,0.020980
-0.001330,0.017774,0.010255
-0.002197,0.010394,-0.002591
-0.004063,-0.005530,-0.015490
-0.006013,-0.007692,-0.017526
-0.005082,-0.000237,-0.019516
-0.003045,0.013641,-0.022551
0.000966,0.022153,-0.021368
0.008955,0.024284,-0.019250
0.012071,0.016820,-0.017236
0.015113,-0.000284,-0.006844
0.014133,-0.018439,-0.001731
0.013017,-0.036593,0.004423
0.015727,-0.054757,0.010605
0.011470,-0.060147,0.019069
0.008181,-0.039913,0.023530
-0.001794,0.005916,0.026158
-0.005710,0.040090,0.020103
-0.002578,0.060403,0.011810
-0.001233,0.062652,-0.003114
-0.002803,0.055209,-0.009521
-0.001523,0.041387,-0.016044
-0.001312,0.023288,-0.021537
0.001733,0.008369,-0.023810
0.006662,-0.001229,-0.022861
0.010619,-0.013007,-0.016580
0.014455,-0.028019,-0.007104
0.013319,-0.041991,0.006635
0.012070,-0.049500,0.013995
0.008819,-0.053825,0.021425
0.004576,-0.043200,0.025819
-0.000576,-0.017624,0.027171
-0.002650,0.020790,0.026454
-0.002544,0.055012,0.017139
-0.001295,0.067921,0.003381
-0.000902,0.065836,-0.004088
0.002387,0.045635,-0.013863
0.003600,0.017910,-0.017286
0.005600,-0.011982,-0.016458
0.008449,-0.036552,-0.013461
0.011168,-0.046177,-0.009306
0.007994,-0.040848,-0.006105
0.005859,-0.016354,0.000506
0.003873,0.017780,0.005014
0.001121,0.046589,0.005264
0.000432,0.059394,0.007465
0.004669,0.051929,0.007389
0.007829,0.035892,0.009424
0.006019,0.018826,0.008214
0.006986,0.001783,0.002762
0.004038,-0.002487,0.000637
0.002055,-0.004583,-0.004710
0.003994,-0.003463,-0.011114
0.004046,-0.006613,-0.015457
0.006000,-0.012977,-0.018748
0.006982,-0.017212,-0.020963
0.005992,-0.008738,-0.013407
0.005010,0.001897,-0.007992
0.004060,0.014646,-0.001462
0.002203,0.019941,0.002871
0.006238,0.015609,0.009277
0.007254,0.005966,0.012432
0.006244,-0.004764,0.016678
0.001200,-0.007976,0.016681
0.000116,-0.012209,0.011322
0.002919,-0.013229,0.004918
0.004812,-0.012083,-0.002600
0.005767,-0.010936,-0.010120
0.003794,-0.006637,-0.011210
0.000906,0.012620,-0.015359
0.003010,0.029728,-0.016350
0.007150,0.039332,-0.016269
0.008410,0.035051,-0.014182
0.007693,0.025342,-0.002483
0.005867,0.011427,0.001693
0.005884,-0.002497,0.004848
0.009725,-0.014263,0.006913
0.007614,-0.022852,0.011160
0.002543,-0.019695,0.013395
0.000429,-0.016480,0.010248
-0.000703,-0.011102,0.004955
0.001176,-0.008910,-0.000408
0.003109,-0.003512,-0.005755
0.001153,0.000769,-0.006800
0.001215,0.005093,-0.012137
0.004212,0.007250,-0.014270
0.005296,0.011520,-0.012144
0.007372,0.014690,-0.007855
0.007487,0.013609,-0.005734
0.009503,0.001826,-0.000486
0.009474,-0.011024,0.004750
0.009397,-0.015354,0.011149
0.005357,0.003774,0.018842
-0.000538,0.021928,0.016868
-0.002425,0.031549,0.012722
0.001632,0.038071,0.000959
0.004789,0.028533,-0.006615
0.007910,0.011482,-0.007863
0.006000,-0.011948,-0.012365
0.005984,-0.023625,-0.017856
0.007818,-0.029004,-0.013604
0.009645,-0.028028,-0.003943
0.006599,-0.005746,0.007035
-0.000284,0.026237,0.008431
-0.002112,0.043328,0.005393
0.003970,0.047616,0.005379
0.006172,0.038041,0.003131
0.007331,0.023160,-0.000286
0.006399,0.003959,0.000579
0.005384,-0.006705,-0.000575
0.002404,-0.004573,-0.000550
0.001422,-0.002440,-0.001577
0.003401,-0.003491,-0.004765
0.002464,-0.013083,-0.005922
0.003440,-0.023715,-0.010297
0.006279,-0.029024,-0.013549
0.004215,-0.033290,-0.015683
0.003091,-0.026917,-0.013461
0.001073,0.000723,-0.004588
0.000079,0.026363,-0.006539
0.007094,0.040257,-0.006477
0.010241,0.040215,-0.000093
0.009488,0.027376,0.005115
0.005655,0.012397,0.011368
0.005667,-0.006811,0.012252
0.006496,-0.017529,0.016464
0.005366,-0.021805,0.016449
0.002255,-0.028200,0.014286
0.000133,-0.022839,0.010079
-0.003876,-0.019583,0.002643
-0.002949,-0.007745,-0.009022
0.001951,0.005130,-0.016414
0.002035,0.019068,-0.021695
0.002226,0.026540,-0.022689
0.008276,0.026535,-0.019537
0.011413,0.028608,-0.012039
0.014514,0.022133,-0.001446
0.015570,0.012463,0.007011
0.017516,0.010253,0.016604
0.014522,0.000566,0.027197
0.011484,-0.006958,0.033551
0.008383,-0.020830,0.032385
0.001310,-0.043243,0.031161
-0.006763,-0.070885,0.013928
-0.009088,-0.095263,-0.011812
-0.011485,-0.099397,-0.033112
-0.011828,-0.080092,-0.049937
-0.013012,-0.054378,-0.063587
-0.005269,-0.029805,-0.065549
0.002604,-0.007445,-0.057908
0.015475,0.006310,-0.041797
0.020472,0.011516,-0.022591
0.024440,0.024180,-0.001199
0.021635,0.036822,0.023389
0.015895,0.039895,0.045713
0.020813,0.039807,0.062672
0.015870,0.044040,0.068031
0.012048,0.041975,0.060512
-0.002519,0.027138,0.048613
-0.009310,0.033702,0.027330
-0.008190,0.038127,0.006042
-0.011871,0.030802,-0.015314
-0.013546,0.027748,-0.038733
-0.006449,0.017101,-0.047249
-0.002335,0.003183,-0.047248
-0.001216,-0.012870,-0.045170
0.005622,-0.025730,-0.037815
0.013335,-0.039686,-0.026210
0.017024,-0.051505,-0.015641
0.018672,-0.058019,0.001327
0.013426,-0.059225,0.019460
0.010113,-0.048619,0.029129
0.003003,-0.011344,0.038004
-0.003944,0.026043,0.037175
-0.003831,0.057071,0.028856
-0.004528,0.067841,0.017184
-0.003152,0.054054,0.007431
-0.000888,0.025371,-0.008835
0.000216,-0.009774,-0.018726
0.006019,-0.034255,-0.027463
0.008758,-0.042838,-0.022185
0.011438,-0.043992,-0.012554
0.011219,-0.034442,-0.006059
0.012965,-0.017468,0.006895
0.010893,0.000574,0.018810
0.005024,0.012315,0.019949
0.002135,0.013430,0.016696
0.002222,0.016671,0.013481
0.001300,0.010310,0.008088
0.002341,0.003954,0.000592
-0.000520,-0.008791,-0.008038
0.001440,-0.018375,-0.013402
0.001368,-0.025822,-0.017707
0.004193,-0.036507,-0.015668
0.008877,-0.039804,-0.004987
0.008677,-0.029153,-0.001708
0.010470,-0.004665,0.005963
0.011337,0.016671,0.009297
0.011390,0.042255,0.014812
0.007724,0.061478,0.014934
0.006023,0.062526,0.018130
0.002408,0.054018,0.015892
0.000713,0.035919,0.010399
0.000876,0.013577,0.002718
0.000931,-0.012005,-0.003848
-0.001090,-0.035499,-0.007139
-0.000299,-0.060085,-0.008280
0.001359,-0.076062,-0.014766
0.003937,-0.083541,-0.016898
0.006468,-0.080356,-0.015783
0.009982,-0.077179,-0.011510
0.012487,-0.069758,-0.001906
0.011074,-0.059104,0.003457
0.011726,-0.044176,0.009887
0.011425,-0.022879,0.019598
0.007349,-0.001494,0.018620
0.003375,0.019831,0.021983
0.000540,0.035858,0.022064
-0.003182,0.048698,0.015805
-0.005855,0.049816,0.009408
-0.005509,0.057380,-0.005415
-0.002239,0.046765,-0.014018
0.001029,0.030780,-0.019441
0.006140,0.006283,-0.027087
0.008174,-0.020411,-0.026225
0.009052,-0.048216,-0.021073
0.011718,-0.067522,-0.009474
0.013296,-0.068657,0.000104
0.012858,-0.054842,0.009785
0.011515,-0.021862,0.026013
0.006464,0.014394,0.028477
0.000648,0.048554,0.028734
0.000892,0.064636,0.021349
0.003189,0.063634,0.013851
0.002579,0.050931,0.000927
0.001850,0.026425,-0.004608
0.000001,0.004051,-0.010116
0.001968,-0.018350,-0.013466
0.003781,-0.038646,-0.012536
0.004532,-0.051502,-0.009375
0.004274,-0.046226,-0.006037
0.004041,-0.031307,-0.003766
0.004888,-0.004678,0.002861
0.002919,0.025220,0.003065
0.006023,0.041304,-0.003278
0.007270,0.045604,-0.003322
0.007504,0.031708,0.001851
0.007662,0.014631,0.003803
0.006705,-0.003516,0.004713
0.006693,-0.014229,0.008916
0.007565,-0.023816,0.005653
0.007405,-0.034527,0.007759
0.006207,-0.045211,0.007704
0.002080,-0.040949,0.004619
-0.003038,-0.027044,-0.001623
-0.003168,-0.001372,-0.008888
-0.000218,0.018963,-0.014102
0.002848,0.026481,-0.019394
0.006953,0.027558,-0.017321
0.009080,0.020027,-0.008858
0.010136,0.007199,-0.003677
0.010161,-0.006728,0.003670
0.009130,-0.019567,0.008878
0.009965,-0.029202,0.012016
0.007839,-0.033484,0.013061
0.004709,-0.039870,0.009826
0.001600,-0.041968,0.004484
-0.005395,-0.024902,0.001511
-0.010396,0.001838,-0.007838
-0.001518,0.022216,-0.019438
0.004504,0.033970,-0.022518
0.006709,0.031841,-0.021504
0.006898,0.014731,-0.017370
0.007907,-0.005585,-0.011159
0.009820,-0.021667,-0.000641
0.011608,-0.031337,0.007817
0.014293,-0.038858,0.016255
0.012091,-0.045259,0.018287
0.007926,-0.044197,0.019355
-0.001071,-0.021802,0.019580
-0.005106,0.001740,0.011239
-0.007034,0.018883,0.001794
-0.003973,0.031748,-0.006621
-0.002803,0.041403,-0.013993
0.001403,0.041450,-0.021437
0.002629,0.031813,-0.018294
0.003811,0.011544,-0.019529
0.010740,-0.005563,-0.014356
0.013613,-0.023777,-0.004905
0.014426,-0.037706,0.002447
0.015137,-0.049518,0.012999
0.007971,-0.056995,0.015045
0.007636,-0.060212,0.017149
0.005321,-0.050604,0.017219
-0.000836,-0.031406,0.016362
-0.004953,-0.014286,0.011156
-0.004034,0.007113,0.003868
-0.002021,0.027427,-0.000244
0.002072,0.037116,-0.009798
0.007179,0.031791,-0.009869
0.010306,0.019001,-0.011064
0.013347,-0.001286,-0.007021
0.013321,-0.017325,-0.002888
0.011249,-0.032316,0.003395
0.009094,-0.041919,0.003312
0.007888,-0.047239,0.001134
0.005678,-0.044107,0.007616
0.000559,-0.020678,0.010030
-0.002512,0.001697,0.013445
-0.003514,0.025225,0.004097
-0.000420,0.040239,-0.004337
0.002722,0.035982,-0.005448
0.003897,0.017864,-0.007753
