0.001217,0.000409,-0.002862
0.003208,-0.004858,-0.009361
0.006177,-0.010202,-0.007292
0.002248,-0.011313,-0.001957
0.001219,-0.006925,-0.000048
0.002155,-0.003758,0.002159
0.003147,0.001607,-0.003100
0.003178,0.009049,-0.001919
0.002248,0.006907,-0.002961
0.001353,0.003754,-0.007297
0.007283,-0.011194,-0.005310
0.004321,-0.019718,-0.004371
0.002281,-0.033588,-0.003447
0.005075,-0.034663,-0.001345
0.003959,-0.021829,-0.004447
0.000969,-0.008030,0.002136
-0.001053,0.011176,0.001255
-0.001401,0.019712,-0.000762
-0.001796,0.027221,-0.007073
0.000822,0.025017,0.002502
0.001635,0.018661,-0.003948
0.003468,0.007983,-0.001929
0.003463,0.002640,0.001182
0.004578,-0.001625,0.002182
0.003720,-0.006756,-0.039181
0.003771,-0.004477,-0.296456
-0.019259,0.011995,-0.379105
-0.053159,0.004051,-0.075002
-0.025105,-0.010275,0.020184
0.003919,0.001557,0.000168
-0.001195,0.005859,-0.003021
0.000688,0.006913,-0.002977
-0.000363,0.005854,-0.006145
-0.000513,0.004806,-0.007250
0.003287,-0.001579,-0.008396
0.010123,-0.009033,-0.008499
0.014157,-0.013317,-0.003265
0.011398,-0.013373,0.003157
0.007211,-0.006963,0.001099
0.009715,0.001511,0.008655
0.009547,0.011138,0.004495
0.006399,0.018622,0.001382
0.008099,0.021869,-0.004986
0.005936,0.020783,-0.001806
0.006682,0.012266,-0.002977
0.009445,0.002591,0.006540
0.008244,-0.002729,0.006453
0.010944,-0.011234,0.003163
0.010670,-0.015516,0.006298
0.007449,-0.013477,0.015978
0.000303,-0.001693,0.009683
0.002136,0.016511,0.000259
0.001152,0.032575,-0.008121
0.005149,0.032669,-0.018827
0.006291,0.026275,-0.018902
0.005292,0.008115,-0.014822
0.009143,-0.016455,-0.009731
0.010993,-0.037902,0.002910
0.009814,-0.047552,0.008179
0.008453,-0.044367,0.010341
0.004230,-0.029449,0.010523
0.003915,-0.004882,0.006483
0.001844,0.026117,-0.000712
0.001011,0.043248,-0.006993
0.002137,0.045442,-0.013404
0.005333,0.032728,-0.022117
0.007509,0.007088,-0.015982
0.008481,-0.017501,-0.009796
0.007383,-0.037783,-0.006810
0.009092,-0.045301,-0.000473
0.007840,-0.042136,0.002785
0.005576,-0.019767,0.004127
-0.002471,-0.002661,-0.002089
0.003383,0.006927,-0.003011
0.001434,0.011213,-0.006158
-0.000473,0.010128,-0.006121
0.001572,0.005886,-0.008319
0.001571,-0.002723,0.000165
0.004391,-0.013373,-0.001026
0.008219,-0.017671,0.003198
0.007149,-0.018753,0.006366
0.005992,-0.012362,0.008544
0.004947,-0.002728,0.005408
0.004963,0.000518,0.000089
0.001114,0.003791,-0.007391
0.006143,0.000605,-0.008503
0.004200,-0.004723,-0.009613
0.002228,-0.013252,-0.009706
0.005136,-0.013256,-0.010743
0.004040,-0.014392,-0.003253
0.004899,-0.012278,-0.001089
0.005772,-0.012313,0.001093
0.002718,-0.002716,0.002238
0.002581,0.002594,0.005486
0.004499,0.005801,0.005501
0.002550,0.010058,0.006612
0.001536,0.014330,0.005592
-0.000425,0.014376,-0.000803
0.001601,0.012308,-0.007265
0.003669,0.008057,-0.008393
0.004643,0.000564,-0.006306
0.003644,-0.011228,0.001057
0.006457,-0.020868,0.006298
0.007258,-0.009242,0.017149
0.001262,0.007830,0.016253
-0.000751,0.019601,0.011036
0.002256,0.031448,-0.001701
0.004332,0.026131,-0.002838
0.003467,0.012294,-0.006185
0.001547,-0.002639,-0.004235
0.002533,-0.012237,-0.005380
0.002492,-0.013286,-0.004392
0.004417,-0.013256,-0.006559
0.006303,-0.015456,-0.001178
0.003214,-0.020884,0.008429
0.003028,-0.026222,0.007346
0.004883,-0.022987,0.002058
0.004783,-0.007034,0.007561
-0.002114,0.010099,-0.000813
-0.002053,0.030402,-0.003853
0.001009,0.031548,-0.013463
0.005143,0.023021,-0.012515
0.006202,-0.000528,-0.004157
0.003210,-0.015524,0.004232
0.004119,-0.026179,0.002006
0.005944,-0.021929,0.005227
0.005801,-0.013448,0.011721
0.000764,0.002579,0.008666
0.003661,0.007955,0.003376
0.003649,0.015442,0.002347
-0.001188,0.017581,0.003401
-0.002095,0.018680,-0.000857
0.000951,0.011241,-0.005182
0.002928,0.008049,-0.005234
0.001011,0.002748,-0.009554
0.004005,-0.004745,-0.005373
0.003987,-0.014388,-0.004307
0.002914,-0.014423,-0.000032
0.002849,-0.009101,0.001094
0.002812,-0.008038,0.002161
0.003763,-0.002681,0.000057
0.004719,0.002616,0.005433
0.000817,0.006930,0.000121
-0.000129,0.012318,-0.005200
0.001909,0.016626,-0.009450
0.002074,0.020937,-0.013710
0.003171,0.006020,-0.014940
0.006173,-0.014320,-0.008667
0.004145,-0.026141,-0.000182
0.002998,-0.030414,-0.000206
0.003882,-0.022986,0.004148
0.005688,-0.016652,0.010656
0.001618,-0.010260,0.010738
0.003466,-0.000657,0.010821
-0.000482,0.011117,0.005597
-0.001416,0.012222,0.002372
0.001599,0.014375,-0.000798
-0.000255,0.017628,-0.006135
0.001811,0.014456,-0.007284
0.001889,0.002723,-0.006351
0.004855,-0.010101,-0.003271
0.005730,-0.022940,0.001937
0.005630,-0.030421,0.002947
0.003544,-0.023026,0.009481
0.000414,-0.009168,0.009635
0.000370,0.000455,0.006531
0.003339,0.013315,-0.000824
0.000469,0.021877,-0.003956
-0.001393,0.017603,-0.002931
0.000659,0.005910,-0.007332
0.004624,0.001665,-0.009522
0.003707,-0.004745,-0.006419
0.005659,-0.013273,-0.007559
0.005601,-0.015449,-0.002241
0.004501,-0.021907,0.004127
0.004354,-0.019825,0.008463
0.000343,-0.010236,0.009631
0.000272,-0.000606,0.004416
0.001241,0.012213,0.001351
0.001292,0.020766,-0.000711
0.001387,0.022950,-0.006053
0.001509,0.016566,-0.006157
0.004535,-0.001559,-0.006350
0.006492,-0.015488,0.002047
0.005378,-0.026208,0.010451
0.003255,-0.023053,0.013736
0.003049,-0.011344,0.017048
0.001961,0.001494,0.010798
-0.000000,0.016435,0.008826
-0.002916,0.025009,0.004617
-0.000890,0.021891,-0.005038
0.002171,0.018720,-0.007236
0.000315,0.009124,-0.007337
0.001366,0.004903,-0.011681
0.003397,-0.000461,-0.007468
0.003421,-0.004763,-0.004277
0.002368,-0.005878,0.000019
0.003311,-0.005934,0.004348
0.003278,-0.008085,0.006468
0.004150,-0.001681,0.006518
0.004101,0.003653,0.006568
0.001142,0.002610,0.004404
0.000144,0.006916,0.000160
0.003132,0.007992,0.001192
0.001210,0.004807,-0.000974
0.000237,-0.002619,-0.005333
0.002174,-0.004787,-0.002126
0.002167,-0.008035,0.002152
0.003091,-0.008048,0.003233
0.003019,-0.005941,0.005414
0.001975,0.004718,0.007627
0.003866,0.005765,0.009782
-0.000070,0.003627,0.010817
0.001864,0.009047,0.003323
0.000927,0.009057,0.003296
0.000018,0.011246,-0.004151
-0.000896,0.019825,-0.008370
0.003140,0.020942,-0.014765
0.004283,0.015586,-0.012668
0.003415,0.007024,-0.009537
0.005389,-0.010134,0.000999
0.003333,-0.020852,0.004168
0.004184,-0.018746,0.008441
0.002117,-0.015505,0.004182
0.003006,-0.010142,0.001019
0.000032,-0.005832,-0.004283
0.000046,-0.002607,-0.005363
0.001073,0.001687,-0.009578
0.001133,-0.000445,-0.008555
0.001154,-0.002604,-0.006416
0.002179,0.008042,-0.005217
0.002201,0.015439,0.002359
0.002226,0.014340,0.004524
0.003225,0.014317,0.005629
0.004194,0.008987,0.005572
0.005135,0.000391,0.014019
0.003085,-0.004947,0.015025
0.000052,-0.004901,0.010723
0.001914,-0.005930,0.007478
0.001838,-0.000594,0.009612
0.001830,0.002710,-0.002131
0.001881,0.003825,-0.007475
0.001907,-0.001564,-0.002152
0.001907,-0.001604,-0.001002
-0.000070,0.009035,0.003355
-0.000994,0.017585,-0.000791
0.002992,0.020761,0.001392
0.005946,0.014364,0.001325
0.004995,0.008996,0.006594
0.003015,-0.003771,0.004294
0.002956,-0.008038,0.004254
0.003906,-0.014393,-0.000107
0.002861,-0.014398,0.000952
-0.001156,-0.011220,0.003132
-0.001195,-0.005838,-0.003220
0.003697,0.004791,-0.000928
-0.000197,0.011219,-0.004077
0.000877,0.019751,-0.003993
0.000991,0.018696,-0.005079
0.003971,0.012255,0.000197
0.004932,0.004768,0.004360
0.003963,-0.004835,0.004277
0.004898,-0.010214,0.009575
0.003767,-0.016633,0.011653
0.002630,-0.013488,0.017057
0.001528,-0.001761,0.017184
0.000435,0.013221,0.010925
-0.001465,0.023932,0.005682
0.000591,0.031479,-0.001775
0.001692,0.026151,-0.002885
0.002777,0.016539,-0.001902
0.001833,0.002659,0.000092
0.005755,-0.012298,0.003151
0.004689,-0.026197,0.006241
0.004491,-0.029459,0.013694
0.004282,-0.026273,0.014806
0.003133,-0.014506,0.009600
0.001064,0.003622,0.011878
-0.001923,0.023919,0.007811
-0.002816,0.035722,0.000421
0.000279,0.035780,-0.006007
0.002418,0.026173,-0.006081
0.001515,0.015487,-0.004040
0.005502,-0.000500,-0.004227
0.006440,-0.012331,0.007420
0.002384,-0.010267,0.015986
0.003211,-0.004923,0.014965
0.003122,0.008967,0.012944
0.002132,0.022883,0.008765
-0.002681,0.032563,0.000281
0.000369,0.031556,-0.007206
0.001524,0.027311,-0.009395
0.002629,0.013428,-0.008440
0.002710,0.003778,-0.003171
0.004669,-0.010136,0.001004
0.002616,-0.011215,-0.000019
0.005511,-0.010191,0.003240
0.004470,-0.002737,0.005436
0.002408,0.004684,0.011903
0.003340,0.007923,0.006602
0.000384,0.011092,0.009851
0.001296,0.010010,0.011971
0.001340,0.014345,0.003467
0.001394,0.022910,0.000327
-0.000502,0.028247,0.000368
0.001560,0.030423,-0.004950
0.004654,0.030435,-0.004982
0.003778,0.026143,-0.001818
0.005769,0.013305,0.003386
0.008706,-0.001663,0.009610
0.005638,-0.011388,0.022393
0.002433,-0.015687,0.025575
0.003275,-0.002813,0.018184
-0.000676,0.011121,0.010819
0.001232,0.023963,0.007694
-0.000666,0.026174,-0.001899
-0.002476,0.019754,-0.001908
-0.000440,0.010128,-0.000887
-0.000441,0.002608,0.003366
0.000546,-0.001634,-0.000924
0.002506,0.006902,-0.000847
0.002528,0.008974,0.005609
0.003451,0.007907,0.006645
0.006359,0.006852,0.005559
0.004405,0.003690,0.003336
0.003442,-0.003753,0.002155
0.001434,-0.008019,0.003162
0.000397,-0.006943,0.002101
0.000361,-0.002683,0.002160
-0.000566,0.005931,-0.007383
-0.000502,0.011251,-0.006252
0.001530,0.008052,-0.006286
0.001583,0.003802,-0.008460
0.002629,-0.003686,-0.005339
0.005554,-0.013287,-0.004384
0.003568,-0.022942,0.001945
0.003444,-0.029339,0.002923
0.002327,-0.019761,0.005162
-0.001681,-0.012315,0.005288
-0.001766,-0.001644,0.003287
-0.001710,0.003766,-0.006275
0.001333,0.004887,-0.012680
0.000445,-0.000458,-0.011656
0.000466,-0.011155,-0.008542
0.001457,-0.021822,-0.007595
0.004332,-0.027173,-0.005508
0.003258,-0.032535,-0.001303
0.002133,-0.035767,0.001888
0.001981,-0.028288,-0.000163
0.000906,-0.024050,0.002043
-0.001105,-0.013337,-0.002159
0.000871,-0.000539,-0.002033
-0.000093,0.010150,-0.005126
-0.000967,0.016608,-0.010448
0.001130,0.011348,-0.016965
0.006182,0.000688,-0.017083
0.005263,-0.015356,-0.009799
0.005246,-0.033537,-0.005665
0.006101,-0.043184,-0.000404
0.006871,-0.042178,0.007085
0.002729,-0.028364,0.011538
-0.001357,-0.002767,0.009698
-0.003308,0.016518,-0.000798
-0.000211,0.024057,-0.009281
0.003880,0.017674,-0.011480
0.002980,-0.001552,-0.008459
0.001054,-0.020737,-0.009725
0.003011,-0.027105,-0.010915
0.004935,-0.031419,-0.005604
0.001873,-0.021874,-0.000141
0.000760,-0.006959,0.001097
0.002709,0.002683,-0.005196
0.003807,0.014425,-0.005107
-0.000016,0.014401,-0.002951
0.001028,0.006958,-0.005179
0.004999,-0.005824,-0.006392
0.002034,-0.017615,0.000968
0.000004,-0.022938,0.000891
0.000929,-0.020817,0.001987
0.001802,-0.020773,-0.005449
0.003750,-0.012221,-0.007506
0.001799,-0.002664,-0.003120
-0.001150,0.009044,0.000196
0.000814,0.011230,-0.005149
0.002853,0.007993,0.000144
-0.000064,0.004805,0.000083
-0.000080,0.000515,0.003242
-0.000070,-0.001567,-0.003187
0.000966,0.000605,-0.008500
0.003003,0.004898,-0.011664
0.003119,0.007076,-0.016990
0.005197,0.007083,-0.017009
0.003337,-0.003610,-0.012859
0.004328,-0.015385,-0.007634
0.004288,-0.022885,-0.002387
0.004183,-0.021848,0.000837
0.001162,-0.019705,-0.001258
0.000151,-0.012212,-0.003347
-0.000836,-0.004760,-0.004284
0.000138,-0.010044,-0.010737
0.002186,-0.011067,-0.018182
0.000298,-0.017486,-0.016103
0.002255,-0.022862,-0.009768
0.004164,-0.031452,-0.004472
0.002094,-0.026181,0.003064
0.002930,-0.019798,0.005260
0.003825,-0.013380,0.003183
0.001802,-0.001653,0.003310
-0.000166,0.003705,0.001206
0.001801,0.001600,-0.002026
0.000854,-0.000522,-0.003124
0.000884,-0.002643,-0.003176
0.000919,-0.005838,-0.004264
0.002859,-0.010085,-0.005402
0.002814,-0.010123,-0.001117
0.004760,-0.018673,0.000936
0.003673,-0.020850,0.006258
0.001580,-0.025121,0.005184
0.003442,-0.027277,0.006266
0.002364,-0.019773,0.002058
0.000354,-0.013343,-0.001096
-0.000667,-0.009005,-0.008562
0.000359,-0.010068,-0.009631
0.002322,-0.015373,-0.011846
0.003298,-0.019632,-0.011908
0.001321,-0.023966,-0.004451
0.003208,-0.021825,-0.005495
0.002166,-0.019705,-0.003351
0.005022,-0.015458,-0.001164
0.003983,-0.005920,0.004317
0.000034,0.003694,0.003326
-0.000928,0.004802,-0.002000
0.003062,0.006925,-0.000907
0.004019,0.009037,0.002307
-0.001786,0.010140,-0.001962
0.000231,0.006954,-0.003074
0.002225,0.004839,-0.004190
0.004213,-0.002616,-0.004293
0.006161,-0.011200,0.000989
0.003154,-0.014425,0.004162
0.003089,-0.018705,0.005200
0.003960,-0.014465,0.006356
0.000912,-0.005942,0.007513
-0.001101,0.006860,0.005538
-0.002027,0.020806,-0.003951
0.002030,0.027243,-0.007125
0.000215,0.021968,-0.011508
0.002269,0.005969,-0.010618
0.004302,-0.011127,-0.007568
0.006206,-0.026090,-0.004496
0.004167,-0.033638,0.004013
0.003003,-0.030455,0.005134
0.002855,-0.016625,0.008499
0.000811,-0.001678,0.006513
-0.000181,0.012197,0.004532
-0.000141,0.022901,0.001400
-0.000019,0.026177,-0.006088
0.002084,0.015518,-0.007257
0.004112,0.004820,-0.001001
0.000172,-0.005896,0.003210
0.001132,-0.012312,0.004234
0.004974,-0.009076,0.001034
0.004912,-0.005911,0.005339
0.003868,-0.004836,0.003237
0.001907,-0.001608,0.000056
0.003874,-0.002662,0.000012
0.000925,-0.001586,-0.000001
0.000980,0.000582,-0.003208
0.001918,0.001604,0.000055
-0.001042,0.008000,0.001173
0.001956,0.012309,-0.005171
0.004065,0.013413,-0.010488
0.001201,0.006952,-0.004114
0.003191,-0.004786,-0.004214
0.003223,-0.007981,-0.003211
0.005105,-0.011231,0.002117
0.004998,-0.006968,0.005304
0.001036,-0.002712,0.007465
-0.000976,0.000522,0.003224
0.000954,-0.001568,-0.001095
0.000037,0.001647,-0.004240
-0.000884,0.004888,-0.008499
-0.000816,0.010226,-0.009506
0.002243,0.005956,-0.011632
0.002303,0.003786,-0.007372
0.005243,-0.001598,-0.002061
0.005260,-0.002719,0.003299
0.003248,-0.004847,0.005357
0.006094,-0.006982,0.006385
0.005074,-0.001657,0.007504
-0.000846,0.002642,0.004325
0.001130,0.009145,-0.006340
0.001238,0.013435,-0.010547
0.000392,0.008112,-0.010625
0.002497,-0.000393,-0.014964
0.001605,-0.007907,-0.010729
0.003537,-0.012221,-0.005414
0.003468,-0.018682,0.000958
0.007283,-0.015520,0.005273
0.003245,-0.010269,0.012859
0.000190,-0.000659,0.011880
0.001116,0.002573,0.006597
0.001095,0.010055,0.003490
0.002127,0.014398,-0.002944
-0.000702,0.012348,-0.011549
0.001401,0.008092,-0.009526
0.004366,0.000602,-0.007443
0.003377,-0.003717,0.001019
0.002388,-0.005882,0.004218
0.001348,-0.001637,0.006407
0.003300,0.011182,0.003343
0.002349,0.022893,0.004557
-0.001484,0.034647,0.002526
-0.000343,0.041104,-0.003837
0.000848,0.039091,-0.014631
0.005026,0.028465,-0.017974
0.003224,0.007107,-0.012886
0.004262,-0.008851,-0.017331
0.005318,-0.024888,-0.012160
0.008157,-0.028179,-0.002539
0.003145,-0.021848,0.001888
0.000118,-0.003723,0.002082
0.001070,0.014369,0.003406
0.000156,0.020805,-0.002902
0.000268,0.020772,-0.000723
-0.000648,0.010112,-0.002934
0.001352,-0.000569,-0.000905
0.002337,-0.012335,0.003251
0.002235,-0.020837,0.000995
0.005117,-0.025107,0.000962
0.004001,-0.024051,0.004139
0.003849,-0.012320,0.006349
0.000853,0.002610,0.007544
0.002804,0.013300,0.004448
0.002790,0.018573,0.010930
-0.000091,0.017576,0.002372
0.003965,0.021915,-0.005096
0.001115,0.013333,0.001223
0.002116,-0.001563,-0.003201
0.003107,-0.012224,-0.004361
0.005044,-0.019703,-0.003353
0.003989,-0.014385,-0.002216
0.003954,-0.005848,-0.003190
0.002974,-0.002629,-0.005303
0.002012,0.005899,-0.004161
0.001061,0.002676,-0.002040
0.000060,-0.000582,0.004356
0.001989,-0.002694,0.001142
0.002011,-0.001566,-0.004235
0.003959,-0.003772,0.003257
0.002915,-0.002732,0.005426
0.003835,-0.003786,0.003290
0.004806,-0.002717,0.003294
0.001820,0.003647,0.008678
-0.001154,0.010086,0.005500
0.000820,0.010170,-0.003086
0.003807,0.002720,-0.004244
0.004817,-0.002667,0.002118
-0.002136,-0.003797,0.008546
-0.000214,0.003693,0.004374
-0.000211,0.015448,0.002340
0.002813,0.021887,-0.001885
0.002883,0.015460,0.000215
0.001954,0.004818,-0.002042
0.004900,-0.014385,-0.001169
0.004851,-0.034670,0.000775
0.004672,-0.035828,0.009371
-0.002395,-0.023016,0.007369
-0.002502,-0.004819,0.000056
0.001504,0.013406,-0.011514
0.001657,0.026273,-0.017843
0.003777,0.021987,-0.014697
0.003956,0.004918,-0.012759
0.002044,-0.011151,-0.003319
0.006903,-0.023976,-0.000240
0.005808,-0.027206,0.003992
0.006616,-0.029387,0.009323
0.005460,-0.026225,0.012590
0.004293,-0.019832,0.011625
0.000266,-0.012358,0.008540
-0.002735,-0.005936,0.006451
0.000187,0.007967,0.001260
-0.002683,0.014420,-0.005092
0.002258,0.018682,-0.005041
0.003323,0.014399,-0.002946
0.003403,0.008015,-0.003050
0.003441,-0.003755,0.002165
0.005324,-0.014436,0.004193
0.005176,-0.019852,0.015860
0.004010,-0.018781,0.013767
0.000911,-0.010257,0.013874
-0.000124,0.002583,0.007615
-0.001122,0.013289,0.003432
0.002874,0.015485,-0.004032
0.002968,0.011251,-0.006250
0.003045,0.005917,-0.004208
0.003090,-0.000476,-0.004288
0.003093,-0.002618,-0.002194
0.004062,-0.005812,-0.002240
0.004024,-0.000559,0.004295
0.000022,0.004727,0.009701
0.000986,0.009055,0.000170
0.004036,0.009074,-0.003020
0.003102,0.003706,0.001204
0.002118,-0.002657,-0.003135
-0.000768,-0.005833,-0.004274
0.004084,-0.011158,-0.003301
0.004022,-0.005842,-0.001113
0.003949,-0.008030,0.005283
0.001913,-0.003829,0.010724
-0.001128,0.002547,0.011895
0.001779,0.005777,0.007663
0.002779,0.014335,0.005589
0.001820,0.015418,0.004510
-0.000093,0.018646,0.002374
0.000953,0.013358,-0.001978
0.003943,0.008051,-0.002095
0.003971,-0.002637,-0.000049
0.001985,-0.007951,-0.002243
0.004911,-0.012228,-0.002258
0.004926,-0.006939,0.001045
-0.001027,-0.002716,0.006431
0.002831,0.000496,0.002246
0.002828,0.009014,0.004458
0.002813,0.010093,0.003390
0.003796,0.002638,0.003287
0.001834,-0.004810,0.001079
0.000811,-0.007999,0.001018
0.001736,-0.010094,-0.003287
0.001717,-0.010067,-0.006493
0.004636,-0.004740,-0.005380
0.002665,0.002679,0.001090
-0.000261,0.005874,-0.000955
0.000721,0.007949,0.005492
0.001724,0.012223,0.003421
0.004672,0.011113,0.007705
0.001747,0.007935,0.005526
0.002717,-0.000574,0.002245
0.003677,-0.003744,0.000043
0.004648,-0.012254,-0.001146
0.004560,-0.016583,0.006300
0.001473,-0.017673,0.009489
0.001365,-0.013391,0.007397
0.000346,-0.003771,0.005343
0.003246,0.002644,0.003274
0.003248,0.005881,-0.000976
0.000376,0.001617,-0.002070
0.001351,-0.001583,-0.001053
0.001305,-0.012271,-0.000055
0.002232,-0.028308,0.003027
0.003063,-0.028322,0.005155
0.003923,-0.030472,0.006225
0.001749,-0.028361,0.009441
0.000658,-0.017615,-0.000077
0.003523,-0.011231,0.002117
0.004406,-0.006986,0.004306
0.002406,0.004719,0.009721
-0.004466,0.012175,0.008774
-0.000559,0.016515,0.003393
0.004356,0.015411,0.008710
0.002428,0.013297,0.005500
0.003420,0.003687,0.005435
0.002449,-0.002716,0.005386
0.001393,-0.001666,0.007531
0.003319,0.004748,0.004413
0.002343,0.013267,0.006625
0.001366,0.021838,0.003471
0.002403,0.025028,0.004573
0.001494,0.018681,-0.000855
0.003561,0.008032,-0.003093
0.004578,-0.000546,0.001125
0.002577,-0.010148,0.002083
0.002505,-0.012298,0.003155
0.004394,-0.006975,0.003233
0.004313,-0.003746,0.000048
0.004288,-0.003805,0.006478
0.002286,-0.001695,0.009698
0.003144,-0.004899,0.010724
0.002098,-0.005967,0.011760
0.003017,0.000425,0.012887
-0.001020,0.008972,0.010846
-0.001978,0.017615,-0.002954
0.001083,0.020823,-0.003994
0.001180,0.020825,-0.005045
0.000297,0.014449,-0.007259
0.003344,0.005890,-0.004137
0.006289,0.000511,0.002206
0.006190,-0.003837,0.011792
0.005131,-0.009138,0.009566
0.005090,-0.010195,0.009530
0.004030,-0.005892,0.006339
0.002942,-0.002743,0.010684
-0.003027,0.004735,0.008634
-0.004935,0.014424,-0.003011
-0.000907,0.023009,-0.009340
0.002193,0.026259,-0.014668
0.004297,0.020880,-0.008325
0.002446,0.011224,-0.001996
0.006372,0.000555,0.000002
0.007353,-0.006966,0.006347
0.006243,-0.013440,0.014844
0.004104,-0.011317,0.015938
0.001020,-0.009207,0.017066
-0.002040,-0.002790,0.013945
-0.002081,0.011147,0.005524
-0.001072,0.020775,0.001360
-0.000025,0.022975,-0.006113
0.001096,0.019781,-0.007206
0.000239,0.012347,-0.008407
0.002256,0.001638,-0.004215
0.005208,-0.013302,-0.002249
0.007111,-0.016541,0.003052
0.003098,-0.016626,0.011639
0.000950,-0.012374,0.013810
0.002812,0.002550,0.011886
-0.001167,0.017466,0.014166
-0.000193,0.034636,0.001509
-0.000016,0.032559,-0.003888
0.001147,0.023002,-0.009321
0.005151,0.006975,-0.004173
0.004176,-0.011196,-0.000066
0.004143,-0.022967,0.005150
0.003974,-0.021943,0.009456
0.004766,-0.015584,0.013807
0.004613,-0.003886,0.016102
0.001607,0.011039,0.015221
-0.000381,0.026039,0.007866
0.000695,0.030362,0.001487
0.000806,0.030370,0.001466
0.003850,0.018678,-0.000844
0.001988,0.005922,-0.005264
0.002067,-0.005765,-0.008634
0.004962,-0.017534,-0.004472
0.005844,-0.024012,0.004037
0.002752,-0.021949,0.010518
0.001638,-0.010213,0.007484
-0.000355,0.008968,0.008760
-0.001338,0.018573,0.007793
-0.002244,0.035719,-0.000614
-0.002054,0.037915,-0.008078
0.001057,0.031609,-0.016754
0.003238,0.015646,-0.020138
0.003415,0.002844,-0.018162
0.004463,-0.016343,-0.017332
0.008398,-0.037707,-0.013273
0.008315,-0.045274,-0.002626
0.005160,-0.041074,0.004908
0.001049,-0.030464,0.008296
0.002904,-0.014427,0.003126
0.000907,0.003682,0.004407
-0.002978,0.017611,-0.003993
-0.000893,0.028301,-0.007089
-0.001690,0.024060,-0.009287
0.001368,0.014539,-0.016906
0.006423,-0.000409,-0.014919
0.003501,-0.015425,-0.005434
0.002443,-0.022877,-0.006589
0.005321,-0.026121,-0.002320
0.004234,-0.022956,0.001985
0.005104,-0.013424,0.009576
0.002057,-0.009183,0.012818
0.001974,-0.007020,0.008578
0.000934,-0.002789,0.013943
-0.001093,0.000459,0.007574
-0.002057,0.004798,0.000104
0.000959,0.004892,-0.010602
0.002036,0.000668,-0.013888
0.002094,-0.008930,-0.015031
0.002118,-0.017464,-0.015113
0.003123,-0.027123,-0.008775
0.004053,-0.030353,-0.006635
0.005899,-0.028317,0.004096
0.005730,-0.020890,0.008458
0.002675,-0.013418,0.006423
-0.000298,0.001554,0.002282
0.000724,0.010173,-0.006229
0.001805,0.010252,-0.013757
0.000007,0.007097,-0.017042
0.000124,0.003936,-0.020309
0.003191,-0.007743,-0.024747
0.007162,-0.021706,-0.014170
0.006122,-0.029292,-0.002426
0.003040,-0.030431,0.002980
0.001983,-0.026189,0.003086
0.003847,-0.010196,0.004303
0.001811,0.004690,0.009798
-0.000184,0.011094,0.008801
0.000840,0.017595,-0.000813
0.002892,0.011250,-0.005201
0.002976,0.007001,-0.005288
0.001060,-0.008970,-0.008653
0.003052,-0.018547,-0.011942
0.002070,-0.024936,-0.012032
0.003992,-0.028184,-0.007754
0.003909,-0.026107,-0.003402
0.003804,-0.019746,-0.000101
0.003761,-0.012322,0.004262
0.003673,-0.005959,0.006513
0.000705,0.004714,0.006597
0.000737,0.003712,-0.000901
-0.000190,0.005892,-0.005187
0.001803,-0.001524,-0.009574
0.002851,-0.005736,-0.013941
0.000962,-0.012123,-0.014035
0.004894,-0.015374,-0.008704
0.002915,-0.014317,-0.008669
0.002927,-0.009024,-0.003282
0.002927,-0.000516,-0.001042
0.002925,0.002670,-0.000977
0.006838,0.000530,0.000066
0.005835,-0.006995,0.006422
0.001850,-0.010231,0.009622
-0.002140,-0.006985,0.005351
0.000721,-0.001607,0.000058
0.001768,0.005920,-0.007352
0.001881,0.009196,-0.015886
0.002002,0.001723,-0.012803
0.002077,-0.004688,-0.012835
0.005021,-0.015389,-0.008664
0.005991,-0.022877,-0.007635
0.006873,-0.029353,0.002962
0.005760,-0.027266,0.008331
0.004576,-0.023026,0.010535
-0.000441,-0.014492,0.009569
-0.000538,-0.008086,0.007523
-0.001543,0.006895,0.002313
-0.005426,0.013332,-0.002956
-0.002335,0.019863,-0.017878
0.001776,0.010306,-0.022264
0.002965,0.002855,-0.022376
0.005034,-0.008878,-0.020398
0.006042,-0.021722,-0.014130
0.006037,-0.022800,-0.010972
0.009864,-0.028192,-0.003550
0.005830,-0.031461,0.003921
0.002749,-0.027240,0.008265
0.000667,-0.020852,0.008358
0.001539,-0.012274,0.002048
-0.000447,-0.009066,-0.001082
-0.001396,-0.003664,-0.010623
-0.001291,-0.002553,-0.015955
0.000759,-0.004658,-0.019187
0.002764,-0.012165,-0.013925
0.005754,-0.018552,-0.014020
0.004721,-0.020762,-0.004428
0.003618,-0.021894,0.005146
0.004486,-0.025064,0.000853
0.007291,-0.023027,0.011584
0.001203,-0.022022,0.016983
-0.001900,-0.025154,0.008408
0.001958,-0.013373,0.002120
-0.000999,-0.005872,-0.001037
0.000920,0.000587,-0.006356
0.001978,-0.004724,-0.009604
0.000082,-0.007936,-0.008556
0.003009,-0.014355,-0.004385
0.006851,-0.026122,0.000821
0.003778,-0.035748,0.003935
0.003546,-0.074206,0.011039
0.008141,-0.065588,0.001486
0.002145,-0.061379,0.007955
0.002665,-0.047571,0.011378
-0.002463,-0.026175,0.004097
0.000547,-0.002596,-0.011661
0.000642,0.013384,-0.008320
0.002712,0.012387,-0.016878
-0.000060,-0.002542,-0.017031
0.001951,-0.018592,-0.010779
0.005810,-0.033586,-0.003441
0.002716,-0.038969,0.002912
0.004523,-0.032583,0.004056
0.002374,-0.020878,0.007380
0.003289,-0.005923,0.002236
0.002335,0.011157,0.001317
-0.000556,0.025069,-0.002852
-0.000442,0.029379,-0.003969
0.001658,0.030422,-0.001808
0.004720,0.022983,-0.002998
0.005794,0.007011,-0.005313
0.008783,-0.009005,-0.004377
0.006752,-0.020817,0.004082
0.001743,-0.027226,0.003000
0.001616,-0.017642,0.003132
0.000597,-0.004840,0.003249
0.000589,0.014412,-0.002978
-0.000333,0.023988,0.000312
0.002724,0.027257,-0.007157
0.001900,0.026195,-0.006133
0.002050,0.017677,-0.007300
0.004071,0.009125,-0.004196
0.003161,-0.002577,-0.006481
0.005110,-0.017526,-0.005537
0.005028,-0.026100,-0.001328
0.005872,-0.030454,0.007225
0.003808,-0.025099,0.004082
0.000787,-0.011216,0.002079
0.002694,0.009072,0.001172
0.000750,0.019734,0.000240
-0.001058,0.028347,-0.009301
0.002051,0.029401,-0.007164
0.003197,0.016613,-0.008362
0.002324,0.001697,-0.010642
0.005322,-0.015456,-0.002214
0.002271,-0.017619,-0.000066
0.003182,-0.013350,-0.000030
0.007015,-0.009127,0.006397
0.003985,0.000429,0.010789
0.000993,0.014298,0.013007
0.000052,0.023975,0.005575
-0.001810,0.028331,-0.004029
0.002282,0.019863,-0.012646
0.002430,0.014541,-0.013774
0.002554,0.007083,-0.014912
0.003644,0.003856,-0.012781
0.004667,-0.001530,-0.007465
0.007602,-0.002659,0.000007
0.003656,0.001511,0.009711
0.003522,0.007905,0.009788
0.003561,0.015442,0.002356
0.001729,0.021894,-0.002947
0.000836,0.022996,-0.005122
0.000947,0.014508,-0.010550
0.003031,0.004935,-0.013848
0.002134,-0.006835,-0.009682
0.002201,-0.014260,-0.014044
0.005117,-0.019669,-0.006577
0.005071,-0.014355,-0.005430
0.002075,-0.003788,0.004343
0.001995,0.007914,0.005584
0.003023,0.022889,0.001434
0.005073,0.023976,-0.001746
0.004197,0.019692,0.002441
0.002282,0.011140,0.005546
0.000343,-0.003736,0.000023
0.004257,-0.011192,0.000970
0.003204,-0.013332,0.002014
0.001115,-0.009103,0.005291
0.002042,-0.010148,0.002085
0.003062,-0.002650,-0.003151
0.003069,0.007971,0.003344
0.000123,0.013293,0.003423
0.000185,0.019715,0.001335
0.004195,0.019777,-0.005102
0.004288,0.015514,-0.005153
0.004360,0.004836,-0.002086
0.004355,-0.005840,-0.001118
0.003396,-0.019661,-0.006597
0.008256,-0.027149,-0.003476
0.005210,-0.027244,0.006183
0.000107,-0.019780,0.003125
0.000048,-0.004817,0.000051
0.003017,0.010174,-0.007278
0.004111,0.021917,-0.006145
0.002276,0.018727,-0.007248
0.000415,0.011234,-0.004111
0.004375,0.009129,-0.005251
0.002516,0.004876,-0.006375
0.005477,0.008050,-0.002094
0.004488,0.006972,-0.001027
0.003554,0.000613,-0.005378
0.006553,-0.004771,-0.000068
0.005509,-0.005894,0.006345
0.001476,-0.008049,0.007426
0.002452,-0.009080,0.002092
0.001466,-0.000581,0.005401
0.001411,0.009038,0.002306
0.000464,0.020818,-0.001888
0.002574,0.021940,-0.009343
0.001744,0.013427,-0.010522
0.004806,0.000588,-0.007406
0.002793,-0.010138,-0.001077
0.003732,-0.012247,-0.004299
0.002777,-0.008014,0.000015
0.001689,0.000504,0.002227
0.002623,0.005867,-0.000938
0.003688,0.006940,-0.001989
0.001784,0.010178,-0.003104
0.005717,0.005910,-0.002096
0.004772,0.000534,0.002148
0.001781,-0.009043,0.000950
0.003683,-0.011237,0.006318
-0.001321,-0.007029,0.011740
-0.001408,0.000500,0.003282
0.003543,0.007993,-0.000899
0.003606,0.012286,-0.003017
0.002691,0.012307,-0.005163
0.002757,0.006991,-0.006306
0.005746,0.002714,-0.004229
0.003824,0.003757,-0.001018
0.002831,0.006924,0.003282
0.002816,0.008064,-0.004221
0.004896,0.007022,-0.008477
0.003977,0.000585,-0.005306
0.002983,-0.004796,-0.000003
0.002000,-0.011180,-0.003243
0.002982,-0.011164,-0.004330
0.004925,-0.005851,-0.001088
0.005842,-0.004791,-0.001062
0.002871,-0.001570,-0.003177
0.000945,-0.000524,-0.001022
0.003869,0.003721,0.002215
0.002858,0.002613,0.005449
-0.000114,0.002638,0.001200
0.004826,0.003720,-0.000920
0.002886,0.003701,0.000172
0.002849,0.003677,0.004420
0.000918,0.010135,-0.001946
0.000952,0.016517,0.001300
0.004896,0.016548,-0.001920
0.002063,0.012269,0.001208
0.001115,0.003752,0.000038
0.004055,0.001584,0.003246
0.005022,-0.002692,0.003230
0.002989,-0.003758,0.004263
0.001972,-0.001643,0.004334
0.003892,-0.003752,0.003203
0.003849,-0.007018,0.007528
0.003785,-0.005921,0.004321
-0.000147,0.001581,0.002209
0.000840,0.005860,0.001173
0.002815,0.009097,-0.004124
0.003871,0.007006,-0.007392
0.002993,0.009187,-0.011679
0.004045,-0.001494,-0.009651
0.004076,-0.011123,-0.006530
0.002060,-0.016565,0.004161
0.001936,-0.017649,0.004198
0.003845,-0.008032,0.002153
0.004783,0.002601,0.005480
0.004716,0.007929,0.006590
0.003725,0.005800,0.005512
0.002770,0.011089,0.012998
-0.001197,0.007914,0.010811
0.003632,0.002630,0.006449
0.005631,-0.001574,-0.000031
0.003666,0.000521,0.003228
-0.003231,0.004771,0.005405
0.001671,0.005891,-0.003092
0.004678,0.012328,-0.006265
0.005765,0.011273,-0.007351
0.003893,0.003760,-0.003121
0.002910,-0.002690,0.001132
0.003879,-0.012250,-0.003243
0.007702,-0.019772,0.005195
0.004622,-0.019825,0.010561
0.002455,-0.023027,0.010536
0.003336,-0.019796,0.007351
0.001304,-0.009124,0.006392
-0.001717,0.007948,0.005495
-0.002631,0.021912,-0.005085
0.000467,0.034787,-0.013524
0.001660,0.036935,-0.013543
0.003796,0.021945,-0.007263
0.004884,0.001620,0.000016
0.006760,-0.018715,0.007323
0.007578,-0.028381,0.013679
0.007377,-0.025289,0.024450
-0.000736,-0.013530,0.020311
0.003056,0.001507,0.007633
0.003124,0.014400,-0.000854
0.003176,0.016567,-0.004060
-0.000606,0.010204,-0.006310
0.001419,0.002764,-0.007498
0.002408,-0.008928,-0.009807
0.009280,-0.022824,-0.005680
0.008178,-0.023027,0.013675
-0.000905,-0.012399,0.014925
-0.000951,-0.001651,0.002264
0.004060,0.017586,-0.002879
0.005116,0.027165,-0.000640
0.001237,0.022884,0.001448
0.002341,0.010157,-0.006186
0.005352,-0.006915,-0.002151
0.007216,-0.018688,0.004116
0.003126,-0.022968,0.006199
0.003001,-0.016563,0.004156
0.002960,-0.001603,0.000047
0.003954,0.008003,0.000121
0.003985,0.014381,0.002331
0.003046,0.013310,0.002331
0.002126,0.013303,0.003397
0.003132,0.014370,0.005497
0.003151,0.015451,0.005470
0.003150,0.008046,-0.001036
0.004137,-0.007983,0.002025
0.007027,-0.016610,0.010554
0.000974,-0.012371,0.012758
-0.001087,0.006850,0.006612
0.000902,0.025032,0.000382
0.002965,0.030427,-0.007049
0.003194,0.035796,-0.011274
0.004363,0.027211,-0.002854
0.005379,0.012274,0.001199
0.007338,-0.010159,0.007347
0.007156,-0.015654,0.025494
-0.001962,-0.015668,0.027623
0.000796,-0.014537,0.019099
0.004690,-0.001636,0.004318
0.002697,0.006895,0.003359
-0.001206,0.017592,-0.001848
-0.000107,0.019795,-0.009330
0.001027,0.017693,-0.010478
0.002132,0.013449,-0.011626
0.005115,0.010194,-0.003146
0.003177,-0.001539,-0.002212
0.005118,-0.010136,0.003102
0.004095,-0.010132,0.002045
0.004049,-0.003722,0.001035
0.005041,-0.000503,-0.003169
0.003127,0.003777,-0.003163
0.001189,0.003744,-0.000986
0.002172,0.005841,0.003314
0.000237,0.006935,-0.000929
0.002240,0.012281,-0.001957
0.001369,0.018713,-0.006167
0.004354,0.017614,-0.001909
0.002467,0.011224,-0.004084
0.002544,0.010125,0.000173
0.004481,0.004782,0.002239
0.005396,-0.002757,0.010722
0.006286,-0.007044,0.012827
0.004195,-0.008147,0.017094
0.004063,-0.009214,0.017086
0.002006,-0.012384,0.012795
0.001932,-0.008064,0.007465
0.000868,-0.000607,0.008610
0.000823,0.004755,0.004400
0.001840,0.013355,-0.003015
0.002880,0.016532,-0.000833
0.002965,0.020804,-0.001850
0.003034,0.017594,0.000237
0.006026,0.011212,-0.003010
0.008012,0.004793,0.000117
0.006024,-0.003766,0.003239
0.004993,-0.013365,0.002099
0.002983,-0.016522,-0.000136
0.002923,-0.015434,-0.000180
0.003835,-0.014345,-0.002318
0.005728,-0.011168,0.000911
0.002760,-0.010116,-0.000086
0.002713,-0.000543,0.002165
-0.000225,0.008009,-0.000939
0.000831,0.013386,-0.006232
0.003874,0.015519,-0.007257
0.002989,0.016576,-0.006175
0.001136,0.012301,-0.005148
0.006045,-0.001593,0.000020
0.005039,-0.014391,-0.000106
0.004964,-0.018690,0.004120
0.005800,-0.025142,0.009423
0.003690,-0.024066,0.008365
0.003612,-0.014442,0.004210
0.003532,0.000470,0.005456
0.002548,0.017566,0.003450
0.000686,0.026139,-0.001803
0.003731,0.030466,-0.007150
0.003910,0.021920,-0.005104
0.003980,0.004800,0.001149
0.003918,-0.004844,0.005352
0.003893,-0.016551,0.003078
0.007726,-0.020849,0.006258
0.003665,-0.017656,0.007352
0.003527,-0.013412,0.009545
0.000505,-0.010236,0.010684
-0.001570,-0.000590,0.005426
0.001384,0.005876,-0.002006
0.001459,0.015522,-0.005172
0.000619,0.013457,-0.013738
0.001701,0.003873,-0.014917
0.004717,-0.007923,-0.009637
0.002780,-0.013283,-0.007526
0.004708,-0.014380,-0.004319
0.003667,-0.014406,-0.002158
0.005581,-0.013363,0.002098
0.002614,-0.003744,0.000047
0.003568,0.000548,-0.001025
0.004509,-0.000519,0.000010
0.002541,-0.009067,0.001013
0.004446,-0.018698,0.003095
0.003364,-0.022950,0.000925
0.001364,-0.018697,0.001002
0.003289,-0.009059,-0.003190
0.002279,-0.001632,0.001169
0.004256,0.006963,-0.005186
0.003328,0.015458,0.001270
0.004357,0.017595,0.002328
0.003419,0.010119,0.003324
0.003462,0.003734,0.002179
0.005413,-0.006941,0.002098
0.002391,-0.015487,0.002050
0.002331,-0.025029,-0.004465
0.004283,-0.026088,-0.007634
0.001294,-0.021817,-0.007604
0.003177,-0.016460,-0.010751
0.005166,-0.013277,-0.008586
0.005148,-0.003727,-0.002090
0.002207,0.002702,-0.004196
0.003191,0.005890,-0.002043
0.003227,0.001607,0.000051
0.003212,-0.004832,0.004276
0.001252,-0.013315,-0.002212
0.003198,-0.018647,-0.003313
0.004164,-0.015450,-0.004319
0.002157,-0.005808,-0.008520
0.002200,0.003807,-0.009515
0.003275,0.009202,-0.014853
0.005335,0.011315,-0.010597
0.004463,0.003862,-0.009658
0.007478,-0.007900,-0.006559
0.006472,-0.022879,-0.000307
0.005408,-0.023929,-0.001405
0.003383,-0.013316,0.001974
-0.001568,0.002688,-0.001021
0.000432,0.015543,-0.009408
0.003545,0.025179,-0.014640
0.002764,0.021961,-0.013578
-0.000020,0.004865,-0.009480
0.002982,-0.007958,-0.007451
0.002969,-0.017541,-0.007587
0.007801,-0.026084,-0.005552
0.005756,-0.023983,-0.002310
0.004657,-0.018660,-0.000140
0.006496,-0.014438,0.004201
0.003463,-0.009159,0.009622
0.003392,0.000425,0.009751
0.001438,0.011170,0.001284
0.001511,0.014418,-0.004040
0.000652,0.011245,-0.005188
-0.000208,0.005975,-0.010631
0.001816,0.002785,-0.011733
0.003819,-0.002540,-0.010759
0.004837,-0.006813,-0.010783
0.005825,-0.010039,-0.007610
0.004841,-0.009005,-0.004377
0.004843,-0.007963,-0.002212
0.006771,-0.012253,-0.002190
0.003783,-0.011256,0.004275
0.003760,-0.009070,-0.003162
0.004724,-0.007992,-0.004226
0.004727,-0.010155,0.000014
0.001711,-0.008009,-0.001045
0.003689,-0.009022,-0.006424
0.003728,-0.012184,-0.009688
0.002755,-0.011117,-0.007587
0.004644,-0.004704,-0.007562
0.004676,-0.002631,-0.002157
0.002688,-0.006919,-0.001095
0.003654,-0.006947,0.001070
0.002662,0.001527,0.006535
0.000662,0.010107,0.001267
0.005563,0.012238,0.002336
0.002726,0.006933,0.000121
-0.000191,0.010119,0.002280
0.000763,0.006938,0.002201
0.004665,-0.006868,-0.003320
0.007592,-0.018673,0.003029
0.002570,-0.030476,0.009375
0.003351,-0.027268,0.006248
0.004279,-0.021864,-0.002251
0.004228,-0.003696,-0.005308
0.002298,-0.001513,-0.011691
0.004322,-0.002595,-0.009571
-0.001469,0.003804,-0.008459
0.001474,0.008084,-0.008453
0.004513,0.011287,-0.008432
0.004593,0.012359,-0.007391
0.001781,0.009241,-0.014955
0.008751,-0.009976,-0.013002
0.006782,-0.034585,-0.006762
0.005627,-0.048528,0.001671
0.006389,-0.040110,0.013557
0.000282,-0.024115,0.012676
0.001142,0.005836,0.001235
0.000249,0.030406,-0.003855
0.001411,0.042208,-0.010197
0.002660,0.027330,-0.015711
0.005793,0.002738,-0.009519
0.003873,-0.018637,-0.004386
0.005683,-0.029342,-0.000204
0.005546,-0.027245,0.004096
0.004419,-0.007020,0.008580
0.003391,0.014339,0.004534
0.003441,0.020786,-0.001802
0.002622,0.021913,-0.008224
0.003747,0.012318,-0.007282
0.004793,-0.001521,-0.006438
0.003816,-0.022856,-0.005594
0.003732,-0.033570,0.001750
0.004505,-0.035751,0.006037
0.003305,-0.027279,0.010459
0.002229,-0.005927,0.007477
0.002254,0.013330,-0.001903
0.001422,0.027214,-0.004952
-0.000386,0.033629,-0.007021
0.002727,0.029388,-0.009222
0.006812,0.024083,-0.011437
0.006942,0.010236,-0.010574
0.006006,-0.006846,-0.006512
0.007003,-0.014306,-0.005559
0.007934,-0.020736,-0.002402
0.002937,-0.018637,0.000846
0.002866,-0.007986,0.002033
0.001867,0.002688,-0.001021
0.000927,0.014445,-0.004109
0.002033,0.013396,-0.008347
0.005081,0.004853,-0.008404
0.005130,-0.007994,-0.003176
0.002168,-0.018655,-0.004336
0.005054,-0.021859,-0.002266
0.005001,-0.019707,-0.004387
0.004933,-0.016547,0.000980
0.003849,-0.001618,0.001131
0.002832,0.010101,0.004418
0.002871,0.011200,0.000161
0.003892,0.015440,0.003409
0.004858,0.011172,0.004417
0.002966,0.002624,0.004376
0.001978,-0.000536,0.000058
0.002015,-0.001537,-0.008492
0.004991,-0.004778,-0.004233
0.003981,-0.006936,-0.001052
0.004923,-0.011211,-0.000025
0.005861,-0.016573,0.003136
0.004797,-0.014447,0.004222
0.002776,-0.009138,0.006428
0.001702,-0.004880,0.007539
0.002631,0.015422,0.004500
0.001729,0.018693,-0.002974
0.002831,0.020888,-0.009390
0.003929,0.009169,-0.010586
0.002988,-0.004738,-0.004337
0.006877,-0.021849,-0.001244
0.003839,-0.024016,0.003005
0.005691,-0.020784,-0.000186
0.005659,-0.014373,-0.001199
0.007572,-0.002651,-0.000012
0.003621,0.014386,0.003366
-0.000231,0.025081,-0.000790
0.000898,0.025151,-0.008292
0.003021,0.027324,-0.010467
0.005161,0.025228,-0.012677
0.003384,0.024129,-0.008419
0.002524,0.007091,-0.011795
0.006548,-0.000303,-0.018328
0.010568,-0.005776,-0.002328
0.007470,-0.014489,0.015837
0.001391,-0.021914,0.008336
0.003360,-0.020807,0.001968
0.005263,-0.006935,-0.000007
-0.000724,0.002602,0.006524
0.000232,0.004749,0.001280
-0.001650,0.013314,-0.001860
-0.001567,0.018727,-0.010384
0.005438,0.017706,-0.014695
0.005608,0.003856,-0.013824
0.006618,-0.007961,-0.004305
0.005567,-0.019780,0.003124
0.007393,-0.025194,0.013743
0.005251,-0.016644,0.013780
0.005154,-0.003831,0.011778
0.003135,0.006899,0.005441
0.002155,0.009057,0.002260
0.004155,0.006947,-0.000961
0.002241,0.003757,-0.002064
0.002270,0.001706,-0.010665
0.005323,-0.005746,-0.011819
0.006312,-0.005795,-0.006464
0.004337,-0.005809,-0.004336
0.004303,-0.004825,0.005304
0.004235,-0.000573,0.007474
0.003256,0.005846,0.005396
0.003212,0.006901,0.006482
0.002236,0.001547,0.007529
-0.001741,0.001509,0.009721
0.000175,-0.000521,-0.003119
0.004202,0.002758,-0.013754
0.003358,0.004890,-0.012681
0.003431,0.000632,-0.013792
0.005481,0.002763,-0.012721
0.007509,0.000602,-0.007439
0.007469,0.001589,0.005328
0.005500,0.005775,0.013947
0.000522,0.004737,0.010724
0.004405,0.005908,-0.001042
0.007460,0.001671,-0.006389
0.004542,0.000531,0.001111
-0.001336,-0.002676,0.001102
-0.001321,0.001662,-0.008457
0.001699,0.014474,-0.009413
0.006697,0.021959,-0.009392
0.004884,0.017691,-0.008381
0.005947,0.011259,-0.004174
0.004977,-0.009037,-0.001155
0.008801,-0.027271,0.009392
0.008604,-0.027380,0.020135
-0.001463,-0.008219,0.022512
-0.002528,0.007933,0.004488
0.006407,0.020807,-0.004995
0.004606,0.030426,-0.004953
-0.000183,0.019785,-0.006168
0.003830,-0.000453,-0.007479
0.004865,-0.012182,-0.004464
0.008673,-0.021870,0.005081
0.003574,-0.021922,0.009402
0.005377,-0.020820,0.006185
0.007306,-0.014417,0.003100
0.002346,-0.005960,0.009655
0.001263,0.007918,0.006619
-0.000654,0.016492,0.001366
0.002435,0.029387,-0.008171
0.002602,0.029426,-0.011411
0.004703,0.023046,-0.011524
0.005827,0.005973,-0.008532
0.005859,-0.011141,-0.002297
0.005776,-0.031438,0.000726
0.010498,-0.036869,0.009298
0.001439,-0.025264,0.022294
-0.000749,0.005724,0.013033
0.002202,0.028203,0.003627
0.001410,0.044251,0.000517
0.003557,0.037922,-0.007051
0.001782,0.024091,-0.007276
0.004807,-0.004701,-0.006524
0.005739,-0.029279,-0.000365
0.008487,-0.031548,0.013562
0.002424,-0.018804,0.016967
0.001301,0.008964,0.010867
0.003306,0.032466,0.005769
0.003476,0.049564,0.001668
0.002690,0.044295,-0.003780
0.004812,0.026148,-0.001826
0.003943,0.003778,-0.002117
0.004864,-0.017594,0.003009
0.007647,-0.029388,0.011422
0.003547,-0.020849,0.008352
0.001444,-0.000563,0.005357
0.003427,0.008018,-0.000961
0.004492,0.008029,-0.005173
0.002629,0.013343,-0.002978
0.002623,0.012212,0.005545
0.002653,0.006901,0.003342
0.007538,0.005818,0.004421
0.005539,0.005792,0.009717
0.001589,0.015368,0.011965
0.000612,0.031454,0.003527
0.001676,0.037851,0.003594
0.003824,0.034711,-0.003915
0.004977,0.016593,-0.006220
0.004062,-0.001587,-0.002086
0.005941,-0.019759,0.003072
0.005774,-0.028361,0.011537
0.007565,-0.017684,0.011610
0.001582,-0.001723,0.017093
-0.003416,0.024998,0.010933
-0.002400,0.047452,0.005775
0.003676,0.046476,-0.004929
0.005884,0.027304,-0.009368
0.005089,0.007015,-0.008457
0.003128,-0.009051,-0.001119
0.004061,-0.021842,-0.001264
0.007888,-0.020794,0.001932
0.007768,-0.013338,0.003076
0.004746,0.004735,0.009682
0.002762,0.016524,0.002328
0.004775,0.021893,-0.000853
0.002963,0.015499,-0.000929
0.002092,0.011282,-0.007373
0.005080,0.004893,-0.008510
0.005106,-0.011134,-0.006499
0.005091,-0.015448,-0.001188
0.003077,-0.014374,-0.002241
0.003998,0.000531,0.000067
0.003996,0.013309,0.003384
0.004996,0.016520,0.002340
0.004128,0.009088,-0.003052
0.005145,0.000500,0.003285
0.005999,-0.009153,0.011698
0.005849,-0.022029,0.018047
0.003755,-0.014534,0.013863
0.001674,0.005775,0.009763
0.001668,0.020708,0.008861
0.000726,0.026082,0.003577
0.004740,0.022919,-0.000735
0.003862,0.019717,0.001332
0.002946,0.015471,0.000191
0.003965,0.008057,-0.003154
0.006952,0.004847,-0.001065
0.004985,0.000547,0.002117
0.005884,-0.009129,0.008498
0.003844,-0.011237,0.003183
0.008712,-0.006997,0.005386
0.006672,-0.000629,0.008669
0.003655,0.000461,0.005480
0.002676,0.000473,0.004402
0.006584,0.007967,0.001264
0.003611,0.011174,0.004414
0.001676,0.008003,0.001168
0.003702,0.005935,-0.005297
0.006644,-0.005819,-0.002214
0.002696,-0.008040,0.007406
-0.000325,-0.006990,0.006412
0.003532,0.003726,0.000109
0.004561,0.011192,0.000184
0.004608,0.015435,0.001331
0.002714,0.018636,0.001358
0.000787,0.022903,0.001400
0.003780,0.019694,0.003483
0.006754,0.013274,0.006613
0.005786,0.005833,0.004383
0.003805,-0.002684,0.003212
0.005728,-0.008004,0.002080
0.005652,-0.014405,0.002021
0.004608,-0.013343,0.004136
0.001592,-0.005906,0.006376
0.002504,0.012251,0.003349
0.000589,0.020773,0.003461
0.003620,0.024031,-0.002934
0.004764,0.021877,-0.001854
0.003839,0.014341,0.004531
0.002805,0.003693,0.003334
0.004798,-0.006970,0.003223
0.007706,-0.016564,0.002071
0.003651,-0.013430,0.009593
0.003465,-0.015549,0.008490
0.003438,-0.009070,-0.000024
0.005419,0.000554,-0.002087
0.000523,0.008025,-0.000979
0.002473,0.004840,-0.003141
0.006464,0.003751,0.000044
0.004503,0.001582,0.002210
0.002497,0.010069,0.007642
0.003433,0.003682,0.007547
0.004476,0.004798,0.000107
0.003507,0.010116,0.001244
0.003467,0.007964,0.003364
0.003453,0.001556,0.003324
0.006410,-0.004822,0.003204
0.003483,0.000539,-0.002044
0.001520,0.006925,0.002235
0.003472,0.006978,-0.002086
0.008439,-0.002592,-0.006438
0.004565,-0.002631,-0.002154
0.003534,-0.004779,-0.000043
0.004488,-0.015439,-0.000162
0.006380,-0.019740,0.001979
0.005302,-0.014398,0.000961
0.002302,-0.004816,0.003190
0.001287,0.000507,0.003268
0.003236,0.003743,-0.002025
0.002346,0.004865,-0.009480
0.004394,0.002718,-0.006328
0.006334,-0.003715,-0.002121
0.005362,-0.002687,0.002176
-0.000553,-0.000574,0.004339
-0.000611,0.009057,0.000168
0.004377,0.018702,-0.004042
0.005468,0.016638,-0.011564
0.004640,0.007064,-0.012771
0.002796,-0.005710,-0.016096
0.004789,-0.029209,-0.011006
0.007653,-0.036714,-0.005747
0.006484,-0.029327,0.002896
0.003402,-0.026119,0.001860
0.003343,-0.022891,-0.004455
0.004372,-0.010051,-0.008622
0.003367,-0.007947,-0.006432
0.002406,-0.016498,-0.005421
0.006311,-0.022903,-0.005471
0.005263,-0.022912,-0.004400
0.004159,-0.024017,0.000917
-0.000793,-0.021881,-0.000115
0.004049,-0.015436,-0.005400
0.005025,-0.007964,-0.005344
0.005009,-0.006900,-0.005327
0.005014,-0.004747,-0.006403
0.005040,-0.005831,-0.003232
0.005036,-0.010065,-0.005449
0.005014,-0.008999,-0.004390
0.004937,-0.002704,0.009540
0.001920,-0.003799,0.007512
0.001954,0.002674,-0.000982
0.002032,0.009100,-0.005171
0.004014,0.006914,-0.000873
0.006016,0.002665,-0.000961
0.004089,-0.004781,-0.003175
0.003072,-0.009063,-0.000038
0.003981,-0.016538,0.000957
0.006859,-0.020771,-0.002309
0.003878,-0.016541,-0.000082
0.003791,-0.014380,-0.003272
0.002789,-0.013290,-0.005413
0.004784,-0.014338,-0.008610
0.005736,-0.017551,-0.007558
0.004726,-0.018649,-0.004351
0.003715,-0.016496,-0.005428
0.003684,-0.015386,-0.009713
0.005638,-0.012208,-0.006489
0.004651,-0.006884,-0.003277
0.003644,-0.005809,-0.004333
0.006620,-0.009010,-0.005408
0.004646,-0.003724,0.001043
0.003635,0.002680,-0.000999
0.004660,0.000603,-0.007442
0.005744,0.001623,-0.002081
0.003770,-0.000508,-0.002106
0.005684,-0.009069,0.002066
0.007603,-0.012275,0.001008
0.003644,-0.005903,0.005323
0.002631,-0.001563,-0.003193
0.003619,0.000544,-0.001012
0.001680,0.005887,-0.003079
0.001703,0.004872,-0.009500
0.003794,0.003792,-0.008429
0.004835,-0.000491,-0.006334
0.004826,-0.001578,-0.003154
0.004790,-0.009082,0.001054
0.008653,-0.010184,0.005320
0.005654,-0.001641,0.005377
0.002673,0.003710,0.003289
0.003667,0.012305,-0.003066
0.005693,0.009131,-0.006301
0.002795,0.005933,-0.006335
0.001921,0.002762,-0.010627
0.003990,-0.000416,-0.012808
0.006042,-0.005770,-0.010710
0.005099,-0.007919,-0.008598
0.007001,-0.007987,-0.000054
0.006980,-0.011218,0.004179
0.006878,-0.010188,0.008468
0.006780,-0.004863,0.009587
0.003762,0.002582,0.011804
-0.000182,0.000495,0.004343
0.001811,-0.000484,-0.006354
0.001898,0.000624,-0.011680
0.001963,-0.000408,-0.015964
0.002011,-0.006839,-0.012807
0.002082,-0.005781,-0.011726
0.006041,-0.005822,-0.006391
0.006969,-0.004788,-0.001066
0.007893,-0.005917,0.006407
0.006843,-0.010171,0.003196
0.004822,-0.011233,0.004220
0.007709,-0.017594,0.000919
0.005688,-0.018691,0.004126
0.000666,-0.017623,0.003085
0.001586,-0.007991,-0.001089
0.002589,0.000589,-0.007406
0.005558,0.006974,-0.004168
0.002677,0.011243,-0.004131
0.001781,0.009096,-0.003070
0.006681,-0.003770,0.004299
0.004623,-0.013431,0.011688
0.004517,-0.015513,0.006306
0.007370,-0.014420,0.003108
0.004376,-0.007962,-0.003255
0.004376,-0.004735,-0.005386
0.004396,-0.004700,-0.010708
0.003486,-0.002546,-0.011788
0.003549,-0.004693,-0.009681
0.001635,-0.003650,-0.007517
0.003650,0.003839,-0.009595
0.004720,0.012404,-0.012735
0.006791,0.011280,-0.006321
0.004880,0.005896,-0.003102
0.004935,0.003772,-0.003145
0.006922,-0.001565,-0.003186
0.007901,-0.011174,-0.001166
0.004909,-0.017596,0.000922
0.003821,-0.018706,0.005212
0.001752,-0.016535,-0.000097
0.001763,-0.006888,-0.006404
0.004732,0.001615,-0.003105
0.000808,0.012265,-0.000869
0.002836,0.016542,-0.002947
0.005882,0.011230,-0.005143
0.006953,0.003747,-0.003082
0.006916,-0.008049,0.005339
0.005826,-0.010209,0.009570
0.006659,-0.014498,0.011679
0.005553,-0.011301,0.012763
0.004466,-0.010211,0.008530
-0.000502,-0.001651,0.006449
0.002401,0.002657,0.002200
0.003415,0.006953,-0.000974
0.001504,0.005898,-0.003108
0.004502,0.002757,-0.008522
0.008467,-0.006868,-0.006454
0.005548,-0.004802,0.001062
-0.000368,-0.001615,0.001127
0.004492,0.003757,-0.003107
0.008465,0.006933,-0.001968
0.004533,0.001578,0.000128
0.006516,-0.001599,-0.003101
0.003606,-0.005842,-0.004248
0.004553,-0.014388,-0.002205
0.003503,-0.017609,0.000958
0.004407,-0.010128,-0.000054
0.005331,-0.004760,-0.002186
0.005356,-0.001588,0.000009
0.002437,-0.002615,-0.003242
0.006355,-0.006890,-0.002213
0.006305,-0.010180,0.006357
-0.002642,-0.018770,0.011652
-0.000787,-0.019783,0.004181
0.006049,-0.021850,-0.007514
0.010927,-0.009006,-0.011690
0.004091,-0.000466,-0.009534
0.000230,0.002738,-0.008468
0.003207,-0.004749,-0.005351
0.008119,-0.009021,-0.002241
0.006128,-0.004830,0.007409
0.002072,0.002626,0.008554
0.004036,0.005903,-0.001029
0.006113,0.008068,-0.006320
0.005178,0.002742,-0.008480
0.004236,-0.000481,-0.006359
0.003317,-0.005845,-0.003194
0.003279,-0.002644,-0.002119
0.007122,0.008004,-0.000922
0.005249,0.005904,-0.003121
0.005312,0.000570,-0.003170
0.006259,-0.010143,0.003123
0.007140,-0.016591,0.007369
0.002149,-0.020880,0.010524
0.004939,-0.015519,0.007366
0.004826,-0.003798,0.007511
0.003809,0.002638,0.003295
0.002879,0.007996,-0.000902
0.003908,0.012292,-0.003031
0.001046,0.012278,-0.000903
0.001080,0.012291,-0.000938
0.003072,0.016558,-0.002988
0.002182,0.014466,-0.005205
0.004246,0.008048,-0.005219
0.007243,0.004826,-0.004150
0.006298,-0.002635,-0.004235
0.005363,-0.007964,-0.004296
0.007283,-0.006920,-0.001091
0.007221,-0.008009,0.002097
0.007171,-0.008025,0.005276
0.004184,-0.005876,0.004208
0.004111,-0.003745,0.006326
0.000175,-0.001559,-0.000065
0.005060,0.004870,-0.004263
0.004141,0.001674,-0.005350
0.005169,-0.004695,-0.009674
0.006216,-0.007937,-0.007505
0.004228,-0.009052,-0.002160
0.005184,-0.005866,-0.002093
0.007130,0.003738,-0.000968
0.004183,0.009069,-0.000911
0.004213,0.006893,0.003366
0.004211,0.002665,-0.000961
0.003271,-0.001620,0.002185
0.003244,-0.003732,0.000016
0.004187,-0.005867,0.002092
0.004155,-0.012283,0.003118
0.004084,-0.009075,0.002083
0.004064,-0.007989,-0.000048
0.004014,-0.005912,0.007440
0.004894,-0.006988,0.008500
0.004808,-0.003791,0.007492
0.003842,-0.001598,0.001081
0.006759,-0.004807,0.003167
0.005694,-0.011263,0.007435
0.002657,-0.009123,0.006392
0.002641,-0.001616,0.000084
0.001691,0.015462,0.000216
0.004652,0.019765,-0.002975
0.004797,0.012361,-0.010532
0.005916,-0.000434,-0.010666
0.006918,-0.011199,-0.000053
0.004830,-0.014431,0.005231
0.003748,-0.014407,0.003076
0.007651,-0.013309,-0.001178
0.007603,-0.009084,0.004198
0.003588,-0.005941,0.009606
0.003507,-0.001647,0.005392
0.004472,0.003730,0.001146
0.004497,0.011178,0.003359
0.001551,0.018596,0.007739
0.000551,0.013275,0.006611
0.005519,0.009094,-0.003063
0.004621,0.001586,0.003246
0.004556,-0.006955,0.005276
0.004440,-0.017625,0.003092
0.006335,-0.015461,-0.001152
0.007281,-0.007991,-0.000043
0.003311,-0.004804,0.002113
0.004299,-0.003673,-0.006411
0.006300,0.001648,-0.005281
0.004363,0.004829,-0.003110
0.001443,0.005896,-0.003103
0.004395,0.001581,0.001166
0.008265,0.005820,0.004414
0.002389,0.009005,0.004484
0.003379,0.012270,-0.000880
0.006410,0.010179,-0.006240
0.006481,0.005914,-0.004194
0.004519,-0.006902,-0.002182
0.006413,-0.012269,0.004129
0.004370,-0.014441,0.007346
0.005222,-0.002752,0.012804
0.002261,0.005809,0.008632
0.003264,0.017604,-0.000832
0.004378,0.024021,-0.001860
0.004481,0.024028,-0.001879
0.004598,0.017682,-0.007308
0.006640,0.009130,-0.005252
0.008641,-0.001574,-0.000027
0.006653,-0.009040,0.000948
0.003628,-0.014391,0.000943
0.005579,-0.011146,-0.003328
0.005542,-0.005863,0.002084
0.005494,-0.002664,0.000023
0.003529,-0.000501,-0.002125
0.003560,-0.002603,-0.006410
0.004580,-0.008976,-0.008633
0.006530,-0.012181,-0.006559
0.006481,-0.021861,0.001926
0.003426,-0.031451,0.001809
0.007152,-0.028340,0.010438
0.002111,-0.018722,0.006299
0.003988,-0.004805,-0.001021
0.003029,0.011204,-0.004031
0.004074,0.022916,-0.000725
0.003191,0.026122,0.000337
0.005250,0.018634,0.003458
0.005303,0.005852,0.003289
0.006225,-0.003772,0.007444
0.008113,-0.013379,0.009462
0.006008,-0.019771,0.008335
0.002974,-0.012310,0.008421
0.003866,-0.008053,0.007440
0.003785,0.002605,0.006518
0.000893,0.012282,-0.004050
0.005885,0.017645,-0.008258
0.006017,0.013384,-0.007267
0.007102,0.006970,-0.006246
0.007121,-0.001568,-0.005271
0.005177,-0.007958,-0.005357
0.006164,-0.009014,-0.004351
0.007152,-0.004707,-0.008596
0.004199,-0.003715,0.001021
0.006096,-0.004778,-0.001092
0.006105,-0.002672,0.001090
0.004140,0.010108,0.003355
0.004164,0.011190,0.003327
0.007129,0.007972,0.003345
0.002255,0.007947,0.005500
0.002233,0.013315,0.002324
0.006147,0.011171,0.003376
0.007164,0.006891,0.004416
0.005213,0.003703,0.002263
0.006178,-0.001655,0.005414
0.004164,-0.005903,0.003235
0.004095,-0.008042,0.004276
0.004083,-0.005859,-0.000019
0.005061,0.005871,0.001146
0.004106,0.015427,0.004490
0.004115,0.021875,0.001291
0.004245,0.025088,-0.000803
0.005312,0.020845,-0.001952
0.007311,0.015438,0.006557
0.005362,0.005811,0.008625
0.005316,-0.001636,0.004320
0.003342,-0.001633,0.003266
0.004304,0.004758,0.005444
0.004249,0.011143,0.004494
0.005264,0.013310,0.002337
0.005360,0.012300,-0.003048
0.004440,0.006959,-0.000988
0.005430,0.001647,-0.001096
0.007377,-0.004744,-0.001182
0.008279,-0.015450,0.003003
0.007222,-0.021923,0.008360
0.004159,-0.015520,0.007370
0.001137,-0.004822,0.002163
0.002140,0.010154,-0.004083
0.005176,0.020826,-0.002950
0.002350,0.027241,-0.005021
0.003444,0.015540,-0.008354
0.008416,0.000574,-0.004227
0.006468,-0.012246,-0.002207
0.007356,-0.017613,0.003059
0.005279,-0.018728,0.008403
0.006121,-0.010192,0.007433
0.004115,0.005802,0.007602
0.002150,0.013306,0.003394
0.005190,0.014443,-0.005148
0.007252,0.014441,-0.004097
0.001413,0.005875,0.001136
0.005296,-0.003750,0.004248
0.004303,0.001575,0.005367
0.004261,-0.003727,0.001051
0.007185,-0.006922,-0.001084
0.007151,-0.001630,0.002211
0.005140,0.002622,0.004381
0.002225,0.006933,0.001171
0.004230,0.008012,0.000101
0.005220,0.020807,0.002329
0.002331,0.022956,0.000217
0.004381,0.016595,-0.004129
0.003484,0.004862,-0.003196
0.003494,-0.005832,-0.002184
0.005463,-0.012211,-0.006481
0.006428,-0.022866,-0.009750
0.005401,-0.022927,-0.002268
0.006286,-0.018707,0.002077
0.003244,-0.008077,0.005411
0.003170,-0.002735,0.006484
0.004145,0.001572,0.003284
0.004171,0.006934,0.002213
0.002239,0.010212,-0.005280
0.003331,0.008162,-0.013884
0.006351,0.007103,-0.014961
0.003591,0.009318,-0.022475
0.004703,0.001823,-0.019336
0.007769,-0.004631,-0.014026
0.008807,-0.012132,-0.010869
0.005833,-0.017566,-0.000198
0.005727,-0.015482,0.003088
0.007622,-0.011228,0.003160
0.005609,-0.008027,0.002143
0.005555,-0.010172,0.003198
0.002550,-0.012305,0.002131
0.003467,-0.014432,0.001047
0.001481,-0.005852,-0.004222
0.002497,-0.001548,-0.007413
0.002585,0.002766,-0.012724
0.007558,0.007001,-0.009467
0.003680,0.001655,-0.008440
0.006644,-0.014346,-0.008587
0.009592,-0.017619,-0.000062
0.008459,-0.019831,0.009536
0.007333,-0.019833,0.010587
0.006255,-0.013415,0.008508
0.000286,0.000449,0.009693
0.002178,0.007967,0.004403
0.002229,0.011234,-0.003062
0.001373,0.008117,-0.011675
0.003463,0.004943,-0.013864
0.004480,-0.012204,-0.005452
0.004433,-0.027136,-0.006645
0.009270,-0.032497,-0.003484
0.010156,-0.027218,0.001937
0.005104,-0.030463,0.006208
0.005913,-0.020860,0.004199
0.004880,-0.004821,0.000066
0.001936,0.011210,-0.002998
0.002974,0.011255,-0.007301
0.003127,0.015576,-0.012629
0.004221,0.006003,-0.014885
0.007231,-0.011126,-0.007563
0.006271,-0.020719,-0.007674
0.006210,-0.024990,-0.006656
0.010030,-0.025023,-0.003434
0.008948,-0.020843,0.006245
0.006842,-0.013406,0.009532
0.003857,-0.005906,0.005333
0.001871,0.002652,0.002214
0.001831,0.010094,0.005487
-0.000090,0.005887,-0.003077
0.004891,0.008069,-0.008413
0.005961,0.002761,-0.010620
0.006023,-0.003655,-0.008550
0.005086,-0.004741,-0.007463
0.007032,-0.002648,-0.003154
0.006044,0.001577,0.002225
0.004081,0.000515,0.001157
0.007985,0.004784,0.001191
0.007977,0.002647,0.002225
0.006993,-0.000537,0.002153
0.006035,-0.007954,-0.003276
0.007014,-0.011150,-0.003318
0.003046,-0.007983,0.000982
0.004957,-0.001566,-0.002139
0.004029,0.000597,-0.006379
0.005082,0.011245,-0.004138
0.003164,0.012330,-0.006267
0.005208,0.005924,-0.006311
0.007236,-0.005814,-0.006411
0.006194,-0.011210,0.002070
0.004137,-0.013359,0.002089
0.003104,-0.011215,0.002082
0.006996,-0.000522,-0.001023
0.003104,0.011231,-0.002010
0.002188,0.009144,-0.007379
0.006224,0.003791,-0.006334
0.004309,-0.000510,-0.002101
0.004265,-0.001589,-0.001032
0.006253,-0.003715,-0.004210
0.005276,-0.001567,-0.005272
0.006240,-0.005860,-0.002108
0.006255,-0.005875,0.001069
0.005202,-0.011261,0.007431
0.006093,-0.013343,0.002050
0.007007,-0.005828,-0.003236
0.006024,-0.001590,0.001061
0.003086,0.001626,-0.001043
0.003070,0.009097,-0.002025
0.005088,0.010166,-0.003067
0.006174,0.008040,-0.004156
0.004277,0.008011,-0.000940
0.004291,0.009070,0.000134
0.004322,0.009128,-0.005246
0.006339,0.005941,-0.006356
0.007382,-0.004726,-0.006457
0.007382,-0.013260,-0.006534
0.008276,-0.019791,0.008387
0.000298,-0.014460,0.006350
0.001233,0.002654,0.000115
0.003218,0.014396,0.000205
0.002295,0.026158,-0.003943
0.002470,0.027282,-0.009310
0.003604,0.015541,-0.007308
0.006612,-0.001542,-0.004293
0.009525,-0.020794,0.001935
0.010381,-0.029361,0.006127
0.008242,-0.027265,0.010428
0.005146,-0.020858,0.007332
0.005042,-0.005885,0.002140
0.004068,0.008005,-0.000924
0.002166,0.017641,-0.006157
0.002305,0.020928,-0.014720
0.004447,0.014534,-0.014797
0.004634,0.006042,-0.018125
0.004711,-0.001451,-0.013944
0.006676,-0.007905,-0.006542
0.007683,-0.011132,-0.004411
0.008615,-0.012225,-0.001212
0.008540,-0.014460,0.008445
0.003522,-0.014473,0.008478
0.007320,-0.011283,0.007488
0.002391,-0.000584,0.003325
0.000435,0.012277,-0.002989
0.002442,0.017631,-0.006130
0.006498,0.014486,-0.011534
0.005621,0.008077,-0.009481
0.004719,-0.006870,-0.005403
0.007604,-0.018689,0.004121
0.005492,-0.017665,0.009473
0.006330,-0.011273,0.010600
0.005303,0.003664,0.008641
0.004266,0.013264,0.008732
0.005268,0.013296,0.002374
0.004387,0.005834,0.001244
0.004424,-0.000506,-0.004203
