0.016847,-0.508394,-0.018068
0.006777,-0.594885,-0.012379
0.001396,-0.687763,-0.006785
0.009408,-0.772157,0.012665
0.007411,-0.846008,0.035628
0.004239,-0.920903,0.053291
0.003718,-0.964641,0.040336
-0.010569,-0.955905,0.003286
-0.030791,-0.913039,-0.024017
-0.026451,-0.704728,-0.039580
-0.041818,-0.364776,-0.091649
-0.038277,0.052503,-0.251030
-0.024876,0.512922,-0.105515
-0.029266,0.947462,0.050945
-0.038994,1.220169,0.122460
-0.020809,1.355444,0.147256
-0.016278,1.320055,0.152645
0.002530,1.147149,0.136635
0.013805,0.885779,0.107052
0.021373,0.584951,0.072888
0.025281,0.289512,0.038630
0.027546,0.015400,0.011910
0.024337,-0.225620,-0.009332
0.024560,-0.417664,-0.015228
0.019496,-0.590484,-0.022051
0.015972,-0.724906,-0.027457
0.003401,-0.841245,-0.020008
0.003150,-0.921323,-0.011153
0.003738,-0.939189,-0.043397
-0.008319,-0.902425,-0.099777
-0.019301,-0.809334,-0.122662
-0.027141,-0.599966,-0.130871
-0.033333,-0.280874,-0.114654
-0.041520,0.077444,-0.069194
-0.037989,0.467615,-0.005268
-0.039222,0.837539,0.052138
-0.034372,1.096597,0.088441
-0.019730,1.223288,0.119565
-0.006969,1.210366,0.126038
0.007456,1.089664,0.125331
0.018346,0.897570,0.108062
0.020343,0.669163,0.093706
0.017068,0.423727,0.076996
0.019667,0.177349,0.051586
0.020450,-0.055168,0.030505
0.022027,-0.243850,0.006438
0.020291,-0.402787,-0.003433
0.015203,-0.531860,-0.009876
0.005617,-0.644965,-0.011899
-0.000965,-0.753849,-0.005395
0.004833,-0.843546,0.003418
0.006474,-0.919389,0.012396
0.003616,-0.975948,0.008787
-0.004859,-0.978791,-0.038189
-0.026043,-0.952792,-0.085003
-0.027685,-0.844759,-0.104629
-0.028518,-0.616324,-0.096621
-0.033914,-0.294001,-0.086728
-0.036506,0.070713,-0.041198
-0.038913,0.409795,0.003126
-0.030299,0.725385,0.039972
-0.032179,0.930039,0.070540
-0.015583,1.035506,0.089671
-0.004382,1.021494,0.096193
0.006202,0.904062,0.085921
0.016072,0.718356,0.070836
0.023274,0.496402,0.053265
0.023985,0.264850,0.037689
0.023413,0.040684,0.038083
0.026153,-0.156662,0.027870
0.026563,-0.307038,0.018006
0.019775,-0.455408,0.024186
0.013565,-0.584564,0.029463
0.007082,-0.693434,0.035930
0.007158,-0.771221,0.024522
0.001735,-0.802812,-0.023909
-0.007355,-0.779948,-0.073014
-0.016617,-0.697423,-0.100446
-0.019028,-0.507131,-0.119617
-0.022029,-0.246649,-0.113517
-0.026569,0.032795,-0.079425
-0.024807,0.311095,-0.042003
-0.024408,0.545768,-0.026186
-0.020699,0.694907,0.001887
-0.009137,0.769367,0.024055
-0.006593,0.757444,0.034896
0.006315,0.679364,0.040984
0.011966,0.551161,0.041343
0.017110,0.388872,0.036021
0.019803,0.213811,0.029459
0.018465,0.030212,0.027014
0.021839,-0.124485,0.018299
0.018259,-0.241865,0.017304
0.014558,-0.355008,0.021655
0.010718,-0.452144,0.026141
0.006864,-0.536497,0.033930
0.008877,-0.595134,0.029108
0.005123,-0.610927,0.005409
-0.002511,-0.592454,-0.028770
-0.009218,-0.519671,-0.045462
-0.014809,-0.358222,-0.068981
-0.021921,-0.143645,-0.065310
-0.025696,0.093171,-0.040091
-0.021134,0.341632,-0.008252
-0.021831,0.545377,0.005161
-0.014364,0.663639,0.024427
-0.009795,0.689092,0.035512
-0.000545,0.635650,0.035289
0.006483,0.525688,0.026126
0.012113,0.380527,0.014533
0.017266,0.218298,0.006966
0.019079,0.058189,0.001543
0.020580,-0.088040,0.000401
0.020987,-0.195814,-0.001565
0.017422,-0.283404,0.010474
0.014711,-0.364550,0.019320
0.010023,-0.423271,0.025178
0.007295,-0.449837,0.016295
0.001667,-0.442185,0.000196
-0.002945,-0.406803,-0.012493
-0.008438,-0.318997,-0.036599
-0.013721,-0.178984,-0.051685
-0.019641,-0.018920,-0.038827
-0.018512,0.154956,-0.020464
-0.016978,0.320281,-0.008409
-0.017954,0.439733,0.000087
-0.013889,0.497312,0.001736
-0.003974,0.505738,0.007327
-0.000012,0.455427,0.014633
0.004678,0.375263,0.017437
0.009149,0.266346,0.014617
0.014259,0.137129,0.013781
0.015205,0.003669,0.013888
0.016879,-0.110500,0.006620
0.019411,-0.204422,0.009009
0.015881,-0.289865,0.017894
0.011241,-0.358157,0.017309
0.006559,-0.412603,0.022141
0.006689,-0.452135,0.031347
0.008767,-0.457354,0.019496
0.000140,-0.438991,-0.006032
-0.006467,-0.394973,-0.030411
-0.012078,-0.302960,-0.048047
-0.013512,-0.151277,-0.054491
-0.017498,0.032291,-0.044639
-0.022066,0.206142,-0.024119
-0.017442,0.376891,-0.018527
-0.017300,0.494149,-0.003617
-0.012169,0.544160,0.010773
-0.004113,0.549373,0.018459
0.001932,0.503354,0.024696
0.006756,0.416808,0.026346
0.012252,0.287626,0.023327
0.014473,0.138176,0.019073
0.018356,-0.012263,0.008330
0.020031,-0.130694,0.004144
0.020547,-0.223540,0.003381
0.015970,-0.307936,0.014421
0.013224,-0.377305,0.016993
0.007479,-0.433899,0.022886
0.009423,-0.476659,0.034229
0.009401,-0.500158,0.037226
0.003498,-0.502107,0.015806
-0.003359,-0.471933,-0.017129
-0.009150,-0.414153,-0.028556
-0.014875,-0.281612,-0.041607
-0.016291,-0.097987,-0.040272
-0.018229,0.093940,-0.011063
-0.016805,0.273007,0.020273
-0.019881,0.398797,0.033176
-0.015844,0.438238,0.031526
-0.005931,0.419049,0.021904
0.002841,0.350761,0.009803
0.007475,0.258965,0.001775
0.008838,0.153299,-0.005334
0.011882,0.046605,-0.012554
0.012706,-0.049551,-0.003647
0.018263,-0.129561,-0.009610
0.015893,-0.208567,-0.004946
0.003549,-0.285386,-0.006672
0.010669,-0.337599,-0.009400
0.011883,-0.364238,-0.006590
0.009085,-0.363231,0.002986
-0.000503,-0.333353,0.006378
-0.003162,-0.286296,-0.002909
-0.005623,-0.209289,-0.017358
-0.009843,-0.108932,-0.014550
-0.007055,0.025537,-0.008220
-0.012748,0.163045,0.016337
-0.015161,0.279290,0.027960
-0.012380,0.357201,0.027540
-0.010444,0.376437,0.022399
-0.002687,0.359394,0.014856
-0.000955,0.315694,0.001801
0.000655,0.253785,-0.003904
0.003071,0.186541,-0.009659
0.008228,0.098988,-0.011313
0.011263,0.010391,-0.014081
0.011172,-0.074963,-0.020067
0.012861,-0.138974,-0.023787
0.009531,-0.172089,-0.018745
0.005170,-0.188157,-0.008263
0.004744,-0.183886,-0.004051
0.003370,-0.166789,-0.002922
0.001075,-0.135819,-0.001679
-0.003052,-0.100568,-0.002521
-0.003206,-0.051416,-0.007505
-0.005131,0.005198,-0.011361
-0.007972,0.060693,-0.009861
-0.005792,0.116192,-0.008372
-0.006447,0.169575,-0.011130
-0.006970,0.209055,-0.010789
-0.006458,0.231433,-0.005290
-0.002008,0.250627,-0.004046
-0.002432,0.244184,-0.001904
0.001083,0.222826,-0.002041
0.002517,0.180104,-0.001258
0.004803,0.120324,-0.003794
0.005994,0.054184,-0.012773
0.008991,-0.021605,-0.015442
0.008912,-0.093087,-0.021309
0.009681,-0.154878,-0.035691
0.010304,-0.194268,-0.045681
0.004984,-0.200641,-0.045812
-0.001324,-0.175019,-0.042486
-0.002614,-0.122667,-0.043259
-0.001810,-0.052235,-0.035353
-0.004736,0.027710,-0.017716
-0.005542,0.096992,-0.003325
-0.006194,0.155613,0.006766
-0.004793,0.186549,0.004961
-0.002352,0.187617,0.000785
0.000046,0.173785,-0.006758
-0.001510,0.152477,-0.012258
-0.002183,0.134375,-0.019830
-0.002891,0.116242,-0.025232
0.000279,0.096015,-0.034942
0.000540,0.071476,-0.039344
-0.000232,0.030941,-0.046002
-0.000127,-0.019198,-0.052739
0.004744,-0.068274,-0.058410
0.006614,-0.116252,-0.066244
0.009359,-0.152546,-0.064427
0.009073,-0.177110,-0.060396
0.006777,-0.186741,-0.054132
0.006399,-0.170729,-0.050874
0.003144,-0.135584,-0.035754
0.000944,-0.076957,-0.019405
-0.002113,-0.015196,0.003418
-0.000149,0.050923,0.014545
-0.001929,0.095660,0.026641
-0.002648,0.127671,0.029008
-0.005245,0.142653,0.022749
-0.005886,0.138471,0.007845
-0.005550,0.123563,-0.001774
-0.005257,0.098074,-0.022178
0.002838,0.067268,-0.041630
0.000111,0.035257,-0.046089
-0.001796,0.012844,-0.048359
0.000168,-0.006455,-0.040963
0.002158,-0.040554,-0.048697
0.005036,-0.085350,-0.053319
0.008825,-0.125886,-0.054741
0.009533,-0.151548,-0.047504
0.010189,-0.154848,-0.032634
0.003966,-0.151671,-0.026269
0.002670,-0.126140,-0.013295
0.002395,-0.090967,-0.005569
-0.001657,-0.041951,0.004442
-0.002722,0.001717,0.017578
0.001195,0.047609,0.023181
-0.001597,0.077422,0.031971
-0.004362,0.104051,0.037551
-0.005109,0.111533,0.035489
-0.002869,0.097745,0.022607
-0.002668,0.064733,0.009598
-0.000522,0.022197,-0.012066
-0.002409,-0.018239,-0.028393
-0.001475,-0.041659,-0.037105
0.001370,-0.053386,-0.037232
0.001268,-0.055554,-0.031933
0.001143,-0.058785,-0.025609
0.002981,-0.059907,-0.017109
0.005785,-0.058857,-0.012871
0.004695,-0.054642,-0.004328
0.004588,-0.045071,0.000021
0.003506,-0.025920,0.007652
0.002492,-0.007781,0.009903
0.002437,0.019953,0.014347
0.000509,0.048696,0.023137
-0.002351,0.073201,0.028674
-0.002221,0.092379,0.031005
-0.001999,0.098825,0.024671
-0.002760,0.091392,0.018237
-0.002567,0.075384,0.016015
0.000504,0.053029,0.005227
-0.000346,0.019962,-0.000318
-0.000306,-0.019411,-0.017669
0.000647,-0.058808,-0.030778
0.002471,-0.092938,-0.034249
0.001263,-0.113176,-0.038700
0.004936,-0.129247,-0.030301
0.004650,-0.127154,-0.022853
0.006314,-0.117616,-0.011095
0.004110,-0.100675,0.006128
0.003882,-0.089062,0.022240
0.005611,-0.078424,0.026597
0.000570,-0.073062,0.024483
-0.000559,-0.059126,0.018158
-0.000701,-0.021699,0.013040
-0.003681,0.032762,0.013401
-0.007505,0.096742,0.022428
-0.009222,0.158603,0.030352
-0.008829,0.199231,0.022125
-0.007361,0.217398,0.019071
-0.002987,0.214191,0.015921
-0.003490,0.177934,0.008235
-0.000182,0.119300,-0.006004
0.003986,0.040411,-0.022560
0.007958,-0.036396,-0.031641
0.007826,-0.097220,-0.035292
0.010480,-0.136735,-0.033451
0.008167,-0.161329,-0.026206
0.006789,-0.165695,-0.012391
0.007357,-0.162552,-0.002799
0.003101,-0.148723,0.004753
0.001781,-0.129620,0.019827
0.001481,-0.110481,0.030627
0.003215,-0.096621,0.033912
0.002035,-0.081612,0.026538
-0.004979,-0.060229,0.024517
-0.006091,-0.025993,0.017255
-0.005160,0.028562,0.006910
-0.008939,0.089360,0.014817
-0.010689,0.151259,0.018458
-0.007400,0.192827,0.025210
-0.004961,0.206712,0.022157
-0.000588,0.184327,0.014584
0.001778,0.143831,0.003645
0.003041,0.086227,-0.005260
0.004215,0.028644,-0.017356
0.006181,-0.023621,-0.025178
0.008080,-0.069491,-0.029788
0.005892,-0.095149,-0.024651
0.005632,-0.106928,-0.019417
0.005352,-0.115537,-0.008841
0.004112,-0.117694,-0.004619
0.003826,-0.123053,-0.001463
0.002575,-0.127402,0.009166
0.003263,-0.127377,0.007011
0.001985,-0.123101,0.007028
0.000735,-0.107134,0.012496
-0.001473,-0.070827,0.012733
-0.007477,-0.022779,0.014110
-0.005585,0.042330,0.018803
-0.005445,0.113779,0.029989
-0.007100,0.166073,0.034599
-0.005718,0.203456,0.032732
-0.006227,0.219489,0.028614
-0.001808,0.221660,0.022263
-0.001304,0.195021,0.013570
-0.002823,0.149160,0.005797
0.002369,0.088398,-0.008475
0.004483,0.024420,-0.020645
0.009383,-0.035296,-0.031717
0.008273,-0.083365,-0.028855
0.008074,-0.118591,-0.029122
0.006775,-0.145329,-0.022916
0.005464,-0.154964,-0.017687
0.005092,-0.157150,-0.010250
0.003756,-0.149756,0.000469
0.003391,-0.144534,0.014404
0.003047,-0.146741,0.022945
0.002681,-0.152127,0.027215
0.004255,-0.154264,0.028249
0.000954,-0.133924,0.019883
-0.004250,-0.082651,0.017042
-0.010269,-0.017476,0.014240
-0.005445,0.064698,0.021190
-0.007192,0.147900,0.033481
-0.010728,0.215110,0.041417
-0.008213,0.256798,0.035308
-0.005640,0.262167,0.031083
-0.003075,0.237679,0.021320
0.003301,0.184359,0.012410
0.001719,0.110789,-0.004055
0.004908,0.037199,-0.014192
0.006902,-0.031016,-0.029619
0.006789,-0.076906,-0.031040
0.007527,-0.101528,-0.023722
0.006281,-0.109018,-0.019550
0.004988,-0.103740,-0.013079
0.000809,-0.093100,-0.006632
0.000617,-0.068617,0.002099
0.001466,-0.046261,0.009746
-0.001542,-0.022810,0.012101
-0.001566,-0.000368,0.008022
-0.001561,0.028490,0.003961
-0.004415,0.057293,0.008412
-0.006261,0.095638,0.021471
-0.005095,0.122342,0.020580
-0.000895,0.133072,0.016334
-0.001562,0.123489,0.014104
-0.000312,0.111801,0.007601
-0.000059,0.095812,0.006373
0.002072,0.074450,0.008336
0.002184,0.050971,0.006055
0.002297,0.014686,0.003664
0.002320,-0.014071,-0.006134
0.004242,-0.037544,-0.009476
0.003204,-0.049271,-0.011697
0.004055,-0.049311,-0.006362
0.001961,-0.048299,-0.000983
0.002834,-0.045126,0.002257
-0.000197,-0.048312,0.000099
0.001659,-0.048306,-0.003052
0.000581,-0.044041,-0.003010
0.000490,-0.033363,-0.002936
-0.000580,-0.015216,-0.002800
-0.001570,0.009339,-0.003670
-0.003509,0.030643,0.003930
-0.000524,0.055186,0.006230
-0.002354,0.066955,0.003113
-0.001216,0.073354,0.004223
-0.001034,0.070188,-0.001126
-0.002821,0.055260,-0.002329
0.000232,0.039276,-0.005661
0.004235,0.016867,-0.008986
-0.000596,-0.009779,-0.014522
0.001349,-0.031113,-0.016816
0.005189,-0.054583,-0.020170
0.003115,-0.068508,-0.013874
0.002948,-0.078126,-0.011826
0.002788,-0.080256,-0.010810
0.002626,-0.074944,-0.006520
0.000517,-0.070697,-0.003289
0.002318,-0.066433,-0.002200
0.001222,-0.049400,0.004326
0.001110,-0.023763,0.003428
-0.002832,0.008217,0.010061
-0.004759,0.039168,0.012400
-0.002740,0.070100,0.015836
-0.001584,0.101055,0.017119
-0.005265,0.119223,0.014063
-0.003030,0.127748,0.014166
-0.000803,0.120320,0.006673
-0.002471,0.099038,-0.004120
-0.001259,0.058577,-0.018290
0.001839,0.015927,-0.027107
0.002869,-0.017081,-0.040124
0.001859,-0.042668,-0.045630
0.001797,-0.059764,-0.043625
0.003645,-0.071520,-0.041584
0.006438,-0.085454,-0.034219
0.005308,-0.097231,-0.028989
0.006060,-0.102626,-0.021558
0.004869,-0.103762,-0.011976
0.004613,-0.098471,-0.005540
0.003431,-0.089992,0.003048
0.003224,-0.067649,0.014914
0.002062,-0.039940,0.021517
-0.000966,-0.004739,0.027078
-0.003903,0.019816,0.027253
-0.002894,0.044415,0.023132
-0.005700,0.067954,0.017940
-0.003552,0.088255,0.015950
-0.007234,0.095788,0.008529
-0.004068,0.092630,0.001068
-0.001874,0.069218,-0.010800
-0.000687,0.033004,-0.023833
0.002354,-0.008560,-0.034782
0.002372,-0.041600,-0.043534
0.002307,-0.074700,-0.045850
0.003143,-0.103551,-0.045992
0.001977,-0.138748,-0.053655
0.004628,-0.168614,-0.056032
0.008196,-0.177192,-0.051814
0.003902,-0.167661,-0.042130
0.002553,-0.145341,-0.028112
0.001261,-0.125114,-0.019451
0.001986,-0.102735,-0.011862
0.002787,-0.077111,-0.009589
0.000707,-0.039823,0.000296
-0.004296,0.000736,0.003753
0.000544,0.048706,0.016836
-0.002268,0.082791,0.028793
-0.002995,0.111623,0.030028
-0.002711,0.129774,0.033293
-0.001432,0.136195,0.033298
-0.002145,0.124493,0.028923
0.001030,0.098895,0.022398
0.000269,0.061617,0.011440
0.003377,0.016950,-0.009204
0.003414,-0.018247,-0.014775
-0.002513,-0.040649,-0.019167
0.005229,-0.050269,-0.019205
0.005101,-0.055661,-0.013875
0.000076,-0.053586,-0.007429
-0.000084,-0.041883,-0.003054
0.004700,-0.037673,0.003410
0.001660,-0.044137,0.009790
0.000559,-0.060162,0.011794
0.003338,-0.076168,0.010612
0.005099,-0.084724,0.010592
0.000962,-0.077270,0.012787
-0.000218,-0.047350,0.009794
-0.003262,-0.015300,0.009968
-0.005269,0.033844,0.007096
-0.006190,0.082885,0.017042
-0.005984,0.121341,0.016216
-0.004681,0.145878,0.017486
-0.002372,0.143724,0.018566
-0.002034,0.113877,0.009863
0.001147,0.070202,-0.003255
0.002306,0.022255,-0.016399
0.004300,-0.015060,-0.022032
0.007200,-0.034290,-0.020045
0.005130,-0.042882,-0.011606
0.003039,-0.042935,-0.003101
0.001927,-0.049382,0.003235
0.002809,-0.049377,0.005312
0.003685,-0.052593,0.007415
0.002539,-0.063316,0.014783
0.003335,-0.070819,0.016899
0.002156,-0.078303,0.015827
0.003922,-0.081489,0.012623
-0.002114,-0.062244,0.008504
-0.004220,-0.036572,0.003332
-0.005272,0.013674,-0.003808
-0.006194,0.078722,0.005227
-0.006986,0.142723,0.013155
-0.007634,0.188593,0.017767
-0.005170,0.209982,0.010503
-0.001719,0.190803,0.002946
0.000697,0.152393,-0.000530
0.001998,0.104399,-0.009370
0.003197,0.046772,-0.015077
0.007221,-0.002293,-0.021824
0.006221,-0.047082,-0.026462
0.006086,-0.079114,-0.024591
0.006844,-0.096198,-0.022618
0.005605,-0.102633,-0.015268
0.002430,-0.099508,-0.004582
0.003158,-0.093164,0.006083
0.002929,-0.082560,0.014714
0.003676,-0.081559,0.023263
0.003442,-0.083796,0.036061
0.003205,-0.096670,0.043452
0.004883,-0.124499,0.053895
0.005486,-0.143666,0.047352
0.004180,-0.142417,0.022835
-0.006900,-0.130527,0.004757
-0.010147,-0.079135,-0.009895
-0.011278,0.014849,-0.008263
-0.011170,0.130058,0.002222
-0.014693,0.225002,0.008328
-0.011080,0.289032,0.007811
-0.007340,0.298610,0.004824
-0.003664,0.250615,-0.006103
0.004729,0.166355,-0.021564
0.007066,0.066057,-0.031847
0.011091,-0.031009,-0.043232
0.011908,-0.113229,-0.042742
0.011571,-0.170914,-0.038886
0.009157,-0.207253,-0.031722
0.009589,-0.223347,-0.018034
0.007080,-0.221226,-0.012750
0.003616,-0.197827,0.001243
0.002166,-0.173396,0.018477
0.002706,-0.151128,0.039952
0.002303,-0.144849,0.056013
0.001932,-0.152402,0.066625
0.003457,-0.169503,0.068643
0.003995,-0.164981,0.035600
-0.004177,-0.160486,0.008902
-0.010435,-0.114394,-0.006937
-0.011628,-0.007497,-0.015937
-0.011561,0.131232,-0.004321
-0.017970,0.269893,0.012699
-0.016206,0.385177,0.012531
-0.011233,0.432131,0.011878
-0.007257,0.413995,0.006484
0.002547,0.361733,-0.006575
0.006341,0.275302,-0.018818
0.009898,0.173863,-0.020554
0.012130,0.058557,-0.023465
0.015055,-0.053564,-0.025262
0.015784,-0.143280,-0.020585
0.016325,-0.198859,-0.011404
0.011819,-0.228838,0.001154
0.009248,-0.243858,0.011691
0.002755,-0.251373,0.016977
0.004099,-0.244991,0.019176
0.000594,-0.236539,0.029930
0.000979,-0.234531,0.047009
0.001314,-0.239938,0.055517
0.002649,-0.246312,0.051204
-0.000893,-0.224771,0.029950
-0.007259,-0.182897,0.002442
-0.009600,-0.100624,0.000768
-0.011737,0.021219,-0.007076
-0.014524,0.164202,0.007752
-0.014020,0.310357,0.021635
-0.013127,0.430937,0.028935
-0.011007,0.492796,0.034771
-0.003984,0.493840,0.034843
-0.000868,0.442682,0.018559
0.006022,0.343508,-0.000233
0.011622,0.218682,-0.011811
0.011029,0.090676,-0.025563
0.017962,-0.032091,-0.030652
0.016802,-0.131375,-0.032425
0.014457,-0.199791,-0.021179
0.011931,-0.245776,-0.009806
0.009266,-0.283260,0.004873
0.006583,-0.312173,0.014305
0.004805,-0.336801,0.021641
0.005936,-0.349696,0.029086
0.003070,-0.360485,0.040810
0.002150,-0.360464,0.036571
-0.000662,-0.336783,0.010090
-0.006272,-0.265050,-0.015024
-0.014609,-0.133615,-0.027983
-0.019679,0.033961,-0.016216
-0.015558,0.206726,0.011665
-0.013935,0.351783,0.029806
-0.010939,0.444653,0.031552
-0.007800,0.485188,0.035072
-0.003737,0.467002,0.040266
0.002194,0.419024,0.032431
0.007979,0.341117,0.030746
0.011564,0.244084,0.020322
0.013952,0.149185,0.008872
0.012173,0.047740,0.012380
0.012162,-0.046152,0.009463
0.012899,-0.115533,0.008926
0.013517,-0.166725,0.004235
0.008172,-0.202044,0.014667
0.000754,-0.233125,0.027309
0.004974,-0.281252,0.033459
0.009121,-0.342088,0.026700
0.007291,-0.376198,0.011672
0.000548,-0.361104,-0.013703
-0.009012,-0.273441,-0.030117
-0.018363,-0.130239,-0.046191
-0.019517,0.035089,-0.024732
-0.015408,0.215262,0.007557
-0.013778,0.349673,0.017174
-0.013741,0.423274,0.023103
-0.008776,0.427424,0.035997
0.002980,0.371991,0.024921
0.011613,0.287703,0.021036
0.013133,0.204451,0.023520
0.011489,0.138318,0.018706
0.010682,0.077459,0.022464
0.012692,0.014445,0.031487
0.013583,-0.033597,0.036369
0.011440,-0.074134,0.035992
0.007296,-0.101892,0.037883
0.002094,-0.129558,0.028032
0.002700,-0.149808,0.023610
0.000359,-0.171078,0.012785
-0.002003,-0.179537,-0.000038
-0.004356,-0.148427,-0.023211
-0.009472,-0.085352,-0.036576
-0.008614,0.011679,-0.025101
-0.010498,0.116131,-0.007162
-0.011176,0.183206,0.011581
-0.006811,0.202408,0.009667
-0.000437,0.177920,-0.000097
0.002931,0.146956,0.000738
0.005170,0.129824,0.007018
0.006385,0.121178,0.020827
0.004616,0.108279,0.034558
0.003787,0.083732,0.036449
0.004871,0.052807,0.035087
0.007856,0.014455,0.027277
0.004909,-0.022825,0.019461
0.001908,-0.050497,0.011719
0.002733,-0.070730,0.006210
0.001579,-0.080283,-0.000281
0.000430,-0.088817,-0.001407
0.001188,-0.099439,-0.009990
-0.000003,-0.098322,-0.020569
-0.002141,-0.073731,-0.029900
-0.008068,-0.030965,-0.036028
-0.007103,0.028757,-0.027060
-0.005009,0.085267,-0.021234
-0.006716,0.127909,-0.015533
-0.006333,0.159971,-0.020620
-0.003927,0.179132,-0.016153
-0.004474,0.178065,-0.016162
-0.002099,0.162098,-0.020583
0.000251,0.136532,-0.028236
-0.001332,0.096040,-0.037096
0.001816,0.050202,-0.048066
0.003910,-0.008460,-0.054912
0.005886,-0.078892,-0.060728
0.007720,-0.148204,-0.073992
0.003599,-0.226005,-0.092682
0.007139,-0.289926,-0.109184
0.006619,-0.320744,-0.126514
0.002154,-0.297209,-0.132742
-0.004210,-0.230046,-0.122595
-0.005541,-0.136265,-0.100560
-0.006606,-0.042454,-0.082789
-0.005526,0.023640,-0.068462
-0.004269,0.058806,-0.062810
-0.000036,0.074809,-0.062664
0.000276,0.075778,-0.049849
0.003462,0.055469,-0.044703
0.007551,0.021310,-0.041824
0.004736,-0.017108,-0.042142
0.005687,-0.056627,-0.038199
0.009450,-0.093992,-0.036381
0.007304,-0.126055,-0.029202
0.008950,-0.152711,-0.030528
0.004723,-0.167666,-0.031658
0.002422,-0.173083,-0.024170
0.007817,-0.144354,-0.012209
0.001662,-0.099493,-0.011941
-0.003359,-0.043994,-0.008360
-0.003377,0.018919,0.002752
-0.005222,0.077579,0.011693
-0.005013,0.118131,0.013077
-0.003692,0.137321,0.016423
-0.003321,0.130951,0.011053
-0.000069,0.106431,0.007648
0.003099,0.075528,0.000997
0.003245,0.050982,0.000798
0.003326,0.028625,-0.005802
0.002393,0.015787,-0.002686
0.003364,-0.004496,-0.001791
0.003299,-0.022686,0.003412
0.003223,-0.039783,0.004373
0.005048,-0.057927,0.003182
0.000989,-0.075045,0.006295
0.001760,-0.092124,0.004071
0.002500,-0.107053,-0.000265
0.003203,-0.112430,0.002936
0.001936,-0.114592,0.005082
0.001664,-0.099597,-0.002256
-0.001471,-0.064337,-0.006262
-0.006465,-0.007738,-0.005897
-0.006424,0.062684,0.004129
-0.008195,0.123452,0.017342
-0.004958,0.159729,0.021844
-0.003554,0.165092,0.020771
-0.002182,0.132066,0.013027
0.003003,0.090490,0.008385
0.005137,0.047832,0.003775
0.006185,0.015838,0.001363
0.005175,-0.005506,0.002235
0.003187,-0.012988,0.002204
0.002127,-0.020491,0.003273
0.002057,-0.031230,0.008589
0.003916,-0.046142,0.002117
0.003814,-0.061091,-0.001123
0.001720,-0.070715,-0.001151
0.000553,-0.079296,-0.001109
0.000359,-0.086784,-0.003216
0.003088,-0.087870,-0.002128
-0.000057,-0.083589,-0.005264
-0.001220,-0.054748,-0.007187
-0.002347,-0.009919,-0.003698
-0.006241,0.046589,0.007363
-0.005129,0.085014,0.012894
-0.002952,0.099962,0.016134
-0.003683,0.092591,0.006402
-0.002459,0.076636,-0.000144
0.002598,0.069195,-0.001326
0.002797,0.062748,0.005010
0.002914,0.058473,0.008126
0.003008,0.043542,0.006932
0.005018,0.028564,0.011091
0.006007,0.008248,0.013116
0.006997,-0.013135,0.016183
0.003987,-0.037685,0.013900
0.004852,-0.059018,0.008466
0.001749,-0.072925,0.008440
0.001552,-0.080380,0.004154
0.003319,-0.083603,0.004184
0.001142,-0.082561,0.006353
0.000920,-0.076208,0.011764
-0.002208,-0.061245,0.008692
-0.005279,-0.034465,0.000285
-0.005342,0.001859,0.000478
-0.004318,0.050983,0.000795
-0.008082,0.088355,0.002097
-0.005868,0.118259,0.002283
-0.000673,0.136403,0.004521
0.000655,0.131068,0.003429
0.002910,0.108624,0.004375
0.004092,0.074471,0.002010
0.006192,0.036043,0.000670
0.006237,-0.004505,-0.002814
0.008140,-0.037634,0.001217
0.008022,-0.066443,-0.001125
0.005850,-0.083568,0.004093
0.001714,-0.092105,0.002976
0.000510,-0.099563,0.000791
0.000263,-0.098484,-0.000278
0.000032,-0.098517,0.003994
0.000760,-0.104993,0.011452
0.001439,-0.130711,0.021972
0.003062,-0.153160,0.025023
0.004661,-0.163737,0.012140
-0.000577,-0.168950,-0.001821
-0.005854,-0.139986,-0.013478
-0.004202,-0.061983,-0.019370
-0.008187,0.044685,-0.004761
-0.010938,0.151340,0.008835
-0.006590,0.236661,0.019092
-0.005930,0.273985,0.021563
-0.004257,0.252690,0.011847
0.003181,0.193005,-0.003487
0.004601,0.114056,-0.012566
0.007763,0.028727,-0.024892
0.008772,-0.048107,-0.029717
0.009526,-0.113278,-0.025882
0.009193,-0.158111,-0.028312
0.007800,-0.176308,-0.020999
0.003451,-0.177410,-0.015689
0.002016,-0.169960,-0.009300
0.002619,-0.150821,0.000456
0.001273,-0.134877,0.009121
0.001934,-0.114694,0.022079
-0.000280,-0.098728,0.026505
-0.001463,-0.083678,0.015884
-0.003569,-0.060132,0.009626
-0.006627,-0.029036,-0.003055
-0.004692,0.031868,-0.006932
-0.006484,0.104415,0.001045
-0.011064,0.163113,0.004660
-0.007678,0.198353,0.001753
-0.004190,0.201621,-0.007805
0.000286,0.173923,-0.016527
0.001709,0.129096,-0.021067
0.004936,0.066100,-0.023593
0.006032,-0.001149,-0.026196
0.011820,-0.062034,-0.026555
0.010647,-0.111211,-0.020459
0.009334,-0.134760,-0.012101
0.008949,-0.146575,-0.003633
0.005627,-0.147686,0.003794
0.004240,-0.148801,0.009138
0.002871,-0.143486,0.012375
0.000549,-0.138225,0.022026
0.002154,-0.134022,0.030598
0.000834,-0.125478,0.031697
-0.001416,-0.120057,0.023155
-0.002664,-0.109236,0.008212
-0.004852,-0.074957,-0.001258
-0.005988,-0.010827,-0.006215
-0.007888,0.074568,-0.003472
-0.011561,0.149266,0.004478
-0.007225,0.216495,0.008177
-0.004614,0.250631,0.009541
-0.002943,0.233615,-0.001211
0.003500,0.184540,-0.007931
0.004883,0.111951,-0.011614
0.010964,0.041521,-0.018481
0.011009,-0.019358,-0.016760
0.009885,-0.062175,-0.005271
0.008667,-0.089993,-0.000082
0.006421,-0.112509,0.009417
0.004162,-0.129569,0.007145
0.004782,-0.144528,0.008116
0.004383,-0.144517,0.005996
-0.000896,-0.138196,0.015673
-0.001269,-0.125447,0.023249
-0.001588,-0.132954,0.029559
0.000003,-0.150025,0.031501
0.002556,-0.163902,0.031394
0.002145,-0.157334,0.010102
-0.001133,-0.150897,0.005885
-0.006405,-0.110177,-0.005722
-0.006654,-0.027906,-0.008438
-0.007611,0.081959,0.008298
-0.012222,0.188632,0.021849
-0.007748,0.275032,0.028946
-0.007000,0.306045,0.019621
-0.001286,0.282617,0.011976
0.004273,0.216467,0.005115
0.004739,0.135397,-0.005059
0.007933,0.059630,-0.011967
0.011879,-0.009847,-0.002840
0.009781,-0.066479,0.001061
0.008537,-0.107089,0.006106
0.007217,-0.132735,0.008073
0.004865,-0.141322,0.012313
0.001500,-0.155259,0.019687
0.002038,-0.155240,0.016499
0.000655,-0.156355,0.021844
-0.001683,-0.151051,0.026153
-0.001061,-0.132814,0.015597
-0.004274,-0.108152,0.000854
-0.004483,-0.072846,-0.008501
-0.008555,-0.026859,-0.012560
-0.005642,0.042588,-0.016379
-0.004470,0.114032,-0.005183
-0.007023,0.171680,-0.001622
-0.004536,0.221820,0.003021
-0.002952,0.237823,0.004214
0.000568,0.217554,0.001935
0.004046,0.183492,-0.009035
0.006454,0.141864,-0.011449
0.008710,0.101242,-0.004282
0.005934,0.053153,0.001767
0.007885,0.001864,0.006741
0.008763,-0.045117,0.007462
0.009575,-0.079301,0.011454
0.006361,-0.093226,0.016704
0.000183,-0.101809,0.021982
0.002787,-0.114743,0.034758
0.003395,-0.134007,0.039971
0.002022,-0.162808,0.036562
0.001574,-0.174605,0.040801
0.001118,-0.152014,0.017508
-0.006982,-0.107042,-0.001337
-0.015944,-0.043924,-0.014815
-0.014031,0.035171,-0.022854
-0.007956,0.122685,-0.017961
-0.012442,0.200599,-0.014207
-0.007903,0.266767,-0.013667
-0.005203,0.282695,-0.006008
0.000395,0.255989,-0.004065
0.005933,0.193085,-0.014153
0.009314,0.118405,-0.019014
0.013440,0.049012,-0.018473
0.013456,-0.001264,-0.006027
0.011368,-0.041916,0.004356
0.012137,-0.076153,0.014757
0.009925,-0.098568,0.016676
0.005702,-0.108206,0.019819
0.002438,-0.114660,0.024081
0.000131,-0.116847,0.031523
0.001753,-0.129733,0.039992
0.002313,-0.157558,0.046243
0.003803,-0.189604,0.046059
0.003316,-0.203439,0.038521
-0.001101,-0.183007,0.019459
-0.008333,-0.136934,-0.002605
-0.014477,-0.082339,-0.015144
-0.009721,0.016988,-0.016624
-0.007591,0.112014,-0.018053
-0.011118,0.183473,-0.010031
-0.008607,0.238965,-0.008524
-0.005925,0.250694,-0.010490
0.000614,0.232538,-0.010604
0.007079,0.193020,-0.009801
0.006532,0.141776,-0.009129
0.010688,0.084107,-0.006360
0.011779,0.024230,0.004952
0.011715,-0.033461,0.009868
0.011522,-0.082589,0.013745
0.010290,-0.115661,0.011353
0.003088,-0.129550,0.014416
-0.000251,-0.140203,0.013234
0.000314,-0.145565,0.017441
0.001877,-0.150937,0.021672
0.001508,-0.160568,0.023753
0.003047,-0.162649,0.016278
-0.000286,-0.151882,0.002522
-0.007440,-0.126109,-0.016510
-0.010597,-0.076849,-0.030141
-0.005779,0.013954,-0.035910
-0.008545,0.106710,-0.021317
-0.011137,0.194145,-0.008898
-0.006587,0.246425,-0.007388
-0.001986,0.249584,-0.005160
0.001586,0.221827,-0.006407
0.005082,0.172717,-0.007806
0.008411,0.125680,-0.000661
0.011562,0.076564,0.000046
0.009682,0.028408,0.010453
0.009660,-0.021793,0.013290
0.007572,-0.068760,0.013977
0.005354,-0.095442,0.014810
0.004055,-0.110383,0.016777
-0.000203,-0.114658,0.019897
-0.001545,-0.121059,0.021930
0.000058,-0.140259,0.021746
0.002617,-0.163740,0.020514
0.002199,-0.186166,0.022461
-0.000228,-0.196847,0.020304
0.002251,-0.189191,-0.002080
-0.003059,-0.170894,-0.021159
-0.009256,-0.116272,-0.038998
-0.010425,-0.022293,-0.040490
-0.011338,0.095003,-0.023587
-0.009996,0.206996,-0.011001
-0.009308,0.280573,-0.002920
-0.003600,0.300779,0.002662
0.003035,0.272996,0.002527
0.006619,0.205734,-0.002132
0.009991,0.117143,-0.005965
0.012149,0.031713,-0.004434
0.013072,-0.036627,-0.002800
0.010931,-0.078264,-0.002053
0.009692,-0.096467,0.006325
0.005472,-0.103948,0.011520
0.001234,-0.100721,0.012521
0.000956,-0.095416,0.021013
0.000686,-0.095444,0.028407
0.001362,-0.098672,0.031588
0.001138,-0.106088,0.023017
-0.002029,-0.114512,0.006966
-0.007165,-0.101449,-0.022883
-0.006338,-0.028657,-0.044828
-0.013136,0.076958,-0.033404
-0.012856,0.211347,-0.019548
-0.013146,0.308457,-0.018736
-0.010282,0.338294,-0.015235
-0.002528,0.307338,-0.020701
0.003178,0.237988,-0.030729
0.008678,0.147257,-0.035606
0.011904,0.054327,-0.029875
0.014839,-0.024720,-0.025102
0.017586,-0.085681,-0.012711
0.017298,-0.128491,0.001897
0.011024,-0.152037,0.014431
0.008585,-0.165964,0.024913
0.006152,-0.158509,0.030242
0.003775,-0.139360,0.042064
0.001402,-0.122335,0.052792
-0.002922,-0.124560,0.065559
0.000630,-0.144825,0.064315
0.002215,-0.174574,0.048039
0.001798,-0.178509,0.005302
-0.008325,-0.161263,-0.013828
-0.012617,-0.082041,-0.036837
-0.012731,0.044967,-0.030594
-0.017361,0.187957,-0.022061
-0.012833,0.322320,-0.008135
-0.009877,0.389574,-0.013910
-0.004891,0.380929,-0.007425
-0.000998,0.317960,-0.016299
0.006601,0.211262,-0.031875
0.012931,0.092781,-0.038017
0.015038,-0.003343,-0.034426
0.012974,-0.079157,-0.033889
0.010737,-0.126195,-0.025698
0.013305,-0.148686,-0.014169
0.009929,-0.162643,-0.000469
0.007524,-0.163778,0.012247
0.004147,-0.158459,0.017564
0.003757,-0.144643,0.028286
0.003353,-0.138340,0.044289
0.003927,-0.149075,0.054821
0.003467,-0.176938,0.069539
0.004885,-0.225048,0.077735
0.008106,-0.282729,0.081580
0.005363,-0.315614,0.055692
-0.001320,-0.327042,0.015042
-0.012850,-0.288247,-0.025362
-0.015433,-0.160964,-0.047028
-0.019603,0.022615,-0.034069
-0.018415,0.229573,-0.015431
-0.022494,0.400295,-0.010813
-0.017349,0.480278,-0.007916
-0.010090,0.472842,-0.018526
-0.001027,0.404587,-0.033846
0.005858,0.295756,-0.047350
0.014349,0.190007,-0.044830
0.016667,0.091718,-0.038036
0.014801,0.011515,-0.023626
0.015679,-0.054820,-0.008043
0.014497,-0.111445,-0.001024
0.014166,-0.143544,0.011481
0.009840,-0.155340,0.023034
0.006413,-0.158571,0.031450
0.003993,-0.158596,0.037793
-0.000379,-0.163945,0.044055
0.002100,-0.185343,0.054479
0.001561,-0.222686,0.053103
0.004836,-0.266472,0.054916
0.003131,-0.286612,0.035567
-0.005364,-0.278763,-0.012421
-0.015743,-0.228186,-0.055978
-0.015240,-0.088230,-0.060456
-0.017277,0.107000,-0.037761
-0.020748,0.309647,-0.016956
-0.018761,0.454691,-0.005055
-0.012535,0.495110,0.006088
-0.000466,0.441741,-0.002694
0.005561,0.329691,-0.017225
0.011242,0.195248,-0.031987
0.017490,0.083093,-0.028467
0.015597,-0.012033,-0.017364
0.015408,-0.075120,-0.005011
0.014128,-0.122147,0.004199
0.009821,-0.146813,0.021044
0.006449,-0.156461,0.030489
0.003062,-0.157533,0.034675
0.002604,-0.159698,0.044150
0.002131,-0.167223,0.054688
0.002572,-0.191840,0.065131
0.004902,-0.232471,0.071276
0.007140,-0.280532,0.073069
0.005394,-0.305914,0.045065
0.002694,-0.294807,-0.008271
-0.007762,-0.230536,-0.033469
-0.019979,-0.096905,-0.049708
-0.022014,0.076009,-0.038949
-0.020669,0.258499,-0.028037
-0.016793,0.418536,-0.020334
-0.015516,0.487796,-0.010071
-0.008281,0.483524,-0.017418
-0.001147,0.400250,-0.024293
0.006650,0.275388,-0.035776
0.013135,0.132344,-0.041030
0.017279,-0.008567,-0.045218
0.019060,-0.122853,-0.040678
0.017633,-0.198743,-0.029484
0.017038,-0.230885,-0.012686
0.012464,-0.231043,0.010732
0.006932,-0.215163,0.030020
0.004417,-0.200261,0.038611
0.004870,-0.200338,0.051363
0.002363,-0.216431,0.064003
0.002690,-0.241062,0.072390
0.003937,-0.283803,0.075314
0.004098,-0.330775,0.074968
0.003115,-0.364864,0.065117
-0.000810,-0.369812,0.014909
-0.006592,-0.324481,-0.044616
-0.016084,-0.197178,-0.069473
-0.021341,-0.005010,-0.058670
-0.023109,0.240463,-0.045197
-0.022136,0.482669,-0.029484
-0.021509,0.653283,-0.006806
-0.013769,0.723647,0.002325
-0.009885,0.693733,-0.004110
0.001654,0.580625,-0.019720
0.015746,0.411993,-0.030480
0.021472,0.218782,-0.036127
0.024722,0.025525,-0.035375
0.024560,-0.128191,-0.037580
0.022148,-0.220091,-0.024424
0.020518,-0.258708,0.002970
0.011914,-0.287701,0.030389
0.010085,-0.309148,0.045124
0.006295,-0.342312,0.055519
0.006319,-0.375447,0.063750
0.005283,-0.402225,0.073198
0.002259,-0.424617,0.067736
-0.001798,-0.419009,0.031513
-0.007706,-0.382362,-0.012012
-0.013441,-0.287043,-0.046627
-0.019912,-0.112854,-0.061498
-0.016104,0.123975,-0.037358
-0.023355,0.355360,-0.005659
-0.021166,0.524918,0.012799
-0.014745,0.580281,0.027189
0.000510,0.527982,0.019458
0.004803,0.399959,0.003658
0.012599,0.244171,-0.009186
0.017945,0.084096,-0.018878
0.018939,-0.059963,-0.028461
0.020579,-0.175262,-0.026163
0.019016,-0.250056,-0.012947
0.016249,-0.298175,0.001547
0.011441,-0.314279,0.015262
0.006654,-0.309064,0.031310
0.003842,-0.300649,0.050523
0.002922,-0.311486,0.071780
0.003964,-0.340374,0.079057
0.002945,-0.386286,0.078740
0.005707,-0.417119,0.060404
-0.000320,-0.394352,0.013645
-0.012063,-0.336355,-0.028676
-0.015745,-0.186671,-0.048037
-0.018938,0.031181,-0.048717
-0.025420,0.255230,-0.026843
-0.023465,0.488972,-0.018714
-0.022770,0.654301,-0.001442
-0.013978,0.737512,0.005596
-0.007047,0.739645,0.001436
0.002734,0.674528,-0.005326
0.009293,0.559187,-0.003964
0.015438,0.405423,-0.002907
0.020154,0.230365,-0.009476
0.023455,0.048942,-0.020381
0.024381,-0.109019,-0.026866
0.023953,-0.222169,-0.027723
0.020354,-0.294825,-0.015547
0.015530,-0.346211,0.003276
0.010602,-0.377296,0.016973
0.005693,-0.404100,0.027535
0.005578,-0.436241,0.041192
0.005322,-0.461974,0.053846
0.005959,-0.501582,0.064298
0.005466,-0.536897,0.074722
0.001931,-0.558258,0.074590
-0.000667,-0.544269,0.061855
-0.005111,-0.474427,0.005760
-0.016043,-0.361982,-0.034075
-0.020710,-0.150250,-0.067964
-0.024727,0.097351,-0.050271
-0.025137,0.366222,-0.024893
-0.023749,0.604151,-0.009194
-0.020770,0.733179,0.007823
-0.006899,0.758665,0.021960
0.000040,0.695645,0.018448
0.010622,0.552593,0.013211
0.020716,0.375418,0.005535
0.021442,0.180080,0.000899
0.025521,-0.007843,0.002746
0.026269,-0.152954,-0.005840
0.022786,-0.236217,-0.002286
0.017138,-0.282224,0.014377
0.009368,-0.302640,0.033397
0.004548,-0.314438,0.039728
0.000703,-0.336957,0.052378
0.000662,-0.363719,0.062832
0.002504,-0.404369,0.066929
0.003262,-0.432055,0.055040
-0.000860,-0.419901,-0.000326
-0.012670,-0.367335,-0.031983
-0.016488,-0.227205,-0.059925
-0.017844,-0.021090,-0.062797
-0.024490,0.196541,-0.040935
-0.019728,0.415304,-0.032830
-0.021142,0.564699,-0.025295
-0.015438,0.623319,-0.013112
-0.003888,0.622203,-0.008810
0.002689,0.552746,-0.004963
0.010935,0.442836,-0.011125
0.013917,0.301890,-0.008945
0.019362,0.136409,-0.009090
0.022488,-0.023700,-0.012420
0.025210,-0.152794,-0.018808
0.019833,-0.228564,-0.018388
0.015217,-0.270292,-0.002762
0.009478,-0.294955,0.011983
0.006664,-0.308913,0.021502
0.002870,-0.330354,0.030992
0.003859,-0.356073,0.041516
0.004758,-0.395725,0.055222
0.002565,-0.443835,0.057140
0.003218,-0.462926,0.036804
-0.000965,-0.435889,-0.009921
-0.010841,-0.337383,-0.043424
-0.018432,-0.143911,-0.066700
-0.023451,0.096187,-0.046891
-0.025849,0.354449,-0.030130
-0.026402,0.582875,-0.026280
-0.023436,0.700210,-0.012618
-0.009633,0.734318,-0.005951
-0.004630,0.676760,-0.021251
0.004005,0.555128,-0.031738
0.015173,0.407818,-0.032850
0.022897,0.244466,-0.030871
0.020370,0.084267,-0.022464
0.023312,-0.054552,-0.018157
0.025957,-0.152753,-0.017868
0.019607,-0.215823,-0.004516
0.013992,-0.267233,0.018550
0.014134,-0.300419,0.030050
0.006434,-0.331430,0.032053
0.004545,-0.364611,0.040401
0.004441,-0.402103,0.054054
0.003237,-0.456674,0.065489
0.006755,-0.507854,0.054491
0.004353,-0.529934,0.005337
-0.006832,-0.504000,-0.035030
-0.013968,-0.367000,-0.071551
-0.018623,-0.118178,-0.073077
-0.026469,0.164568,-0.049677
-0.027607,0.447314,-0.028369
-0.028862,0.661774,-0.014980
-0.019875,0.763098,-0.003534
-0.006909,0.758795,-0.002435
0.004914,0.664856,-0.009413
0.011473,0.505769,-0.010525
0.018521,0.315778,-0.015143
0.024982,0.122578,-0.017679
0.027004,-0.050360,-0.016876
0.025712,-0.166734,-0.011427
0.021226,-0.227638,-0.000231
0.014614,-0.264055,0.019685
0.007917,-0.287594,0.030109
0.006130,-0.313206,0.030943
0.003270,-0.352748,0.038084
0.004187,-0.394473,0.047426
0.003020,-0.438278,0.048242
0.003786,-0.447600,0.006642
-0.004178,-0.412963,-0.055005
-0.015845,-0.297363,-0.087371
-0.023303,-0.081639,-0.087039
-0.023286,0.216071,-0.065671
-0.027148,0.552200,-0.049210
-0.032921,0.826383,-0.027906
-0.027440,0.998000,-0.000868
-0.016814,1.044804,0.012465
-0.002344,0.959383,0.003517
0.011732,0.775852,-0.014794
0.022279,0.531479,-0.032528
0.028211,0.276458,-0.050414
0.026690,0.049171,-0.063854
0.023711,-0.122662,-0.069413
0.024305,-0.245414,-0.070357
0.022727,-0.320109,-0.067856
0.020011,-0.378925,-0.047113
0.017068,-0.432437,-0.025191
0.014977,-0.478467,-0.010559
0.006918,-0.540447,-0.002488
0.012321,-0.602508,0.017301
0.013673,-0.629048,-0.004198
-0.000554,-0.622299,-0.051063
-0.016640,-0.548130,-0.106230
-0.018830,-0.331155,-0.125192
-0.032118,-0.029158,-0.097559
-0.031820,0.327286,-0.076852
-0.038201,0.664501,-0.064616
-0.034037,0.877676,-0.029752
-0.014036,0.975674,-0.008596
-0.001667,0.932783,0.004135
0.009454,0.788600,0.002196
0.020079,0.577220,-0.003528
0.029065,0.338128,-0.013755
0.031571,0.109742,-0.025030
0.031598,-0.074945,-0.026386
0.029270,-0.194526,-0.020950
0.022851,-0.258676,-0.002344
0.017234,-0.311090,0.015321
0.013459,-0.367654,0.017999
0.006693,-0.426239,0.002589
0.002841,-0.449404,-0.035026
-0.004918,-0.416000,-0.076377
-0.015491,-0.301566,-0.095945
-0.019949,-0.128644,-0.085207
-0.021059,0.061220,-0.063522
-0.019726,0.245760,-0.049232
-0.017876,0.387666,-0.044847
-0.013739,0.450556,-0.032631
-0.006680,0.483604,-0.030175
-0.002536,0.467483,-0.022691
0.005405,0.409672,-0.008048
0.010181,0.312409,-0.002184
0.012763,0.165034,-0.002083
0.014009,-0.005757,-0.010705
0.019726,-0.171081,-0.034265
0.020266,-0.303309,-0.055495
0.016622,-0.395005,-0.065877
0.008838,-0.451486,-0.073874
0.001986,-0.480134,-0.095462
-0.003830,-0.472494,-0.114665
-0.003848,-0.414758,-0.121791
-0.005672,-0.333564,-0.121353
-0.009185,-0.236436,-0.108039
-0.002649,-0.143616,-0.094658
-0.007610,-0.069988,-0.087758
-0.004675,-0.008227,-0.068070
0.002241,0.037523,-0.046413
0.000506,0.063107,-0.036713
-0.000185,0.057673,-0.020814
0.001976,0.051300,-0.021994
0.002152,0.033153,-0.021084
0.001241,0.013945,-0.022291
-0.000685,-0.002004,-0.031988
0.000312,-0.005172,-0.038379
0.000311,-0.004115,-0.036252
0.003230,0.003307,-0.030835
0.005220,0.026843,-0.037065
-0.001483,0.055629,-0.029435
0.003570,0.095036,-0.013216
0.002829,0.135608,-0.007704
0.001221,0.160068,0.008408
0.001624,0.166401,0.024332
0.005884,0.143898,0.042164
0.012984,0.106415,0.062068
0.016002,0.063525,0.091526
0.021661,0.023708,0.137033
0.025190,0.014761,0.192414
0.023761,0.024934,0.259689
0.020369,0.042583,0.328056
0.018980,0.063485,0.391084
0.011762,0.072790,0.439007
0.009347,0.058803,0.466379
0.007862,0.043925,0.468184
-0.000490,0.026002,0.447592
-0.005926,0.031731,0.406867
-0.015147,0.062161,0.348164
-0.024233,0.118210,0.288608
-0.025236,0.221334,0.212397
-0.031694,0.337171,0.149084
-0.030008,0.451824,0.097569
-0.020165,0.551398,0.059890
-0.012985,0.608252,0.022990
-0.006634,0.626630,-0.010942
-0.001231,0.598079,-0.045331
-0.000872,0.552320,-0.063827
-0.002541,0.496918,-0.080211
-0.000465,0.446700,-0.077330
0.001494,0.390126,-0.074625
0.008267,0.363552,-0.088716
0.013056,0.345561,-0.115401
0.009010,0.369148,-0.135362
0.000126,0.432278,-0.157240
0.001156,0.514614,-0.176856
0.007276,0.615054,-0.200406
0.007798,0.700575,-0.230412
0.007511,0.757280,-0.260650
0.004354,0.782050,-0.298680
-0.002729,0.756576,-0.323303
-0.002156,0.690486,-0.342871
0.007015,0.595513,-0.359359
0.016046,0.474934,-0.375028
0.019926,0.349912,-0.367271
0.011811,0.220554,-0.346823
0.005425,0.089024,-0.324203
0.003846,-0.045686,-0.308986
0.005060,-0.170737,-0.301154
0.009088,-0.267892,-0.304985
0.011003,-0.327741,-0.298975
0.007866,-0.348053,-0.292774
0.025194,-0.295710,-0.291432
0.030856,-0.182776,-0.263866
0.013191,-0.031475,-0.228524
0.006496,0.128301,-0.183540
0.004946,0.283076,-0.160388
0.008509,0.386523,-0.143665
0.019028,0.458706,-0.103368
0.014922,0.515091,-0.071068
0.015638,0.553404,-0.050607
0.010465,0.553216,-0.030246
0.007200,0.506096,-0.013471
0.004831,0.439930,-0.015061
0.006326,0.368423,-0.017726
0.002849,0.294827,-0.029943
-0.000707,0.224494,-0.048566
-0.001395,0.172259,-0.061696
0.000765,0.130625,-0.067231
-0.001052,0.106072,-0.071597
0.003026,0.095461,-0.082300
0.002195,0.097569,-0.081169
0.000405,0.108227,-0.081045
-0.000393,0.103900,-0.075698
-0.000210,0.090012,-0.074730
-0.000032,0.062256,-0.072844
0.001088,0.018443,-0.065733
0.004128,-0.037105,-0.060818
0.000277,-0.109663,-0.062489
0.003216,-0.178926,-0.065425
0.002163,-0.229036,-0.061782
-0.000960,-0.242938,-0.049273
-0.006120,-0.247293,-0.034443
-0.004440,-0.234589,-0.023611
-0.008536,-0.235811,-0.017986
0.003070,-0.235797,-0.037893
0.012797,-0.243266,-0.057825
0.011642,-0.271237,-0.051193
0.011307,-0.330317,-0.028712
0.024543,-0.411456,-0.052300
0.018255,-0.512525,-0.099971
-0.016589,-0.623469,-0.094725
-0.032203,-0.698266,-0.072088
-0.024458,-0.779497,-0.059882
-0.004041,-0.885263,-0.053136
0.012267,-1.024079,-0.044654
0.015479,-1.190538,-0.048172
0.009500,-1.331035,-0.101548
0.004112,-1.468331,-0.149667
0.009874,-1.536213,-0.195245
0.011516,-1.459990,-0.235542
0.004385,-1.293335,-0.232533
0.010187,-1.002186,-0.182568
-0.004775,-0.660075,-0.106393
-0.009105,-0.343657,-0.029174
-0.008706,-0.114660,0.025132
-0.007772,-0.028334,0.032419
0.000158,-0.058089,0.006746
0.007943,-0.141102,-0.027998
0.012515,-0.241180,-0.060818
0.015732,-0.305151,-0.065690
0.012908,-0.322339,-0.046711
0.010084,-0.287205,-0.027377
0.004469,-0.226465,-0.006773
0.001970,-0.159242,0.005311
0.006462,-0.106861,-0.003903
0.009176,-0.067332,-0.014150
0.008203,0.003090,-0.008307
0.003528,0.106454,0.021184
0.001988,0.185198,0.049618
-0.001352,0.198950,0.056327
0.000258,0.157349,0.042337
-0.002191,0.075276,0.020485
-0.002979,-0.015292,-0.006781
-0.005072,-0.105856,-0.037194
-0.007415,-0.185798,-0.059025
-0.006084,-0.241188,-0.078575
-0.003872,-0.259326,-0.082918
-0.005628,-0.255058,-0.087063
-0.006361,-0.251852,-0.093324
-0.006082,-0.257197,-0.099620
-0.003805,-0.275274,-0.111444
-0.001595,-0.292349,-0.112629
0.000547,-0.307301,-0.111676
0.002640,-0.307357,-0.103164
0.003725,-0.281822,-0.089154
0.003938,-0.247786,-0.072890
-0.000659,-0.234020,-0.063083
-0.000291,-0.259535,-0.080282
-0.002937,-0.305212,-0.106313
0.000147,-0.325300,-0.126840
-0.003785,-0.321951,-0.139749
-0.000824,-0.283468,-0.145877
-0.003605,-0.223709,-0.146420
-0.008104,-0.157538,-0.142751
-0.003572,-0.074343,-0.130442
-0.005625,0.002357,-0.110627
-0.005500,0.043883,-0.100623
0.000615,0.055590,-0.094171
0.004771,0.038440,-0.084703
0.005915,0.008493,-0.077457
0.007916,-0.034171,-0.077869
0.007814,-0.087561,-0.071956
0.007468,-0.131267,-0.073490
0.008993,-0.154781,-0.063131
0.007492,-0.182540,-0.058101
0.007852,-0.200663,-0.058299
0.007181,-0.203872,-0.056214
0.003583,-0.186832,-0.049710
0.000054,-0.161277,-0.040980
0.000535,-0.140954,-0.043024
-0.001846,-0.125005,-0.035419
-0.001220,-0.110132,-0.027799
-0.004475,-0.116516,-0.032087
0.001037,-0.145352,-0.030176
0.002523,-0.191206,-0.035875
0.008693,-0.226443,-0.034019
0.009832,-0.243599,-0.025583
0.006028,-0.260723,-0.021414
0.003117,-0.287463,-0.014158
0.006008,-0.303429,-0.015441
0.006942,-0.282040,-0.013293
0.002067,-0.236156,-0.009763
0.002233,-0.194505,-0.008454
0.000647,-0.138873,-0.015679
0.000269,-0.061996,-0.013056
-0.001790,0.010570,-0.011406
-0.004578,0.050090,-0.016399
-0.003309,0.069365,-0.025823
-0.004918,0.074712,-0.027901
-0.002651,0.066208,-0.035378
-0.002419,0.033174,-0.049373
-0.001347,-0.015872,-0.062445
0.003444,-0.048948,-0.070055
0.002267,-0.068145,-0.074429
0.000012,-0.079989,-0.066930
-0.003213,-0.089650,-0.065818
0.000377,-0.104626,-0.062709
0.001970,-0.123886,-0.058555
0.003476,-0.141963,-0.066194
0.003956,-0.159003,-0.069563
0.001423,-0.166394,-0.076106
0.002798,-0.139670,-0.078094
0.002339,-0.089558,-0.068151
-0.000871,-0.044739,-0.064636
-0.000937,-0.006329,-0.059068
-0.000903,-0.004166,-0.061215
0.002072,-0.010579,-0.062287
0.003061,-0.015972,-0.055908
0.003944,-0.043765,-0.052880
0.002747,-0.088579,-0.054315
0.010215,-0.129065,-0.057962
0.007693,-0.151494,-0.051824
0.011008,-0.140912,-0.038953
0.006577,-0.124999,-0.024980
0.005111,-0.117659,-0.004707
0.007627,-0.122034,0.013313
0.012046,-0.130681,0.033399
0.010542,-0.154316,0.057667
0.010861,-0.195044,0.081844
0.010027,-0.245363,0.104858
0.008997,-0.288091,0.110886
0.005883,-0.287867,0.083110
-0.000181,-0.314186,0.033842
0.001462,-0.274397,0.004095
-0.005252,-0.107797,0.005157
-0.008312,0.102231,0.044035
-0.010652,0.282395,0.065890
-0.010334,0.352901,0.042231
-0.008758,0.342348,0.018827
-0.004389,0.290102,0.005726
-0.001350,0.204749,-0.008629
0.000290,0.096949,-0.019941
0.002432,-0.011903,-0.027114
0.005110,-0.099478,-0.022435
0.004569,-0.153924,-0.023880
0.003862,-0.185949,-0.025165
0.001119,-0.194483,-0.026291
0.000356,-0.176261,-0.032623
-0.004157,-0.126073,-0.032290
-0.005532,-0.069466,-0.031946
0.000145,-0.001212,-0.022895
-0.001765,0.046823,-0.024621
0.004371,0.082044,-0.028523
0.000943,0.127869,-0.017520
-0.002363,0.154517,-0.011988
-0.002817,0.118238,-0.021713
0.002460,0.051047,-0.033880
0.008472,-0.005414,-0.044019
0.011315,-0.042792,-0.039028
0.008145,-0.066322,-0.029676
0.004919,-0.078106,-0.019197
0.009462,-0.076032,-0.005427
0.009172,-0.065454,0.011637
0.005969,-0.055958,0.029780
0.005759,-0.054944,0.042477
0.007509,-0.073188,0.059325
0.009120,-0.109534,0.070692
0.010541,-0.166216,0.085181
0.011682,-0.232229,0.061229
0.007782,-0.260884,0.035479
-0.002074,-0.252223,0.022675
0.000823,-0.165836,0.037128
-0.001656,-0.030379,0.053085
-0.004488,0.100855,0.061564
-0.006886,0.184069,0.065459
-0.003144,0.221469,0.057274
-0.008980,0.215146,0.042370
-0.010031,0.169391,0.019681
-0.006413,0.102300,-0.000067
-0.002190,0.026635,-0.013516
0.004604,-0.024604,-0.009719
0.006313,-0.054555,-0.003510
0.005923,-0.086680,0.005924
0.006476,-0.097351,0.004791
0.006080,-0.073871,0.002889
0.001951,-0.035410,-0.003182
0.001841,0.028715,-0.013356
-0.000779,0.138633,-0.009305
-0.007870,0.245555,-0.031964
-0.003804,0.324598,-0.044049
-0.005317,0.358706,-0.041565
-0.006775,0.368365,-0.048950
-0.003365,0.340559,-0.047978
0.002841,0.313662,-0.027761
0.011882,0.292090,-0.002241
-0.003890,0.169257,-0.009250
-0.009440,-0.018415,-0.043616
0.003073,-0.186733,-0.080292
0.012036,-0.303975,-0.094197
0.006780,-0.370194,-0.087286
0.002220,-0.409786,-0.076877
-0.001478,-0.429146,-0.058864
0.001665,-0.447413,-0.040909
0.011588,-0.469015,-0.006943
0.013574,-0.499137,0.025856
0.012458,-0.554871,0.055308
0.017876,-0.649839,0.047173
0.021128,-0.659162,0.018124
0.007973,-0.534912,-0.032244
-0.013497,-0.345768,-0.047031
-0.011622,-0.040497,-0.026882
-0.016238,0.258199,0.011440
-0.002179,0.472698,0.016360
-0.001795,0.574205,0.005370
0.001826,0.580568,0.014938
0.005285,0.581400,0.043799
0.003844,0.572481,0.088647
0.000044,0.403777,0.073894
0.006104,0.131847,0.030335
0.011161,-0.116561,-0.007915
0.015372,-0.241390,-0.005892
0.008288,-0.290530,-0.000937
0.005907,-0.306634,0.008594
-0.001313,-0.297069,0.014004
0.000335,-0.282201,0.027913
0.003062,-0.272696,0.044984
0.004878,-0.249213,0.049350
0.003021,-0.174083,-0.004485
-0.012191,-0.106427,-0.058370
-0.003615,0.076001,-0.033700
0.003861,0.357653,-0.005011
0.002704,0.598710,0.005678
0.001566,0.744924,-0.005690
-0.005888,0.813381,-0.028546
0.002437,0.852699,-0.008958
-0.001707,0.984526,0.072931
-0.003807,0.978872,0.099862
0.005321,0.771726,0.083807
0.007877,0.476481,0.019760
0.016195,0.192907,-0.023099
0.015567,-0.036457,-0.039845
0.014131,-0.191175,-0.043273
0.015151,-0.286247,-0.026038
0.013848,-0.353673,0.003191
0.013291,-0.429670,0.036623
0.014406,-0.507806,0.076324
0.018149,-0.598749,0.116967
0.021387,-0.771652,0.114546
0.022986,-0.930813,0.139772
0.018132,-1.027070,0.180312
0.020502,-1.075511,0.239572
0.024673,-1.025266,0.223025
0.024485,-0.842360,0.149191
0.006534,-0.605286,0.136091
0.011289,-0.150873,0.192673
-0.006259,0.357636,0.285075
-0.011972,0.742615,0.328712
-0.011401,0.955977,0.324392
-0.003002,1.039366,0.293319
0.000687,1.101363,0.285201
-0.006434,1.169567,0.312158
-0.020691,1.102263,0.310747
-0.019856,0.887925,0.261484
-0.005140,0.607824,0.168790
0.010477,0.327645,0.094082
0.017190,0.107085,0.043247
0.008462,-0.027097,0.003751
-0.005666,-0.098508,-0.011715
-0.011225,-0.145396,-0.024830
-0.000281,-0.185807,-0.043314
0.001867,-0.205935,-0.057464
-0.005807,-0.212238,-0.065100
-0.008658,-0.224941,-0.078023
-0.003689,-0.248364,-0.090911
-0.009583,-0.283599,-0.098474
-0.009708,-0.309235,-0.105945
-0.010822,-0.333777,-0.114522
-0.014045,-0.391365,-0.130787
-0.007701,-0.467130,-0.138746
-0.000629,-0.517233,-0.140350
0.001388,-0.492654,-0.137098
-0.006211,-0.408170,-0.150459
-0.006561,-0.287485,-0.147615
-0.004533,-0.146665,-0.126456
0.002937,-0.009134,-0.097776
0.006142,0.105971,-0.074469
0.001941,0.156043,-0.061283
0.003716,0.138850,-0.045428
-0.000514,0.093850,-0.026511
0.003839,0.046698,-0.002333
0.007838,-0.059009,-0.008286
0.016230,-0.209411,-0.037950
0.014263,-0.370306,-0.084899
0.009686,-0.496136,-0.108156
0.002581,-0.570811,-0.117211
-0.002829,-0.627325,-0.125119
-0.002590,-0.657091,-0.137170
-0.003409,-0.641974,-0.156334
-0.011821,-0.533786,-0.199372
-0.022668,-0.415055,-0.226295
-0.012440,-0.214373,-0.221637
-0.009999,0.029134,-0.238949
-0.007342,0.251304,-0.256451
-0.006553,0.533852,-0.202208
-0.010441,0.822525,-0.118946
-0.008553,0.973617,-0.072604
0.001546,0.953056,-0.056340
0.012336,0.784395,-0.064933
0.019205,0.534851,-0.091509
0.028866,0.282225,-0.128883
0.031652,0.066825,-0.149933
0.023735,-0.104014,-0.142742
0.018080,-0.243033,-0.114906
0.024598,-0.353230,-0.084760
0.027831,-0.442150,-0.041718
0.027764,-0.545926,-0.005294
0.027249,-0.649599,0.018314
0.020419,-0.770353,0.040748
0.021869,-0.879451,0.075002
0.019833,-0.996046,0.107169
0.012303,-1.123119,0.112599
0.008130,-1.187966,0.081079
0.001910,-1.089027,0.015070
-0.018582,-0.949100,-0.105072
-0.017700,-0.620346,-0.104613
-0.019757,-0.132108,-0.012389
-0.011779,0.320937,0.065885
0.005059,0.656045,0.060250
0.008028,0.951257,0.118111
-0.004606,1.126057,0.146269
-0.001304,1.129128,0.148730
0.005687,1.012769,0.131132
0.012842,0.810085,0.102057
0.015931,0.559365,0.075755
0.020824,0.305434,0.049454
0.017732,0.062194,0.026328
0.012663,-0.132988,0.003506
0.009818,-0.267441,0.000272
0.007398,-0.364433,-0.010261
0.012452,-0.411379,-0.004398
0.004609,-0.436002,0.009197
0.002617,-0.418846,0.003897
0.001859,-0.347058,-0.026588
-0.004353,-0.225170,-0.045008
-0.005127,-0.044855,-0.026685
-0.007039,0.148120,0.003628
-0.002253,0.297445,0.012392
-0.005580,0.375345,0.007820
-0.001730,0.408429,0.007044
0.001217,0.428551,0.033760
0.002161,0.434800,0.053038
0.004921,0.373954,0.048397
0.010244,0.283269,0.040259
0.013267,0.205462,0.026813
0.011062,0.141425,0.028392
0.007589,0.100866,0.030163
0.005953,0.085927,0.033172
0.005261,0.075265,0.038292
0.004536,0.085964,0.039352
0.000943,0.108400,0.042609
0.003333,0.133023,0.036332
0.001928,0.153336,0.036406
-0.000356,0.164027,0.036443
-0.000667,0.166192,0.032198
-0.002907,0.147074,0.019252
-0.000399,0.116186,0.011518
-0.001914,0.092795,-0.001452
-0.004551,0.072518,-0.003709
-0.004308,0.069260,-0.001497
-0.004054,0.074496,0.007174
0.001076,0.081791,0.023381
0.004293,0.087913,0.052403
0.005548,0.107334,0.029004
0.002068,0.112770,0.023556
-0.000298,0.141019,-0.019358
-0.005390,0.222745,-0.083054
-0.026748,0.314654,-0.099371
-0.036057,0.373318,-0.100899
-0.017940,0.315682,-0.110764
-0.000233,0.160807,-0.098097
0.006051,-0.008043,-0.067503
0.014441,-0.223704,-0.042903
0.033510,-0.455626,-0.115736
0.037265,-0.497521,-0.178814
0.007139,-0.235368,-0.211932
-0.040167,0.284546,-0.177826
-0.068561,0.907471,-0.081937
-0.065124,1.480586,-0.039659
-0.035272,1.821493,0.041045
-0.001799,1.928173,0.039934
0.037232,1.870211,0.048699
0.057017,1.821821,0.058676
0.040252,1.840802,0.055247
0.001533,1.848476,0.001443
-0.010027,1.799457,-0.052482
-0.007331,1.662242,-0.141594
-0.007134,1.411280,-0.259997
0.039914,1.089700,-0.350264
0.082208,0.828247,-0.352441
0.074845,0.745511,-0.284719
0.076906,0.817032,-0.153800
0.074164,0.954428,0.022346
0.052135,1.052629,0.166033
0.054785,1.070426,0.225648
0.044777,0.981682,0.255684
0.027545,0.851351,0.264372
0.011152,0.697754,0.240939
0.011036,0.546383,0.196372
0.000986,0.419535,0.146835
-0.013034,0.299382,0.073582
-0.008624,0.219879,-0.006911
-0.018942,0.143221,-0.040434
-0.027519,0.090935,-0.046110
0.011675,0.105730,-0.033057
0.039140,0.107496,0.011846
0.017601,0.085699,0.064098
0.007838,0.063136,0.081043
0.025478,0.027922,0.080743
0.017564,-0.016722,0.063179
-0.006030,-0.081601,0.042197
-0.015025,-0.147414,0.003084
-0.006451,-0.236975,-0.010422
-0.010730,-0.392313,0.052604
0.005135,-0.674181,0.182051
0.049809,-1.060520,0.293606
0.106729,-1.399495,0.330230
0.106586,-1.601443,0.280070
0.068912,-1.724654,0.246864
0.031515,-1.720444,0.343969
-0.005426,-1.786773,0.036368
0.006979,-1.838431,0.151773
-0.021706,-2.008076,0.191766
0.015182,-2.310208,0.139390
0.046844,-2.596181,0.088840
0.037310,-2.634021,-0.136442
0.009863,-2.367780,-0.355902
-0.075334,-2.146935,-0.153472
-0.072377,-1.732383,0.622935
-0.054364,-1.462013,1.285502
0.014785,-1.629774,1.089119
0.149624,-1.762910,0.601367
0.035617,-1.232514,0.158085
-0.126192,-0.317151,-0.201419
-0.124356,0.158673,-0.629759
-0.086960,0.200137,-0.896751
-0.062005,0.092782,-1.021825
0.015734,-0.071594,-1.028331
0.096531,-0.202124,-0.910705
0.096286,-0.234554,-0.689909
0.034269,-0.184862,-0.477711
-0.016282,-0.072747,-0.307163
-0.029744,0.037142,-0.212395
-0.006323,0.113445,-0.148664
0.013360,0.134732,-0.128472
0.020218,0.152913,-0.101233
0.032733,0.184797,-0.054614
0.040383,0.213416,-0.010990
0.046245,0.242806,0.048056
0.043435,0.250726,0.119808
0.035609,0.236254,0.189231
0.024844,0.214642,0.223220
0.019906,0.186783,0.242109
0.016720,0.154881,0.234226
0.007497,0.132781,0.194537
-0.013528,0.130694,0.184984
-0.025811,0.063160,0.096665
-0.017967,-0.056550,0.105577
-0.020550,-0.296489,0.067574
-0.001046,-0.705473,0.081593
0.013146,-1.328673,0.192096
0.028943,-2.081736,0.280785
0.030077,-2.919975,0.354655
0.002916,-3.829538,0.404463
-0.045763,-4.788392,0.351198
-0.085992,-5.807252,0.196981
-0.102818,-6.849185,-0.000320
-0.105319,-7.792125,-0.144894
-0.117283,-8.591515,-0.222084
-0.128360,-9.393906,-0.362570
-0.058285,-10.202912,-0.662210
0.083777,-10.915272,-1.127856
0.213151,-11.167000,-1.278762
0.322800,-11.498792,-0.960696
0.308763,-11.449453,-0.980806
0.325299,-10.913462,-0.994857
0.300173,-10.278686,-0.979688
0.283503,-9.518776,-0.745267
0.261362,-8.336301,-0.196304
0.148214,-6.685086,0.391440
0.021840,-4.647009,0.815022
-0.116633,-2.467106,0.963614
-0.252106,-0.370476,0.811108
-0.332853,1.295541,0.433342
-0.350272,2.401856,0.074219
-0.299827,2.989027,-0.242926
-0.186039,3.119489,-0.446128
-0.043860,2.881394,-0.484396
0.080353,2.438791,-0.321092
0.179572,1.907299,-0.005358
0.256381,1.360362,0.270082
0.301875,0.850222,0.398413
0.310671,0.938368,0.481836
0.198105,0.789769,0.393787
0.152644,0.756337,0.289144
0.170356,0.891218,0.276617
0.061965,1.260565,0.325415
0.007210,1.941256,0.337050
-0.058905,2.745622,0.304006
-0.088465,3.170795,0.474065
0.035520,3.426579,0.617908
0.115320,3.720066,0.619255
0.160168,4.036902,0.620087
0.213310,4.400196,0.674898
0.213730,4.819900,0.748344
0.174614,5.281380,0.799767
0.105262,5.627145,0.783804
0.029680,5.708854,0.715969
-0.036972,5.608302,0.621981
-0.084371,5.391521,0.505871
-0.081572,5.232548,0.384541
-0.035977,5.099792,0.352480
0.036195,4.890973,0.367615
0.109509,4.565454,-0.254143
0.180924,4.264645,-0.275810
0.176090,4.057156,0.104357
0.110977,4.015168,-0.330086
0.092715,3.658430,-0.830053
0.111400,3.946799,-0.587382
-0.029951,4.458027,-0.457798
-0.045569,4.781022,-0.315100
0.010859,4.458188,-0.825308
0.136394,4.241258,-0.599038
0.079204,4.164608,-0.426906
0.033611,4.053918,-0.208284
0.011953,3.581874,-0.176755
0.030065,3.177029,-0.079040
0.020490,2.758329,-0.086769
0.044277,2.565572,0.022137
0.051544,2.362188,0.107833
0.061410,2.178053,0.143389
0.100873,1.960693,0.176954
0.122161,1.613674,0.143201
0.142820,1.313691,0.134723
0.107285,0.986046,0.111154
0.112399,0.705737,0.042015
0.082415,0.524009,0.063279
0.028221,0.368800,0.096689
-0.007918,0.213759,0.115018
-0.016015,0.098472,0.115195
-0.003071,-0.009355,0.119642
0.023141,-0.083113,0.139224
0.052019,-0.072543,0.165721
0.060520,0.022111,0.216504
0.040170,0.162471,0.282789
0.026248,0.298324,0.379986
0.026578,0.468577,0.459033
0.031690,0.715412,0.548792
0.019347,0.995076,0.663540
-0.017994,1.077585,0.716334
-0.035941,0.950674,0.677419
-0.058903,0.744225,0.485241
-0.057397,0.513442,0.280801
-0.080374,0.252802,0.058278
-0.065180,0.028242,-0.139362
-0.040987,-0.111448,-0.270139
-0.017413,-0.187630,-0.331048
0.002089,-0.143690,-0.335355
0.004282,-0.023705,-0.258528
0.000056,0.153568,-0.136410
-0.012196,0.325754,-0.045318
-0.008004,0.439481,0.009120
0.011214,0.505459,0.036302
0.019721,0.531858,0.076993
0.020390,0.515619,0.104655
0.020977,0.462071,0.121441
0.025184,0.384942,0.144574
0.032007,0.290725,0.161327
0.028724,0.174066,0.174842
0.024157,0.021234,0.168942
0.012340,-0.164228,0.107204
0.000238,-0.272345,0.019678
-0.008376,-0.361499,-0.042997
-0.017401,-0.365372,-0.090081
-0.029272,-0.337371,-0.122934
-0.026332,-0.297626,-0.149429
-0.022210,-0.247253,-0.158989
-0.016028,-0.210728,-0.171868
-0.003941,-0.214923,-0.174190
0.003218,-0.235150,-0.173441
0.011282,-0.254397,-0.157811
0.015415,-0.273629,-0.147453
0.015563,-0.297164,-0.141224
0.014642,-0.313242,-0.132807
0.011735,-0.307988,-0.115819
0.008844,-0.276130,-0.091090
0.007039,-0.228208,-0.077878
0.002512,-0.196316,-0.066835
0.000961,-0.195403,-0.055964
-0.001606,-0.219100,-0.039897
-0.002292,-0.275758,-0.036975
0.002653,-0.338764,-0.036339
