0.001906,0.035216,-0.019830
0.001728,0.031999,-0.017726
0.001603,0.019126,-0.010335
0.003491,-0.004301,-0.009555
0.004484,-0.022539,-0.002130
0.003596,-0.039709,0.006342
0.001760,-0.041888,0.010626
0.003792,-0.035220,-0.039165
0.001984,-0.016452,-0.365539
0.011534,-0.007280,-0.494708
0.019559,0.026090,-0.123581
0.007056,0.057729,-0.010437
0.000760,0.072653,-0.010267
0.003280,0.059929,-0.023136
0.006113,0.040711,-0.025365
0.005889,0.013953,-0.021197
0.004801,-0.015974,-0.021325
0.002365,-0.035252,-0.016076
-0.015293,-0.038562,-0.003269
-0.019740,-0.031143,0.003201
-0.013693,-0.010848,0.004365
-0.014418,0.008375,0.006579
-0.011441,0.022292,0.005538
-0.009617,0.028692,0.007689
-0.008201,0.026546,0.008746
-0.004969,0.006273,0.004386
-0.001710,-0.011893,0.006391
-0.003144,-0.019447,0.011777
-0.002315,-0.023700,0.007518
-0.003375,-0.020521,0.008647
-0.000730,-0.009793,0.004407
-0.001138,0.004102,0.003419
-0.001746,0.019092,0.000275
-0.001669,0.025609,-0.010426
-0.000737,0.029885,-0.008317
-0.000791,0.019211,-0.010492
-0.002723,0.006385,-0.008453
-0.003510,-0.005430,-0.002077
-0.002285,-0.017234,0.004270
-0.000017,-0.022672,0.014952
-0.000583,-0.024805,0.014930
-0.000214,-0.020536,0.017055
-0.000945,-0.008754,0.013903
-0.000753,0.006210,0.013965
0.001266,0.020183,0.005451
0.001269,0.027696,0.000174
0.002167,0.025613,-0.006251
0.000111,0.017113,-0.012694
0.000012,0.010721,-0.015912
0.002864,0.002161,-0.015924
0.005809,-0.002162,-0.010592
0.002930,-0.004309,-0.009530
0.001054,-0.008586,-0.009543
-0.000779,-0.003269,-0.006314
-0.002708,0.005285,-0.007329
-0.003639,0.009522,-0.000938
-0.001674,0.013786,0.001202
-0.003643,0.020178,0.004422
-0.002659,0.015868,0.008678
-0.002613,0.001945,0.011831
0.001421,-0.008765,0.013933
0.001582,-0.023726,0.013863
-0.000180,-0.028025,0.017042
0.001037,-0.022684,0.017074
0.002151,-0.006632,0.013953
0.005221,0.013696,0.010850
0.006237,0.031919,0.005561
0.005262,0.039517,-0.009353
0.003181,0.034185,-0.010453
0.004061,0.014967,-0.013727
0.004037,-0.011742,-0.014914
0.003052,-0.033144,-0.011800
0.002097,-0.042792,-0.008630
0.001174,-0.033214,-0.004299
-0.001733,-0.021502,0.002146
-0.002702,0.005229,0.001184
-0.001709,0.023338,0.007694
-0.000785,0.034039,0.004570
-0.000812,0.025442,0.009882
0.001167,0.005188,0.004427
0.003160,-0.012970,0.003272
0.005199,-0.022559,0.001062
0.005237,-0.018237,-0.005315
0.002304,-0.002207,-0.006287
0.000300,0.014937,-0.011557
-0.002698,0.026713,-0.015741
-0.000853,0.029908,-0.014650
0.000024,0.024504,-0.008243
0.001960,0.003096,-0.004068
0.001038,-0.015137,0.004386
0.002094,-0.029017,0.005336
0.001282,-0.027969,0.008532
0.001406,-0.019431,0.011738
0.001539,-0.001210,0.006453
0.000592,0.022330,0.003348
-0.001471,0.042691,-0.002980
-0.000629,0.051291,-0.008301
0.004123,0.044906,-0.013631
0.004911,0.037421,-0.013653
0.004759,0.018197,-0.015867
0.003691,-0.001056,-0.014864
0.003646,-0.009567,-0.019187
0.002628,-0.012819,-0.014899
0.001653,-0.009645,-0.010618
-0.000297,-0.002183,-0.008443
-0.001282,0.010601,-0.004096
-0.002330,0.018010,0.003446
-0.000387,0.022241,0.009855
0.000607,0.026497,0.012015
0.002550,0.016894,0.011931
0.001612,0.008365,0.010795
0.002690,-0.001289,0.013981
0.002811,-0.011950,0.009679
0.001947,-0.021540,0.006426
0.003030,-0.019403,0.006439
0.004046,-0.007596,0.000081
0.003030,0.007381,-0.000935
0.002975,0.022361,-0.004052
0.002884,0.032010,-0.007226
0.000837,0.029847,-0.005078
0.001732,0.013851,-0.007333
0.001719,-0.009649,-0.007469
0.001732,-0.021472,-0.001073
0.000825,-0.037526,0.002055
0.001886,-0.039744,0.011668
0.002054,-0.028003,0.013851
0.000205,-0.006680,0.018262
-0.000693,0.016831,0.018371
0.000318,0.037200,0.009931
0.000281,0.043692,0.001386
0.001161,0.037347,-0.006138
0.001035,0.018160,-0.011585
0.002932,-0.009639,-0.008541
0.002942,-0.026766,-0.004362
0.002990,-0.032116,-0.003323
0.003034,-0.025719,-0.001163
-0.001790,-0.014058,0.009596
-0.000733,-0.000210,0.013960
-0.001628,0.011546,0.014012
0.000395,0.017879,0.021570
0.002444,0.009329,0.022575
0.002551,0.002920,0.021493
0.005610,-0.013125,0.022504
0.004785,-0.021634,0.017130
0.002980,-0.029111,0.016040
-0.000785,-0.029127,0.015035
0.000342,-0.020637,0.020461
0.003416,-0.018566,0.026917
0.006539,-0.016494,0.035464
0.005754,-0.015429,0.038615
0.004966,-0.016417,0.032125
0.004198,-0.020639,0.028831
0.004403,-0.030208,0.026566
0.006569,-0.039725,0.016846
0.004788,-0.037538,0.011498
0.004903,-0.034287,0.007212
0.003009,-0.028940,0.007228
0.005050,-0.017156,0.003026
0.003105,-0.004323,-0.001124
0.003096,0.008500,-0.003153
-0.000907,0.013965,-0.019131
-0.004978,0.008618,-0.021237
-0.006059,-0.012778,-0.020233
-0.007091,-0.025658,-0.014916
-0.008009,-0.038582,-0.002164
-0.005963,-0.039717,0.008461
-0.003880,-0.031260,0.019201
-0.003760,-0.004578,0.024643
-0.005573,0.026378,0.028016
-0.002528,0.047754,0.026016
0.001482,0.047768,0.025978
0.005458,0.038212,0.020542
0.008447,0.020129,0.013963
0.010471,0.002047,0.005291
0.011473,-0.006444,-0.001174
0.009564,-0.010659,-0.008670
0.009531,0.000063,-0.014988
0.008507,0.009699,-0.020221
0.009351,0.017184,-0.023335
0.007214,0.024697,-0.028612
0.003108,0.018216,-0.021143
0.002967,0.009663,-0.021173
-0.001065,0.006435,-0.017991
-0.001198,-0.008518,-0.019130
-0.006155,-0.019268,-0.012739
-0.007058,-0.029018,0.002203
-0.006024,-0.035492,0.007564
-0.006822,-0.037678,0.012909
-0.005691,-0.031345,0.022558
-0.003569,-0.015347,0.027944
-0.000474,0.003867,0.033322
0.001575,0.021022,0.029071
0.004637,0.030705,0.023715
0.005666,0.037233,0.014028
0.009586,0.025597,0.003204
0.010559,0.008638,-0.009789
0.009545,-0.004156,-0.015153
0.007517,-0.020156,-0.019488
0.006463,-0.025517,-0.021559
0.006422,-0.025618,-0.012928
0.006333,-0.018195,-0.010654
0.003357,-0.006469,-0.009476
0.000347,0.008479,-0.008324
-0.002674,0.017007,-0.008231
-0.000766,0.017031,-0.009338
0.000160,0.011685,-0.008310
0.001136,0.006332,-0.004127
-0.000836,0.001023,-0.006333
-0.002810,-0.006432,-0.009572
-0.003809,-0.006372,-0.016002
-0.004879,0.001099,-0.014898
-0.004982,0.009652,-0.014869
-0.004131,0.018166,-0.011600
-0.003260,0.024541,-0.008335
-0.002358,0.021248,0.000244
0.002534,0.011594,0.005522
0.005537,-0.003375,0.007566
0.007622,-0.014019,0.004269
0.007725,-0.021484,0.002098
0.005835,-0.028941,-0.000089
0.004956,-0.033180,-0.004385
0.004978,-0.023574,-0.002218
0.005901,-0.010690,-0.009634
0.004839,0.001086,-0.011725
0.005682,0.008598,-0.015958
0.005545,0.019314,-0.022260
0.002446,0.019307,-0.023285
0.001330,0.011791,-0.020092
0.000225,0.009614,-0.016859
-0.001828,0.006303,-0.006142
0.000103,-0.006585,0.001286
0.000188,-0.007716,0.009810
-0.000727,-0.009886,0.014069
-0.001579,-0.003494,0.017289
-0.002424,0.005054,0.019422
-0.003310,0.009392,0.011956
-0.001308,0.015770,0.016258
0.001704,0.017924,0.013086
0.001757,0.012608,0.011947
0.004712,0.008422,0.003328
0.005661,0.011675,-0.000963
0.004593,0.017098,-0.010559
0.002500,0.018225,-0.016982
0.003364,0.017207,-0.023394
0.002254,0.014021,-0.026598
0.003090,0.008665,-0.025543
0.002937,0.001140,-0.019188
0.001853,-0.004225,-0.017065
0.000815,-0.003233,-0.007447
-0.002167,0.002064,-0.002072
-0.001215,0.006278,0.005426
0.000768,0.008377,0.009718
0.000831,0.007290,0.011854
0.001916,0.007281,0.012923
0.000995,0.006242,0.009703
0.003952,0.009502,0.002256
0.003946,0.010567,0.002271
0.004897,0.008457,-0.001994
0.002901,0.008498,-0.007329
0.002821,0.008537,-0.011613
0.002733,0.009598,-0.010543
0.000685,0.007503,-0.015894
0.001575,0.010719,-0.016950
0.002439,0.011800,-0.016977
0.002309,0.018205,-0.013790
0.003160,0.023536,-0.012689
0.003049,0.019249,-0.011631
-0.000936,0.017069,-0.005254
-0.000977,0.012687,0.005464
-0.001913,0.004096,0.009718
-0.000843,-0.001290,0.013986
-0.001729,-0.000250,0.016159
-0.000683,-0.002381,0.016132
0.002335,-0.004482,0.012891
0.004383,0.000848,0.015040
0.005420,0.007301,0.010778
0.004459,0.013797,0.001179
0.003424,0.020268,-0.007312
0.003325,0.017144,-0.017998
0.003190,0.007508,-0.016950
0.003093,0.001100,-0.019082
0.003025,-0.008572,-0.011666
0.000024,-0.008580,-0.010599
-0.000033,-0.005366,-0.009560
-0.001064,0.009546,-0.003085
-0.003107,0.027698,-0.000871
-0.002191,0.041584,0.001302
-0.001300,0.050083,0.006703
0.001559,0.046913,0.003458
0.003497,0.026622,0.001236
0.006434,-0.002228,-0.001001
0.008486,-0.029002,0.004254
0.006660,-0.042914,0.006335
0.004813,-0.045049,0.006318
0.003895,-0.027875,-0.003213
0.002924,-0.005402,-0.006327
0.001889,0.017076,-0.011548
-0.001183,0.034198,-0.014667
-0.002313,0.038488,-0.016778
-0.000518,0.026727,-0.015773
0.002286,0.010686,-0.012678
0.002250,-0.010790,-0.001006
0.002293,-0.032172,0.002055
0.001438,-0.040749,0.004180
-0.000390,-0.041824,0.006282
0.001694,-0.029015,0.008474
0.000790,-0.008685,0.006410
0.001789,0.015919,0.003321
0.000746,0.035214,-0.005112
0.000606,0.036293,-0.006182
0.001525,0.025624,-0.008366
0.003382,0.007477,-0.011640
0.003360,-0.019251,-0.010689
0.005342,-0.034234,-0.007562
0.003434,-0.038516,-0.006516
-0.000438,-0.029972,-0.005418
0.000529,-0.008655,-0.000991
-0.000443,0.009496,0.002274
0.000484,0.031923,0.003463
0.000422,0.043692,0.003482
0.001306,0.046925,0.001333
0.002201,0.039492,-0.003008
0.003105,0.016026,-0.008465
0.004088,-0.013911,-0.007519
0.004154,-0.035296,-0.007586
0.003229,-0.046028,-0.004381
0.002324,-0.051398,-0.000151
0.002392,-0.037522,0.002048
0.001427,-0.011857,0.001077
-0.001561,0.024491,0.000162
-0.002632,0.050153,-0.001846
-0.000796,0.059771,-0.000758
0.001065,0.043782,-0.006165
0.001040,0.013828,-0.002040
0.004026,-0.019331,-0.000021
0.005107,-0.046095,0.005207
0.004268,-0.060016,0.007309
0.003444,-0.054738,0.014824
0.002603,-0.033342,0.011726
-0.000280,-0.001240,0.007581
-0.001294,0.031929,0.003445
-0.001374,0.057657,-0.003964
0.001393,0.059897,-0.014681
0.004152,0.042863,-0.022248
0.005962,0.016149,-0.023424
0.003905,-0.018096,-0.020319
0.004862,-0.048094,-0.012943
0.004897,-0.058866,-0.002311
0.003018,-0.047190,0.006319
0.003138,-0.021589,0.011789
-0.001703,0.012660,0.005536
-0.002686,0.041533,0.002480
-0.003739,0.046864,0.003582
-0.002829,0.036226,-0.000775
0.000099,0.011637,0.002274
0.002107,-0.016138,0.003165
0.004131,-0.032182,0.005220
0.003217,-0.036466,0.007315
0.002328,-0.028986,0.007353
-0.000520,-0.011887,0.005339
0.000473,0.006270,0.006496
-0.000516,0.027624,0.008735
0.003361,0.028748,0.002322
0.003325,0.022337,0.000199
0.005277,0.004167,0.000118
0.004358,-0.017220,-0.000989
0.003458,-0.038611,0.000004
0.003582,-0.048238,-0.000016
0.003675,-0.045026,-0.001062
0.000790,-0.026856,-0.000985
-0.001168,-0.004402,-0.000915
-0.002194,0.016931,0.005562
0.000718,0.026561,0.005575
0.000707,0.027621,0.009785
0.003665,0.016944,0.008668
0.001767,-0.000175,0.011778
0.002881,-0.017303,0.013868
0.003033,-0.035446,0.010585
0.004134,-0.037625,0.012776
0.003254,-0.031169,0.007463
0.001325,-0.010821,0.002212
-0.000674,0.014872,-0.003015
-0.000786,0.038448,-0.008304
0.000057,0.053444,-0.012509
0.000820,0.051327,-0.016758
0.001650,0.033133,-0.014680
0.003544,0.003214,-0.013781
0.004539,-0.021423,-0.007468
0.003605,-0.035345,-0.003273
0.002671,-0.039626,-0.001186
-0.000179,-0.028988,0.005265
-0.003036,-0.007642,0.008573
-0.004012,0.014801,0.008674
-0.002080,0.028710,0.007649
0.001815,0.036239,0.002326
0.002747,0.034132,-0.001947
0.003663,0.020270,-0.005224
0.005567,-0.003249,-0.006357
0.004574,-0.024646,-0.006394
0.004644,-0.040694,-0.005377
0.004692,-0.043941,-0.001100
0.003787,-0.032203,0.001092
-0.000091,-0.009738,-0.000959
-0.000139,0.016978,0.001258
-0.001199,0.039417,0.001369
0.000678,0.045848,0.000305
-0.000306,0.033042,-0.000848
0.002625,0.008477,-0.002043
0.002686,-0.018247,-0.001102
0.004716,-0.039647,0.003053
0.003835,-0.041794,0.003066
0.001913,-0.028996,0.005285
0.000982,-0.006533,0.002194
0.000925,0.019167,-0.003051
-0.001123,0.038385,-0.001868
-0.000228,0.041633,-0.006145
0.003597,0.027779,-0.008401
0.004518,0.005357,-0.010649
0.001556,-0.018170,-0.009670
0.000594,-0.036406,-0.003298
0.001630,-0.039665,0.001007
0.003659,-0.031192,0.009614
0.002739,-0.018349,0.007531
0.000859,0.000862,0.010822
-0.000084,0.021168,0.008822
-0.002058,0.035059,0.007843
0.000833,0.027595,0.006719
-0.000107,0.008410,0.002313
0.003869,-0.008691,0.004333
0.005904,-0.024703,0.003168
0.002092,-0.030032,0.002059
0.001159,-0.022524,-0.001116
0.003122,-0.003252,-0.004257
0.000106,0.022405,-0.005209
-0.000047,0.045913,-0.005093
0.000754,0.055504,-0.001839
0.003565,0.048043,-0.004021
0.006429,0.020236,-0.001998
0.007452,-0.013958,-0.001121
0.005609,-0.040716,0.003047
0.004772,-0.055694,0.003022
0.002974,-0.052525,0.006271
0.000136,-0.035403,0.002106
-0.001808,-0.005472,0.001178
-0.000906,0.022340,-0.002947
-0.001976,0.041581,-0.002871
0.000828,0.046939,-0.004975
0.002702,0.031965,-0.001876
0.003669,0.005229,0.000141
0.005729,-0.025768,0.001061
0.002913,-0.049282,0.000961
0.000154,-0.061041,0.000915
0.000267,-0.048230,0.002055
0.000299,-0.020419,0.000024
-0.001732,0.014871,-0.001968
-0.002802,0.048006,-0.001830
-0.004894,0.068315,-0.002795
0.001793,0.067215,0.000421
0.004674,0.044788,-0.001815
0.003697,0.011659,-0.000921
0.004689,-0.022517,-0.004273
0.005742,-0.049247,-0.002270
0.003884,-0.054602,-0.000173
0.003001,-0.043910,-0.000136
0.002050,-0.015053,-0.001057
0.000030,0.020223,-0.000920
-0.000091,0.049074,-0.000779
0.002741,0.056589,-0.003972
0.002623,0.043786,-0.007223
0.004538,0.018132,-0.008372
0.004518,-0.011850,-0.002081
0.004590,-0.042837,-0.003280
0.004692,-0.055700,0.000947
0.002853,-0.052505,0.003082
0.000960,-0.033287,0.004262
0.000016,-0.004436,0.004404
-0.001947,0.026568,0.004515
-0.000057,0.047949,0.003548
0.001828,0.052282,-0.001814
0.003681,0.040581,-0.007240
0.002624,0.020270,-0.006272
0.003579,-0.011772,-0.008558
0.004589,-0.038522,-0.004413
0.004662,-0.046023,-0.003348
0.002745,-0.040708,0.000936
0.001829,-0.020412,0.002098
-0.001130,0.005225,0.002244
-0.002159,0.030891,0.000223
-0.001230,0.043716,-0.000764
-0.003270,0.044757,0.002450
0.002563,0.026612,0.000216
0.005484,0.001022,-0.004239
0.004508,-0.023569,-0.003276
0.002590,-0.041751,-0.002275
0.002697,-0.044997,0.001999
0.003771,-0.036538,0.010642
0.000942,-0.020502,0.010700
0.001988,0.000887,0.008664
0.000028,0.021251,0.002329
-0.001019,0.036242,-0.000816
-0.002084,0.037359,-0.006167
0.001733,0.024584,-0.011583
0.003601,0.009639,-0.013787
0.002577,-0.004274,-0.010661
0.002548,-0.013897,-0.009644
0.001530,-0.012842,-0.008558
0.000511,-0.003263,-0.004229
-0.002469,0.008426,0.002274
-0.001529,0.023356,0.006608
-0.001538,0.031879,0.009853
0.001387,0.027573,0.014098
0.003401,0.015866,0.009732
0.004456,-0.003374,0.010700
0.004546,-0.016193,0.008536
0.004670,-0.026885,0.008504
0.003783,-0.031137,0.004241
0.002875,-0.025751,-0.002121
0.002864,-0.012898,-0.005274
0.000840,0.006368,-0.009447
0.000740,0.023456,-0.007249
0.000602,0.028785,-0.005096
0.001545,0.022379,-0.004095
0.004443,0.018061,0.000182
0.003474,-0.002235,-0.000980
0.000612,-0.023638,0.002136
0.000742,-0.035367,-0.001125
0.002730,-0.032183,0.002085
0.001796,-0.016125,-0.001052
-0.002163,0.009521,-0.000927
-0.003244,0.034104,-0.001869
-0.001405,0.049074,-0.001823
-0.000526,0.048040,-0.005056
0.002322,0.037360,-0.006169
0.003256,0.011711,-0.006286
0.004251,-0.018225,-0.004297
0.003353,-0.037522,0.002048
0.002457,-0.041774,-0.000122
0.002515,-0.032169,0.001003
0.000569,-0.010828,0.005369
0.000574,0.014850,0.002270
0.000510,0.038351,0.002406
0.001405,0.042648,0.000274
0.002323,0.036267,-0.001928
0.004221,0.015974,-0.003099
0.004209,-0.008575,-0.006428
0.005235,-0.024661,-0.001126
0.003339,-0.031109,0.003121
0.002405,-0.023660,0.004284
0.000481,-0.008745,0.008657
0.000499,0.005180,0.004453
-0.000443,0.015864,0.004509
0.000520,0.023406,-0.001891
-0.000483,0.020186,0.000221
0.000485,0.013828,-0.004130
0.001417,0.001022,-0.005283
0.003371,-0.005442,0.001098
0.003381,-0.002250,0.001150
0.001403,-0.002234,0.000063
0.001406,-0.002230,-0.000995
0.000431,-0.004335,-0.004227
0.000449,-0.007577,0.000035
-0.000506,-0.007603,0.003241
0.000514,-0.005499,0.007521
0.001534,-0.003348,0.006450
0.000608,0.000935,0.005401
0.002570,0.005224,0.002246
0.000617,0.010595,-0.001985
0.000588,0.010620,-0.004141
0.000524,0.010610,-0.003069
0.002448,0.000984,-0.002047
0.004386,-0.006508,0.000041
0.005401,-0.007637,0.005422
0.002515,-0.004358,-0.002074
0.001542,0.005289,-0.005242
0.000499,0.010669,-0.008451
-0.000526,0.017094,-0.010548
-0.000642,0.013879,-0.010538
-0.000695,0.004232,-0.007370
0.000279,-0.008630,-0.002102
0.002254,-0.017207,0.002116
0.000339,-0.015126,0.008545
-0.001565,-0.006578,0.009634
0.001383,0.004097,0.011809
-0.000526,0.012616,0.015064
0.001499,0.020041,0.020471
0.002572,0.017898,0.021523
0.005620,-0.001323,0.021393
0.007699,-0.015123,0.011676
0.006877,-0.019392,0.007459
0.003017,-0.027890,-0.000034
0.001155,-0.039630,-0.002220
0.001205,-0.039656,-0.001106
0.001249,-0.032146,-0.003240
0.002244,-0.019354,0.001085
0.001260,-0.003305,0.000065
0.002229,0.018100,-0.003058
0.000171,0.037361,-0.006173
-0.001906,0.042740,-0.010425
-0.002054,0.036334,-0.012561
0.000820,0.007458,-0.008455
0.002791,-0.022500,-0.004316
0.004829,-0.049265,0.001963
0.002989,-0.055730,0.008345
-0.000806,-0.041873,0.011640
-0.001689,-0.019405,0.009584
-0.002641,0.011588,0.009724
-0.000705,0.038336,0.006627
-0.000789,0.057601,0.002456
0.002045,0.054446,-0.003968
0.001967,0.026638,-0.001946
0.003957,-0.007571,-0.003118
0.005987,-0.038607,0.002086
0.006118,-0.052494,0.000962
0.004247,-0.048216,0.002018
0.003291,-0.025730,-0.003223
0.000344,0.003133,-0.004159
-0.001696,0.032000,-0.005106
-0.001800,0.044821,-0.003992
-0.000940,0.042727,-0.008299
0.001950,0.023447,-0.001999
0.004880,-0.002192,-0.002139
0.003931,-0.025727,-0.000093
0.005008,-0.038588,0.002034
0.001185,-0.041804,0.004138
0.001267,-0.030033,0.002061
-0.001632,-0.007616,0.005368
0.000284,0.018047,0.003355
0.000239,0.034119,0.000182
0.001133,0.041608,-0.000853
0.000075,0.035171,0.000230
0.001976,0.014896,-0.003077
0.003963,-0.008626,-0.002109
0.004002,-0.031056,-0.004339
0.003089,-0.044972,-0.001204
0.002170,-0.044959,-0.002283
0.000273,-0.025748,0.001009
0.000267,-0.003299,0.000048
-0.002692,0.019146,-0.000902
-0.000800,0.030913,-0.001924
0.000111,0.037322,-0.000842
0.001999,0.025585,-0.003035
0.001959,0.002087,-0.004221
0.002989,-0.017189,-0.000025
0.004055,-0.030036,0.002068
0.004096,-0.037532,0.004166
0.003218,-0.029003,0.006351
0.001292,-0.009755,0.004316
-0.001661,0.014839,0.001255
-0.001736,0.033038,-0.002926
-0.000820,0.036249,-0.003970
0.001062,0.034119,-0.004002
0.001979,0.012821,-0.010571
0.002918,-0.004243,-0.013877
0.001896,-0.021353,-0.011835
0.001892,-0.024585,-0.008646
0.002832,-0.017151,-0.003262
0.000866,-0.000090,0.002147
-0.000162,0.023397,0.003361
-0.000213,0.037270,0.005568
0.001686,0.042613,0.004550
0.003610,0.020157,0.004484
0.003705,-0.006614,0.009729
0.003850,-0.034406,0.009618
0.003992,-0.046147,0.007435
0.002187,-0.047233,0.009566
0.002267,-0.030121,0.006474
-0.000639,-0.005449,-0.004112
-0.000707,0.016926,0.003488
-0.001726,0.027664,-0.000779
0.001182,0.024458,0.001297
0.002150,0.015910,0.002301
0.004113,-0.003294,-0.001009
0.002202,-0.023590,-0.001130
0.003277,-0.033250,0.002074
0.001384,-0.035351,-0.002212
0.000439,-0.019334,-0.000014
-0.000597,0.003115,-0.002020
-0.002632,0.026678,-0.006231
-0.000781,0.040568,-0.005114
0.000051,0.040593,-0.009361
0.000944,0.021333,-0.006250
0.002917,0.001021,-0.006326
0.002933,-0.016138,0.000028
0.003960,-0.026849,0.003179
0.005002,-0.026886,0.005366
0.001159,-0.022604,0.004321
0.000222,-0.006594,0.006540
-0.000740,0.009474,0.003376
0.001216,0.018044,0.003364
0.002165,0.021302,-0.000941
0.002101,0.015984,-0.004170
0.000140,0.005342,-0.008519
0.003038,-0.009630,-0.008559
0.004027,-0.017127,-0.006461
0.003988,-0.017163,-0.003230
0.002048,-0.015051,-0.002108
0.001078,-0.005452,-0.000966
-0.000890,0.003104,-0.003037
-0.001892,0.004192,-0.004129
0.002009,0.008456,-0.003036
0.000016,0.005253,-0.003058
0.000010,-0.005445,-0.000985
-0.001920,-0.011881,0.003231
0.001048,-0.007648,0.006497
0.002088,-0.004478,0.010789
0.001155,0.005136,0.010845
0.001174,0.015853,0.007677
0.000204,0.020161,0.003426
0.000196,0.017022,-0.003039
0.002112,0.005300,-0.006317
0.004027,-0.009640,-0.008533
0.002089,-0.021432,-0.005355
0.004075,-0.027853,-0.004316
0.004103,-0.025737,-0.001112
0.001170,-0.010791,0.001087
-0.000817,0.012701,0.002292
-0.002823,0.029806,0.002353
-0.000920,0.032982,0.005584
0.002972,0.023390,0.003379
0.001075,0.010583,0.002229
0.003066,-0.001160,0.000051
0.002066,-0.010724,-0.006408
0.003038,-0.017093,-0.011778
0.001063,-0.015011,-0.007441
0.000054,-0.009675,-0.006354
-0.000949,-0.004394,0.000109
-0.000951,0.000957,0.000116
-0.000961,0.006218,0.011859
0.000063,0.008328,0.015076
-0.000839,0.010487,0.015029
-0.000790,0.016901,0.014009
0.000252,0.013713,0.011856
0.003245,0.003031,0.009702
0.005314,-0.015160,0.011771
0.003473,-0.026881,0.006400
0.003570,-0.032197,0.002120
0.002634,-0.027920,0.002134
0.004634,-0.018296,0.002163
0.002664,-0.001141,-0.004178
0.001650,0.022406,-0.007302
-0.000444,0.036350,-0.012602
-0.000585,0.038506,-0.014732
0.000281,0.022455,-0.011616
0.004143,-0.002131,-0.010665
0.004145,-0.025670,-0.007562
0.001230,-0.039596,-0.004400
-0.000647,-0.040749,0.004180
-0.000578,-0.030065,0.004235
-0.001502,-0.009818,0.010753
-0.001475,0.015843,0.009792
-0.001502,0.039413,0.003474
-0.002561,0.046942,-0.001848
-0.000669,0.039483,-0.004032
0.000258,0.023439,-0.003023
0.002197,-0.003278,-0.004191
0.004175,-0.026818,-0.001085
0.004269,-0.037521,-0.000045
0.001377,-0.036478,0.002118
0.001432,-0.023645,0.001107
0.001460,-0.001183,0.000112
-0.000556,0.022340,0.000187
-0.000644,0.039508,-0.007235
0.001215,0.039519,-0.007263
0.002107,0.029879,-0.004113
0.002087,0.008504,-0.003159
0.005038,-0.012849,-0.006449
0.004099,-0.029969,-0.005427
0.003136,-0.037458,-0.005440
0.002184,-0.031081,-0.002183
-0.000754,-0.018256,-0.001079
0.000189,0.004183,-0.000966
-0.000811,0.021294,-0.001966
-0.000863,0.030912,-0.004015
0.000025,0.031960,-0.000818
-0.000004,0.018072,-0.002984
0.001975,-0.003297,-0.003095
0.003972,-0.028963,-0.002121
0.002095,-0.043952,0.002065
0.000254,-0.043988,0.005296
-0.000669,-0.034411,0.010678
0.000417,-0.017308,0.010744
-0.001477,0.005156,0.008699
0.000497,0.021199,0.008737
0.000496,0.032983,0.006627
0.001436,0.028763,0.000190
0.003386,0.015977,-0.003106
0.006340,0.002100,-0.004258
0.004338,-0.012832,-0.008585
0.000418,-0.022465,-0.007545
0.002378,-0.028957,0.001001
0.002424,-0.025767,0.002103
0.001462,-0.008683,0.003267
0.000498,0.011591,0.005533
-0.000494,0.024455,0.001302
-0.001514,0.034079,0.000285
-0.000621,0.031962,-0.001869
0.000328,0.018102,-0.003064
0.000280,-0.001118,-0.005286
-0.000666,-0.017102,-0.008617
0.001307,-0.020362,-0.003262
-0.000646,-0.013967,-0.002142
-0.001644,0.000960,0.001153
0.000263,0.016959,0.005491
0.000211,0.030813,0.008796
-0.000786,0.034044,0.006651
0.003124,0.024441,0.004476
0.005098,0.009471,0.005475
0.005150,-0.007561,-0.001051
0.003242,-0.019309,-0.002169
0.004244,-0.028912,-0.004345
0.003302,-0.025674,-0.009643
0.001335,-0.016038,-0.012784
-0.000706,0.001049,-0.010581
-0.001761,0.013855,-0.007339
-0.000907,0.020261,-0.006247
0.000024,0.017011,-0.000919
0.002983,-0.002259,0.002217
0.003082,-0.018364,0.010706
0.001273,-0.033310,0.008505
0.000436,-0.039742,0.010621
0.000563,-0.033310,0.009552
-0.000378,-0.011908,0.006439
0.000581,0.016951,0.005513
0.001469,0.037315,-0.000824
0.002323,0.050222,-0.010395
0.000232,0.049174,-0.013591
0.000107,0.025679,-0.014783
0.003940,0.003224,-0.013806
0.004881,-0.016053,-0.009606
0.001929,-0.025670,-0.009653
0.001898,-0.021421,-0.006430
-0.001031,-0.009687,-0.004229
-0.002057,0.005256,-0.002021
-0.004046,0.021232,0.004470
-0.004101,0.031928,0.003447
-0.001167,0.032989,0.005566
0.000760,0.020151,0.008680
0.002764,0.008407,0.006506
0.002842,-0.009767,0.006438
0.003889,-0.025788,0.004249
0.003946,-0.031079,-0.002189
0.002036,-0.024671,-0.002149
0.002964,-0.003286,-0.003126
0.000941,0.020205,-0.001921
0.000852,0.035194,-0.005059
0.000759,0.038433,-0.008267
0.001632,0.027751,-0.007286
0.001573,0.007506,-0.013810
0.000579,-0.017154,-0.004300
0.000623,-0.033189,-0.003313
-0.000286,-0.035422,0.006336
-0.000179,-0.027999,0.010705
-0.002061,-0.009877,0.015091
-0.002988,0.008316,0.011971
-0.001997,0.025462,0.007744
-0.000063,0.036157,0.007772
0.001888,0.023439,-0.003024
0.004779,0.008510,-0.005268
0.006777,-0.008595,-0.004284
0.003849,-0.023544,-0.005432
0.002889,-0.029970,-0.005425
-0.000039,-0.024661,-0.003220
-0.002033,-0.014012,0.000067
-0.002015,-0.004431,0.004389
0.001920,0.000862,0.010822
0.000994,0.005140,0.011879
0.000068,0.014798,0.007632
0.000096,0.021232,0.006558
-0.000906,0.027733,-0.004098
0.001957,0.019182,-0.005179
0.001897,0.010645,-0.007343
0.001873,-0.004281,-0.011688
0.002815,-0.020309,-0.011769
0.001830,-0.025653,-0.011793
0.002774,-0.021458,-0.001104
-0.000131,-0.007582,0.001095
-0.001123,0.008401,0.006520
-0.001111,0.021216,0.008693
-0.001108,0.029765,0.008733
0.000876,0.027609,0.010863
0.001887,0.007341,0.007540
0.004910,-0.008696,0.006438
0.005012,-0.025781,0.003185
0.004094,-0.031148,0.004267
0.002205,-0.034312,-0.000041
0.000296,-0.022558,-0.001028
0.001257,-0.003290,-0.004163
-0.000764,0.014901,-0.006232
0.000111,0.034157,-0.008284
0.000990,0.036286,-0.007208
0.001859,0.027750,-0.007281
0.000850,0.003179,-0.009508
0.002817,-0.022484,-0.007497
0.000925,-0.040701,-0.000129
0.001027,-0.049289,0.005160
0.002134,-0.041796,0.003072
-0.001736,-0.022582,0.006353
-0.002712,0.011611,0.005476
-0.001768,0.039404,0.004543
-0.000889,0.054359,0.003581
-0.000979,0.051180,0.001403
0.003840,0.029842,-0.004015
0.003819,-0.000045,-0.007382
0.004822,-0.031035,-0.007531
0.004930,-0.053518,-0.003343
0.002098,-0.054586,-0.003352
0.000205,-0.039649,-0.000079
-0.000753,-0.012933,0.000046
-0.001759,0.019113,0.003367
-0.001808,0.047963,0.003508
-0.001929,0.058679,0.000344
-0.000066,0.046980,-0.006132
0.001840,0.022434,-0.008422
0.002769,-0.011756,-0.009646
0.004745,-0.035312,-0.003361
0.004824,-0.044960,-0.001234
0.003903,-0.036399,-0.003319
-0.000007,-0.013966,-0.003191
-0.001022,0.013820,-0.004111
-0.002095,0.039432,-0.000761
-0.001220,0.045913,-0.007186
-0.001321,0.043753,-0.005047
-0.001395,0.021291,-0.003006
0.000575,-0.007581,-0.001001
0.001645,-0.032210,0.005290
0.001760,-0.047213,0.009513
0.000948,-0.048320,0.014835
0.001068,-0.036559,0.013830
0.002162,-0.011976,0.014982
0.001223,0.015865,0.007643
-0.000760,0.039390,0.005623
0.000141,0.049040,0.002446
0.002022,0.037357,-0.006163
0.003939,0.018146,-0.009454
0.005850,-0.012835,-0.010672
0.002921,-0.034189,-0.012911
0.001965,-0.044894,-0.010822
0.002973,-0.044967,-0.002263
0.001057,-0.027927,0.004244
-0.000857,-0.004447,0.007569
-0.002827,0.021218,0.006597
-0.002857,0.031932,0.003437
-0.000956,0.037301,0.000258
-0.000013,0.028788,-0.003014
0.000929,0.009564,-0.004179
0.001919,-0.010683,-0.009652
0.003887,-0.020329,-0.006486
0.002879,-0.023561,-0.003295
0.000945,-0.022485,-0.003311
-0.000054,-0.007531,-0.003223
-0.000098,0.013797,0.000131
-0.003082,0.015895,0.003381
-0.000130,0.009445,0.008680
0.002881,0.002972,0.016130
0.002987,-0.006628,0.014993
0.003129,-0.013004,0.010686
0.002268,-0.016196,0.009589
0.003326,-0.011908,0.005392
0.000447,-0.003306,-0.000982
0.002368,0.008457,-0.003038
0.000332,0.015948,-0.005123
0.000278,0.012774,-0.007312
0.001196,0.002056,-0.003096
0.003149,-0.003274,-0.003155
0.002195,-0.010794,0.001094
0.003185,-0.008675,0.002198
-0.002649,-0.006510,0.000045
-0.001629,-0.002226,-0.002051
-0.001660,0.008448,-0.000925
0.000256,0.011694,-0.006244
-0.000772,0.011674,-0.003054
-0.001793,0.004215,-0.006282
-0.000842,-0.006500,-0.003121
0.000158,-0.011921,0.005424
0.001190,-0.012995,0.006481
0.001262,-0.010880,0.009685
0.001313,-0.001263,0.009732
0.002352,0.010501,0.008718
0.000387,0.019084,0.005533
0.001356,0.024489,-0.001925
0.002281,0.013849,-0.006277
0.006184,-0.000020,-0.008495
0.005202,-0.016076,-0.006411
0.003256,-0.026743,-0.008604
0.002274,-0.024620,-0.006463
0.000271,-0.009675,-0.005306
0.000220,0.011682,-0.003074
-0.000834,0.026639,-0.002995
0.000036,0.035218,-0.006170
-0.000033,0.031960,0.000226
0.001909,0.015906,0.002305
0.003894,-0.007616,0.003274
0.003030,-0.025811,0.006399
0.003120,-0.033287,0.005309
0.000282,-0.027930,0.003204
0.000305,-0.006536,0.001159
-0.000721,0.016988,0.000184
-0.001766,0.039439,-0.001825
0.000075,0.049087,-0.003951
0.001913,0.043767,-0.006130
0.002800,0.021366,-0.011568
0.002783,-0.008579,-0.008511
0.002814,-0.038487,-0.009732
0.000933,-0.051376,-0.001254
0.000975,-0.043897,-0.001218
-0.000930,-0.023654,0.006357
-0.001879,0.004115,0.006531
-0.002895,0.027619,0.009792
-0.001944,0.042589,0.006702
-0.000032,0.038345,0.003463
0.002914,0.018102,-0.004111
0.002930,-0.008642,-0.002072
0.004937,-0.038585,-0.000065
0.004071,-0.052491,0.000951
0.002208,-0.040719,-0.001127
0.001247,-0.016129,-0.002088
-0.000819,0.019188,-0.009384
-0.000995,0.052295,-0.007081
-0.002117,0.059836,-0.013478
-0.001294,0.060905,-0.012429
0.000522,0.035278,-0.013648
0.003379,0.011722,-0.007363
0.000432,-0.018198,-0.006460
-0.001499,-0.035341,-0.001194
-0.000420,-0.044026,0.014807
-0.000300,-0.032306,0.017045
-0.002135,-0.013124,0.023550
-0.002036,0.006120,0.021525
0.000031,0.022165,0.019468
0.001062,0.029705,0.014119
0.005026,0.030795,0.009884
0.004028,0.019131,-0.000867
0.004026,-0.002179,-0.008448
0.005974,-0.021399,-0.010671
0.004991,-0.034180,-0.015025
0.001067,-0.035286,-0.010750
-0.000916,-0.027815,-0.009645
-0.000949,-0.009668,-0.006371
-0.000973,0.013803,-0.000929
-0.001032,0.034064,0.004508
0.000841,0.044748,0.004564
-0.001162,0.035145,0.002388
-0.000161,0.011677,-0.002014
0.002817,-0.020429,0.002140
0.003906,-0.045015,0.003090
0.002092,-0.051421,0.001999
0.002144,-0.038551,-0.003290
-0.000778,-0.013993,-0.002076
-0.002823,0.023459,-0.007260
-0.002001,0.052289,-0.004972
-0.001190,0.065086,-0.001707
-0.000298,0.055483,-0.001790
0.003555,0.029867,-0.004083
0.005497,0.008497,-0.005235
0.002568,-0.007536,-0.005302
0.000600,-0.021417,-0.006442
0.000582,-0.023548,-0.006469
0.002519,-0.008599,-0.005321
0.001457,0.007445,-0.006329
-0.000584,0.020253,-0.004138
0.000329,0.026652,-0.001981
0.000261,0.027695,0.000183
0.002211,0.022330,0.001258
0.001226,0.002012,0.001201
0.000290,-0.019368,0.001118
0.000398,-0.035420,0.003195
0.002454,-0.036510,0.005335
0.002524,-0.027941,0.004278
0.000608,-0.008730,0.006525
-0.001344,0.014831,0.001273
-0.001383,0.027655,0.000286
0.000495,0.035183,-0.003986
0.001410,0.026636,-0.005077
0.002332,0.006341,-0.005197
0.004310,-0.017185,-0.001081
0.003394,-0.028953,-0.000057
0.001499,-0.031085,-0.000083
0.001563,-0.023594,-0.001121
-0.000375,-0.006533,0.003241
-0.001357,0.011662,0.001163
-0.002398,0.025568,-0.000901
-0.001495,0.029871,-0.004092
0.001377,0.026651,-0.001979
0.003283,0.008513,-0.006322
0.004270,-0.006484,-0.003160
0.002299,-0.022528,-0.002152
-0.000563,-0.030027,-0.000047
-0.000503,-0.026844,0.001074
0.000510,-0.019401,0.005388
0.001539,-0.002321,0.006562
0.000589,0.014787,0.005571
-0.000402,0.029790,0.001348
-0.001452,0.038363,-0.001813
0.000419,0.033074,-0.007207
0.001324,0.015980,-0.007297
0.002277,-0.002157,-0.008506
0.001320,-0.016055,-0.007510
0.000336,-0.022460,-0.007560
0.000301,-0.012894,-0.001106
-0.000697,0.000996,-0.001035
-0.000773,0.021295,-0.000925
-0.000851,0.031965,0.001259
0.000056,0.032975,0.006647
0.002039,0.021241,0.004446
0.004035,0.003073,0.003318
0.005072,-0.015108,0.004313
0.004194,-0.027917,0.002123
0.004245,-0.025743,-0.002144
0.002308,-0.018257,-0.003170
-0.000671,-0.000066,-0.005240
-0.001741,0.018137,-0.008385
0.001103,0.030928,-0.006149
0.001001,0.027742,-0.008307
-0.000015,0.011687,-0.005180
0.000948,-0.010787,-0.002059
0.000049,-0.033242,0.001010
0.002122,-0.046124,0.006326
0.000290,-0.042951,0.009566
-0.001567,-0.029039,0.007486
-0.001503,-0.006599,0.009688
-0.002479,0.019077,0.007642
-0.003477,0.042635,0.002398
0.000337,0.054454,-0.006079
0.000208,0.050190,-0.007172
0.002037,0.025667,-0.014756
0.005880,-0.007484,-0.012757
0.004933,-0.035326,-0.006462
0.004040,-0.050364,0.002035
0.003184,-0.049315,0.004183
0.001303,-0.032246,0.007476
-0.001594,-0.004439,0.006502
-0.003557,0.029768,0.005589
-0.002646,0.054358,0.004627
0.000161,0.062974,-0.001783
0.002023,0.049104,-0.003997
0.003952,0.020281,-0.006303
0.003946,-0.015015,-0.005339
0.004011,-0.044972,-0.001205
0.003136,-0.056729,-0.003347
0.003202,-0.047177,0.004190
0.000319,-0.022629,0.007522
-0.001652,0.009457,0.004464
-0.001684,0.043652,0.004629
-0.003730,0.055444,0.001451
-0.001874,0.050135,-0.002847
0.002017,0.029860,-0.004064
0.003944,-0.004349,-0.003147
0.004009,-0.033198,-0.004339
0.005061,-0.056740,0.000865
0.004184,-0.057853,0.005159
0.002346,-0.037575,0.007415
-0.001526,-0.006569,0.005426
-0.003522,0.026536,0.007731
-0.003580,0.051170,0.001427
-0.002694,0.060800,0.000395
0.001117,0.042648,-0.001819
0.003062,0.006350,-0.005219
0.005084,-0.027866,-0.001145
0.005163,-0.049247,-0.001225
0.003314,-0.051387,-0.000182
0.000426,-0.037497,-0.000111
0.000433,-0.008620,-0.003176
-0.002585,0.028804,-0.006195
-0.004717,0.052278,-0.002853
-0.002901,0.051201,-0.001789
0.002946,0.030859,0.003443
0.003949,-0.001209,0.004360
0.005032,-0.036471,0.004187
0.002273,-0.051440,0.004140
0.001409,-0.047164,0.004155
-0.000508,-0.022538,-0.003176
-0.002533,0.009540,-0.005165
-0.002644,0.041652,-0.009334
-0.002831,0.067337,-0.012451
-0.002076,0.069469,-0.011382
0.000711,0.044869,-0.008303
0.002613,0.011695,-0.003111
0.002691,-0.030053,0.004202
0.001847,-0.058941,0.008340
0.003038,-0.067547,0.014723
0.000279,-0.051571,0.019121
-0.001547,-0.023765,0.018150
-0.000502,0.013682,0.012983
-0.000541,0.043619,0.012036
-0.000590,0.060776,0.004643
0.003239,0.048053,-0.007185
0.004165,0.023504,-0.011559
0.006105,-0.013872,-0.015987
0.003170,-0.045926,-0.016151
0.003228,-0.060974,-0.007627
0.002281,-0.058884,-0.001222
0.000387,-0.037526,0.001008
-0.002542,-0.002272,0.003297
-0.002573,0.030822,0.006678
-0.003613,0.052213,0.005684
-0.003634,0.054363,0.006706
0.000257,0.038342,0.004517
0.003206,0.009522,0.002202
0.005215,-0.015001,-0.005375
0.001323,-0.032115,-0.003324
0.002299,-0.036374,-0.006523
0.000344,-0.026794,-0.003243
0.000348,-0.009703,-0.003144
-0.000676,0.012725,-0.001957
-0.001722,0.033032,-0.002915
-0.000857,0.040538,-0.005040
0.000042,0.039452,-0.002908
0.000948,0.033027,-0.000811
0.001875,0.011695,-0.005200
0.000896,-0.009693,-0.002123
0.004867,-0.026827,0.001026
0.004939,-0.034316,0.003106
0.002097,-0.028984,0.004205
0.001152,-0.018324,0.008508
-0.001748,-0.000110,0.002196
-0.000780,0.014851,0.002267
-0.000861,0.028789,-0.004063
0.000055,0.030915,-0.002978
0.001971,0.015985,-0.006265
0.002936,-0.002225,-0.003099
0.002017,-0.023655,0.002176
0.001113,-0.035416,0.003182
0.001247,-0.038649,0.007423
0.000313,-0.029025,0.007452
-0.000596,-0.008732,0.009665
-0.001556,0.013772,0.004377
-0.000644,0.036228,0.004446
0.001234,0.044797,0.003389
0.001171,0.040572,-0.003036
0.004056,0.024532,-0.004129
0.004061,-0.002166,-0.006392
0.002108,-0.028886,-0.008600
0.000237,-0.047101,-0.004376
0.002244,-0.050320,-0.004355
0.001298,-0.038593,-0.000046
0.000339,-0.017256,0.004330
-0.002613,0.012693,0.003354
-0.002653,0.036191,0.006633
-0.002722,0.048000,0.001320
0.001126,0.043729,0.000245
0.005040,0.023428,-0.000906
0.003085,-0.007547,-0.003183
0.001159,-0.033193,-0.004351
0.001236,-0.047128,-0.000120
0.002280,-0.046103,0.004181
0.001358,-0.031114,0.002087
-0.000584,-0.001193,0.001182
-0.001591,0.024503,-0.004055
-0.002685,0.043763,-0.007166
-0.000858,0.050222,-0.012487
-0.000991,0.032088,-0.015795
0.001881,0.008567,-0.013785
0.001855,-0.018166,-0.010732
0.000868,-0.038505,-0.006550
0.000931,-0.043904,0.000890
0.000986,-0.033265,0.005247
-0.000906,-0.015152,0.011749
-0.001840,0.008348,0.011885
-0.001823,0.026514,0.013019
0.000142,0.036138,0.013048
0.003080,0.038305,0.009843
0.007024,0.025498,0.006601
0.005065,0.008501,-0.006295
0.004074,-0.008612,-0.006337
0.005033,-0.025622,-0.017101
0.003062,-0.030963,-0.017133
0.002014,-0.024545,-0.019213
-0.001002,-0.013901,-0.013823
-0.002085,0.006373,-0.009466
-0.002175,0.023388,0.001290
-0.002193,0.025485,0.006633
-0.001200,0.016867,0.014094
0.000891,-0.006689,0.019334
-0.001869,-0.030228,0.021390
-0.001597,-0.047329,0.021316
0.001546,-0.052666,0.021275
0.002701,-0.038722,0.014931
0.000825,-0.007698,0.010805
-0.001181,0.031955,-0.001852
-0.001315,0.055514,-0.008146
-0.000531,0.060924,-0.015615
0.003206,0.047003,-0.013513
0.003125,0.016016,-0.014714
0.004067,-0.018210,-0.010613
0.005089,-0.043885,-0.006479
0.002222,-0.050321,-0.002263
0.001287,-0.033220,-0.001143
-0.002645,-0.003309,0.001117
-0.003693,0.035169,0.001279
-0.003802,0.057636,-0.000776
-0.001953,0.059735,0.002472
0.000925,0.043710,0.002385
0.002914,0.007402,-0.000991
0.003940,-0.026806,-0.001119
0.005039,-0.053577,0.004128
0.004178,-0.061049,0.001978
0.002293,-0.041826,0.002100
0.000354,-0.015085,0.000069
-0.000660,0.019134,-0.001922
-0.003722,0.052330,-0.009264
-0.002909,0.066229,-0.009216
-0.001103,0.057681,-0.008213
0.002699,0.035253,-0.009400
0.002659,0.008530,-0.007414
0.003598,-0.011787,-0.006430
0.001620,-0.020373,-0.003235
0.000689,-0.020409,0.001040
0.000671,-0.008664,0.001122
0.000661,0.000959,0.000108
-0.002279,0.002005,0.002263
-0.000299,-0.002268,0.001193
-0.001197,-0.010841,0.004351
0.000834,-0.021553,0.007508
0.001923,-0.020505,0.010704
0.002003,-0.013019,0.008633
0.000071,0.006232,0.006590
-0.000932,0.022312,0.000259
-0.000016,0.033038,-0.003979
0.003808,0.033074,-0.007208
0.001754,0.018168,-0.012649
0.003652,-0.004222,-0.018122
0.003633,-0.020355,-0.005376
0.003628,-0.033132,-0.010787
0.002691,-0.033195,-0.004347
-0.000205,-0.020411,0.000000
-0.003131,0.001995,0.003334
-0.004131,0.018030,0.002351
-0.004198,0.028679,0.006681
-0.001261,0.031878,0.007759
-0.001288,0.024440,0.004477
-0.000295,0.017015,-0.000933
0.001606,-0.001146,-0.002079
0.000653,-0.012901,-0.002134
0.001664,-0.022534,-0.001094
0.000721,-0.024707,0.002127
0.002727,-0.018301,0.003218
0.002760,-0.003392,0.008654
0.000814,0.012653,0.006595
0.000821,0.025475,0.006663
0.000798,0.025492,0.004526
0.002729,0.023417,-0.002971
0.003658,0.009578,-0.008404
0.003660,-0.010716,-0.008523
0.001717,-0.023530,-0.009655
0.000752,-0.033120,-0.012909
0.000744,-0.028892,-0.008583
-0.000249,-0.020403,-0.001064
-0.002207,-0.003355,0.004375
0.000755,0.014780,0.008727
-0.001218,0.027607,0.009822
-0.002218,0.034064,0.005552
-0.001269,0.029807,0.004441
-0.001252,0.015910,0.004385
-0.000229,-0.005471,0.005352
0.003753,-0.020415,0.003147
0.002860,-0.025786,0.005289
0.001924,-0.021489,0.002110
-0.000991,-0.009769,0.004348
-0.000023,0.004126,0.003360
-0.000056,0.019100,0.000260
0.000901,0.027648,0.001350
0.000835,0.023417,-0.002967
0.001794,0.012738,-0.003040
0.003755,-0.005404,-0.005281
0.002811,-0.015026,-0.005313
0.001851,-0.020398,-0.001080
0.001858,-0.012913,-0.002103
0.000862,-0.003323,0.001151
-0.000146,0.010596,-0.001989
0.000762,0.021284,-0.001943
-0.000284,0.026653,-0.004077
-0.000333,0.023481,-0.007317
0.001553,0.011724,-0.007367
0.000535,-0.003236,-0.007438
0.001531,-0.016135,-0.001032
0.002566,-0.022583,0.002170
0.000668,-0.018330,0.004338
-0.001231,-0.011946,0.006534
-0.001190,-0.006598,0.006546
-0.000188,0.001957,0.005525
-0.000177,0.010545,0.003372
-0.000176,0.014841,0.002291
0.002733,0.016991,0.001222
0.003688,0.012721,0.001189
0.002693,-0.003264,-0.004232
0.001776,-0.016108,-0.002148
0.001842,-0.020418,0.001062
-0.002026,-0.023667,0.006390
-0.000003,-0.026891,0.008516
0.001046,-0.020498,0.010685
-0.000818,-0.004494,0.013963
0.000198,0.010520,0.007621
0.000207,0.025508,0.005528
0.000148,0.028773,-0.000887
0.001109,0.022380,-0.004101
0.003034,0.005337,-0.010600
0.003965,-0.011764,-0.010675
0.002008,-0.026756,-0.008571
0.000044,-0.031029,-0.009640
0.001040,-0.027894,-0.001074
0.001040,-0.010825,0.001172
-0.000907,0.006274,0.001250
-0.000925,0.027665,-0.000787
-0.000996,0.043710,-0.000754
-0.001107,0.052303,-0.006054
-0.000227,0.039471,-0.005048
0.002637,0.011704,-0.006271
0.001669,-0.015005,-0.006414
-0.000272,-0.034259,-0.004364
-0.000209,-0.037494,-0.001165
-0.001144,-0.032172,0.001007
-0.001134,-0.018311,0.005334
-0.002089,0.008352,0.010829
-0.003074,0.030753,0.015223
0.000832,0.037221,0.008830
0.001839,0.030817,0.008781
0.005786,0.013751,0.004431
0.004863,-0.007568,-0.002083
0.003920,-0.034301,-0.001119
0.003059,-0.050332,-0.001188
0.002186,-0.049245,-0.002277
0.000259,-0.032197,0.003163
-0.000721,0.000970,0.000080
-0.003740,0.029824,-0.001879
-0.004806,0.049033,0.001416
-0.001962,0.040547,-0.005063
0.000943,0.026645,-0.004056
0.003875,-0.001156,-0.002052
0.002974,-0.025741,-0.001106
0.001092,-0.034285,-0.002205
0.001114,-0.031050,-0.005405
0.000123,-0.011842,-0.002105
-0.000944,0.018129,-0.008367
-0.002039,0.036271,-0.006126
-0.002154,0.042721,-0.010379
0.001667,0.030922,-0.005090
-0.001326,0.003149,-0.007339
-0.000299,-0.021489,-0.001026
-0.001202,-0.037579,0.005331
0.001845,-0.042972,0.011711
0.002950,-0.030166,0.013906
0.000108,-0.007744,0.016153
-0.001797,0.012637,0.007680
-0.000798,0.029756,0.006662
0.002102,0.036244,-0.000826
0.003027,0.029869,-0.004091
0.004902,0.018142,-0.007355
0.002916,-0.006433,-0.007481
0.001928,-0.025697,-0.006451
0.001984,-0.037480,-0.004341
0.003007,-0.036456,-0.000038
0.000118,-0.026858,0.003198
-0.001813,-0.003348,0.002263
-0.002822,0.022285,0.003467
-0.001909,0.039378,0.003560
-0.001013,0.041534,0.003522
0.001916,0.035119,0.003499
0.000945,0.016953,0.003413
0.004887,-0.009736,0.001125
0.003973,-0.031093,-0.000063
0.003094,-0.039635,-0.000120
0.002173,-0.029990,-0.004330
0.000216,-0.010766,-0.003165
-0.000812,0.014855,-0.000883
-0.001883,0.031960,-0.001868
-0.000979,0.038366,-0.000777
-0.000061,0.028767,-0.004006
0.000915,0.005253,-0.002014
0.000970,-0.022523,-0.003213
0.001034,-0.040746,0.003122
0.002135,-0.041815,0.004162
0.002172,-0.026878,0.006387
-0.000730,-0.002318,0.008643
-0.002698,0.022274,0.006632
-0.001751,0.041508,0.006725
0.000135,0.047956,0.001431
0.000078,0.035207,-0.007188
0.001023,0.006333,-0.004133
0.004961,-0.021463,-0.003186
0.004042,-0.041800,0.000987
0.003165,-0.047135,-0.000105
0.001303,-0.035404,0.002105
0.001325,-0.009712,-0.004167
-0.002669,0.021300,-0.005123
-0.003785,0.044815,-0.006072
-0.002948,0.055499,-0.003924
-0.002116,0.050175,-0.004001
0.001735,0.033101,-0.006234
0.002677,0.008488,-0.002078
-0.000226,-0.018273,0.002100
0.000822,-0.033313,0.008510
-0.000039,-0.039805,0.017055
0.001121,-0.046302,0.027707
0.002280,-0.034439,0.019112
0.005409,-0.000328,0.023680
-0.001357,0.014678,0.019448
-0.000314,0.022185,0.017323
0.000752,0.030780,0.013060
0.001706,0.034016,0.008812
0.002687,0.022331,0.002300
0.002678,-0.012881,-0.002187
0.004707,-0.030015,-0.000082
0.000895,-0.040722,-0.000076
0.001957,-0.045043,0.005253
0.001052,-0.030057,0.002119
0.001085,-0.006548,0.001187
-0.000916,0.020193,-0.000846
-0.000986,0.036243,-0.002914
-0.002043,0.039432,-0.001809
-0.002114,0.029827,-0.002934
0.000856,0.006347,-0.005216
0.002837,-0.021477,-0.000014
0.003880,-0.037489,-0.002225
0.000076,-0.040765,0.006309
-0.001830,-0.030117,0.008548
-0.002764,-0.009845,0.011866
-0.000781,0.015803,0.011985
-0.000786,0.036120,0.011001
0.001151,0.045785,0.007785
0.002079,0.044786,0.000278
0.001052,0.028837,-0.008374
0.002939,0.005374,-0.013836
0.003882,-0.014937,-0.013913
0.003891,-0.032068,-0.011817
0.002881,-0.039558,-0.010780
-0.000032,-0.035341,-0.004335
-0.001011,-0.020432,0.001100
-0.003007,0.005180,0.004450
-0.003009,0.027598,0.007754
-0.002060,0.044686,0.009951
-0.001146,0.046848,0.007804
-0.000142,0.027648,0.004486
0.001830,0.005264,-0.003090
0.000942,-0.021503,0.002147
0.002019,-0.041853,0.005308
0.001166,-0.052548,0.005280
0.001289,-0.047246,0.011691
0.001350,-0.025869,0.010733
0.000399,0.005209,0.002282
-0.001628,0.036230,0.000257
-0.001755,0.057673,-0.006100
0.001024,0.061988,-0.010369
0.001866,0.047007,-0.008296
0.003739,0.014979,-0.012710
0.002729,-0.016029,-0.011765
0.002779,-0.043888,-0.004381
0.003810,-0.050325,-0.002253
-0.001000,-0.045040,0.004201
-0.001934,-0.022630,0.008570
-0.002893,0.008364,0.007659
-0.003873,0.029762,0.006648
-0.002921,0.043643,0.009880
-0.000019,0.047987,0.001350
0.002867,0.033053,-0.001927
0.002841,0.006383,-0.007400
0.002825,-0.020317,-0.010704
0.002843,-0.042805,-0.006504
0.006811,-0.049287,-0.000077
0.002985,-0.043958,0.002076
0.002076,-0.024738,0.004299
-0.001869,0.010585,-0.003008
-0.003885,0.039434,-0.001816
-0.002078,0.062980,-0.004939
-0.002225,0.068366,-0.009209
-0.000405,0.049145,-0.009335
0.001496,0.019213,-0.007356
0.001532,-0.009661,-0.006391
0.001546,-0.037480,-0.002250
0.001599,-0.049288,0.003061
0.000699,-0.041872,0.009540
-0.002154,-0.020559,0.017119
-0.002093,0.007233,0.016184
-0.000114,0.030792,0.011982
-0.001101,0.040428,0.010933
0.001849,0.040463,0.006658
0.003800,0.026603,0.003372
0.003835,0.001013,-0.005262
0.003845,-0.018209,-0.008526
0.000922,-0.039584,-0.008621
0.000933,-0.042800,-0.008610
0.001952,-0.039614,-0.006451
-0.000002,-0.025728,-0.004278
-0.001944,-0.004390,0.000097
-0.000991,0.024462,0.001280
-0.002048,0.045832,0.001387
-0.000195,0.047972,0.000343
-0.002193,0.029830,-0.001898
-0.000267,0.007389,-0.000957
0.000757,-0.017186,-0.001083
0.001780,-0.033226,-0.000084
0.004785,-0.036420,-0.002222
-0.000091,-0.025716,-0.005354
-0.001110,-0.005435,-0.003106
-0.005076,0.019148,-0.004049
-0.002236,0.037306,-0.001851
0.000612,0.039448,-0.001853
0.002532,0.031937,0.001330
0.002548,0.006290,0.002255
0.002582,-0.012960,0.002201
0.001716,-0.033272,0.004218
0.000811,-0.043933,0.002011
0.002849,-0.041796,0.003069
0.000965,-0.026854,0.005278
-0.000960,0.000951,0.003265
-0.001980,0.025533,0.002326
-0.001093,0.040538,-0.002947
0.000778,0.039469,-0.003999
0.001696,0.022370,-0.004077
0.000692,0.002074,-0.006287
0.000738,-0.019333,-0.002114
0.001764,-0.032191,0.001053
0.000840,-0.032199,0.002122
-0.001049,-0.023663,0.004287
-0.001028,-0.003379,0.006527
-0.001015,0.014829,0.002321
-0.000084,0.029823,-0.000833
0.000846,0.028791,-0.005116
0.001751,0.019180,-0.005180
0.002716,0.000980,-0.000993
0.002708,-0.012927,-0.001019
0.002742,-0.024703,0.001069
0.001804,-0.028969,-0.001065
0.000906,-0.027931,0.002157
-0.000990,-0.014072,0.004402
-0.001957,0.001974,0.004434
-0.000979,0.019068,0.005571
-0.002975,0.029805,0.001305
-0.001083,0.033041,-0.001894
0.001788,0.027683,0.000211
0.000827,0.006318,-0.002001
0.001840,-0.012941,0.000061
0.002902,-0.028957,-0.001095
0.003921,-0.033222,-0.002186
0.000996,-0.023614,-0.001070
-0.000005,-0.004391,0.001147
-0.000045,0.019122,0.001247
-0.001078,0.034081,0.001322
-0.000176,0.038375,-0.000800
-0.001222,0.025594,-0.006200
-0.000270,0.009575,-0.009440
0.000696,-0.011820,-0.006342
0.000717,-0.036368,-0.009675
0.001748,-0.039635,-0.002213
0.000828,-0.028977,0.001049
-0.003073,-0.006549,0.003281
-0.002130,0.020184,0.003361
-0.002189,0.043665,0.006684
-0.002252,0.053277,0.007791
0.000631,0.031921,0.005554
0.001662,0.003023,0.008673
0.003767,-0.037604,0.010623
0.004932,-0.059002,0.011635
0.005133,-0.062234,0.013781
0.003360,-0.045121,0.011730
0.002433,-0.015102,0.000111
-0.002534,0.025566,-0.007174
-0.002674,0.057659,-0.010247
-0.001902,0.059863,-0.016688
0.001880,0.043815,-0.013578
0.003781,0.007445,-0.008424
0.004776,-0.031079,-0.001145
0.000982,-0.052504,0.005165
0.001126,-0.054707,0.011602
-0.002683,-0.035487,0.011733
-0.004557,-0.007706,0.012919
-0.006532,0.024376,0.009870
-0.005598,0.051140,0.005689
-0.001752,0.053344,-0.000752
0.004014,0.039500,-0.007219
0.002034,0.012774,-0.005225
0.002992,-0.019258,-0.008583
0.002049,-0.039606,-0.005425
0.003097,-0.050339,-0.001171
0.003160,-0.042907,0.002129
0.000282,-0.022594,0.001154
-0.001668,0.004155,-0.001945
-0.005658,0.030880,-0.001843
-0.003781,0.045835,0.001379
-0.000931,0.045837,0.002420
0.001992,0.030888,0.001272
0.002973,-0.001165,0.000062
0.002113,-0.032179,0.002068
0.003193,-0.050386,0.006270
0.003289,-0.051476,0.007367
0.001404,-0.033303,0.006391
0.000447,-0.006569,0.004378
-0.001568,0.027657,0.000278
-0.001694,0.056553,-0.003883
0.000115,0.064060,-0.008101
0.000009,0.044906,-0.017813
0.002832,0.010704,-0.016913
0.003802,-0.028831,-0.017109
0.001888,-0.056700,-0.006562
0.000026,-0.064270,0.004094
-0.001832,-0.051496,0.011602
-0.002731,-0.019476,0.014993
-0.002667,0.015776,0.017284
-0.003654,0.045757,0.013086
-0.002705,0.061808,0.009969
-0.000783,0.053330,0.002422
0.004052,0.025592,-0.003057
0.006020,-0.009640,-0.008537
0.006068,-0.038491,-0.009727
0.005127,-0.047059,-0.008669
0.002202,-0.040654,-0.008622
0.001171,-0.021359,-0.016009
-0.002846,0.009596,-0.012634
-0.002030,0.037399,-0.013596
-0.003181,0.052358,-0.012475
-0.000368,0.046968,-0.006104
0.001513,0.023435,-0.003017
-0.000383,-0.008674,0.001146
-0.001259,-0.035464,0.009580
0.000842,-0.048320,0.012742
0.001985,-0.049460,0.021291
0.002161,-0.034466,0.018137
0.002268,-0.002366,0.012952
-0.002621,0.028679,0.006679
-0.001701,0.051199,-0.002835
-0.000861,0.050222,-0.012489
0.001942,0.036395,-0.020044
0.002785,0.009694,-0.021256
0.002709,-0.021259,-0.025680
0.000728,-0.038404,-0.021456
0.000664,-0.039560,-0.010775
-0.000348,-0.023604,-0.003188
-0.004291,0.001995,0.003335
-0.002347,0.025423,0.013071
-0.005292,0.041442,0.015264
-0.002302,0.043545,0.019546
0.001663,0.029676,0.017329
0.003758,-0.003418,0.013948
0.002956,-0.032262,0.012743
0.005086,-0.048286,0.010564
0.004230,-0.051451,0.005213
0.004297,-0.034289,-0.003241
0.003287,-0.008599,-0.008461
-0.001749,0.024590,-0.015785
-0.001920,0.047022,-0.014611
-0.000159,0.052348,-0.012451
0.002640,0.040638,-0.016805
0.002540,0.012816,-0.012654
0.001586,-0.021435,-0.006399
-0.000270,-0.050361,0.003069
-0.003059,-0.058944,0.007303
-0.002945,-0.044020,0.010606
-0.002871,-0.017336,0.016041
-0.003806,0.019017,0.013025
-0.003858,0.050037,0.009957
-0.002959,0.066089,0.007880
-0.000133,0.057592,0.002474
0.002778,0.028785,-0.003011
0.007692,-0.004355,-0.004177
0.006785,-0.032140,-0.005352
0.003915,-0.049243,-0.005423
0.001984,-0.047076,-0.009672
0.000997,-0.030000,-0.006398
-0.001009,-0.001137,-0.007334
-0.004051,0.024531,-0.007266
-0.002239,0.049105,-0.005048
-0.004345,0.051230,-0.001866
-0.000481,0.037313,0.001269
0.001498,0.009478,0.004409
0.002581,-0.026862,0.004255
0.001729,-0.048270,0.007382
0.001860,-0.050445,0.010608
0.001951,-0.034412,0.009629
0.001030,-0.006645,0.012941
0.000034,0.025515,0.001326
-0.002988,0.050149,-0.004978
-0.001149,0.056587,-0.008152
0.002647,0.039552,-0.013628
0.004530,0.018168,-0.011607
0.003517,-0.013892,-0.011755
-0.000395,-0.038506,-0.008642
0.000640,-0.052469,-0.000154
-0.001260,-0.047143,0.000963
-0.001208,-0.026881,0.005350
-0.001169,-0.002321,0.008650
-0.005044,0.021144,0.013061
-0.003091,0.037197,0.010984
-0.001156,0.042562,0.008860
-0.000160,0.031914,0.004527
0.003738,0.008439,0.000143
0.003808,-0.020417,0.000016
0.002886,-0.043924,-0.000102
0.001043,-0.049239,-0.004385
0.002096,-0.043911,-0.001183
0.000138,-0.020377,-0.005319
-0.001888,0.011702,-0.006267
-0.003981,0.042719,-0.009328
-0.003162,0.058716,-0.004984
0.000630,0.053349,-0.000765
0.002547,0.034103,0.000219
0.004521,0.004181,0.000078
0.001638,-0.020379,-0.002177
0.000746,-0.033204,-0.003278
0.000752,-0.033199,-0.004338
-0.001225,-0.024695,0.001048
-0.003185,-0.002250,0.000098
-0.003241,0.023420,-0.001931
-0.003324,0.043698,0.001369
-0.000488,0.045830,0.001393
0.000449,0.029805,0.001306
0.000459,0.001978,0.004424
-0.000434,-0.030106,0.006431
0.001679,-0.048333,0.012777
0.003811,-0.054761,0.015925
0.004951,-0.044051,0.014868
0.002108,-0.014070,0.008578
-0.000789,0.021236,0.003407
-0.001865,0.043744,-0.003982
-0.000032,0.048087,-0.010413
0.002795,0.036367,-0.014743
0.003661,0.010770,-0.020225
0.004583,-0.019164,-0.019288
0.001583,-0.038438,-0.015091
-0.000372,-0.040647,-0.008641
-0.001346,-0.031098,-0.002142
-0.002315,-0.006585,0.005466
-0.004296,0.016932,0.004511
-0.005307,0.036116,0.011008
-0.006270,0.035072,0.009896
-0.003309,0.026533,0.009830
0.001656,0.010543,0.005466
0.003623,-0.007592,0.001114
0.001716,-0.018292,0.002146
0.000742,-0.021450,-0.005315
0.000740,-0.020408,-0.003147
0.000734,-0.006532,-0.003039
0.001679,0.005207,-0.000851
0.000678,0.018012,0.001349
-0.000324,0.023352,0.003474
-0.002287,0.023403,-0.001887
-0.002329,0.019125,0.000192
0.000577,0.004203,-0.004162
0.000604,-0.015061,0.000007
0.001666,-0.019352,0.002120
-0.000266,-0.025772,0.002110
-0.000225,-0.020447,0.005322
0.000799,-0.009749,0.004296
-0.001169,0.009508,0.001193
-0.000231,0.025566,-0.001943
0.000661,0.036247,-0.001879
0.002532,0.030913,-0.002976
-0.000459,0.019170,-0.006200
0.002488,-0.001144,-0.005224
-0.000449,-0.020374,-0.007420
0.001545,-0.033245,-0.001081
0.000616,-0.036487,0.002137
-0.000259,-0.034373,0.006390
-0.004089,-0.015160,0.008631
-0.003078,0.001950,0.008677
-0.003061,0.020136,0.007667
-0.002089,0.028695,0.006635
-0.000140,0.022312,0.004439
0.000834,0.008453,0.000106
0.001868,-0.009736,0.001125
0.001911,-0.026857,0.002148
0.002980,-0.036489,0.003187
0.003064,-0.037571,0.005309
-0.000761,-0.021513,0.002172
0.000176,-0.001138,-0.005240
-0.000864,0.026644,-0.004057
-0.000974,0.044821,-0.005046
-0.000107,0.043763,-0.006123
-0.000174,0.034132,-0.004041
0.000753,0.011702,-0.005220
0.001707,-0.006490,-0.002101
0.001732,-0.028942,-0.001133
0.000818,-0.034341,0.004215
0.001886,-0.035449,0.007450
-0.000939,-0.025853,0.009643
0.000149,-0.010864,0.006503
-0.002792,0.014819,0.002346
-0.001857,0.032994,-0.000728
-0.001948,0.036238,-0.003950
-0.002008,0.026646,-0.006153
0.000863,0.009568,-0.008378
0.000827,-0.013918,-0.008550
0.000861,-0.028963,-0.000034
0.000935,-0.035394,0.003122
-0.001924,-0.029021,0.007437
-0.002851,-0.009805,0.009669
-0.001864,0.017953,0.011958
-0.003816,0.033980,0.013087
0.000090,0.039361,0.009879
0.002049,0.030813,0.008789
0.004037,0.010567,0.002267
0.004092,-0.013951,-0.004281
0.003164,-0.033167,-0.007561
0.003212,-0.036395,-0.006472
0.000257,-0.027795,-0.011793
-0.000801,-0.007530,-0.006365
-0.003812,0.012746,-0.004109
-0.001959,0.027714,-0.004056
-0.002013,0.035166,0.000237
-0.001072,0.022314,0.003389
-0.000061,-0.005475,0.003272
-0.000901,-0.034354,0.005295
0.000232,-0.048293,0.010580
0.000388,-0.049394,0.013796
0.000513,-0.037611,0.010642
-0.002363,-0.003381,0.006532
-0.003382,0.025520,0.001312
-0.003481,0.045805,0.004594
-0.001601,0.038422,-0.000924
0.006123,0.051269,-0.007201
0.001224,0.036309,-0.007271
-0.000851,-0.000065,-0.004201
0.004138,-0.026784,-0.004317
0.002205,-0.033216,-0.002202
0.000269,-0.033239,0.000994
0.001318,-0.027885,0.000990
0.001343,-0.009722,0.001087
-0.002616,0.013793,0.000136
-0.005623,0.031977,-0.000867
-0.002793,0.038406,-0.002973
0.001053,0.036234,0.000244
0.003976,0.018022,0.004460
0.003043,-0.005487,0.003301
0.000163,-0.029018,0.005338
-0.000701,-0.043998,0.007411
0.001395,-0.041881,0.009565
-0.000442,-0.026922,0.008591
0.002526,-0.001247,0.005501
-0.001424,0.021260,0.000208
-0.002456,0.043714,-0.001811
-0.001601,0.051228,-0.005001
0.000235,0.039510,-0.008289
0.002132,0.017077,-0.008417
0.003094,-0.011795,-0.006412
0.002175,-0.037479,-0.003300
0.000325,-0.050342,-0.000121
0.000424,-0.048245,0.005226
-0.000501,-0.025839,0.008560
-0.002437,0.000934,0.003308
-0.002484,0.029797,0.002371
-0.003555,0.049069,-0.001819
-0.000695,0.050158,-0.003957
0.000203,0.026653,-0.004079
0.002183,-0.005416,-0.003158
0.003238,-0.043925,-0.000101
0.004373,-0.070652,0.001893
0.003527,-0.069608,0.004054
0.000699,-0.047237,0.011663
-0.000216,-0.011946,0.008624
-0.001200,0.025449,0.009864
-0.002244,0.057558,0.004655
-0.001360,0.067260,-0.003884
0.001458,0.054490,-0.009316
0.002340,0.034203,-0.013639
0.003247,-0.005329,-0.015934
0.000306,-0.038485,-0.013926
0.000359,-0.056726,-0.006495
0.000387,-0.054615,-0.003281
-0.001507,-0.032202,0.002127
-0.002489,-0.000191,0.008678
-0.002514,0.034020,0.007756
-0.005542,0.060744,0.008904
-0.001695,0.068257,0.006763
0.002126,0.057578,0.005648
0.004101,0.025464,0.009826
0.008117,-0.023685,0.007480
0.005415,-0.062163,0.006274
0.001701,-0.078240,0.010507
0.000909,-0.072851,0.004137
0.000003,-0.043992,0.005302
-0.001946,-0.003354,0.002277
-0.004967,0.040498,-0.000754
-0.004132,0.070451,-0.003831
-0.003323,0.080069,-0.002743
0.002426,0.060869,-0.007109
0.005331,0.018141,-0.008399
0.005363,-0.025703,-0.006437
0.001521,-0.059957,-0.000171
-0.002270,-0.068524,0.001927
-0.002157,-0.053625,0.009479
-0.001138,-0.020477,0.006444
-0.001164,0.021198,0.007690
-0.004182,0.056530,0.000360
-0.006255,0.071499,-0.000638
-0.001490,0.061963,-0.009260
0.003305,0.037412,-0.012584
0.004219,0.001038,-0.008467
0.005188,-0.033171,-0.008596
0.003292,-0.050331,-0.002238
0.000456,-0.051465,0.004202
-0.000444,-0.034386,0.005378
-0.002381,-0.006569,0.002287
-0.001414,0.019092,0.001326
-0.003437,0.040495,-0.000746
-0.001575,0.045868,-0.002889
0.002277,0.034126,-0.002980
0.003225,0.015927,0.001202
0.003266,-0.016107,-0.002152
0.001373,-0.037526,0.001008
-0.001480,-0.045022,0.001013
-0.001415,-0.045036,0.002094
-0.000382,-0.026893,0.005378
0.000603,0.001994,0.002289
-0.002371,0.033006,0.001333
-0.002470,0.054381,0.001427
-0.001611,0.058691,-0.001783
0.001252,0.040542,-0.004007
0.003162,0.014931,-0.009449
0.002222,-0.017141,-0.007473
0.001255,-0.044926,-0.008647
-0.000648,-0.054594,-0.003335
-0.000572,-0.046102,0.002083
0.000406,-0.017234,0.002181
-0.002532,0.014808,0.004467
-0.004543,0.043645,0.005691
-0.004623,0.056476,0.006777
-0.002694,0.045849,0.001345
0.001219,0.023414,0.000175
0.004201,-0.005442,0.000044
0.003254,-0.028947,-0.001124
0.001384,-0.043916,-0.001172
0.000483,-0.043905,-0.003291
0.001476,-0.032162,-0.001114
-0.000493,-0.007574,-0.003116
-0.002513,0.020231,-0.004083
-0.002633,0.043736,-0.002914
-0.000781,0.053324,0.000345
0.000118,0.043723,-0.002882
0.002070,0.015948,-0.004082
0.002107,-0.010779,-0.004180
0.000170,-0.031069,-0.006402
-0.000781,-0.043936,-0.001121
-0.000715,-0.042898,0.004195
0.001296,-0.022565,0.002124
-0.001638,0.009487,0.003336
-0.002696,0.040513,0.000252
-0.004755,0.060803,0.002475
0.000032,0.054406,0.000315
0.000973,0.031927,0.004492
0.003952,0.001974,0.006525
0.004003,-0.024713,0.004231
0.002118,-0.036475,0.004195
0.003200,-0.037565,0.006337
0.002301,-0.023654,0.002170
0.002303,0.004158,-0.000907
0.000265,0.021341,-0.009415
-0.001783,0.035235,-0.009355
-0.000924,0.036318,-0.010433
0.000954,0.021327,-0.007288
0.002859,-0.002175,-0.008465
