0.004189,0.028266,0.019635
0.002238,0.014399,0.016367
-0.002647,-0.006901,0.010849
-0.003680,-0.030246,0.005141
-0.002815,-0.045166,-0.000265
-0.005898,-0.047297,-0.002383
-0.004080,-0.030215,-0.004352
0.001691,0.000736,-0.004104
-0.001199,0.038125,-0.005986
-0.003996,0.069076,-0.005738
-0.004728,0.086199,-0.009904
-0.004390,0.071271,-0.011106
-0.001217,0.019027,-0.016892
0.002806,-0.039646,-0.020570
0.000775,-0.087620,-0.027370
-0.000420,-0.098270,-0.031700
-0.000676,-0.091858,-0.030626
-0.004488,-0.059868,-0.026112
-0.006664,-0.012909,-0.024684
-0.002119,0.052137,-0.016690
-0.004115,0.085136,-0.006785
0.003810,0.085055,0.003884
0.009335,0.072110,0.020872
0.011142,0.048512,0.033542
0.005368,0.015344,0.039764
0.006944,-0.029971,0.158853
0.009326,-0.092467,0.313635
0.053823,-0.091284,0.252689
0.038951,-0.041314,0.055241
-0.002686,-0.009057,0.025592
-0.010687,0.006085,-0.004091
-0.008222,0.029608,-0.009244
-0.013550,0.037179,-0.021997
-0.006093,0.047954,-0.033680
-0.006584,0.037322,-0.039100
-0.003621,0.003143,-0.040351
-0.001852,-0.043805,-0.042852
0.000042,-0.081238,-0.034582
0.000227,-0.089869,-0.023951
0.001037,-0.078194,-0.015320
0.000983,-0.048418,-0.000160
-0.000014,-0.005813,0.012959
0.001045,0.037884,0.023927
-0.001652,0.075215,0.030565
-0.006070,0.085893,0.032728
-0.005492,0.068841,0.031482
-0.004077,0.053953,0.027039
-0.005760,0.018767,0.020390
-0.004706,-0.018525,0.011561
-0.003739,-0.045130,0.001736
-0.005871,-0.047236,-0.002540
-0.005087,-0.027987,-0.008758
-0.006053,0.000877,-0.013881
-0.010808,0.008395,-0.020218
-0.007656,0.006285,-0.023438
-0.004419,0.012699,-0.024457
-0.004056,0.023407,-0.028646
-0.003738,0.023367,-0.025404
-0.001477,0.016897,-0.016917
-0.000292,0.001922,-0.014859
0.001710,-0.017348,-0.009630
0.004655,-0.024851,-0.007514
0.002621,-0.029154,-0.004325
0.002538,-0.033456,0.002000
0.005323,-0.038808,0.007228
-0.000761,-0.031326,0.007258
-0.005804,-0.008897,0.008444
-0.004818,0.019931,0.009690
-0.002746,0.043378,0.015195
-0.001635,0.053009,0.011022
-0.004375,0.041267,0.008840
-0.002234,0.024214,0.004460
-0.000122,0.002827,0.006489
-0.002040,-0.014239,0.003187
-0.003989,-0.023836,0.000994
-0.006960,-0.033402,-0.004414
-0.005994,-0.030114,-0.014026
-0.005977,-0.024712,-0.021474
-0.004933,-0.015080,-0.023558
-0.000833,0.002038,-0.024576
0.002328,0.013763,-0.020257
0.000599,0.014849,-0.021345
0.001824,0.008394,-0.014986
0.002986,0.003029,-0.008678
0.003030,-0.009860,-0.000205
0.007832,-0.019514,0.005074
0.002842,-0.030180,0.003927
-0.002265,-0.028091,0.006154
-0.000536,-0.015301,0.005258
-0.002677,-0.002519,0.006471
-0.004757,0.000661,0.006552
-0.005766,0.000681,0.001272
-0.005774,-0.011056,-0.000919
-0.001881,-0.033459,-0.004262
-0.003859,-0.062251,-0.007695
-0.002951,-0.067546,-0.012029
-0.002084,-0.049408,-0.009779
-0.001160,-0.004567,-0.007367
-0.001026,0.044492,-0.000603
0.000220,0.079696,0.002857
0.006446,0.091371,0.014624
0.007767,0.084907,0.025189
0.006064,0.059260,0.028205
0.006185,0.025067,0.033266
0.002284,-0.005852,0.030842
-0.001818,-0.027172,0.026420
-0.003098,-0.038876,0.021004
-0.003392,-0.040962,0.014584
-0.008548,-0.032388,0.008284
-0.004799,-0.005717,0.008527
-0.002816,0.025193,0.013064
0.001144,0.052944,0.012237
0.000325,0.061439,0.016602
-0.001404,0.061380,0.023032
-0.000254,0.058126,0.026279
0.001804,0.046334,0.029458
0.001853,0.013229,0.029243
0.001821,-0.016649,0.027944
-0.000248,-0.036826,0.016016
-0.003288,-0.031368,0.002145
-0.007332,-0.034468,-0.009652
-0.006386,-0.046099,-0.021535
-0.005418,-0.057771,-0.025989
-0.002537,-0.050282,-0.023884
0.003291,-0.021533,-0.013022
0.003256,0.013634,-0.004236
0.005331,0.053031,0.007829
0.005456,0.075277,0.027267
0.006517,0.074110,0.037977
0.006614,0.048466,0.040985
0.001748,0.020701,0.040804
-0.004210,-0.005938,0.032112
-0.005363,-0.025075,0.019217
-0.003562,-0.035663,0.007405
-0.009640,-0.053769,-0.002252
-0.006895,-0.063285,-0.014064
-0.004020,-0.038671,-0.020317
-0.006014,0.005084,-0.018909
-0.002986,0.053108,-0.017470
0.000265,0.081916,-0.010943
0.002617,0.092536,-0.002354
0.003909,0.071134,0.002851
0.006120,0.020943,0.004618
0.007184,-0.024931,0.004200
0.001233,-0.055904,0.006100
-0.001960,-0.072945,0.000642
-0.001303,-0.079313,-0.002641
-0.001618,-0.072846,-0.009031
-0.001808,-0.058912,-0.015347
-0.003884,-0.029017,-0.014092
-0.002949,0.007253,-0.009572
-0.003932,0.049869,0.002469
0.001231,0.089368,0.005899
0.002524,0.115967,0.015742
-0.000061,0.122377,0.016823
0.002233,0.102052,0.019918
0.000603,0.062582,0.014324
0.001752,0.018866,0.006540
-0.000145,-0.028060,-0.001244
-0.004113,-0.066435,-0.011088
-0.002316,-0.097272,-0.029411
-0.002537,-0.110055,-0.032717
-0.003767,-0.097211,-0.035847
0.002896,-0.057816,-0.024827
0.004781,-0.008799,-0.010633
0.003840,0.044497,0.000431
0.004999,0.070026,0.011318
0.007216,0.080638,0.020974
0.008386,0.072058,0.028335
0.002616,0.038984,0.024900
0.000666,-0.008981,0.017031
-0.005348,-0.052640,0.002826
-0.008516,-0.079217,-0.009165
-0.010810,-0.094067,-0.023119
-0.009201,-0.088694,-0.029448
-0.005516,-0.057771,-0.024943
-0.006647,-0.016185,-0.020326
-0.001754,0.032859,-0.013525
-0.001551,0.074372,0.000692
0.001732,0.095690,0.006165
0.006052,0.083883,0.013565
0.008318,0.058269,0.015450
0.006599,0.020934,0.014053
0.004741,-0.013198,0.013726
0.003745,-0.035514,0.003882
-0.001265,-0.054652,-0.003784
-0.003376,-0.057775,-0.012383
0.000409,-0.048103,-0.019798
-0.004577,-0.023565,-0.018532
-0.002612,0.012723,-0.018242
0.001369,0.059619,-0.011424
0.000557,0.079829,-0.004810
0.003752,0.079768,0.000582
0.003976,0.057326,0.003615
0.004102,0.022020,0.008783
0.003094,-0.021760,0.006397
0.000982,-0.055922,0.005103
-0.001210,-0.075061,-0.003604
-0.003442,-0.077112,-0.014298
-0.008533,-0.067433,-0.023824
-0.011589,-0.042771,-0.037524
-0.005748,-0.016103,-0.035180
-0.002753,0.018039,-0.031741
-0.002549,0.027591,-0.026295
0.002557,0.026438,-0.015621
0.006638,0.015652,-0.000769
0.010634,0.004894,0.008776
0.010614,-0.011188,0.019295
0.008611,-0.025047,0.021237
0.004599,-0.030360,0.021133
0.000590,-0.031323,0.012485
-0.000461,-0.031195,0.000648
-0.005424,-0.028983,-0.006860
-0.004487,-0.013983,-0.013166
-0.004507,0.009518,-0.015123
-0.003500,0.034060,-0.015957
-0.000444,0.045764,-0.013676
-0.001288,0.050955,0.000341
-0.001174,0.043467,-0.001765
0.001935,0.023138,0.000297
-0.000998,-0.017456,0.000067
0.001891,-0.052621,-0.007678
-0.002152,-0.069646,-0.014224
-0.002377,-0.084572,-0.018569
0.001339,-0.083446,-0.022898
-0.000740,-0.049264,-0.021655
-0.003730,-0.003352,-0.022383
-0.001734,0.042528,-0.017799
-0.001488,0.073447,-0.009097
0.002709,0.077572,0.005953
0.005907,0.061476,0.014417
0.007050,0.033703,0.016349
0.007123,0.005954,0.015080
0.002212,-0.027105,0.011609
0.001079,-0.062290,0.007052
0.001803,-0.081375,-0.007026
-0.004312,-0.078077,-0.017711
-0.006471,-0.052390,-0.023970
-0.005561,-0.009690,-0.023653
-0.003596,0.025496,-0.019097
-0.000521,0.048960,-0.017818
-0.000297,0.054244,-0.011365
0.001881,0.054167,-0.004888
0.003055,0.044469,0.003642
0.004167,0.023105,0.002473
0.004226,-0.009982,0.003258
0.002254,-0.031269,-0.004387
0.000252,-0.033355,-0.010807
-0.006686,-0.051476,-0.016238
-0.000953,-0.085560,-0.022969
0.002798,-0.095174,-0.017794
0.001625,-0.058909,-0.014307
0.001433,-0.004537,-0.006396
0.004354,0.050885,0.007845
0.004523,0.090313,0.017733
0.001865,0.099881,0.022091
0.004058,0.095535,0.030625
0.003251,0.061355,0.033558
0.003350,0.011175,0.034250
-0.001605,-0.035677,0.022085
-0.003772,-0.054770,0.005936
-0.008882,-0.059982,-0.010118
-0.009074,-0.065187,-0.027235
-0.007262,-0.061927,-0.036774
-0.007306,-0.034143,-0.041872
-0.004349,-0.003222,-0.038408
-0.003301,0.021273,-0.032844
0.004715,0.025490,-0.026399
0.006898,0.030672,-0.007128
0.007008,0.020937,0.006727
0.007083,-0.001526,0.012954
0.008051,-0.031425,0.015893
0.004038,-0.054886,0.013561
0.004782,-0.068757,0.014486
0.001635,-0.056942,0.009156
-0.002478,-0.022773,0.008342
-0.000645,0.021044,0.005403
-0.001559,0.066959,0.005713
-0.002331,0.094691,0.007025
-0.003039,0.093577,0.010277
-0.000854,0.059356,0.017502
0.004125,0.010237,0.016126
0.002122,-0.035644,0.011542
-0.001014,-0.056968,0.006087
-0.006126,-0.058012,0.000788
-0.007321,-0.059019,-0.007743
-0.002565,-0.051426,-0.021598
-0.005526,-0.032154,-0.028921
-0.007441,-0.012905,-0.034097
0.002426,0.008346,-0.020084
0.009369,0.027481,-0.006136
0.010449,0.045523,0.007871
0.007671,0.064629,0.022938
0.007803,0.069873,0.034727
0.006907,0.058091,0.041018
0.008934,0.043123,0.043058
0.005045,0.020760,0.035425
-0.003815,0.000511,0.033095
-0.006852,-0.018579,0.020076
-0.004978,-0.035500,-0.000335
-0.008057,-0.050373,-0.010049
-0.009263,-0.057839,-0.013259
-0.001570,-0.026902,-0.009837
0.000322,0.006168,-0.008485
-0.000668,0.043500,-0.004987
-0.001532,0.060503,0.002662
0.004519,0.064663,0.015530
0.006643,0.063512,0.024108
0.005761,0.040992,0.033619
0.008732,0.003663,0.030115
0.000885,-0.028323,0.027681
-0.003153,-0.042106,0.017919
-0.005253,-0.046252,0.003971
-0.007377,-0.037629,-0.004549
-0.007434,-0.029041,-0.010888
-0.002588,-0.011952,-0.012875
-0.001556,0.018989,-0.010509
0.001450,0.036005,-0.003938
0.005461,0.047702,0.002543
0.007549,0.052944,0.013289
0.005652,0.054996,0.022935
0.005684,0.035711,0.030294
0.006686,0.004771,0.028972
-0.000223,-0.016514,0.020275
-0.006208,-0.029241,0.009504
-0.006361,-0.047290,-0.002392
-0.003562,-0.062129,-0.014283
-0.005653,-0.064186,-0.024960
-0.007703,-0.043855,-0.031209
-0.002816,-0.001177,-0.024557
0.001176,0.040412,-0.018904
0.001347,0.060569,-0.003785
0.007446,0.060509,0.004737
0.009587,0.051829,0.023862
0.012547,0.038875,0.039830
0.008603,0.016390,0.048206
0.006571,-0.003890,0.049095
-0.000432,-0.019880,0.044733
-0.003557,-0.027222,0.028649
-0.006650,-0.030308,0.013680
-0.012675,-0.036563,-0.006629
-0.007826,-0.041804,-0.018427
-0.005908,-0.031061,-0.025843
-0.004919,-0.003316,-0.025610
-0.001974,0.018002,-0.022230
0.001015,0.037128,-0.011395
0.006069,0.049848,-0.000608
0.004228,0.056118,0.013389
0.006279,0.042153,0.023972
0.007334,0.017594,0.024851
0.007344,-0.003744,0.024661
-0.003508,-0.032481,0.014810
-0.004631,-0.058005,0.003909
-0.001896,-0.066423,-0.007976
-0.004960,-0.051403,-0.015383
-0.007968,-0.021514,-0.016203
-0.001129,0.007305,-0.013885
0.001862,0.036059,-0.004079
0.003998,0.064831,0.000451
0.006171,0.082883,0.012338
0.005395,0.074221,0.026190
0.007440,0.035703,0.034497
0.008416,-0.003844,0.039562
0.004359,-0.030510,0.036168
-0.002690,-0.038955,0.022262
-0.004867,-0.034622,0.013764
-0.005976,-0.016347,-0.000030
-0.006963,-0.002328,-0.018072
-0.013726,-0.004402,-0.028706
-0.006778,-0.007577,-0.030896
-0.000788,-0.004309,-0.035223
0.001238,0.018082,-0.030802
0.001338,0.038291,-0.022094
0.004437,0.041388,-0.009245
0.011391,0.024182,0.007688
0.011404,0.003822,0.017149
0.010423,-0.006897,0.023461
0.003482,-0.013305,0.023420
0.000469,-0.018609,0.020155
0.001384,-0.014260,0.010570
-0.002571,-0.007776,0.000998
-0.007468,0.008262,-0.004176
-0.004472,0.024324,-0.010462
-0.002424,0.048906,-0.014538
-0.003227,0.060623,-0.014383
-0.002044,0.057377,-0.011156
0.003068,0.049878,-0.009051
0.002213,0.024206,-0.003879
0.003211,-0.014288,0.004368
0.005073,-0.049490,0.002990
0.004932,-0.060115,0.000690
-0.001115,-0.065398,-0.004722
-0.003281,-0.062123,-0.012208
-0.003361,-0.048140,-0.021792
-0.004322,-0.016053,-0.026943
-0.005240,0.023436,-0.025578
-0.003136,0.057552,-0.021026
0.001035,0.070308,-0.014515
0.005250,0.065977,-0.007065
0.009359,0.057294,0.007886
0.007509,0.040102,0.018507
0.005584,0.010155,0.024707
0.007443,-0.020813,0.026595
0.003393,-0.038957,0.025404
-0.004684,-0.054871,0.014570
-0.003911,-0.067575,-0.001488
-0.006018,-0.059986,-0.013243
-0.007105,-0.026805,-0.023683
-0.007105,0.012754,-0.031914
-0.007936,0.042668,-0.034889
-0.005718,0.051218,-0.036945
0.002405,0.050110,-0.031619
0.006542,0.034008,-0.022091
0.007657,0.004029,-0.011626
0.011619,-0.012051,-0.001110
0.003720,-0.020687,0.008488
0.004546,-0.035675,0.012672
0.004396,-0.054880,0.015639
0.002251,-0.055861,0.008086
-0.001820,-0.028100,0.007232
-0.004863,0.015685,0.006467
-0.004833,0.060556,0.003571
-0.002626,0.093635,0.004898
-0.001329,0.091508,0.002771
-0.001061,0.063733,0.001570
0.002072,0.019967,-0.000852
0.004066,-0.021679,-0.001129
0.003952,-0.048387,-0.000230
0.000812,-0.062249,-0.002466
-0.000353,-0.055809,-0.006691
-0.003454,-0.035484,-0.012926
-0.004498,-0.023724,-0.013931
-0.002552,-0.024740,-0.019301
0.000456,-0.024709,-0.019382
-0.000527,-0.014013,-0.020401
0.001410,-0.005464,-0.020363
0.003447,0.001950,-0.013879
0.005454,-0.008747,-0.010764
0.005450,-0.017360,-0.004363
0.005412,-0.027019,0.001975
0.003356,-0.027074,0.008390
0.003229,-0.021787,0.013793
0.004067,-0.027140,0.015885
0.002010,-0.015416,0.020206
-0.002943,0.025186,0.015181
-0.008821,0.053999,0.013330
-0.004780,0.058351,0.004785
-0.000638,0.045600,-0.000694
-0.005350,0.027479,-0.007173
-0.003285,0.004045,-0.015850
-0.001299,-0.032195,-0.020448
-0.000357,-0.066290,-0.028193
-0.000479,-0.076927,-0.032554
-0.000670,-0.075853,-0.032564
0.004080,-0.063054,-0.029303
0.002046,-0.035321,-0.023808
0.002028,0.011578,-0.014908
-0.001838,0.040320,-0.006117
0.002206,0.053066,0.002514
0.004374,0.055160,0.007865
0.004533,0.048688,0.015313
0.005567,0.025141,0.020529
0.005564,-0.002652,0.025650
0.004489,-0.019692,0.021234
-0.000544,-0.028217,0.019042
-0.002641,-0.029229,0.012612
-0.001784,-0.030192,0.001875
-0.005752,-0.030127,-0.007708
-0.005804,-0.007673,-0.013910
-0.005775,0.013680,-0.014804
-0.003738,0.031860,-0.017891
-0.004549,0.040361,-0.017725
0.002478,0.030714,-0.014556
0.006530,0.020003,-0.009313
0.005628,-0.000318,-0.006226
0.004659,-0.016340,-0.004231
0.004636,-0.028099,0.000952
-0.001361,-0.029163,0.003027
-0.006370,-0.033455,0.008284
-0.005500,-0.045147,0.003882
-0.001706,-0.051458,-0.008962
0.003060,-0.055720,-0.011105
0.001939,-0.036461,-0.018398
-0.002996,0.001923,-0.011716
-0.003994,0.037120,-0.009282
0.001037,0.053099,-0.004892
0.005148,0.059442,0.003683
0.004346,0.051897,0.012184
0.005445,0.027294,0.017363
0.006462,-0.001535,0.020301
0.003464,-0.026074,0.016943
0.000394,-0.028157,0.011564
-0.003632,-0.025943,0.001961
-0.005634,-0.020547,-0.007562
-0.004688,-0.005557,-0.013844
-0.001689,0.014785,-0.019076
-0.001597,0.031835,-0.016778
-0.001452,0.035014,-0.013557
0.002624,0.026461,-0.009402
0.005685,0.015746,-0.002058
0.003755,-0.001375,0.004197
0.002720,-0.017397,0.006192
0.005582,-0.033410,0.006075
-0.000403,-0.035550,0.007119
-0.004471,-0.038755,0.003963
-0.000673,-0.026974,-0.001281
-0.004685,-0.007762,-0.002174
-0.004724,0.010354,-0.000911
0.003133,0.024200,0.004504
0.000247,0.034866,0.005655
-0.000608,0.044472,0.003637
-0.001468,0.040157,0.007906
0.003535,0.020961,0.005621
0.002623,-0.000395,0.006525
0.002594,-0.025975,0.001000
0.002525,-0.040907,-0.000193
0.002387,-0.037650,-0.003447
-0.003562,-0.026943,-0.006589
0.000276,-0.008764,-0.007582
0.000295,0.013649,-0.002173
-0.000633,0.033934,-0.002030
-0.001512,0.044615,-0.004058
0.001581,0.043504,0.003372
0.000723,0.033847,0.006567
0.002769,0.012443,0.010730
0.002740,-0.013225,0.013802
0.002662,-0.031363,0.010503
-0.000373,-0.038801,0.005129
-0.003467,-0.045143,-0.003451
-0.001668,-0.036608,-0.004418
-0.001747,-0.022701,-0.006483
-0.002736,0.012496,-0.003004
-0.002694,0.037037,-0.000698
0.002274,0.056229,0.003689
0.003451,0.054052,0.010057
0.002626,0.045473,0.015326
0.004650,0.020866,0.020510
0.004669,-0.006847,0.016012
0.003607,-0.030301,0.011571
-0.000416,-0.038806,0.006189
-0.002553,-0.044119,0.001900
0.000245,-0.044082,-0.001333
0.000145,-0.025901,-0.004423
-0.004832,-0.010941,-0.007487
-0.001903,-0.009846,-0.009643
0.001035,-0.011965,-0.008654
0.000077,0.012528,-0.000996
0.001096,0.035960,0.004548
0.003113,0.052970,0.012176
0.002268,0.056118,0.017572
0.004400,0.062521,0.016581
-0.000392,0.051771,0.022974
0.002575,0.021909,0.019538
0.004587,-0.011145,0.017099
0.000597,-0.038875,0.014734
-0.004504,-0.055888,0.005020
0.000156,-0.067559,-0.001530
-0.000988,-0.062148,-0.010048
-0.005021,-0.040779,-0.012029
-0.004138,0.001903,-0.009570
-0.000211,0.051999,0.001460
-0.000043,0.083978,0.008093
-0.002687,0.094585,0.016720
0.000496,0.087025,0.025257
0.005545,0.061348,0.032536
0.008580,0.017562,0.033302
0.004650,-0.025039,0.021221
-0.000411,-0.046306,0.010387
-0.004537,-0.053666,-0.002512
-0.002763,-0.055701,-0.014294
-0.005816,-0.052404,-0.023926
-0.008837,-0.044892,-0.029203
-0.004998,-0.029950,-0.030129
-0.001057,-0.015042,-0.023646
0.005805,0.000915,-0.017108
0.005850,0.015725,-0.002003
0.006900,0.034861,0.006713
0.005983,0.043278,0.019649
0.006047,0.036787,0.028190
0.008047,0.028235,0.029202
0.005148,0.019718,0.028034
0.000246,0.001629,0.019380
-0.002755,-0.022843,0.009573
-0.004821,-0.044133,0.004028
-0.003951,-0.050448,-0.006711
-0.002153,-0.050411,-0.009944
-0.002293,-0.033330,-0.006681
-0.001394,0.000863,-0.009650
0.000614,0.034977,-0.004046
0.001696,0.046669,0.002448
0.002822,0.047699,0.005690
0.005909,0.040205,0.008829
0.003068,0.025226,0.011943
0.002105,0.008132,0.010806
-0.001807,-0.008970,0.010737
0.001024,-0.035644,0.008411
-0.000115,-0.061170,-0.002486
-0.003192,-0.070687,-0.012206
-0.006276,-0.047157,-0.017378
-0.005398,-0.005490,-0.021340
-0.002426,0.028652,-0.017902
0.002610,0.054221,-0.011301
0.003823,0.066948,-0.000529
0.005009,0.066905,0.005856
0.007147,0.045488,0.014239
0.009214,0.017734,0.015075
0.005319,-0.011086,0.012763
-0.001627,-0.035581,0.005110
-0.000786,-0.047252,-0.003533
-0.006806,-0.051527,-0.004599
-0.005021,-0.055710,-0.015313
-0.001173,-0.046051,-0.019559
-0.004177,-0.012945,-0.018304
-0.004174,0.032966,-0.021119
-0.002075,0.062841,-0.017719
0.002153,0.080950,-0.012253
0.002427,0.067010,-0.006964
0.007509,0.025316,0.000204
0.009530,-0.009949,0.005269
0.006525,-0.037733,0.007228
0.002438,-0.049474,0.005045
0.001271,-0.055816,-0.001444
-0.003755,-0.050422,-0.007825
-0.004838,-0.037590,-0.013015
-0.003892,-0.005531,-0.016002
-0.002852,0.035018,-0.012518
-0.000776,0.071303,-0.011177
-0.000506,0.076533,0.002740
0.006547,0.054118,0.003612
0.008670,0.022085,0.007576
0.003808,-0.008906,0.010570
0.005645,-0.039846,0.008203
0.003512,-0.057978,0.006976
-0.000583,-0.058978,-0.001573
-0.003747,-0.049352,-0.005730
-0.005817,-0.034350,-0.013086
-0.001900,-0.016154,-0.021449
-0.006757,-0.003368,-0.020245
-0.004717,0.011599,-0.024372
0.002277,0.038261,-0.020968
-0.000491,0.055269,-0.013331
0.002580,0.042341,-0.000570
0.010526,0.008084,0.011978
0.011527,-0.015471,0.023489
0.005456,-0.020877,0.031994
0.003265,-0.015572,0.036302
0.000181,-0.012313,0.033039
-0.002831,-0.005796,0.018153
-0.004796,0.000728,0.002206
-0.006714,0.012563,-0.009450
-0.007569,0.024403,-0.023211
-0.005454,0.025509,-0.027487
-0.001353,0.027658,-0.028556
0.002718,0.029762,-0.024273
0.003817,0.007348,-0.023405
0.006830,-0.027926,-0.015182
0.006768,-0.054648,-0.009017
0.004632,-0.063214,-0.005877
0.005370,-0.058949,-0.004786
0.000314,-0.037634,0.000696
-0.000805,-0.014168,-0.000126
-0.001818,0.008207,0.003290
-0.000764,0.033836,0.002415
0.000343,0.051950,0.004729
0.002455,0.065788,0.009118
0.000701,0.064726,0.008050
-0.000073,0.038006,0.010025
0.001999,0.004947,0.006554
0.003925,-0.033467,0.006226
0.002777,-0.059062,0.004923
0.001584,-0.068634,0.001619
0.001357,-0.053636,-0.003637
-0.002718,-0.026931,-0.003480
-0.002772,0.005110,-0.006421
-0.001739,0.029657,-0.005180
-0.002611,0.043525,-0.004004
-0.000500,0.050989,-0.004972
0.000651,0.040303,-0.006069
0.000814,0.015701,-0.000894
-0.001110,-0.017395,-0.003224
0.003712,-0.050448,-0.008803
-0.000353,-0.067498,-0.011099
-0.004425,-0.051413,-0.019536
-0.005475,-0.019410,-0.018193
-0.003566,-0.006593,-0.018114
0.007226,-0.000208,-0.012784
0.005380,0.012532,-0.002050
0.002444,0.032793,0.001295
0.006445,0.044450,0.012064
0.007506,0.041158,0.023777
0.005605,0.033643,0.028018
0.003674,0.019760,0.025836
-0.000234,0.006984,0.021468
-0.001253,-0.005791,0.016052
-0.002291,-0.015335,0.007447
-0.003313,-0.016294,-0.003303
-0.007226,-0.007649,-0.017107
-0.010078,-0.007615,-0.022424
-0.003168,-0.016086,-0.028944
-0.001190,-0.017166,-0.025782
0.001710,-0.015043,-0.022598
-0.000225,0.004169,-0.023491
-0.001181,0.012539,-0.006252
0.005613,-0.001469,0.007580
0.015392,-0.014333,0.015992
0.006528,-0.007958,0.017165
-0.002387,-0.001624,0.022625
0.001457,0.002691,0.018356
0.003453,0.009169,0.012983
-0.002376,0.010309,0.003391
-0.005272,0.001835,-0.004165
-0.003285,0.002970,-0.007471
-0.001250,0.019057,-0.013819
-0.002144,0.047877,-0.013596
-0.004956,0.031740,-0.002933
0.005823,-0.024857,0.000877
0.014610,-0.072960,0.012192
0.004496,-0.082605,0.016402
-0.002743,-0.054883,0.015651
0.001982,-0.019614,0.011622
-0.000965,0.018864,0.005509
-0.006759,0.047733,-0.004856
-0.007511,0.068068,-0.011115
-0.005244,0.069178,-0.015400
-0.000071,0.055325,-0.018704
0.001089,0.028603,-0.015677
0.003117,-0.020525,-0.013893
0.007983,-0.054726,-0.004629
0.002886,-0.072962,0.005926
0.003505,-0.073010,0.011278
0.002246,-0.051681,0.015675
0.000109,-0.005773,0.016003
-0.003865,0.038036,0.007856
-0.000809,0.058299,0.010151
0.000410,0.056219,0.005809
0.001601,0.045601,-0.000695
0.000794,0.016800,-0.004104
-0.000102,-0.022613,-0.012986
0.000846,-0.058878,-0.016473
-0.000275,-0.081256,-0.021972
0.000492,-0.085520,-0.022020
0.000275,-0.058845,-0.018653
0.002071,-0.015140,-0.011885
0.002012,0.041349,-0.001820
0.001162,0.080789,0.005946
0.002370,0.095633,0.015734
0.002655,0.076418,0.015589
0.004830,0.033686,0.016400
0.003906,-0.004714,0.012896
-0.000074,-0.033489,0.005237
-0.003112,-0.049413,-0.004526
-0.002274,-0.040798,-0.011977
-0.005319,-0.032278,-0.007678
-0.002486,-0.025876,-0.006578
0.005326,-0.018432,0.002967
0.005267,0.010409,0.008361
0.001375,0.043493,0.008630
0.002433,0.068011,0.013086
0.004523,0.066870,0.020592
0.006623,0.046534,0.024764
0.004734,0.019808,0.025710
-0.000194,0.000597,0.022418
-0.003183,-0.007938,0.018159
-0.002284,-0.020709,0.010642
-0.002347,-0.016308,-0.005356
-0.010120,-0.002338,-0.019088
-0.012021,-0.001262,-0.023287
-0.000231,-0.010771,-0.031984
0.002770,-0.017190,-0.026764
-0.001170,-0.018275,-0.024635
0.005665,-0.017254,-0.017184
0.006593,-0.006690,-0.002175
0.007474,0.000641,0.011847
0.011333,0.008007,0.022638
0.006430,0.017521,0.034458
0.002491,0.024958,0.036699
0.003451,0.026072,0.032400
0.001542,0.030412,0.025976
-0.005228,0.028360,0.018423
-0.008103,0.014571,0.007628
-0.002220,0.005046,0.003159
0.000726,0.008330,-0.002259
-0.001227,0.015816,-0.004330
0.000733,0.023277,-0.002153
-0.001160,0.027501,0.003229
0.002792,0.016777,0.006416
0.002805,-0.004604,0.007380
-0.000164,-0.023850,0.008364
-0.000273,-0.030232,0.004074
-0.002303,-0.028071,-0.001208
-0.003353,-0.028045,-0.007549
0.000524,-0.024859,-0.006437
-0.001468,-0.030161,-0.010754
-0.001521,-0.031224,-0.012863
0.002375,-0.013065,-0.011714
0.002355,0.021052,-0.006115
0.002376,0.055211,-0.003765
0.001612,0.082919,0.003885
0.001831,0.086036,0.013542
0.006913,0.060328,0.024040
0.010909,0.021825,0.033354
0.008918,-0.009170,0.038449
0.003874,-0.019833,0.037293
-0.001203,-0.029385,0.029756
-0.002344,-0.046382,0.022091
-0.002515,-0.052623,0.003837
-0.006580,-0.046142,-0.004680
-0.008668,-0.037517,-0.018435
-0.003841,-0.034308,-0.017381
0.001041,-0.011879,-0.017243
-0.001910,0.017991,-0.015923
-0.000887,0.041406,-0.010334
-0.000695,0.054152,-0.002749
0.001439,0.060416,0.012308
0.004469,0.038964,0.020779
0.003565,0.011178,0.023788
0.003578,-0.003725,0.017293
-0.000390,-0.023947,0.009664
0.001470,-0.043081,0.000942
0.004330,-0.034463,-0.004426
-0.005529,-0.017269,-0.015055
-0.005591,-0.006635,-0.011730
0.004202,-0.004496,-0.006496
0.005151,-0.002386,-0.000140
0.004128,0.007146,0.009541
0.003089,0.020930,0.017211
0.005994,0.031543,0.025817
0.006008,0.040034,0.028102
0.000202,0.041070,0.029236
-0.002680,0.032494,0.032403
-0.003633,0.004863,0.019325
0.002291,-0.013158,0.005264
-0.005565,-0.035452,-0.009869
-0.010523,-0.037467,-0.022747
-0.011577,-0.052372,-0.030283
0.001021,-0.064121,-0.026171
0.007779,-0.049233,-0.015452
0.001732,-0.001299,-0.004366
0.001682,0.054126,0.004637
0.009659,0.093503,0.019886
0.006024,0.106231,0.028563
0.005287,0.092266,0.033917
0.003548,0.058099,0.033681
0.003675,0.015445,0.029058
-0.000251,-0.017556,0.017069
-0.002323,-0.036702,0.008379
-0.004465,-0.054740,-0.004594
-0.001697,-0.061079,-0.010041
-0.005768,-0.059972,-0.014319
-0.004970,-0.051433,-0.014253
0.002757,-0.025808,-0.011983
-0.001237,0.014734,-0.006389
-0.002206,0.045648,-0.002909
0.002838,0.059475,0.003601
0.004032,0.062635,0.010010
0.003208,0.057271,0.010041
0.002390,0.030586,0.006698
0.001519,-0.000313,0.000038
-0.002347,-0.031191,-0.010858
-0.002404,-0.051398,-0.021666
-0.003448,-0.059860,-0.031345
-0.003516,-0.036354,-0.034361
-0.007478,-0.016141,-0.026707
0.003257,-0.006535,-0.022449
0.007232,0.016895,-0.010625
0.003393,0.042422,0.001311
0.006424,0.054076,0.011041
0.010447,0.044361,0.025892
0.010517,0.026128,0.036437
0.004617,-0.000540,0.033051
0.002552,-0.018624,0.025429
-0.004393,-0.025966,0.008298
-0.008382,-0.033327,-0.007735
-0.009428,-0.036416,-0.024787
-0.009447,-0.041668,-0.036555
-0.006537,-0.034173,-0.041787
-0.007501,-0.017118,-0.037409
-0.000613,-0.002208,-0.034069
0.008258,0.015847,-0.021142
0.008384,0.033952,-0.013575
0.005607,0.044576,-0.007088
0.004788,0.028507,0.000260
0.009762,0.009246,0.007558
0.005866,-0.007848,0.008513
0.001897,-0.020653,0.008403
-0.000160,-0.035601,0.007255
0.000670,-0.039809,-0.000261
-0.001367,-0.026954,-0.004464
-0.004380,-0.015182,-0.009684
-0.005374,-0.002403,-0.006370
-0.000468,-0.001321,-0.004307
0.004435,0.010418,-0.001074
-0.001377,0.021107,0.001062
0.000634,0.032794,0.006524
0.004618,0.038120,0.007638
0.003724,0.027409,0.010789
0.004759,0.018896,0.006472
-0.000101,0.003977,0.000017
-0.003986,-0.017330,-0.008620
-0.003985,-0.033280,-0.019359
-0.005984,-0.044989,-0.026856
-0.004088,-0.051386,-0.029016
-0.002180,-0.032163,-0.028893
0.001723,0.007351,-0.028642
0.002791,0.059608,-0.019752
0.000109,0.083020,-0.011020
0.005259,0.059469,-0.001614
0.012310,0.000690,0.009624
0.010313,-0.047358,0.013479
0.008114,-0.062334,0.017629
0.001900,-0.057010,0.018750
0.001662,-0.037769,0.014642
-0.002403,-0.010000,0.011678
-0.004364,0.011411,0.003311
-0.005266,0.032836,-0.005090
-0.004078,0.049962,-0.010311
-0.004839,0.066025,-0.016599
-0.007482,0.082064,-0.020732
-0.009154,0.060659,-0.017612
0.006690,-0.002349,-0.013833
0.013555,-0.065386,-0.004748
0.005459,-0.088892,-0.003824
0.003131,-0.083624,0.003719
0.003835,-0.056893,-0.000376
0.002748,-0.028046,-0.003364
-0.003185,-0.000290,-0.005250
-0.005090,0.014676,-0.008331
-0.000045,0.028573,-0.008278
0.001098,0.036023,-0.003982
0.000219,0.037079,-0.002896
0.002270,0.031727,0.000238
0.004382,0.034950,0.000209
0.000541,0.026369,0.003390
0.000540,-0.009926,0.003118
0.007360,-0.049409,0.003830
0.004266,-0.062224,0.005842
-0.000902,-0.055819,0.002751
-0.000146,-0.034478,0.002934
-0.001233,-0.001353,-0.000042
-0.002152,0.033840,0.000312
-0.003021,0.055193,-0.003721
-0.003788,0.067999,-0.003613
-0.003555,0.056298,-0.009040
0.002522,0.030633,-0.003885
0.002648,-0.006681,-0.008474
0.003589,-0.033317,-0.010899
0.002563,-0.032199,-0.017298
-0.004387,-0.040780,-0.015163
0.003271,-0.078176,-0.008033
0.012854,-0.088823,-0.008188
0.001902,-0.055767,-0.001568
-0.003211,0.010380,0.001117
-0.000247,0.063707,0.008962
0.003858,0.094577,0.019880
0.004176,0.095667,0.016692
0.000553,0.077527,0.013400
-0.000212,0.043363,0.014202
0.002797,-0.002489,0.007452
0.004704,-0.035556,0.003997
-0.002288,-0.062221,-0.001489
-0.002540,-0.083514,-0.008072
-0.001795,-0.088828,-0.011310
-0.002038,-0.058896,-0.015378
-0.003174,-0.009830,-0.011774
-0.006152,0.030724,-0.012487
0.003794,0.055251,-0.007008
0.001117,0.059513,-0.006956
0.000359,0.048798,-0.004837
0.007392,0.021022,-0.001853
0.007464,-0.012084,0.001070
0.005482,-0.039769,-0.006639
0.001473,-0.053627,-0.006792
-0.000646,-0.062125,-0.012198
-0.000819,-0.053582,-0.012141
0.002009,-0.020520,-0.006586
0.001932,0.026432,-0.004094
0.001971,0.067993,0.004768
0.001179,0.078574,0.016597
0.005283,0.056041,0.032419
0.002413,0.036742,0.041907
-0.006419,0.011096,0.043874
-0.003588,-0.019802,0.035121
0.000199,-0.045291,0.017855
0.001998,-0.059016,-0.003564
-0.006932,-0.049259,-0.023752
-0.009919,-0.032019,-0.042866
-0.008903,-0.030837,-0.056752
-0.001931,-0.027619,-0.057815
0.001096,-0.011707,-0.043837
0.003057,0.007448,-0.036216
0.008999,0.016927,-0.016985
0.011064,0.028568,-0.003037
0.010123,0.031572,0.018423
0.011111,0.031459,0.031266
0.012085,0.028201,0.039755
0.003293,0.027102,0.041921
-0.000655,0.005809,0.033244
0.001282,-0.019679,0.020158
-0.002683,-0.034489,0.006098
-0.005747,-0.036565,-0.003482
-0.006878,-0.038652,-0.008853
-0.002110,-0.048249,-0.006862
0.001712,-0.031188,-0.004592
-0.000357,-0.000290,0.002069
0.001521,0.037048,0.005551
0.000669,0.064744,0.012187
0.001857,0.076413,0.018741
0.004035,0.074268,0.018752
0.001291,0.048644,0.017524
0.002362,0.001746,0.008620
-0.000547,-0.040848,-0.003480
-0.003613,-0.058922,-0.015313
-0.005795,-0.065313,-0.019578
-0.000103,-0.071690,-0.021792
0.000726,-0.062048,-0.024948
-0.000357,-0.035415,-0.018330
0.000563,0.001914,-0.014826
0.004525,0.035996,-0.001819
0.004628,0.063700,0.004797
0.007792,0.072130,0.019789
0.006981,0.068854,0.030415
0.008076,0.051711,0.037773
0.009091,0.026065,0.042876
0.007064,-0.001655,0.038396
0.001102,-0.012227,0.026542
-0.008796,-0.006842,0.017046
-0.013836,-0.028158,0.008431
-0.003192,-0.060085,-0.000430
-0.000359,-0.057895,-0.003694
-0.007384,-0.021548,-0.011927
-0.005511,0.024338,-0.012586
0.000468,0.060661,-0.012387
0.002721,0.075539,-0.005825
0.000085,0.061658,-0.009057
0.005199,0.025347,-0.006150
0.005286,-0.013077,-0.007498
0.005259,-0.042994,-0.005557
0.001209,-0.052588,-0.008801
0.000042,-0.054743,-0.006677
-0.000126,-0.036604,-0.004426
-0.002190,-0.006807,0.007544
0.005560,0.011282,0.016198
0.008490,0.035784,0.024880
0.003661,0.069903,0.032562
0.004735,0.084799,0.038032
0.005880,0.067715,0.038960
0.004036,0.035702,0.037643
-0.000857,-0.000526,0.028830
-0.001949,-0.032461,0.015808
-0.006004,-0.049418,-0.000328
-0.007113,-0.056796,-0.014226
-0.008218,-0.052454,-0.025885
-0.005371,-0.043934,-0.023677
0.000392,-0.020486,-0.016087
0.005232,0.021125,-0.011535
-0.001469,0.060564,-0.003766
0.001697,0.077629,-0.001507
0.009786,0.068992,0.014367
0.009947,0.042263,0.021597
0.007079,0.010257,0.018171
0.006077,-0.020712,0.020061
0.001038,-0.046300,0.016648
0.001824,-0.062273,0.011194
-0.000353,-0.060069,0.001619
-0.007385,-0.047257,-0.001427
-0.007569,-0.047246,-0.003547
-0.004770,-0.039840,0.002957
-0.001962,-0.020683,0.007435
-0.002053,0.023012,0.014225
0.000932,0.051792,0.017690
0.005924,0.070989,0.021018
0.005148,0.064604,0.021964
0.005338,0.057137,0.021891
0.000540,0.047576,0.017515
-0.000340,0.018861,0.007611
0.003607,-0.018407,-0.001282
-0.002299,-0.054592,-0.015436
-0.005356,-0.074754,-0.031588
-0.004539,-0.080006,-0.042312
-0.004694,-0.077950,-0.036861
-0.003903,-0.067367,-0.029218
0.006782,-0.026917,-0.015020
0.004788,0.026343,-0.000724
0.002891,0.080683,0.011453
0.009019,0.108323,0.027646
0.009330,0.115712,0.043607
0.007606,0.093277,0.044534
0.008749,0.049510,0.046296
0.005814,-0.000623,0.045815
0.000765,-0.037862,0.030573
-0.005355,-0.065490,0.013300
-0.007588,-0.072865,-0.000606
-0.010759,-0.062069,-0.018619
-0.009923,-0.033242,-0.022598
-0.007935,0.015850,-0.023242
-0.004884,0.059603,-0.022876
-0.000719,0.088392,-0.017345
0.000601,0.083023,-0.013121
0.004841,0.053095,-0.005922
0.009912,0.005085,-0.005306
0.008969,-0.032270,-0.003516
0.003927,-0.057907,-0.000526
0.002739,-0.071746,-0.004915
0.002511,-0.073842,-0.007123
-0.000634,-0.062062,-0.012361
-0.003737,-0.042837,-0.015382
-0.000850,-0.019357,-0.015193
-0.002780,-0.002273,-0.016120
-0.001729,0.001946,-0.012820
0.000262,0.005069,-0.005269
0.005197,0.010373,0.001135
0.005241,0.028466,0.007688
0.002350,0.040164,0.011029
0.005372,0.042269,0.014261
0.005469,0.046539,0.013247
0.000700,0.037970,0.014304
-0.004151,0.015590,0.008810
-0.001181,-0.012072,-0.001051
-0.003131,-0.042943,-0.011966
-0.005207,-0.075937,-0.025020
-0.004387,-0.089688,-0.039049
-0.004545,-0.073604,-0.045392
-0.003656,-0.039477,-0.040867
0.000232,0.003167,-0.033083
0.005207,0.046852,-0.022083
0.007382,0.080882,-0.006847
0.005713,0.091445,0.007123
0.007918,0.081740,0.019855
0.009095,0.045375,0.027087
0.009126,-0.004809,0.029877
0.004162,-0.038910,0.023196
-0.002863,-0.052698,0.012401
-0.004056,-0.056841,-0.001559
-0.006154,-0.049313,-0.010015
-0.005258,-0.027942,-0.015138
-0.004305,-0.002334,-0.013871
0.001582,0.026498,-0.013682
0.003662,0.047829,-0.011379
0.001856,0.053058,-0.000598
0.004003,0.044501,0.001473
0.006077,0.027359,0.008826
0.003191,0.003886,0.005483
0.001225,-0.019576,0.002111
0.003130,-0.035522,-0.005503
-0.000870,-0.038659,-0.011971
-0.002904,-0.030074,-0.018300
-0.004891,-0.020452,-0.020357
-0.000949,-0.010814,-0.020364
-0.000915,0.016906,-0.013792
-0.005760,0.033899,-0.002982
0.000147,0.032775,0.002389
0.010026,0.019911,0.011845
0.009071,0.011304,0.018232
0.006083,0.005925,0.020392
0.006039,0.004828,0.022551
0.003040,0.000543,0.023605
0.000051,-0.003695,0.018262
-0.001931,-0.001508,0.011867
-0.004870,-0.000340,-0.000938
-0.001899,-0.002390,-0.009541
-0.003784,-0.009755,-0.020334
-0.004720,-0.002231,-0.026689
-0.002730,0.005288,-0.030935
-0.001665,0.010644,-0.034082
0.000400,-0.001173,-0.026656
0.005352,-0.022534,-0.023652
0.006310,-0.040759,-0.014170
0.009124,-0.052578,-0.005693
0.009902,-0.047335,0.006097
0.005821,-0.021767,0.014790
0.004768,0.016649,0.017206
0.001869,0.055127,0.015276
-0.004798,0.070084,0.014309
-0.004612,0.062646,0.008935
-0.001511,0.037039,0.007665
0.000573,0.002925,0.003107
-0.000440,-0.023782,0.001912
-0.000552,-0.033342,-0.006649
0.000357,-0.035497,-0.004523
-0.004692,-0.051532,-0.008767
0.004983,-0.064325,-0.007860
0.001879,-0.047253,-0.007710
-0.005141,-0.015269,-0.003183
-0.001251,0.016765,-0.004013
0.001779,0.046647,-0.000631
0.002936,0.065846,0.001646
0.006067,0.070054,0.009161
0.005318,0.059381,0.012212
0.004520,0.032801,0.000230
0.000710,-0.006642,-0.005437
-0.000291,-0.041780,-0.015348
-0.001362,-0.066286,-0.020882
-0.000567,-0.069468,-0.023049
-0.001713,-0.055572,-0.028222
-0.001832,-0.039671,-0.015263
0.000973,-0.030180,-0.002337
0.008699,-0.005743,0.012789
0.005727,0.036884,0.022711
0.001860,0.080634,0.023084
-0.000865,0.102998,0.028619
0.001361,0.090200,0.027448
0.001601,0.057153,0.018715
-0.000202,0.014522,0.009851
-0.004078,-0.027022,-0.001150
-0.001219,-0.054704,-0.009915
-0.003356,-0.070595,-0.024992
-0.001522,-0.068390,-0.032480
-0.001625,-0.044858,-0.036609
-0.002680,-0.020361,-0.031052
0.003229,-0.004428,-0.018176
0.009087,0.008279,-0.003169
0.006145,0.026373,0.004425
0.003314,0.045532,0.013081
0.004355,0.049700,0.023838
0.007364,0.044333,0.029103
0.006440,0.041082,0.033389
-0.001336,0.032578,0.028001
-0.004248,0.018778,0.018284
-0.003238,0.006045,0.008578
-0.004185,-0.017357,-0.002273
-0.005215,-0.046113,-0.013123
-0.001387,-0.059878,-0.027114
-0.004386,-0.038521,-0.028019
-0.009324,-0.023666,-0.022442
0.005225,-0.010943,-0.011663
0.007220,0.018935,-0.008271
0.001467,0.054053,0.002738
0.002523,0.057139,0.013523
0.013435,0.032537,0.023926
0.011581,-0.001585,0.021479
0.001735,-0.033567,0.016945
-0.003340,-0.052663,0.004987
-0.007421,-0.061102,-0.002660
-0.007591,-0.065244,-0.018715
-0.006750,-0.064123,-0.026167
-0.003918,-0.035254,-0.030256
-0.000025,0.004249,-0.031020
0.000074,0.049057,-0.027477
-0.001687,0.064937,-0.013417
0.005341,0.047715,0.003560
0.016245,0.024130,0.018286
0.012368,0.004859,0.025609
0.004425,-0.009105,0.032006
0.004274,-0.024047,0.030840
0.004161,-0.034647,0.022198
-0.001868,-0.032438,0.011563
-0.004920,-0.019539,-0.002167
-0.006848,-0.007647,-0.019203
-0.006735,0.019059,-0.023237
-0.007606,0.040391,-0.021985
-0.001627,0.052109,-0.018693
0.006454,0.054225,-0.012355
0.006640,0.044540,-0.001766
0.008690,0.027335,0.013073
0.012576,0.002708,0.025634
0.010563,-0.014392,0.031833
0.005494,-0.020835,0.038159
0.001372,-0.024044,0.038152
0.003139,-0.016527,0.034955
-0.002867,-0.001490,0.023323
-0.006804,0.002825,0.015916
-0.009714,0.015697,0.005392
-0.003785,0.027481,0.000144
-0.002753,0.049877,-0.000679
-0.004560,0.058383,0.001568
-0.001482,0.047660,0.003704
0.005504,0.022018,0.006706
0.006550,0.003887,0.002345
0.001625,-0.008995,0.008712
0.004456,-0.029303,0.010720
0.007309,-0.045244,0.006229
0.004262,-0.043021,-0.002350
-0.002724,-0.038684,-0.010859
-0.003792,-0.024768,-0.011902
0.001131,0.003026,-0.012844
-0.000808,0.031892,-0.016924
-0.003638,0.054249,-0.009278
0.000449,0.056327,-0.002840
0.005495,0.050892,0.008878
0.005628,0.044404,0.017414
0.002726,0.017606,0.026914
0.004604,-0.018748,0.035165
0.006443,-0.043266,0.032800
0.002323,-0.046386,0.023148
-0.006677,-0.043064,0.006124
-0.008763,-0.040867,-0.001340
-0.002975,-0.026894,-0.010898
-0.003993,-0.000225,-0.009605
-0.003043,0.033921,-0.008265
0.001942,0.059500,-0.003783
0.000203,0.066942,-0.000511
0.003351,0.060440,0.008061
0.005460,0.039041,0.012211
0.007470,0.005910,0.018340
0.005486,-0.021822,0.017026
0.002465,-0.029248,0.012666
0.000381,-0.030229,0.004068
-0.001674,-0.033347,-0.004543
-0.001770,-0.033315,-0.007767
-0.002795,-0.020492,-0.009796
0.000097,0.001943,-0.010721
0.002052,0.027512,-0.004120
0.000167,0.055193,0.003601
0.001307,0.065801,0.008040
0.004413,0.067810,0.021978
0.006462,0.054872,0.034767
0.008436,0.025992,0.042023
0.005513,-0.002813,0.039671
0.002470,-0.020893,0.033083
-0.001627,-0.041105,0.025427
0.000139,-0.057006,0.013511
-0.005907,-0.061108,-0.004735
-0.008997,-0.053560,-0.015336
-0.008111,-0.034310,-0.020513
-0.003280,-0.002267,-0.021365
0.000635,0.036087,-0.013560
-0.001190,0.059486,-0.003748
0.000947,0.071131,0.008099
0.003125,0.071085,0.012402
0.004253,0.046423,0.025055
0.006287,0.001603,0.022588
0.008234,-0.036736,0.015788
0.004176,-0.050529,0.007097
-0.001855,-0.053637,-0.003633
-0.001063,-0.067458,-0.009111
-0.000259,-0.067381,-0.015587
0.000578,-0.037508,-0.013228
0.001462,0.008367,-0.009676
0.000468,0.048853,-0.001847
0.003533,0.069041,0.007965
0.004720,0.074270,0.018744
0.004870,0.068832,0.029426
0.004961,0.047449,0.031445
0.003080,0.017562,0.029122
0.000130,-0.011220,0.024617
-0.000913,-0.022831,0.009546
-0.001969,-0.030185,-0.004417
-0.004988,-0.045011,-0.018435
-0.003059,-0.059860,-0.029252
-0.005104,-0.043832,-0.029174
-0.003250,-0.031068,-0.025821
0.004508,-0.005500,-0.015035
0.005506,0.021089,-0.000986
0.003588,0.045560,0.008822
0.003693,0.062542,0.020709
0.006760,0.070996,0.030412
0.006897,0.062429,0.033556
0.002148,0.042136,0.032385
0.000249,0.013357,0.026827
0.001215,-0.007878,0.011727
-0.002734,-0.032370,0.001974
-0.002824,-0.052524,-0.015246
-0.004896,-0.064178,-0.028114
-0.006968,-0.066236,-0.038791
-0.007061,-0.065188,-0.038731
0.000644,-0.049191,-0.034386
0.000571,-0.010781,-0.030909
-0.002370,0.022236,-0.023145
0.004577,0.042415,-0.008081
0.010608,0.038057,0.004666
0.008743,0.022010,0.010909
0.007811,0.004904,0.015034
0.003876,-0.005734,0.012767
0.001882,-0.017458,0.012631
0.001837,-0.028049,0.003963
-0.000177,-0.033312,-0.004637
-0.005091,-0.026805,-0.016360
-0.006065,-0.014991,-0.025870
-0.005017,0.003138,-0.024642
-0.003026,0.018000,-0.016991
0.004855,0.022192,-0.007344
0.007882,0.030630,0.005538
0.002063,0.043373,0.008943
0.004075,0.042197,0.019677
0.005128,0.029340,0.023887
0.005163,0.009043,0.024817
-0.000758,-0.011176,0.017182
-0.004723,-0.029225,0.005286
-0.003847,-0.040843,-0.008724
-0.005870,-0.053522,-0.023803
-0.004958,-0.045953,-0.034455
-0.004974,-0.026687,-0.038626
-0.004032,0.001058,-0.037348
-0.000034,0.023467,-0.034023
0.003050,0.039393,-0.021128
0.006160,0.048888,-0.008211
0.007255,0.032729,0.008784
0.012200,-0.002578,0.020231
0.010195,-0.033582,0.026396
0.003131,-0.045371,0.031658
0.000956,-0.043166,0.023125
0.000833,-0.029190,0.011467
-0.004140,-0.010987,0.005184
-0.007066,0.004085,-0.012814
-0.005982,0.018004,-0.017001
-0.005860,0.030844,-0.021168
-0.001822,0.040398,-0.017820
0.000327,0.038244,-0.016741
0.003416,0.029648,-0.011428
0.002508,0.010361,-0.005110
-0.000412,-0.013157,-0.003105
-0.000481,-0.027068,-0.001030
0.000391,-0.036687,-0.001072
0.001226,-0.050570,-0.001162
0.005019,-0.054770,-0.007653
0.002995,-0.035481,-0.012929
0.000015,-0.004457,-0.018103
0.000046,0.020126,-0.016953
0.003120,0.045752,-0.014684
0.003311,0.055347,-0.010398
0.005446,0.051041,-0.004062
0.004618,0.032848,0.001151
0.005665,0.007157,0.009510
0.008546,-0.018551,0.017916
0.004504,-0.019615,0.016853
0.001411,-0.013264,0.021222
-0.003625,-0.029227,0.011564
-0.001716,-0.040894,0.002915
-0.003652,-0.029026,-0.013013
-0.009573,-0.004446,-0.020223
-0.007596,0.009472,-0.025453
-0.003544,0.012710,-0.029703
-0.001438,0.011662,-0.030809
0.001602,0.005203,-0.025488
0.003627,-0.006599,-0.018101
0.007518,-0.023758,-0.007564
0.009409,-0.046249,0.001875
0.006295,-0.050524,0.002902
0.004166,-0.042035,0.009373
0.003059,-0.019571,0.007328
0.003996,0.012454,0.007566
-0.002796,0.040245,0.003496
-0.005653,0.056222,0.006845
-0.000584,0.058391,0.003637
0.002508,0.045570,0.006706
0.000624,0.011359,0.011812
0.003535,-0.024892,0.005151
0.005410,-0.047286,0.004923
0.000363,-0.054693,-0.004717
-0.003722,-0.055698,-0.014299
-0.002820,-0.040700,-0.019554
-0.005780,-0.020349,-0.027947
-0.005752,0.013816,-0.029796
-0.003630,0.037270,-0.027450
0.002404,0.046825,-0.020965
0.005553,0.044596,-0.010276
0.008641,0.036004,-0.003932
0.009739,0.029511,0.008798
0.001944,0.002794,0.010770
0.004818,-0.036744,0.015808
0.007622,-0.050598,0.016690
-0.002351,-0.034584,0.014712
-0.001591,-0.023925,0.015880
0.004168,-0.017485,0.013747
0.000210,-0.008912,0.011632
-0.004738,0.000710,0.006435
-0.001839,0.006078,0.003260
0.001160,0.003969,0.000038
-0.000814,0.002901,0.000031
-0.000811,-0.002420,-0.003189
-0.000791,-0.001347,-0.003194
-0.000788,-0.004542,-0.007421
-0.000785,-0.018372,-0.013923
-0.002750,-0.023699,-0.016084
-0.000789,-0.028998,-0.019360
0.001138,-0.021498,-0.021467
-0.000839,-0.008693,-0.022404
0.001149,0.004029,-0.010576
0.003071,-0.001357,-0.003167
0.009926,-0.005670,0.005277
0.004062,0.000713,0.010611
0.002055,0.015656,0.010727
0.005004,0.025189,0.019360
0.002069,0.031564,0.024717
0.002100,0.028396,0.018326
-0.000758,0.017726,0.016142
-0.003659,0.009229,0.009691
-0.000711,-0.000346,0.003259
-0.000702,-0.006730,0.000021
-0.001675,-0.003490,-0.004238
-0.002657,0.021095,-0.009366
-0.001581,0.036040,-0.010301
-0.001457,0.048842,-0.009137
-0.001265,0.053087,-0.004856
-0.005048,0.026330,0.001402
0.001806,-0.019579,0.003166
0.006626,-0.057996,0.003891
0.002494,-0.072934,0.000624
0.002220,-0.069694,-0.005728
0.002045,-0.045091,-0.009858
-0.001896,-0.011949,-0.013921
0.001077,0.026468,-0.012555
-0.001754,0.051043,-0.011386
0.000409,0.067052,-0.008119
0.003616,0.064914,-0.006034
0.005774,0.048813,0.005580
0.004844,0.022086,0.009666
0.004861,-0.011091,0.015913
0.004717,-0.041024,0.019986
0.003518,-0.057103,0.025269
-0.000645,-0.043197,0.022161
-0.005700,-0.019716,0.019209
-0.000932,-0.012222,0.015027
0.002000,-0.009969,0.004275
-0.001870,0.003987,-0.004192
-0.007673,0.015834,-0.016926
-0.001696,0.015887,-0.022294
0.003302,0.003100,-0.021405
0.001407,-0.016090,-0.024752
0.001405,-0.035340,-0.021667
0.001283,-0.043940,-0.014253
0.005079,-0.034372,-0.009895
0.004974,-0.012051,-0.000062
0.000977,0.016669,0.009833
0.000037,0.033639,0.021751
0.005934,0.029331,0.028094
0.005041,0.019736,0.029034
-0.002812,0.002678,0.025714
-0.000948,-0.016490,0.018124
0.003865,-0.019704,0.021269
0.001775,-0.014330,0.019122
0.000631,0.000614,0.017145
-0.000405,0.027342,0.014101
0.000643,0.049777,0.013179
-0.000228,0.060441,0.012239
-0.001058,0.057222,0.014352
0.003994,0.036995,0.008826
0.000214,0.010377,0.000079
-0.001663,-0.011934,-0.011870
-0.006566,-0.036459,-0.018400
-0.003742,-0.065212,-0.028212
0.000068,-0.087615,-0.027371
0.001842,-0.072689,-0.023025
0.002664,-0.033215,-0.019532
0.001585,0.018979,-0.006295
0.002628,0.072294,0.003673
0.006777,0.107382,0.021034
0.007994,0.106181,0.036015
0.009158,0.081527,0.046556
0.009245,0.043036,0.053749
0.005304,0.008858,0.053540
-0.000722,-0.018855,0.044857
-0.003828,-0.030426,0.024451
-0.007886,-0.035658,0.009493
-0.013875,-0.054741,-0.009818
-0.006144,-0.079137,-0.029236
-0.007224,-0.076914,-0.037816
-0.007381,-0.060859,-0.043036
-0.001568,-0.012881,-0.036244
0.002401,0.031833,-0.016769
0.009335,0.049877,-0.003814
0.012441,0.051911,0.012152
0.008698,0.056163,0.019551
0.006797,0.055004,0.030239
0.006835,0.035785,0.031150
0.005915,0.007023,0.025548
0.000974,-0.014316,0.020129
-0.005003,-0.028136,0.011508
-0.006101,-0.038726,-0.001341
-0.004200,-0.034421,-0.007675
-0.004270,-0.022650,-0.012889
-0.002344,-0.001360,-0.007344
-0.000385,0.028483,-0.001771
0.006555,0.044399,0.011150
0.003644,0.050764,0.018624
0.002763,0.044305,0.026037
0.005731,0.039987,0.034499
0.003774,0.030335,0.038726
0.002720,0.015391,0.038611
-0.002245,-0.004870,0.033174
-0.005232,-0.018628,0.018120
-0.002357,-0.020607,-0.002176
-0.005294,-0.023640,-0.024603
-0.009159,-0.030990,-0.040665
-0.004218,-0.037320,-0.047184
-0.000255,-0.021294,-0.046055
-0.002210,-0.008565,-0.034243
0.004625,-0.003325,-0.020354
0.010528,-0.000223,-0.004381
0.008548,0.007071,0.018102
0.011404,0.015490,0.031033
0.010333,0.017505,0.046002
0.007322,0.018514,0.051392
0.003343,0.020649,0.047224
-0.000623,0.025977,0.045198
-0.002591,0.019671,0.032342
-0.003541,0.011277,0.014120
-0.005429,0.006081,-0.003021
-0.006383,-0.010930,-0.013788
-0.006435,-0.038637,-0.020397
-0.001607,-0.056711,-0.025952
-0.000733,-0.047081,-0.025942
-0.001822,-0.011908,-0.020304
-0.001828,0.013722,-0.021184
0.002182,0.014712,-0.012608
0.008162,-0.004561,-0.002141
0.006237,-0.018449,-0.000128
0.002254,-0.024892,0.004107
0.001187,-0.022778,0.007315
0.005039,-0.021668,0.006164
0.003059,-0.002441,0.004188
-0.000865,0.011497,-0.003186
-0.006680,0.024327,-0.006281
0.000255,0.036087,-0.007286
0.000361,0.049914,-0.001820
-0.003468,0.055188,0.002568
0.002532,0.042328,0.006785
0.006570,0.018816,0.009818
0.002661,-0.002579,0.012913
0.002590,-0.019643,0.008560
-0.000413,-0.041960,-0.001280
-0.004428,-0.054711,-0.008851
-0.002580,-0.056707,-0.024919
-0.002627,-0.039518,-0.036579
-0.007484,-0.019228,-0.037493
-0.002541,0.002131,-0.037355
0.001477,0.030924,-0.031834
0.001669,0.053303,-0.025293
0.005788,0.059592,-0.012390
0.007932,0.048812,0.002445
0.009992,0.030520,0.018373
0.010958,0.000544,0.027787
0.009919,-0.015498,0.031925
0.002938,-0.017661,0.034073
-0.001133,-0.015441,0.023411
-0.002211,-0.030295,0.011558
-0.004231,-0.048312,-0.003559
-0.006258,-0.058864,-0.019645
-0.008338,-0.043862,-0.029097
-0.006420,-0.021419,-0.031088
-0.001527,0.009566,-0.035111
0.000524,0.036170,-0.026328
0.002662,0.052077,-0.014427
0.006745,0.059436,-0.001527
0.010798,0.044396,0.010114
0.009951,0.019825,0.014163
0.004131,-0.001491,0.011820
-0.003700,-0.013173,0.005299
-0.002801,-0.041909,-0.006645
-0.001906,-0.060985,-0.019700
-0.002959,-0.070555,-0.020916
-0.003157,-0.067311,-0.027276
-0.000330,-0.045974,-0.022900
0.000592,-0.006512,-0.018328
0.000608,0.032936,-0.012674
0.005644,0.060629,-0.006029
0.005874,0.073367,0.002622
0.005071,0.068993,0.014363
0.005233,0.041153,0.020653
0.006236,0.006915,0.028966
0.004231,-0.019741,0.024502
-0.002764,-0.029303,0.016992
-0.010737,-0.030296,0.006332
-0.011847,-0.051591,-0.002338
-0.004129,-0.069564,-0.022797
-0.002249,-0.060938,-0.031326
-0.009225,-0.031018,-0.037455
-0.001404,-0.001054,-0.045792
0.005603,0.012786,-0.037225
0.004760,0.025533,-0.027553
0.006845,0.032911,-0.016791
0.008944,0.021078,-0.004093
0.010951,-0.003557,0.008487
0.011902,-0.022816,0.014733
0.003991,-0.029242,0.016831
0.002865,-0.028208,0.022155
0.001743,-0.022816,0.016825
0.003599,-0.011021,0.011545
-0.005221,-0.014151,0.000876
-0.010105,-0.007650,-0.012922
-0.008089,0.015870,-0.019112
-0.005079,0.031864,-0.021035
-0.001068,0.024337,-0.017812
0.005953,0.004046,-0.015849
0.005978,-0.002404,-0.007414
0.002958,-0.005688,0.000097
0.004872,-0.011034,0.003217
0.007800,-0.021668,0.001984
0.000926,-0.024841,-0.001256
-0.002080,-0.029057,-0.009793
-0.001156,-0.037527,-0.016316
0.000742,-0.035401,-0.015231
-0.001269,-0.013009,-0.013954
-0.000305,0.015750,-0.006250
0.006598,0.048788,0.001462
0.003840,0.069043,0.007959
0.004047,0.083967,0.009171
0.003311,0.082873,0.014462
0.001532,0.044392,0.019536
0.009403,-0.008975,0.021206
0.005415,-0.052676,0.014433
-0.000684,-0.064382,0.007975
-0.002892,-0.059005,0.000590
-0.002096,-0.049359,-0.005711
-0.001257,-0.033289,-0.016202
-0.004232,-0.019370,-0.022479
-0.006153,0.001946,-0.021187
-0.003129,0.014758,-0.021097
0.001857,0.032887,-0.016728
0.002025,0.046728,-0.012346
0.004155,0.050971,-0.008061
0.005300,0.046679,-0.002805
0.003537,0.035954,0.005612
0.003580,0.012408,0.011870
0.008469,-0.022784,0.009421
0.004473,-0.052699,0.015539
-0.000633,-0.053739,0.008136
0.002066,-0.059053,0.004897
0.000888,-0.045160,0.006007
-0.004135,-0.000339,0.006381
-0.002218,0.047696,0.004653
-0.004034,0.080801,0.001730
-0.003733,0.079701,0.004945
0.001433,0.062605,0.004858
0.002580,0.033772,0.005719
0.003600,-0.000446,0.010844
0.004554,-0.031340,0.004169
0.005426,-0.045190,0.002948
0.002340,-0.055793,-0.006731
-0.001742,-0.065330,-0.015355
-0.001856,-0.069515,-0.022928
-0.006895,-0.057698,-0.032447
-0.000107,-0.033167,-0.029069
0.003803,0.007348,-0.020269
0.003787,0.056328,-0.005980
0.004905,0.077518,0.013422
0.010039,0.087032,0.026287
0.008323,0.083768,0.033743
0.005503,0.064483,0.039012
0.004623,0.032520,0.032334
0.000748,-0.004794,0.026701
-0.002287,-0.036758,0.018981
-0.003452,-0.058008,0.004963
-0.001676,-0.073891,-0.009090
-0.006739,-0.072745,-0.017650
-0.009862,-0.058793,-0.029244
-0.007043,-0.023637,-0.020429
-0.002152,0.016924,-0.018023
0.000865,0.056346,-0.011257
0.004943,0.063739,-0.003672
0.008107,0.055153,0.002658
0.009258,0.037945,0.017506
0.008304,0.011259,0.018348
0.006326,-0.022847,0.014814
-0.000604,-0.045172,0.004994
-0.002681,-0.054689,-0.006818
-0.004765,-0.054555,-0.020764
-0.003859,-0.048082,-0.028213
-0.001953,-0.037414,-0.028116
-0.000025,-0.015063,-0.020453
0.003900,0.025431,-0.011599
0.005923,0.061593,0.003662
0.007041,0.077486,0.016642
0.007234,0.080540,0.033784
0.005413,0.062310,0.042234
0.010351,0.023852,0.046202
0.007377,-0.011319,0.038470
-0.002514,-0.035746,0.023318
-0.007596,-0.046272,0.004025
-0.007734,-0.046111,-0.013129
-0.008816,-0.042800,-0.028028
-0.010811,-0.041640,-0.039767
-0.003972,-0.041671,-0.034457
0.002849,-0.026778,-0.026888
0.005764,0.006242,-0.017038
0.005782,0.036007,-0.000803
0.007821,0.066819,0.018632
0.006962,0.082699,0.034786
0.010017,0.076175,0.049689
0.011106,0.054778,0.055927
0.004287,0.021745,0.048205
-0.003583,-0.012322,0.034111
-0.005650,-0.035702,0.020068
-0.005813,-0.053686,-0.001411
-0.006919,-0.065271,-0.020735
-0.007990,-0.057706,-0.032424
-0.007080,-0.035223,-0.040794
-0.003171,0.006338,-0.031932
0.001807,0.035074,-0.021034
0.005840,0.054182,-0.008061
0.007989,0.055127,0.007954
0.008147,0.056079,0.020814
0.009202,0.048553,0.028219
0.006285,0.019675,0.033376
0.006260,-0.016606,0.030977
0.000271,-0.052787,0.018904
-0.004820,-0.060128,0.004911
-0.006985,-0.052559,-0.006787
-0.005156,-0.034310,-0.018421
-0.002292,-0.001237,-0.014986
-0.000295,0.030711,-0.006179
0.002678,0.058400,0.002567
0.002841,0.070045,0.015459
0.003034,0.064615,0.025072
0.005080,0.043189,0.032431
0.006084,0.012196,0.036475
0.003118,-0.011260,0.032041
0.002005,-0.026160,0.024490
-0.003033,-0.038881,0.012660
-0.005076,-0.049404,-0.006642
-0.006148,-0.051407,-0.024783
-0.006201,-0.041747,-0.031121
-0.005224,-0.021382,-0.039549
-0.000334,0.004202,-0.034035
0.002684,0.028710,-0.027460
0.005754,0.041447,-0.014626
0.008844,0.042383,0.002458
0.011803,0.037955,0.023754
0.011797,0.030358,0.039709
0.009787,0.016372,0.051394
0.004792,0.004634,0.051294
0.005672,-0.005997,0.047960
-0.000321,-0.014399,0.031851
-0.008278,-0.031347,0.014646
-0.010312,-0.046115,-0.008935
-0.010392,-0.055650,-0.016518
-0.006583,-0.045973,-0.026038
-0.003711,-0.015069,-0.020437
0.002124,0.021154,-0.013703
0.002186,0.064802,0.000529
0.003372,0.092392,0.019995
0.003561,0.095464,0.032907
0.003731,0.075094,0.040305
0.006785,0.036654,0.040044
0.006811,-0.001713,0.031226
0.001853,-0.025064,0.015013
-0.002128,-0.037712,-0.003285
-0.008094,-0.051416,-0.022666
-0.006228,-0.060865,-0.038837
-0.005301,-0.066045,-0.053931
-0.004408,-0.061807,-0.047541
0.001398,-0.042640,-0.036814
0.008141,-0.002207,-0.019431
0.009101,0.032834,0.004326
0.009163,0.059387,0.019516
0.010247,0.075215,0.041032
0.008383,0.072963,0.051783
0.004541,0.057949,0.056032
0.002669,0.035543,0.052695
-0.003234,0.008922,0.041865
-0.004287,-0.020850,0.025647
-0.000461,-0.042031,0.005176
-0.007407,-0.054691,-0.012043
-0.012398,-0.058802,-0.031313
-0.008530,-0.040583,-0.038686
-0.005594,-0.015998,-0.040679
-0.001659,0.005344,-0.038405
0.003341,0.025561,-0.029717
0.004474,0.034016,-0.020018
0.008508,0.034955,-0.006080
0.011519,0.026281,0.009893
0.008612,0.013374,0.020508
0.006660,-0.004775,0.020377
0.005619,-0.016473,0.017034
-0.000330,-0.022831,0.012681
-0.005276,-0.039775,-0.002440
0.000446,-0.052501,-0.010079
-0.003579,-0.039663,-0.011103
-0.003730,-0.016145,-0.013104
-0.001837,0.011583,-0.010734
-0.001766,0.038219,-0.004125
0.000316,0.056274,0.002527
0.004387,0.064718,0.011207
0.004547,0.055075,0.012273
0.003716,0.032599,0.017488
0.000849,0.006956,0.018404
-0.000140,-0.015369,0.007537
0.000813,-0.033422,-0.002259
-0.004097,-0.043953,-0.017357
-0.005108,-0.040598,-0.035509
-0.005099,-0.015991,-0.040697
-0.002099,0.017120,-0.039454
0.001941,0.043757,-0.031796
0.005057,0.059709,-0.022108
0.007248,0.049986,-0.007240
0.010305,0.019999,0.004294
0.011291,-0.010021,0.019052
0.005293,-0.034601,0.019985
0.006064,-0.043202,0.027400
0.001921,-0.038902,0.022126
-0.002151,-0.030341,0.016908
-0.005215,-0.026003,0.007350
-0.009152,-0.021649,-0.004343
-0.010104,-0.027988,-0.016067
-0.003268,-0.026867,-0.021427
-0.002310,-0.019369,-0.024576
-0.003297,-0.006547,-0.026600
-0.003222,-0.000180,-0.021225
0.004632,-0.002355,-0.015910
0.007637,-0.003437,-0.013790
0.005698,-0.015228,-0.007473
0.003702,-0.036571,-0.006606
0.006567,-0.053619,-0.006818
0.001524,-0.054663,-0.010023
-0.001532,-0.037531,-0.015262
-0.002563,-0.011887,-0.016178
-0.004491,0.025510,-0.019125
-0.002408,0.050041,-0.017839
-0.000202,0.061783,-0.016705
0.002001,0.062782,-0.009198
0.004161,0.040304,-0.002932
0.005218,-0.005673,0.004240
0.008099,-0.046286,0.010335
0.004953,-0.066619,0.018683
-0.000231,-0.059151,0.016660
-0.005353,-0.047394,0.013571
-0.005527,-0.039844,0.002968
-0.001669,-0.023780,-0.003321
-0.004590,-0.000224,-0.011700
-0.006539,0.025422,-0.017851
-0.001494,0.036140,-0.022065
0.000691,0.039352,-0.022067
0.000895,0.029774,-0.026399
0.002029,0.011607,-0.022301
0.004074,-0.010872,-0.013942
0.006989,-0.035406,-0.017311
0.007884,-0.056793,-0.011096
0.004815,-0.057870,-0.007944
0.001709,-0.035463,-0.007748
0.001608,0.008280,-0.002129
0.001706,0.042442,-0.000833
-0.003058,0.063825,-0.004943
-0.002817,0.062748,-0.003880
0.001257,0.039156,0.006680
0.005269,0.006051,0.007511
0.006222,-0.029215,0.011532
0.005031,-0.049571,0.018896
0.001849,-0.053846,0.019922
0.000638,-0.039974,0.020039
-0.002457,-0.022827,0.012672
-0.003485,-0.005657,0.002107
-0.007330,0.007199,-0.005238
-0.006246,0.025390,-0.010447
0.000716,0.039284,-0.012477
-0.000114,0.042516,-0.014623
-0.000931,0.040364,-0.014595
0.002120,0.029627,-0.007191
0.007110,0.015693,0.000174
0.008106,-0.000320,0.000055
0.007136,-0.012098,0.003198
0.000260,-0.024855,-0.003310
-0.000786,-0.032288,-0.007652
-0.001813,-0.027964,-0.014037
-0.003824,-0.020499,-0.011869
0.001050,-0.008762,-0.009677
0.002988,0.008300,-0.004274
0.001021,0.029613,0.000168
0.002082,0.046646,0.006694
0.003179,0.048721,0.013138
0.002274,0.030505,0.019456
0.005235,0.008057,0.021459
-0.000684,-0.010102,0.019263
-0.002736,-0.016481,0.014963
-0.002811,-0.021745,0.005322
-0.003829,-0.008889,-0.000981
-0.005773,-0.001350,-0.011556
-0.002784,0.005080,-0.011571
0.002170,0.009452,-0.019128
-0.000632,0.014829,-0.024420
-0.000511,0.003109,-0.026658
0.002504,-0.022536,-0.022600
0.006375,-0.060982,-0.019709
0.008191,-0.083417,-0.016691
0.004046,-0.078124,-0.013398
0.002794,-0.057888,-0.007897
0.001640,-0.027012,-0.000131
0.002570,0.005997,0.009746
0.002589,0.035838,0.014279
0.000722,0.068838,0.026273
0.004777,0.095522,0.030664
0.000122,0.099852,0.024265
-0.002557,0.083864,0.020944
-0.003372,0.033731,0.014191
0.002580,-0.023828,0.005168
-0.000440,-0.072840,-0.007992
-0.004625,-0.102718,-0.013476
-0.000071,-0.105866,-0.018867
-0.000336,-0.077059,-0.017566
-0.001486,-0.024791,-0.014982
-0.000508,0.052036,-0.008048
0.001665,0.107503,-0.000198
0.003961,0.134171,0.003187
0.003484,0.128813,0.008432
0.006816,0.098908,0.012431
0.004134,0.042353,0.009855
0.005163,-0.019545,0.005165
0.002132,-0.070758,0.002621
-0.001107,-0.092092,0.000328
-0.002406,-0.085648,-0.004955
-0.007601,-0.069647,-0.004804
-0.003873,-0.050447,-0.004621
-0.000046,-0.018415,-0.004400
0.000908,0.021049,-0.000880
-0.000030,0.056228,0.001602
0.001118,0.075431,0.003866
0.004291,0.073233,0.010289
0.004499,0.056116,0.013399
0.005575,0.022993,0.016368
0.006575,-0.011150,0.015022
0.003584,-0.026029,0.007416
-0.002440,-0.040946,0.005142
-0.000619,-0.044017,-0.008821
-0.001634,-0.037578,-0.010957
-0.004639,-0.024706,-0.017297
-0.001710,-0.010776,-0.020467
-0.001681,0.014835,-0.017117
0.001369,0.037235,-0.013762
0.006398,0.045668,-0.000872
0.007466,0.029587,0.006510
0.009493,0.008131,0.017086
0.008473,-0.001540,0.023454
0.003434,-0.005901,0.032025
0.000360,-0.009124,0.034144
-0.001716,-0.011239,0.030939
-0.001804,-0.019694,0.021242
-0.006743,-0.021698,0.004153
-0.004843,-0.022720,-0.003297
-0.005868,-0.016268,-0.008601
-0.001003,0.000808,-0.006370
0.000962,0.018963,-0.007299
-0.000985,0.027439,-0.000794
0.005955,0.027397,0.005591
0.006023,0.025212,0.010936
0.006029,0.015567,0.013054
0.006031,-0.005779,0.011838
0.003091,-0.017487,0.008523
-0.000890,-0.022791,0.003165
-0.000986,-0.026934,-0.009747
-0.003901,-0.024722,-0.017254
-0.005861,-0.019341,-0.022556
-0.002921,-0.005470,-0.019299
0.002000,0.014800,-0.014931
0.003046,0.037186,-0.009454
0.002192,0.045613,0.003455
0.007146,0.035899,0.016214
0.012078,0.018717,0.029948
0.008102,0.010079,0.038502
0.004051,-0.001755,0.045974
0.002923,-0.007098,0.045949
0.001781,-0.004917,0.039571
-0.005187,-0.001638,0.027889
-0.007183,-0.002597,0.011914
-0.009108,-0.010985,-0.007370
-0.007135,-0.017302,-0.018107
-0.008073,-0.003382,-0.023343
-0.004110,0.006241,-0.024355
0.003799,0.019021,-0.016863
0.005858,0.032879,-0.010434
