0.002249,-0.054110,-0.011498
-0.001683,-0.053045,-0.010439
-0.001707,-0.037052,-0.006086
-0.001730,-0.009138,0.000096
0.002175,0.010030,0.008729
0.002255,0.026016,0.013101
0.001431,0.019578,0.017322
0.000613,0.017406,0.020539
0.001744,0.010991,0.020520
0.001871,0.005652,0.019437
0.004954,-0.002914,0.020487
0.005131,-0.013570,0.016174
0.005272,-0.017819,0.015042
0.004468,-0.016736,0.013964
0.002608,-0.011357,0.009712
0.001697,-0.001706,0.006535
0.000834,-0.002716,0.000101
0.007370,-0.010199,0.002162
0.009318,-0.011228,-0.002127
0.009213,-0.014400,-0.005367
0.006142,-0.020785,-0.007561
0.003412,-0.026132,-0.007575
0.005645,-0.028235,-0.011858
0.004882,-0.022863,-0.014000
0.005116,-0.026095,-0.010810
0.005054,-0.026061,-0.014034
0.004996,-0.027718,0.071158
0.030206,-0.034213,0.234143
0.049140,-0.011003,0.116162
0.018889,0.008870,0.020469
0.002183,0.009088,-0.005201
0.005976,-0.004775,-0.010571
0.003904,-0.017626,-0.009513
0.002853,-0.025118,-0.009517
0.004404,-0.027239,-0.011663
0.006380,-0.014464,-0.006247
0.009609,0.001535,-0.001909
0.007764,0.019614,0.008864
0.004519,0.028141,0.013143
0.002380,0.027046,0.017391
0.001245,0.024866,0.022720
0.000067,0.019517,0.023757
0.000857,0.017366,0.023783
0.001740,0.006677,0.024787
0.004498,0.005620,0.023706
0.005290,0.002430,0.022603
0.007136,-0.002892,0.020432
0.008121,-0.009249,0.015029
0.007181,-0.012389,0.007522
0.010177,-0.004869,0.003268
0.012100,0.000512,-0.000986
0.011171,0.002706,-0.007400
0.011135,-0.013289,-0.011748
0.012983,-0.023947,-0.012917
0.009953,-0.032441,-0.018332
0.006892,-0.024990,-0.014036
0.004799,-0.016443,-0.012945
0.000806,0.000616,-0.009625
0.003597,0.009156,-0.006422
0.001534,0.010155,0.001085
0.004355,0.011217,0.001108
-0.001677,0.002632,0.005344
0.001086,-0.000606,0.006459
0.001021,-0.001740,0.010807
0.002936,0.000390,0.008746
0.002995,0.002497,0.010927
0.004016,0.001461,0.006653
0.002141,0.002533,0.005602
0.000202,0.007902,0.005561
0.002179,0.016459,0.003489
0.003133,0.016502,0.001286
0.006114,0.012194,0.003444
0.007096,0.001521,0.003358
0.008063,-0.011241,-0.002093
0.008074,-0.020801,-0.007517
0.007130,-0.025036,-0.009733
0.006129,-0.015394,-0.011842
0.006071,-0.003632,-0.011805
0.008868,0.009223,-0.013917
0.005795,0.015607,-0.011721
0.006618,0.011316,-0.010655
0.003493,0.005960,-0.009600
0.001372,-0.004716,-0.010724
0.000245,-0.005802,-0.009636
0.000172,-0.005866,-0.003196
0.001116,-0.010200,0.002169
0.004072,-0.010229,0.005382
0.002200,-0.010260,0.007556
0.001259,-0.002793,0.007625
0.001304,0.000380,0.008773
0.001319,0.008952,0.005614
0.002331,0.008898,0.010985
0.004318,0.013209,0.006725
0.006255,0.018553,0.006750
0.008098,0.026061,0.003577
0.005097,0.029298,0.001419
0.000178,0.025081,-0.002934
-0.001832,0.015509,-0.005191
-0.001889,0.012302,-0.002066
-0.002877,0.013315,0.005405
0.001076,0.011126,0.011805
0.002156,0.011020,0.024629
0.004237,0.005613,0.031045
0.007381,-0.006177,0.035265
0.003767,-0.015775,0.032032
0.001082,-0.023203,0.026630
0.002197,-0.021015,0.020235
0.001312,-0.008139,0.014927
0.002368,-0.000636,0.011768
0.007295,0.002563,0.011801
0.008307,0.007912,0.008672
0.007304,0.008982,0.007630
0.005343,0.004723,0.004432
0.004385,-0.001653,-0.001967
0.005340,-0.003817,-0.000862
0.008236,-0.000619,-0.000828
0.011208,-0.003819,-0.000857
0.011193,-0.003791,-0.003022
0.008219,0.001579,-0.004112
0.004325,0.006975,-0.008409
0.003307,0.007015,-0.011651
0.003257,0.012331,-0.007371
0.005106,0.014486,-0.009500
0.003022,0.006983,-0.005292
0.000016,-0.002617,-0.008520
-0.002096,-0.012282,-0.003214
-0.004155,-0.009101,-0.002086
-0.003190,-0.010228,0.004336
-0.000199,-0.010286,0.009716
0.001814,-0.001743,0.009773
-0.000070,0.006804,0.009817
0.000952,0.012153,0.008780
0.001939,0.020726,0.006668
0.004905,0.028187,0.006753
0.003926,0.030357,0.004587
0.002959,0.025034,0.002417
0.002006,0.018620,0.003437
0.002992,0.007994,-0.001998
0.001094,-0.003796,0.004314
0.002100,-0.011249,0.001068
0.003105,-0.010213,0.005342
0.002176,-0.002747,0.006460
0.002180,-0.000638,0.009682
0.005173,0.006879,0.005438
0.005191,0.010110,0.003297
0.004220,0.010129,0.002201
0.007117,0.006991,-0.005313
0.008010,0.003829,-0.008580
0.007936,-0.002555,-0.011818
0.006868,-0.015343,-0.016156
0.005828,-0.020702,-0.015094
0.002809,-0.022835,-0.016161
0.000811,-0.021821,-0.008692
-0.002151,-0.017571,-0.005471
-0.002194,-0.009085,0.002055
-0.001236,-0.001626,0.003190
0.001726,0.004674,0.015015
0.001771,0.009981,0.018272
0.000858,0.013163,0.018351
0.002954,0.005706,0.014072
0.003066,-0.003840,0.005472
0.002151,-0.008061,-0.002005
0.004138,-0.015504,-0.005276
0.003140,-0.013321,-0.009571
0.002125,-0.002626,-0.010587
0.002013,0.002700,-0.008426
0.002920,0.006894,0.001217
0.002913,0.003667,0.003347
0.000965,-0.007002,0.002205
-0.003838,-0.014438,-0.002127
-0.000855,-0.021910,-0.002186
0.000162,-0.018708,-0.000069
0.002150,-0.010177,0.003158
0.008005,0.004729,0.008599
0.006076,0.008006,0.001109
0.005118,0.006922,0.002187
0.005098,0.000576,-0.006378
0.004055,-0.010107,-0.007484
0.003061,-0.013271,-0.012837
0.004941,-0.012158,-0.017131
0.002857,-0.006822,-0.016041
0.001737,-0.003627,-0.013906
0.000664,0.002726,-0.009540
0.000635,0.003722,-0.002024
0.000583,0.000505,-0.000963
-0.002356,-0.003786,-0.000942
0.000602,-0.004895,0.002296
0.002582,-0.005982,0.003384
0.003614,-0.000673,0.008728
0.004638,0.002577,0.003400
0.000759,0.008998,0.003405
-0.002170,0.011176,0.000170
-0.004153,0.013289,0.003383
-0.004180,0.015429,0.002340
-0.003205,0.012141,0.012997
-0.000205,0.008860,0.020498
0.003837,0.003436,0.030097
0.004051,0.000174,0.036503
0.002402,-0.011572,0.037471
0.000805,-0.020068,0.032061
0.002095,-0.018979,0.029924
0.002333,-0.011459,0.025670
0.004484,-0.003928,0.020347
0.005572,0.009971,0.017257
0.008548,0.010028,0.010831
0.006573,0.010051,0.007634
0.005564,0.007970,0.001202
0.004606,0.002656,-0.002036
0.006525,0.000562,-0.007390
0.006439,0.001635,-0.008442
0.002442,0.000601,-0.012719
0.003373,0.003798,-0.011635
0.001281,0.009126,-0.011569
0.001133,0.012318,-0.009425
-0.000909,0.011222,-0.007269
-0.000877,0.005878,-0.005200
-0.000942,0.005843,0.000119
0.001985,0.005842,0.001170
0.002017,0.012229,0.005447
0.003967,0.013288,0.006524
0.002025,0.013281,0.007585
0.004030,0.012195,0.006581
0.003097,0.007931,0.005488
0.005054,0.002622,0.001190
0.007000,-0.000565,0.000082
0.007956,0.000524,-0.002057
0.004981,0.006987,-0.007392
0.001955,0.012305,-0.004163
0.000945,0.011227,-0.004144
-0.000103,0.010126,-0.000928
0.002804,0.011157,0.003360
0.000864,0.007973,0.001198
0.000885,-0.000653,0.009721
0.002936,-0.004927,0.010748
0.000098,-0.007078,0.011818
0.001130,-0.001764,0.015057
-0.000716,0.000386,0.013987
-0.001600,0.004668,0.012943
0.000433,0.002565,0.010754
0.000493,0.001533,0.006471
0.003549,-0.001695,0.009649
0.005571,-0.001642,0.003236
0.004600,-0.000528,-0.000013
0.002621,0.003791,-0.006383
0.002567,0.002736,-0.008517
0.003480,-0.005749,-0.016046
0.003374,-0.016400,-0.020373
0.004252,-0.023868,-0.022532
0.003182,-0.024965,-0.019324
0.004055,-0.025006,-0.016082
0.001979,-0.019688,-0.013897
-0.000012,-0.017525,-0.016045
-0.002029,-0.011142,-0.012801
-0.001139,-0.005834,-0.008503
-0.002122,-0.000546,-0.002058
0.001779,0.009035,0.002264
0.000831,0.007922,0.007604
0.004767,0.008967,0.008717
0.003849,0.007918,0.006570
0.003878,0.007935,0.004433
0.002938,0.003675,0.002285
0.002924,-0.002662,-0.006306
0.003883,-0.002678,-0.005218
0.004793,-0.006899,-0.011655
0.007644,-0.003727,-0.008414
0.006568,-0.001560,-0.012663
0.002549,-0.001577,-0.011574
0.001497,-0.005815,-0.013781
-0.001488,-0.006883,-0.012741
-0.000574,-0.003699,-0.008487
0.000359,-0.000511,-0.003196
0.002288,0.007989,0.003246
0.001282,0.012224,0.008600
0.000349,0.014348,0.010736
0.001384,0.010067,0.010732
0.003399,0.002599,0.008573
0.005429,-0.007017,0.006430
0.004487,-0.009106,0.000019
0.002525,-0.013341,-0.005331
0.002521,-0.014423,-0.005303
0.002508,-0.015497,-0.005294
0.004430,-0.005897,-0.003109
0.003401,0.004764,0.000143
0.002413,0.014374,0.002301
-0.000530,0.019714,0.003380
-0.002527,0.026127,0.004453
-0.000595,0.025030,0.008704
-0.004483,0.018654,0.006490
-0.006350,0.003683,0.007493
-0.003279,-0.007023,0.013769
-0.001189,-0.016707,0.021215
-0.000016,-0.016737,0.024431
-0.000753,-0.010378,0.030876
0.000459,-0.001858,0.032038
0.002620,0.006668,0.033183
0.004749,0.003500,0.027842
0.008861,-0.008179,0.017128
0.008082,-0.015566,0.004300
0.012982,-0.014447,-0.003148
0.011956,-0.012238,-0.013783
0.012802,-0.002581,-0.020114
0.009712,-0.003561,-0.028717
0.004619,0.003960,-0.034016
0.000451,0.012496,-0.031849
0.000148,0.024225,-0.029636
-0.002046,0.028438,-0.023182
-0.004167,0.025191,-0.016814
-0.005315,0.019801,-0.010443
-0.004447,0.020777,0.001310
0.000402,0.015384,0.007690
0.000471,0.013218,0.009844
0.003521,-0.001739,0.009765
0.004592,-0.009176,0.005434
0.008546,-0.012332,-0.000985
0.008493,-0.005899,-0.004148
0.009402,0.006962,-0.008369
0.005428,0.016594,-0.010455
0.004282,0.019875,-0.017956
0.002211,0.025186,-0.013662
0.004020,0.031579,-0.009401
0.003858,0.030516,-0.010466
0.000782,0.033690,-0.006185
-0.001305,0.028340,-0.005144
-0.003387,0.024058,-0.004100
-0.004425,0.019779,-0.002015
-0.001561,0.016576,-0.002040
-0.000639,0.009114,-0.003169
0.000390,-0.004790,-0.001112
0.001371,-0.006909,-0.002216
0.000364,-0.005809,-0.005432
0.000332,-0.004748,-0.006450
0.001267,-0.006866,-0.008604
0.002158,-0.000441,-0.011744
0.004981,0.003815,-0.009583
0.004869,0.010252,-0.012756
0.004744,0.009191,-0.012782
0.004650,0.012403,-0.012784
0.001608,0.013469,-0.011725
0.000479,0.014609,-0.019228
-0.000618,0.019868,-0.011660
0.000215,0.022028,-0.012756
0.004944,0.023027,-0.007341
0.001895,0.026176,-0.000903
0.001832,0.015485,-0.000941
0.001822,0.002648,0.002173
-0.002023,-0.008037,0.002118
-0.001945,-0.015556,0.006367
0.000114,-0.017707,0.009529
-0.001748,-0.008102,0.010654
0.000255,0.003625,0.012872
0.000336,0.014331,0.009734
-0.000552,0.018616,0.008680
0.002385,0.021852,0.003389
0.003324,0.021859,0.001278
0.005222,0.019772,-0.005137
0.007082,0.008056,-0.011568
0.005032,-0.000416,-0.021219
0.005873,-0.005720,-0.026577
0.002730,-0.000351,-0.029758
0.002441,0.006068,-0.029745
0.000285,0.016735,-0.026509
0.000056,0.025286,-0.023336
-0.000160,0.025279,-0.019135
0.001621,0.010299,-0.013925
0.002486,0.002770,-0.007560
0.000493,-0.005811,-0.003333
0.003403,-0.006936,0.002037
0.004389,0.000521,0.001090
0.005371,0.004791,0.000073
0.004406,0.001584,-0.000984
0.007317,-0.003753,-0.003117
0.003408,-0.007990,-0.009508
0.002341,-0.014377,-0.012740
0.003224,-0.006928,-0.011577
0.002159,0.005865,-0.009344
0.003039,0.020801,-0.007118
0.000008,0.028221,0.002488
-0.000005,0.025043,0.002399
-0.002926,0.020740,0.008727
-0.005820,0.010094,0.008572
-0.007705,-0.000619,0.014865
-0.006557,-0.005981,0.019072
-0.004441,-0.013534,0.027593
-0.001279,-0.016817,0.036145
0.001021,-0.020110,0.043677
0.003317,-0.022268,0.046857
0.001732,-0.020139,0.045846
0.004981,-0.004118,0.045943
0.006213,0.013046,0.037484
0.008416,0.015242,0.030020
0.010550,0.019586,0.020447
0.012607,0.015429,0.005479
0.010648,0.015496,-0.003060
0.007667,0.014480,-0.012614
0.004579,0.014498,-0.016844
0.003373,0.014524,-0.022143
0.001211,0.007098,-0.029638
-0.000002,-0.000393,-0.028600
-0.000184,-0.003644,-0.023270
-0.000346,-0.006876,-0.020079
0.000556,-0.019739,-0.013764
0.000587,-0.027256,-0.007427
0.003563,-0.031539,-0.005335
0.004591,-0.027254,-0.004296
0.003563,-0.012263,-0.007442
0.005525,-0.003697,-0.008490
0.006427,-0.004729,-0.012773
0.006365,-0.003639,-0.013870
0.007226,-0.002497,-0.022425
0.006025,-0.011011,-0.026739
0.006825,-0.016351,-0.027818
0.005712,-0.032379,-0.027896
-0.001263,-0.037711,-0.030044
-0.004328,-0.028157,-0.023557
-0.005523,-0.002578,-0.016983
-0.002753,0.005896,-0.009427
-0.000824,0.003712,-0.004085
0.000235,-0.005944,0.000151
0.001280,-0.013485,0.007595
-0.002568,-0.013496,0.009715
-0.003396,-0.012432,0.010780
-0.000339,-0.019908,0.010732
0.001777,-0.019877,0.007512
0.004826,-0.020887,0.002124
0.004904,-0.015524,0.001057
0.005888,-0.011188,-0.005358
0.006812,-0.004754,-0.008525
0.001852,-0.006836,-0.014954
0.002705,-0.007861,-0.020305
0.002606,-0.013197,-0.020346
0.001498,-0.013242,-0.016046
0.000443,-0.019664,-0.013958
0.001381,-0.026106,-0.009725
-0.000594,-0.025083,-0.004373
-0.001559,-0.018702,-0.000081
-0.000548,-0.014437,0.001012
-0.000487,-0.010197,0.005303
0.001564,-0.016615,0.005289
0.005555,-0.017697,0.007413
0.007583,-0.015545,0.005292
0.005641,-0.011271,0.005314
0.005670,-0.004815,0.000002
0.005697,-0.001654,0.005363
0.003771,-0.006939,-0.001091
0.003793,-0.006940,-0.001088
0.002884,-0.011213,-0.001112
0.000933,-0.008027,0.002091
-0.000998,0.003679,0.006457
0.000945,0.017546,0.007635
0.001933,0.023971,0.005538
0.000991,0.021832,0.005533
0.002944,0.000509,-0.000972
0.001025,-0.016563,-0.005302
0.002970,-0.025095,-0.007479
0.005821,-0.022949,-0.008537
0.005748,-0.012236,-0.010646
0.004675,0.001686,-0.014844
0.007440,0.011298,-0.013737
0.004421,0.010229,-0.013743
0.001402,0.008156,-0.019149
-0.001634,0.004940,-0.018092
-0.000812,-0.000374,-0.021330
-0.000957,-0.004670,-0.019204
0.000891,-0.015386,-0.014993
0.001806,-0.010086,-0.010670
0.001708,-0.006912,-0.008481
-0.003184,-0.008041,-0.002055
-0.004123,-0.008057,-0.000968
-0.008008,-0.009086,-0.003168
-0.008966,-0.002684,0.000025
-0.004102,0.005820,0.007505
-0.004047,0.013284,0.009673
-0.001032,0.020686,0.019325
0.002019,0.023793,0.030056
0.003188,0.010922,0.033256
0.004457,-0.011522,0.032113
0.006728,-0.032858,0.026690
0.007936,-0.039250,0.023470
0.009087,-0.031686,0.012828
0.008238,-0.016652,0.004340
0.006388,-0.005951,0.003307
0.007373,0.005862,-0.002019
0.008222,0.025119,-0.004078
0.007118,0.031532,-0.003005
0.005086,0.032642,-0.006243
0.002081,0.026248,-0.008412
0.000995,0.016700,-0.014911
-0.000098,0.001702,-0.011748
0.000764,-0.019660,-0.012924
-0.000219,-0.031443,-0.010814
-0.002166,-0.033598,-0.010777
-0.001250,-0.034670,-0.011818
-0.001268,-0.032561,-0.008596
-0.001269,-0.026154,-0.008556
0.001625,-0.017625,-0.005325
0.005510,-0.005917,0.000082
0.007429,0.005873,-0.003092
0.006444,0.010215,-0.010567
0.003474,0.005960,-0.011686
0.002404,-0.002537,-0.018137
0.001349,-0.011031,-0.023548
0.001194,-0.019600,-0.020399
0.001068,-0.015375,-0.015021
0.002894,-0.002605,-0.008546
-0.001116,0.015478,0.002216
-0.003085,0.032526,0.007655
-0.004073,0.038901,0.009872
-0.001137,0.033541,0.013028
0.002871,0.021786,0.012973
0.002007,0.011123,0.010771
0.004031,0.004719,0.009677
0.004081,0.005808,0.005446
0.005080,0.006880,0.006487
0.005073,0.009067,0.000091
0.004081,0.014443,-0.003106
0.003052,0.018765,-0.007393
0.001991,0.025169,-0.004204
0.002846,0.027312,-0.005256
0.002769,0.029459,-0.004226
0.000719,0.027314,-0.002123
0.001619,0.022994,0.003203
0.000598,0.018709,0.004256
0.002544,0.014435,0.002143
0.002573,-0.001608,0.002101
0.006527,-0.019726,-0.004382
0.002608,-0.034618,-0.011951
-0.001333,-0.048410,-0.023783
0.000520,-0.053761,-0.023789
0.001385,-0.049491,-0.024801
-0.001703,-0.041006,-0.019364
-0.001775,-0.020805,-0.009588
-0.001772,-0.007012,0.000147
0.000200,0.002541,0.006636
0.002233,0.010994,0.018431
0.002365,0.018491,0.017376
0.004456,0.031289,0.021687
0.001624,0.042012,0.017457
0.002656,0.049531,0.014254
0.004626,0.052759,0.011074
0.005554,0.059233,0.004666
0.003535,0.056032,0.003593
0.006330,0.053936,-0.000707
0.007197,0.034708,-0.000816
0.009131,0.002700,-0.005284
0.005228,-0.022893,-0.009728
0.004227,-0.046367,-0.013070
0.003224,-0.051685,-0.015252
0.000238,-0.041010,-0.014128
0.001140,-0.032461,-0.014086
0.004027,-0.019668,-0.010808
0.005000,-0.013321,-0.003289
0.004927,-0.000514,-0.002139
0.005845,0.010188,-0.005269
0.002867,0.015527,-0.006279
0.000828,0.004880,-0.012707
0.000719,-0.003690,-0.012692
0.000678,-0.007981,-0.011622
0.000596,-0.004800,-0.009451
-0.000473,0.010067,0.000275
-0.001483,0.023935,0.003543
-0.006361,0.033530,0.007829
-0.009250,0.033529,0.008879
-0.010203,0.021771,0.010923
-0.007197,0.011043,0.016211
-0.006059,-0.002906,0.023613
-0.000959,-0.012553,0.028874
0.002255,-0.017949,0.035261
0.005468,-0.015809,0.036310
0.007747,-0.015803,0.037342
0.008995,-0.011432,0.026651
0.007243,-0.013538,0.021330
0.008383,-0.018808,0.012748
0.008493,-0.025114,-0.000109
0.010444,-0.027171,-0.008693
0.009372,-0.022836,-0.017199
0.006341,-0.022830,-0.018259
0.005277,-0.019613,-0.020365
0.003185,-0.010033,-0.017084
0.001073,0.002773,-0.015933
-0.000033,0.010177,-0.008376
-0.001070,0.016588,-0.008342
-0.001095,0.010120,-0.001952
0.001838,0.001547,0.000161
0.001874,-0.008058,-0.000964
0.002908,-0.015536,0.000040
0.000017,-0.010203,0.002183
0.001989,0.003685,0.003307
0.003915,0.002633,0.002212
0.003956,-0.005917,0.002175
0.002112,-0.024053,-0.001127
0.000169,-0.029341,-0.007571
0.002090,-0.020814,-0.006427
0.003014,-0.008029,-0.003130
0.004940,0.009035,0.001223
0.004909,0.021866,0.001261
0.003903,0.029357,0.002315
0.001917,0.027280,-0.003078
-0.002047,0.026232,-0.006275
-0.001149,0.021976,-0.007391
-0.000284,0.016622,-0.007387
0.000617,0.010220,-0.008489
0.003450,0.004810,-0.002063
0.001464,-0.004858,0.002205
0.000547,-0.013399,0.001097
-0.000381,-0.017689,0.001119
-0.000331,-0.012360,0.002225
0.002625,-0.008052,0.000066
0.003619,0.001576,0.000086
0.004587,0.002666,-0.002058
0.004582,0.005898,-0.003157
0.003561,0.000614,-0.008564
0.003512,-0.004688,-0.012880
0.003426,-0.008965,-0.013939
0.002360,-0.010050,-0.011810
-0.000644,-0.009027,-0.006457
-0.001601,-0.019728,-0.004375
-0.000606,-0.025094,-0.001206
-0.000546,-0.029397,0.001985
0.002435,-0.024089,0.006285
0.000593,-0.014512,0.009574
-0.000321,-0.003832,0.009640
0.000750,0.002546,0.012896
0.000833,0.007896,0.011857
0.001857,0.012201,0.007615
0.004838,0.012191,0.007642
0.003872,0.009009,0.004429
0.004879,0.011132,0.003430
0.005887,0.012192,0.003457
0.003892,0.012234,-0.000835
0.000928,0.012244,-0.002955
0.001864,0.009095,-0.008347
0.002769,0.003758,-0.008388
0.002772,0.001599,-0.004161
0.003710,-0.000534,-0.003136
0.000749,0.005868,-0.000985
0.000701,0.008008,0.000064
0.001660,0.002674,-0.001034
-0.001239,-0.005849,-0.002187
-0.000222,-0.018669,-0.002254
-0.000210,-0.024001,-0.003355
0.000766,-0.025073,-0.003353
-0.000211,-0.018695,-0.000097
0.001749,-0.011199,-0.001147
0.002751,-0.009092,0.001034
0.003721,-0.005877,0.001024
0.003707,0.001604,0.000013
0.003682,0.009109,-0.004198
0.004623,0.013380,-0.005216
0.005534,0.009142,-0.010560
0.006401,0.010213,-0.012653
0.005305,0.005958,-0.015862
0.004209,-0.002583,-0.016970
0.000163,-0.013273,-0.015962
-0.004849,-0.015404,-0.015988
-0.009830,-0.013315,-0.008533
-0.006905,-0.009125,0.001118
-0.006849,-0.003869,0.013922
-0.004736,0.008849,0.027851
-0.002559,0.019464,0.038546
0.003558,0.023683,0.043941
0.003905,0.020466,0.045001
0.003247,0.011952,0.038595
0.004454,0.010943,0.030068
0.006510,0.014223,0.019432
0.007551,0.008976,0.007650
0.009580,0.000523,-0.004145
0.009536,-0.009036,-0.009570
0.006535,-0.002602,-0.010643
0.003488,-0.002591,-0.011720
0.001435,-0.001520,-0.011721
-0.000570,-0.003715,-0.004261
0.000372,-0.001624,0.001100
0.001320,0.001588,0.001100
0.000378,0.001558,0.004315
0.000440,0.000491,0.003262
-0.000538,-0.001589,-0.002125
0.000430,-0.001606,-0.001036
0.002389,-0.005862,-0.003198
0.006229,-0.000536,-0.002083
0.007119,0.004843,-0.006335
0.003148,0.008023,-0.005206
0.004086,0.010179,-0.007336
0.001048,0.009126,-0.009473
0.002940,0.001654,-0.009531
0.003857,-0.004732,-0.011719
0.003789,-0.005812,-0.010649
0.000765,-0.001579,-0.005292
0.001657,0.007989,-0.000934
0.000664,0.013308,0.000202
-0.001284,0.015430,0.001297
-0.001277,0.010059,0.004482
0.000696,0.003672,0.002295
0.000753,0.004730,0.003374
0.000789,0.001534,0.003331
0.001769,0.003703,0.001169
0.000799,0.002632,0.003262
0.002750,0.004756,0.005398
0.004744,0.002654,0.002157
0.004774,0.000491,0.005352
0.004810,-0.000522,-0.000027
0.004798,-0.001574,-0.002167
0.003749,-0.003644,-0.009674
0.002685,-0.006852,-0.009682
0.002615,-0.004721,-0.009656
0.002528,-0.002579,-0.011750
0.001435,-0.002614,-0.007475
0.000433,-0.002654,-0.005280
0.000386,-0.001613,-0.002066
-0.001559,-0.000549,-0.003093
-0.002523,-0.005923,0.000099
-0.001513,-0.004899,0.005450
0.000490,-0.003826,0.006491
0.003493,0.006838,0.007643
0.003557,0.010053,0.006590
0.002609,0.013291,0.003383
0.002605,0.014379,0.001245
0.005523,0.013352,-0.003050
0.005497,0.013380,-0.007307
0.006371,0.012328,-0.011540
0.005290,0.011315,-0.016919
0.002210,0.010260,-0.018002
0.002019,0.003841,-0.015923
0.000930,-0.001516,-0.013822
0.000824,-0.005791,-0.012795
0.000726,-0.005807,-0.009617
0.001634,-0.002638,-0.004275
0.001627,-0.004781,-0.002180
0.003609,-0.005873,-0.000033
0.000710,-0.009026,-0.005412
0.001680,-0.010124,-0.002205
0.003606,-0.006910,-0.003258
0.001593,0.004849,-0.005304
0.002545,0.006989,-0.006347
0.004428,0.006990,-0.008439
0.003380,0.000596,-0.011654
0.003319,-0.005817,-0.010635
0.000308,-0.003670,-0.011696
0.000211,0.004864,-0.010570
0.003029,0.024073,-0.006227
0.000937,0.033656,-0.002956
-0.000077,0.009077,-0.004116
-0.000944,-0.016582,-0.004205
-0.000879,-0.036871,-0.005386
-0.000898,-0.040075,-0.006452
0.001032,-0.028355,-0.002121
-0.001910,-0.007006,0.001178
-0.001921,0.014344,0.005521
-0.003875,0.031423,0.010879
-0.002857,0.033548,0.013014
-0.000813,0.024982,0.016154
0.000301,0.015298,0.023603
0.001440,0.005701,0.020368
0.005468,0.005651,0.026775
0.005645,0.008834,0.027895
0.004826,0.010995,0.023657
0.002036,0.013144,0.021545
0.000176,0.015329,0.017247
0.002176,0.006823,0.011865
0.002266,-0.001652,0.004314
0.004334,-0.010190,0.003197
0.007262,-0.009135,0.004285
0.007291,-0.003777,0.002179
0.003414,-0.008020,-0.002107
0.001477,-0.010167,-0.001045
0.000486,-0.011198,-0.005331
0.002403,-0.001592,-0.005257
0.002386,0.002690,-0.005254
0.005264,0.009091,-0.005195
0.003242,0.009093,-0.005203
0.003181,0.003763,-0.007354
0.004073,0.002686,-0.006292
0.002052,0.000536,-0.005222
0.001986,0.008016,-0.005185
0.000913,0.010175,-0.007324
0.002781,0.005867,-0.004120
0.002787,0.001596,-0.005195
0.002805,-0.005882,-0.005235
0.001787,-0.004815,-0.005227
0.001730,-0.002638,-0.009504
-0.001270,0.003775,-0.010523
-0.001376,0.010195,-0.010515
0.000471,0.012305,-0.006251
0.000446,0.012284,-0.002012
0.001410,0.018649,0.004414
0.001365,0.017565,0.007587
0.001436,0.016476,0.009725
0.000546,0.008994,0.009698
0.000613,0.000493,0.005348
0.001660,0.001556,0.006414
-0.000311,-0.001603,0.001046
0.001649,0.000531,0.001065
0.001660,-0.004813,0.001041
0.002662,-0.004821,0.000017
0.002638,-0.008035,0.001070
0.001644,-0.005880,-0.002103
0.001623,-0.004804,-0.003163
0.001623,-0.005859,-0.004249
0.003577,0.000528,-0.002062
0.004545,0.008011,0.000057
0.003538,0.000525,0.000036
0.003573,-0.007987,-0.003240
0.001654,-0.017605,-0.004329
0.000693,-0.019719,-0.007538
0.000675,-0.020808,-0.005400
0.001595,-0.012242,-0.006450
0.003517,-0.004765,-0.005359
0.003486,-0.001598,-0.000012
0.001546,-0.002671,-0.001052
0.002534,-0.002676,0.000006
0.000573,-0.000530,-0.002097
0.000569,0.006921,0.001151
0.002490,0.016554,-0.001980
0.004396,0.021880,0.000180
0.004317,0.021898,-0.001957
0.002330,0.014419,-0.003042
0.002360,0.005856,-0.003045
0.001357,-0.000542,-0.006249
0.002275,-0.004803,-0.009443
0.000283,-0.010155,-0.008396
0.002216,-0.012278,-0.009490
0.003189,-0.012321,-0.003102
0.003165,-0.005926,0.000108
0.000219,0.002622,0.002243
-0.001712,0.009053,0.001179
-0.001700,0.015461,0.003308
0.001190,0.016525,0.005417
0.003180,0.015416,0.009700
0.006188,0.006877,0.009634
0.007205,-0.003780,0.006368
0.002375,-0.017645,0.002049
0.001462,-0.023990,-0.005476
-0.000531,-0.021839,-0.008639
0.001391,-0.018630,-0.010723
0.003283,-0.016502,-0.010689
0.006135,-0.011197,-0.006382
0.005149,-0.005856,-0.006349
0.002176,-0.003716,-0.007393
-0.001787,0.000585,-0.009533
-0.004805,0.003817,-0.011677
-0.006853,0.002742,-0.009575
-0.007909,0.006985,-0.004242
-0.005944,0.011198,0.004304
-0.005901,0.012177,0.013953
-0.003797,0.008872,0.025702
-0.001642,0.006657,0.034261
0.000586,-0.001922,0.037438
0.002868,-0.010477,0.038455
0.004189,-0.015803,0.036294
0.006373,-0.010389,0.027769
0.008528,-0.012452,0.020245
0.011617,-0.002758,0.008587
0.011621,0.002637,0.003248
0.008700,0.006981,-0.004232
0.006707,0.001681,-0.009599
0.003696,0.000636,-0.013850
0.004560,-0.004675,-0.017098
0.003465,-0.004677,-0.017091
0.002341,-0.003645,-0.012808
0.001261,0.004873,-0.010595
0.000166,0.016613,-0.011546
-0.000926,0.014427,-0.006200
0.000985,0.003731,-0.006224
0.000987,-0.010164,-0.004191
0.002915,-0.017662,-0.001043
0.001932,-0.020866,0.001028
0.001050,-0.027283,0.004149
0.003142,-0.027257,0.004082
0.000267,-0.022976,0.005129
0.001337,-0.014487,0.012648
-0.000500,-0.005951,0.014815
-0.000420,0.006871,0.013831
0.000620,0.016432,0.018208
0.002684,0.021766,0.017212
0.003761,0.016410,0.016175
0.003877,0.005691,0.018299
0.004008,0.002502,0.015104
0.002134,0.002506,0.014050
0.000284,0.004654,0.011938
0.000357,0.008945,0.011916
0.003404,0.014285,0.016132
0.001543,0.017528,0.015005
-0.000294,0.005816,0.013791
-0.003071,-0.002696,0.012609
-0.001034,-0.009086,0.010431
-0.000921,-0.010149,0.009365
-0.002834,-0.006917,0.004082
-0.003767,-0.010121,0.003018
-0.000823,-0.011136,-0.005495
0.002074,-0.018608,-0.008689
0.002040,-0.021780,-0.014021
0.002953,-0.019650,-0.013992
0.003826,-0.014311,-0.015001
0.005695,-0.004688,-0.014971
0.005562,0.003849,-0.013855
0.006411,0.011331,-0.012776
0.010224,0.007031,-0.009594
0.008191,0.007056,-0.012797
0.009075,0.008112,-0.011711
0.006043,0.008106,-0.012742
0.006906,0.011299,-0.013741
0.004816,0.014512,-0.014787
0.004686,0.019836,-0.013668
0.003552,0.021942,-0.010438
0.002466,0.015505,-0.009355
-0.001517,0.014417,-0.007218
-0.005493,0.012263,-0.006139
-0.004588,0.005845,-0.005107
-0.006578,-0.003781,-0.004086
-0.004577,-0.014505,0.002238
-0.002560,-0.013467,0.005461
-0.000529,-0.011349,0.008655
0.002462,-0.006022,0.010816
0.001533,0.001467,0.008736
0.004514,0.005801,0.003371
0.004503,0.005834,-0.000897
0.004484,-0.000505,-0.008437
0.009288,-0.007935,-0.013833
0.008245,-0.018564,-0.021351
0.004217,-0.019618,-0.023487
0.002117,-0.019595,-0.026684
0.000940,-0.012156,-0.021312
-0.000173,-0.014288,-0.022379
0.000724,-0.014365,-0.012769
-0.000350,-0.011191,-0.008487
-0.002344,-0.008029,-0.003130
-0.000349,-0.009108,-0.002061
0.001695,-0.010145,-0.003193
0.001723,-0.008003,-0.003194
0.005592,-0.006884,-0.008551
0.002596,-0.005773,-0.011794
0.000570,-0.011061,-0.017195
-0.002485,-0.008910,-0.018265
-0.005573,-0.000365,-0.017166
-0.007692,0.011336,-0.011741
-0.007806,0.019783,-0.002025
-0.003961,0.026107,0.010786
-0.001966,0.029219,0.020456
0.002099,0.016316,0.028971
0.001368,-0.002949,0.031049
-0.000291,-0.014694,0.028875
-0.001054,-0.013634,0.028903
0.002069,-0.005063,0.024704
0.005185,0.007820,0.017287
0.008239,0.016401,0.013060
0.009282,0.015390,0.006630
0.011274,0.009069,-0.003047
0.009300,0.008029,-0.006264
0.007228,0.008103,-0.014823
0.006131,0.006010,-0.021224
0.004974,0.002850,-0.025542
0.004720,0.000732,-0.026649
0.003545,0.002840,-0.021334
0.001386,0.001789,-0.021384
-0.000723,0.000685,-0.018159
-0.000824,0.001708,-0.010715
0.000044,-0.003664,-0.008574
-0.000009,-0.005819,-0.006448
-0.000009,-0.011213,-0.003202
0.002918,-0.012289,-0.003187
0.004825,-0.004799,-0.005267
0.003800,0.003764,-0.010493
0.003678,0.014457,-0.013599
0.005474,0.027294,-0.016710
0.005249,0.034798,-0.020918
0.005994,0.035874,-0.021978
0.004788,0.030512,-0.019864
0.002628,0.023004,-0.015642
-0.000437,0.024015,-0.009213
-0.004445,0.022908,-0.001799
-0.005444,0.026040,0.008868
-0.007306,0.024891,0.021621
-0.007132,0.025913,0.030115
-0.004944,0.026958,0.036455
-0.002726,0.027966,0.044986
0.001491,0.020508,0.042800
0.006655,0.010922,0.040579
0.005936,-0.000728,0.027701
0.009037,-0.015569,0.012677
0.011052,-0.023984,-0.003400
0.013926,-0.026008,-0.017301
0.012804,-0.021650,-0.029000
0.008656,-0.015188,-0.036423
0.004466,-0.010878,-0.040677
0.000253,-0.007681,-0.039592
-0.003967,-0.001290,-0.038464
-0.006174,0.001856,-0.029925
-0.008286,0.000714,-0.021373
-0.008439,0.000615,-0.008566
-0.006513,0.001622,-0.002126
-0.004544,-0.001663,0.007477
-0.000559,-0.004903,0.010688
0.000534,-0.009157,0.007476
0.000629,-0.013410,0.003219
0.001669,-0.014416,-0.004270
0.002628,-0.010078,-0.010689
0.005483,-0.008937,-0.019240
0.007307,-0.007816,-0.023553
0.008114,-0.012079,-0.023604
0.007943,-0.012090,-0.020440
0.004866,-0.007867,-0.015054
0.003803,-0.005762,-0.011822
0.001789,-0.005801,-0.007538
-0.002118,-0.010056,-0.008657
-0.000194,-0.014373,-0.003337
0.000786,-0.012245,-0.001211
0.002787,-0.006947,0.005207
0.004760,-0.002688,0.005267
0.000907,0.003666,0.010679
0.000931,0.006878,0.009631
-0.000969,0.009024,0.005436
-0.002883,0.003706,0.001164
-0.000891,-0.003759,-0.001004
0.004010,-0.003774,0.001126
0.007916,0.000520,0.001096
0.004967,0.009060,0.003251
0.004959,0.017594,0.004377
0.002045,0.022923,0.004438
-0.000923,0.015490,-0.001996
0.001020,0.009103,-0.005229
0.001951,-0.001537,-0.010628
0.005818,-0.007976,-0.006405
0.004790,-0.016483,-0.010737
-0.001166,-0.014334,-0.011802
-0.005165,-0.009015,-0.007531
-0.007208,0.001594,0.001085
-0.008234,0.018617,0.008680
-0.006240,0.024943,0.019394
-0.002205,0.024860,0.029022
-0.000030,0.018389,0.035422
0.003152,0.009825,0.035419
0.005375,-0.004060,0.033247
0.002717,-0.017930,0.029988
0.003950,-0.024313,0.024652
0.004149,-0.027445,0.016078
0.006256,-0.021015,0.013969
0.008356,-0.009247,0.012946
0.006467,0.004682,0.008729
0.005574,0.010066,0.005509
0.006600,0.012236,0.002300
0.005622,0.010101,0.004375
0.006605,0.002665,-0.001006
0.003680,-0.002688,0.000040
0.003648,-0.001576,-0.005297
0.002630,-0.004783,-0.006355
0.003550,-0.005837,-0.008489
0.002494,-0.009012,-0.010679
-0.000526,-0.006890,-0.008536
0.001343,-0.007980,-0.005347
0.002250,0.000544,-0.003152
0.001237,0.010128,0.000120
-0.000743,0.015487,-0.003033
-0.000808,0.019723,0.000224
0.000156,0.016506,0.001284
0.002075,0.011160,0.000219
0.001128,0.001557,-0.000907
0.002110,-0.009128,-0.000963
0.000203,-0.013380,-0.002086
0.001162,-0.010206,0.002195
-0.000783,0.003681,0.002275
0.000208,0.010052,0.007641
0.001239,0.011113,0.008710
0.001322,0.007930,0.007590
0.000404,0.004720,0.009674
0.001416,0.006862,0.009672
0.001470,0.011140,0.010729
0.001527,0.010102,0.007506
0.001547,0.014372,0.008585
0.002576,0.015449,0.007524
0.003550,0.009049,0.005369
0.001619,0.001585,0.001109
0.002610,-0.006903,-0.007456
0.005520,-0.011186,-0.007453
0.004460,-0.011195,-0.009522
0.006326,-0.015441,-0.012752
0.003332,-0.018631,-0.013857
0.002297,-0.017550,-0.013885
0.000272,-0.017547,-0.011799
0.000229,-0.011146,-0.009648
0.002157,-0.004755,-0.006428
0.002122,0.004804,0.001091
0.000175,0.011215,0.001121
0.000195,0.005841,0.004313
-0.001773,0.001614,-0.001057
-0.000781,-0.003758,0.001084
0.001168,-0.009104,0.001067
0.003149,-0.009111,0.001085
0.002207,-0.005936,0.004317
0.003160,0.003657,0.004427
0.004150,0.010052,0.005548
0.003171,0.007965,-0.001914
0.001245,-0.001640,-0.003039
0.001208,-0.001605,-0.007314
0.002183,-0.001624,-0.005172
0.001164,0.002651,-0.006199
-0.001828,0.005861,-0.006195
0.001042,0.012241,-0.001898
-0.000964,0.010077,0.002345
0.000994,0.005837,0.001188
0.001031,0.006911,0.000133
0.000014,0.007963,0.003320
0.002958,-0.000562,0.002172
0.003024,-0.012296,-0.000029
0.003050,-0.019766,-0.001140
0.002099,-0.022959,-0.002233
0.002111,-0.015467,-0.003274
0.003055,-0.000506,-0.003204
0.003005,0.002705,-0.003204
0.004934,-0.001568,-0.003228
0.003932,-0.011160,-0.005432
0.001982,-0.014372,-0.005430
0.000981,-0.012237,-0.007506
0.001922,-0.007946,-0.009619
0.000871,-0.000475,-0.009558
-0.000201,0.003815,-0.009579
-0.002210,-0.001517,-0.010680
-0.002265,-0.002632,-0.003243
-0.005260,-0.000518,0.001012
-0.006221,0.007966,0.008541
-0.006112,0.013246,0.015003
-0.003043,0.015286,0.025725
0.001057,0.016291,0.032174
0.001304,0.014144,0.033236
0.004450,0.007729,0.033213
0.005675,-0.000804,0.029995
0.004911,-0.005030,0.024618
0.007000,-0.003883,0.015008
0.007107,-0.003802,0.005382
0.006193,-0.002731,0.005381
0.008142,0.002664,0.001090
0.011037,0.010137,0.002189
0.007117,0.018716,-0.002032
0.006074,0.018730,-0.004161
0.004024,0.008075,-0.007432
0.002024,-0.002612,-0.009570
0.001988,-0.010077,-0.011739
-0.001026,-0.011151,-0.011729
-0.001135,-0.004772,-0.007431
0.003680,-0.009069,-0.005300
0.003681,-0.016581,-0.001069
0.000806,-0.020840,-0.003221
-0.000162,-0.016568,-0.003191
-0.001153,-0.008022,-0.003143
0.002733,0.011172,0.001235
0.004669,0.022929,0.000239
0.006555,0.030415,-0.000785
0.007484,0.029374,-0.003999
0.004441,0.032614,-0.008257
0.001363,0.032619,-0.009317
0.000234,0.025158,-0.012539
0.001086,0.016584,-0.010423
-0.000957,0.004815,-0.008351
-0.000985,-0.000569,-0.003040
-0.001942,-0.001661,0.002245
-0.002926,0.005760,0.009757
-0.005810,0.012121,0.016195
-0.004723,0.010024,0.013986
-0.003577,0.004635,0.019311
0.000487,0.001444,0.019259
0.003551,-0.001749,0.018161
0.003681,-0.002758,0.012772
0.005726,-0.000567,0.005319
0.006732,0.001605,0.002102
0.008637,0.004895,-0.008560
0.008534,0.016655,-0.009565
0.005442,0.006066,-0.020327
0.004316,0.002847,-0.020306
0.003198,-0.000378,-0.018178
0.000062,0.004973,-0.020265
-0.003036,0.001676,-0.011676
-0.002151,0.000582,-0.008478
-0.000222,-0.000548,-0.002051
-0.001198,0.002593,0.005455
-0.001151,0.009988,0.015127
0.000894,0.015281,0.020512
0.002006,0.015289,0.019447
0.005089,0.008918,0.014081
0.007152,0.002549,0.008708
0.008193,-0.000618,0.004409
0.008206,0.002673,-0.004163
0.005207,0.013422,-0.009505
0.004105,0.020935,-0.011648
0.003007,0.019868,-0.011656
0.001928,0.010242,-0.009590
-0.000102,0.002742,-0.007483
-0.002084,-0.010096,-0.005412
-0.005039,-0.017601,-0.004338
-0.006012,-0.017633,-0.001118
-0.001134,-0.013411,0.004267
0.001848,-0.005971,0.007548
0.004806,-0.001714,0.008658
0.005864,0.001518,0.005468
0.005917,0.001536,0.003330
0.004891,0.005890,-0.007316
0.004817,0.005917,-0.010522
0.002812,0.005952,-0.014796
0.003699,0.005992,-0.018039
0.003550,0.003852,-0.016997
0.001458,0.003828,-0.012749
-0.001559,0.004846,-0.007386
-0.001638,0.010141,-0.000959
-0.003614,0.013281,0.006548
-0.003578,0.012201,0.007618
-0.001516,-0.001714,0.010751
0.001577,-0.017751,0.011741
0.001727,-0.030529,0.007378
-0.001140,-0.026227,0.004187
-0.003094,-0.012298,0.001021
-0.005063,0.002647,0.002178
-0.003155,0.018683,0.001190
-0.004117,0.022935,0.005452
-0.003137,0.022895,0.009739
-0.002099,0.017509,0.014008
0.000964,0.002548,0.014987
0.002084,-0.006031,0.016071
0.002198,-0.007129,0.020326
0.002352,-0.013546,0.021354
0.001552,-0.017765,0.014917
0.002717,-0.023125,0.015980
0.002860,-0.024139,0.008508
0.005861,-0.012359,0.006407
0.005943,-0.000606,0.007516
0.007910,0.012255,0.003295
0.009843,0.019764,0.000118
0.006905,0.019790,-0.003088
0.003946,0.012355,-0.008471
0.002857,-0.005811,-0.010649
0.003755,-0.019678,-0.014964
0.003720,-0.032494,-0.015045
0.002675,-0.033549,-0.015083
0.003554,-0.025042,-0.010751
0.001530,-0.006920,-0.004276
0.000509,0.010150,-0.000983
-0.000502,0.025079,0.004399
0.002404,0.024000,0.005468
0.003370,0.021841,0.006559
0.001502,0.015434,0.004426
0.001500,0.004797,-0.002027
0.003395,0.000533,-0.005212
0.002367,0.002663,-0.006229
0.001331,0.000530,-0.007296
0.000303,0.001620,-0.011531
0.000236,0.005895,-0.010465
-0.002794,0.012311,-0.009399
-0.002891,0.019751,-0.005076
-0.000963,0.017591,-0.000846
0.000973,0.011199,0.000119
0.001924,0.009047,0.002238
-0.000013,0.001568,0.004291
0.001989,-0.003755,0.003166
0.001034,-0.012241,-0.003312
0.000093,-0.013314,-0.002257
0.001076,-0.005815,-0.004364
0.002957,-0.003654,-0.006505
0.004851,-0.002578,-0.007566
0.002823,-0.004697,-0.009716
0.002725,-0.004690,-0.011826
0.000732,-0.007910,-0.011805
0.000679,-0.015380,-0.012913
0.003563,-0.017547,-0.010752
0.001514,-0.012219,-0.009642
0.002420,-0.005819,-0.007490
0.003368,0.000561,-0.005285
0.003341,0.006950,-0.004149
0.001350,0.010158,-0.005184
0.001295,0.011213,-0.005145
0.000306,0.005893,-0.007324
0.002231,0.003725,-0.004116
0.000259,-0.000546,-0.003098
0.002198,-0.001621,-0.000997
0.001201,-0.002695,0.001105
0.001240,-0.002703,0.003217
0.000306,-0.004813,0.001045
-0.001637,0.002658,0.001103
-0.001652,0.009041,0.003300
0.000319,0.011218,0.000071
0.002250,0.009043,0.003297
0.002253,0.004787,0.002180
0.002242,-0.000571,0.002193
0.002267,-0.008015,-0.002119
0.002251,-0.013380,0.000004
0.003262,-0.013342,-0.004276
0.001264,-0.008022,-0.001056
0.003201,0.007994,0.001149
0.003155,0.013371,-0.002052
0.002176,0.013363,-0.002032
0.002153,0.011225,-0.002040
0.000181,0.006931,-0.002010
0.000143,0.003726,-0.002026
0.000113,0.004795,-0.003068
-0.000914,0.007974,0.000154
-0.000966,0.010144,-0.004103
0.000948,0.010103,0.001232
0.001909,0.006889,0.003328
0.001936,0.000510,-0.000969
0.002947,-0.001634,0.000086
0.003933,-0.001641,0.000104
0.002956,-0.001589,-0.006309
0.000963,-0.004767,-0.008489
-0.001037,-0.006847,-0.012830
-0.003108,-0.003652,-0.010695
-0.005195,0.003774,-0.004243
-0.004281,0.012262,0.003277
-0.003276,0.016449,0.012937
-0.001236,0.012113,0.021444
-0.001054,0.007804,0.024652
0.002103,-0.001887,0.033163
0.004316,-0.011479,0.029914
0.004568,-0.011463,0.026735
0.004761,-0.007159,0.023540
0.005873,0.000364,0.018236
0.006005,0.004696,0.011832
0.008032,0.003665,0.008590
0.008095,0.003725,0.001112
0.006151,0.001624,-0.002129
0.005169,-0.002638,-0.003226
0.002170,-0.004691,-0.012870
-0.000837,-0.001495,-0.012828
0.000051,0.001672,-0.008528
-0.001020,0.005902,-0.004210
0.000868,0.003732,0.000048
0.001812,0.003689,0.003299
-0.000121,0.001586,-0.000984
0.001837,0.000499,0.000105
0.004744,-0.002708,-0.000952
0.006693,-0.009114,-0.003091
0.005738,-0.015472,-0.009535
0.000836,-0.015452,-0.011678
-0.001205,-0.009020,-0.013793
-0.001288,0.001643,-0.010544
-0.001387,0.013380,-0.006260
0.000502,0.029387,-0.001940
0.001386,0.032566,0.001282
0.001393,0.028271,0.003407
-0.002493,0.011193,0.001183
-0.002459,-0.003754,-0.002064
-0.002486,-0.011223,-0.003172
0.001381,0.002613,0.002268
0.007191,0.015398,0.007656
0.007168,0.017568,0.003396
0.003310,0.012253,-0.000884
0.001341,0.003761,-0.007348
-0.001726,0.004857,-0.011596
-0.000878,0.005967,-0.015883
-0.000016,0.004859,-0.010557
0.002821,0.004866,-0.009530
0.004729,0.000574,-0.006366
0.004678,0.003716,0.001138
-0.000134,0.004770,0.003275
-0.004038,0.005849,0.002203
-0.003048,0.006894,0.005409
0.001853,0.005864,0.003210
0.004837,-0.001613,0.004211
0.005864,-0.009035,-0.001205
0.003964,-0.012252,0.000898
0.002979,-0.010125,0.003030
0.002005,-0.003712,-0.000081
0.003941,-0.004764,-0.003268
0.001958,-0.005829,-0.004326
0.000968,-0.005816,-0.007499
0.001864,-0.004725,-0.010687
0.001771,0.000626,-0.011730
0.001701,0.002724,-0.008480
-0.001280,0.001654,-0.008481
-0.001323,-0.001517,-0.012772
-0.000401,-0.002590,-0.012764
-0.003434,-0.002643,-0.006352
-0.004455,0.002653,-0.002021
-0.001522,0.009033,0.002276
0.000426,0.011171,0.002283
0.004360,0.009005,0.006532
0.004446,-0.000604,0.006464
0.003527,-0.000595,0.005395
0.003524,-0.003736,-0.002111
0.003485,-0.005828,-0.007465
0.005387,-0.010013,-0.017132
0.003333,-0.008944,-0.018174
0.002213,-0.005730,-0.018182
0.001074,0.001724,-0.015987
0.002895,0.000625,-0.011726
0.002812,-0.006894,-0.006431
0.001863,-0.012250,-0.005378
-0.000113,-0.017578,-0.006488
-0.002078,-0.014352,-0.009665
-0.004064,-0.006950,-0.001057
-0.005069,0.006932,-0.000966
0.000768,0.018634,0.005501
0.003665,0.029308,0.005583
0.002691,0.030368,0.007702
0.002730,0.016515,0.005445
-0.000194,0.001638,-0.003211
-0.004097,-0.012225,-0.005443
-0.004128,-0.014340,-0.008647
-0.003234,-0.005866,-0.000049
-0.005189,0.007940,0.008608
-0.003193,0.013182,0.020402
-0.002075,0.015263,0.025789
-0.001880,0.014165,0.030044
-0.000629,0.004534,0.032125
0.002552,-0.000807,0.032094
0.006698,-0.002919,0.028880
0.007844,-0.002872,0.023529
0.007015,0.001462,0.016072
0.007120,0.003660,0.010697
0.009098,0.001588,0.002149
0.010073,0.000568,-0.004259
0.009107,-0.008980,-0.011805
0.008078,-0.012146,-0.017155
0.004032,-0.014274,-0.019281
0.002922,-0.008935,-0.020291
-0.000195,-0.007869,-0.019232
-0.002288,0.000628,-0.013826
-0.003320,-0.003691,-0.007456
-0.004342,-0.000528,-0.003145
-0.004329,-0.001636,0.002181
-0.003314,0.001517,0.008609
0.000604,0.004728,0.007565
-0.000305,0.006814,0.013985
0.001728,0.005750,0.013967
0.003765,-0.001705,0.010728
0.004847,-0.005957,0.006466
0.003936,-0.015539,0.001098
0.005954,-0.024034,-0.006404
0.007918,-0.025069,-0.010680
0.004925,-0.018647,-0.012768
0.004872,-0.008984,-0.017024
0.002766,0.004918,-0.018031
-0.001285,0.014510,-0.014782
-0.004343,0.021982,-0.012632
-0.003475,0.027283,-0.006223
-0.002597,0.016572,-0.000980
0.000372,0.006899,0.006440
-0.001448,-0.018746,0.008406
-0.003237,-0.036935,0.011517
-0.002078,-0.046526,0.008263
-0.002968,-0.042269,0.009375
-0.000921,-0.026244,0.009463
0.001062,-0.007018,0.008532
0.000131,0.011172,0.005421
0.002077,0.021903,-0.000923
0.001051,0.030502,-0.007287
0.000895,0.034813,-0.011545
0.002708,0.035855,-0.009381
0.003567,0.030515,-0.010458
0.004452,0.015492,-0.003047
0.006385,0.009053,0.001180
0.003483,0.005856,0.002188
0.001540,0.006937,0.003204
0.001600,0.015490,0.003234
0.005469,0.017633,0.003228
0.007415,0.021964,-0.000035
0.008385,0.018812,-0.004374
0.007297,0.019905,-0.007571
0.005189,0.022056,-0.008642
0.003059,0.029570,-0.012877
0.001885,0.022039,-0.008598
0.000812,0.002795,-0.008665
-0.001150,-0.012213,-0.004430
-0.003091,-0.025057,-0.002346
-0.007919,-0.032593,0.002994
-0.006783,-0.036910,0.008313
-0.004694,-0.025237,0.016948
-0.001630,-0.010327,0.022380
0.001468,0.004589,0.026754
0.003582,0.021632,0.031161
0.001793,0.031308,0.022687
0.002902,0.039906,0.016323
0.002900,0.041032,0.008858
0.006796,0.034670,0.002423
0.004831,0.026173,-0.001934
0.007697,0.009096,-0.005209
0.004775,-0.006881,-0.009603
0.003748,-0.019726,-0.008561
0.000811,-0.020770,-0.010723
-0.001247,-0.015428,-0.011741
-0.002345,-0.005821,-0.010623
-0.003383,0.004885,-0.012714
-0.000594,0.009142,-0.009511
0.000294,0.009122,-0.006323
0.002211,0.003799,-0.007446
0.002157,-0.000497,-0.004272
0.001113,0.002729,-0.005353
-0.000921,0.002735,-0.003279
-0.002940,0.011272,-0.002164
-0.000038,0.021895,0.005372
-0.000064,0.030422,0.007562
0.000924,0.026093,0.013960
0.001988,0.018571,0.017168
0.002121,0.009996,0.018243
0.002259,-0.000672,0.017102
0.003350,-0.006035,0.018175
0.004459,-0.004970,0.018186
0.003624,-0.000730,0.023527
0.005726,0.012130,0.019307
0.003885,0.016423,0.018235
0.002967,0.019612,0.021430
0.003124,0.021790,0.015061
0.002228,0.011142,0.009679
0.007223,-0.004866,0.006413
0.002422,-0.017623,-0.000097
0.003442,-0.021898,-0.001163
0.002473,-0.035751,-0.005511
0.000583,-0.047480,-0.008772
0.000651,-0.077363,-0.014244
0.001735,-0.091239,-0.014352
-0.000135,-0.086950,-0.014368
0.003719,-0.067725,-0.013205
0.004684,-0.046399,-0.008800
0.002773,-0.031431,-0.008748
0.001796,-0.018655,-0.003334
0.002780,-0.007977,-0.003261
0.002762,0.000583,-0.004297
0.001721,0.007014,-0.009546
0.002654,0.008065,-0.008447
0.001574,0.010177,-0.007325
-0.000434,0.009051,-0.005091
-0.002382,0.004764,-0.005079
-0.005401,0.001551,-0.006120
-0.002510,-0.005970,-0.001867
-0.000559,-0.005984,-0.001829
-0.000563,0.003598,0.002493
0.000455,0.001441,0.006716
0.003493,0.002500,0.009885
0.002585,0.003599,0.009811
0.003618,0.006874,0.005461
0.003664,0.012215,0.008629
0.005629,0.016535,0.005392
0.005616,0.019783,0.003209
0.004590,0.024099,-0.000019
0.003576,0.019859,-0.003268
0.003485,0.015619,-0.006516
0.002433,-0.007857,-0.009852
0.004356,-0.029246,-0.007816
0.002418,-0.062349,-0.012219
0.002482,-0.076264,-0.010135
-0.000380,-0.075233,-0.006894
-0.000332,-0.060327,-0.001453
0.001688,-0.037962,0.005126
0.002741,-0.015543,0.007383
0.002837,0.002622,0.007473
0.002894,0.017579,0.009645
0.001923,0.037905,0.007592
0.001886,0.036843,0.006524
0.000948,0.032570,0.006500
0.000004,0.024028,0.004351
0.000986,0.017628,0.003243
-0.000007,0.015446,0.006487
-0.002898,0.015436,0.007558
-0.003834,0.020736,0.012925
-0.001827,0.027132,0.016135
-0.000780,0.013236,0.017123
0.000347,0.004683,0.019186
0.001497,-0.012428,0.020186
0.003630,-0.024174,0.020106
0.004841,-0.031620,0.016842
0.005011,-0.043315,0.010356
0.006104,-0.033675,0.009299
0.004225,-0.016549,0.006169
0.003295,0.006966,0.005219
0.002289,0.024100,0.001023
0.002219,0.020915,-0.001139
0.000212,0.012390,-0.004378
0.002171,-0.010049,-0.006580
0.000199,-0.029271,-0.009844
-0.002742,-0.047456,-0.010927
-0.003680,-0.059295,-0.003443
-0.003582,-0.057212,0.000893
-0.003472,-0.043408,0.009555
-0.001392,-0.018909,0.019291
-0.002205,0.003462,0.027945
-0.002978,0.017376,0.025861
-0.000795,0.017424,0.022602
-0.000623,0.005673,0.023580
0.001553,-0.010299,0.018126
0.004674,-0.022035,0.016976
0.005796,-0.027412,0.020175
0.006977,-0.028479,0.020167
0.004239,-0.026350,0.021244
0.003464,-0.013573,0.027701
0.001684,-0.008214,0.027686
0.000902,-0.000722,0.025597
0.001182,-0.005005,0.026644
0.001416,-0.010289,0.020190
0.002585,-0.016694,0.020142
0.001755,-0.025185,0.014723
0.002896,-0.032643,0.013582
0.002098,-0.036897,0.010370
0.002244,-0.036870,0.007162
0.001378,-0.031519,0.007167
-0.000454,-0.029376,0.007163
-0.000312,-0.032566,0.006060
0.001768,-0.032559,0.004998
0.002855,-0.037884,0.003879
0.003938,-0.043209,0.001717
0.004084,-0.046413,0.000650
0.002155,-0.034682,0.001810
0.003152,-0.026153,0.001903
0.002236,-0.025075,-0.001249
0.004275,-0.025061,-0.003378
0.001324,-0.028248,-0.005537
0.001338,-0.021870,-0.002281
0.004267,-0.013318,-0.001201
0.003291,-0.004786,0.000975
0.004299,0.010152,0.004243
0.004327,0.018655,0.010676
0.003343,0.027209,0.009658
0.001400,0.038919,0.014014
-0.002463,0.044272,0.012968
-0.002401,0.039983,0.014031
-0.000347,0.022915,0.009689
0.002686,0.001538,0.008555
0.003699,-0.014480,0.005313
0.001798,-0.015597,0.009616
0.002814,-0.013446,0.006453
0.002826,-0.004951,0.011863
0.002962,-0.003847,0.006547
0.000088,-0.001674,0.004372
0.002065,0.004785,0.000094
0.002057,0.009061,0.002202
0.003024,0.005923,-0.003217
0.001055,0.005928,-0.002184
0.004926,-0.000469,-0.004347
0.003926,0.000549,0.002065
0.004903,0.001610,0.002092
0.003917,0.002646,0.004274
0.003887,0.009018,0.006499
0.003903,0.012248,0.004359
0.001926,0.015463,0.003305
0.003864,0.003747,-0.001033
0.002917,-0.008017,-0.000019
0.001995,-0.016566,-0.000060
0.001036,-0.015511,-0.000021
-0.001879,-0.006994,0.003242
-0.003838,0.012187,0.008704
-0.005764,0.028187,0.013040
-0.004738,0.046292,0.020603
-0.004638,0.051566,0.029176
-0.002567,0.054769,0.030247
-0.001474,0.055818,0.032393
0.000606,0.061127,0.036692
0.002660,0.070805,0.031350
0.003692,0.070840,0.028120
0.006657,0.087958,0.027102
0.007608,0.082692,0.019554
0.008521,0.082743,0.014192
0.006526,0.071112,0.000221
0.005352,0.035936,-0.011681
0.003311,0.003923,-0.017180
0.003236,-0.022737,-0.023727
0.000154,-0.038768,-0.024842
0.000996,-0.047314,-0.024890
-0.002033,-0.055905,-0.020641
-0.001084,-0.053851,-0.012047
-0.003004,-0.042152,-0.006618
-0.002993,-0.030475,0.000963
0.000975,-0.014504,0.006420
0.004914,0.004688,0.010807
0.007864,0.020727,0.009813
0.010822,0.029322,0.003458
0.012764,0.023021,-0.008366
0.008780,0.011350,-0.017006
0.004736,0.005003,-0.023481
-0.001316,0.008238,-0.026680
-0.004475,0.012515,-0.025618
-0.006674,0.018852,-0.017028
-0.007752,0.021928,-0.000985
-0.005817,0.022864,0.015054
-0.004733,0.019512,0.030058
-0.006469,0.011914,0.042879
-0.007112,0.005419,0.051433
-0.005778,0.003260,0.051480
-0.003453,0.003308,0.046126
-0.000186,-0.002022,0.043975
0.005030,-0.005151,0.037485
0.007283,-0.008290,0.031021
0.009482,-0.005007,0.023512
0.009639,0.007856,0.020332
0.009713,0.010039,0.016040
0.009784,0.006909,0.008507
0.004975,-0.005847,0.000949
0.004040,-0.012217,-0.004417
0.003057,-0.018602,-0.006610
0.001041,-0.017526,-0.007671
0.002010,-0.019679,-0.005546
0.000049,-0.018593,-0.006633
-0.000947,-0.010092,-0.001240
-0.000048,0.012324,-0.001066
0.000852,0.031496,0.005463
0.003763,0.032552,0.004457
0.002756,0.030437,0.000205
0.004672,0.013369,-0.004138
0.007495,0.005908,-0.007359
0.007444,-0.010034,-0.017075
0.010284,-0.012164,-0.017104
0.009194,-0.007870,-0.019226
0.006097,0.004968,-0.022342
0.002976,0.007106,-0.022335
0.003816,0.010288,-0.019118
-0.000239,0.009252,-0.023392
-0.001409,0.014555,-0.019081
-0.001650,0.028410,-0.014735
0.000100,0.050755,-0.004964
-0.001980,0.062471,-0.000625
-0.001106,0.065637,0.004724
-0.000213,0.068853,0.004713
-0.000366,0.081638,0.010103
0.000442,0.097681,0.009094
0.002209,0.101992,0.005883
0.004005,0.094598,-0.002742
0.003871,0.054083,-0.013636
0.001770,0.007156,-0.025601
0.003571,-0.035533,-0.033272
-0.001470,-0.059010,-0.038697
-0.000671,-0.069687,-0.040863
-0.002811,-0.071841,-0.037691
-0.002926,-0.068673,-0.032350
-0.005925,-0.059089,-0.026986
-0.005006,-0.038864,-0.015183
-0.004096,-0.017515,-0.009791
-0.003151,0.005959,-0.003310
-0.001208,0.017731,-0.003301
0.000705,0.027333,-0.002168
0.004516,0.026307,-0.007511
0.008299,0.024204,-0.010751
0.008172,0.024229,-0.014999
0.006011,0.033859,-0.018125
0.008622,0.080901,-0.020053
0.009112,0.084187,-0.030706
0.009641,0.070293,-0.035994
0.004587,0.029761,-0.043702
0.002262,0.000903,-0.045918
-0.000105,-0.009792,-0.046991
-0.004328,-0.007708,-0.041613
-0.004623,-0.002461,-0.031926
-0.003827,-0.014297,-0.023403
-0.001931,-0.032535,-0.012843
-0.004773,-0.040063,-0.006480
-0.006657,-0.033719,0.002094
-0.007589,-0.012421,0.010755
-0.004580,0.013188,0.015158
0.000409,0.032408,0.017380
0.005367,0.044157,0.019543
0.010302,0.052704,0.020633
0.012282,0.053846,0.014174
0.008354,0.052850,0.006658
0.005275,0.051858,-0.002956
0.006103,0.036969,-0.012627
0.006943,0.026338,-0.019098
0.008719,0.020996,-0.018080
0.006532,0.027390,-0.016959
0.003321,0.055139,-0.011509
0.003032,0.044452,-0.014695
-0.002950,0.034828,-0.014724
-0.005975,0.014526,-0.014823
-0.011034,-0.001495,-0.014920
-0.010168,-0.008987,-0.012831
-0.010209,-0.017590,-0.006458
-0.008180,-0.029428,0.003119
-0.006018,-0.039156,0.016956
-0.000937,-0.031745,0.025537
0.001246,-0.015804,0.036303
-0.000408,0.002322,0.039630
-0.000126,0.018376,0.036503
0.001034,0.030227,0.026898
0.003095,0.037777,0.019430
0.009025,0.036784,0.011909
0.010985,0.032577,0.005436
0.011888,0.025142,0.000054
0.010810,0.013441,-0.007464
0.006820,-0.001475,-0.014970
0.002832,-0.011099,-0.014999
0.000738,-0.022875,-0.013954
0.001667,-0.026151,-0.007512
-0.003133,-0.022971,-0.004291
-0.005072,-0.016637,0.004309
-0.004015,0.000411,0.010795
-0.004965,0.017459,0.018326
0.000942,0.027072,0.018385
0.000086,0.030272,0.017368
0.003119,0.028161,0.014150
0.005124,0.019642,0.010896
0.006127,0.019680,0.006612
0.008030,0.025061,0.001310
0.007903,0.034724,-0.003991
0.008766,0.036890,-0.008240
0.009600,0.034824,-0.014711
0.004538,0.018824,-0.019047
0.001455,-0.009961,-0.025633
0.000390,-0.037722,-0.028963
-0.003604,-0.055908,-0.026905
-0.002693,-0.058116,-0.018363
-0.001764,-0.043221,-0.010801
-0.002760,-0.019805,0.000013
-0.003724,0.007897,0.011861
-0.005634,0.029236,0.017279
-0.004595,0.046317,0.019494
-0.001595,0.050609,0.018422
0.000385,0.052773,0.016272
0.004279,0.044262,0.011949
0.007172,0.036792,0.009795
0.007261,0.025074,0.004415
0.007217,0.010205,-0.006354
0.005181,0.000622,-0.009626
0.005079,-0.018575,-0.015047
0.004988,-0.036725,-0.018312
0.002081,-0.047395,-0.019452
-0.000880,-0.051701,-0.016251
0.000049,-0.041021,-0.015139
-0.000981,-0.015481,-0.002188
-0.000029,0.006901,0.004345
0.000053,0.011113,0.011850
0.000150,0.009018,0.008591
-0.000777,0.005804,0.009644
0.001200,0.013330,0.005377
0.005100,0.020809,0.005417
0.007999,0.010165,-0.001021
0.008999,-0.005852,-0.003219
0.005130,-0.023951,-0.010802
0.003111,-0.026061,-0.015066
-0.000903,-0.017512,-0.015025
-0.001978,0.001657,-0.009533
-0.002102,0.018764,-0.009474
-0.003195,0.028346,-0.005152
-0.002277,0.023015,-0.007304
-0.003285,0.015478,0.000128
-0.003259,0.006918,0.002210
-0.005191,0.000494,0.005349
-0.002223,-0.001676,0.009608
-0.001189,0.007934,0.011765
-0.000156,0.028220,0.015045
0.003694,0.053853,0.018340
0.005587,0.072017,0.018431
0.007534,0.050710,0.008747
0.004643,0.020856,0.001110
0.003664,-0.012171,-0.010812
0.003597,-0.030305,-0.017257
0.005450,-0.033477,-0.022589
0.005316,-0.033494,-0.022547
0.004248,-0.047412,-0.022546
0.000343,-0.053858,-0.019348
-0.003541,-0.049651,-0.012875
-0.007483,-0.036899,-0.005307
-0.007484,-0.012378,0.001232
-0.007438,0.010004,0.008813
-0.002500,0.025997,0.015258
-0.001380,0.032374,0.020609
-0.001301,0.033442,0.025843
-0.003132,0.034481,0.031153
-0.002980,0.033427,0.031109
-0.001846,0.035564,0.032167
0.001257,0.032356,0.033202
0.005359,0.038752,0.036411
0.006497,0.041944,0.038555
0.011531,0.032317,0.040625
0.009791,0.005665,0.029876
0.006195,-0.019962,0.025519
0.002492,-0.031680,0.020139
0.003599,-0.026348,0.017057
0.005649,-0.008171,0.015024
0.004811,0.012082,0.020483
0.006843,0.024913,0.019477
0.005935,0.027067,0.018398
0.004076,0.031335,0.019481
0.000268,0.028122,0.020529
0.000342,0.018560,0.013019
0.001402,0.013205,0.014070
0.004419,0.008948,0.008775
0.005456,0.000356,0.014075
0.005591,-0.011383,0.010842
0.004761,-0.019940,0.011869
0.003905,-0.020987,0.009714
0.002010,-0.005997,0.005527
0.002012,0.006845,0.004494
0.002027,0.020800,-0.000833
0.002971,0.029405,-0.005124
0.003821,0.035856,-0.006245
0.003673,0.015645,-0.015993
0.002592,0.005004,-0.020345
-0.002415,-0.012021,-0.028982
-0.002622,-0.017382,-0.027916
-0.004770,-0.018484,-0.023650
-0.003964,-0.006758,-0.020382
-0.004128,0.002784,-0.010725
-0.004197,0.009116,-0.001075
-0.004231,-0.007970,-0.001189
-0.003188,-0.017615,0.000929
-0.003053,-0.032585,0.001929
-0.002008,-0.035784,-0.000197
0.000990,-0.029390,-0.000120
0.002992,-0.025125,0.000971
0.005003,-0.016600,0.003165
0.006037,-0.008033,0.001067
0.005098,-0.002694,0.002150
0.007029,0.003754,-0.002097
0.004036,0.013403,-0.006316
0.005922,0.020896,-0.009452
0.007785,0.016632,-0.010545
0.007678,0.017691,-0.009468
0.007541,0.014467,-0.007347
0.005501,0.010161,-0.005190
0.002559,-0.002660,-0.004212
0.000601,-0.015458,-0.005386
-0.002330,-0.006949,-0.002104
-0.001393,-0.006991,0.005325
0.001578,0.000461,0.010663
0.001697,-0.000619,0.010689
0.000857,-0.007055,0.014906
0.000024,-0.010284,0.015995
0.000154,-0.012417,0.014928
0.001268,-0.010291,0.014968
0.001382,-0.004933,0.010771
0.001486,-0.004895,0.007536
0.001533,0.002628,0.002232
-0.000448,0.004786,0.000095
0.001496,0.011180,0.000171
0.000497,0.011206,-0.001988
0.000473,0.010140,-0.003047
0.001422,0.005866,-0.002020
0.001386,0.009063,-0.003028
0.001364,0.009052,-0.001954
0.003288,0.008041,-0.008384
0.003214,-0.004764,-0.009538
0.005111,-0.014339,-0.013879
0.002155,-0.024964,-0.020365
0.003006,-0.020638,-0.026753
0.004760,-0.012054,-0.029941
0.002557,-0.001358,-0.030963
0.002345,-0.001345,-0.030994
0.005071,-0.010947,-0.032128
0.003936,-0.024801,-0.034383
0.001801,-0.025872,-0.034383
0.000610,-0.022694,-0.031160
-0.001517,-0.017352,-0.030087
-0.001765,-0.007732,-0.030048
0.000007,-0.016308,-0.026881
0.000866,-0.019550,-0.024709
0.001782,-0.027086,-0.019369
0.000684,-0.023910,-0.017182
-0.000410,-0.019665,-0.014993
-0.003400,-0.015400,-0.014950
-0.004441,-0.014324,-0.013918
-0.004480,-0.012230,-0.007520
-0.006443,-0.003751,0.001069
-0.002498,0.004758,0.008535
-0.000457,0.016396,0.022492
-0.000341,0.029167,0.028961
0.001778,0.039792,0.033355
0.001912,0.045135,0.032335
0.002071,0.029105,0.031215
0.004233,0.013122,0.023699
0.004389,0.002487,0.017240
0.005444,-0.000649,0.008677
0.007414,0.001547,0.001212
0.007427,0.004776,0.000121
0.006443,0.007992,-0.001982
0.004446,0.003760,-0.005249
0.003412,0.000594,-0.008507
0.000426,0.004856,-0.007410
-0.000615,0.013386,-0.004183
0.000298,0.015508,-0.002039
0.000243,0.015462,0.002263
0.002247,0.009035,0.003318
0.001289,-0.002706,0.003227
0.000332,-0.009116,0.003192
0.003264,-0.016544,-0.002209
0.003284,-0.014398,-0.003267
0.006253,-0.009088,-0.000020
0.005266,-0.000507,-0.003198
0.007156,0.011278,-0.006359
0.006089,0.024123,-0.007401
0.005013,0.024125,-0.008451
0.003902,0.024144,-0.011641
0.003742,0.020990,-0.019111
0.000592,0.013511,-0.019149
-0.000551,0.007086,-0.019144
-0.002630,-0.012164,-0.019194
-0.004640,-0.022921,-0.011741
-0.004634,-0.027226,-0.007499
-0.004631,-0.021956,0.001083
-0.005566,-0.005985,0.008630
-0.006464,0.015286,0.021547
-0.005366,0.027021,0.025837
-0.001316,0.038759,0.028029
0.000814,0.040869,0.032292
0.003868,0.035568,0.027976
0.005935,0.027079,0.020459
0.006081,0.016423,0.016146
0.008151,0.004705,0.010765
0.008165,0.000483,0.003287
0.008116,0.005868,-0.002026
0.006114,-0.000512,-0.006323
0.004149,-0.003703,-0.008467
0.002142,-0.009000,-0.011751
0.000084,-0.000452,-0.011710
-0.000991,0.002722,-0.007428
-0.000099,0.003791,-0.007422
-0.001028,-0.001596,-0.001060
-0.001003,-0.013348,-0.001123
-0.000028,-0.018730,0.003138
-0.002885,-0.017649,0.001018
-0.002860,-0.013392,0.002129
0.000121,-0.008062,0.004282
0.000157,-0.004832,0.002142
0.003108,-0.008032,0.001066
0.004119,-0.006967,0.002125
0.004193,-0.012313,0.002109
0.003227,-0.016544,-0.002208
0.002285,-0.014435,-0.000030
0.003262,-0.012280,-0.002160
0.002288,-0.005908,0.002157
0.001362,-0.001658,0.005378
0.000427,0.000459,0.008579
-0.000493,0.007915,0.011816
-0.001398,0.016413,0.018262
-0.000357,0.021734,0.021482
-0.000217,0.023853,0.023634
0.001858,0.016386,0.022516
0.002009,0.003564,0.021404
0.002222,-0.007118,0.020298
0.001396,-0.012433,0.017063
0.001532,-0.015625,0.014919
0.003645,-0.020944,0.010649
0.002808,-0.023065,0.008504
0.000962,-0.015593,0.009608
0.000088,-0.013419,0.005340
0.003071,-0.009123,0.002165
0.004070,-0.004826,0.000033
0.002098,-0.000512,-0.003187
0.004000,-0.000481,-0.008495
0.006914,-0.010065,-0.010718
0.007835,-0.013257,-0.012862
0.003805,-0.007868,-0.018186
0.001708,-0.011040,-0.021426
-0.000388,-0.008897,-0.020386
-0.002476,-0.007828,-0.019336
-0.003571,-0.014272,-0.014052
-0.002638,-0.016453,-0.007674
-0.001636,-0.014413,0.004092
-0.001582,-0.011275,0.011607
-0.002483,-0.012408,0.016998
-0.003230,-0.017789,0.020208
-0.000075,-0.016759,0.023454
-0.000881,-0.010357,0.024554
0.000259,0.004646,0.019285
0.003320,0.009990,0.019309
0.007379,0.011040,0.021452
0.006538,0.012146,0.017177
0.007589,0.017518,0.015037
0.004697,0.020730,0.015034
