0.002998,-0.047540,-0.008716
0.003755,-0.035758,-0.012843
0.005504,-0.030433,-0.011736
0.007322,-0.012300,-0.009474
0.005315,0.002703,-0.015717
0.003361,0.017545,-0.006065
-0.000468,0.024990,-0.003898
0.000631,0.030229,0.005698
-0.001144,0.027991,0.016303
-0.000962,0.021601,0.015213
0.000122,0.005898,-0.013373
0.003128,0.018812,-0.222820
0.040580,0.007712,-0.386631
0.037434,-0.015349,-0.125549
0.010562,-0.025022,-0.018095
0.000599,-0.012212,-0.017921
0.002119,-0.004788,-0.013667
0.002796,0.010120,-0.010361
0.002027,0.019659,-0.003918
0.002708,0.018559,-0.000758
0.009046,0.010036,-0.001880
0.008876,0.007882,0.000237
0.007439,0.000346,0.006552
0.008826,0.001436,0.004454
0.008432,0.000340,0.007647
0.010280,-0.001761,0.004460
0.008383,-0.003904,0.005494
0.007636,-0.003894,0.004426
0.007110,-0.008082,-0.004126
0.007663,-0.006973,-0.008374
0.006277,-0.004870,-0.005209
0.007804,-0.002703,-0.008366
0.003505,0.001594,-0.011539
0.002214,0.007921,-0.004063
0.003056,0.003580,0.003326
0.000001,-0.004921,0.000110
0.001819,-0.018772,-0.002105
-0.001284,-0.025097,-0.009546
0.001377,-0.022965,-0.009541
0.002114,-0.015550,-0.004192
0.004871,-0.009230,0.004330
0.004720,-0.001761,0.004381
0.003592,0.005696,0.005508
0.001700,0.019516,0.010941
0.004749,0.028123,0.003576
0.005928,0.024901,0.005677
0.005037,0.016403,0.002439
0.003975,-0.001747,0.003376
0.001766,-0.016588,-0.006269
0.003396,-0.026191,-0.006332
0.001149,-0.035784,-0.007477
0.001758,-0.036777,-0.014927
0.001339,-0.026165,-0.009556
0.002024,-0.018667,-0.012722
-0.000073,-0.011260,-0.006312
-0.000130,-0.011293,-0.003143
-0.002065,-0.017706,-0.002131
-0.002133,-0.016640,-0.002128
-0.001162,-0.012433,0.004281
0.000832,-0.009274,0.008553
0.001840,-0.010363,0.010716
0.001781,-0.009273,0.008624
0.001751,0.002533,0.002366
0.001751,0.014291,0.000319
0.000838,0.027073,0.002525
0.003876,0.032387,0.004680
0.004962,0.028100,0.006778
0.003011,0.012095,0.006666
0.002939,0.002567,-0.000832
0.002827,-0.010196,-0.005188
0.002683,-0.018734,-0.005255
0.002503,-0.020835,-0.008443
0.003298,-0.017579,-0.013720
0.004046,-0.009085,-0.009409
0.000030,0.003725,-0.010398
0.000004,0.004736,-0.005111
0.000999,0.000532,-0.011507
0.002947,-0.004837,-0.008378
0.001900,-0.012274,-0.011605
-0.000134,-0.021898,-0.009553
-0.002227,-0.020782,-0.014897
-0.002381,-0.015553,-0.004241
-0.003441,-0.004920,0.000067
-0.000524,0.007886,0.000178
-0.003410,0.014202,0.008723
-0.000373,0.007799,0.008653
0.000667,0.001383,0.009701
-0.001213,-0.000696,0.004392
-0.000233,-0.012389,0.000065
0.001639,-0.013434,-0.002059
0.003493,-0.013398,-0.005222
0.001433,-0.011234,-0.008414
0.001342,-0.003797,-0.005173
0.001323,0.005752,0.000195
0.001346,0.006832,-0.000850
0.001397,0.005723,0.003392
0.000456,0.007824,0.006608
0.000493,0.005681,0.007678
-0.000443,0.003568,0.005544
-0.000452,-0.004967,0.005498
-0.000511,-0.011337,0.002244
0.002334,-0.016661,0.001150
0.004187,-0.018792,0.001130
0.004095,-0.021919,-0.006324
0.003943,-0.022947,-0.010584
0.001823,-0.010091,-0.015811
-0.000223,0.002672,-0.011491
-0.002204,0.012234,-0.007163
-0.002142,0.017535,-0.003883
-0.003050,0.007849,0.004570
-0.000089,-0.005989,0.001300
0.001806,-0.029423,-0.003149
-0.000304,-0.041116,-0.007518
-0.003455,-0.027204,-0.011689
-0.001680,-0.009110,-0.007349
0.003103,0.011057,0.003410
0.004180,0.025900,0.013097
0.003386,0.023768,0.013106
0.002576,0.007770,0.011906
-0.000258,-0.015621,0.003213
0.001649,-0.030570,0.004164
0.004453,-0.034847,0.005215
0.006225,-0.038017,0.002012
0.007959,-0.044418,0.001976
0.009605,-0.058161,-0.010842
0.002449,-0.063457,-0.015167
0.003038,-0.066546,-0.025800
0.000741,-0.052530,-0.040616
-0.003508,-0.034417,-0.038376
-0.009612,-0.002526,-0.026501
-0.010650,0.014366,-0.008344
-0.013493,0.023873,0.001269
-0.013341,0.023714,0.017219
-0.013111,0.015112,0.023504
-0.010014,-0.000942,0.028738
-0.005016,-0.015848,0.025452
-0.004009,-0.028630,0.023239
-0.001142,-0.033890,0.015786
0.002671,-0.026398,0.013722
0.006490,-0.023157,0.009471
0.008387,-0.017712,-0.001107
0.011286,-0.004865,-0.005253
0.011275,-0.002680,-0.010517
0.008336,-0.004783,-0.013726
0.007291,-0.010062,-0.019071
0.004236,-0.017552,-0.017001
0.002150,-0.022940,-0.011714
0.002929,-0.025032,-0.015977
0.000762,-0.026056,-0.020216
-0.004348,-0.031423,-0.017073
-0.005577,-0.026142,-0.011728
-0.003825,-0.025074,-0.011705
-0.005928,-0.014400,-0.011620
-0.005062,-0.011282,-0.003083
-0.005101,-0.000634,-0.000888
-0.003140,0.011028,0.006628
-0.001061,0.010887,0.020400
-0.000913,0.004472,0.021384
0.000171,-0.005163,0.024504
0.002184,-0.014715,0.019095
0.005101,-0.017826,0.010563
0.005025,-0.023120,0.006265
0.005874,-0.023051,-0.001181
0.007719,-0.016637,-0.002179
0.005659,-0.016638,-0.002186
0.006566,0.002697,-0.014764
0.002636,0.003703,-0.008347
0.002614,0.001673,-0.019010
0.000617,0.005912,-0.015727
0.000546,-0.002669,-0.011578
-0.003408,-0.004820,-0.009434
-0.004467,-0.010171,-0.007289
-0.003599,-0.026176,-0.007402
-0.000849,-0.027231,-0.008451
-0.003933,-0.033636,-0.008513
-0.002143,-0.024053,-0.006307
-0.002278,-0.017636,-0.007314
-0.001402,-0.003758,-0.008323
-0.000478,-0.001606,-0.010418
-0.001501,-0.005910,-0.007321
-0.001567,-0.014424,-0.009518
0.000247,-0.029363,-0.009641
0.002045,-0.034738,-0.005438
0.000888,-0.046487,-0.004473
0.001668,-0.044375,-0.002324
0.002453,-0.030462,-0.006475
0.001363,-0.018759,-0.003217
0.004247,-0.007076,0.002163
0.003282,-0.002797,0.001132
0.002323,0.002579,-0.003093
-0.000597,0.008953,0.000124
-0.000580,0.005793,-0.004162
0.000402,-0.000632,-0.002081
0.001321,-0.010300,0.004208
0.000297,-0.014571,0.004164
-0.000759,-0.020961,0.003075
0.001101,-0.029444,-0.002276
0.002839,-0.052897,-0.004576
0.003481,-0.085800,-0.021772
0.001971,-0.103791,-0.036771
0.003279,-0.107962,-0.046344
0.003572,-0.085440,-0.057881
0.001069,-0.059916,-0.049226
-0.001269,-0.025954,-0.030960
-0.001395,-0.004783,-0.013797
-0.004314,0.006901,-0.008410
-0.005201,0.010049,-0.003049
-0.004151,-0.002776,-0.001011
-0.002214,-0.029429,-0.003346
0.000549,-0.058271,-0.000373
0.004107,-0.081599,-0.015411
0.004564,-0.101776,-0.025109
0.004883,-0.121914,-0.039093
0.007034,-0.132445,-0.052952
0.001338,-0.115128,-0.077269
-0.005334,-0.085232,-0.079199
-0.007887,-0.052358,-0.058814
-0.010164,-0.028038,-0.036332
-0.012257,-0.027217,-0.011877
-0.015254,-0.030628,0.009350
-0.018213,-0.043574,0.024132
-0.015339,-0.062939,0.039920
-0.009559,-0.074763,0.048349
-0.004821,-0.081238,0.055748
0.001847,-0.084429,0.054673
0.006563,-0.081122,0.044091
0.007367,-0.076757,0.034550
0.012985,-0.087247,0.016413
0.014608,-0.076250,-0.016447
0.015217,-0.059050,-0.029058
0.011858,-0.040855,-0.035361
0.001804,-0.029142,-0.033185
-0.004300,-0.018451,-0.035206
-0.004496,-0.005848,-0.014942
0.000331,-0.011292,-0.003243
0.003227,-0.028423,0.003064
-0.002764,-0.051996,0.013565
-0.006863,-0.075520,0.018748
-0.005249,-0.093534,0.005886
-0.000809,-0.093481,0.000574
0.004592,-0.074198,-0.006721
0.009127,-0.056105,-0.002387
0.008885,-0.036905,-0.002295
0.009697,-0.021871,-0.011748
0.008612,-0.010094,-0.015931
0.006518,-0.016423,-0.023428
0.002420,-0.033442,-0.028840
0.001116,-0.064340,-0.033271
0.002527,-0.098364,-0.045172
0.001806,-0.126018,-0.053826
-0.000041,-0.140913,-0.058166
0.000014,-0.146282,-0.055050
0.000090,-0.143125,-0.050792
-0.005619,-0.126064,-0.049610
-0.006338,-0.098348,-0.047320
-0.008816,-0.060034,-0.037526
-0.007171,-0.023995,-0.012885
-0.006250,-0.012417,0.003112
-0.003268,-0.013564,0.010588
0.000627,-0.039222,0.015752
0.000456,-0.074340,0.007031
0.002990,-0.112613,-0.007029
0.003322,-0.145545,-0.022108
0.006387,-0.164676,-0.029668
0.009304,-0.177358,-0.041424
0.009229,-0.168654,-0.058367
0.004307,-0.147272,-0.062495
0.003376,-0.135634,-0.052906
-0.000330,-0.116348,-0.061273
-0.002985,-0.086442,-0.064264
-0.006464,-0.052542,-0.039611
-0.008739,-0.034572,-0.022491
-0.010864,-0.030365,-0.016053
-0.010067,-0.052941,0.000776
-0.007400,-0.080700,0.002745
-0.001984,-0.119037,-0.004941
-0.000706,-0.155232,-0.013690
0.003289,-0.169992,-0.031878
0.002330,-0.156004,-0.043492
0.005261,-0.137900,-0.040219
0.004479,-0.103759,-0.040004
0.003929,-0.058935,-0.040757
0.002612,-0.034501,-0.029995
0.000468,-0.017557,-0.017142
-0.000595,-0.017557,-0.017120
-0.002692,-0.026092,-0.017174
-0.002877,-0.042091,-0.017210
-0.000251,-0.054922,-0.014056
-0.004511,-0.059253,-0.007706
-0.002880,-0.051687,-0.017197
-0.000263,-0.037880,-0.010738
0.001479,-0.023062,0.001008
0.002383,-0.008170,0.005342
0.000459,0.004631,0.005392
0.001516,0.004615,0.007526
0.003449,-0.014484,-0.003217
0.004303,-0.037907,-0.008678
0.004974,-0.073044,-0.016364
0.003474,-0.097413,-0.033514
0.004734,-0.105862,-0.042048
-0.001861,-0.091947,-0.047292
-0.000507,-0.052522,-0.041712
-0.001828,-0.016356,-0.029781
-0.003887,0.009093,-0.013670
-0.004761,0.026059,-0.002917
-0.008490,0.021708,0.005568
-0.005425,0.008863,0.009720
-0.003398,-0.016796,0.014864
-0.001538,-0.034884,0.009443
0.002195,-0.039138,0.008386
0.003922,-0.031601,0.002091
0.006703,-0.013472,0.003297
0.005688,0.012157,0.001357
0.005804,0.034562,0.001498
0.007950,0.043087,0.002620
0.005258,0.034582,-0.000645
0.002480,0.018600,-0.002873
0.004446,0.001571,-0.007231
0.000475,-0.011226,-0.008389
0.001263,-0.026143,-0.010621
-0.000925,-0.033579,-0.013841
-0.001170,-0.035702,-0.014921
-0.000476,-0.031436,-0.014904
-0.001691,-0.032482,-0.017049
-0.000950,-0.039928,-0.019252
-0.003170,-0.037754,-0.023519
-0.004386,-0.019715,-0.013873
-0.003544,-0.004820,-0.009526
-0.002571,0.001485,0.000079
-0.001551,-0.000699,0.005400
-0.003460,-0.003906,0.006452
-0.000542,-0.010295,0.005370
0.001375,-0.020955,0.004216
0.004204,-0.030514,-0.000071
0.004049,-0.031561,-0.002173
0.006792,-0.032660,0.001008
0.005618,-0.037906,-0.007507
0.006336,-0.046355,-0.016042
0.004088,-0.050541,-0.024567
0.003708,-0.047299,-0.028810
0.001423,-0.025954,-0.029739
0.001212,-0.002598,-0.017911
-0.000753,0.016510,-0.007150
-0.002622,0.022849,-0.000721
-0.002496,0.022858,-0.001760
-0.006314,0.013212,0.002414
-0.004329,-0.004949,0.004406
-0.002427,-0.020921,0.001117
-0.000635,-0.036894,-0.002171
-0.001826,-0.039018,-0.003250
-0.000084,-0.023034,-0.001023
0.002737,-0.010254,0.001162
0.002716,0.000415,0.001227
0.004707,0.007886,0.001300
0.003783,0.007926,-0.002951
0.002823,-0.004826,-0.008368
-0.000157,-0.013330,-0.011618
-0.000284,-0.013362,-0.008442
-0.000407,-0.011236,-0.007364
0.000459,-0.014457,-0.005242
-0.001586,-0.012322,-0.005223
-0.001694,-0.014434,-0.007357
-0.000837,-0.014469,-0.004180
-0.001916,-0.016614,-0.003138
-0.001041,-0.016598,-0.004194
-0.001123,-0.008085,-0.002032
-0.000159,0.005734,0.003395
-0.003007,0.015272,0.009817
0.001028,0.017392,0.010898
0.000186,0.010971,0.012998
0.002224,0.000323,0.010804
0.002212,-0.015619,0.004319
0.002120,-0.025123,-0.005287
0.002907,-0.031495,-0.008540
0.002709,-0.021916,-0.006333
0.004507,-0.006936,-0.010474
0.004446,0.003737,-0.010409
0.002526,0.017542,-0.003964
0.001623,0.020756,-0.004983
-0.001207,0.021843,-0.007103
-0.002104,0.010052,-0.001886
-0.001123,-0.005930,-0.004106
-0.001216,-0.021935,-0.004225
-0.002372,-0.028327,-0.005335
-0.000638,-0.036832,-0.008572
-0.001847,-0.040023,-0.009661
-0.001130,-0.044344,-0.004400
0.003444,-0.066687,-0.010920
0.003038,-0.083695,-0.017386
0.002503,-0.084582,-0.035447
0.000983,-0.069705,-0.028972
0.001530,-0.040918,-0.026661
-0.000639,-0.007907,-0.020061
-0.002605,0.030379,-0.007042
-0.003337,0.063327,0.005917
-0.005808,0.082363,0.023040
-0.005253,0.079120,0.027270
-0.004730,0.061995,0.032461
-0.003366,0.032108,0.033295
-0.001195,0.007632,0.026763
0.000817,-0.010465,0.022417
0.003727,-0.015727,0.014936
0.004650,-0.010352,0.010733
0.007567,-0.000665,0.002294
0.006586,0.005805,-0.004052
0.006590,0.005868,-0.010432
0.003650,0.002665,-0.010481
0.002613,-0.007931,-0.017995
0.001490,-0.015361,-0.022289
0.000330,-0.012189,-0.019050
-0.001756,-0.007962,-0.014762
-0.003797,0.000490,-0.006200
-0.004757,0.007867,0.003414
-0.004668,0.011026,0.007693
-0.003584,0.014185,0.011972
-0.001494,0.010942,0.016195
-0.000407,0.004530,0.017199
0.001614,-0.002895,0.012918
0.000656,-0.001779,0.007616
0.001664,0.001443,0.005515
0.002615,-0.006007,0.003321
0.002577,-0.010201,-0.004150
0.003451,-0.018706,-0.007415
0.001330,-0.027158,-0.015977
0.000138,-0.026060,-0.019179
-0.001053,-0.020756,-0.015956
-0.002179,-0.013385,-0.006348
-0.001273,-0.008104,-0.001018
-0.002253,0.001441,0.005452
-0.003176,0.007844,0.005508
-0.001135,0.008851,0.011924
-0.002018,0.005692,0.007645
0.000003,0.001431,0.006570
0.001024,0.008859,0.010886
0.001109,0.015271,0.009860
0.001228,0.016295,0.014099
0.001355,0.014215,0.008768
0.002426,0.007824,0.007665
0.002474,0.002523,0.004427
0.004438,-0.005992,0.002238
0.004384,-0.014500,-0.000998
0.003291,-0.022971,-0.007418
0.003123,-0.026120,-0.012722
0.003916,-0.023944,-0.016961
0.002739,-0.019653,-0.019053
0.000598,-0.014319,-0.019028
0.001439,-0.002593,-0.017892
-0.002494,0.011192,-0.009310
-0.003412,0.023925,-0.001800
-0.005216,0.027051,0.005648
-0.005048,0.022780,0.005640
-0.003937,0.016304,0.013032
-0.004809,0.000314,0.011864
-0.001869,-0.013558,0.011757
-0.000959,-0.024184,0.007454
0.000869,-0.024129,0.002163
0.003653,-0.020889,-0.002080
0.002572,-0.016589,-0.005233
0.003447,-0.011242,-0.006283
0.003383,-0.000582,-0.005136
0.001433,0.012214,-0.005085
-0.000449,0.020741,-0.003949
0.001635,0.027039,0.006702
-0.000151,0.023859,0.004559
-0.000017,0.018480,0.008799
0.000077,0.002507,0.005497
-0.000902,-0.015586,0.001128
-0.002985,-0.031580,-0.000038
-0.000262,-0.031508,-0.007478
-0.001394,-0.015525,-0.005251
-0.000478,0.011086,0.001285
0.002559,0.031275,0.009937
0.000833,0.036609,0.009984
0.001057,0.025949,0.008836
-0.000772,0.007891,0.001291
0.001162,-0.017653,-0.005264
0.000015,-0.035689,-0.016011
-0.001257,-0.039967,-0.014974
-0.001522,-0.026116,-0.012737
-0.000691,-0.004871,-0.003023
-0.000696,0.012111,0.005574
-0.001537,0.017414,0.008790
-0.001414,0.015273,0.009845
-0.000311,0.011059,0.004509
0.000741,0.002508,0.005490
-0.001180,-0.002838,0.006511
0.000743,-0.009209,0.003287
0.001687,-0.013477,0.003263
0.002582,-0.007052,0.001183
0.002544,-0.007008,-0.003041
0.004432,-0.010131,-0.010504
0.003367,-0.011187,-0.011574
0.002292,-0.012268,-0.010514
0.001206,-0.011179,-0.012620
0.001076,-0.014369,-0.013702
-0.002933,-0.003668,-0.016813
-0.004955,0.002628,-0.006175
-0.002020,0.012177,-0.000807
-0.002902,0.018504,0.006677
-0.003750,0.017416,0.008789
-0.003619,0.009893,0.014029
-0.003523,0.002436,0.012923
-0.001542,-0.003938,0.009671
0.000429,-0.004971,0.006499
0.002366,-0.006004,0.003313
0.003311,-0.002770,0.000165
0.004231,-0.000574,-0.006196
0.005152,-0.002676,-0.009390
0.004120,-0.010134,-0.010517
0.003027,-0.022885,-0.015913
0.002833,-0.027109,-0.020181
-0.000326,-0.023940,-0.016977
-0.002464,-0.016546,-0.009491
-0.003529,0.000526,-0.009370
-0.003507,0.019627,0.001380
-0.005299,0.031278,0.009950
-0.004081,0.037627,0.015325
-0.004802,0.035493,0.015300
-0.002628,0.028003,0.017377
-0.004379,0.020585,0.011993
-0.001314,0.018418,0.015158
0.000786,0.014129,0.017256
0.004785,0.005618,0.015072
0.004864,-0.001799,0.009702
0.002899,-0.012407,0.003293
0.005720,-0.030440,-0.007462
0.004512,-0.041028,-0.016028
0.006170,-0.045242,-0.021357
0.004853,-0.045206,-0.024555
0.003551,-0.039883,-0.023469
0.001312,-0.034559,-0.022360
-0.001854,-0.026074,-0.016967
-0.004948,-0.014316,-0.019050
-0.005048,0.000538,-0.010438
-0.006014,0.018568,0.000303
-0.004891,0.032333,0.011021
-0.005619,0.036569,0.014241
-0.005370,0.037562,0.021684
-0.006076,0.026903,0.020537
-0.004908,0.018419,0.015164
-0.000851,0.013082,0.015133
0.001223,0.008844,0.011906
0.003215,-0.001835,0.012865
0.003227,-0.010316,0.007520
0.004140,-0.019859,0.001079
0.004981,-0.027243,-0.007461
0.004792,-0.033574,-0.013871
0.006519,-0.026074,-0.017017
0.005360,-0.013310,-0.013768
0.003336,0.006903,-0.007212
-0.000494,0.024969,0.000346
0.000639,0.031340,0.003592
-0.001134,0.025983,0.005681
-0.000978,0.015326,0.004569
-0.002887,-0.001743,0.004432
-0.001928,-0.011293,-0.000936
-0.003947,-0.005972,0.000152
-0.002990,0.006747,0.008738
-0.001931,0.022718,0.012033
0.000211,0.029098,0.014191
0.000416,0.024884,0.008862
-0.000437,0.014244,0.005579
0.000589,0.000439,-0.000924
-0.001389,-0.009155,-0.002076
0.000508,-0.013422,-0.002099
0.001392,-0.004874,-0.003079
-0.000600,-0.001692,-0.000908
0.000377,0.004720,-0.001934
0.000408,0.003618,0.001255
-0.000542,0.001528,-0.002987
0.000424,-0.002762,-0.000909
0.001372,-0.005962,-0.000923
0.000364,-0.009185,0.001185
0.002262,-0.013420,-0.002015
0.000226,-0.018734,-0.004198
0.000119,-0.012288,-0.008386
0.000053,-0.005891,-0.008385
0.000995,0.010092,-0.006157
-0.000910,0.020669,0.003463
0.000198,0.024935,0.003472
-0.003529,0.022757,0.007727
-0.001444,0.017423,0.007701
-0.002314,0.009991,0.004479
-0.002276,-0.000667,0.003359
-0.002301,-0.012386,0.001128
-0.000431,-0.017741,0.003225
-0.000511,-0.010296,0.005406
0.002385,-0.002816,0.004403
0.002423,-0.000703,0.006544
0.005361,-0.004950,0.004391
0.005336,-0.013408,-0.003105
0.003265,-0.022970,-0.007446
0.003108,-0.028265,-0.011736
0.002878,-0.023954,-0.015936
0.000769,-0.010122,-0.011593
0.000705,0.005841,-0.007223
0.000751,0.019659,-0.001796
-0.002049,0.018528,0.004554
-0.001925,0.015324,0.004541
-0.003797,0.003588,0.004459
-0.004756,-0.007052,0.001190
-0.001871,-0.009197,0.002232
-0.001912,-0.009199,0.002204
-0.001938,0.000351,0.007572
-0.000960,0.004664,0.003358
0.001036,0.002573,-0.000898
0.000047,-0.003768,-0.007319
0.002910,-0.009081,-0.009474
-0.000115,-0.008006,-0.010546
-0.000189,-0.003792,-0.005224
-0.001184,0.004672,0.002277
0.000835,0.011012,0.008712
-0.000025,0.009935,0.009785
0.000078,0.006746,0.008724
0.002073,-0.006036,0.006525
0.003026,-0.018808,0.003251
0.001929,-0.028313,-0.006369
0.002711,-0.032516,-0.012752
0.003437,-0.031384,-0.019116
0.000284,-0.020693,-0.021165
0.002074,-0.003647,-0.018956
-0.001877,0.016560,-0.012475
-0.002783,0.030367,-0.006009
-0.003598,0.038840,0.000425
-0.005327,0.035563,0.007831
-0.006114,0.026996,0.010961
-0.005964,0.007792,0.010834
-0.002971,-0.006069,0.009665
-0.002048,-0.018851,0.007452
-0.000181,-0.019906,0.006403
0.001696,-0.019843,0.000016
0.003545,-0.010239,0.000100
0.005464,-0.003808,-0.003062
0.007396,0.001568,-0.007280
0.004448,-0.000568,-0.007305
0.003428,-0.006883,-0.015814
0.003295,-0.020753,-0.015915
0.001136,-0.029235,-0.021281
-0.001069,-0.034598,-0.018104
-0.001342,-0.037800,-0.018138
-0.004502,-0.030373,-0.013836
-0.002752,-0.019755,-0.008438
-0.003799,0.000476,-0.004037
-0.003746,0.015390,-0.001840
-0.005569,0.030241,0.006751
-0.003420,0.035520,0.012054
-0.003163,0.035476,0.016313
-0.003886,0.029053,0.018393
-0.001748,0.018459,0.010900
0.001285,0.012014,0.015102
0.001375,0.004578,0.011875
0.004339,-0.001727,0.002290
0.004306,-0.010186,-0.005212
0.005211,-0.008019,-0.008370
0.004142,-0.005865,-0.010487
0.005049,-0.001596,-0.010450
0.003036,-0.000495,-0.013631
0.002993,0.003752,-0.011465
0.000035,0.002671,-0.010412
-0.003892,-0.000560,-0.007222
-0.003947,-0.006943,-0.009393
-0.003027,-0.013397,-0.004123
-0.007011,-0.011248,-0.005181
-0.006109,-0.004869,-0.003038
-0.004152,0.007823,0.007658
-0.004060,0.016338,0.009841
-0.003900,0.018430,0.014096
-0.001819,0.008848,0.011897
-0.001740,0.001444,0.005472
0.000199,-0.009194,0.002203
0.002079,-0.015535,-0.004226
0.003924,-0.023004,-0.004277
0.002800,-0.020840,-0.007448
0.002655,-0.016560,-0.008465
0.003535,-0.009124,-0.005216
0.003488,0.000503,-0.007233
0.001536,0.004776,-0.007197
0.000576,0.014359,-0.004998
0.001600,0.015401,-0.002866
-0.004155,0.023874,0.003568
-0.004025,0.016405,0.003516
-0.003915,0.011028,0.007735
-0.002872,0.002514,0.005544
-0.002879,-0.012425,0.005421
-0.001004,-0.023061,0.002151
-0.000201,-0.033669,-0.004309
0.001558,-0.029405,-0.004298
0.001358,-0.024016,-0.009556
0.000236,-0.011159,-0.014792
0.002107,0.006957,-0.012560
0.000179,0.021830,-0.006091
-0.000685,0.023910,-0.000781
-0.001528,0.019625,0.001331
-0.002414,0.008936,0.003401
-0.003350,-0.004947,0.004412
-0.002416,-0.019886,0.004295
0.000412,-0.028428,0.005315
0.001228,-0.035833,-0.001102
0.002014,-0.032624,-0.002141
0.002803,-0.029391,-0.005310
0.002614,-0.021857,-0.011633
0.001498,-0.007957,-0.014757
0.001441,0.008011,-0.011460
-0.001475,0.019725,-0.009270
-0.004302,0.023947,-0.003916
-0.005140,0.027104,0.000343
-0.005990,0.018514,0.005573
-0.004917,0.007802,0.009738
-0.004837,0.000318,0.010756
-0.002869,-0.007183,0.013887
-0.000884,-0.008232,0.012829
0.001042,-0.011436,0.012773
0.003933,-0.008205,0.009619
0.003930,-0.006016,0.004346
0.005883,-0.001725,0.002254
0.006853,-0.001661,-0.004112
0.004881,0.001551,-0.005124
0.004854,-0.000538,-0.009359
0.002864,-0.004804,-0.009376
0.001813,-0.010106,-0.012592
-0.000245,-0.009010,-0.015750
-0.002288,-0.002642,-0.012546
-0.005253,0.007955,-0.005047
-0.003283,0.016404,0.003481
-0.004128,0.024930,0.004617
-0.004949,0.021675,0.009887
-0.004795,0.010994,0.010869
-0.005717,-0.001779,0.007581
-0.003771,-0.012428,0.005372
-0.000914,-0.012376,0.000060
-0.000008,-0.009208,0.003258
-0.000026,0.000416,0.001199
0.000963,0.007845,0.005472
0.001999,0.012102,0.006563
0.000139,0.006767,0.006538
0.002134,-0.006006,0.003250
0.003073,-0.014502,-0.001040
0.002004,-0.019815,-0.003194
0.002876,-0.015584,0.001128
0.001819,-0.011314,0.001193
0.001792,-0.004881,-0.001927
0.002757,0.003646,-0.000791
-0.000140,0.010071,-0.002865
-0.000087,0.013281,-0.003925
-0.001020,0.014335,-0.002890
-0.002909,0.014335,-0.002897
-0.005753,0.017481,0.002430
-0.003717,0.015313,0.005566
-0.002655,0.012038,0.012965
-0.003505,0.008849,0.011897
-0.002457,0.000310,0.011830
-0.001460,-0.013496,0.005370
0.000413,-0.018798,0.002140
0.002265,-0.024091,-0.002151
0.003082,-0.027270,-0.004301
0.002920,-0.021894,-0.008519
0.004711,-0.020827,-0.008488
0.003597,-0.015438,-0.013747
0.003470,-0.003709,-0.012598
0.001499,0.014376,-0.007162
-0.000357,0.029260,-0.001747
-0.002119,0.035588,0.005736
-0.004824,0.033416,0.009982
-0.003648,0.022726,0.012045
-0.004499,0.009907,0.013002
-0.004437,-0.008210,0.010749
-0.003518,-0.017747,0.004305
-0.001636,-0.016691,0.005368
-0.000720,-0.008135,0.003308
0.002194,-0.001703,0.000153
0.002203,0.002584,-0.001966
0.004169,0.007909,-0.000866
0.003234,0.002592,-0.003040
0.002242,-0.001635,-0.007329
0.001184,-0.009067,-0.010543
0.000126,-0.004831,-0.007323
-0.000899,-0.002709,-0.006228
-0.000917,0.002563,0.000184
-0.001880,0.004687,0.001257
-0.001836,0.003578,0.005498
-0.000822,0.003557,0.007634
0.000205,-0.000700,0.006543
0.001205,-0.003876,0.004406
-0.000765,-0.007034,0.000141
-0.001798,-0.008060,-0.004112
-0.000883,-0.005915,-0.005155
0.001011,-0.004872,-0.003029
0.001955,0.000483,-0.005126
-0.000008,-0.001629,-0.007245
-0.002008,-0.004830,-0.007266
-0.002068,-0.010216,-0.002016
-0.003101,-0.012307,-0.006279
-0.003190,-0.009161,-0.000945
-0.001287,-0.003786,-0.005177
-0.004220,0.003608,0.002302
-0.005132,0.011044,0.005529
-0.004068,0.008878,0.008672
-0.003005,0.005633,0.012881
-0.001986,-0.006084,0.010671
-0.001017,-0.015708,0.012730
-0.000093,-0.024213,0.009494
0.001758,-0.024178,0.006352
0.002626,-0.020973,0.006365
0.004486,-0.017675,-0.003142
0.006373,-0.009138,-0.003054
0.004377,-0.010161,-0.007293
0.005250,-0.015429,-0.013693
0.002193,-0.012121,-0.024275
0.001033,-0.003599,-0.023180
-0.000027,0.009119,-0.014601
-0.001947,0.025037,-0.006001
-0.004709,0.038804,0.004738
-0.004477,0.035485,0.016381
-0.005192,0.025883,0.016318
-0.005010,0.012053,0.011981
-0.003964,-0.002832,0.006559
-0.001073,-0.007100,0.006536
0.000830,-0.014508,0.000084
0.001725,-0.008074,-0.003065
0.001655,0.000505,-0.007255
0.001639,0.002616,-0.005142
0.002586,-0.002679,-0.009454
0.002534,-0.009068,-0.010557
0.001439,-0.019716,-0.012752
0.000307,-0.017552,-0.015894
-0.000832,-0.009038,-0.013711
-0.002828,0.012212,-0.003998
-0.003704,0.023831,0.007748
-0.003501,0.032283,0.016311
-0.005193,0.029031,0.021622
-0.003972,0.020536,0.017325
-0.003813,0.006675,0.016150
-0.001820,-0.009298,0.012862
0.000112,-0.019937,0.009592
0.001970,-0.025231,0.005302
0.003779,-0.027331,0.002121
0.005574,-0.026187,-0.005305
0.007364,-0.029324,-0.011685
0.006158,-0.037787,-0.019179
0.003939,-0.042002,-0.024521
0.001662,-0.046259,-0.025613
0.002262,-0.049342,-0.037305
-0.002016,-0.034420,-0.036161
-0.002374,-0.043081,-0.023455
-0.004638,-0.037611,-0.037250
-0.010757,-0.011118,-0.019035
-0.006941,0.020706,0.000314
-0.006721,0.042964,0.015329
-0.006371,0.056783,0.020748
-0.007919,0.055641,0.028166
-0.007508,0.049195,0.032347
-0.003276,0.029010,0.023758
-0.002108,0.004519,0.018253
-0.000093,-0.006088,0.011801
0.002813,-0.002888,0.011815
0.001860,0.011046,0.005536
0.003905,0.021714,0.005594
0.005054,0.035574,0.006756
0.004279,0.038835,0.000384
0.000609,0.044169,0.000417
-0.001136,0.039893,0.001439
-0.001897,0.038719,0.012040
-0.000690,0.025855,0.018364
-0.000482,0.011985,0.018284
-0.001375,-0.009301,0.012870
0.000530,-0.025271,0.009602
0.001367,-0.042243,-0.000063
0.005989,-0.048548,-0.009647
0.006661,-0.049572,-0.013893
0.005369,-0.039895,-0.021257
0.002170,-0.027068,-0.023331
0.003904,-0.008897,-0.026384
0.000895,0.009190,-0.022048
-0.000096,0.020884,-0.017715
-0.004909,0.019765,-0.012448
-0.009719,0.016446,-0.000805
-0.009652,0.012088,0.007647
-0.008582,0.008823,0.013992
-0.008478,0.001325,0.017158
-0.007419,0.001305,0.019294
-0.002449,0.004488,0.021464
-0.001376,0.003429,0.020366
0.002629,0.000299,0.013984
0.004616,-0.004930,0.003327
0.005564,-0.010220,-0.002029
0.005469,-0.018641,-0.013788
0.005290,-0.018563,-0.021216
0.003158,-0.012172,-0.020106
0.002042,-0.001566,-0.013682
-0.000911,0.011164,-0.006157
-0.002794,0.021750,0.002424
-0.004600,0.018496,0.007715
-0.004477,0.012062,0.010878
-0.004380,0.000337,0.009742
-0.005313,-0.005029,0.012899
-0.001420,-0.011388,0.008613
-0.000461,-0.012466,0.009657
0.000486,-0.010266,0.003331
0.001432,-0.005958,-0.000932
0.002386,0.000453,-0.001958
0.001396,0.000483,-0.005175
0.000392,0.000514,-0.008365
-0.000615,0.004756,-0.006218
-0.000602,0.005759,0.000143
-0.000567,0.005763,0.000156
-0.002475,0.004656,0.004418
-0.002464,0.002519,0.004400
-0.002411,-0.001800,0.009695
-0.002391,-0.003899,0.006492
0.000538,-0.004988,0.008598
0.000558,-0.001779,0.007581
0.001583,0.005678,0.008679
0.002637,0.013181,0.005568
-0.000192,0.015305,0.006655
0.000882,0.013216,0.002391
0.000917,0.003675,-0.004066
0.001875,-0.002696,-0.007283
-0.003065,-0.010134,-0.010531
-0.002219,-0.014413,-0.009501
-0.003291,-0.004874,-0.003072
-0.003321,0.001478,0.002274
-0.002308,0.005747,0.002326
-0.003222,0.005719,0.004443
-0.000253,0.000385,0.004417
-0.000238,-0.003881,0.004350
-0.000249,-0.010261,0.002186
0.001637,-0.015594,0.002174
0.001547,-0.019819,-0.002093
0.002403,-0.021933,-0.004233
0.004207,-0.022957,-0.008480
0.002108,-0.015447,-0.012665
0.002963,-0.009087,-0.008372
0.002889,-0.000517,-0.011474
0.001858,0.004828,-0.012509
-0.003030,0.013333,-0.009266
-0.002001,0.018615,-0.003914
-0.002899,0.018561,0.001406
-0.003772,0.017494,0.001396
-0.005612,0.017444,0.006693
-0.006452,0.018447,0.013068
-0.003381,0.014143,0.016222
-0.002273,0.010941,0.016181
-0.003137,0.003497,0.014006
-0.001121,-0.005006,0.010769
0.000797,-0.019896,0.005349
0.002613,-0.025093,-0.008484
0.003397,-0.032510,-0.013861
0.004130,-0.027113,-0.020208
0.001009,-0.012215,-0.015862
0.001883,0.005903,-0.013602
0.001910,0.018643,-0.007145
-0.000909,0.020692,0.001362
-0.002732,0.020670,0.003505
-0.002630,0.012122,0.004485
-0.002560,0.001475,0.002311
-0.002569,-0.007071,0.003311
-0.002595,-0.007080,0.004385
-0.001634,-0.000720,0.008678
-0.000644,0.000399,0.003383
0.001333,-0.001724,0.002304
0.002293,-0.005950,-0.001999
0.000306,-0.009132,-0.004177
-0.000771,-0.017625,-0.008460
0.000053,-0.027207,-0.010652
-0.000132,-0.032498,-0.014951
-0.000400,-0.035697,-0.014951
0.000337,-0.036775,-0.013907
-0.000890,-0.034631,-0.014963
-0.000112,-0.019685,-0.015913
-0.002187,-0.000532,-0.010461
-0.003146,0.020715,-0.000768
-0.001030,0.037743,0.003576
-0.001750,0.047314,0.006851
-0.004399,0.047249,0.013203
-0.003134,0.038713,0.013142
-0.001964,0.016317,0.011927
0.001064,-0.006034,0.006503
0.001000,-0.025176,0.000003
0.000824,-0.036880,-0.003254
-0.000381,-0.038939,-0.010693
0.001297,-0.032510,-0.013875
0.002075,-0.020784,-0.012732
0.001935,-0.015472,-0.010577
-0.000119,-0.016528,-0.011641
-0.000253,-0.019745,-0.009541
-0.001391,-0.028248,-0.012771
-0.002589,-0.041094,-0.008611
-0.002881,-0.057066,-0.011886
-0.001265,-0.048449,-0.020311
-0.002524,-0.023985,-0.012739
-0.001669,0.005783,-0.001951
-0.000590,0.030217,0.008831
-0.001285,0.050465,0.012183
-0.001904,0.063249,0.014403
-0.002479,0.058923,0.019700
-0.001164,0.038682,0.016375
0.000013,0.009918,0.011927
0.000056,-0.013501,0.006472
-0.000038,-0.024103,0.000025
-0.000209,-0.030493,-0.001071
0.000593,-0.028342,-0.003166
0.001398,-0.024055,-0.005292
0.002249,-0.013332,-0.010539
0.000208,-0.001544,-0.015797
-0.000792,0.017592,-0.009310
-0.000691,0.031388,-0.001797
-0.001483,0.037752,0.002523
-0.002244,0.031288,0.008868
-0.003036,0.020630,0.007741
-0.003907,0.003592,0.004457
-0.000996,-0.010245,0.001187
-0.000065,-0.013467,0.003295
0.002791,-0.014527,0.002241
0.003711,-0.008136,0.003344
0.004670,-0.003844,0.001223
0.003694,0.004722,-0.001913
0.002712,-0.002685,-0.008358
0.001668,-0.009023,-0.014766
-0.000417,-0.013259,-0.017973
-0.001572,-0.012139,-0.023275
-0.002687,-0.004705,-0.020040
-0.003748,0.005893,-0.012506
-0.005697,0.009011,-0.003998
-0.006602,0.016449,-0.000750
-0.008429,0.018508,0.006668
-0.008286,0.023768,0.014128
-0.005157,0.024769,0.020483
-0.004940,0.019424,0.021511
-0.001820,0.014046,0.025729
-0.000707,0.002373,0.019275
0.003245,-0.010368,0.012818
0.005144,-0.018831,0.005309
0.008940,-0.029445,-0.000062
0.008738,-0.034673,-0.010705
0.006542,-0.033509,-0.020231
0.007242,-0.029167,-0.027627
0.004076,-0.012064,-0.030702
0.001966,0.006022,-0.025260
-0.000982,0.020865,-0.015587
-0.003807,0.027160,-0.004935
-0.007577,0.027107,0.000391
-0.008400,0.019553,0.008821
-0.008274,0.007808,0.009814
-0.007244,-0.007163,0.012880
-0.006277,-0.012468,0.009658
-0.003369,-0.007143,0.010759
-0.000432,-0.001796,0.009708
-0.000377,0.005693,0.007624
0.002616,0.008927,0.004447
0.003628,0.005788,-0.001968
0.002671,-0.000593,-0.004110
0.001636,-0.014443,-0.006340
-0.000457,-0.019660,-0.018044
-0.001597,-0.013291,-0.014832
-0.000728,-0.000554,-0.008353
-0.000718,0.008974,-0.000856
-0.003564,0.019606,0.003473
-0.002436,0.028036,0.014151
-0.004129,0.035455,0.019542
-0.003837,0.033247,0.026964
-0.001622,0.021500,0.027965
0.000529,0.008739,0.023643
0.001601,-0.007171,0.013990
0.001579,-0.022001,0.003291
0.005332,-0.034700,-0.007445
0.004098,-0.044230,-0.014956
0.003777,-0.046258,-0.025627
0.004381,-0.039803,-0.030890
0.002116,-0.028113,-0.026592
0.000915,-0.018520,-0.025461
-0.002182,-0.010020,-0.022216
-0.007149,0.006967,-0.013606
-0.008094,0.020736,-0.002883
-0.006983,0.021709,0.006689
-0.006824,0.022689,0.015194
-0.005646,0.019425,0.021553
-0.005469,0.011936,0.023630
-0.003379,0.001321,0.018267
0.001544,-0.010416,0.018185
0.005423,-0.013490,0.005411
0.006371,-0.011336,0.003315
0.005330,-0.006985,-0.005177
0.003334,0.003722,-0.009375
0.004314,0.014370,-0.007181
0.001435,0.018665,-0.009274
0.000499,0.018665,-0.009267
-0.002369,0.011174,-0.007196
-0.005276,0.003631,0.000193
-0.005273,-0.002756,-0.000926
-0.006271,-0.004933,0.003300
-0.003356,0.000367,0.006531
-0.004258,0.012019,0.015100
-0.003119,0.021591,0.018367
-0.001957,0.019436,0.020478
-0.002732,0.016287,0.015145
0.001303,0.005630,0.014032
0.003296,-0.008166,0.006490
0.002281,-0.019830,-0.001039
0.002147,-0.022946,-0.009570
0.002937,-0.020792,-0.011701
0.002794,-0.012293,-0.008491
0.001735,-0.001645,-0.006296
-0.000230,0.006878,-0.005152
-0.002126,0.013250,-0.001907
-0.003041,0.011100,0.000230
-0.004941,0.004708,-0.000887
-0.004913,-0.004919,0.001187
-0.002999,-0.008128,0.002248
-0.003024,-0.010290,0.005425
-0.002095,-0.015603,0.003263
-0.000196,-0.016661,0.002200
-0.001251,-0.011317,0.001151
0.000674,-0.004913,0.001185
0.002605,-0.000634,0.000155
0.002624,0.005819,-0.005101
0.001656,0.003662,-0.003011
0.001640,0.005797,-0.003000
-0.000279,0.005797,-0.003000
0.000716,0.004685,0.001229
-0.000241,0.001454,0.004405
-0.000218,-0.004969,0.006484
0.000753,-0.008179,0.007545
0.000733,-0.013491,0.005404
0.002637,-0.014516,0.001144
0.001599,-0.012340,-0.003074
0.002511,-0.003803,-0.002993
0.002487,0.005842,-0.007188
0.002514,0.017570,-0.006024
-0.001329,0.020760,-0.004978
-0.000261,0.023960,-0.004970
-0.003072,0.019667,-0.002892
-0.002029,0.015357,0.001336
-0.003890,0.008915,0.005537
-0.004818,0.005715,0.005523
-0.006715,0.001438,0.006581
-0.004738,0.001470,0.003391
-0.001802,-0.000689,0.005489
0.000188,0.004635,0.006582
-0.000730,0.000337,0.009713
-0.000701,0.000389,0.004401
0.001246,-0.003881,0.004365
0.002201,-0.007029,-0.000975
0.005060,-0.011256,-0.005263
0.004977,-0.010135,-0.010552
0.004876,-0.009085,-0.008394
0.002845,-0.004775,-0.012614
0.001805,-0.000528,-0.010441
0.001771,-0.000581,-0.005129
-0.002139,-0.003779,-0.005130
-0.003152,-0.003748,-0.008319
-0.003201,0.003689,-0.005071
-0.004181,0.012182,-0.000780
-0.002140,0.017453,0.005626
-0.003963,0.019597,0.004569
-0.004797,0.019562,0.007746
-0.002731,0.012071,0.009803
-0.001688,-0.002874,0.010767
-0.000709,-0.013469,0.003261
0.000183,-0.016676,0.003220
0.001067,-0.013463,0.002201
0.000033,-0.007049,0.001160
0.000973,0.002586,-0.001953
0.001959,0.006822,0.001254
0.002008,0.003655,-0.001930
0.003949,-0.000572,-0.006211
0.001948,-0.009086,-0.008387
0.000867,-0.012274,-0.009441
0.000773,-0.010140,-0.009415
-0.000286,-0.004805,-0.009382
-0.000314,0.003678,-0.004010
-0.000307,0.009004,-0.002917
-0.002214,0.012216,-0.003957
-0.004117,0.008952,0.002388
-0.004070,0.008984,-0.000795
-0.003033,0.012191,-0.001848
-0.002958,0.013205,0.003474
-0.003835,0.013204,0.003467
-0.003781,0.007837,0.006610
-0.003739,0.002512,0.005496
-0.002751,-0.001714,0.001214
-0.002761,-0.008124,0.002218
-0.000833,-0.004891,-0.000944
-0.000869,-0.003850,0.001175
0.001078,0.001432,0.006534
0.001115,0.003552,0.007615
0.000192,0.004640,0.005488
0.000253,0.007807,0.009771
0.000315,0.001418,0.008689
0.003281,-0.004946,0.004411
0.002273,-0.010215,-0.001973
0.002219,-0.013381,-0.005179
0.001137,-0.011237,-0.006235
0.001045,-0.007997,-0.010471
0.000007,0.003729,-0.009335
-0.000006,0.014366,-0.006094
-0.000894,0.030339,-0.002792
-0.002656,0.036676,0.003610
-0.003437,0.029220,0.002525
-0.005259,0.013215,0.002399
-0.005196,0.001500,0.000209
-0.005242,-0.011291,-0.000937
-0.003377,-0.019827,-0.001004
-0.001541,-0.023020,-0.002086
0.000290,-0.018743,-0.003130
0.000187,-0.011296,-0.000978
0.001096,-0.001734,0.003350
0.003077,0.004678,0.002310
0.004094,0.004711,-0.000859
0.001184,0.001562,-0.006206
0.002139,-0.001638,-0.006213
-0.000836,-0.005895,-0.007305
-0.000917,-0.010173,-0.006267
-0.001972,-0.008037,-0.006256
-0.003966,0.004757,-0.005090
-0.005879,0.017494,0.001361
-0.004779,0.023830,0.007748
-0.004615,0.023764,0.014108
-0.003458,0.019475,0.016199
-0.004303,0.008808,0.016112
-0.001281,0.001350,0.014999
-0.000263,-0.007126,0.008574
-0.000268,-0.006005,0.003285
0.000666,-0.004905,0.000104
0.002606,0.000442,-0.000897
0.003587,-0.000612,-0.001961
0.003572,0.000466,-0.003012
0.004518,0.001552,-0.005117
0.003528,0.003676,-0.004030
0.001568,0.009056,-0.008221
0.000623,0.013292,-0.005015
-0.000297,0.016447,-0.000720
-0.000209,0.014303,0.000336
-0.001110,0.008973,0.000295
-0.003981,-0.000652,0.002340
-0.004003,-0.012380,0.001190
-0.004080,-0.012318,-0.005197
-0.002191,-0.007047,0.001195
-0.002245,-0.001658,-0.004070
-0.004210,-0.001670,-0.003037
-0.004230,0.000482,-0.005182
-0.002317,-0.002742,-0.003102
-0.002354,-0.007020,-0.002071
-0.003387,-0.013449,-0.000003
-0.002478,-0.015593,0.001053
-0.002557,-0.020954,0.004208
-0.002681,-0.028432,0.005231
-0.000870,-0.031591,0.000960
0.001930,-0.024076,-0.003185
0.003769,-0.012337,-0.003082
0.003721,0.001543,-0.004071
0.002780,0.014295,0.001332
0.002876,0.026043,0.000360
0.002058,0.029213,0.003578
0.001246,0.023879,0.003552
0.001352,0.012173,0.000302
-0.000561,-0.001687,-0.000860
-0.000595,-0.012327,-0.004122
-0.002650,-0.020866,-0.004217
-0.001793,-0.018732,-0.004205
-0.002890,-0.017667,-0.004231
0.000891,-0.015499,-0.007403
-0.001163,-0.012290,-0.008471
-0.000280,-0.007972,-0.013758
-0.004249,0.002677,-0.011557
-0.004289,0.010107,-0.007249
-0.005230,0.013243,-0.000868
-0.005131,0.019591,0.004514
-0.004980,0.027009,0.009892
-0.003797,0.029080,0.016276
-0.003582,0.018368,0.020447
-0.001474,0.004529,0.017185
0.000521,-0.005042,0.013939
0.002463,-0.017788,0.008534
0.007256,-0.028362,-0.001087
0.006098,-0.032535,-0.010673
0.007830,-0.028234,-0.013812
0.007589,-0.029241,-0.020193
0.005415,-0.027056,-0.025507
0.004197,-0.020629,-0.027574
0.000096,-0.016372,-0.026497
-0.003024,-0.010025,-0.021142
-0.006061,0.000581,-0.014690
-0.008993,0.012224,-0.005045
-0.007952,0.021711,0.006709
-0.010702,0.026973,0.014183
-0.010503,0.018361,0.021535
-0.008374,0.009822,0.021462
-0.005323,-0.000868,0.023518
-0.001374,-0.014690,0.018093
0.000558,-0.022107,0.012722
0.003394,-0.025219,0.004219
0.007145,-0.030500,-0.001126
0.005971,-0.029379,-0.006436
0.008691,-0.024972,-0.020199
0.005570,-0.015371,-0.020135
0.003446,-0.011060,-0.024342
0.000406,0.004941,-0.024228
-0.002548,0.017609,-0.010310
-0.003431,0.023897,0.001417
-0.005224,0.028115,0.006794
-0.006015,0.020605,0.010993
-0.005878,0.010980,0.013038
-0.003840,-0.001770,0.007642
-0.004799,-0.006053,0.008617
-0.001866,-0.007124,0.008595
0.000069,-0.008193,0.008564
0.001983,-0.010274,0.003227
0.002897,-0.014511,0.000007
0.003756,-0.020847,-0.006402
0.001682,-0.020803,-0.010632
0.000540,-0.019697,-0.014859
0.001358,-0.012281,-0.009488
0.000302,-0.000583,-0.005149
0.000315,0.003632,0.000200
-0.001611,0.005748,0.002368
-0.001572,0.000435,0.000213
-0.000598,-0.008091,-0.000923
-0.000655,-0.011293,-0.000951
0.001229,-0.005971,0.000144
0.000224,-0.001713,0.001235
-0.001744,0.000452,-0.001943
0.000207,0.001508,-0.000873
0.000200,-0.003772,-0.006225
0.001116,-0.012264,-0.010523
-0.000935,-0.014369,-0.013724
-0.003019,-0.016514,-0.012688
-0.003166,-0.007954,-0.014744
-0.004213,0.004765,-0.006165
-0.003227,0.014312,-0.000796
-0.004103,0.018516,0.005601
-0.003980,0.014248,0.005556
-0.004867,0.005669,0.009726
-0.002856,-0.003924,0.008580
-0.002879,-0.011394,0.008522
-0.000968,-0.015671,0.009581
0.000931,-0.011379,0.007517
0.001869,-0.008170,0.006499
0.004792,-0.007048,0.001217
0.003774,-0.010205,-0.003070
0.003723,-0.006960,-0.007279
0.003662,0.005907,-0.013582
0.003663,0.017613,-0.010297
0.001781,0.023972,-0.006011
-0.001030,0.025027,-0.004954
-0.003866,0.016503,-0.006069
-0.005757,0.006878,-0.004024
-0.006734,-0.004900,0.000138
-0.005791,-0.008081,-0.002026
-0.005839,-0.004870,-0.003059
-0.006836,0.000389,0.004394
-0.004830,0.004613,0.008662
-0.002793,0.010981,0.011866
0.001209,0.012039,0.012936
0.000331,0.006758,0.007612
0.003324,-0.000666,0.003323
0.003302,-0.005978,0.001175
0.001304,-0.011297,-0.000970
0.005119,-0.012309,-0.006264
0.003067,-0.016515,-0.012674
0.001948,-0.020770,-0.013737
0.001802,-0.012212,-0.015813
-0.000261,-0.001584,-0.011483
0.000688,0.006944,-0.010369
-0.001231,0.011170,-0.006088
-0.003141,0.009013,-0.004005
-0.005080,-0.000593,-0.004103
-0.006107,-0.011252,-0.005236
-0.005245,-0.018744,-0.003180
-0.004354,-0.014486,-0.002095
-0.003441,-0.009236,0.006439
-0.002486,-0.004965,0.006476
-0.003422,0.006783,0.005496
-0.002365,0.013128,0.010859
0.000693,0.015251,0.011932
0.001806,0.013130,0.010872
0.002879,0.007817,0.008718
0.002921,-0.001754,0.005472
0.001954,0.001481,0.002337
0.002935,0.006860,-0.001889
0.002966,0.008994,-0.001877
0.003005,0.005824,-0.005074
0.001068,0.007936,-0.002940
0.000078,-0.004827,-0.007282
0.000014,-0.009074,-0.009441
-0.000083,-0.009087,-0.008379
-0.003112,-0.008021,-0.008391
-0.003176,-0.000615,-0.001952
-0.002181,0.003664,-0.002976
-0.004087,0.006800,0.003404
-0.002097,0.004645,0.005522
-0.001081,-0.003870,0.003325
-0.004032,-0.011307,0.000091
-0.004114,-0.015571,0.000073
-0.002232,-0.010226,-0.000962
-0.001305,-0.002781,0.001191
-0.002289,0.003589,0.004423
-0.000284,0.001447,0.005464
-0.001218,0.004648,0.005492
-0.001181,0.002521,0.004428
-0.000188,-0.001716,0.001201
0.001758,-0.004900,0.000109
0.003683,-0.004920,0.002245
0.001737,-0.003846,0.001209
0.002690,-0.002757,-0.000904
0.002674,-0.001681,-0.001962
0.001696,0.001530,-0.003009
0.001680,0.002641,-0.007230
-0.000271,0.005830,-0.006155
-0.001243,0.004766,-0.006165
-0.002232,0.001578,-0.007226
-0.003220,-0.003781,-0.005157
-0.004233,-0.007047,0.001181
-0.002317,-0.010237,0.000106
-0.002372,-0.010236,0.000113
-0.004383,-0.011312,0.001150
-0.003466,-0.004899,0.000138
-0.003451,0.004679,0.002309
-0.001483,0.005704,0.006570
0.000543,0.006771,0.006572
-0.000371,0.004658,0.004432
-0.002268,0.002491,0.007596
-0.000327,-0.007059,0.002214
-0.000357,-0.005937,-0.003068
0.000576,-0.000622,-0.000893
0.000551,-0.001680,-0.001963
-0.001422,-0.002747,-0.001979
-0.002427,-0.004863,-0.004133
-0.000518,-0.011308,0.000062
-0.001580,-0.023000,-0.004257
-0.000779,-0.034736,-0.004339
-0.001015,-0.056089,-0.003408
-0.000384,-0.077367,-0.009946
-0.000827,-0.064460,-0.019371
0.001715,-0.042127,-0.011776
-0.000401,-0.004824,-0.007276
-0.000357,0.030312,0.000397
0.000854,0.053689,0.010124
-0.000730,0.060070,0.012288
-0.004259,0.055782,0.014372
-0.004898,0.037654,0.013194
-0.002758,0.009929,0.010865
-0.002719,-0.010323,0.008594
-0.000852,-0.025204,0.003192
-0.000976,-0.021993,0.002138
-0.000101,-0.012363,-0.000987
-0.000136,0.001519,-0.001948
0.002796,0.008997,-0.002971
0.003826,0.013285,-0.005084
0.000939,0.019703,-0.006076
0.000052,0.022872,-0.002872
-0.000829,0.017516,-0.000762
-0.002709,0.005781,-0.000830
-0.001706,0.004715,-0.000818
-0.001699,-0.003864,0.003358
-0.000751,-0.009178,0.001204
-0.000802,-0.014535,0.003272
-0.003780,-0.015603,0.003263
0.001024,-0.012392,0.002216
0.000954,-0.015550,-0.002049
-0.000098,-0.002670,-0.009371
-0.001116,0.002652,-0.008291
-0.001138,0.009030,-0.006148
-0.003041,0.013303,-0.006119
-0.002978,0.017519,-0.000777
-0.002869,0.019596,0.004541
-0.003705,0.016331,0.010886
-0.004570,0.007837,0.006589
-0.004517,-0.003900,0.006500
-0.000608,-0.002823,0.005434
-0.000596,0.000345,0.008632
-0.000550,0.001392,0.010777
-0.000491,0.005701,0.006542
0.000535,0.004689,0.001234
0.001540,-0.000656,0.002263
0.000533,-0.008063,-0.004161
0.002421,-0.012265,-0.010537
0.001327,-0.008007,-0.009432
0.000263,-0.003779,-0.005129
-0.001719,-0.001664,-0.002990
-0.000756,0.003683,-0.003990
-0.002671,0.011129,-0.001823
-0.003607,0.005772,0.000252
-0.002626,-0.004921,0.002288
-0.002629,-0.001689,-0.000881
-0.002612,0.010039,0.000254
-0.003525,0.018501,0.007749
-0.000472,0.014217,0.008746
-0.000376,0.008902,0.006578
0.000643,0.001476,0.002282
0.000626,-0.010231,-0.001003
0.000525,-0.023003,-0.004291
0.000381,-0.025137,-0.004296
0.000188,-0.027272,-0.004329
0.000050,-0.016620,-0.002086
0.000964,-0.001693,-0.000922
-0.000959,0.014273,0.003476
0.002076,0.020644,0.006722
-0.000720,0.017455,0.005653
-0.001574,0.010028,0.001372
-0.001541,0.004693,0.001340
0.000419,-0.000586,-0.004006
0.000393,-0.001654,-0.004029
0.001316,0.001536,-0.002947
-0.001582,0.005780,-0.000829
-0.000562,0.016451,-0.000736
-0.003392,0.021709,0.006689
-0.000319,0.023851,0.005641
-0.003083,0.019571,0.006650
-0.002994,0.006769,0.006573
-0.001009,-0.003869,0.003317
-0.001046,-0.014504,0.000068
0.000779,-0.027266,-0.004267
0.001584,-0.030415,-0.009606
0.001411,-0.020801,-0.010590
0.000313,-0.008038,-0.006249
0.001242,0.005788,-0.001932
0.001285,0.018606,-0.002889
-0.001523,0.024986,-0.000732
-0.002369,0.023885,0.002457
-0.003204,0.018551,0.002431
-0.003104,0.007862,0.004466
-0.001117,0.000384,0.005496
-0.003033,-0.002828,0.006565
-0.003049,-0.002796,0.003382
-0.001101,-0.003885,0.005509
0.001841,-0.001741,0.004460
0.000889,-0.002807,0.004436
0.000876,-0.007045,0.001195
0.003746,-0.013384,-0.005220
0.001683,-0.017632,-0.007393
0.000560,-0.020769,-0.013795
0.001344,-0.021825,-0.014858
0.000207,-0.015381,-0.019053
-0.001861,-0.005864,-0.010509
-0.002884,0.009029,-0.006190
-0.002827,0.021728,0.004532
-0.003630,0.031270,0.010974
-0.001474,0.029148,0.009908
-0.004195,0.028058,0.012036
-0.003027,0.024826,0.015212
-0.002840,0.018458,0.012007
0.000206,0.012089,0.008789
0.000273,0.003585,0.005553
-0.000670,-0.002753,-0.000855
0.001248,-0.002729,-0.002978
0.002189,-0.005931,-0.003020
0.000177,-0.006958,-0.007266
0.000104,-0.011195,-0.010500
-0.001002,-0.012265,-0.010530
-0.002097,-0.014422,-0.008440
-0.002218,-0.012308,-0.006321
-0.002293,-0.009150,-0.002063
-0.003300,-0.002824,0.005414
-0.003264,0.004614,0.008662
-0.000242,0.012041,0.012971
-0.002063,0.011989,0.018283
-0.000962,0.010955,0.015097
0.000133,0.007766,0.014029
0.002165,0.004608,0.009778
0.003183,0.001419,0.008710
0.002238,-0.002763,0.000177
0.003182,-0.007009,-0.001976
0.002151,-0.011199,-0.010506
0.001045,-0.010112,-0.012632
-0.000037,-0.011186,-0.011596
-0.000139,-0.008007,-0.009460
-0.003149,-0.007998,-0.010535
-0.004189,0.004774,-0.007261
-0.006131,0.014326,-0.001879
-0.005054,0.020654,0.005597
-0.004887,0.023799,0.010945
-0.003756,0.019478,0.016213
-0.002615,0.009889,0.015101
-0.000585,0.001406,0.009722
0.001414,-0.000717,0.008649
0.003382,-0.001786,0.008626
0.004383,0.001466,0.003350
0.001489,0.007899,0.000209
0.003485,0.010041,-0.000868
0.004483,0.001560,-0.006220
0.003468,-0.009053,-0.011599
0.003327,-0.025016,-0.015975
0.000183,-0.034609,-0.017085
-0.003022,-0.042067,-0.018190
-0.003278,-0.023937,-0.017006
-0.003432,-0.006951,-0.008397
-0.004416,0.012190,-0.001869
-0.005272,0.024908,0.006696
-0.006054,0.031237,0.014158
-0.003894,0.023747,0.016228
-0.003721,0.015191,0.018289
-0.000668,0.000318,0.011834
0.000304,-0.011380,0.007517
0.004148,-0.019872,0.003226
0.004994,-0.020902,0.000046
0.005847,-0.015525,-0.004158
0.005731,-0.012264,-0.010509
0.004672,0.001640,-0.013571
0.003669,0.012309,-0.013519
0.000745,0.015540,-0.016702
0.000779,0.014462,-0.015636
-0.005045,0.011164,-0.006115
-0.006024,0.000473,-0.004086
-0.008011,-0.011263,-0.004161
-0.005181,-0.016629,-0.001018
-0.006221,-0.010225,-0.000955
-0.004315,0.000390,0.004408
-0.003279,0.006738,0.009748
-0.001250,0.009960,0.007647
-0.003117,0.005701,0.006535
-0.000163,-0.002772,0.000109
0.001734,-0.015545,-0.003179
0.001601,-0.024026,-0.008545
-0.000539,-0.029369,-0.007489
0.002189,-0.024055,-0.005321
0.002067,-0.013416,-0.002051
0.000085,0.000408,0.003373
0.000145,0.013203,0.004539
0.001262,0.023872,0.004647
0.002407,0.025975,0.007849
0.001569,0.018547,0.003539
0.000696,0.008977,0.000293
0.001717,0.002605,-0.002938
0.002675,0.000533,-0.009337
-0.000269,0.003665,-0.002976
0.000694,0.000474,-0.004072
-0.000304,0.001563,-0.006200
-0.004257,-0.003721,-0.011572
-0.004302,-0.005885,-0.008401
-0.003395,-0.005930,-0.004178
-0.005399,-0.011296,-0.001020
-0.005469,-0.010218,-0.002072
-0.004554,-0.002749,-0.002021
-0.004571,0.001456,0.004389
-0.003553,0.009973,0.006571
-0.000530,0.012087,0.008719
-0.000414,0.009949,0.008701
-0.000345,0.003559,0.007612
0.002599,-0.004965,0.006497
0.002580,-0.008111,0.001192
0.004499,-0.007010,-0.001983
0.003465,-0.009111,-0.005163
0.003391,-0.010145,-0.008363
0.002328,-0.008001,-0.009405
0.002229,-0.009039,-0.012611
0.001160,-0.005839,-0.012604
0.000120,0.001629,-0.012566
-0.001848,0.010123,-0.008248
-0.001811,0.014336,-0.002926
-0.004662,0.014294,0.001325
-0.005548,0.014284,0.002365
-0.005469,0.006761,0.007611
-0.003447,0.001426,0.007586
-0.004401,-0.000698,0.006499
-0.000501,-0.002866,0.009671
-0.002418,0.000368,0.006516
-0.001420,0.000390,0.004394
0.000545,-0.000679,0.004357
0.001553,0.002524,0.004398
0.004468,-0.003836,0.000098
0.004440,-0.012342,-0.003130
0.003364,-0.016575,-0.006316
0.002243,-0.014407,-0.009467
0.002113,-0.010117,-0.011552
0.002047,0.003760,-0.011425
0.001076,0.014397,-0.008170
-0.000799,0.019676,-0.002817
-0.001672,0.017509,0.000341
-0.001595,0.009006,-0.002910
-0.003520,0.001548,-0.004030
-0.004554,-0.007994,-0.010479
-0.003685,-0.012232,-0.013720
-0.003804,-0.009086,-0.008408
-0.002912,-0.004894,-0.000971
-0.002926,0.000442,-0.000932
-0.002922,0.002522,0.004378
-0.002885,-0.002835,0.006460
-0.002875,-0.007092,0.005376
-0.001946,-0.012414,0.004303
-0.001002,-0.011357,0.005380
-0.000059,-0.004944,0.004368
0.001912,0.001460,0.004438
0.000967,0.011084,0.002400
0.001070,0.016376,0.006670
0.002153,0.015355,0.002408
0.002261,0.014289,0.002413
0.002326,0.008961,0.001306
0.001382,0.004715,-0.000839
0.002354,-0.001676,-0.001957
0.001339,-0.006977,-0.005159
0.001262,-0.005844,-0.011523
0.000232,0.000557,-0.011488
-0.000805,0.002689,-0.011483
-0.001809,0.003755,-0.011487
-0.002799,0.002652,-0.008305
-0.002841,-0.001680,-0.001969
-0.004833,-0.008072,-0.003086
-0.006816,-0.002738,-0.003054
-0.004861,0.003583,0.005475
-0.005767,0.012043,0.012949
-0.004653,0.015164,0.020399
-0.003509,0.015177,0.019366
-0.002373,0.007733,0.017191
0.000627,-0.006086,0.011779
0.001598,-0.015646,0.007472
0.005411,-0.023040,0.000000
0.004305,-0.024067,-0.004266
0.004161,-0.015499,-0.007389
0.004061,-0.003762,-0.007307
0.005027,0.009074,-0.010399
0.002142,0.016500,-0.006111
0.001221,0.020768,-0.006073
-0.000627,0.018604,-0.002895
-0.001548,0.010058,-0.001888
-0.004444,0.003647,-0.000877
-0.005419,-0.001697,0.000158
-0.005423,-0.001763,0.006532
-0.003475,-0.006062,0.009699
-0.002477,-0.002852,0.008645
-0.002445,0.001438,0.006560
-0.001423,0.002464,0.010806
-0.001375,-0.002817,0.005461
0.000577,-0.008136,0.003287
0.001519,-0.012342,-0.003130
0.002393,-0.014440,-0.006326
0.001307,-0.013362,-0.007378
0.001207,-0.011251,-0.005237
-0.000818,-0.008049,-0.005202
0.000109,-0.000594,-0.004095
0.001088,0.008999,-0.002951
-0.000808,0.016463,-0.001833
-0.004619,0.015364,0.001341
-0.002593,0.011074,0.003432
-0.000587,0.003582,0.005482
-0.000589,-0.008147,0.004327
-0.001610,-0.010250,0.001118
0.000284,-0.014531,0.002142
0.000204,-0.013483,0.004301
-0.000800,-0.003873,0.004369
0.001173,0.005752,0.002324
-0.001675,0.014231,0.007691
0.000371,0.016420,0.002418
-0.001493,0.007860,0.004466
-0.000489,0.002548,0.002332
0.000497,-0.008111,0.001192
0.000415,-0.019784,-0.005256
0.000281,-0.025121,-0.005288
0.000125,-0.020842,-0.006318
0.001969,-0.011245,-0.005196
-0.001020,0.007948,-0.004023
-0.000939,0.029219,0.002511
-0.000755,0.034541,0.003577
-0.000542,0.032387,0.005680
-0.003277,0.027032,0.007783
-0.004142,0.005716,0.005508
-0.002189,-0.015571,0.000052
-0.002314,-0.030486,-0.002152
0.001385,-0.034743,-0.003237
0.001194,-0.029378,-0.006386
0.002015,-0.013385,-0.005227
0.000995,0.004753,-0.005117
0.000060,0.017536,-0.002904
0.001106,0.016499,-0.006110
-0.002728,0.014376,-0.007183
-0.003680,0.003700,-0.006203
-0.004669,-0.004878,-0.002006
-0.003740,-0.010248,0.001160
-0.003781,-0.012435,0.006446
-0.003805,-0.002862,0.009720
-0.002772,0.003497,0.013999
0.001230,0.008843,0.012978
0.001345,0.016301,0.014090
0.003437,0.017411,0.009834
0.002607,0.015300,0.007714
0.002694,0.008950,0.002353
0.004670,0.004746,-0.004043
0.005609,-0.004816,-0.008364
0.003590,-0.009041,-0.012624
0.000553,-0.012253,-0.011591
-0.000521,-0.002607,-0.015772
-0.001562,0.004788,-0.008287
-0.002529,0.011147,-0.004001
-0.004409,0.010049,-0.000835
-0.006321,0.007882,0.002323
-0.006274,0.006782,0.005504
-0.007198,0.001384,0.011837
-0.005198,0.002464,0.010806
-0.003199,-0.000747,0.011853
-0.001242,-0.007140,0.010736
0.000704,-0.011385,0.008604
0.000680,-0.011335,0.003293
0.002553,-0.016574,-0.006302
0.004387,-0.010129,-0.010505
0.004296,-0.002662,-0.010481
0.003276,0.003759,-0.012574
0.002286,0.012221,-0.005073
0.002345,0.017514,-0.000789
-0.001469,0.014292,0.001312
-0.003340,0.004648,0.005514
-0.005257,-0.004965,0.006518
-0.002369,-0.012387,0.002236
-0.002417,-0.007085,0.005452
-0.000450,0.005685,0.008748
0.000627,0.017422,0.008837
-0.000210,0.017415,0.009882
0.000913,0.020649,0.006734
0.000020,0.010085,-0.003984
-0.000926,0.008014,-0.010368
-0.001905,0.007999,-0.009327
0.000034,0.009012,-0.004027
-0.000897,0.011103,0.000222
-0.002784,0.012117,0.005543
-0.002691,0.009973,0.006600
-0.000691,0.001459,0.004424
-0.000683,-0.006020,0.005440
0.000242,-0.014493,-0.000993
0.001116,-0.014457,-0.004178
0.001039,-0.009110,-0.005192
0.002931,0.000459,-0.001924
0.000976,0.005804,-0.002952
0.001003,0.003669,-0.002978
0.000020,-0.001677,-0.001956
-0.001969,-0.005892,-0.007306
-0.002042,-0.010150,-0.008411
-0.000186,-0.010152,-0.008403
-0.001224,-0.004816,-0.008350
-0.002246,-0.000620,-0.000907
-0.004168,0.006860,-0.001903
-0.003145,0.012152,0.002381
-0.003073,0.009997,0.004491
-0.002991,0.013184,0.005553
-0.003848,0.014231,0.007705
-0.001807,0.013155,0.008756
-0.001682,0.012066,0.010862
0.000366,0.008864,0.010834
0.001405,0.001404,0.009701
0.002388,-0.004964,0.006483
0.002377,-0.010204,-0.003113
0.003266,-0.014459,-0.004191
0.003165,-0.014428,-0.007381
0.002076,-0.013340,-0.009486
0.000982,-0.013319,-0.011601
0.001847,0.001641,-0.013621
-0.000113,0.015439,-0.006079
-0.001029,0.020719,-0.000734
-0.002843,0.022788,0.005623
-0.003659,0.019599,0.004576
-0.005505,0.013175,0.006642
-0.006401,0.001418,0.008696
-0.005397,-0.002839,0.007604
-0.002452,-0.001761,0.006538
-0.001444,0.002498,0.007644
-0.001396,0.003575,0.006578
-0.000406,0.001471,0.003355
-0.000405,-0.007015,-0.002031
0.002422,-0.014442,-0.006340
0.004261,-0.020812,-0.009565
0.000213,-0.013352,-0.008439
0.002070,-0.003770,-0.006233
-0.000855,0.011125,-0.001886
0.001183,0.022791,0.005664
-0.000580,0.024904,0.007805
-0.001392,0.022745,0.009909
-0.000256,0.018478,0.009893
-0.001119,0.007832,0.007698
0.000877,0.002572,0.000231
-0.001063,0.001486,0.002342
-0.000078,-0.000649,0.002317
-0.001042,-0.000618,-0.000894
-0.002047,-0.004853,-0.004100
-0.002107,-0.011273,-0.003114
-0.000259,-0.018668,-0.010593
0.000566,-0.019734,-0.010603
-0.000550,-0.019754,-0.008467
-0.001644,-0.006953,-0.008367
-0.002652,0.003654,-0.001915
-0.001635,0.017487,0.002421
-0.002481,0.022768,0.007765
-0.003281,0.024868,0.010968
-0.004072,0.020588,0.011978
-0.002960,0.008831,0.014018
-0.001885,0.002461,0.010793
0.001071,-0.007119,0.008607
0.002014,-0.014503,0.000054
0.002885,-0.018738,-0.003167
0.003754,-0.015538,-0.003146
0.002662,-0.012266,-0.010565
0.004497,-0.007998,-0.010535
0.001485,-0.003677,-0.015802
-0.002472,0.000568,-0.013664
-0.002515,0.010152,-0.011465
-0.005428,0.012211,-0.004026
-0.007291,0.011072,0.003405
-0.005269,0.005717,0.005501
-0.003259,0.000306,0.012910
-0.003213,-0.007110,0.007547
-0.002258,-0.007111,0.007561
0.000660,-0.011369,0.006449
0.003525,-0.012380,0.001148
0.004444,-0.009148,-0.002021
0.004395,-0.001635,-0.006222
0.004353,0.000520,-0.008339
0.003342,0.003752,-0.011515
0.004306,0.005876,-0.010428
0.002351,0.005877,-0.010407
-0.000587,0.003690,-0.005121
-0.002541,0.006880,-0.004039
-0.005441,0.007895,0.001289
-0.006360,0.004661,0.004437
-0.006309,-0.000695,0.006520
-0.004329,-0.002851,0.008616
-0.002351,-0.003938,0.010742
-0.001377,-0.010271,0.003240
-0.003367,-0.013450,0.001104
-0.000538,-0.018754,-0.002126
-0.000655,-0.014455,-0.005292
-0.000740,-0.009107,-0.006314
0.001132,-0.004840,-0.006291
0.001083,0.001530,-0.003044
0.000088,0.001499,0.000145
0.000111,0.005791,-0.001912
0.001111,0.002548,0.002325
0.002128,0.006809,0.003444
0.001227,0.009990,0.005608
0.002280,0.013200,0.004575
0.002376,0.013210,0.003508
0.002440,0.008988,-0.000775
0.000532,0.007930,-0.001859
0.001528,0.007948,-0.003973
-0.000420,0.003711,-0.007207
-0.002392,0.000501,-0.006182
-0.002416,-0.001635,-0.006222
-0.002425,0.003669,-0.002999
-0.003398,0.002615,-0.004049
-0.005359,-0.000607,-0.001962
-0.003429,-0.003809,-0.001997
-0.003462,-0.010215,-0.002038
-0.004509,-0.011304,0.000075
-0.004565,-0.008102,0.000089
-0.001674,-0.003887,0.005431
0.000292,0.005704,0.006563
0.000368,0.012097,0.007694
0.000453,0.005725,0.004448
0.002418,-0.000595,-0.004124
0.002364,-0.009071,-0.010592
0.005160,-0.016499,-0.014915
0.003054,-0.019653,-0.019167
0.002882,-0.018607,-0.017036
0.003673,-0.014299,-0.021227
0.001566,-0.014287,-0.022268
0.000428,-0.012192,-0.018006
0.000292,-0.007923,-0.017962
-0.003698,-0.002586,-0.017923
-0.003757,0.003743,-0.010433
-0.003773,0.003676,-0.004073
-0.005704,0.005735,0.003373
-0.004681,0.005762,0.001256
-0.004638,0.001460,0.004388
-0.003633,0.001458,0.004382
-0.004577,-0.001775,0.007544
-0.003591,-0.001773,0.007564
-0.003548,0.002473,0.009710
-0.003495,0.007828,0.007635
-0.000495,0.008853,0.011895
0.000580,0.006709,0.012952
0.002611,0.000318,0.011849
0.001687,-0.007093,0.006526
0.003604,-0.014518,0.002245
0.002546,-0.016566,-0.006270
0.002413,-0.012267,-0.009436
0.003314,-0.001598,-0.009357
0.003290,0.006863,-0.001883
0.003341,0.013274,-0.002887
-0.000502,0.007918,-0.000805
-0.002432,0.001506,0.000221
-0.004400,-0.009155,-0.000933
-0.003514,-0.019793,-0.004217
-0.003633,-0.015493,-0.007363
-0.003728,-0.005944,-0.001994
-0.002772,0.000414,0.002278
-0.002731,0.006772,0.006572
-0.002637,0.009952,0.008715
-0.002554,0.005662,0.010806
-0.002480,-0.000707,0.007588
-0.000539,-0.004953,0.005457
0.001398,-0.008101,0.000131
0.001354,-0.007012,-0.001961
0.002285,-0.000600,-0.002986
0.001311,0.007918,-0.000805
0.003299,0.010061,-0.001868
0.001392,0.010091,-0.005072
-0.000529,0.011138,-0.002926
-0.000469,0.008951,0.002367
-0.000432,0.002572,0.000231
-0.000421,-0.003818,-0.000880
0.000519,-0.008053,-0.004079
0.000447,-0.014445,-0.005196
0.000338,-0.014414,-0.008400
0.000218,-0.009060,-0.010503
0.000145,-0.002669,-0.009400
-0.001842,0.002655,-0.008306
-0.001859,0.002644,-0.007252
-0.001874,0.001535,-0.003025
-0.002864,0.001567,-0.006208
-0.003844,0.000457,-0.001987
-0.003856,0.000427,0.001223
-0.003846,0.001478,0.002296
-0.003834,-0.000676,0.004413
-0.003813,-0.000671,0.004404
0.000125,0.000396,0.004420
0.000162,0.003551,0.008679
-0.000780,-0.000729,0.009696
0.000204,-0.003906,0.007566
0.002150,-0.007053,0.002240
0.004063,-0.009176,0.001167
0.004987,-0.004822,-0.007290
0.003969,0.002640,-0.007237
0.002985,0.007964,-0.006136
0.003000,0.006912,-0.007222
0.001048,-0.002691,-0.007292
-0.001936,-0.004803,-0.009419
-0.003943,-0.001561,-0.013655
-0.003989,0.007945,-0.004036
-0.003962,0.017462,0.004515
-0.004793,0.023792,0.011984
-0.004597,0.023762,0.015194
-0.004404,0.015222,0.015121
-0.004281,0.001374,0.012912
-0.001357,-0.022025,0.005307
0.000448,-0.039022,-0.002242
0.000232,-0.029355,-0.008523
0.000053,-0.010151,-0.008411
0.002943,0.013259,-0.001881
0.003062,0.028143,0.003519
0.002303,0.034514,0.006766
0.000537,0.020675,0.003482
-0.002308,0.000428,0.001223
-0.003335,-0.018736,-0.003154
-0.001526,-0.025094,-0.007440
0.001215,-0.018682,-0.008459
0.001127,-0.004875,-0.001957
0.000152,0.006840,0.000247
0.000225,0.015343,0.003477
-0.000648,0.015332,0.004538
0.000426,0.009986,0.005552
-0.000500,0.005751,0.002346
-0.000464,0.003594,0.004442
-0.001412,0.003617,0.002341
