0.001743,0.001306,0.003511
0.000780,0.002383,0.002446
-0.000181,-0.000817,0.002439
-0.000184,-0.002895,0.001314
-0.000209,0.000338,-0.001833
-0.000269,0.009418,-0.055877
-0.016285,0.079382,-0.426930
-0.037747,0.105459,-0.370942
-0.014915,0.030065,-0.091685
0.003815,-0.002988,0.009677
0.000804,0.006730,0.000419
-0.000085,0.008829,0.003572
-0.001973,0.006650,0.007805
-0.000921,0.005603,0.005653
-0.000853,0.007738,0.005707
-0.000803,0.002422,0.003525
0.000006,-0.003978,0.003461
0.000431,-0.008236,0.002369
-0.000447,-0.007160,0.001311
0.001477,-0.007181,0.003440
-0.001408,-0.006029,-0.005060
-0.000440,-0.006059,-0.001863
-0.000308,-0.003872,-0.007149
-0.001138,-0.001738,-0.007137
0.000920,-0.000666,-0.007123
0.001104,0.003560,-0.002834
0.001279,0.002545,-0.008134
0.000344,0.001467,-0.007082
-0.000557,-0.000723,-0.001795
0.001350,-0.006049,-0.002910
0.000333,-0.009270,-0.000823
-0.000706,-0.015673,-0.000879
-0.000881,-0.016745,0.000156
-0.000066,-0.015688,0.001234
0.000733,-0.012523,0.004446
0.002630,-0.007155,0.001310
0.001629,0.003461,0.006723
0.001717,0.014123,0.007884
0.002873,0.023714,0.009015
0.001147,0.027986,0.009094
0.000379,0.032279,0.007008
0.000541,0.029099,0.004858
-0.001307,0.026963,0.004840
-0.002282,0.018435,0.003691
-0.002337,0.013134,0.000439
0.000501,0.005632,0.003557
-0.000630,-0.003934,-0.000770
-0.000738,-0.012505,0.002318
-0.000871,-0.019951,0.000116
-0.001953,-0.018885,0.000104
-0.000044,-0.015748,0.006512
-0.000970,-0.003934,-0.000798
0.001047,0.000349,-0.001816
0.001124,0.005706,-0.003891
0.000278,0.014295,-0.009114
-0.000555,0.017486,-0.008019
0.001515,0.023869,-0.005827
-0.000306,0.023900,-0.009031
0.000708,0.024903,-0.002655
-0.000188,0.022769,-0.002674
-0.000148,0.017409,-0.000605
0.000852,0.012105,-0.003841
-0.001098,0.005672,-0.000708
-0.001115,0.002461,0.000339
-0.001147,-0.002928,0.005583
-0.000179,-0.005091,0.008782
-0.001157,-0.007203,0.006634
-0.001175,-0.006125,0.005575
0.000750,-0.006117,0.004529
0.000760,-0.002884,0.001360
-0.000188,0.000297,0.003503
0.000830,0.009912,0.002526
-0.000058,0.016333,0.000439
0.001025,0.020613,-0.000571
0.000165,0.023827,-0.001618
0.000306,0.024917,-0.003710
0.000392,0.022791,-0.004789
0.000498,0.020572,0.003694
0.000592,0.015248,0.002579
-0.002275,0.010981,0.002563
-0.001248,0.010990,0.001488
-0.000276,0.004522,0.007791
-0.001219,0.001334,0.006723
-0.000218,-0.004023,0.008791
-0.000254,-0.013610,0.006558
-0.001280,-0.020012,0.006502
-0.001361,-0.021046,0.003302
0.000491,-0.019937,-0.000939
0.001374,-0.012428,-0.005124
-0.000643,-0.004947,-0.006113
0.001282,0.003638,-0.010277
0.000329,0.011130,-0.012327
0.000388,0.017533,-0.012271
-0.000518,0.018568,-0.009086
-0.000395,0.021748,-0.006914
0.000688,0.019572,-0.002682
-0.001168,0.018421,0.005810
-0.002017,0.013032,0.011069
-0.001939,0.007676,0.013144
-0.001901,-0.000851,0.011994
-0.001889,-0.010455,0.011910
-0.002900,-0.015806,0.012891
-0.001989,-0.018965,0.008619
-0.001096,-0.021099,0.008600
0.001693,-0.022115,0.003286
0.000633,-0.019927,-0.002000
-0.000418,-0.011377,-0.002973
0.000541,-0.002830,-0.003966
0.001538,0.005782,-0.011312
-0.000364,0.011118,-0.011258
0.000648,0.014343,-0.013339
-0.000274,0.013274,-0.013362
-0.000231,0.017504,-0.009075
-0.000161,0.014260,-0.004859
-0.000110,0.012079,-0.000625
0.000921,0.008824,0.004638
-0.000981,0.007773,0.003559
-0.000944,0.001340,0.006707
-0.001885,-0.001920,0.011971
-0.000882,-0.007256,0.011918
-0.000879,-0.008303,0.009808
0.000074,-0.010375,0.003410
-0.000943,-0.012508,0.003384
-0.000048,-0.012454,-0.001914
0.000868,-0.008153,-0.005082
-0.001102,-0.003937,0.000267
-0.000161,0.001463,-0.006045
-0.000143,0.005752,-0.008144
-0.000122,0.010000,-0.005970
-0.000059,0.014268,-0.005933
0.000002,0.008934,-0.005966
-0.000934,0.009936,0.000389
-0.001874,0.005646,0.002516
-0.000838,0.004558,0.004628
-0.001761,0.003459,0.007795
-0.000764,0.000269,0.006713
-0.000734,-0.002940,0.007738
-0.002697,-0.003997,0.006660
-0.000735,-0.009303,0.003418
-0.000770,-0.009284,0.001275
-0.000832,-0.014565,-0.004084
0.000050,-0.017767,-0.004112
-0.002004,-0.017737,-0.007302
-0.001157,-0.015591,-0.008330
-0.002233,-0.012397,-0.007214
-0.000335,-0.009227,-0.003989
-0.000364,-0.003874,-0.006077
-0.000360,0.003587,-0.004930
0.000650,0.013152,-0.000603
-0.001201,0.012063,0.001502
-0.001098,0.014168,0.004696
-0.000997,0.014168,0.004689
-0.000889,0.014124,0.008933
0.000153,0.005576,0.009920
0.000207,0.004527,0.007790
-0.000741,-0.002920,0.005616
-0.001719,0.000271,0.006705
-0.001729,-0.006057,-0.000785
-0.001772,-0.004978,-0.001830
-0.000862,-0.011350,-0.005090
-0.000945,-0.012385,-0.008282
-0.001031,-0.012407,-0.006174
-0.000139,-0.011330,-0.007240
-0.002160,-0.012408,-0.006188
-0.000271,-0.009274,0.000200
-0.001287,-0.007107,-0.002965
-0.002280,-0.002859,-0.000770
-0.002254,-0.000778,0.004560
-0.002213,0.005651,0.002507
-0.002160,0.005661,0.001446
-0.002097,0.004552,0.005673
-0.001083,0.004530,0.007789
0.000914,-0.001887,0.008788
0.001919,-0.003990,0.005579
0.002863,-0.007137,0.000239
-0.000104,-0.008195,-0.000845
0.000840,-0.003927,-0.000808
0.000830,-0.000704,-0.002895
-0.000174,0.002519,-0.004989
-0.000165,0.005731,-0.006015
-0.002099,0.006758,-0.001755
-0.002041,0.007815,-0.000678
-0.002007,0.006749,-0.000695
-0.003913,0.005692,-0.001772
-0.001963,-0.003901,-0.002924
-0.002986,-0.007061,-0.007210
-0.001112,-0.006009,-0.006166
-0.001174,-0.004964,-0.004035
-0.000242,-0.006030,-0.004037
-0.001253,0.000321,0.001344
-0.001240,0.000325,0.001350
-0.000236,0.000304,0.003479
-0.002151,0.001383,0.002455
-0.002073,0.002410,0.006743
-0.002996,0.003486,0.005699
-0.001935,0.009816,0.013210
-0.000835,0.019432,0.012240
-0.000675,0.029058,0.010201
-0.000495,0.028002,0.009131
-0.001287,0.030210,0.001708
0.002741,0.022792,-0.003683
0.002825,0.014286,-0.006954
0.000903,0.008968,-0.009150
0.000869,-0.000615,-0.011363
0.000785,-0.008044,-0.015678
-0.002272,-0.014394,-0.021039
-0.001465,-0.016527,-0.021058
-0.000638,-0.012291,-0.017845
0.000216,-0.011275,-0.012517
0.000147,-0.005972,-0.009295
-0.000861,0.000357,-0.001812
0.000165,0.009908,0.003577
0.002191,0.016288,0.005741
0.003334,0.022658,0.008973
0.002538,0.026924,0.009011
0.000760,0.031213,0.006913
0.000945,0.033350,0.006931
-0.002766,0.030117,0.010086
-0.000647,0.024792,0.009006
-0.002451,0.018369,0.011093
-0.003330,0.012002,0.007867
-0.003273,0.004510,0.009917
-0.002241,0.002334,0.014149
-0.002215,-0.007250,0.011930
-0.000271,-0.013632,0.009724
0.000693,-0.012599,0.012888
0.000677,-0.008352,0.015041
0.000708,-0.003006,0.014033
-0.000217,0.002318,0.015141
0.000864,0.007633,0.017324
0.000009,0.008727,0.015252
-0.000845,0.001131,0.027946
-0.000739,-0.017030,0.029938
0.000252,-0.038511,0.043544
-0.000759,-0.053564,0.055098
-0.003733,-0.061044,0.056101
-0.006723,-0.057699,0.041255
-0.005868,-0.047885,0.020077
0.001751,-0.038140,0.006346
0.000548,-0.039069,-0.007456
-0.000665,-0.039980,-0.023401
-0.002948,-0.045136,-0.041498
-0.003390,-0.054633,-0.052164
0.000024,-0.063085,-0.060726
-0.002502,-0.070445,-0.071388
-0.004103,-0.074638,-0.078846
-0.003808,-0.082164,-0.073598
-0.003489,-0.066211,-0.068167
-0.004088,-0.075944,-0.055533
-0.000711,-0.069587,-0.051268
-0.002163,-0.065495,-0.033195
-0.002550,-0.053832,-0.025672
-0.000882,-0.038948,-0.020235
0.001803,-0.032608,-0.013800
-0.000304,-0.019876,-0.006254
0.001586,-0.004987,-0.000791
0.004512,0.003563,-0.001736
0.002595,0.009945,0.000456
0.000732,0.015222,0.006881
0.000831,0.016257,0.010081
0.000955,0.017273,0.015437
-0.001821,0.015105,0.018581
-0.001696,0.007571,0.024882
-0.002539,0.000004,0.034352
-0.002440,-0.009657,0.039546
-0.002372,-0.022451,0.038387
-0.001374,-0.026731,0.039375
-0.001394,-0.032025,0.035071
-0.002409,-0.030863,0.025524
-0.000507,-0.014728,0.012932
0.001430,0.000233,0.010947
0.002467,0.012111,-0.002736
0.004504,0.025044,-0.015349
0.002620,0.036900,-0.026911
0.003707,0.046535,-0.030010
0.002872,0.052981,-0.034184
0.001065,0.058339,-0.036245
0.001225,0.062651,-0.040438
-0.001559,0.060479,-0.036193
-0.001426,0.055134,-0.035151
-0.001302,0.046542,-0.029934
-0.001219,0.026161,-0.019494
-0.003148,0.014356,-0.013272
-0.003193,-0.000627,-0.009166
-0.004196,-0.000726,0.000334
-0.002248,-0.000791,0.006687
-0.000263,0.002355,0.012006
0.000780,0.004411,0.019403
0.001865,0.007557,0.024709
0.001045,0.005413,0.025758
0.001183,0.008607,0.026867
0.001348,0.005406,0.026839
0.000512,0.004376,0.023673
-0.000365,-0.000959,0.023640
-0.001263,-0.004123,0.019363
-0.003177,-0.006248,0.018263
-0.001224,-0.012579,0.010760
-0.000259,-0.013660,0.011777
-0.001288,-0.016851,0.010666
-0.001354,-0.016852,0.010653
-0.000418,-0.013598,0.005376
-0.001439,-0.013606,0.006471
-0.000524,-0.013558,0.002240
-0.001543,-0.012510,0.004399
-0.002529,-0.008222,0.002343
-0.001563,-0.003972,0.004537
0.000380,-0.004986,-0.000784
-0.000625,-0.010289,-0.004000
-0.001671,-0.014482,-0.011457
-0.003769,-0.023167,0.002143
-0.000980,-0.033779,-0.003164
-0.001235,-0.051965,0.000900
-0.005452,-0.069094,0.007214
-0.006812,-0.089422,0.012349
-0.009140,-0.095853,0.015474
-0.001767,-0.097962,0.013382
0.004691,-0.089569,0.027237
-0.001503,-0.080069,0.037959
-0.006579,-0.070606,0.051773
-0.004719,-0.064281,0.059207
-0.000807,-0.050424,0.060313
0.002099,-0.052487,0.052819
0.003034,-0.051287,0.039001
0.004859,-0.057479,0.017705
0.003639,-0.055175,0.000726
0.004307,-0.042186,-0.017178
0.006930,-0.024979,-0.029742
0.005686,-0.011009,-0.039149
0.005503,0.005101,-0.049604
0.002435,0.016896,-0.054765
0.001337,0.025528,-0.064253
0.000277,0.028769,-0.068497
-0.000831,0.034207,-0.079108
-0.001944,0.039603,-0.085462
-0.002106,0.042894,-0.095045
-0.001314,0.051554,-0.107758
0.002402,0.058034,-0.115172
0.004159,0.073046,-0.122496
0.005976,0.092323,-0.129775
0.004980,0.113643,-0.127487
0.005101,0.134867,-0.115658
0.004394,0.147491,-0.097516
0.003796,0.140903,-0.078412
-0.001666,0.115222,-0.071139
-0.006149,0.149461,-0.079288
-0.009657,0.127899,-0.057138
0.000317,0.056540,-0.071556
0.004157,0.048163,-0.087538
0.002015,0.074520,-0.055460
-0.002561,0.143835,-0.049487
-0.007864,0.164144,-0.052430
-0.006293,0.144958,-0.054706
-0.002881,0.132190,-0.058010
-0.002487,0.135295,-0.048433
0.000929,0.140599,-0.045182
-0.001496,0.127656,-0.031494
0.000862,0.096603,-0.021147
0.003127,0.076168,-0.005409
0.000530,0.061045,0.012498
-0.002035,0.052404,0.023061
-0.002645,0.042705,0.032533
-0.004276,0.029867,0.035597
-0.002032,0.034135,0.035642
-0.003660,0.037389,0.030358
-0.001408,0.045962,0.027241
-0.000118,0.043902,0.019796
-0.000816,0.037584,0.011266
-0.001589,0.028076,0.001633
-0.001494,0.015349,-0.005893
-0.000515,-0.000604,-0.011324
-0.000635,-0.018666,-0.019975
-0.000845,-0.030360,-0.024301
-0.001122,-0.037818,-0.025435
-0.002390,-0.037851,-0.022259
-0.002668,-0.034638,-0.023285
-0.002912,-0.028257,-0.021121
-0.001143,-0.022953,-0.017885
-0.002241,-0.015493,-0.016744
-0.002374,-0.020862,-0.013615
-0.000582,-0.022965,-0.016837
0.000198,-0.028277,-0.018985
0.000960,-0.034692,-0.017994
0.000697,-0.042120,-0.022296
0.001365,-0.048522,-0.022345
0.000050,-0.047445,-0.023411
-0.000268,-0.047465,-0.021275
-0.000565,-0.037872,-0.020137
-0.000789,-0.025100,-0.016856
-0.000941,-0.012379,-0.008263
-0.000986,0.001409,0.000346
-0.001897,0.009902,0.004651
-0.000796,0.017276,0.014258
-0.000636,0.019377,0.017460
0.000518,0.021513,0.017492
-0.000268,0.019359,0.019617
-0.000097,0.012966,0.018500
-0.000982,0.002326,0.015231
0.001002,-0.005122,0.013043
0.001976,-0.011502,0.010858
0.000971,-0.013604,0.007656
-0.000051,-0.012531,0.006592
-0.002052,-0.009309,0.004484
-0.002070,-0.002914,0.005600
-0.003017,0.004545,0.006719
-0.001961,0.008767,0.010987
-0.002829,0.012984,0.016350
-0.003664,0.008705,0.017374
-0.002571,0.001234,0.017302
-0.001529,-0.003023,0.016204
-0.000541,-0.014761,0.016115
-0.000565,-0.028598,0.012810
-0.002629,-0.041373,0.009501
-0.000878,-0.045544,-0.000057
-0.001128,-0.052962,-0.005442
0.001512,-0.048597,-0.014961
0.000208,-0.043221,-0.019186
0.000922,-0.027195,-0.021167
-0.000243,-0.011135,-0.026332
-0.000390,0.000645,-0.030473
-0.001436,0.013439,-0.029321
0.000488,0.019770,-0.021839
0.000526,0.025085,-0.019657
-0.000384,0.025054,-0.016446
-0.001324,0.015428,-0.014414
-0.001303,0.006861,-0.011278
-0.004248,-0.008143,-0.005050
-0.001420,-0.023086,-0.005172
-0.001589,-0.031708,0.003241
-0.001745,-0.037093,0.008513
-0.000937,-0.043551,0.013734
0.000875,-0.039335,0.019076
0.000769,-0.035077,0.020167
0.000709,-0.026542,0.020214
0.001684,-0.013725,0.019265
0.001736,-0.000889,0.016194
0.000846,0.009846,0.009914
0.000981,0.021635,0.004727
0.000149,0.030235,-0.001579
0.001253,0.031356,-0.006853
0.000383,0.027174,-0.015365
-0.002498,0.019707,-0.015438
0.000402,0.009047,-0.016579
-0.000596,0.003649,-0.010267
-0.001602,-0.002819,-0.003970
-0.001663,-0.010334,0.000209
-0.002692,-0.017836,0.003327
-0.001787,-0.021047,0.004367
0.000091,-0.023234,0.009660
0.000017,-0.027501,0.009622
-0.000084,-0.030703,0.009581
-0.000204,-0.032792,0.005345
0.000653,-0.029591,0.005373
0.002476,-0.024214,0.001162
0.001419,-0.012477,0.001244
-0.000564,-0.000732,0.000273
-0.000561,0.005660,0.001397
-0.000507,0.013120,0.002530
-0.000445,0.015244,0.003617
-0.000334,0.018447,0.003644
-0.001208,0.013112,0.003604
-0.002124,0.006700,0.004616
-0.002087,-0.003938,0.001353
-0.000181,-0.014589,-0.000854
-0.000283,-0.021002,0.000151
-0.000412,-0.025250,-0.002008
0.000413,-0.025251,-0.002015
0.000285,-0.019940,0.000133
0.000183,-0.016696,-0.004090
-0.000869,-0.013448,-0.008314
0.000021,-0.009147,-0.011446
0.000930,-0.002769,-0.009281
0.000873,0.002600,-0.012411
-0.000117,0.007915,-0.010243
-0.001088,0.010062,-0.011264
-0.001088,0.008960,-0.008090
0.000870,0.011051,-0.003827
-0.002003,0.007813,0.000394
-0.000009,0.004558,0.005671
-0.001896,0.006677,0.006746
-0.001840,0.005587,0.008837
-0.000805,0.000242,0.009866
-0.000766,-0.006130,0.006620
-0.001733,-0.009364,0.009768
0.000174,-0.013579,0.004433
-0.000854,-0.016737,0.000154
0.000016,-0.017773,-0.003039
-0.000100,-0.019874,-0.006219
-0.000233,-0.024101,-0.010508
0.000608,-0.016639,-0.009368
-0.000504,-0.012340,-0.012527
-0.003525,-0.007013,-0.011413
-0.001628,0.002600,-0.012404
-0.000669,0.006825,-0.008130
0.000307,0.010046,-0.010244
-0.001632,0.011071,-0.005977
0.000342,0.013194,-0.004904
-0.000592,0.014189,0.002531
-0.001472,0.012034,0.004649
0.000551,0.006702,0.004636
-0.002320,0.001344,0.006705
-0.001317,-0.001837,0.004556
-0.003241,-0.002957,0.009865
-0.001290,-0.009339,0.007673
-0.001324,-0.013609,0.007622
-0.000388,-0.015741,0.007596
-0.001419,-0.015731,0.006528
-0.002458,-0.012458,-0.000870
0.000410,-0.012436,-0.002978
0.000343,-0.009233,-0.002965
0.000270,-0.006010,-0.005059
0.000230,-0.000657,-0.007147
0.000204,0.005736,-0.006024
-0.000760,0.010029,-0.008081
0.000249,0.011107,-0.009133
-0.001676,0.012162,-0.008069
0.000305,0.012119,-0.003825
0.000354,0.009923,0.002529
-0.002537,0.004554,0.005644
-0.001519,0.000210,0.013027
-0.002459,-0.005136,0.014042
-0.002438,-0.009437,0.017194
-0.001451,-0.012649,0.018227
-0.000471,-0.013704,0.017171
-0.001441,-0.010493,0.016131
-0.002398,-0.006189,0.012991
-0.000419,-0.005090,0.009825
-0.000392,-0.003981,0.005590
0.000590,-0.006116,0.005565
0.000583,-0.006115,0.005572
0.000550,-0.008197,0.000234
-0.001440,-0.006054,-0.000786
-0.001466,-0.003900,-0.002911
-0.000539,-0.008157,-0.004016
-0.000609,-0.010269,-0.006143
-0.000685,-0.009203,-0.006154
0.000209,-0.005992,-0.007194
0.000144,-0.002777,-0.008221
0.000115,0.000382,-0.003949
0.000116,0.007818,-0.000700
-0.000856,0.002547,-0.007106
-0.001829,0.001489,-0.008169
-0.002810,-0.003889,-0.003965
-0.000930,-0.013489,-0.004028
-0.000042,-0.017801,0.000172
-0.000139,-0.016756,0.002317
-0.002155,-0.019990,0.005466
-0.002214,-0.017920,0.011836
-0.001258,-0.014699,0.009721
-0.000288,-0.008305,0.010852
-0.000258,-0.002970,0.010891
0.000758,0.001342,0.006670
-0.000196,-0.001827,0.003466
-0.001168,-0.004965,-0.002920
0.001699,-0.011325,-0.007220
-0.001330,-0.016655,-0.008333
-0.001490,-0.023003,-0.013674
0.000271,-0.026169,-0.016900
-0.000933,-0.030448,-0.015876
-0.000177,-0.025082,-0.019005
0.000588,-0.021891,-0.017923
0.000422,-0.014475,-0.012560
0.000346,-0.004947,-0.005070
-0.001620,-0.001808,0.001324
-0.000622,0.004627,-0.001796
-0.000588,0.005661,0.001382
-0.000536,0.004595,0.001387
-0.000505,0.004545,0.006719
0.001464,0.000256,0.008811
0.000519,-0.000835,0.010938
-0.000399,0.002377,0.009912
-0.000320,0.008747,0.013166
0.000782,0.012909,0.023820
0.001931,0.019317,0.023889
0.001190,0.028866,0.029257
0.000511,0.037371,0.032521
-0.001087,0.043762,0.033625
0.000264,0.042685,0.034697
0.000612,0.037371,0.032536
-0.000059,0.033148,0.028246
0.000190,0.023619,0.020742
-0.000625,0.018365,0.012173
-0.000515,0.016284,0.006843
-0.000422,0.016335,0.001539
-0.001345,0.013142,0.000429
-0.001285,0.014239,-0.002765
-0.003185,0.015359,-0.008075
-0.002177,0.011107,-0.009183
-0.002163,0.007927,-0.011333
0.000740,-0.000612,-0.011414
0.001647,-0.008050,-0.014655
-0.000430,-0.015530,-0.013659
-0.000566,-0.015509,-0.015781
-0.001685,-0.019777,-0.015790
-0.001861,-0.021910,-0.015802
-0.001030,-0.016617,-0.011512
0.000788,-0.011271,-0.012533
0.001674,-0.007037,-0.009305
-0.000322,-0.002790,-0.007145
-0.001350,-0.003835,-0.009291
-0.000422,-0.006022,-0.003998
-0.002405,-0.007089,-0.003993
-0.001500,-0.006023,-0.003990
0.000396,-0.007088,-0.003993
-0.002590,-0.009201,-0.006134
-0.002677,-0.011310,-0.008269
-0.001778,-0.007043,-0.008252
-0.001869,-0.008103,-0.009321
-0.000961,-0.003802,-0.012460
-0.001026,-0.001647,-0.014570
-0.000107,0.000466,-0.012430
-0.000157,0.004722,-0.011331
0.000797,0.005779,-0.010254
-0.000180,0.006814,-0.007061
-0.000140,0.008938,-0.005982
-0.001111,0.005727,-0.004942
-0.000135,-0.001689,-0.010305
-0.000198,-0.004945,-0.005049
-0.001228,-0.009225,-0.004032
-0.000302,-0.008190,-0.000861
-0.000356,-0.009225,-0.004046
0.000560,-0.005991,-0.007195
-0.000471,-0.002790,-0.007174
-0.001496,0.000454,-0.011375
-0.000554,0.005810,-0.013465
0.001369,0.009012,-0.013416
-0.000591,0.009045,-0.016585
-0.001593,0.005834,-0.015566
-0.001635,0.001567,-0.015583
-0.003647,-0.001680,-0.011380
-0.000797,-0.004893,-0.010354
-0.001835,-0.009162,-0.010391
-0.000959,-0.012395,-0.007236
-0.002992,-0.006046,-0.001889
-0.002066,-0.006078,0.001301
-0.000106,0.005599,0.007776
0.001944,0.014083,0.013170
0.001127,0.024714,0.017520
0.001345,0.031054,0.023956
-0.000317,0.036373,0.026152
-0.000003,0.044878,0.029409
-0.000632,0.042731,0.030452
0.001664,0.039531,0.030431
0.000015,0.030990,0.030350
0.000277,0.028876,0.028196
-0.000475,0.021416,0.027042
-0.000277,0.018287,0.019566
-0.002077,0.011936,0.014220
-0.001011,0.003494,0.004589
-0.001014,-0.006025,-0.003990
-0.000116,-0.013421,-0.011496
-0.000262,-0.018723,-0.014733
-0.000461,-0.025062,-0.021162
-0.001669,-0.029302,-0.024381
0.000031,-0.028203,-0.027555
-0.001209,-0.029251,-0.029707
-0.001475,-0.030286,-0.032892
-0.002714,-0.024935,-0.033915
-0.001025,-0.026034,-0.030741
-0.001280,-0.026044,-0.029695
-0.000556,-0.027153,-0.025447
0.000186,-0.026087,-0.025444
-0.002010,-0.027144,-0.026521
-0.003221,-0.026107,-0.023301
-0.000521,-0.024004,-0.020099
-0.000724,-0.025096,-0.017985
0.002030,-0.018747,-0.012624
0.000902,-0.019863,-0.007302
-0.000177,-0.012425,-0.004054
-0.000232,-0.004978,-0.001859
-0.001205,0.000305,0.003500
-0.001142,0.014158,0.005764
-0.000036,0.031158,0.013347
0.000221,0.043881,0.021974
0.000561,0.052377,0.026307
-0.000021,0.055560,0.028463
-0.001554,0.051260,0.031615
-0.000196,0.047022,0.028403
-0.000832,0.040619,0.028347
-0.000519,0.032048,0.031435
-0.000271,0.028867,0.029278
-0.000996,0.025675,0.028168
0.000202,0.024629,0.026030
-0.000559,0.023625,0.019648
0.000601,0.021532,0.015371
-0.000234,0.017353,0.006851
-0.000128,0.016327,0.002570
-0.002006,0.005715,-0.003887
-0.000063,0.000421,-0.008192
-0.000139,-0.010208,-0.012536
-0.000248,-0.014455,-0.014689
-0.000389,-0.016568,-0.016844
-0.000554,-0.017613,-0.018968
-0.000741,-0.018685,-0.019004
-0.000924,-0.017618,-0.018995
-0.001075,-0.012259,-0.021071
-0.001192,-0.006966,-0.016787
-0.001293,-0.006965,-0.016773
-0.002354,-0.003784,-0.014617
0.000463,-0.006943,-0.018881
-0.001577,-0.009107,-0.015696
-0.002678,-0.014430,-0.016797
0.000114,-0.018741,-0.012591
-0.000998,-0.019841,-0.009417
-0.002123,-0.023032,-0.010513
-0.001293,-0.019852,-0.008356
-0.001427,-0.015584,-0.008318
-0.001517,-0.008134,-0.006146
-0.000583,-0.000726,0.000306
-0.000575,0.004620,-0.000715
-0.000523,0.010959,0.005714
-0.000428,0.015215,0.006827
-0.001275,0.019463,0.009007
-0.000134,0.026867,0.015425
-0.000895,0.031104,0.018652
0.000322,0.035363,0.019757
-0.001355,0.036441,0.018705
-0.002058,0.034297,0.019740
-0.001811,0.030039,0.018649
-0.000641,0.024756,0.013291
0.000472,0.011972,0.011057
-0.000408,0.002370,0.010979
-0.000393,-0.003970,0.004551
-0.000390,-0.003980,0.005604
-0.000404,-0.001824,0.003501
-0.000396,-0.000729,0.000321
0.000586,0.002460,0.001390
-0.001338,0.007828,-0.001768
-0.000326,0.013174,-0.002783
-0.000286,0.013219,-0.007020
0.000721,0.012194,-0.011273
0.000727,0.006876,-0.013455
-0.000283,0.004786,-0.017704
0.000634,0.003717,-0.017727
-0.001361,0.000527,-0.018809
-0.001445,-0.003772,-0.015643
-0.000578,-0.010154,-0.017827
-0.000725,-0.012284,-0.017833
-0.001834,-0.013383,-0.014660
-0.001004,-0.017667,-0.013627
-0.002077,-0.015599,-0.007263
-0.001203,-0.011370,-0.002990
-0.000278,-0.007123,-0.000823
-0.000287,-0.000785,0.005599
-0.002202,0.007742,0.006741
-0.000181,0.009889,0.005691
0.000889,0.011993,0.008914
0.000995,0.016261,0.008958
-0.000827,0.011982,0.009989
-0.000722,0.010886,0.013197
0.000350,0.008764,0.012131
-0.001509,0.003425,0.012093
-0.002411,0.003403,0.014201
-0.001381,-0.001959,0.017335
0.000622,-0.010536,0.021539
-0.001279,-0.005166,0.018516
-0.000291,-0.027454,0.007904
0.012230,-0.085659,0.066974
-0.006486,-0.134345,0.134674
-0.042681,-0.199740,0.272281
-0.065816,-0.332709,0.444396
-0.015612,-0.350269,0.600404
0.026043,-0.435627,0.702294
0.012854,-0.524240,0.709377
-0.029013,-0.590494,0.718389
-0.045984,-0.585375,0.738429
-0.017749,-0.530569,0.806777
-0.016123,-0.441545,0.975221
-0.039725,-0.336225,1.221275
-0.069578,-0.223697,1.606083
-0.064382,-0.268458,1.594458
-0.017443,-0.396320,1.789975
-0.027867,-0.641226,1.739600
0.051304,-0.751354,1.435617
0.030810,-0.774206,1.264291
0.025499,-0.744875,1.106451
0.045594,-0.620800,0.863123
0.070590,-0.491094,0.591256
0.086024,-0.316226,0.388374
0.090044,-0.214191,0.213742
0.098176,-0.126988,0.028410
0.089750,-0.062303,-0.145364
0.052052,0.017162,-0.301871
0.025147,0.117761,-0.436909
0.013277,0.275612,-0.534309
0.006862,0.380323,-0.653304
0.005526,0.470933,-0.749052
0.002471,0.568774,-0.821490
0.015297,0.662542,-0.912980
0.031241,0.772479,-1.021409
0.041275,0.802210,-1.113562
0.031531,0.875055,-1.247747
0.022724,0.979924,-1.381521
0.029411,1.127688,-1.536169
0.041799,1.235098,-1.711428
0.045841,1.270718,-1.858756
0.041254,1.244803,-1.936622
0.010460,1.145289,-1.912218
-0.036575,0.989708,-1.727350
-0.062633,0.864701,-1.605190
-0.061478,0.671088,-1.347946
-0.061374,0.434519,-1.060978
-0.085265,0.219945,-0.622770
-0.033253,-0.098880,-0.019410
0.013181,-0.377298,0.183268
-0.050916,-0.513801,0.185638
-0.053630,-0.495392,0.273770
0.003832,-0.429042,0.364889
0.023366,-0.339320,0.358363
0.012066,-0.234446,0.328348
-0.001027,-0.126515,0.312057
-0.007801,-0.016658,0.317061
-0.007209,0.075039,0.324076
0.005469,0.143477,0.308486
0.016385,0.188562,0.279947
0.018507,0.198520,0.242653
0.018433,0.176650,0.187098
0.015013,0.133549,0.120816
0.013957,0.082056,0.040750
0.011308,0.025182,-0.033968
0.009023,-0.018991,-0.097923
0.000490,-0.037787,-0.138277
-0.003392,-0.043927,-0.163714
-0.007286,-0.028996,-0.162423
-0.010024,-0.002503,-0.143002
-0.008580,0.032401,-0.110804
-0.005839,0.066201,-0.075458
-0.006642,0.096726,-0.032720
-0.005196,0.112391,0.001365
-0.006494,0.117449,0.028969
-0.003800,0.107643,0.049044
-0.003105,0.083013,0.057311
0.001392,0.052047,0.059183
-0.001130,0.021136,0.054657
-0.003845,-0.013954,0.041583
-0.001908,-0.051122,0.023184
-0.000200,-0.082966,0.005921
0.002264,-0.106281,-0.010214
0.004567,-0.123207,-0.025231
0.005776,-0.129422,-0.044397
0.000109,-0.114420,-0.050654
-0.000614,-0.085576,-0.053578
-0.002142,-0.059965,-0.053361
-0.003540,-0.024766,-0.050905
-0.002829,-0.002420,-0.044350
-0.002953,0.012452,-0.037838
-0.003018,0.023112,-0.036691
-0.002073,0.027345,-0.032398
-0.002091,0.020911,-0.029257
-0.000183,0.009130,-0.025108
0.001656,-0.004796,-0.019925
0.000543,-0.015512,-0.015766
0.000386,-0.026268,-0.007364
-0.000765,-0.030569,-0.004225
0.000090,-0.029564,0.002178
-0.001006,-0.023225,0.008607
0.000928,-0.010494,0.016139
-0.000962,0.003323,0.021566
-0.000800,0.018199,0.028069
-0.000548,0.027804,0.028146
-0.000266,0.036289,0.033539
0.001048,0.037336,0.035663
0.001377,0.034177,0.031384
-0.000296,0.027818,0.027105
-0.001061,0.018266,0.021709
0.001047,0.016210,0.014262
0.001161,0.014097,0.012122
0.002237,0.009823,0.012079
0.000338,0.006686,0.005685
-0.001548,0.002450,0.002472
-0.001539,-0.000720,-0.000739
-0.000586,-0.004965,-0.002906
-0.002598,-0.009180,-0.008242
0.000228,-0.017691,-0.010432
-0.000879,-0.018718,-0.014707
-0.001063,-0.024036,-0.016881
-0.001261,-0.023973,-0.023268
-0.001480,-0.022888,-0.025408
0.000245,-0.021821,-0.025406
0.000023,-0.020734,-0.027532
-0.001163,-0.018620,-0.025377
-0.001361,-0.018609,-0.026431
0.000381,-0.023998,-0.021173
0.000171,-0.028288,-0.019081
-0.000009,-0.029418,-0.012710
0.001745,-0.032675,-0.007425
-0.001345,-0.030625,0.001095
-0.001498,-0.028499,0.002174
-0.000610,-0.021115,0.010713
0.000344,-0.008362,0.016151
0.000400,0.000133,0.020477
-0.000440,0.011863,0.021661
-0.000262,0.020378,0.023857
-0.000044,0.020369,0.024925
-0.000797,0.020379,0.023864
-0.000610,0.015047,0.023830
-0.000451,0.007612,0.020617
0.000623,0.002340,0.014204
-0.001272,-0.005110,0.012003
-0.001262,-0.012537,0.007708
-0.002277,-0.019955,0.002317
-0.001411,-0.027371,-0.003068
-0.001575,-0.031620,-0.005255
0.000183,-0.035795,-0.014862
-0.002021,-0.041068,-0.021295
-0.001344,-0.035652,-0.029756
-0.001658,-0.038791,-0.036164
0.001891,-0.033373,-0.044626
0.000541,-0.035453,-0.049936
0.000147,-0.035383,-0.056296
0.000720,-0.029012,-0.053057
0.000361,-0.021606,-0.046612
0.000103,-0.013134,-0.040186
-0.001069,-0.003643,-0.028403
-0.000170,0.012247,-0.016586
0.000820,0.017464,-0.004853
-0.000999,0.030153,0.006937
-0.000796,0.032174,0.018618
-0.000518,0.033124,0.030305
-0.001179,0.036271,0.035667
-0.003756,0.029795,0.043052
-0.000503,0.020180,0.044036
-0.000241,0.006318,0.042861
-0.000047,-0.003230,0.037478
0.001027,-0.012750,0.028886
0.000069,-0.019071,0.020350
0.000047,-0.017921,0.011829
-0.001958,-0.014603,0.000179
0.000900,-0.009214,-0.005086
0.001788,-0.002695,-0.016715
-0.000250,0.006962,-0.021950
-0.000299,0.018707,-0.022922
0.000682,0.026220,-0.027086
-0.001243,0.031547,-0.025980
-0.000247,0.030459,-0.023860
-0.000183,0.025018,-0.013283
-0.001110,0.017508,-0.009076
-0.002051,0.007845,-0.002796
-0.002056,-0.007127,0.000257
-0.001112,-0.023211,0.007580
-0.003172,-0.036027,0.008529
-0.003332,-0.045632,0.008439
0.000369,-0.054148,0.006235
-0.000833,-0.054182,0.009412
-0.000083,-0.056274,0.005149
-0.001306,-0.049795,-0.002230
-0.000550,-0.040149,-0.006397
-0.000750,-0.028370,-0.010559
0.001020,-0.019749,-0.018986
0.002818,-0.007979,-0.022080
0.000773,0.008017,-0.020880
0.001703,0.019778,-0.022899
-0.000219,0.033629,-0.020656
0.000841,0.041037,-0.014218
0.003920,0.043162,-0.013118
0.000189,0.043061,-0.003560
-0.001563,0.037653,0.003848
-0.001358,0.029045,0.011214
-0.001131,0.025749,0.020748
-0.001904,0.015004,0.028096
-0.001703,0.008516,0.036528
-0.002504,-0.005337,0.034293
-0.003368,-0.015999,0.033125
-0.002354,-0.025526,0.025592
-0.001404,-0.030756,0.014928
0.001419,-0.034928,0.005327
0.000267,-0.032690,-0.005299
0.000073,-0.027198,-0.021187
-0.001141,-0.021779,-0.029649
0.001540,-0.013126,-0.041259
0.001315,-0.006692,-0.044387
0.000095,-0.002412,-0.045418
0.001848,0.003993,-0.045341
0.000702,0.008195,-0.038916
0.000592,0.011281,-0.027196
-0.000422,0.014382,-0.016546
-0.000380,0.019602,-0.004807
-0.002227,0.023722,0.010091
-0.002031,0.026818,0.020750
-0.000774,0.033060,0.036735
-0.000441,0.036176,0.045244
0.000940,0.040359,0.053755
0.001362,0.038193,0.056920
-0.001121,0.037137,0.055864
-0.000704,0.028663,0.049409
-0.000387,0.019134,0.041919
-0.000149,0.011780,0.030169
-0.000019,0.001225,0.018398
0.000026,-0.006150,0.008770
0.000004,-0.009237,-0.002928
-0.000104,-0.010200,-0.013575
-0.000217,-0.005876,-0.018865
-0.001303,-0.004746,-0.025228
-0.001434,0.001636,-0.023043
0.000422,0.002691,-0.021994
-0.001611,0.001637,-0.023044
-0.002685,-0.002631,-0.023081
-0.001827,-0.011186,-0.021007
0.001922,-0.018719,-0.014699
0.001763,-0.027278,-0.012651
0.000593,-0.028388,-0.008410
0.001401,-0.025242,-0.003076
0.001299,-0.017834,0.003376
-0.000686,-0.007213,0.008766
0.000336,0.006564,0.018437
-0.000495,0.013959,0.025957
-0.001252,0.021375,0.031321
0.000971,0.022381,0.037709
-0.000695,0.020214,0.040860
-0.000425,0.019121,0.042967
-0.000162,0.014873,0.040801
-0.000884,0.017041,0.037629
-0.001628,0.016027,0.032314
-0.000469,0.018204,0.028075
0.000670,0.015099,0.018498
0.001767,0.011968,0.011030
-0.000087,0.018370,0.011079
0.001953,0.001279,0.013093
0.002999,-0.009319,0.005559
0.000007,-0.015626,-0.004053
-0.002040,-0.018902,0.003339
-0.002135,-0.015688,0.002327
-0.002185,-0.007120,-0.000789
-0.001222,0.001393,0.001394
0.000768,0.014188,0.002574
-0.001056,0.022749,0.000519
-0.000938,0.027081,-0.005817
0.000149,0.030323,-0.010053
0.000229,0.027173,-0.015407
-0.001684,0.021891,-0.020752
-0.001687,0.020845,-0.022890
-0.001737,0.015551,-0.027180
0.000148,0.013354,-0.020826
-0.000905,0.001606,-0.019847
-0.001928,-0.001701,-0.009251
-0.002953,-0.010314,-0.001891
-0.003003,-0.016790,0.005494
-0.003049,-0.024376,0.017121
-0.002101,-0.025487,0.021342
-0.002118,-0.023360,0.022420
-0.003088,-0.019092,0.022451
-0.003097,-0.017933,0.012898
0.000785,-0.010380,0.004454
0.003668,-0.004946,-0.005070
0.002653,0.000495,-0.015654
0.002563,0.002775,-0.030503
0.000471,0.000725,-0.039016
-0.000695,-0.002354,-0.050703
0.000016,-0.011884,-0.058221
-0.004220,-0.022558,-0.058292
-0.001698,-0.031028,-0.064698
-0.003110,-0.039640,-0.057345
-0.002606,-0.047121,-0.056356
-0.004045,-0.053594,-0.048959
-0.002572,-0.055772,-0.044754
-0.002054,-0.064369,-0.039543
-0.001541,-0.067603,-0.036401
-0.002001,-0.066565,-0.033217
-0.001487,-0.058017,-0.034211
-0.001866,-0.047379,-0.030948
0.001688,-0.040987,-0.029832
-0.000556,-0.029273,-0.027606
-0.000767,-0.021790,-0.028567
0.000971,-0.014380,-0.022116
0.000829,-0.008008,-0.018863
0.001696,-0.006965,-0.016716
0.000623,-0.009152,-0.011423
-0.001424,-0.012377,-0.008242
-0.000534,-0.014597,0.000220
-0.000590,-0.017875,0.007619
0.000370,-0.012626,0.016126
0.000423,-0.000976,0.024718
-0.000417,0.005373,0.030072
0.000755,0.015993,0.035484
-0.000925,0.022363,0.038709
-0.000612,0.028756,0.039840
-0.002244,0.027743,0.034539
-0.000991,0.021435,0.024927
0.000153,0.011949,0.013179
0.000229,0.005629,0.004629
0.001189,-0.002781,-0.008184
0.001075,-0.009076,-0.018893
0.000912,-0.012213,-0.025287
0.000726,-0.015341,-0.032749
-0.000503,-0.017455,-0.034904
-0.000742,-0.020654,-0.034939
-0.002940,-0.019619,-0.031740
-0.002183,-0.015394,-0.027437
-0.002348,-0.014434,-0.016818
-0.000517,-0.005948,-0.011424
-0.000573,-0.006011,-0.005038
-0.000602,-0.008202,0.000264
-0.000631,-0.008234,0.003447
-0.001619,-0.010420,0.008719
-0.000639,-0.009363,0.009796
-0.000645,-0.009339,0.007673
0.000318,-0.010429,0.009772
-0.000685,-0.013588,0.005493
0.000246,-0.012499,0.003380
-0.000764,-0.007198,0.006618
-0.000766,-0.002907,0.004547
-0.002704,-0.000793,0.006687
-0.001702,-0.000781,0.005647
-0.000705,-0.004007,0.007735
-0.002639,-0.005042,0.004550
-0.003638,-0.010352,0.002380
-0.001730,-0.012488,0.002348
0.000173,-0.015711,0.004435
0.001056,-0.015679,0.001259
-0.000001,-0.019896,-0.004083
-0.001109,-0.019854,-0.008334
-0.001250,-0.023064,-0.007316
0.000539,-0.025176,-0.009442
0.000364,-0.021947,-0.012610
-0.000760,-0.017646,-0.015756
-0.000881,-0.012346,-0.011447
0.000005,-0.006018,-0.003971
0.000965,-0.002821,-0.003948
-0.001011,-0.001839,0.004556
-0.000016,-0.002909,0.004534
-0.000995,-0.007210,0.007672
-0.002934,-0.007250,0.011930
-0.001948,-0.009406,0.014026
0.000031,-0.009418,0.015088
0.001019,-0.007253,0.011909
0.000070,-0.007242,0.010841
0.000068,-0.005093,0.009812
0.001077,-0.001871,0.007711
0.002096,0.002398,0.007748
-0.000780,0.005629,0.004594
0.000279,0.015221,0.005718
-0.000601,0.016299,0.004673
-0.000495,0.015244,0.003617
0.001551,0.014189,0.002546
0.000634,0.011007,0.000375
0.000677,0.007803,0.000355
0.000712,0.007813,-0.000713
-0.001199,0.003516,0.002446
-0.000195,0.005660,0.001397
-0.002112,0.003504,0.003514
0.000850,0.001348,0.005611
-0.001066,0.002418,0.005626
-0.002975,-0.001829,0.003481
-0.002004,-0.001799,0.000284
-0.001051,-0.007165,0.003442
-0.001100,-0.016747,0.001228
-0.000235,-0.027396,-0.000973
-0.000400,-0.032708,-0.003121
-0.001555,-0.036967,-0.004233
-0.001764,-0.035936,-0.001082
0.000994,-0.026297,-0.004147
-0.000094,-0.017773,-0.003017
-0.000164,-0.008169,-0.002933
-0.000184,0.004638,-0.002822
-0.000168,0.013185,-0.003815
0.000883,0.020646,-0.002690
0.000014,0.020636,-0.001629
0.000108,0.017420,-0.000608
0.000189,0.012075,0.000427
0.001192,0.005694,-0.001752
0.000237,-0.000728,0.000335
-0.000749,-0.002884,0.002403
-0.000778,-0.002884,0.002403
0.000201,-0.001852,0.005589
-0.001732,-0.004018,0.008754
-0.001697,-0.000817,0.008782
0.000305,0.002406,0.006681
-0.000625,0.003451,0.008827
-0.000555,0.005627,0.004587
0.000466,0.004540,0.006692
-0.001443,0.000325,0.001357
0.000522,0.000325,0.001357
-0.000494,-0.006024,-0.004004
-0.000523,-0.003887,-0.003979
-0.000582,-0.003887,-0.003972
0.001320,0.000403,-0.006071
-0.001604,0.005696,-0.001774
0.001345,0.012072,0.000385
0.000453,0.018444,0.003638
0.000587,0.021630,0.005800
0.000729,0.028011,0.007978
-0.000084,0.022671,0.007947
-0.001894,0.019426,0.012142
-0.000784,0.013048,0.009999
-0.000679,0.006635,0.011004
-0.001591,0.001313,0.009916
-0.002537,-0.001879,0.008813
-0.002520,-0.002916,0.005615
-0.000564,-0.006096,0.003465
-0.000587,-0.008232,0.003418
0.001339,-0.006086,0.002390
0.000345,-0.008201,0.000229
0.000279,-0.008158,-0.004009
0.001206,-0.007099,-0.002946
-0.000824,-0.003844,-0.008223
0.001065,-0.003816,-0.011405
0.001978,-0.004872,-0.012468
-0.000033,-0.002756,-0.010322
-0.000092,-0.002745,-0.011376
-0.000158,-0.001720,-0.007108
0.000785,-0.000664,-0.006038
0.000766,-0.000710,-0.001800
0.000767,0.002458,0.001404
-0.001158,0.004563,0.004605
-0.000141,0.006666,0.007814
-0.001024,0.007711,0.009938
0.000049,0.006634,0.010997
0.000107,0.003435,0.010968
0.001151,-0.001858,0.006684
-0.000791,-0.005050,0.005589
-0.000814,-0.009276,0.001308
0.001084,-0.016714,-0.001948
0.000004,-0.015605,-0.006182
0.000862,-0.015593,-0.007258
0.002709,-0.008112,-0.008247
0.001676,-0.001710,-0.008191
-0.000295,0.007860,-0.004951
0.000712,0.016356,-0.000619
-0.000150,0.023805,0.001575
-0.000013,0.029097,0.005873
0.001132,0.030155,0.006964
-0.001613,0.030154,0.006979
-0.000478,0.021595,0.009020
-0.001329,0.011983,0.009996
-0.000270,0.004503,0.010998
-0.001167,0.000202,0.014151
-0.000143,-0.003010,0.015177
-0.001065,-0.004056,0.013039
-0.001027,-0.006169,0.010898
-0.001027,-0.007228,0.009807
-0.001017,-0.002938,0.007723
-0.000030,-0.001807,0.001373
-0.001016,-0.003889,-0.003957
-0.000080,-0.003859,-0.007139
0.000811,-0.007018,-0.011404
0.000725,-0.008060,-0.013544
0.000604,-0.009161,-0.010384
-0.000475,-0.010217,-0.011433
0.001373,-0.012406,-0.006160
-0.001618,-0.009303,0.003417
0.000303,-0.012493,0.002335
-0.002640,-0.013633,0.009752
-0.000705,-0.013707,0.017179
-0.000681,-0.013748,0.021430
0.000338,-0.011645,0.024631
0.000405,-0.004176,0.024690
0.002453,-0.000986,0.025772
-0.000366,-0.001988,0.019410
0.000703,-0.000900,0.017291
-0.001207,-0.004006,0.007714
-0.001185,-0.007163,0.003463
-0.000236,-0.012466,0.000218
-0.000297,-0.012444,-0.001897
-0.001362,-0.015669,0.000198
-0.002428,-0.017750,-0.005133
-0.000566,-0.013495,-0.004026
-0.000649,-0.012450,-0.001909
-0.000722,-0.013471,-0.006156
-0.000813,-0.013504,-0.002987
-0.001855,-0.010311,-0.001906
-0.000928,-0.007098,-0.002932
-0.000966,-0.004986,-0.000784
-0.000020,-0.004986,-0.000777
0.000918,-0.009214,-0.005058
-0.000122,-0.010291,-0.003999
-0.000184,-0.004971,-0.001825
-0.001192,-0.007126,0.000285
-0.001231,-0.008211,0.001310
-0.000283,-0.006097,0.003458
0.000676,-0.008245,0.004494
-0.002268,-0.008204,0.000236
-0.001327,-0.007125,-0.000830
-0.000410,-0.006047,-0.001875
-0.001410,-0.004934,-0.006110
-0.000487,-0.001723,-0.007150
0.000453,-0.000626,-0.010330
-0.000562,0.000411,-0.007110
0.000387,0.001510,-0.010283
0.000348,0.004722,-0.011310
0.001309,0.007890,-0.008119
-0.000626,0.012108,-0.002742
-0.001552,0.012076,0.000419
0.000472,0.017357,0.005757
-0.000372,0.019437,0.011081
-0.001185,0.018348,0.013194
-0.000051,0.012990,0.015270
-0.001879,0.006587,0.015214
-0.001805,0.001289,0.011982
-0.000796,-0.005092,0.009804
0.000175,-0.010366,0.003392
0.000132,-0.009277,0.001294
0.000066,-0.012395,-0.007222
-0.000018,-0.012405,-0.006154
-0.000123,-0.011315,-0.008267
0.000774,-0.008115,-0.008253
-0.000254,-0.000621,-0.010311
-0.001254,0.004682,-0.007088
-0.001255,0.008905,-0.002798
0.000736,0.006740,0.000387
-0.001192,0.006760,-0.001749
-0.001163,0.005693,-0.001758
-0.001143,0.000307,0.003506
-0.000158,-0.000738,0.001375
-0.001134,-0.001807,0.001366
0.000824,0.000326,0.001371
-0.000150,0.001370,0.003517
-0.000120,0.006716,0.002503
0.000887,0.006758,-0.001755
-0.000046,0.008851,0.002521
-0.000005,0.007798,0.001449
0.000024,0.002462,0.001396
0.000025,-0.003944,0.001348
-0.001927,-0.006120,0.005581
-0.000005,-0.008210,0.001317
-0.001990,-0.009277,0.001308
-0.000083,-0.003956,0.002396
-0.000094,-0.001779,-0.001830
0.000864,-0.003911,-0.001842
0.000854,0.000366,-0.002894
0.000831,0.000377,-0.003955
-0.000166,0.001466,-0.006053
0.000788,0.002560,-0.008168
0.000744,0.003628,-0.008152
0.001707,0.004684,-0.007067
0.000741,0.004674,-0.005999
-0.001219,0.003580,-0.003885
-0.001215,0.002513,-0.003894
-0.001223,0.004592,0.001416
-0.002159,0.003526,0.001421
-0.001160,0.002441,0.003532
-0.001126,0.003464,0.007772
-0.000119,-0.002907,0.004533
-0.002046,-0.001851,0.005589
-0.000109,-0.003964,0.003441
0.000859,-0.002885,0.002404
0.000832,-0.008200,0.000228
-0.000198,-0.011379,-0.001915
-0.000265,-0.012471,0.000199
0.000646,-0.012471,0.000199
0.000574,-0.010312,-0.001891
0.001522,-0.001785,-0.000749
-0.001373,0.003526,0.001421
-0.003298,0.004635,-0.002828
-0.000357,0.003559,-0.001791
-0.000342,0.002525,-0.004970
-0.000360,-0.001681,-0.011394
-0.001410,-0.008040,-0.015687
0.001359,-0.016546,-0.018923
0.001201,-0.015511,-0.015738
0.003958,-0.019809,-0.012607
0.002827,-0.017726,-0.007263
-0.000153,-0.008188,-0.000833
-0.000176,0.001353,0.005630
-0.002035,0.010883,0.013148
-0.000900,0.019356,0.019596
-0.001686,0.026815,0.020722
-0.001460,0.035363,0.019736
-0.002173,0.037452,0.023992
0.000067,0.038497,0.026110
0.001344,0.038485,0.027164
-0.000319,0.033183,0.023962
-0.000082,0.022484,0.027051
-0.000842,0.017191,0.022760
0.000310,0.009731,0.021634
0.000429,0.002241,0.023712
-0.001426,0.001214,0.019431
0.000607,0.003348,0.019450
-0.000255,0.005471,0.020530
-0.000121,0.010816,0.019501
0.000034,0.018318,0.016376
0.003138,0.023662,0.015334
0.002326,0.019459,0.008945
-0.000473,0.018403,0.007881
-0.000373,0.016319,0.002566
-0.001275,0.009948,-0.000666
-0.001264,0.007858,-0.004915
-0.001255,0.007869,-0.005969
-0.001259,0.008994,-0.011267
-0.001268,0.011117,-0.010201
-0.002252,0.008983,-0.010212
-0.001272,0.006890,-0.014482
-0.000343,0.000434,-0.009233
0.000574,-0.010329,-0.000857
-0.000448,-0.015712,0.004421
-0.002436,-0.021101,0.009672
-0.003479,-0.027470,0.006454
-0.002614,-0.040243,0.003166
-0.001844,-0.042248,-0.009592
0.001761,-0.050713,-0.017122
0.003376,-0.044207,-0.027717
0.004005,-0.035575,-0.037205
0.003680,-0.020567,-0.044535
0.004350,-0.005564,-0.050792
0.003164,0.010440,-0.050637
0.001052,0.016802,-0.046309
-0.001976,0.027427,-0.040885
-0.002960,0.031549,-0.025959
-0.003873,0.030367,-0.014269
-0.002796,0.028108,-0.001515
-0.002632,0.025793,0.016532
-0.003389,0.014952,0.033422
-0.000230,0.011549,0.053560
0.000061,0.005048,0.063032
0.000401,0.005989,0.075752
0.002746,0.009126,0.082146
0.004165,0.016583,0.083237
0.002676,0.023040,0.078002
0.002177,0.033879,0.061120
-0.001287,0.041529,0.043135
0.001002,0.039620,0.020863
0.001248,0.041968,-0.000332
0.002350,0.034734,-0.023754
0.003314,0.027421,-0.039776
-0.000707,0.014765,-0.054749
-0.001897,0.002011,-0.060186
-0.002210,-0.011898,-0.057151
-0.002567,-0.026870,-0.054099
-0.002949,-0.035481,-0.046740
-0.003326,-0.047348,-0.034124
-0.003678,-0.045330,-0.022435
-0.002022,-0.043311,-0.010717
-0.002238,-0.034873,-0.001092
-0.000421,-0.028511,0.003242
0.000473,-0.020055,0.011803
0.001436,-0.010481,0.015084
0.002479,-0.003028,0.017312
0.001589,0.001239,0.017322
0.003642,0.007638,0.017386
0.001825,0.014073,0.014266
-0.000954,0.018362,0.012196
-0.000812,0.020549,0.006903
-0.001672,0.020648,-0.002641
-0.001593,0.017478,-0.005865
-0.000600,0.011073,-0.005921
0.000374,0.003646,-0.010237
-0.000654,-0.001679,-0.011373
0.001208,-0.008049,-0.014612
0.000123,-0.012245,-0.022076
0.000932,-0.013323,-0.021038
0.000768,-0.010079,-0.025254
-0.000403,-0.011114,-0.028447
-0.001550,-0.008959,-0.030550
-0.001741,-0.010045,-0.028417
-0.000924,-0.009014,-0.025230
-0.001084,-0.008022,-0.017794
0.000748,-0.012342,-0.012527
-0.000347,-0.015616,-0.005114
0.000562,-0.014655,0.005498
0.000546,-0.011550,0.015068
0.001542,-0.008381,0.018286
0.001610,0.000113,0.022598
0.000768,0.007562,0.024778
0.001913,0.018254,0.022735
0.002122,0.028967,0.018599
0.000419,0.040749,0.014471
-0.000288,0.045061,0.010264
-0.001009,0.044089,0.000699
-0.001808,0.036683,-0.005725
-0.000723,0.026076,-0.012177
0.000282,0.010113,-0.016554
-0.001727,-0.006918,-0.020941
0.000039,-0.023971,-0.023219
-0.002150,-0.031464,-0.021183
-0.000452,-0.031480,-0.020134
-0.001659,-0.028334,-0.014829
-0.000872,-0.024103,-0.010549
0.000966,-0.009194,-0.007222
-0.000046,0.000369,-0.002895
-0.000028,0.008918,-0.003867
-0.000948,0.016354,-0.000618
0.000127,0.018446,0.003651
0.001217,0.015191,0.008950
-0.000612,0.011958,0.012105
-0.000519,0.003444,0.009915
-0.002405,-0.004036,0.010910
-0.003358,-0.011515,0.011905
0.000512,-0.017927,0.012924
0.000440,-0.023277,0.013933
-0.000605,-0.021131,0.012904
-0.001656,-0.022164,0.009718
0.000238,-0.018984,0.011868
0.000226,-0.005093,0.009847
0.000265,0.004533,0.007809
0.001310,0.013101,0.004679
0.000421,0.010892,0.012088
0.001507,0.009842,0.011079
-0.005190,0.004377,0.024943
-0.001152,-0.015071,0.050469
0.000898,-0.045273,0.084409
-0.012570,-0.068063,0.124793
-0.020055,-0.101984,0.209537
-0.018594,-0.148039,0.333521
-0.021615,-0.228113,0.445595
-0.039331,-0.355229,0.565635
-0.029087,-0.521688,0.674041
-0.013366,-0.720006,0.874665
-0.013003,-0.855332,0.748384
-0.011730,-0.984832,0.783207
-0.045233,-1.070657,0.828126
-0.038037,-1.112809,0.881970
-0.014394,-1.116413,0.923495
-0.010446,-1.169518,1.007133
-0.013626,-1.283408,1.087245
0.001036,-1.858464,1.397331
0.022600,-1.904133,1.049116
-0.017205,-2.428689,1.219654
-0.017239,-2.873650,1.216176
-0.006141,-3.433715,1.195617
-0.022030,-3.886688,1.138917
-0.039013,-4.137111,1.102906
-0.069223,-4.163160,1.042479
-0.072412,-4.098194,0.949706
-0.054233,-3.886752,0.828237
-0.032664,-3.645575,0.718383
0.018306,-3.298676,0.600803
0.044081,-2.743122,0.534855
0.056612,-2.142898,0.484201
0.068541,-1.527847,0.445362
0.092983,-1.054666,0.401268
0.095302,-0.767990,0.332326
0.084711,-0.646740,0.264047
0.071292,-0.685574,0.198953
0.036147,-0.898517,0.151791
0.013144,-1.182564,0.064769
-0.015613,-1.492501,0.002640
-0.020171,-1.785401,-0.057369
-0.005529,-1.920220,-0.130936
-0.012110,-1.929619,-0.153579
-0.014692,-1.824941,-0.164565
-0.035557,-1.499695,-0.141924
0.006822,-1.192078,-0.167935
0.012961,-0.758066,-0.134593
-0.012808,-0.336744,-0.114240
0.008281,0.099345,-0.076843
0.006765,0.369807,-0.019754
0.033185,0.668432,-0.006108
0.052139,1.345504,0.052577
0.006409,1.961943,0.092854
0.021886,2.697944,0.125145
0.023776,3.252445,0.167926
0.047725,3.756224,0.160357
0.059877,4.195804,0.171533
0.089587,4.521270,0.175471
0.108798,4.736863,0.171772
0.103906,4.854154,0.181181
0.099702,5.033295,0.195411
0.078595,5.109830,0.226983
0.094619,4.956371,0.207914
0.096695,4.673971,0.167317
0.086046,4.310429,0.131504
0.076660,3.748389,0.097396
0.061208,3.057343,0.049269
0.047351,2.328961,0.000982
0.013971,1.602481,-0.023896
0.006529,0.949958,-0.079905
-0.003536,0.365281,-0.091976
-0.012747,-0.103276,-0.085216
-0.020182,-0.380826,-0.078083
-0.037341,-0.456974,-0.041720
-0.034119,-0.436990,-0.012973
-0.025522,-0.319999,0.024918
-0.022928,-0.159179,0.055855
-0.018356,0.025161,0.082710
-0.021590,0.151037,0.086749
-0.007822,0.190623,0.075235
0.005173,0.213181,0.060592
0.008230,0.162177,0.036595
0.015732,0.063485,-0.019507
0.019574,-0.065276,-0.056716
0.022637,-0.178108,-0.086407
0.019274,-0.269837,-0.091432
0.041409,-0.472257,-0.123682
0.046793,-0.677082,-0.131831
0.041976,-0.889137,-0.163246
0.037168,-0.973667,-0.141750
0.012713,-0.919491,-0.116956
0.010434,-0.721357,-0.079017
0.015200,-0.534765,-0.062643
-0.003876,-0.270676,-0.007628
-0.019197,0.042758,0.026029
-0.013079,0.332842,0.046684
-0.043294,0.577434,0.133792
-0.062354,0.771885,0.220621
-0.026007,0.817137,0.287115
0.000707,0.766116,0.374975
-0.021713,0.668679,0.515569
0.010777,0.571624,0.620303
-0.006091,0.353799,0.743164
-0.038104,0.058427,0.827974
-0.080403,-0.151643,0.918628
-0.133641,-0.311251,0.978929
-0.148899,-0.509626,0.966634
-0.124418,-0.685848,0.872710
-0.097254,-0.848229,0.782097
-0.047993,-1.056742,0.716679
-0.007747,-1.209945,0.667377
0.020694,-1.298217,0.635717
0.052544,-1.304033,0.576134
0.063869,-1.269440,0.530636
0.048087,-1.178390,0.495112
0.017172,-1.082327,0.491430
0.012205,-0.983678,0.443274
0.013671,-0.894702,0.401324
0.000049,-0.785980,0.412599
0.015464,-0.633198,0.394716
0.048787,-0.428248,0.390148
0.039483,-0.271921,0.445657
0.034877,-0.169800,0.480697
0.031258,0.030647,0.500597
0.005670,0.232243,0.512006
-0.003024,0.393476,0.503864
-0.013611,0.549219,0.511618
-0.023193,0.709556,0.486511
0.007094,0.787875,0.445918
0.020092,0.814710,0.430202
0.026147,0.779792,0.401322
0.046453,0.709758,0.361484
0.043862,0.637556,0.323633
0.037507,0.466120,0.284977
0.044514,0.230877,0.223403
0.039221,-0.013978,0.161690
0.028568,-0.210787,0.098288
0.021600,-0.397919,0.026358
0.004873,-0.550944,-0.042208
-0.005941,-0.669956,-0.096641
-0.004628,-0.727982,-0.166465
0.010158,-0.722949,-0.245261
0.018308,-0.680869,-0.294028
0.013323,-0.564380,-0.312380
0.015894,-0.458460,-0.340271
0.029055,-0.336547,-0.365809
0.032330,-0.207861,-0.321181
0.041226,-0.086382,-0.301984
0.065553,0.014858,-0.286078
0.056501,0.125675,-0.268056
0.030602,0.247277,-0.261633
-0.003187,0.385080,-0.274168
-0.025335,0.498524,-0.306085
-0.039938,0.589815,-0.363662
-0.055951,0.667484,-0.446922
-0.081288,0.719555,-0.532602
-0.111312,0.736218,-0.600649
-0.131620,0.724883,-0.644682
-0.129719,0.705842,-0.665494
-0.094835,0.696484,-0.693559
-0.035807,0.649678,-0.711271
0.022664,0.549413,-0.719962
0.122632,0.595286,-0.722091
0.186268,0.726019,-0.777464
0.284425,0.786601,-0.858605
0.286075,0.754184,-0.925820
0.236252,0.630933,-0.981159
0.170825,0.515211,-1.041605
0.102734,0.460609,-1.131240
0.039255,0.509781,-1.247808
-0.015211,0.664520,-1.356082
-0.011507,0.836785,-1.400218
0.026088,1.018354,-1.412256
0.062344,1.160879,-1.363144
0.085482,1.307595,-1.306545
0.099360,1.391132,-1.227011
0.109519,1.443818,-1.157274
0.103048,1.422825,-1.084020
0.090193,1.304777,-1.018106
0.067622,1.080248,-0.976507
0.038429,0.566193,-0.908154
-0.000473,0.077213,-0.995177
-0.095094,-0.220477,-0.999692
-0.142618,-1.168916,-1.256638
-0.589795,-1.043803,-1.165257
-0.478454,-1.171928,-1.238579
-0.273989,-0.770208,-1.076681
-0.032875,-0.637200,-0.932424
0.110067,-0.600791,-0.936456
0.114276,-0.335230,-1.025418
0.069140,-0.315276,-0.889749
0.022668,-0.248931,-0.907180
-0.007206,-0.186627,-0.945725
-0.028806,-0.035776,-0.876490
-0.044596,0.104472,-0.813666
-0.037089,0.218086,-0.755299
-0.022923,0.291637,-0.641187
-0.013002,0.329222,-0.558093
-0.008446,0.319959,-0.484883
-0.001881,0.276594,-0.417324
-0.004169,0.214207,-0.367894
-0.008592,0.126028,-0.300657
-0.015161,0.039950,-0.230189
-0.010187,-0.041747,-0.170261
-0.007300,-0.113720,-0.121942
-0.006506,-0.168560,-0.079853
-0.004821,-0.200900,-0.047143
-0.004102,-0.209644,-0.025915
-0.003258,-0.198143,-0.001334
-0.001261,-0.169476,0.013821
0.001956,-0.135400,0.021609
0.003441,-0.102315,0.021953
0.004081,-0.064842,0.010621
0.000964,-0.027328,-0.006098
0.003816,0.005913,-0.021717
0.000883,0.030669,-0.042744
-0.000112,0.042597,-0.061753
0.004682,0.049255,-0.087161
0.002569,0.050451,-0.099891
0.001392,0.049483,-0.109408
0.000166,0.044212,-0.115778
-0.000164,0.032519,-0.120076
-0.004462,0.022950,-0.123316
-0.002930,0.017595,-0.121219
-0.002410,0.005792,-0.114941
-0.001921,-0.003821,-0.113937
-0.005322,0.006849,-0.113892
-0.002818,0.022756,-0.104245
-0.004066,0.050361,-0.090259
-0.002142,0.087537,-0.072998
0.000090,0.135393,-0.056740
-0.001266,0.178981,-0.040498
-0.000378,0.216091,-0.016871
-0.001189,0.249084,-0.008135
-0.001839,0.267193,-0.004815
-0.002411,0.277765,0.004778
0.000021,0.285178,0.010107
0.005373,0.279840,0.010033
0.001905,0.277678,0.012089
0.004287,0.272287,0.017320
0.003738,0.276481,0.024770
0.006174,0.278530,0.033269
0.002788,0.277460,0.033268
0.001335,0.263579,0.034236
0.002750,0.249737,0.032032
0.001079,0.224260,0.019152
0.001162,0.185980,0.005060
0.004879,0.135859,0.001473
0.005382,0.077235,-0.005364
-0.001259,0.020725,-0.010040
-0.003283,-0.027186,-0.021021
-0.001697,-0.066560,-0.031934
-0.000312,-0.094208,-0.041712
0.000909,-0.110088,-0.054598
0.003033,-0.118607,-0.056821
0.000250,-0.110104,-0.053592
-0.002440,-0.097381,-0.044993
-0.000098,-0.076136,-0.035285
-0.000543,-0.051633,-0.031920
-0.000864,-0.033558,-0.025416
-0.003007,-0.014437,-0.015688
-0.002108,-0.000680,-0.003875
0.000846,0.006683,0.006807
-0.001984,0.006598,0.015302
-0.002833,0.002276,0.020584
-0.002739,-0.008426,0.023681
-0.002712,-0.023296,0.017182
-0.000842,-0.036048,0.011772
-0.001012,-0.048772,0.003160
0.000663,-0.054033,-0.004321
0.000345,-0.064667,-0.008670
0.001903,-0.066747,-0.013973
0.001519,-0.066718,-0.017191
0.001125,-0.062471,-0.015038
0.002740,-0.055030,-0.011777
0.001462,-0.051870,-0.007491
-0.000768,-0.048714,-0.003197
-0.000009,-0.046601,-0.001056
-0.001178,-0.041294,0.002193
-0.001334,-0.039202,0.006456
0.000458,-0.038114,0.004329
-0.002628,-0.039138,0.000083
0.000098,-0.038001,-0.007376
-0.001113,-0.036881,-0.012686
-0.000409,-0.041076,-0.020164
-0.000711,-0.038881,-0.026546
-0.001046,-0.043075,-0.034046
-0.000443,-0.040920,-0.036163
0.000158,-0.045179,-0.037261
0.000712,-0.050492,-0.039423
-0.000663,-0.049518,-0.029873
-0.000067,-0.053947,-0.014009
-0.001332,-0.054108,0.001935
-0.004504,-0.054172,0.008308
0.001124,-0.057458,0.016783
-0.000032,-0.060722,0.023141
0.000768,-0.054354,0.026374
0.000634,-0.044765,0.027471
0.002487,-0.037293,0.027514
0.001482,-0.026550,0.020153
0.001439,-0.018964,0.008547
-0.001524,-0.011428,0.002274
-0.002534,-0.004996,0.000234
-0.001577,-0.000693,-0.002877
-0.000609,0.004608,0.000389
-0.000572,0.004577,0.003586
-0.001503,0.001240,0.017343
0.001536,0.001073,0.033161
0.001707,0.008248,0.060648
-0.001826,0.019694,0.088135
-0.003211,0.025919,0.105056
-0.000639,0.015266,0.102792
0.003763,-0.000646,0.093068
0.005054,-0.026195,0.086451
0.003243,-0.059221,0.080871
0.000259,-0.096418,0.065746
-0.001005,-0.135795,0.055969
0.000402,-0.170873,0.043061
0.000611,-0.196339,0.029170
0.001649,-0.210085,0.017495
0.000658,-0.204570,0.000691
-0.000389,-0.193732,-0.015041
-0.001418,-0.170129,-0.026411
-0.001375,-0.141251,-0.032504
-0.001154,-0.104969,-0.032201
0.001196,-0.068702,-0.030886
0.000819,-0.035681,-0.025368
-0.000361,-0.016587,-0.014694
-0.002392,-0.007086,-0.005151
-0.002427,-0.010388,0.004315
-0.000531,-0.017925,0.010581
-0.000564,-0.028714,0.022152
0.000341,-0.045871,0.030490
-0.000746,-0.055546,0.037882
0.001063,-0.066238,0.039946
0.002828,-0.070523,0.042086
-0.000252,-0.063038,0.041132
-0.000394,-0.055575,0.042313
-0.000472,-0.040636,0.042466
-0.003369,-0.030999,0.039387
-0.000404,-0.019206,0.034192
-0.000312,-0.004257,0.033247
0.000812,0.009647,0.030164
0.000031,0.013946,0.026998
0.000234,0.018302,0.018546
0.000395,0.021566,0.012194
-0.002390,0.020574,0.004744
-0.001285,0.016347,0.000448
0.000748,0.017435,-0.001650
-0.000179,0.007832,-0.001713
-0.000167,-0.003903,-0.001795
-0.001226,-0.022086,0.002311
-0.000418,-0.043410,-0.000017
-0.000673,-0.058360,0.000913
-0.000981,-0.068008,0.005074
-0.000350,-0.063760,0.007247
0.000347,-0.060582,0.009355
-0.000864,-0.054233,0.014716
-0.000088,-0.048898,0.014756
-0.000254,-0.047831,0.014758
0.002481,-0.048834,0.008368
0.002286,-0.049891,0.007298
0.001059,-0.050934,0.005180
0.000810,-0.051958,0.000934
0.001495,-0.054074,-0.001199
0.001210,-0.058342,-0.001229
-0.000064,-0.056240,0.001980
-0.000348,-0.060506,0.001970
-0.002579,-0.062694,0.007264
-0.001922,-0.075536,0.011465
-0.000287,-0.075550,0.012491
-0.001603,-0.075603,0.017803
-0.000918,-0.061799,0.024250
-0.001108,-0.051194,0.030681
-0.001185,-0.039559,0.041371
-0.001161,-0.030010,0.046732
-0.001082,-0.028944,0.046728
-0.001035,-0.028881,0.040348
-0.001046,-0.039479,0.032821
0.000830,-0.049010,0.025282
0.000636,-0.059567,0.013512
0.003251,-0.061583,0.001829
0.001897,-0.071090,-0.007804
0.001479,-0.064602,-0.016236
0.000131,-0.044232,-0.025601
-0.000180,-0.021864,-0.021147
0.000647,-0.000570,-0.015629
0.001630,0.018606,-0.012292
0.001722,0.032426,-0.006852
-0.001974,0.040857,0.003846
-0.002698,0.042945,0.008118
-0.003382,0.038591,0.016562
-0.000179,0.027837,0.024962
0.000032,0.017135,0.028059
-0.000764,0.001099,0.031115
-0.000652,-0.011738,0.034186
0.000395,-0.022414,0.034102
0.002351,-0.029873,0.032976
0.001318,-0.041567,0.028621
-0.000747,-0.040425,0.021211
-0.001833,-0.036144,0.020172
-0.002904,-0.029730,0.019174
-0.000028,-0.013672,0.014009
-0.000023,-0.001893,0.009847
0.000045,0.012015,0.006784
-0.000832,0.020615,0.000486
-0.000719,0.024949,-0.005822
0.000346,0.027136,-0.011115
0.001422,0.023968,-0.014305
0.000511,0.019689,-0.013282
-0.001388,0.018588,-0.010093
-0.001355,0.011078,-0.005887
-0.001324,0.005700,-0.001690
-0.000332,-0.000744,0.002512
-0.001282,-0.006132,0.007778
-0.002267,-0.012567,0.010905
-0.000363,-0.020051,0.011880
-0.001382,-0.017948,0.015096
-0.000435,-0.019055,0.019308
-0.000468,-0.022259,0.019246
0.000478,-0.017938,0.014007
-0.001481,-0.007257,0.013032
0.000497,0.004586,0.002518
-0.000404,0.053069,-0.042637
0.007425,0.038875,-0.010984
0.007570,0.043271,-0.023686
0.001843,0.025316,-0.042983
-0.006034,0.022165,-0.048351
-0.005212,0.009371,-0.049524
0.004347,-0.006625,-0.050718
0.003087,-0.025859,-0.047691
-0.006070,-0.036582,-0.042451
-0.007435,-0.035637,-0.030755
-0.003819,-0.026148,-0.018965
-0.002045,-0.017671,-0.012526
-0.000187,-0.000630,-0.009200
0.000775,0.007872,-0.005942
-0.002088,0.020695,-0.008000
-0.000048,0.030374,-0.015365
0.001035,0.032550,-0.019611
0.000125,0.029432,-0.028141
0.002095,0.033764,-0.034477
0.002136,0.039131,-0.037620
0.001212,0.048738,-0.037501
-0.000654,0.050893,-0.039619
-0.002510,0.050908,-0.040631
-0.001434,0.050869,-0.036382
0.000632,0.044394,-0.028983
0.000727,0.034733,-0.023753
-0.000175,0.027229,-0.020656
-0.000146,0.019749,-0.019661
-0.002076,0.016492,-0.014411
-0.000119,0.015417,-0.013368
0.000890,0.018606,-0.012299
-0.001012,0.020736,-0.012301
0.000046,0.029274,-0.012219
-0.000800,0.039893,-0.006821
-0.001614,0.039882,-0.005760
0.000512,0.039927,-0.009991
-0.001259,0.041006,-0.011022
-0.000121,0.039951,-0.012071
0.000039,0.034562,-0.006813
0.000191,0.032428,-0.006846
0.000310,0.026006,-0.004752
-0.001526,0.023808,0.001603
-0.000460,0.020617,0.000507
0.000629,0.021662,0.002645
-0.001168,0.025909,0.004812
-0.000031,0.032289,0.006976
0.000189,0.039747,0.008081
-0.000556,0.041913,0.004924
0.000660,0.048369,-0.000325
0.000915,0.050557,-0.005618
0.001149,0.050579,-0.007727
0.000371,0.046362,-0.013061
0.002476,0.037857,-0.016319
0.000621,0.034701,-0.020592
0.000703,0.026185,-0.022795
-0.002192,0.018716,-0.022847
-0.000283,0.012345,-0.026086
-0.002309,0.009180,-0.029298
-0.001426,0.008058,-0.024016
-0.000526,0.007029,-0.028260
0.000359,0.009162,-0.028249
0.001275,0.012331,-0.025045
0.000257,0.009077,-0.019761
-0.000744,0.007969,-0.015534
0.001175,0.003691,-0.014496
0.000149,-0.000589,-0.013479
-0.001865,-0.010226,-0.010394
-0.001002,-0.014517,-0.008288
-0.001091,-0.014528,-0.007227
-0.001206,-0.010270,-0.006150
-0.001278,-0.006001,-0.006105
-0.002298,-0.001732,-0.006075
-0.001347,-0.000644,-0.008188
0.000556,0.000435,-0.009226
-0.000451,-0.001700,-0.009265
-0.000540,-0.006983,-0.014603
-0.000642,-0.014473,-0.012539
0.000194,-0.018742,-0.012577
0.000054,-0.016618,-0.011504
-0.000092,-0.017684,-0.011514
0.001741,-0.013438,-0.009368
0.000684,-0.008168,-0.002962
-0.000337,0.000381,-0.003935
0.001609,0.008919,-0.003860
-0.002229,0.018457,0.002569
-0.001115,0.023782,0.003684
0.000995,0.024796,0.008998
0.002136,0.023693,0.012166
-0.000605,0.021549,0.013229
-0.000474,0.017315,0.010008
-0.001312,0.013035,0.011032
-0.000232,0.011962,0.012103
0.001831,0.008812,0.006757
-0.001039,0.005642,0.003539
-0.000015,0.009910,0.003569
0.000077,0.011982,0.009953
0.001121,0.014128,0.008918
0.000271,0.014104,0.011033
-0.001559,0.015151,0.013179
-0.000450,0.010861,0.015270
0.000659,0.009826,0.012071
0.000737,0.006626,0.012050
-0.000161,0.006636,0.010982
0.000892,0.006688,0.005677
-0.000027,0.006708,0.003542
0.000993,0.004562,0.004591
0.000992,-0.002845,-0.001854
-0.000001,-0.003910,-0.001857
-0.001030,-0.007100,-0.002946
-0.003022,-0.007089,-0.004007
-0.002107,-0.010257,-0.007204
-0.001207,-0.009181,-0.008269
-0.000299,-0.009203,-0.006147
0.001584,-0.005980,-0.008234
-0.000426,-0.000654,-0.007113
-0.000460,0.001446,-0.003932
0.000501,0.002502,-0.002868
0.000509,0.004646,-0.003896
0.001481,0.003612,-0.007075
0.000504,0.003532,0.001404
0.000521,0.004611,0.000366
0.000546,0.004606,0.000361
-0.001367,0.007797,0.001450
-0.001317,0.006698,0.004609
-0.000274,0.009858,0.008895
0.000785,0.006631,0.010984
0.001840,0.006631,0.010991
-0.001002,0.003463,0.007772
-0.000961,0.001328,0.007747
0.001018,-0.002957,0.009830
0.002006,-0.001869,0.007710
0.002001,0.000306,0.003492
0.000088,0.009932,0.001454
-0.000793,0.017403,0.001519
-0.001673,0.024883,0.000516
0.000421,0.027005,0.001603
-0.000393,0.028074,0.001627
-0.002186,0.023792,0.002644
-0.001084,0.018457,0.002605
-0.000998,0.010980,0.003613
0.000012,0.002442,0.003525
