0.010379,-1.058848,0.503933
-0.050158,-0.689047,0.343437
-0.032460,-0.231307,-0.113777
0.009166,0.145754,-0.287903
-0.025301,0.473671,-0.181727
-0.001025,0.901567,0.169143
-0.030112,1.105386,0.571412
-0.054522,1.225795,0.745434
-0.005149,1.366904,0.973601
-0.056043,1.324813,0.043339
0.070969,0.991106,-0.316181
0.166059,0.369929,-0.523645
0.161760,-0.111495,-0.507423
0.082132,-0.276986,-0.297684
-0.015679,-0.286638,-0.135888
-0.047339,-0.205390,-0.039719
-0.136176,-0.450878,-0.145887
-0.079428,-0.659773,-0.304852
0.015584,-0.817064,-0.283099
0.060303,-1.025054,-0.479985
0.120128,-1.227147,-0.035097
0.062813,-1.129946,0.365689
0.013024,-0.914558,0.597338
-0.025683,-0.545701,0.431282
-0.013812,-0.193161,-0.077133
0.022217,0.089830,-0.336048
-0.011957,0.418062,-0.472968
0.015036,0.968713,0.011310
-0.024548,1.296548,0.670595
-0.079512,1.512097,0.860668
-0.021746,1.673726,0.940206
-0.010487,1.509803,-0.119941
0.097511,0.898738,-0.374663
0.125738,0.324741,-0.557228
0.129587,-0.191697,-0.470008
0.080814,-0.402980,-0.318417
0.016065,-0.432310,-0.214823
-0.022687,-0.326342,-0.125185
-0.112733,-0.395098,-0.182778
-0.143160,-0.667645,-0.354763
-0.032174,-0.966251,-0.395417
0.074320,-1.187713,-0.641571
0.165230,-1.378319,-0.193832
0.086039,-1.300189,0.344136
0.002206,-0.987856,0.707406
-0.045659,-0.490635,0.439135
-0.028814,0.010455,-0.065469
-0.019470,0.460229,-0.267668
-0.053197,0.997560,-0.087547
-0.023527,1.497013,0.368004
-0.033163,1.746241,0.870208
-0.056537,1.680007,0.969524
-0.017030,1.544490,0.677615
-0.039192,1.192307,-0.233738
0.114900,0.527475,-0.412542
0.151747,-0.123654,-0.571963
0.137221,-0.473968,-0.391458
0.042775,-0.600993,-0.209761
-0.016639,-0.554654,-0.136650
-0.041803,-0.392718,-0.109492
-0.162795,-0.609636,-0.278236
-0.061971,-0.775060,-0.392175
0.020827,-0.984008,-0.645828
0.062674,-1.291347,-0.368807
0.085610,-1.308895,0.011927
0.056617,-1.106991,0.409084
-0.011394,-0.754301,0.511396
-0.040613,-0.324362,0.189704
-0.015177,0.098194,-0.085219
-0.027477,0.484828,-0.138275
-0.019094,0.912784,0.114477
-0.020900,1.200554,0.524649
-0.066901,1.272592,0.722188
-0.047744,1.247351,0.833944
-0.038386,1.149247,0.365789
-0.026272,0.894086,-0.397411
0.128099,0.324248,-0.487962
0.130448,-0.243305,-0.551705
0.106007,-0.502723,-0.385576
0.028939,-0.516793,-0.185777
-0.041283,-0.417603,-0.041877
-0.143905,-0.512936,-0.099960
-0.116856,-0.526420,-0.479686
0.003861,-0.705370,-0.535379
0.062279,-1.084085,-0.444035
0.070580,-1.250953,-0.058483
0.072631,-1.068019,0.468272
0.017738,-0.727110,0.710388
-0.047845,-0.339718,0.373334
-0.033102,-0.082735,-0.115191
0.005667,0.116294,-0.313300
-0.011901,0.403294,-0.186637
-0.013514,0.729012,0.276327
-0.080954,0.897101,0.667434
-0.107547,1.132436,0.706613
-0.045459,1.279286,0.746916
-0.089467,1.216902,-0.026945
0.015627,1.027527,-0.658227
0.156898,0.386098,-0.776327
0.172369,-0.174848,-0.726899
0.131564,-0.422128,-0.428202
0.019763,-0.459218,-0.029686
-0.136142,-0.595778,-0.011047
-0.155732,-0.728681,-0.258518
-0.045428,-1.123180,-0.565305
0.037421,-1.523678,-0.649044
0.119826,-1.572762,-0.332572
0.108581,-1.422021,0.194383
0.000622,-1.126689,0.609605
-0.073625,-0.592847,0.325068
-0.041921,-0.064640,-0.121194
-0.033514,0.315779,-0.309357
-0.021820,0.663943,-0.106018
-0.044789,0.823380,0.330996
-0.063176,0.917035,0.565307
-0.006489,0.884145,0.525130
0.016178,0.770623,0.501528
-0.089091,0.610525,-0.282023
0.032404,0.202881,-0.485884
0.143330,-0.209640,-0.570021
0.170164,-0.457148,-0.411564
0.061393,-0.532329,-0.202120
-0.020752,-0.434794,-0.113869
-0.097669,-0.418045,-0.174237
-0.169767,-0.757324,-0.372140
-0.087513,-1.100401,-0.651832
0.021586,-1.221913,-0.522841
0.073003,-1.106183,-0.243884
0.058443,-0.921121,0.131609
-0.009198,-0.652203,0.381025
-0.077722,-0.383247,0.193192
-0.068593,-0.184600,-0.144755
-0.038067,-0.084078,-0.421961
0.029447,0.019657,-0.342537
0.028955,0.118663,0.066788
-0.031104,0.388378,0.393260
-0.014364,0.625231,0.591639
-0.079477,0.699552,0.161668
-0.086950,0.451754,-0.348795
0.084552,0.057203,-0.503107
0.196561,-0.294841,-0.377009
0.155148,-0.481613,-0.033385
0.028024,-0.403132,0.142854
-0.062244,-0.146398,0.115138
-0.125393,-0.128035,-0.083308
-0.128166,-0.353494,-0.256298
-0.042103,-0.472381,-0.469856
0.029165,-0.401575,-0.245043
0.013169,-0.315503,0.027857
-0.059460,-0.277951,0.176507
-0.087625,-0.272909,0.099228
-0.041184,-0.252057,-0.098374
0.005277,-0.187146,-0.229816
0.031724,0.025224,-0.151018
0.039893,0.231201,0.046579
0.044655,0.403683,0.343281
-0.002911,0.515551,0.521087
-0.051167,0.643429,0.550860
-0.065746,0.545466,0.082336
-0.020886,0.169174,-0.218198
0.099455,-0.275926,-0.358304
0.093451,-0.537886,-0.303729
0.020161,-0.555873,-0.195866
-0.053378,-0.405038,-0.207074
-0.073893,-0.469566,-0.241521
-0.088723,-0.706926,-0.280668
-0.030280,-0.675311,-0.466914
0.023286,-0.493456,-0.263305
-0.008283,-0.335503,-0.054598
-0.023620,-0.242414,0.109036
-0.054012,-0.266435,0.167778
-0.027389,-0.320043,0.086759
0.005047,-0.388288,-0.040147
0.014699,-0.238910,-0.057666
0.024479,0.109926,0.020519
0.039515,0.466497,0.223226
0.007662,0.822316,0.430326
-0.034096,1.042489,0.548055
-0.074911,1.244603,0.460079
-0.098712,1.006286,-0.173040
0.070190,0.509482,-0.354856
0.151432,-0.070288,-0.307641
0.098303,-0.387045,-0.184572
-0.024655,-0.495103,-0.094817
-0.082772,-0.674772,-0.039873
-0.069984,-0.635199,-0.128325
-0.011142,-0.518931,-0.229364
0.009324,-0.326039,-0.218704
-0.004360,-0.061972,-0.064714
-0.035947,0.162364,0.119915
-0.062868,0.289604,0.182727
-0.045785,0.255504,0.142576
-0.003167,0.151585,0.060500
0.033885,0.161003,0.050611
0.062884,0.265676,0.122014
0.053784,0.307824,0.277164
-0.030799,0.278584,0.348106
-0.071316,0.267771,0.287026
-0.039145,0.242567,0.057401
0.025488,0.023457,-0.271917
0.072969,-0.072083,-0.424285
0.018568,-0.122023,-0.339855
-0.024926,-0.025414,-0.168661
-0.035987,0.033366,-0.075664
-0.001379,-0.097589,-0.033972
-0.005225,-0.311392,0.067708
-0.024421,-0.423368,0.157560
-0.015749,-0.435966,0.131811
0.042599,-0.215855,0.194277
0.054970,0.002677,0.341732
-0.052853,0.123441,0.357963
-0.109175,0.264301,0.208897
-0.057907,0.250447,-0.046799
0.012265,0.125547,-0.177062
0.020006,0.116664,-0.181456
0.048476,0.221845,-0.086620
0.040268,0.315494,0.176649
-0.056196,0.532125,0.303609
-0.080686,0.725621,0.340588
-0.031765,0.687620,0.286891
-0.029674,0.759851,0.054093
0.033782,0.596954,-0.204831
0.060586,0.506424,-0.252067
0.037774,0.528330,-0.192000
0.007025,0.510900,-0.134739
0.009275,0.309268,-0.101022
-0.048388,-0.319561,-0.116700
-0.035922,-1.032022,-0.149821
0.048451,-1.425649,-0.053446
0.108051,-0.969595,-0.032866
0.066250,-0.608119,0.368318
-0.106013,-0.195040,0.419288
-0.165220,-0.005185,0.161412
-0.097817,-0.001605,-0.165148
-0.001002,-0.021101,-0.284478
0.017737,0.051413,-0.208781
0.046420,0.244769,-0.055697
0.086349,0.458090,0.277900
-0.011476,0.699212,0.554408
-0.094964,0.836463,0.502590
-0.033196,0.901279,0.437275
0.018508,0.713901,0.191575
0.045388,0.479053,-0.021795
0.035575,0.491087,-0.147623
0.012168,0.512639,-0.199233
0.027254,0.504802,-0.189971
0.029616,0.461945,-0.171053
0.043566,0.344725,-0.129592
-0.031918,-0.327921,-0.158019
-0.050638,-0.939207,-0.157342
-0.018939,-1.370422,-0.139794
0.037858,-1.228457,-0.019824
0.050843,-0.739144,0.203814
-0.059407,-0.376297,0.253517
-0.099963,-0.029400,0.090283
-0.073146,0.271778,-0.132338
-0.026851,0.421671,-0.225451
0.001405,0.563555,-0.135595
0.039116,0.795973,0.069121
0.087454,0.911115,0.456282
-0.015816,0.869242,0.644498
-0.062419,0.888986,0.621297
0.009107,0.600188,0.326751
0.048010,0.324779,0.027654
0.039563,0.228110,-0.200563
-0.015778,0.193000,-0.346155
-0.026137,0.081037,-0.409017
0.014922,-0.006194,-0.335509
0.028908,-0.200581,-0.280225
-0.024697,-0.630910,-0.205725
-0.049453,-1.013770,-0.180285
-0.025697,-1.241431,-0.112223
0.032527,-1.038112,-0.051685
0.079684,-0.586039,0.222256
-0.016803,-0.216252,0.365437
-0.079221,0.183310,0.301711
-0.062464,0.437987,0.050321
-0.013466,0.558507,-0.094563
-0.014539,0.643657,-0.114185
0.017507,0.798974,0.012495
0.063965,0.892325,0.320463
0.012531,0.895597,0.596752
-0.088652,0.783578,0.489409
-0.003636,0.572441,0.355806
0.033825,0.368384,0.055596
0.028965,0.110708,-0.178494
0.032504,0.026284,-0.283121
0.001729,-0.109642,-0.328178
0.011815,-0.036758,-0.254493
0.017805,0.003287,-0.157667
-0.031450,-0.284041,-0.117539
-0.065509,-0.617635,-0.136072
-0.033895,-0.952295,-0.149388
0.013307,-1.044569,-0.051594
0.084773,-0.800339,0.186489
0.051985,-0.423894,0.425970
-0.061417,-0.025901,0.417926
-0.088063,0.334878,0.121266
-0.046406,0.562160,-0.167871
-0.025509,0.758575,-0.197762
-0.033364,0.989760,-0.082219
0.046170,1.114550,0.252621
0.028081,1.164580,0.563281
-0.032710,1.065119,0.620533
-0.016335,0.862964,0.495250
-0.025168,0.422657,-0.042564
0.091563,0.174210,-0.274546
0.099533,-0.041396,-0.361647
0.017926,-0.278774,-0.367618
-0.020799,-0.272621,-0.250127
-0.006293,-0.243474,-0.240300
0.006843,-0.572323,-0.218552
-0.047668,-0.978753,-0.169012
-0.015681,-1.194770,-0.172426
-0.004265,-1.264856,-0.195876
0.058422,-0.995781,-0.013799
0.071052,-0.558914,0.230386
-0.034717,-0.140198,0.401582
-0.111427,0.284313,0.253344
-0.095004,0.616540,0.049539
-0.049640,0.793224,-0.033188
-0.021559,0.886215,-0.067312
0.062861,1.022313,0.066554
0.072632,0.999629,0.360261
0.003622,0.820645,0.510329
-0.041966,0.624392,0.559665
-0.063737,0.340697,0.058349
0.065533,0.123657,-0.237323
0.092180,-0.105311,-0.382345
0.040992,-0.360318,-0.425365
-0.009521,-0.416430,-0.284413
-0.024848,-0.330251,-0.211904
-0.021090,-0.550921,-0.092332
-0.103374,-0.902721,-0.084703
-0.029724,-1.092106,-0.199330
0.066040,-1.080550,-0.179930
0.099209,-0.792416,-0.007757
0.073194,-0.351179,0.275937
-0.020278,0.105358,0.422161
-0.114805,0.568387,0.253064
-0.108776,0.891150,0.035219
-0.069141,1.034954,-0.073410
-0.008000,1.026646,-0.112773
0.081367,0.957777,0.047813
0.056550,0.760619,0.263362
-0.002052,0.505938,0.376013
-0.043575,0.227992,0.348120
-0.073136,0.112359,-0.147931
0.026171,-0.071480,-0.384366
0.131728,-0.357600,-0.460674
0.094745,-0.491313,-0.290833
-0.003796,-0.371841,-0.196638
-0.037341,-0.471569,-0.072096
-0.039109,-0.663175,-0.026143
-0.087054,-0.974495,-0.067850
-0.010870,-1.018157,-0.113083
0.060771,-0.820419,-0.092727
0.092857,-0.440918,0.145067
-0.001264,-0.023643,0.423894
-0.102325,0.438632,0.381215
-0.090423,0.798621,0.166098
-0.055771,0.922028,-0.039298
-0.015651,0.865031,-0.133451
0.023683,0.733838,-0.157725
0.087698,0.532596,0.019658
0.038517,0.306914,0.224796
-0.009660,0.208585,0.262020
-0.029145,0.146206,0.297280
-0.070961,-0.028709,0.071405
0.007875,-0.036197,-0.253869
0.089810,-0.261623,-0.376040
0.073884,-0.149911,-0.315660
-0.020364,-0.036942,-0.179765
-0.030037,-0.007775,-0.148369
-0.007822,-0.105536,-0.098327
-0.053796,-0.332756,-0.052336
-0.053237,-0.557437,-0.030392
-0.008064,-0.739881,-0.024694
0.039586,-0.603406,0.097729
0.072090,-0.255444,0.306828
0.003732,0.046495,0.449304
-0.091068,0.315830,0.288713
-0.051759,0.485403,0.007679
0.013079,0.501429,-0.138304
0.014142,0.438337,-0.137444
0.023224,0.415988,-0.047148
0.031047,0.421829,0.217227
-0.058611,0.466548,0.359750
-0.063481,0.540968,0.535408
-0.063975,0.470675,0.391528
-0.041708,0.320764,-0.118064
0.077461,0.133913,-0.414294
0.097130,0.060777,-0.351710
0.034473,0.093242,-0.302763
0.017188,0.116723,-0.208797
0.022898,0.108366,-0.110332
-0.016367,0.004285,-0.034417
-0.090648,-0.235142,-0.059116
-0.068090,-0.510118,-0.174926
0.007639,-0.726115,-0.237999
0.083664,-0.740568,-0.069617
0.082423,-0.573709,0.246616
0.004256,-0.343848,0.439164
-0.083898,-0.105872,0.282526
-0.056387,0.043817,-0.046762
-0.018058,0.115237,-0.210846
-0.025078,0.166842,-0.165744
0.006245,0.241189,0.077741
0.007000,0.318133,0.412765
-0.070896,0.424252,0.543839
-0.042682,0.511986,0.546065
0.005502,0.499109,0.304209
-0.008922,0.329374,-0.211965
0.073284,0.182849,-0.385249
0.062155,0.189851,-0.464149
0.017353,0.221110,-0.410664
0.006770,0.195679,-0.330120
0.009859,0.147540,-0.177873
-0.060815,-0.111534,-0.166030
-0.099165,-0.526573,-0.247800
0.020981,-0.923373,-0.255763
0.050311,-1.131553,-0.241587
0.069471,-1.057312,0.058647
0.051591,-0.743237,0.371011
-0.045664,-0.351278,0.435857
-0.057347,0.049401,0.191434
-0.027583,0.339093,-0.051813
-0.040822,0.480344,-0.122762
-0.028642,0.642390,-0.016753
0.014867,0.684550,0.243648
-0.000764,0.647974,0.419460
-0.037265,0.523431,0.446879
-0.022845,0.329094,0.351782
-0.007168,0.111110,0.024411
0.013680,-0.030657,-0.310830
0.088847,-0.123477,-0.405441
0.047542,-0.210519,-0.365891
-0.013187,-0.170197,-0.358676
-0.010866,-0.122868,-0.269670
-0.007762,-0.179346,-0.161932
-0.068824,-0.415123,-0.128507
-0.068111,-0.679031,-0.144167
-0.032055,-0.943146,-0.179154
0.044122,-0.910806,-0.084913
0.115960,-0.596673,0.208476
0.028988,-0.209536,0.482502
-0.074191,0.300315,0.475896
-0.079937,0.620462,0.158191
-0.024041,0.749073,-0.057272
-0.029857,0.729902,-0.086811
-0.013968,0.778539,0.033657
0.033710,0.702630,0.384797
-0.036650,0.542905,0.528621
-0.039605,0.398574,0.480348
-0.013341,0.289422,0.290581
-0.023779,0.237606,-0.212746
0.066731,-0.019040,-0.368634
0.096940,-0.204246,-0.438361
0.034348,-0.312080,-0.351621
-0.004147,-0.135689,-0.337371
-0.008315,-0.090377,-0.158047
-0.042580,-0.234968,-0.122318
-0.094551,-0.486309,-0.140378
-0.030244,-0.730122,-0.152258
0.016723,-0.860903,-0.079650
0.075850,-0.736152,0.125957
0.070690,-0.503940,0.404416
-0.011739,-0.199944,0.556526
-0.098455,0.095135,0.330965
-0.045021,0.297317,-0.000508
-0.009419,0.359495,-0.164577
-0.017733,0.388221,-0.175613
0.012083,0.465162,0.009172
-0.023199,0.447078,0.257083
-0.068283,0.480048,0.309937
-0.043086,0.449169,0.304272
-0.031830,0.327237,0.104919
-0.022129,0.265813,-0.283785
0.077861,0.179953,-0.450912
0.081799,0.127155,-0.416555
0.038683,0.102577,-0.418761
0.023959,0.091527,-0.254016
-0.006746,-0.078236,-0.134240
-0.078161,-0.485845,-0.103239
-0.083331,-1.003773,-0.194825
0.010379,-1.477661,-0.279812
0.068546,-1.449129,-0.122313
0.119913,-1.022191,0.201070
0.003663,-0.527281,0.443604
-0.105178,-0.015000,0.267170
-0.076594,0.354521,-0.095838
-0.018550,0.470011,-0.273984
-0.021598,0.529915,-0.182175
0.005102,0.620145,0.059676
0.015203,0.560558,0.400719
-0.047125,0.472044,0.450019
-0.043738,0.338806,0.443272
-0.036817,0.158372,0.114641
-0.001401,0.048311,-0.305984
0.077424,-0.089296,-0.578494
0.086214,-0.102723,-0.517370
0.006986,-0.094069,-0.368398
-0.020534,-0.087422,-0.281479
-0.010122,-0.215188,-0.222993
-0.075673,-0.548157,-0.171346
-0.077595,-0.922578,-0.204846
0.015868,-1.011512,-0.113661
0.068961,-0.774324,0.064682
0.094954,-0.321741,0.358912
0.024837,0.146701,0.596485
-0.086315,0.612577,0.485858
-0.069593,0.950533,0.224600
-0.035626,1.054299,0.050502
-0.010616,1.009546,0.021716
0.022638,0.956544,0.070199
0.063205,0.867600,0.316551
-0.012890,0.672177,0.477026
-0.075142,0.466119,0.523670
-0.063111,0.218958,0.389088
-0.030519,0.078827,-0.028151
0.062766,-0.006584,-0.357157
0.062863,-0.070763,-0.452125
0.001374,-0.095858,-0.412195
-0.003304,-0.083003,-0.314254
0.023398,-0.150286,-0.197893
-0.010007,-0.317969,-0.039261
-0.088451,-0.580023,-0.009200
-0.027053,-0.718335,-0.003082
0.001739,-0.775279,0.014186
0.086323,-0.571074,0.198268
0.085294,-0.259963,0.525671
-0.008867,0.192114,0.661901
-0.084417,0.558762,0.391786
-0.055577,0.680264,0.012516
-0.016889,0.623858,-0.146970
-0.008120,0.512356,-0.110985
0.013618,0.422235,0.032453
0.008344,0.314155,0.283683
-0.069211,0.249293,0.302397
-0.062552,0.295240,0.341317
-0.053730,0.237219,0.280508
-0.050320,0.203483,-0.106768
0.050891,0.246299,-0.474892
0.074736,0.135929,-0.548533
0.044526,0.106701,-0.520495
0.034792,0.187933,-0.409645
0.025990,0.144308,-0.190366
-0.041993,-0.093655,-0.060954
-0.071444,-0.367558,-0.032797
-0.017930,-0.649818,-0.040735
0.018532,-0.828280,0.008625
0.071005,-0.729257,0.148779
0.108749,-0.417291,0.430730
0.007808,-0.042580,0.632545
-0.115853,0.265284,0.408191
-0.080646,0.431796,-0.015120
-0.013099,0.398118,-0.213945
-0.008717,0.275014,-0.180505
0.015290,0.219895,-0.019480
0.020340,0.155273,0.268443
-0.081188,0.171248,0.325129
-0.072977,0.259612,0.359877
-0.068879,0.229952,0.255862
-0.068069,0.224072,-0.140882
0.033166,0.313661,-0.625968
0.100587,0.246036,-0.610856
0.073730,0.168198,-0.502206
0.041463,0.125803,-0.383401
0.016791,0.067638,-0.192482
-0.047251,-0.156647,-0.028981
-0.130831,-0.489039,-0.119678
0.010792,-0.772125,-0.169042
0.068422,-1.008715,-0.075973
0.092225,-0.915056,0.214458
0.072161,-0.538338,0.535498
-0.034227,-0.043733,0.648446
-0.120061,0.285359,0.272232
-0.058497,0.364462,-0.165659
0.001270,0.321506,-0.294643
-0.008643,0.252725,-0.133242
-0.010720,0.297318,0.097116
0.003047,0.315156,0.345226
-0.062740,0.333165,0.423109
-0.068029,0.275461,0.493942
-0.056315,0.223793,0.338493
-0.050523,0.195285,-0.142237
0.071082,0.208820,-0.594786
0.105177,0.154655,-0.637748
0.045801,0.115447,-0.535611
0.009296,0.062001,-0.373026
-0.006805,-0.046562,-0.189213
-0.073849,-0.302239,-0.052704
-0.086736,-0.551542,-0.128723
0.019267,-0.796764,-0.157494
0.069224,-0.899225,-0.037342
0.087557,-0.716215,0.264008
0.060191,-0.294626,0.582153
-0.068066,0.101810,0.583748
-0.108057,0.351143,0.190453
-0.020572,0.376352,-0.181644
0.019114,0.274038,-0.217353
-0.021612,0.220541,-0.092282
0.001937,0.279195,0.105280
-0.026318,0.362408,0.351113
-0.095848,0.461117,0.333811
-0.033940,0.405270,0.431533
-0.053159,0.290883,0.245642
-0.042970,0.230221,-0.246494
0.092947,0.229518,-0.650101
0.103955,0.060354,-0.597770
0.036208,-0.024025,-0.573178
0.007391,-0.076710,-0.383640
-0.037097,-0.182795,-0.223715
-0.102556,-0.497890,-0.127293
-0.090580,-0.889964,-0.215558
0.034776,-1.008429,-0.169459
0.095295,-0.872193,-0.021312
0.130935,-0.562281,0.335370
0.016741,-0.215541,0.654329
-0.110814,0.150416,0.599014
-0.063837,0.366751,0.153984
0.006562,0.362450,-0.110910
-0.006716,0.296031,-0.104519
-0.027791,0.369243,0.031760
0.006751,0.465932,0.299663
-0.038356,0.533555,0.509761
-0.111753,0.500329,0.493470
-0.044822,0.395496,0.495688
-0.042239,0.269909,0.145490
-0.014252,0.228535,-0.359240
0.076987,0.255311,-0.658725
0.069657,0.057015,-0.717356
0.058698,0.084479,-0.507577
0.015016,0.051623,-0.296834
-0.013742,-0.100883,-0.102432
-0.115332,-0.462207,-0.054311
-0.057191,-0.817805,-0.177286
0.066895,-0.975065,-0.129474
0.090370,-0.943146,0.086837
0.092046,-0.739792,0.470454
-0.006454,-0.328270,0.741963
-0.083395,0.107522,0.475097
-0.065391,0.330013,-0.004450
-0.022325,0.369190,-0.244208
-0.025259,0.378049,-0.178392
-0.023540,0.502034,0.005506
0.006497,0.606886,0.314197
-0.054789,0.630897,0.447561
-0.086655,0.547747,0.480102
-0.050513,0.327473,0.353562
-0.040638,0.124948,-0.097058
0.046368,0.047361,-0.513727
0.102426,-0.032619,-0.700345
0.071136,-0.046607,-0.558276
0.022047,-0.070347,-0.376162
0.004571,-0.150597,-0.257393
-0.021201,-0.358626,-0.148788
-0.098102,-0.648121,-0.115575
-0.052593,-0.920462,-0.138898
0.003143,-0.972231,-0.088747
0.068783,-0.773501,0.076833
0.111550,-0.436310,0.390338
0.026244,0.032034,0.590520
-0.081084,0.425146,0.372432
-0.086596,0.652941,0.034894
-0.026418,0.778528,-0.079961
-0.027798,0.892149,-0.022109
0.036694,0.974847,0.232391
-0.014607,0.826712,0.494531
-0.075507,0.675602,0.509934
-0.060067,0.455477,0.459005
-0.070216,0.282608,0.138556
-0.028480,0.194558,-0.395531
0.093424,-0.011928,-0.762961
0.116503,-0.116677,-0.635102
0.051250,-0.112695,-0.401453
0.000935,-0.208254,-0.232697
-0.025226,-0.334406,-0.103812
-0.121383,-0.623137,-0.060385
-0.073856,-0.873352,-0.172376
0.043224,-0.907081,-0.117625
0.083868,-0.801255,0.096492
0.097795,-0.507845,0.433756
0.027658,-0.063425,0.666284
-0.077213,0.326976,0.484196
-0.086984,0.538504,0.049240
-0.020317,0.648728,-0.155273
-0.015196,0.736539,-0.084568
-0.002984,0.790985,0.146263
-0.005086,0.730661,0.446691
-0.063272,0.560209,0.485288
-0.053244,0.329216,0.487074
-0.056222,0.183413,0.377445
-0.059442,0.179865,-0.159592
0.032846,0.125055,-0.635593
0.113077,-0.075121,-0.641910
0.095524,-0.058182,-0.584945
0.037291,-0.042440,-0.352301
-0.013659,-0.080863,-0.147272
-0.104961,-0.340540,-0.084702
-0.120220,-0.640799,-0.210996
0.020421,-0.812321,-0.236190
0.058542,-0.858536,-0.070825
0.089375,-0.727089,0.222620
0.041768,-0.405923,0.518258
-0.026444,-0.045874,0.530277
-0.056080,0.247789,0.216028
-0.033875,0.375893,-0.070975
-0.015280,0.416599,-0.110780
-0.017043,0.481865,0.001921
0.028431,0.554917,0.294097
-0.038082,0.573692,0.509430
-0.088838,0.533128,0.477044
-0.059152,0.376005,0.448498
-0.083988,0.253133,0.173848
-0.039222,0.211347,-0.395349
0.087734,-0.045811,-0.735704
0.125386,-0.114911,-0.689209
0.062504,-0.073337,-0.459018
-0.000445,-0.131974,-0.243863
-0.011558,-0.172587,-0.151307
-0.094375,-0.463753,-0.129070
-0.081912,-0.690586,-0.239568
0.025203,-0.800689,-0.229541
0.074106,-0.795292,-0.047325
0.059329,-0.671368,0.239922
0.016865,-0.414351,0.459340
-0.044162,-0.075724,0.381794
-0.050155,0.158081,0.079848
-0.019596,0.230641,-0.047819
-0.010709,0.296428,0.000773
-0.012224,0.447843,0.143188
0.006823,0.634341,0.393618
-0.057265,0.692617,0.520689
-0.075575,0.673457,0.489368
-0.061953,0.659593,0.404859
-0.062578,0.534216,-0.011767
0.024932,0.360703,-0.576654
0.126257,0.190024,-0.597072
0.092577,-0.091481,-0.532366
0.062679,-0.045308,-0.380389
-0.008418,-0.069251,-0.207157
-0.054879,-0.077646,-0.104410
-0.167683,-0.326683,-0.272102
-0.044050,-0.578582,-0.382487
0.012185,-0.890230,-0.373477
0.078007,-0.969296,-0.146584
0.129185,-0.857942,0.225354
0.036895,-0.718075,0.567278
-0.052951,-0.387075,0.474394
-0.059416,-0.123751,0.065221
-0.017404,0.039134,-0.150285
-0.021854,0.177184,-0.078331
-0.026891,0.376144,0.113834
0.011432,0.602859,0.420904
-0.058544,0.724923,0.561684
-0.079346,0.777170,0.548979
-0.034960,0.730129,0.506276
-0.033033,0.491292,0.104240
0.026194,0.422479,-0.352713
0.097227,0.286376,-0.540942
0.078837,0.100469,-0.528313
0.026944,0.023631,-0.367195
-0.007553,-0.031441,-0.287525
-0.016357,-0.087752,-0.219962
-0.103713,-0.469915,-0.297782
-0.093591,-0.798260,-0.379498
0.009540,-1.016929,-0.366934
0.047913,-1.033135,-0.152845
0.072761,-0.896372,0.113507
0.042491,-0.687185,0.437309
-0.037917,-0.371553,0.310202
-0.029974,-0.073979,0.027244
-0.003807,0.161676,-0.099640
-0.011807,0.314699,-0.022419
-0.007346,0.573382,0.175570
0.005415,0.858699,0.467681
-0.041609,0.964362,0.645961
-0.077754,1.034589,0.655789
-0.030245,0.867570,0.669754
-0.067635,0.542792,0.237461
0.014283,0.405441,-0.329944
0.116788,0.087757,-0.537032
0.105522,-0.107957,-0.503039
0.039019,-0.109998,-0.303901
-0.012205,-0.095105,-0.194188
-0.021344,-0.039950,-0.191798
-0.081889,-0.318591,-0.292827
-0.103189,-0.701069,-0.447917
-0.020757,-1.066503,-0.470311
0.039901,-1.195113,-0.291449
0.101434,-1.027790,-0.016507
0.063464,-0.852875,0.311513
-0.028305,-0.586205,0.332869
-0.059644,-0.247058,0.056655
-0.023046,0.047773,-0.128519
-0.011359,0.265205,-0.087313
-0.002993,0.473668,0.114609
0.002814,0.788936,0.396327
-0.030197,0.908418,0.575909
-0.043851,0.965084,0.675445
-0.053331,0.787973,0.627151
-0.081860,0.514755,0.130619
0.046368,0.382133,-0.368229
0.138114,0.247977,-0.524580
0.080910,-0.005499,-0.446790
0.015249,-0.059371,-0.251719
-0.025397,-0.038700,-0.190174
-0.027450,-0.039982,-0.180211
-0.113799,-0.408804,-0.332525
-0.081587,-0.829528,-0.515571
0.031705,-1.132890,-0.476552
0.078481,-1.170870,-0.194585
0.065151,-0.979109,0.151952
0.008862,-0.673887,0.358743
-0.054378,-0.330194,0.177708
-0.043495,0.015016,-0.044231
-0.008172,0.260540,-0.070626
-0.016430,0.427094,0.061981
0.011775,0.701452,0.280844
0.014059,0.844507,0.528008
-0.033887,0.916158,0.601407
-0.028714,0.856831,0.644745
-0.061475,0.588218,0.413352
-0.056601,0.348852,-0.193683
0.102935,0.301643,-0.554222
0.118580,0.109620,-0.559130
0.035597,-0.118611,-0.443564
-0.009248,-0.157317,-0.288698
-0.030275,-0.156138,-0.202523
-0.094316,-0.432042,-0.263619
-0.126913,-0.892092,-0.454728
0.005730,-1.186893,-0.512616
0.068246,-1.318971,-0.322629
0.080292,-1.149532,0.007806
0.060793,-0.796567,0.355517
-0.020357,-0.404715,0.420646
-0.070484,0.033518,0.186457
-0.024226,0.359230,0.018449
0.000590,0.510540,0.058992
-0.010817,0.658133,0.156283
0.034934,0.834829,0.317554
0.030474,0.845936,0.541711
-0.036191,0.781439,0.554241
-0.033965,0.602025,0.493827
-0.047144,0.295519,0.192769
-0.027138,0.092692,-0.253927
0.056670,-0.055471,-0.554017
0.047088,-0.188858,-0.598022
0.002310,-0.335667,-0.539087
-0.001001,-0.373227,-0.409512
-0.013961,-0.411918,-0.276645
-0.118235,-0.739009,-0.319439
-0.063848,-0.971687,-0.402506
0.007353,-1.163287,-0.373303
0.080318,-1.043811,-0.150121
0.120154,-0.728504,0.254553
0.034464,-0.349775,0.505164
-0.068530,-0.001844,0.348300
-0.045033,0.222568,0.057222
0.002073,0.340918,-0.053077
-0.002658,0.434395,0.005307
0.008106,0.678081,0.192865
0.003103,0.986182,0.445494
-0.052670,1.179830,0.567826
-0.047900,1.261488,0.720439
-0.076861,1.100360,0.543008
-0.062902,0.863932,-0.147678
0.100284,0.688824,-0.529570
0.155950,0.455248,-0.437032
0.069788,0.317042,-0.344735
0.002758,0.149768,-0.135222
-0.017155,0.106977,-0.035248
-0.068110,-0.154393,-0.051237
-0.107357,-0.500382,-0.205516
-0.018229,-0.882235,-0.337478
0.062831,-1.136163,-0.233406
0.096406,-1.099524,0.060899
0.070121,-0.823405,0.439370
-0.040083,-0.424450,0.534802
-0.096424,-0.091838,0.137911
-0.023211,0.081620,-0.192988
-0.000193,0.191315,-0.183126
-0.027506,0.290349,-0.035681
0.012969,0.550550,0.196358
0.013020,0.771202,0.470065
-0.037104,0.835473,0.515980
-0.033090,0.795729,0.513529
-0.057978,0.659959,0.353707
-0.048159,0.500936,-0.143998
0.074533,0.436998,-0.522313
0.111022,0.274296,-0.488907
0.042329,-0.024106,-0.442586
0.011735,-0.052599,-0.330014
-0.018869,-0.141217,-0.193982
-0.065659,-0.472901,-0.206684
-0.096728,-0.877574,-0.346835
0.002202,-1.144696,-0.382355
0.027772,-1.153400,-0.261021
0.092879,-0.891798,0.001188
0.069719,-0.589090,0.335151
-0.045095,-0.291360,0.434563
-0.078243,0.008452,0.146124
-0.031770,0.229905,-0.082160
-0.010914,0.335545,-0.086487
-0.014247,0.465681,0.041988
0.032687,0.694014,0.256647
0.021050,0.778259,0.522449
-0.045822,0.725327,0.560630
-0.040119,0.621521,0.577600
-0.062584,0.438060,0.223392
-0.017549,0.415724,-0.279687
0.093853,0.287210,-0.496403
0.099164,-0.013482,-0.450739
0.034054,-0.053547,-0.317786
-0.024710,-0.093465,-0.141634
-0.030335,-0.193278,-0.113789
-0.090642,-0.532627,-0.200997
-0.041779,-0.828409,-0.333029
0.018694,-1.016697,-0.299903
0.036792,-1.007843,-0.135061
0.085208,-0.798647,0.194988
0.025276,-0.451531,0.474269
-0.089751,-0.135314,0.250469
-0.060601,0.086056,-0.089154
-0.000016,0.217972,-0.194350
0.006571,0.289294,-0.051408
0.006634,0.478298,0.166695
0.032815,0.735058,0.450578
-0.023053,0.856938,0.582428
-0.053372,0.849799,0.506546
-0.007839,0.738301,0.550177
-0.059389,0.526083,0.204991
-0.010382,0.458982,-0.289196
0.104337,0.326337,-0.555454
0.086752,0.048594,-0.567482
0.025646,-0.056653,-0.346298
-0.022312,-0.156454,-0.167185
-0.044989,-0.414203,-0.110333
-0.101466,-0.732688,-0.247016
-0.005771,-1.000555,-0.358684
0.024478,-1.111169,-0.306533
0.084832,-0.993134,-0.053101
0.078800,-0.711746,0.303630
-0.014860,-0.371298,0.400176
-0.086813,-0.043852,0.150955
-0.055290,0.186637,-0.113073
-0.020404,0.292726,-0.166679
-0.001987,0.373878,-0.043071
0.028171,0.543657,0.164459
0.026346,0.720819,0.408881
-0.016861,0.781532,0.506941
-0.024937,0.762905,0.605314
-0.081531,0.589276,0.401881
-0.049360,0.470958,-0.073923
0.081726,0.439467,-0.423117
0.115341,0.315922,-0.478121
0.051484,0.100214,-0.343934
-0.001006,0.003758,-0.177720
-0.006301,-0.050579,-0.079393
-0.037402,-0.307979,-0.054825
-0.117397,-0.642277,-0.184830
-0.029624,-0.969491,-0.332586
0.023087,-1.054382,-0.285743
0.098456,-0.875699,-0.035518
0.086977,-0.600968,0.342738
-0.041821,-0.281927,0.456006
-0.096787,0.017189,0.140446
-0.036453,0.225362,-0.154341
-0.001372,0.312908,-0.170447
-0.001727,0.338401,-0.019673
0.028994,0.512398,0.199528
0.027806,0.636080,0.461599
-0.042270,0.740847,0.522637
-0.034917,0.742561,0.586499
-0.065860,0.641009,0.420508
-0.027698,0.528585,0.010923
0.066544,0.488483,-0.303640
0.093986,0.399379,-0.395725
0.043492,0.204565,-0.333050
0.005306,0.047972,-0.232938
-0.007758,-0.014771,-0.138165
-0.067130,-0.284691,-0.135366
-0.106764,-0.649644,-0.321818
0.012822,-0.937203,-0.398916
0.047312,-1.125191,-0.256064
0.060343,-1.021408,0.048439
0.044382,-0.718490,0.360938
-0.040139,-0.392473,0.354591
-0.073474,-0.144751,0.066239
-0.015887,0.001943,-0.139508
-0.001553,0.108234,-0.095680
-0.006538,0.222493,0.033366
0.041444,0.503915,0.278453
-0.000060,0.705479,0.557959
-0.074056,0.818531,0.568826
-0.037956,0.872468,0.569845
-0.040052,0.685197,0.298766
-0.016070,0.503902,-0.197394
0.114243,0.425994,-0.452515
0.102403,0.296485,-0.420171
0.022774,0.158747,-0.305379
-0.009733,0.092635,-0.221698
-0.000880,-0.009432,-0.168457
-0.038506,-0.312349,-0.182887
-0.081000,-0.622512,-0.284426
-0.009629,-0.924951,-0.349257
0.036285,-1.006433,-0.221702
0.045199,-0.935361,0.027180
0.018996,-0.740526,0.308532
-0.034406,-0.449374,0.298881
-0.046434,-0.153332,0.083013
-0.023112,0.137057,-0.064095
-0.008449,0.315259,-0.067806
0.004726,0.548994,0.059217
0.033270,0.797329,0.310315
-0.005838,0.867409,0.545732
-0.057305,0.844718,0.556030
-0.025554,0.680952,0.398723
-0.016514,0.449053,0.100625
0.025715,0.282765,-0.248475
0.084914,0.185539,-0.384591
0.041580,-0.045432,-0.408300
0.002930,-0.074445,-0.286000
-0.006400,-0.051419,-0.225018
0.010570,-0.129527,-0.228266
-0.039797,-0.440830,-0.252576
-0.104795,-0.815497,-0.407448
0.016090,-1.022847,-0.401008
0.042278,-1.063216,-0.201716
0.046450,-0.931160,0.080727
0.010143,-0.661092,0.279740
-0.039220,-0.322477,0.184446
-0.029634,-0.088472,0.001900
-0.018329,0.030892,-0.096748
-0.016016,0.114831,-0.055349
-0.009787,0.316849,0.011019
0.045802,0.611050,0.255235
-0.004331,0.910818,0.548044
-0.052730,1.036267,0.681052
-0.035868,0.995362,0.657921
-0.066419,0.723744,0.126537
0.049650,0.561584,-0.368225
0.129545,0.365758,-0.421441
0.059653,0.180714,-0.370623
-0.012337,-0.026256,-0.281855
0.002175,-0.067608,-0.194350
-0.023799,-0.197090,-0.141161
-0.114945,-0.582551,-0.335539
-0.026117,-0.931371,-0.456640
0.034143,-1.204059,-0.372726
0.050947,-1.209674,-0.119644
0.080844,-1.024025,0.193659
0.021732,-0.733777,0.415055
-0.065364,-0.437983,0.209245
-0.054744,-0.216622,-0.119897
-0.011786,-0.019710,-0.201282
-0.023461,0.140387,-0.092637
0.004713,0.363058,0.070878
0.052397,0.682909,0.420488
-0.032811,0.870655,0.615370
-0.063367,0.937632,0.612748
-0.011695,0.914997,0.575839
-0.045539,0.629862,0.115227
0.027924,0.540326,-0.390583
0.118577,0.349477,-0.435498
0.072630,0.091021,-0.442341
0.004029,0.010619,-0.352118
-0.019764,-0.145602,-0.296902
-0.035014,-0.502844,-0.335053
-0.090129,-1.017512,-0.462322
-0.028554,-1.343749,-0.541859
0.046716,-1.359980,-0.401616
0.074067,-1.080273,-0.127656
0.046442,-0.685377,0.161026
-0.051416,-0.352659,0.147679
-0.065417,-0.064360,-0.028847
-0.024874,0.125178,-0.145055
0.003322,0.232167,-0.059469
0.005545,0.419544,0.099774
0.059328,0.680422,0.366307
0.035829,0.926742,0.656814
-0.015222,0.848293,0.650611
-0.007980,0.683306,0.664864
-0.078925,0.497348,0.370144
-0.052049,0.390047,-0.158764
0.064213,0.234151,-0.539457
0.073008,-0.028929,-0.627683
0.025456,-0.244083,-0.529454
0.005734,-0.482448,-0.464536
-0.016139,-0.942279,-0.489574
-0.064562,-1.388434,-0.520964
-0.042535,-1.555725,-0.506287
0.016605,-1.334175,-0.388651
0.086731,-0.866164,-0.165638
0.060989,-0.356328,0.070781
-0.043058,0.059832,0.143005
-0.093991,0.246898,0.080996
-0.058170,0.160001,0.014882
-0.009320,0.106868,-0.010202
0.066490,0.134838,0.066491
0.083855,0.180292,0.242307
0.024787,0.203598,0.287918
-0.010186,0.204653,0.316193
-0.074276,0.187377,0.240578
-0.089430,0.133659,-0.074772
0.017780,0.127930,-0.379178
0.104734,0.093378,-0.451273
0.034120,-0.050121,-0.408280
-0.041764,-0.350945,-0.342401
-0.066398,-0.818313,-0.271118
-0.032428,-1.073679,-0.212471
0.037401,-1.080559,-0.149579
0.031670,-0.842016,-0.136871
0.033183,-0.523509,-0.111800
-0.012128,-0.223157,-0.077438
-0.073131,-0.000232,-0.102482
-0.058727,0.109320,-0.099567
-0.014883,0.095247,-0.086609
0.026710,0.105354,-0.046350
0.058546,0.122262,0.064738
0.044040,0.198561,0.144164
0.021848,0.318895,0.181387
-0.003585,0.368773,0.217043
-0.056282,0.327368,0.105625
-0.024613,0.214818,-0.065874
0.033708,-0.051249,-0.155735
0.052516,-0.412885,-0.114118
0.024808,-0.606435,-0.022668
-0.014467,-0.541789,0.037612
-0.049645,-0.339857,-0.091714
-0.037517,-0.041292,-0.229441
-0.040455,0.160119,-0.248988
-0.036489,0.141086,-0.170469
-0.013444,0.012151,-0.093949
0.005393,-0.085412,-0.071615
0.029769,-0.111109,-0.088337
0.038248,-0.117812,-0.065645
0.025017,-0.167381,-0.012511
0.008594,-0.198651,0.044544
-0.001361,-0.143409,0.113633
-0.032843,-0.040688,0.103313
-0.027068,-0.000151,0.002589
0.040204,0.028827,0.006580
0.038484,0.151870,0.108911
0.007123,0.314859,0.140297
0.017212,0.469736,0.115079
0.021622,0.590527,0.073725
-0.001418,0.613855,0.077445
-0.044616,0.541072,0.100413
-0.075402,0.346298,0.034696
-0.026289,0.088806,-0.057283
0.022821,-0.125382,-0.086025
0.006245,-0.263043,-0.088223
-0.012430,-0.317271,-0.115331
-0.004538,-0.258504,-0.125492
-0.006295,-0.142455,-0.101853
-0.036393,-0.039074,-0.084958
-0.039200,0.025276,-0.126050
0.004519,0.037087,-0.139735
0.051166,0.043238,-0.103466
0.058242,0.086008,0.015546
0.030848,0.218358,0.120824
0.014843,0.406439,0.190386
0.024054,0.575454,0.248955
0.014016,0.675260,0.312813
-0.016517,0.588111,0.286052
-0.020542,0.453304,0.238070
0.002225,0.251070,0.177492
0.008048,0.074947,0.185550
-0.020106,-0.089110,0.178206
-0.054117,-0.211522,0.024031
-0.051504,-0.341021,-0.180356
-0.020674,-0.413557,-0.304101
0.002813,-0.381861,-0.287316
0.004544,-0.327207,-0.197865
-0.014036,-0.139497,-0.078183
-0.041711,0.030007,-0.089913
-0.008507,0.047842,-0.180647
0.046422,0.013942,-0.187858
0.058975,0.056714,-0.065715
0.030016,0.175939,0.082123
0.005091,0.331844,0.172755
0.002552,0.426689,0.175980
0.000300,0.344694,0.137192
0.008664,0.162113,0.128944
0.005213,-0.153596,0.116463
0.020294,-0.309327,0.139023
0.017683,-0.370207,0.179438
-0.026133,-0.411326,0.146411
-0.082060,-0.364104,-0.011466
-0.071850,-0.357209,-0.212101
-0.028450,-0.443860,-0.320685
-0.013683,-0.470561,-0.335491
-0.003746,-0.288035,-0.273768
0.024097,-0.002648,-0.134180
0.022055,0.257236,0.132151
-0.071448,0.472389,0.162213
0.021285,0.400426,0.089965
0.078724,0.250658,0.152426
0.001719,0.151255,0.094833
0.013273,0.168023,0.019775
0.007132,0.241030,-0.034108
-0.000364,0.286277,-0.093411
0.024421,0.192763,-0.150652
0.020655,-0.076239,-0.167323
0.014152,-0.464675,-0.102606
-0.014631,-0.736700,-0.029836
-0.009260,-0.745156,-0.001887
-0.019590,-0.540296,0.019777
-0.021246,-0.263973,0.008666
-0.045655,0.006023,-0.024658
-0.043196,0.097981,-0.064109
-0.033401,0.120616,-0.117844
-0.016793,0.154194,-0.095149
0.016259,0.246438,-0.058302
0.082406,0.338846,0.084444
0.066368,0.339516,0.239924
-0.031910,0.182701,0.203960
-0.030880,-0.076591,0.055666
0.023033,-0.245127,-0.048075
0.032256,-0.264644,-0.078464
-0.008421,-0.151594,-0.165896
-0.034640,0.003880,-0.280520
-0.029945,0.051533,-0.390714
0.009543,-0.067983,-0.423094
0.022638,-0.339021,-0.251099
-0.010415,-0.569065,-0.024501
-0.014871,-0.564893,0.131267
0.003374,-0.340030,0.178910
0.014970,-0.074387,0.189694
0.037237,0.195273,0.217903
-0.011145,0.351139,0.178256
-0.037101,0.304880,0.074607
-0.028540,0.164879,-0.042807
-0.011915,0.064800,-0.098632
0.026507,0.107918,-0.091379
0.066878,0.196547,0.092590
-0.005368,0.349788,0.277659
-0.108696,0.450024,0.258827
-0.099144,0.415410,0.042918
-0.003853,0.392058,-0.175490
0.067184,0.280314,-0.304468
0.086293,0.186938,-0.251560
0.043226,0.139172,-0.133753
-0.018321,0.084219,-0.087857
-0.009574,-0.129941,-0.064384
-0.011548,-0.697111,-0.026643
0.025741,-1.253609,0.061042
0.097874,-1.201376,0.061627
0.102361,-0.623089,0.286000
-0.029721,-0.129588,0.307347
-0.146992,0.234927,0.069632
-0.129264,0.253433,-0.247357
-0.050463,0.121949,-0.369878
-0.004732,0.015271,-0.283359
0.034141,0.149013,-0.122789
0.072568,0.333456,0.092908
0.028562,0.435040,0.170265
-0.012656,0.525879,0.147673
-0.024563,0.499919,0.153600
-0.031079,0.378483,0.017448
0.045786,0.270966,-0.124984
0.095930,0.151621,-0.111798
0.015692,0.032589,-0.018203
-0.050793,-0.206670,-0.035314
-0.033154,-0.496749,-0.016258
0.010702,-0.779308,0.091616
-0.004578,-0.958795,0.146084
0.016740,-0.714943,0.156109
0.061016,-0.033674,0.208434
0.005968,0.556110,0.166165
-0.076272,0.789046,0.018121
-0.103280,0.805689,-0.108898
-0.055620,0.590491,-0.184851
0.022665,0.195749,-0.196781
0.060193,-0.072968,-0.119374
0.038450,-0.062421,-0.025181
0.040906,0.032366,0.067796
0.046463,0.136720,0.186046
-0.006258,0.257487,0.292911
-0.048404,0.240408,0.299055
-0.024561,0.229826,0.158938
0.029605,0.174596,-0.072643
0.079429,0.093062,-0.071855
-0.009626,0.020843,-0.000505
-0.066241,-0.148511,0.053370
-0.029366,-0.244488,0.130826
0.025849,-0.325420,0.167350
0.028425,-0.352776,0.120085
0.040469,-0.083316,0.121966
0.014710,0.280396,0.111893
-0.026959,0.556722,0.075676
-0.053936,0.652952,0.061349
-0.083914,0.587291,-0.021040
-0.040528,0.422394,-0.090682
0.003085,0.193438,-0.145095
0.030014,-0.011643,-0.154677
0.034190,0.032026,-0.060312
0.038027,0.115919,0.076031
0.026887,0.201053,0.217157
-0.028863,0.227624,0.344903
-0.068037,0.156917,0.235572
-0.000714,0.073000,-0.024815
0.116472,0.000253,-0.068532
0.049141,0.023971,0.050957
-0.045313,0.036147,0.091402
-0.037837,-0.064143,0.081098
-0.001474,-0.198666,0.132425
-0.007653,-0.362571,0.151877
0.002976,-0.334160,0.118998
0.024210,-0.151304,0.071438
0.032645,0.122583,0.098744
0.000589,0.388004,0.119521
-0.082529,0.527667,0.004249
-0.088964,0.541339,-0.144314
-0.040029,0.388036,-0.216618
0.009524,0.160542,-0.208604
0.035227,-0.038824,-0.129534
0.050682,0.003365,0.014004
0.040505,0.114669,0.185965
0.011638,0.199048,0.283391
-0.024630,0.232345,0.382111
-0.051083,0.229732,0.339763
-0.006593,0.272829,0.052139
0.092598,0.255437,-0.115908
0.066860,0.226396,-0.061176
-0.020795,0.164785,0.003111
-0.033947,-0.000586,-0.011960
0.005360,-0.277475,-0.077460
0.008000,-0.666413,-0.107301
-0.017261,-1.106184,-0.142772
0.001519,-1.147469,-0.125169
0.015938,-0.924941,-0.081202
0.010787,-0.560071,0.022145
-0.058295,-0.251417,0.019884
-0.066502,0.129072,-0.049586
-0.043736,0.404695,-0.113953
-0.012308,0.469799,-0.115519
0.014054,0.420397,-0.087922
0.040107,0.407717,-0.013403
0.080455,0.376888,0.169406
0.044626,0.328407,0.357057
-0.030010,0.341873,0.393791
-0.050977,0.243550,0.247287
-0.022327,0.099384,0.023236
0.044938,-0.070734,-0.129027
0.057100,-0.122032,-0.107297
-0.016056,-0.083037,-0.082682
-0.044343,-0.059334,-0.142684
-0.017432,-0.187644,-0.261971
0.020049,-0.389815,-0.201745
-0.010550,-0.600382,-0.071894
-0.023330,-0.627227,-0.008936
0.015430,-0.455436,0.020782
0.044327,-0.116571,0.098091
0.017209,0.218744,0.177331
-0.060454,0.459114,0.150415
-0.035063,0.546279,0.079171
-0.008505,0.498755,0.013680
-0.005581,0.379309,-0.031434
0.004788,0.260902,-0.070191
0.069134,0.198072,-0.010743
0.078902,0.123651,0.177552
0.003901,0.096891,0.315243
-0.081509,0.104365,0.259871
-0.072168,0.063784,0.111453
0.006544,0.008300,-0.074498
0.045505,-0.011567,-0.199841
0.009296,0.044038,-0.226864
-0.030909,0.067390,-0.249349
-0.014261,0.024505,-0.246047
0.033133,-0.044186,-0.200620
0.034207,-0.087650,-0.084957
-0.010173,-0.376238,-0.100464
-0.028944,-0.825422,-0.186710
0.019621,-1.095114,-0.159414
0.064649,-1.056855,0.039675
0.055047,-0.788926,0.264827
-0.026969,-0.386481,0.366850
-0.093707,-0.059436,0.190835
-0.071343,0.084849,-0.098579
-0.029692,0.110263,-0.239734
-0.001784,0.220311,-0.178846
0.054832,0.420974,0.014469
0.088381,0.546912,0.348059
0.007946,0.654803,0.475916
-0.040485,0.690356,0.409447
-0.048205,0.544298,0.250289
-0.042339,0.337626,0.001515
0.024481,0.193271,-0.178121
0.060292,0.111593,-0.232383
0.004869,0.056929,-0.216526
-0.031696,-0.017690,-0.252915
-0.010294,-0.301854,-0.361866
0.052182,-0.567811,-0.276666
0.020608,-0.856432,-0.157524
-0.026014,-0.979003,-0.129663
-0.002621,-0.786951,-0.098688
0.046973,-0.297273,-0.001495
0.012419,0.112342,0.090920
-0.083065,0.317218,0.085350
-0.073193,0.368571,0.040471
-0.036190,0.317301,0.028663
0.009695,0.284029,0.040388
0.060266,0.323916,0.094754
0.095143,0.330661,0.264739
0.017274,0.372790,0.349163
-0.017605,0.423812,0.392991
-0.057284,0.392762,0.280401
-0.053110,0.287579,-0.005464
0.014221,0.200119,-0.238841
0.068324,0.086623,-0.306429
0.028626,-0.087569,-0.274817
-0.035805,-0.373929,-0.269977
-0.033287,-0.723809,-0.261771
0.005547,-1.003573,-0.174767
-0.002452,-1.160280,-0.131538
-0.006736,-1.049360,-0.105346
0.038178,-0.564446,-0.042112
0.043176,0.069217,0.037670
-0.026068,0.553067,0.099844
-0.082304,0.794368,0.082703
-0.071865,0.774411,0.010588
-0.005047,0.575230,-0.030750
0.040774,0.355488,-0.042233
0.092468,0.239172,0.045339
0.073198,0.165064,0.206671
-0.000428,0.172518,0.220373
-0.018005,0.234328,0.194966
-0.049496,0.160299,0.113112
-0.067521,-0.061294,-0.141067
-0.013333,-0.316269,-0.424016
0.079858,-0.382354,-0.413270
0.039646,-0.520422,-0.328653
-0.029222,-0.726300,-0.352544
-0.039079,-0.914069,-0.341689
-0.027230,-1.009710,-0.292301
0.018255,-0.830121,-0.288476
0.051660,-0.446216,-0.301300
0.022845,-0.077132,-0.304105
-0.035133,0.156524,-0.299933
-0.040427,0.272456,-0.280175
-0.024826,0.078897,-0.247262
-0.035939,-0.164584,-0.214334
-0.006028,-0.254444,-0.186272
0.044859,-0.169109,-0.079136
0.040183,-0.024223,0.054145
0.020471,0.108593,0.112192
0.015120,0.226474,0.152325
-0.022214,0.248054,0.124693
-0.017374,0.116402,0.039213
0.006010,-0.117522,-0.046534
0.042836,-0.294389,-0.047696
0.044340,-0.336903,-0.060005
0.020523,-0.243909,-0.084728
-0.020240,-0.162889,-0.191207
-0.029263,-0.131109,-0.275741
-0.028479,-0.121130,-0.313243
-0.037637,-0.140999,-0.362580
-0.023816,-0.210789,-0.443275
-0.000039,-0.214968,-0.461323
0.000864,-0.268891,-0.437281
0.017099,-0.247281,-0.350296
0.043999,-0.155263,-0.250114
0.040387,-0.019580,-0.159792
0.026012,0.050089,-0.075642
-0.006641,0.078389,-0.017590
-0.022945,0.017388,0.023140
-0.026869,-0.139158,0.037714
-0.035456,-0.225407,0.045906
0.006645,-0.168642,0.024924
0.051240,0.082907,0.040355
0.036270,0.296635,0.093304
-0.030188,0.366667,0.122127
-0.057172,0.316726,0.088726
-0.028751,0.168972,0.022184
0.005824,0.008362,-0.035967
0.006744,-0.108751,-0.063806
0.000594,-0.159852,-0.077099
0.003881,-0.190811,-0.076281
0.006059,-0.181390,-0.047487
0.007256,-0.121204,0.036266
-0.032897,-0.113290,-0.001435
0.017802,-0.142975,-0.024153
0.057847,-0.111788,0.081808
0.010889,0.017566,0.187563
-0.014756,0.157168,0.190284
-0.009695,0.231046,0.145292
0.001347,0.289853,0.122479
-0.004683,0.290971,0.105623
-0.012724,0.220953,0.058987
-0.016847,0.133105,-0.017898
-0.005593,0.015251,-0.088426
-0.008459,-0.066616,-0.108730
-0.013635,-0.080371,-0.107062
-0.009053,-0.045142,-0.102618
0.006541,0.018613,-0.069997
0.012622,0.100292,-0.005281
0.009826,0.162739,0.062473
0.005251,0.175351,0.080862
0.031544,0.146220,0.104458
0.032116,0.121116,0.162191
0.002749,0.115515,0.184801
-0.009847,0.116636,0.162706
-0.003541,0.131753,0.133088
0.006648,0.150049,0.112965
-0.001067,0.129106,0.073048
-0.027117,0.098797,-0.005217
-0.030346,0.016318,-0.094692
-0.008593,-0.068657,-0.130952
-0.010882,-0.140106,-0.130635
-0.016223,-0.184741,-0.146133
-0.004798,-0.173931,-0.152680
0.007544,-0.127117,-0.131004
0.006199,-0.089101,-0.091988
0.011823,-0.060850,-0.030672
0.022294,-0.013681,0.066075
0.000262,0.013557,0.122012
-0.010620,-0.002318,0.103756
0.025876,-0.021580,0.102690
0.019792,-0.019684,0.139931
-0.018975,0.002091,0.099243
-0.017007,0.042140,0.033260
-0.010622,0.048944,-0.007476
-0.022149,0.057568,-0.006585
-0.026934,0.038541,-0.021861
-0.012092,0.012757,-0.001753
-0.005017,-0.014037,0.030743
-0.020916,-0.039680,0.043161
-0.011163,-0.041784,0.027379
0.022152,-0.052781,0.043825
0.024680,-0.061077,0.122263
0.002412,-0.047719,0.181241
0.000698,-0.000967,0.202033
0.014150,0.072605,0.194442
0.033801,0.096964,0.203496
0.012154,0.030129,0.178893
-0.016380,0.019687,0.061420
-0.005197,-0.068748,-0.073199
-0.051253,-0.196494,-0.223239
-0.067354,-0.283454,-0.407020
-0.013857,-0.400772,-0.551107
0.039311,-0.551107,-0.594540
0.059204,-0.655931,-0.434066
0.019397,-0.611358,-0.252472
-0.023122,-0.439645,-0.128767
-0.010170,-0.190766,-0.048166
-0.004270,0.020709,0.043766
-0.008096,0.126628,0.114711
0.014755,0.144020,0.179568
0.041635,0.105686,0.282221
0.016056,0.034818,0.342384
-0.012831,0.031846,0.336527
-0.024745,0.087089,0.250135
0.005939,0.222346,0.156104
0.051700,0.285235,0.163094
-0.001539,0.312322,0.153882
-0.048564,0.355849,0.092433
-0.064810,0.277792,-0.121514
-0.022138,0.182371,-0.316022
0.041095,0.142959,-0.329089
0.024871,0.051507,-0.268290
0.029946,-0.110819,-0.173460
0.031860,-0.175335,0.030859
0.015844,-0.081436,0.171461
0.011979,0.153728,0.229575
0.028511,0.318135,0.212995
0.012197,0.423476,0.236639
-0.004088,0.430331,0.292688
-0.029529,0.306131,0.336649
-0.052465,0.124235,0.284446
-0.053451,-0.059895,0.106285
-0.015451,-0.170577,-0.048814
0.008608,-0.174268,-0.123563
0.043044,-0.149463,-0.065817
0.020649,-0.147973,0.010137
-0.029036,-0.062002,-0.032550
-0.025144,0.041879,-0.065066
-0.059905,0.040173,-0.207041
-0.026874,-0.025953,-0.331797
0.009098,-0.073726,-0.373631
0.071767,-0.114261,-0.242587
0.070018,-0.078438,-0.054229
0.018564,-0.012372,0.063362
0.001356,-0.010492,0.080777
0.016357,-0.003985,0.097287
0.018743,-0.004735,0.081810
0.004616,0.045662,0.051272
0.004192,0.125472,0.057760
-0.015725,0.135765,0.089166
-0.059581,0.034704,0.050886
-0.084016,-0.125540,-0.063648
-0.034944,-0.264664,-0.145002
0.007327,-0.284068,-0.124782
0.016746,-0.139717,-0.058784
0.051289,0.029624,0.051927
0.027796,0.109134,0.107305
-0.009032,0.187077,0.126669
-0.016429,0.116161,0.077489
-0.031896,-0.008949,-0.106265
-0.010742,-0.164277,-0.278927
0.068542,-0.244765,-0.237630
0.053415,-0.231591,-0.119609
-0.008634,-0.263182,-0.087857
-0.021140,-0.375214,-0.094068
-0.001309,-0.411566,-0.031444
0.000186,-0.314621,0.005354
0.004441,-0.148032,-0.014470
0.009364,0.048960,0.028040
-0.009567,0.190282,0.076828
-0.043189,0.197588,0.088823
-0.046531,0.125253,0.048922
-0.016512,-0.009752,-0.012138
0.017900,-0.058901,-0.010301
0.015538,0.003689,0.007929
0.051563,0.057264,0.066030
0.042751,0.044793,0.143141
-0.002529,-0.012561,0.132538
-0.055829,-0.084098,0.022577
-0.038370,-0.191068,-0.188212
0.014591,-0.256059,-0.302679
0.047988,-0.207361,-0.246869
0.013491,-0.063068,-0.146210
-0.025621,-0.044526,-0.123393
-0.007803,-0.181548,-0.070080
0.021148,-0.272105,0.104115
0.006163,-0.214969,0.199995
0.021176,-0.044094,0.209441
0.024109,0.217556,0.188097
0.022334,0.478535,0.219748
-0.008252,0.523294,0.223418
-0.048669,0.394689,0.164511
-0.077332,0.207906,0.023245
-0.032998,-0.000156,-0.107909
0.011982,-0.114068,-0.147221
0.030872,-0.108183,-0.125944
0.067729,-0.020017,-0.012582
0.039114,0.086546,0.113856
-0.012720,0.245704,0.217973
-0.072794,0.289372,0.236340
-0.066631,0.529125,0.111320
-0.029198,0.504569,-0.127654
0.088051,0.411121,-0.103837
0.079728,0.364660,0.034274
-0.004524,0.313227,0.063675
-0.012854,0.052591,0.122815
0.009573,-0.327981,0.124867
0.038797,-0.592834,0.147234
0.059866,-0.397942,0.002077
0.072473,-0.164034,0.085772
-0.031898,0.031298,0.031863
-0.122737,0.050359,-0.113657
-0.118841,-0.091633,-0.269112
-0.042344,-0.305987,-0.303693
0.001473,-0.417610,-0.240202
0.017276,-0.289606,-0.135802
0.044807,-0.053983,-0.041579
0.040797,0.073037,0.047954
0.020507,0.161146,0.106378
-0.007776,0.177446,0.208935
-0.017536,0.162211,0.140901
-0.001828,0.250271,-0.022619
0.075826,0.233626,-0.080353
0.075498,0.180081,-0.014425
-0.020068,-0.092498,0.012733
-0.046876,-0.395637,0.055352
0.011033,-0.593034,0.120566
0.018063,-0.538704,0.165192
0.000083,-0.290397,0.106788
0.019154,0.103769,0.040037
-0.008297,0.443095,-0.008302
-0.039398,0.540283,-0.032793
-0.083038,0.513301,-0.026994
-0.076122,0.361816,-0.056624
-0.002316,0.134665,-0.079831
0.047022,-0.018231,-0.065695
0.060565,-0.053361,0.010835
0.067808,-0.022585,0.127282
0.029823,0.012879,0.224889
-0.057940,0.044037,0.211000
-0.032280,0.066096,0.001542
0.035331,0.110382,-0.128824
0.059144,0.087968,-0.102858
-0.008360,-0.015080,-0.034166
-0.052057,-0.140490,0.057223
-0.014363,-0.170849,0.159662
0.018439,-0.170457,0.240912
0.017995,-0.088096,0.239008
0.036115,0.204749,0.206818
0.065518,0.583560,0.178674
0.036481,0.867871,0.204625
-0.044553,0.943140,0.238981
-0.112805,0.812193,0.182691
-0.084587,0.529544,0.022381
0.002296,0.100888,-0.129191
0.050521,-0.236077,-0.143128
0.033960,-0.343226,-0.118829
0.050041,-0.298726,0.010674
0.021196,-0.118340,0.129909
-0.022920,0.043895,0.251109
-0.082827,0.258217,0.165849
-0.021529,0.407962,-0.045415
0.052496,0.262313,-0.144281
0.071980,0.159379,-0.038239
0.007466,0.071512,0.135231
-0.025897,0.049360,0.236512
0.015050,0.062360,0.234021
0.043055,0.059121,0.236183
0.012753,0.175701,0.101908
0.010460,0.329928,0.042125
0.000931,0.479255,0.020556
-0.036486,0.408848,-0.001011
-0.098733,0.230985,-0.066160
-0.070100,-0.044883,-0.158721
0.001563,-0.289053,-0.176987
0.030548,-0.439761,-0.152515
0.027952,-0.330527,-0.098573
0.056548,-0.088685,0.010825
0.050039,0.010573,0.113764
-0.000460,0.061996,0.250322
-0.051758,0.045345,0.240707
-0.036884,0.038251,-0.009598
0.036389,-0.086461,-0.146626
0.063747,-0.119299,-0.121395
-0.025253,-0.267836,-0.101186
-0.032510,-0.433892,-0.145500
0.032285,-0.496892,-0.107232
0.031210,-0.500001,-0.101229
0.017583,-0.320727,-0.095531
-0.002477,-0.073394,-0.087595
-0.034476,0.241761,-0.045428
-0.063511,0.380186,-0.054979
-0.044169,0.343364,-0.022500
-0.020220,0.149028,-0.018590
0.016280,-0.025900,-0.029680
0.034618,-0.100904,-0.008596
0.019534,-0.084123,-0.000367
0.020132,-0.049043,0.004467
0.035311,-0.083609,0.052332
-0.039085,-0.193333,0.057186
-0.051556,-0.265324,-0.103538
0.020760,-0.317611,-0.225997
0.051233,-0.245732,-0.244174
0.023854,-0.128919,-0.175813
-0.037699,-0.122307,-0.124357
-0.024468,-0.215469,-0.073053
0.041416,-0.196110,0.073828
0.028219,-0.071039,0.216191
0.001687,0.089242,0.213843
-0.013513,0.362910,0.152128
-0.001743,0.536195,0.096035
0.014903,0.598596,0.153449
-0.031598,0.491558,0.177458
-0.025341,0.243758,0.095786
0.027527,0.056386,0.041811
0.001201,-0.076859,-0.000473
-0.017810,-0.107664,-0.046070
0.011299,0.005134,-0.050566
0.070685,0.074977,0.105994
-0.007369,-0.004571,0.172734
-0.048630,-0.113680,0.085000
0.014247,-0.127466,0.081519
0.002505,-0.059723,0.073417
-0.043478,0.107431,0.013424
-0.038694,0.319125,-0.042326
0.005190,0.435404,-0.048572
0.032513,0.496161,-0.037423
0.033385,0.335556,0.033747
0.062681,0.057901,0.119789
0.041957,-0.229529,0.177962
0.019106,-0.158370,-0.019614
0.007264,-0.131632,0.023328
-0.015881,-0.067615,0.004025
-0.071671,-0.049732,-0.018156
-0.090240,-0.180369,-0.097216
-0.046481,-0.418462,-0.209403
-0.002577,-0.585688,-0.264960
0.013545,-0.459440,-0.227447
0.027003,-0.105680,-0.100038
0.062610,0.209042,0.122791
0.004796,0.384550,0.297965
-0.044074,0.347588,0.243305
0.074014,0.331475,0.300965
0.052929,0.292331,0.332162
-0.044611,0.339572,0.197242
-0.042151,0.432556,-0.053706
-0.014061,0.335019,-0.256644
0.010364,0.010712,-0.436020
0.043531,-0.401619,-0.355765
0.031294,-0.906501,-0.251950
0.021559,-0.992756,-0.221780
-0.008159,-0.851434,-0.139525
-0.071372,-0.575069,-0.152838
-0.050871,-0.370994,-0.209306
-0.010666,-0.248753,-0.193431
0.000049,-0.279287,-0.144911
-0.010545,-0.267518,-0.061569
-0.023634,-0.158611,0.024600
0.013794,0.038284,0.063180
0.091694,0.224093,0.140404
0.086431,0.337208,0.258140
-0.036979,0.278640,0.253140
-0.036991,0.026471,0.049684
0.002015,-0.259858,-0.122659
0.013003,-0.265731,-0.146058
-0.020922,-0.274238,-0.162941
-0.039188,-0.431989,-0.210761
-0.015413,-0.487398,-0.160196
0.041192,-0.331658,-0.112718
0.048488,-0.159964,-0.085881
-0.011180,0.044311,-0.134507
-0.025675,0.219655,-0.189338
-0.003774,0.278199,-0.192643
0.012830,0.193928,-0.105930
-0.004081,0.054153,-0.011280
-0.000850,-0.045450,0.022291
0.013411,-0.067997,0.022461
0.010015,-0.055187,0.008964
0.021551,-0.058439,0.008024
0.022247,-0.032460,0.094781
-0.057818,-0.033627,0.100261
-0.034514,-0.084686,-0.017380
0.040305,-0.167747,-0.003894
0.011995,-0.147877,0.070538
-0.012579,-0.054090,0.099875
-0.004849,0.043207,0.079284
0.012434,0.071631,0.023363
0.025575,0.096541,-0.008760
0.012971,0.087198,-0.031486
0.003533,0.041826,-0.092826
-0.003776,0.025783,-0.109597
-0.021013,0.013716,-0.100469
-0.035694,-0.040894,-0.100437
-0.013371,-0.096537,-0.097369
0.011737,-0.117196,-0.068299
0.028926,-0.050801,0.004511
0.027695,0.016790,0.078039
0.005896,0.080133,0.158797
-0.034375,0.101755,0.126874
0.006174,0.034156,0.057550
0.040805,-0.056570,0.090305
0.004946,-0.117588,0.148854
-0.027388,-0.138450,0.111863
-0.011118,-0.145105,0.023920
0.009325,-0.102714,-0.052000
0.006157,0.001204,-0.105529
-0.009297,0.061505,-0.188011
-0.010507,0.075418,-0.222509
-0.002889,0.019554,-0.201084
0.002028,-0.045191,-0.132819
-0.009057,-0.099074,-0.082739
0.001495,-0.127228,-0.045301
0.010978,-0.166098,0.006806
0.012064,-0.149420,0.057133
0.016002,-0.064469,0.108096
0.010557,0.016506,0.141526
-0.022025,0.074363,0.131991
-0.029589,0.049059,-0.000454
0.029770,0.037685,-0.028693
0.030895,0.098033,0.039995
-0.001411,0.138182,0.080078
-0.010293,0.115849,0.056684
-0.003554,0.075406,0.036191
0.001539,0.060620,0.011612
0.022269,0.092713,-0.005059
0.028485,0.119542,-0.030328
-0.003404,0.130956,-0.014740
-0.027188,0.077568,-0.016149
-0.028132,-0.031081,-0.035359
-0.021671,-0.144994,-0.061074
-0.007524,-0.209983,-0.072355
0.003490,-0.194113,-0.056174
0.012452,-0.116463,-0.031860
0.020890,0.017947,-0.020149
0.021771,0.096112,0.070453
-0.034914,0.070021,0.006995
0.032387,0.006120,0.011354
0.040352,0.065003,0.117678
0.017358,0.162528,0.190269
0.000299,0.165468,0.213983
-0.029077,0.134710,0.192315
-0.009996,0.127507,0.153908
0.015523,0.092576,0.126727
0.013578,0.070813,0.068375
0.008991,0.121595,-0.011274
0.009741,0.193354,-0.044821
-0.014018,0.203047,-0.054383
-0.050643,0.140232,-0.077253
-0.058801,0.041168,-0.103652
-0.015525,-0.073104,-0.092875
0.021231,-0.131150,-0.038924
0.020478,-0.099544,-0.002030
0.034858,0.006788,0.018684
0.045729,0.059615,0.064437
0.005416,0.020796,0.132095
-0.025361,-0.044027,0.106784
-0.001847,-0.039603,0.078179
0.011140,0.021284,0.102581
0.012591,0.161660,0.169869
-0.030359,0.294955,0.168100
-0.039567,0.302713,0.107802
0.003515,0.308679,0.079009
0.025673,0.141251,0.077314
0.041040,0.044353,0.058172
0.046051,0.023516,0.037846
0.034252,0.138768,0.030443
0.032645,0.320822,0.051907
-0.015243,0.410073,0.081909
-0.057050,0.376791,0.096796
-0.086201,0.247994,0.046758
-0.044275,0.029933,-0.042660
0.016547,-0.138575,-0.052698
0.018951,-0.174915,-0.054944
0.043615,-0.064765,0.015091
0.050078,0.086714,0.117601
0.009626,0.076984,0.262870
-0.046471,0.108992,0.255836
-0.010547,0.143110,0.161375
0.043927,0.185429,0.131655
0.017428,0.260892,0.144587
-0.014075,0.349489,0.133761
-0.027398,0.334831,0.084794
-0.012181,0.249141,0.017276
0.001667,-0.022774,-0.093956
0.034478,-0.317043,-0.120109
0.045647,-0.365909,-0.106461
0.040004,-0.260680,-0.059517
0.005912,-0.161945,-0.020755
-0.071711,-0.109480,-0.036463
-0.092284,-0.064229,-0.104143
-0.051069,-0.097953,-0.165147
0.010436,-0.190773,-0.159704
0.026519,-0.229749,-0.094772
0.023002,-0.107868,-0.025667
0.041382,0.121541,0.063824
0.044330,0.233249,0.220087
-0.023129,0.299748,0.299946
-0.000701,0.245260,0.294429
0.034435,0.161492,0.261996
0.012906,0.160323,0.199847
-0.006598,0.258337,0.102085
-0.011366,0.365815,-0.005686
-0.013495,0.412416,-0.106516
-0.002879,0.344580,-0.173128
-0.001311,0.060646,-0.179491
-0.027312,-0.346250,-0.192182
0.010219,-0.464672,-0.152469
0.033536,-0.491951,-0.115568
0.027815,-0.398684,-0.039904
-0.010703,-0.249016,0.039783
-0.048698,-0.076481,0.060946
-0.044026,-0.001542,0.024345
0.000051,-0.063086,-0.005324
0.023489,-0.047284,0.008940
0.018548,0.052110,0.087470
0.014605,0.204082,0.142678
0.046218,0.348962,0.290614
-0.017911,0.447363,0.365808
-0.014674,0.590303,0.389113
0.025525,0.573540,0.272416
0.004074,0.379554,0.104247
0.017226,0.347922,-0.023220
-0.004974,0.351387,-0.064667
-0.011858,0.338732,-0.105952
0.002154,0.229207,-0.150765
0.003381,-0.060757,-0.178025
-0.017043,-0.409390,-0.168189
0.009615,-0.550531,-0.106942
0.025677,-0.605529,-0.051517
0.033315,-0.454993,0.050663
0.014239,-0.203149,0.162237
-0.027025,0.034536,0.181708
-0.054547,0.162101,0.116429
-0.032081,0.169125,0.045839
-0.012701,0.180821,0.048139
-0.003404,0.278470,0.087986
0.050118,0.437900,0.151655
0.082234,0.587978,0.428286
-0.043551,0.567831,0.517376
-0.029623,0.487823,0.388346
0.052629,0.346698,0.218073
0.033678,0.243025,0.044709
-0.017885,0.196553,-0.128108
-0.024671,0.148172,-0.251676
-0.009860,0.099225,-0.270233
0.002644,0.015196,-0.291527
0.010061,-0.180191,-0.291851
-0.004625,-0.463389,-0.227274
-0.042381,-0.636046,-0.206285
0.014920,-0.601396,-0.149088
0.050254,-0.375412,-0.037079
0.029400,-0.150651,0.112977
-0.019440,0.035109,0.223794
-0.053743,0.150509,0.194039
-0.023689,0.188205,0.155799
0.002293,0.214830,0.169758
0.005565,0.316007,0.184725
0.022944,0.530176,0.210378
0.056409,0.644218,0.341038
-0.017144,0.667962,0.437455
-0.048263,0.583494,0.345491
0.023995,0.467549,0.195385
0.015561,0.338743,-0.042190
0.025228,0.198530,-0.215185
0.010619,0.017339,-0.296762
-0.015993,-0.016178,-0.255114
-0.008065,-0.053468,-0.239897
-0.000077,-0.247837,-0.246359
-0.036155,-0.534457,-0.267690
-0.013000,-0.683839,-0.247023
0.042361,-0.673235,-0.120560
0.044611,-0.472209,0.048798
0.014554,-0.213137,0.169431
-0.020545,0.002781,0.244212
-0.056887,0.097121,0.185307
-0.023247,0.100947,0.117819
0.006443,0.069235,0.092710
0.018253,0.152445,0.092431
0.039070,0.286313,0.137977
0.030666,0.411273,0.269128
-0.045240,0.474267,0.292575
-0.048175,0.452375,0.215740
-0.012113,0.358128,0.025144
0.029539,0.185423,-0.197772
0.058551,0.094171,-0.252190
0.020917,-0.016305,-0.235959
-0.009017,-0.025167,-0.197533
-0.003752,-0.075220,-0.216002
0.016078,-0.265520,-0.195762
-0.039200,-0.501042,-0.174504
-0.021330,-0.617535,-0.157245
0.023847,-0.602269,-0.078832
0.038323,-0.416653,0.052227
0.035446,-0.117983,0.173942
-0.014267,0.110781,0.239315
-0.061938,0.190317,0.169471
-0.038432,0.204801,0.096878
-0.004346,0.220971,0.078809
0.026317,0.322139,0.101121
0.052402,0.511064,0.197417
0.033803,0.654019,0.334333
-0.039768,0.690794,0.407259
-0.040364,0.626918,0.366586
-0.043229,0.505030,0.075432
0.047481,0.290022,-0.199039
0.089497,0.115208,-0.252259
0.000758,0.009706,-0.169155
