0.004511,-0.023077,0.011053
0.002400,-0.025221,0.012105
0.001221,-0.032691,0.010996
-0.000953,-0.035880,0.016206
-0.002179,-0.032697,0.015235
-0.002370,-0.030553,0.012090
0.001366,-0.024069,0.003568
0.001291,-0.016552,-0.002769
0.000294,-0.006905,-0.008029
0.003254,0.000594,-0.011178
0.002448,0.019170,-0.075955
-0.009782,0.052122,-0.407212
-0.025783,0.037009,-0.394333
-0.006184,0.003026,-0.077820
0.006009,0.014390,0.009007
0.004708,0.005891,-0.003712
0.000772,-0.002721,0.002684
-0.001606,-0.012382,0.010073
0.001505,-0.020931,0.013172
0.010588,-0.017679,0.006793
0.018086,-0.012327,0.003657
0.018692,-0.009127,0.002641
0.011781,-0.004834,-0.000523
0.013040,-0.001627,-0.001558
0.011057,0.004807,-0.005768
0.008475,0.004810,-0.005777
0.009650,0.002672,-0.005787
0.007863,-0.001632,-0.001545
0.008123,-0.004808,-0.002683
0.010460,-0.005912,0.002634
0.008944,-0.013390,0.004682
0.010418,-0.014461,0.004683
0.008903,-0.011261,0.006807
0.007620,-0.009132,0.005791
0.006359,-0.009131,0.006838
0.007125,-0.008080,0.010025
0.007832,-0.009164,0.012150
0.005623,-0.000577,0.004771
0.004490,0.001523,0.005926
0.004250,0.003656,0.004901
0.003083,0.004759,0.000633
0.003938,0.005863,-0.004684
0.002839,-0.000563,-0.003633
0.001742,-0.002719,-0.001503
0.004511,-0.004808,-0.004774
0.006349,-0.009053,-0.004870
0.003266,-0.013363,0.000430
0.003124,-0.022945,-0.001800
0.006871,-0.025109,0.003487
0.007625,-0.032592,0.005549
0.006458,-0.043249,0.004377
0.007207,-0.055066,0.015988
0.002875,-0.060434,0.018120
0.005443,-0.064728,0.022334
0.007035,-0.063663,0.023396
0.007589,-0.067969,0.028688
0.004194,-0.061588,0.030888
0.000839,-0.050891,0.025681
0.001474,-0.036937,0.017221
0.004204,-0.032633,0.012979
0.003168,-0.025158,0.009893
0.000032,-0.016647,0.010031
-0.001054,-0.012350,0.004764
0.000757,-0.002799,0.009168
-0.000239,0.004755,-0.002493
0.001764,0.009127,-0.015276
0.004682,0.015458,-0.006671
0.006617,0.018699,-0.008838
0.007724,0.021895,-0.006707
0.004920,0.030426,-0.005572
0.005043,0.031528,-0.007748
0.006169,0.031537,-0.006724
0.006244,0.021927,-0.005743
0.004257,0.004763,0.003761
0.001217,-0.008078,0.007930
0.002008,-0.014537,0.013251
0.001755,-0.016695,0.016433
-0.000425,-0.011339,0.013286
0.001379,-0.002755,0.008007
0.004217,0.002623,0.002714
0.008150,0.007984,-0.000448
0.005312,0.013342,-0.002553
0.004469,0.012305,-0.004730
0.002615,0.006973,-0.005831
0.001675,0.000560,-0.005859
0.001655,-0.006945,-0.002692
0.002566,-0.009069,-0.002737
0.001461,-0.006964,0.000495
0.002297,-0.008025,0.000469
0.004153,-0.010158,0.001494
0.003073,-0.009069,-0.000646
0.003977,-0.006964,0.002586
0.003929,-0.006979,0.004716
0.002900,-0.007001,0.005821
0.002844,-0.002706,0.002651
0.001858,0.005793,0.008051
0.001863,0.016485,0.003901
0.001901,0.021854,-0.000324
0.002984,0.029362,-0.004543
0.002141,0.031499,-0.005577
0.003260,0.022954,-0.004583
0.004360,0.019743,-0.003539
0.004464,0.014444,-0.007863
0.003554,0.011256,-0.010016
0.002634,0.009094,-0.006826
0.004612,0.002693,-0.006884
0.003606,0.000496,0.000582
0.004517,0.004745,0.002762
0.004452,0.003670,0.003819
0.004454,0.008995,0.004938
0.002488,0.013243,0.007119
0.001482,0.010048,0.004984
0.000524,0.012172,0.006074
0.001507,0.013243,0.006074
0.002522,0.014338,0.002873
0.001594,0.011180,-0.002495
0.003580,0.010105,-0.001439
0.000678,0.015459,-0.003536
0.000754,0.019734,-0.003515
0.001824,0.020801,-0.003506
0.001947,0.024018,-0.005611
0.003068,0.026155,-0.004553
0.002196,0.022923,-0.001365
0.001272,0.019684,0.003936
0.003255,0.013276,0.004941
0.002240,0.001479,0.011272
0.001213,-0.003838,0.009086
0.003064,-0.008141,0.012277
0.001979,-0.002781,0.009121
0.002900,0.006854,0.004938
0.002900,0.014370,-0.001394
0.002053,0.017664,-0.012065
0.004174,0.024077,-0.013088
0.003383,0.025143,-0.012029
0.002613,0.021986,-0.016354
0.002759,0.014482,-0.012146
-0.000092,0.001629,-0.006901
0.001852,-0.010114,-0.005941
0.003704,-0.018716,0.002526
0.002533,-0.026244,0.008890
0.002368,-0.021989,0.012096
0.000223,-0.017661,0.004657
0.003024,-0.015526,0.005717
0.003929,-0.009156,0.010041
0.000955,-0.001711,0.011215
0.000913,0.000449,0.006984
-0.001042,0.005770,0.007064
-0.000028,0.005802,0.002798
0.001011,0.011171,-0.001427
0.000078,0.016493,-0.000299
0.002085,0.018652,-0.003486
0.002139,0.015452,-0.002470
0.003208,0.016522,-0.001422
0.003261,0.010142,-0.001535
0.003290,-0.001638,0.004750
0.002245,-0.004935,0.015430
0.000118,-0.012371,0.010049
0.002909,-0.016717,0.018584
0.001758,-0.016692,0.016426
0.002586,-0.017800,0.021752
0.002462,-0.015588,0.013201
0.006212,-0.015562,0.012087
0.005113,-0.008111,0.012199
-0.002783,0.000424,0.009141
-0.001811,0.001492,0.007053
-0.000824,0.003657,0.001762
-0.001791,0.004757,-0.003542
-0.000766,0.007982,-0.006714
-0.000717,0.013313,-0.004568
0.002320,0.022994,-0.013053
0.003446,0.028396,-0.018408
0.004663,0.026278,-0.018470
0.004852,0.025205,-0.016373
0.004019,0.014501,-0.011148
0.003122,0.002687,-0.001635
0.004079,-0.010194,0.007866
0.000987,-0.016649,0.013175
-0.000136,-0.011325,0.013253
0.000729,-0.004916,0.012242
0.001631,0.003657,0.006992
0.004568,0.015435,0.002804
0.001737,0.021892,-0.003559
0.001888,0.029386,-0.006698
0.003064,0.028361,-0.012045
0.002277,0.021926,-0.008874
0.002391,0.014415,-0.004648
0.000463,0.005825,0.000648
0.000445,0.001529,0.003821
0.001325,-0.004922,0.010167
0.002202,-0.007077,0.012297
0.002056,-0.010262,0.011179
0.000965,-0.009212,0.013325
0.002827,-0.003864,0.012293
0.002747,-0.001701,0.008052
0.001739,-0.000640,0.008077
0.000785,0.004715,0.005981
0.001768,0.013279,0.002841
-0.000121,0.013327,-0.002511
0.000967,0.016552,-0.004638
0.000038,0.011224,-0.003655
0.000093,0.009051,0.000610
0.001076,0.003682,0.004835
0.001021,-0.005986,0.012242
0.000911,-0.013414,0.006841
0.000786,-0.018797,0.011102
0.003521,-0.025194,0.011035
-0.000572,-0.023080,0.013197
0.003174,-0.017741,0.012188
0.001132,-0.007030,0.007991
0.003085,-0.001680,0.006954
0.003044,0.003694,0.002714
0.002116,0.002662,0.000523
0.003112,0.007961,0.004846
0.000199,0.007954,0.004865
0.000235,0.011184,0.000634
0.001229,0.005878,-0.003674
0.002279,0.003796,-0.009054
0.004260,-0.002618,-0.008035
0.005240,-0.007968,-0.004904
0.001278,-0.015430,-0.007081
0.002162,-0.018674,-0.001766
0.002068,-0.020835,0.001424
0.003929,-0.018709,0.004601
0.002862,-0.012254,-0.000711
0.000842,-0.005920,0.006842
0.000773,-0.000557,0.003678
0.002669,-0.003797,0.007935
0.000705,-0.004780,-0.002751
0.000734,-0.003720,-0.002724
-0.000251,-0.005865,-0.002713
-0.000273,-0.011210,-0.002734
-0.000320,-0.017592,-0.005981
-0.000381,-0.023021,0.005724
-0.000546,-0.018759,0.005775
0.000333,-0.013407,0.003687
0.003205,-0.006982,0.001590
0.004153,-0.000609,0.005905
0.002189,-0.003800,0.005853
0.002129,0.003583,0.014506
-0.002816,0.005762,0.007087
0.000160,0.010062,0.003904
0.002186,0.010125,-0.004627
0.001302,0.008018,-0.006809
0.004287,-0.002684,-0.002634
0.004260,-0.006914,-0.004861
0.005232,-0.006916,-0.003810
0.000290,-0.013361,0.001476
0.001209,-0.015505,0.002528
0.003002,-0.024064,0.005650
0.001851,-0.021989,0.012097
0.000696,-0.017733,0.014261
-0.002358,-0.014513,0.010056
-0.000504,-0.013453,0.011128
0.000385,-0.009171,0.007991
-0.000638,-0.000592,0.001677
0.003293,0.007954,-0.000367
0.003349,0.021877,-0.006656
0.002517,0.028312,-0.009822
0.002743,0.040059,-0.011839
0.003001,0.044327,-0.010755
0.003300,0.042257,-0.016170
0.002589,0.032676,-0.017358
0.000923,0.021028,-0.026057
0.004061,0.002933,-0.029467
0.004209,-0.015214,-0.026466
0.003249,-0.028006,-0.026611
0.003233,-0.037603,-0.026709
0.003112,-0.041950,-0.018174
0.002961,-0.040934,-0.012801
0.001835,-0.030306,-0.010508
0.000709,-0.018686,0.000356
-0.002326,-0.008057,0.002649
-0.000446,-0.002768,0.006997
-0.003395,-0.000695,0.012403
-0.003446,-0.000696,0.012407
-0.001527,-0.001732,0.010225
0.000396,-0.005967,0.009057
0.002284,-0.009141,0.006868
-0.000697,-0.005888,0.003623
0.002234,-0.003689,-0.001759
0.003251,-0.001515,-0.007074
0.004289,0.003862,-0.010275
0.002419,0.008088,-0.005943
0.000557,0.002770,-0.009173
0.001570,0.001633,-0.002723
0.002584,-0.004848,0.003703
-0.000437,-0.011335,0.010141
-0.002537,-0.015641,0.013342
0.001205,-0.018865,0.015466
0.003010,-0.014577,0.013362
0.003821,-0.011365,0.012314
0.002721,-0.010258,0.009080
0.004600,-0.008090,0.006919
0.005526,-0.009123,0.004728
0.002549,-0.005870,0.000438
0.000602,-0.006939,0.001481
0.000556,-0.014388,-0.000728
0.002468,-0.012229,-0.002867
0.003427,-0.013306,-0.002850
0.001422,-0.006908,-0.004874
0.000443,0.000570,-0.005879
0.002476,0.008072,-0.011128
0.002606,0.016617,-0.012123
0.002768,0.026217,-0.012031
0.001975,0.031540,-0.011957
0.002158,0.028326,-0.010904
0.001317,0.021881,-0.005618
0.003390,0.009086,-0.005753
0.003376,-0.004841,0.001592
0.003306,-0.011256,0.003662
0.002210,-0.017686,0.006817
0.003043,-0.025163,0.007819
0.003816,-0.033675,0.007682
0.001641,-0.035891,0.016242
-0.001519,-0.025233,0.016368
0.000284,-0.013435,0.007945
0.001240,0.001541,0.002747
0.000270,0.013275,0.002856
-0.000622,0.023965,0.000806
-0.000447,0.029372,-0.007702
-0.000283,0.027265,-0.010929
0.000908,0.021917,-0.006758
0.001017,0.013375,-0.004725
0.001093,-0.000480,-0.006979
0.003015,-0.013302,-0.003906
0.002977,-0.016496,-0.005000
0.005793,-0.022932,0.000264
0.002709,-0.029365,0.004471
0.002543,-0.030458,0.007667
0.000417,-0.029393,0.005592
0.001235,-0.025164,0.009912
-0.000873,-0.019769,0.002481
0.001030,-0.010178,0.004687
0.000959,-0.006970,0.003652
0.001914,-0.008033,0.003632
0.001892,-0.009074,0.000417
0.003804,-0.014391,-0.001768
0.001780,-0.013329,-0.000700
-0.000265,-0.014405,-0.000684
-0.000337,-0.011226,0.002538
-0.001392,-0.006934,-0.000625
-0.000395,-0.002647,-0.002730
0.001587,0.001600,-0.001592
-0.001306,0.004829,-0.004773
0.001680,0.004830,-0.003730
0.003696,0.000607,-0.009116
0.003744,0.003786,-0.004846
0.001818,0.004847,-0.004820
0.002847,0.007025,-0.009099
0.001947,0.008093,-0.009091
0.004929,0.000610,-0.008075
0.003970,-0.000568,0.003708
-0.000005,-0.003810,0.005881
-0.001031,-0.005947,0.004823
0.001838,-0.003788,0.000594
0.001823,-0.001683,0.003825
0.004744,0.002608,0.001710
0.000827,0.003670,0.002778
0.001831,0.005850,-0.001507
0.002864,0.009124,-0.006898
0.004884,0.008058,-0.005863
0.001986,0.005903,-0.002692
0.002026,0.002666,0.000511
0.001023,0.000517,0.002623
0.000036,0.001557,0.004796
0.000989,0.000460,0.005910
0.001945,0.003666,0.004881
0.001933,0.006870,0.003855
0.000964,0.011115,0.004996
0.001006,0.008995,0.002851
0.000047,0.010071,0.001790
0.001016,0.010031,0.007125
0.002011,0.007939,0.003859
0.003009,0.006877,0.004883
0.003990,0.004761,0.002727
0.003979,0.007963,0.002752
0.003029,0.006939,-0.000509
0.003072,0.009051,0.002704
0.002140,0.014386,0.001706
0.002215,0.018689,-0.003578
0.001328,0.021883,-0.003533
0.000460,0.025096,-0.005628
0.002566,0.024031,-0.006687
0.000716,0.024010,-0.004541
0.000774,0.020792,-0.003480
0.001840,0.011187,-0.002512
0.000910,0.006909,-0.000430
0.001874,-0.000596,0.004829
0.001829,-0.003771,0.002640
0.002744,-0.007005,0.006881
0.000702,-0.000601,0.005884
-0.000263,0.005848,0.000590
0.003680,0.010125,-0.000442
0.002754,0.012248,0.002744
0.000823,0.010121,0.001661
0.004791,0.011204,-0.001510
-0.001051,0.007934,0.004916
-0.001052,0.003638,0.008089
0.002776,0.001491,0.009154
0.003727,-0.004921,0.011215
0.001667,-0.008152,0.014402
0.000507,-0.009234,0.016522
-0.000558,-0.011332,0.010137
0.001353,-0.007015,0.004817
0.003250,-0.007013,0.004809
0.005179,0.002591,0.004893
0.004230,0.007998,-0.003616
0.005253,0.013361,-0.004689
0.001415,0.012280,-0.002570
-0.000477,0.004775,0.000596
0.000481,-0.002700,0.002640
-0.000568,-0.007032,0.010088
0.001287,-0.009168,0.010078
0.001179,-0.008096,0.009027
0.002110,-0.006984,0.004734
0.004038,-0.000551,0.002619
0.005974,0.002678,-0.000563
0.004082,0.004846,-0.003771
0.003123,0.005938,-0.006965
0.001230,0.001642,-0.003792
0.000285,-0.001526,-0.007044
0.000304,-0.003708,-0.001708
-0.000707,-0.004802,0.000447
0.000192,-0.004822,0.003635
0.001125,-0.005890,0.003628
0.003075,-0.005869,0.001482
0.005996,-0.003713,0.000396
0.004041,0.004839,-0.002708
0.003097,0.002690,-0.001640
0.000147,-0.000528,-0.000578
0.002110,0.003737,-0.001578
0.002128,0.001558,0.003749
0.001133,-0.000610,0.006956
-0.000864,-0.000633,0.008061
-0.000946,-0.004916,0.009110
-0.000068,-0.001762,0.014487
0.000848,-0.000677,0.011312
0.001795,-0.000635,0.007019
0.001763,-0.001676,0.003805
0.002737,-0.001618,-0.000530
0.003718,-0.000530,-0.001620
0.002760,-0.000524,-0.002680
0.002758,-0.003721,-0.002720
0.000784,-0.009083,0.001487
0.001691,-0.016622,0.008926
0.000579,-0.014545,0.014322
-0.001523,-0.015639,0.016476
0.000262,-0.016722,0.017555
-0.000884,-0.016721,0.016507
0.000873,-0.012497,0.020842
-0.000260,-0.007165,0.019849
-0.000340,0.001441,0.011375
0.001587,0.008944,0.008213
0.001573,0.019630,0.005126
0.003629,0.030337,0.003031
0.003791,0.032505,-0.000176
0.004931,0.025057,0.000751
0.002145,0.016535,0.000639
0.005178,0.000564,-0.002727
0.006168,-0.017578,-0.000784
0.006082,-0.032492,-0.002023
0.005914,-0.042100,-0.001047
0.004696,-0.048579,0.007464
0.004378,-0.052896,0.012783
0.004011,-0.058296,0.019182
0.001681,-0.051939,0.022492
0.002283,-0.050940,0.029999
0.001903,-0.047778,0.033266
-0.002440,-0.043569,0.038687
0.000079,-0.042516,0.040823
-0.003248,-0.043569,0.038688
-0.001690,-0.044595,0.034386
-0.003010,-0.043474,0.027981
-0.002328,-0.045539,0.021507
-0.001617,-0.041204,0.015093
0.001105,-0.034733,0.008694
0.001986,-0.029301,-0.000925
0.000912,-0.023888,-0.008401
0.001938,-0.013159,-0.014736
0.000022,-0.003537,-0.017841
0.003078,0.003925,-0.018806
0.001227,0.007081,-0.015521
0.002314,0.010239,-0.012243
0.000402,0.003764,-0.005834
0.000443,-0.002701,-0.000495
0.000399,-0.004909,0.005955
0.003281,-0.003793,0.001652
0.005227,0.002631,0.000606
0.005228,0.009078,-0.003643
0.003321,0.004846,-0.006909
0.002385,0.002725,-0.006962
0.001466,-0.001545,-0.006995
0.000525,-0.004711,-0.010250
-0.001403,-0.007876,-0.013508
0.001582,-0.010041,-0.010309
0.002569,-0.015353,-0.012506
0.001612,-0.014273,-0.014624
0.000661,-0.013221,-0.013529
0.001614,-0.010026,-0.012439
0.003593,-0.004744,-0.007026
0.002606,0.000550,-0.002690
0.000666,0.003747,-0.001606
-0.000296,0.006861,0.008060
0.001646,0.005743,0.013413
0.001597,0.002523,0.015529
0.001559,0.007860,0.015570
0.000557,0.012205,0.005991
0.001583,0.017532,0.006060
0.001645,0.021868,-0.002446
0.002740,0.024029,-0.005635
0.000950,0.027254,-0.008807
0.002096,0.024106,-0.016294
0.000319,0.023014,-0.013099
0.002401,0.016602,-0.013130
0.000557,0.009095,-0.008913
0.000621,0.002647,-0.003619
0.001608,-0.008009,-0.004794
-0.000371,-0.012293,-0.002699
0.002512,-0.014418,-0.002741
0.002446,-0.012287,-0.000623
0.005354,-0.012241,-0.003879
0.005318,-0.006888,-0.004925
0.003375,-0.002631,-0.002769
0.002413,0.002680,0.000478
0.002413,0.008026,-0.001595
-0.000486,0.013347,-0.000467
-0.000430,0.011169,0.002765
-0.000409,0.012224,0.001759
-0.000381,0.006845,0.006012
-0.001363,0.002619,0.000635
0.000609,0.001567,0.000588
0.001613,-0.001623,-0.000514
0.001608,-0.004768,-0.005918
0.004571,-0.005813,-0.007031
0.003628,-0.003624,-0.012385
0.003693,-0.003594,-0.015600
0.003753,-0.004686,-0.012405
0.002833,-0.006805,-0.013509
0.001924,-0.008949,-0.013503
0.002894,-0.011166,-0.005984
-0.000054,-0.016508,-0.006012
0.000866,-0.014408,-0.003813
0.000857,-0.010134,-0.005884
0.002786,-0.004816,-0.004747
0.001794,-0.001616,-0.004715
0.002776,0.000532,-0.006827
0.001858,0.009070,-0.005714
0.002946,0.015496,-0.007811
0.004038,0.015507,-0.007838
0.003153,0.012296,-0.006794
0.001283,0.004829,-0.006865
0.001344,-0.004774,-0.004856
0.002271,-0.011227,0.001496
0.001229,-0.014408,-0.000675
0.002152,-0.012261,-0.002781
0.002123,-0.011208,-0.000644
0.002079,-0.010133,-0.001703
0.002070,-0.000523,-0.003730
0.004072,0.005895,-0.005808
0.003201,0.012331,-0.010024
0.002333,0.015506,-0.006788
0.002420,0.015504,-0.007829
0.001551,0.012267,-0.004625
-0.000347,0.001574,-0.001520
-0.001349,-0.008033,-0.000548
-0.000397,-0.010223,0.004806
-0.000520,-0.015576,0.006901
0.003295,-0.019836,0.006841
0.003159,-0.014473,0.005772
0.004106,-0.003761,0.001571
0.002130,0.005896,-0.004761
0.003190,0.010195,-0.007944
0.002295,0.013400,-0.007926
-0.000535,0.012362,-0.011149
-0.001397,0.011234,-0.004726
-0.003285,0.005901,-0.004776
-0.002270,-0.001573,-0.004831
0.000650,-0.011227,0.000448
-0.002358,-0.016571,0.001472
-0.000522,-0.018741,0.005730
0.003255,-0.016561,0.000402
0.002192,-0.010197,0.005786
0.002121,-0.001639,0.002664
0.003123,0.011186,0.001676
0.003214,0.020830,-0.003576
0.003351,0.024016,-0.002465
0.003491,0.012291,-0.003644
0.000627,0.000543,-0.003716
-0.000332,-0.008035,0.000502
0.000606,-0.012340,0.004744
-0.000488,-0.019841,0.006853
0.001347,-0.016610,0.004713
0.000239,-0.012346,0.005806
0.004070,-0.002747,0.005899
0.003086,0.005831,0.002729
0.004082,0.011168,0.002770
0.002187,0.009073,-0.001533
0.004197,0.006952,-0.001586
0.002261,0.000495,0.003729
0.002261,-0.002680,0.000498
0.000282,-0.005867,-0.002704
0.001198,-0.009114,0.002614
0.000162,-0.008041,0.001563
0.003045,-0.004856,0.003725
0.003986,0.002632,0.002692
0.000080,0.016567,-0.006765
0.001262,0.017610,-0.003555
0.005193,0.016504,0.002813
0.003290,0.019726,-0.000351
-0.000476,0.019777,-0.005713
0.000616,0.015493,-0.004666
0.002629,0.005848,-0.000456
-0.000298,-0.003749,-0.001601
-0.001276,-0.007994,-0.003789
-0.000384,-0.014439,0.000452
0.001509,-0.020849,0.001462
0.000435,-0.018663,-0.002838
0.003285,-0.016579,0.002540
0.005193,-0.005886,0.000482
0.005171,-0.001583,-0.002709
0.004190,0.003724,0.000545
0.002295,0.012270,-0.001499
0.003380,0.013404,-0.010029
0.002519,0.016550,-0.003583
0.001625,0.014428,-0.005724
0.001742,0.014433,-0.006784
-0.000122,0.012295,-0.006792
-0.000051,0.009153,-0.013247
0.002950,0.001688,-0.012280
0.001044,-0.000453,-0.012278
0.001079,-0.002588,-0.011247
0.001119,-0.006893,-0.007005
0.004002,-0.012242,-0.004925
0.002008,-0.011225,0.000445
0.001943,-0.013369,0.000452
0.001922,-0.005893,0.000501
0.002892,-0.003742,-0.002662
0.001907,0.000517,-0.000510
0.002894,0.001585,-0.000504
0.002933,0.001576,0.000565
0.000984,-0.001628,0.000541
0.000947,-0.005940,0.006894
0.001837,-0.010192,0.005771
0.001736,-0.009135,0.007898
-0.000287,-0.009118,0.004717
-0.000345,-0.010170,0.003622
-0.000408,-0.010174,0.003632
0.001498,-0.010151,0.000435
0.003452,-0.000534,-0.001610
0.004500,0.009134,-0.009017
0.003582,0.014496,-0.012176
0.002729,0.008109,-0.014363
0.002830,0.002724,-0.010095
-0.000036,0.003805,-0.010123
-0.000015,-0.001588,-0.004789
-0.000998,-0.004799,-0.001653
0.001908,-0.011219,0.001475
0.003818,-0.012250,-0.001766
0.005708,-0.014400,0.000350
0.002697,-0.012261,-0.001735
0.000692,-0.013356,0.000419
0.002604,-0.012277,-0.000651
0.001584,-0.006933,-0.001672
0.003547,-0.003703,-0.003812
0.001582,0.003700,0.003747
-0.001344,0.004795,-0.000501
0.001623,0.000513,0.000545
0.002598,0.000486,0.003751
0.002600,-0.000573,0.002678
0.001600,-0.001646,0.003730
0.003529,-0.009118,0.003673
0.003478,-0.006961,0.002585
0.001472,-0.008041,0.003655
0.001408,0.000507,0.000561
0.002374,0.000524,-0.001577
0.002419,0.003748,-0.003699
0.003451,0.004835,-0.005834
0.002512,-0.002655,-0.001662
0.002506,-0.005895,0.003643
0.000495,-0.008047,0.003671
0.002405,-0.013364,0.001485
0.003278,-0.015481,-0.000669
0.001240,-0.012326,0.004708
0.000185,-0.008063,0.004759
0.001111,-0.002713,0.001628
0.001094,0.005816,0.001721
0.002118,0.014393,-0.002494
0.002227,0.015490,-0.007793
0.000399,0.015483,-0.006730
0.004400,0.008007,-0.004686
-0.000490,-0.002730,0.003765
-0.001501,-0.010198,0.003698
0.001365,-0.016612,0.006811
0.002167,-0.015575,0.010034
0.004980,-0.017710,0.012110
0.001921,-0.015545,0.008911
0.002793,-0.011218,0.003566
0.003741,-0.004802,0.002537
0.002700,-0.005879,0.002556
0.001717,-0.002672,0.001521
0.002715,-0.003700,-0.003820
0.000755,-0.004760,-0.005939
0.000761,-0.005870,-0.002697
0.000746,-0.005922,0.001623
0.001692,0.000508,-0.001533
0.000764,0.010152,-0.006785
0.002783,0.014419,-0.007793
0.004854,0.017653,-0.009942
0.003017,0.012311,-0.007878
0.003086,0.003747,-0.003696
0.002122,-0.003740,-0.001624
0.002095,-0.014428,0.000422
0.002968,-0.018726,0.005692
0.001902,-0.016575,0.004622
0.000817,-0.011284,0.008966
0.000688,-0.008096,0.009027
0.000616,-0.003807,0.006919
0.002563,0.002636,0.002685
0.003576,0.006942,-0.001559
0.001701,0.012289,-0.003637
0.001753,0.011215,-0.002582
0.000841,0.004816,-0.003691
0.001875,0.003721,0.000556
0.002874,0.004828,-0.004770
0.000953,0.005896,-0.003718
0.000978,0.004811,-0.001589
0.002924,0.002682,-0.001621
0.001990,0.005893,-0.002665
0.002055,0.005931,-0.006944
0.002115,0.001624,-0.003744
0.002119,-0.006936,-0.001663
0.002101,-0.013362,0.000434
0.003995,-0.010117,-0.004882
0.000062,-0.002663,-0.002687
0.001019,-0.005888,-0.000559
0.000947,-0.004808,-0.001628
-0.000046,0.002658,-0.000510
-0.001009,0.009036,0.002746
-0.000950,0.011213,-0.000485
0.001082,0.011223,-0.000512
0.001157,0.009139,-0.005889
0.004218,0.011316,-0.010166
0.002323,0.013441,-0.009078
0.002432,0.011371,-0.016585
0.001625,0.011386,-0.019762
0.002729,0.012409,-0.014410
0.001838,0.013409,-0.007948
0.000960,0.014453,-0.006835
0.001053,0.010138,-0.002566
0.002084,0.010103,0.001709
0.003120,0.005811,0.004873
0.003120,0.005805,0.005932
0.004088,0.006933,-0.001538
0.004148,0.001633,-0.002721
0.004131,-0.004811,0.001515
0.000151,-0.009091,0.001509
0.003047,-0.010147,0.000428
0.001982,-0.012319,0.003645
0.000958,-0.010200,0.004746
0.001836,-0.008051,0.002634
0.001794,-0.005912,0.002643
0.003739,-0.001629,0.000548
0.002779,0.001590,-0.001563
0.002812,0.003749,-0.003702
0.003790,-0.000528,-0.002671
0.002823,-0.002691,0.001569
0.001778,-0.004898,0.009061
-0.001225,-0.001664,0.004820
0.002644,0.002618,0.004823
0.002594,0.007948,0.004882
0.000655,0.005809,0.004876
0.000683,0.010061,0.004954
0.001660,0.006874,0.004892
0.000687,0.005822,0.003797
0.000718,0.002637,0.002681
0.001668,-0.008053,0.003686
0.002538,-0.014503,0.010032
0.003404,-0.017699,0.009990
0.003261,-0.018723,0.006731
0.003130,-0.022966,0.005584
0.003994,-0.025128,0.007729
0.002871,-0.026180,0.006633
0.003702,-0.022965,0.005581
0.000683,-0.011220,0.003571
0.003556,0.001626,-0.000614
-0.001283,0.015545,-0.006892
-0.000163,0.026280,-0.015335
0.001035,0.042323,-0.019477
0.000333,0.046602,-0.020512
-0.000306,0.047689,-0.023692
0.000959,0.035908,-0.019496
0.000183,0.020912,-0.015292
0.001272,0.006973,-0.008961
0.001295,-0.004821,-0.000547
0.003196,-0.010207,0.004765
0.002144,-0.004838,0.000540
0.003112,-0.009113,0.002614
0.007877,-0.014496,0.011059
0.004805,-0.011294,0.012128
0.001841,-0.004847,0.005792
-0.001120,-0.000580,0.005833
0.003718,-0.003833,0.011170
0.001669,-0.004922,0.015400
0.000610,0.000454,0.009065
-0.000383,0.001557,0.003751
0.000614,0.003723,-0.000499
0.002622,0.002704,-0.006905
0.000689,-0.000504,-0.005870
0.000675,-0.000537,-0.001602
0.002602,-0.005889,-0.000557
0.001635,-0.009077,-0.001663
0.003558,-0.003753,-0.000544
0.005507,0.000517,-0.000512
0.005521,0.008012,-0.001559
0.005583,0.014453,-0.005790
0.003745,0.019809,-0.006844
0.001896,0.017630,-0.001517
0.000995,0.012323,-0.004773
-0.001900,0.008030,-0.001608
-0.000863,0.007000,-0.006942
0.000188,0.010242,-0.011203
0.002265,0.015623,-0.016506
0.002427,0.015656,-0.020777
0.003584,0.018843,-0.019666
0.002740,0.014518,-0.014325
0.000895,0.016572,-0.005732
-0.000038,0.010078,0.003866
0.001907,0.009025,-0.000363
0.001960,0.002622,-0.000416
0.003875,-0.002797,0.009170
0.003794,-0.001759,0.013436
0.003701,0.000349,0.018751
0.003635,0.002538,0.014443
0.002622,0.008993,0.009131
0.004602,0.012222,0.006996
0.002682,0.012250,0.002740
0.002722,0.009064,0.001626
-0.001181,0.007987,0.001645
-0.001136,0.012290,-0.002593
0.001913,0.015508,-0.005747
0.002948,0.016572,-0.005731
0.002068,0.021913,-0.007791
0.004126,0.016585,-0.009949
0.002297,0.013365,-0.007836
0.002369,0.004830,-0.007912
0.002420,0.000522,-0.003662
0.003399,-0.000585,0.001663
0.001417,0.000486,0.001662
0.003324,0.002605,0.004858
0.001339,0.003647,0.009114
0.000305,0.000461,0.008002
0.001244,0.001507,0.010157
-0.001743,0.003629,0.010208
-0.000783,0.004718,0.008069
0.000191,0.005813,0.004866
0.001189,0.009030,0.002762
0.001242,0.004776,-0.000451
0.001291,0.005896,-0.006855
0.002330,0.003772,-0.007946
0.002385,0.002679,-0.004748
0.002408,-0.000537,-0.002645
0.002438,-0.001608,-0.000552
0.003388,-0.003769,0.002637
0.003313,-0.010195,0.006826
0.002262,-0.009145,0.010018
0.002132,-0.003841,0.013283
0.002083,0.000478,0.005865
0.003052,0.001581,0.001598
0.001079,0.004794,-0.000496
0.000133,0.004797,-0.002597
0.001163,0.005864,-0.002587
0.002121,-0.000535,-0.003696
0.000199,-0.006957,-0.000562
0.001137,-0.009088,-0.000587
0.002060,-0.005884,-0.000568
0.002038,-0.006945,-0.000595
0.003954,-0.002701,0.003689
0.001969,-0.001618,0.002610
0.000965,0.001580,0.003692
0.001950,0.005876,0.000519
0.002940,0.006917,0.003734
0.001014,0.007992,0.001632
0.001065,0.011207,0.000577
0.000161,0.017657,-0.005768
0.001242,0.021945,-0.005783
0.002389,0.025198,-0.013212
0.004519,0.024139,-0.014288
0.001718,0.015593,-0.014336
0.000847,0.005921,-0.006919
-0.000143,-0.006965,0.001549
0.000739,-0.016633,0.006866
0.000603,-0.018814,0.013244
0.000426,-0.019900,0.014330
0.003202,-0.018819,0.014302
0.005067,-0.013442,0.009009
0.006923,-0.005966,0.009058
0.005911,-0.000574,0.002677
0.003970,0.003734,-0.001574
0.002062,0.005913,-0.005853
0.001144,0.005917,-0.005862
-0.000751,0.003783,-0.007974
-0.000721,0.004808,-0.003672
-0.000679,0.009076,-0.003634
0.000366,0.012318,-0.006851
0.002423,0.015551,-0.010043
0.002526,0.013414,-0.009009
0.002624,0.011268,-0.006904
0.002679,0.005938,-0.006963
-0.000221,0.004824,-0.002666
0.000738,0.000534,-0.000553
0.001748,0.002671,-0.001589
0.001795,0.005899,-0.004771
0.002809,0.010213,-0.011129
0.003912,0.016577,-0.005744
0.003051,0.020874,-0.009964
0.002235,0.017673,-0.008947
0.002353,0.015534,-0.010001
0.000574,0.014509,-0.014302
0.000660,0.004843,-0.007947
0.001658,-0.002658,-0.004790
0.001654,-0.006938,-0.002705
0.001646,-0.005879,-0.001628
0.004554,-0.004793,-0.003760
0.002554,-0.004831,0.000524
0.000576,-0.004871,0.003766
0.000527,-0.002721,0.002696
0.002475,-0.003783,0.002673
0.004418,-0.001636,0.001612
0.002463,0.006960,-0.004745
0.001566,0.012306,-0.005772
0.001642,0.011273,-0.010054
0.003698,0.012330,-0.007927
0.000879,0.012350,-0.007981
-0.000992,0.011252,-0.005816
-0.000933,0.003756,-0.002674
-0.000913,-0.001601,0.000472
0.000006,-0.011255,0.005754
-0.000047,-0.011232,0.002557
0.000841,-0.014452,0.004670
0.003673,-0.016574,0.003575
0.003604,-0.013389,0.004689
0.004531,-0.004837,0.001585
0.003564,0.002688,-0.004771
0.003611,0.008048,-0.007927
0.004673,0.009116,-0.006876
0.002817,0.005939,-0.009056
0.001919,0.006969,-0.004770
-0.000938,0.004840,-0.005846
-0.000929,-0.002650,-0.003764
0.001001,-0.004811,-0.000574
0.003937,-0.005840,-0.004866
0.002940,-0.006936,-0.000616
0.002891,-0.012238,-0.003887
0.001879,-0.009085,0.000449
-0.000115,-0.005852,-0.003791
0.001857,-0.003742,-0.001619
0.001843,-0.003724,-0.003757
0.000890,-0.003752,-0.001592
0.001843,-0.008051,0.002636
0.002780,-0.009141,0.005825
0.001740,-0.003787,0.002683
-0.000224,0.003720,-0.001534
0.002760,0.009102,-0.006838
0.003813,0.008029,-0.005787
0.000982,0.009115,-0.007918
0.003026,0.003804,-0.009073
0.003097,-0.003665,-0.009139
0.002126,-0.011177,-0.003862
0.001096,-0.016514,-0.002856
0.002997,-0.020808,-0.000734
0.001889,-0.021938,0.006742
0.000761,-0.024093,0.009913
0.001562,-0.019858,0.013174
0.003371,-0.015553,0.008932
0.001310,-0.009127,0.005788
0.000299,-0.004803,0.000451
0.001275,0.002643,0.002669
0.001310,0.008005,-0.001538
0.002351,0.009105,-0.005800
0.002474,0.012363,-0.012196
0.001610,0.007028,-0.012244
-0.001225,0.002711,-0.006924
-0.000271,-0.001598,-0.003716
-0.001261,-0.000522,-0.004777
0.000756,0.001616,-0.004768
0.003753,0.003805,-0.008030
0.004816,0.002755,-0.009132
0.002888,-0.002641,-0.002743
0.002878,-0.009065,-0.000649
0.001855,-0.011207,-0.000648
0.002803,-0.009057,-0.003807
0.002740,-0.006972,0.000520
0.002684,-0.003834,0.006990
0.001649,0.005806,0.001748
0.001683,0.016493,-0.000296
0.001841,0.020807,-0.005607
0.001970,0.026158,-0.004559
0.001169,0.019800,-0.008910
0.001280,0.011260,-0.006884
0.002314,0.002701,-0.003762
0.002321,-0.004763,-0.003836
0.003288,-0.005866,0.000431
0.004191,-0.009089,0.003597
0.003118,-0.004875,0.007959
-0.000862,0.000445,0.006998
0.001075,0.005761,0.007094
0.001081,0.014340,0.002873
0.002185,0.025049,-0.001319
0.001377,0.027231,-0.006655
0.003510,0.024096,-0.013129
0.002732,0.013446,-0.014321
0.000869,0.004880,-0.011181
-0.000101,-0.005797,-0.011255
0.000885,-0.012224,-0.008107
0.000834,-0.011203,-0.002749
0.002729,-0.006933,-0.002716
0.002670,-0.005929,0.004779
0.002597,-0.002743,0.005891
0.000615,0.003643,0.008080
0.001567,0.006838,0.008123
0.001589,0.007923,0.007042
0.002592,0.009011,0.004903
0.001633,0.006896,0.003788
0.001689,0.003757,-0.002676
0.002708,0.004871,-0.006972
0.000809,0.003798,-0.005920
0.000858,0.001683,-0.007034
0.000885,0.002766,-0.008113
0.002877,0.001637,-0.002732
0.000900,-0.000533,0.001527
0.000870,-0.003768,0.003680
0.000837,-0.002718,0.003733
0.003718,-0.001682,0.006960
0.001705,-0.000672,0.012349
0.001618,-0.001729,0.011265
0.000593,0.000445,0.006998
0.002518,0.003682,0.003794
0.003506,0.003714,0.001621
0.002536,0.003723,0.001596
0.000603,0.000536,0.000485
-0.000367,-0.001560,-0.002768
0.000604,-0.003665,-0.006000
0.001572,-0.009048,-0.000694
-0.000410,-0.011246,0.005729
-0.001507,-0.010223,0.007947
0.001342,-0.009151,0.006895
0.001296,0.000502,0.000574
0.004234,0.003715,-0.001521
0.005213,0.004743,0.004865
0.003247,0.010005,0.012423
0.003284,0.012222,0.002812
0.003358,0.011187,-0.001462
0.002457,0.014392,-0.002492
0.002510,0.005847,0.000594
0.003483,0.000508,0.001602
0.001528,-0.006939,-0.000611
0.001464,-0.010162,0.002558
0.000458,-0.010145,0.000420
0.002374,-0.009058,-0.002756
0.006281,-0.005858,-0.001680
0.004302,-0.001609,-0.000550
0.001314,0.002587,0.008042
0.000315,0.004716,0.007026
-0.000683,0.005759,0.009190
0.000236,0.004689,0.009191
0.000164,0.007863,0.011381
0.000159,0.015345,0.010367
0.001179,0.018593,0.006090
0.002227,0.023956,0.003969
0.002325,0.023991,0.001786
0.001460,0.024027,-0.001445
0.003511,0.017642,-0.002590
0.001640,0.007984,0.004789
0.000639,0.000509,0.004740
0.001612,-0.006930,0.001460
0.001569,-0.006965,0.003642
0.003463,-0.006939,0.000436
0.005428,-0.005849,-0.002753
0.004423,-0.001627,0.002637
0.002475,-0.001634,0.002655
0.003444,0.002619,0.004821
0.002443,0.001529,0.005917
0.002431,0.001530,0.006961
0.000408,0.004688,0.010237
0.000368,0.005767,0.008124
0.003311,0.005815,0.002771
0.001356,0.006923,-0.000465
0.003349,0.008018,-0.002621
0.001436,0.005880,-0.001584
0.001476,0.003772,-0.004807
0.000543,-0.000463,-0.008066
0.001593,-0.004670,-0.014539
0.002603,-0.003642,-0.009197
0.001665,0.003816,-0.007011
0.004726,0.011390,-0.017681
0.004875,0.018878,-0.018710
-0.001844,0.024177,-0.014386
0.002262,0.019904,-0.014410
0.001429,0.015578,-0.009068
-0.002414,-0.000529,0.000472
-0.002488,-0.013421,0.006865
-0.001643,-0.023093,0.012188
0.000163,-0.023062,0.007926
0.002002,-0.018790,0.006909
0.001903,-0.010232,0.005878
0.003806,-0.004856,0.001635
0.004791,0.002652,-0.002587
0.004858,0.006959,-0.005788
0.003978,0.003821,-0.011210
0.005042,0.000621,-0.010193
0.004125,-0.007950,-0.005994
0.002158,-0.014393,-0.001759
0.002085,-0.021878,0.000309
0.000983,-0.021858,-0.002879
0.002875,-0.016536,-0.001752
0.000862,-0.008002,-0.002719
0.000870,0.000534,-0.001601
0.004746,0.011149,0.004912
0.001824,0.016415,0.013505
-0.000115,0.019613,0.013538
0.002877,0.013307,0.000684
0.002883,-0.001691,0.005939
-0.000109,-0.011359,0.014390
0.000723,-0.018824,0.014315
0.005424,-0.025206,0.012116
0.000374,-0.021992,0.011063
0.004145,-0.013439,0.010049
0.002095,-0.010209,0.005817
0.002061,-0.000604,0.004851
0.004026,0.004789,-0.001529
0.005066,0.005836,-0.000423
0.003127,0.003694,0.001671
0.004140,-0.000575,0.000592
0.001190,-0.006983,0.000551
0.001144,-0.014449,0.000478
0.002034,-0.017691,0.005787
0.003851,-0.021931,0.003587
0.001798,-0.024075,0.006731
0.001657,-0.021915,0.004590
0.004455,-0.021887,0.004518
0.005322,-0.013367,0.005677
0.002304,-0.000558,0.003684
0.001353,0.008026,-0.001596
0.000400,0.010182,-0.003726
0.000481,0.009110,-0.004768
-0.000438,0.006939,-0.001551
-0.001409,0.004815,-0.002643
-0.002339,0.000561,-0.005855
0.000662,0.001660,-0.009065
-0.000268,0.003795,-0.009048
0.002736,0.004896,-0.011221
0.001824,0.007013,-0.009067
0.001929,0.008068,-0.007981
0.002971,0.009120,-0.006886
0.002036,0.006943,-0.002608
0.003068,0.006911,-0.000434
0.003103,0.005793,0.003873
0.001123,-0.000650,0.008107
0.002035,-0.003862,0.011247
0.002995,-0.001683,0.005919
0.002985,0.002591,0.005940
0.003941,0.004770,0.002705
0.002964,0.004798,-0.000507
0.003997,0.009092,-0.002629
0.002092,0.012287,-0.002585
0.000179,0.011186,0.000631
0.000196,0.006893,0.002749
0.002151,-0.000579,0.002691
0.002129,-0.000650,0.009153
0.001087,-0.001680,0.003819
0.000094,-0.000595,0.001690
0.002031,-0.001647,0.000595
0.003997,-0.000570,0.000578
0.004003,0.001568,0.000586
0.003024,0.002684,-0.003714
0.003071,0.001620,-0.003731
0.003091,0.005882,-0.002635
0.000196,0.003730,-0.000514
0.000165,-0.000579,0.002693
-0.000835,-0.002738,0.004832
0.001071,-0.007019,0.005875
-0.000949,-0.007024,0.006935
0.001916,-0.004897,0.006972
0.001838,-0.004889,0.005903
0.001814,-0.003792,0.002698
0.001796,-0.003808,0.003785
0.000795,0.001578,0.000561
0.000822,0.002717,-0.006939
0.003818,0.002734,-0.008029
0.002896,0.003764,-0.002695
0.001988,0.004895,-0.010172
0.003040,0.003808,-0.006993
0.004099,0.001713,-0.010249
0.004183,-0.000399,-0.013463
0.003271,-0.003642,-0.010244
0.003299,-0.004704,-0.011311
0.003354,-0.007919,-0.009212
0.002367,-0.005799,-0.008109
0.003347,-0.002626,-0.006965
0.001393,-0.005837,-0.005922
0.001386,-0.002652,-0.004805
0.000424,-0.004832,-0.000520
0.001351,-0.009125,0.002646
0.001287,-0.012336,0.003690
0.000208,-0.013395,0.003661
0.001107,-0.014447,0.002566
0.001998,-0.014458,0.004686
-0.001016,-0.011270,0.005792
0.001863,-0.006924,-0.001695
0.002843,-0.003679,-0.005963
0.003838,-0.006928,-0.000636
0.001844,-0.013368,0.003589
0.002752,-0.016590,0.005706
0.001671,-0.018716,0.004620
0.002524,-0.018751,0.008895
0.001392,-0.018802,0.016349
0.003194,-0.016666,0.014271
0.002102,-0.006999,0.007915
0.000100,-0.001627,0.003680
0.002092,0.002668,-0.000535
0.001152,0.010129,-0.000449
0.002195,0.010189,-0.006880
0.002321,0.017710,-0.013229
0.003443,0.017675,-0.008954
0.000553,0.010139,-0.003614
0.000609,0.006928,-0.002570
0.000638,0.000543,-0.005808
0.002555,-0.005897,-0.001582
0.001557,-0.009111,0.002610
0.001475,-0.013390,0.005738
0.004341,-0.017644,0.004618
0.004220,-0.019798,0.009882
0.003115,-0.025124,0.006673
0.001972,-0.022984,0.005630
0.003807,-0.021927,0.006713
0.002716,-0.015495,0.002506
0.000690,-0.004830,0.002612
0.001686,0.011195,0.000608
0.000797,0.016561,-0.004655
0.001894,0.020852,-0.006769
0.002067,0.016630,-0.011110
0.001241,0.017665,-0.006836
0.001325,0.012306,-0.004729
0.003371,0.005944,-0.009072
0.001458,0.001681,-0.010167
0.003415,-0.007989,-0.003801
0.001393,-0.013423,0.005823
-0.000662,-0.011291,0.003756
-0.000690,-0.003784,0.000584
0.003207,0.001589,-0.003649
0.005216,0.006962,-0.007888
0.003349,0.009093,-0.005770
0.001450,0.009102,-0.006840
0.000566,0.005925,-0.009020
0.001580,-0.003697,-0.005917
0.001568,-0.009041,-0.003848
0.001502,-0.016580,0.004636
0.001397,-0.015548,0.008919
-0.000731,-0.015587,0.013203
0.001099,-0.009182,0.013253
0.003951,-0.002758,0.010114
0.003906,0.003653,0.010145
0.002938,0.003664,0.008024
0.002936,0.002611,0.005888
0.000973,0.005856,0.000573
0.001991,0.005860,0.000564
0.000037,0.002682,-0.003709
0.001066,0.003747,-0.002650
0.001100,-0.001570,-0.003787
0.001073,-0.004809,-0.000579
0.000046,-0.010136,-0.001693
0.001974,-0.001617,0.000519
0.001965,-0.001534,-0.009112
0.004968,0.004846,-0.006907
0.005033,0.005913,-0.006896
0.004136,0.005920,-0.006915
0.002198,-0.000509,-0.003764
0.003201,0.000546,-0.002678
0.001240,-0.004832,0.003665
0.002174,-0.011251,0.005744
0.002038,-0.016617,0.009961
0.000895,-0.018784,0.014210
0.000718,-0.017736,0.016363
-0.000401,-0.024105,0.012039
0.001390,-0.015593,0.015311
-0.002643,-0.009149,0.008984
-0.001741,-0.002705,0.002656
0.002191,0.004823,-0.003708
0.002271,0.008067,-0.009023
0.004314,0.007019,-0.010127
0.002461,0.012324,-0.007912
0.000594,0.011274,-0.010058
0.001652,0.009145,-0.010089
0.002705,0.006987,-0.006908
0.002760,-0.002619,-0.004892
0.005678,-0.007978,-0.001737
0.001707,-0.009118,0.005764
-0.000314,-0.006976,0.003671
0.002574,-0.005877,-0.000587
0.002584,-0.001599,-0.001622
0.003605,-0.002633,-0.004854
0.005568,-0.003712,-0.002743
0.002595,-0.006974,0.003664
0.002581,-0.002722,0.005835
0.001533,-0.003773,0.003694
0.000537,-0.002692,0.001574
0.002452,-0.006955,0.000476
-0.001530,-0.008073,0.005829
0.000362,-0.007009,0.005847
0.000289,-0.004902,0.010120
0.000244,0.001546,0.003780
0.002240,0.004806,-0.001575
0.002266,0.005873,-0.001566
0.005224,-0.000522,-0.002684
0.002243,0.001591,-0.001564
0.000371,0.009126,-0.010038
0.002401,0.003745,-0.002645
0.003292,-0.001648,0.005828
0.002306,-0.002718,0.005826
0.001337,-0.002688,0.002611
0.002248,-0.009074,0.001466
0.005127,-0.010188,0.007852
0.004072,-0.013386,0.006772
0.001049,-0.011258,0.006807
0.000031,0.002659,0.000533
0.001059,0.014431,-0.004683
0.001121,0.021906,-0.005681
0.001290,0.032592,-0.008768
0.001501,0.034773,-0.014099
0.002680,0.031541,-0.010909
-0.000097,0.025112,-0.007757
0.001987,0.016541,-0.003558
0.004001,0.003700,0.000610
0.002038,-0.002704,0.000560
0.003943,-0.009137,0.004767
0.003846,-0.012346,0.006853
0.002751,-0.013433,0.011080
0.003601,-0.016634,0.012097
0.002475,-0.015570,0.013160
0.003290,-0.011320,0.016381
0.000268,0.000442,0.012235
-0.000768,0.005800,0.008037
0.001205,0.011165,0.003823
-0.000687,0.018648,0.001762
-0.001558,0.026152,-0.005587
0.000547,0.030426,-0.005563
0.000762,0.033639,-0.008707
0.001909,0.033678,-0.012991
0.003111,0.026179,-0.008794
0.003211,0.017650,-0.008887
0.003301,0.010111,-0.000403
0.005272,-0.000577,0.003735
0.004195,-0.008107,0.012197
0.003131,-0.012374,0.012155
0.002958,-0.018844,0.019595
0.003766,-0.020968,0.017459
0.002610,-0.016711,0.019617
0.002459,-0.012397,0.014306
0.001389,-0.005925,0.005814
0.002326,-0.002702,0.003692
0.002325,-0.002633,-0.003806
0.002311,-0.001631,0.003692
-0.000673,-0.004835,0.002625
-0.000693,-0.005881,0.000471
0.002210,-0.009085,0.001495
0.002170,-0.004803,0.000450
0.002157,0.000540,-0.001616
-0.000769,0.003744,-0.002642
0.001250,0.010215,-0.010086
0.002324,0.010212,-0.010077
0.003400,0.009104,-0.005799
0.001457,0.004775,0.000599
0.001497,-0.003761,0.000525
0.002427,-0.009151,0.006896
0.000389,-0.007050,0.009093
-0.000690,0.001489,0.009159
0.002218,0.002582,0.007010
0.003152,0.003670,0.004872
0.003162,0.004750,0.004846
0.001210,0.010080,0.004906
0.001208,0.005829,0.003779
0.000296,0.003724,0.000548
0.002267,-0.004805,0.000454
0.004208,-0.006938,0.001479
0.004184,-0.003713,-0.000647
0.003171,-0.000509,-0.001673
0.004133,-0.001588,0.000441
0.003140,-0.003731,0.001493
0.001131,-0.006991,0.006847
-0.000948,-0.004917,0.010160
-0.000981,-0.000621,0.005943
0.000970,0.007971,-0.000404
0.002043,0.016547,-0.004618
0.003144,0.016606,-0.011049
0.004226,0.016588,-0.007862
0.004328,0.014479,-0.011085
0.002510,0.009152,-0.011152
0.003563,0.000632,-0.012314
0.003602,-0.006873,-0.007056
0.003581,-0.015437,-0.002874
0.001544,-0.017617,0.001411
0.002414,-0.017615,0.002452
0.002339,-0.016564,0.004596
0.003244,-0.012284,0.002509
0.002230,-0.008002,0.000416
0.002204,-0.002666,-0.000584
0.003205,-0.000505,-0.003773
0.000309,0.003757,-0.003722
-0.000586,0.008057,-0.008996
0.002391,0.009110,-0.008951
0.001496,0.010192,-0.011072
0.001595,0.012321,-0.009995
0.002688,0.009103,-0.007886
-0.000201,0.008003,-0.004670
0.000853,0.004801,-0.005745
0.004851,0.002680,-0.007890
0.005862,-0.002626,-0.009054
0.006869,-0.006947,-0.001633
0.002942,-0.006953,0.000476
0.003846,-0.001613,0.000508
0.001901,-0.000548,0.001568
0.002843,-0.001630,0.003689
-0.000137,-0.007008,0.008984
-0.002180,-0.010265,0.014330
-0.003264,-0.004923,0.012265
-0.002357,0.000444,0.006999
0.000578,0.007971,-0.000407
0.001629,0.012292,-0.007828
0.001768,0.017697,-0.016330
0.001928,0.016624,-0.015278
0.003045,0.014518,-0.017460
0.003184,0.011293,-0.014288
0.002334,0.005949,-0.012220
0.003367,-0.000475,-0.009082
0.003382,-0.009052,-0.002774
0.003350,-0.013344,0.002482
0.004222,-0.020863,0.008821
0.002119,-0.026193,0.008761
0.000973,-0.023016,0.010943
0.003736,-0.026195,0.007722
0.002614,-0.020885,0.009925
0.001496,-0.017658,0.005702
0.000434,-0.011251,0.004697
0.000409,0.002659,-0.000512
-0.001502,0.011206,-0.003605
-0.000432,0.017672,-0.011037
0.000672,0.018707,-0.007807
0.001801,0.016615,-0.012117
0.001928,0.008071,-0.011125
0.001004,0.003731,-0.002608
-0.000920,-0.003694,-0.008018
0.001015,-0.010154,-0.001646
0.003919,-0.016540,-0.001744
0.004824,-0.013348,0.002492
0.005754,-0.008003,0.001467
0.004752,-0.000535,0.001533
0.002801,0.005892,-0.001614
0.002862,0.004835,-0.003742
0.001919,0.004784,0.001620
-0.000031,0.000515,0.001587
-0.001001,-0.001646,0.003729
-0.001051,-0.006935,-0.001665
0.000896,-0.008017,-0.001637
0.001830,-0.011224,-0.000602
0.002748,-0.014429,0.000425
0.004667,-0.014388,-0.004909
0.006589,-0.009025,-0.005984
0.008552,-0.005831,-0.004890
0.002702,-0.001570,-0.003786
0.002666,-0.003740,0.000472
0.000647,-0.009136,0.006857
-0.000419,-0.010191,0.005771
0.001462,-0.011282,0.008961
0.000402,-0.009125,0.007873
-0.000661,-0.008051,0.005772
0.001278,-0.005863,-0.000624
0.002244,-0.005797,-0.008116
0.003252,0.001661,-0.008022
0.002301,0.003783,-0.007975
0.002388,0.008069,-0.011121
0.000535,0.015579,-0.014300
-0.000311,0.015557,-0.013195
0.001771,0.014441,-0.006802
0.002842,0.011204,-0.002552
0.003906,0.003723,-0.000496
0.002940,-0.003754,0.000506
0.003910,-0.011228,0.002546
0.003820,-0.013357,0.001470
0.002778,-0.013356,0.001466
0.002705,-0.011213,0.000413
0.001669,-0.008039,0.003650
0.001616,-0.000563,0.001606
0.000679,0.005883,-0.004727
0.001730,0.013404,-0.011073
0.000851,0.015525,-0.008930
0.000964,0.010143,-0.004669
0.001010,0.005843,-0.001486
0.002030,0.000513,-0.001546
0.001069,-0.001613,-0.002630
0.001074,-0.005874,-0.001640
0.002981,-0.005891,0.000493
0.001950,-0.001623,0.001577
0.002914,0.000536,0.000488
0.003932,0.003729,0.001581
0.001955,0.005838,0.003757
0.000020,0.006923,0.001628
0.000988,0.006883,0.005913
0.001964,0.004721,0.008061
-0.000013,0.000452,0.006979
-0.000085,-0.000602,0.003800
0.000891,0.002646,-0.000476
0.001902,0.006903,0.000635
0.002931,0.010151,-0.004692
0.003004,0.011222,-0.004693
0.002107,0.009105,-0.005800
0.004143,0.004863,-0.007997
0.004189,-0.000485,-0.005919
0.002217,-0.005906,0.004718
0.000196,-0.010172,0.004676
0.002077,-0.012349,0.008953
0.002967,-0.011244,0.004678
0.001925,-0.006988,0.004748
0.001886,-0.001630,0.001598
0.001881,0.003710,0.001630
0.002884,0.005848,0.000592
0.000942,0.005859,-0.001528
0.000006,0.008014,-0.003656
0.000047,0.006895,0.001697
0.000083,0.006909,0.000618
0.001038,0.001584,-0.000501
0.002018,-0.000553,0.001580
0.003993,-0.000541,0.000502
0.001997,-0.004808,0.000466
0.002941,-0.005893,0.002595
0.002918,-0.006937,-0.000612
0.001906,-0.008019,0.001508
0.002871,-0.010170,0.002579
0.003753,-0.014452,0.003624
0.001728,-0.007003,0.005834
0.000723,0.000442,0.007005
0.001660,0.006880,0.002786
0.002645,0.016469,0.004998
0.001728,0.019714,-0.000318
0.001850,0.021857,-0.001370
0.001012,0.019740,-0.002478
0.003094,0.010167,-0.005777
0.004118,0.003772,-0.006899
0.005151,0.002700,-0.005848
0.004169,-0.000535,-0.001605
0.000220,-0.005907,0.002629
0.000187,-0.003738,0.000466
0.001135,-0.004821,0.001545
0.001115,-0.002715,0.004774
0.000098,0.003687,0.003782
0.001091,0.007960,0.003807
0.004070,0.012279,-0.002564
0.003173,0.014409,-0.003580
0.002272,0.015459,-0.003527
0.003334,0.010137,-0.005700
0.000498,0.016572,-0.008866
0.002563,0.015507,-0.008883
0.001685,0.016541,-0.003558
0.003724,0.013321,-0.001445
0.003775,0.011198,-0.000447
0.003822,0.006935,0.000549
0.005794,0.000480,0.007954
0.003805,-0.001648,0.006871
0.002778,0.000475,0.005873
0.002788,0.004828,-0.001633
0.002837,0.010141,-0.001528
0.001910,0.014438,-0.004702
0.001965,0.013292,0.002816
0.001029,0.013301,-0.000345
0.001097,0.017564,-0.002386
0.000215,0.019743,-0.007716
0.002293,0.018696,-0.009870
0.003379,0.017590,-0.004549
0.003454,0.010108,-0.002488
0.003508,0.004772,-0.000439
0.002545,-0.000535,-0.001603
0.002524,-0.000515,-0.002703
0.003489,-0.005843,-0.001721
0.002450,-0.010187,0.005762
0.003331,-0.014476,0.008917
0.003239,-0.012376,0.014251
0.003121,-0.001677,0.010086
0.001112,0.002598,0.008014
0.000125,0.012213,0.007020
0.000178,0.014361,0.003866
0.003137,0.013258,0.006041
0.000263,0.018621,0.000785
-0.000630,0.017578,-0.001378
0.000442,0.015470,-0.005648
0.000507,0.010162,-0.006812
0.000527,0.001549,0.003775
0.002441,0.000464,0.005904
0.001404,-0.005964,0.010099
0.001324,-0.012349,0.008953
0.004154,-0.015565,0.011055
0.003016,-0.017712,0.014208
0.003890,-0.016613,0.009952
0.003743,-0.015539,0.009942
0.003660,-0.015467,0.000342
0.002649,-0.012249,-0.000720
0.001667,-0.006896,-0.003858
0.001640,-0.006877,-0.007046
0.001658,-0.006875,-0.008097
-0.000262,-0.009003,-0.008132
-0.000252,-0.010076,-0.007080
0.001679,-0.014340,-0.008172
0.000638,-0.018656,-0.002856
0.000549,-0.023977,-0.003985
0.001422,-0.024024,0.002413
0.000324,-0.023997,-0.000794
0.001154,-0.026172,0.003477
0.002006,-0.025113,0.004553
0.001862,-0.028317,0.004533
0.001737,-0.020871,0.007797
0.001629,-0.016595,0.005722
0.002526,-0.009109,0.003651
0.003488,0.000540,-0.000569
0.001559,0.006967,-0.003717
0.001589,0.010141,-0.001526
0.002642,0.006931,-0.001532
0.000715,0.003718,-0.000483
0.001725,0.001569,-0.000463
0.005643,-0.005913,0.000554
0.005608,-0.004843,0.000553
0.004595,-0.006967,0.000508
0.004531,-0.013405,0.005775
0.003438,-0.017670,0.005732
0.003325,-0.019764,0.002473
0.002207,-0.018724,0.006736
0.001137,-0.014399,0.000348
0.002056,-0.009079,0.002523
0.002015,-0.001570,-0.002744
0.003052,0.003802,-0.006976
0.002177,0.010260,-0.013339
0.001285,0.013448,-0.013281
0.001412,0.013420,-0.011117
-0.000430,0.018770,-0.014245
-0.000297,0.022990,-0.009901
0.000818,0.025117,-0.007771
0.000974,0.025110,-0.007752
0.003062,0.021898,-0.005659
0.002228,0.012306,-0.005770
0.002283,0.005897,-0.003718
0.002331,-0.002647,-0.002724
0.003292,-0.012250,-0.000717
0.002264,-0.018680,0.002439
0.001157,-0.021917,0.005641
0.002033,-0.019733,-0.000745
0.000981,-0.012287,0.000423
-0.000993,-0.006907,-0.005921
0.001961,-0.000509,-0.006901
0.001979,0.002655,-0.002592
0.002023,0.003735,-0.005757
0.001104,0.009056,-0.002537
0.004110,0.005921,-0.010055
0.004183,0.004809,-0.004719
0.005181,0.000538,-0.002656
0.005173,-0.000517,-0.001650
0.003195,-0.000555,0.001584
0.002152,-0.001675,0.007988
0.001120,-0.002738,0.010062
0.000064,-0.001734,0.016510
-0.002945,-0.000649,0.013334
-0.002055,-0.004951,0.016525
-0.002143,-0.004917,0.011207
-0.003183,-0.002729,0.004811
0.000703,0.001568,0.000587
0.000750,0.006947,-0.003664
0.002790,0.011253,-0.010003
0.004847,0.013442,-0.015357
0.005970,0.011275,-0.011105
0.006075,0.011257,-0.008967
0.007135,0.004843,-0.006897
0.006179,-0.000540,-0.000544
0.003227,-0.003780,0.004758
0.003185,-0.003829,0.009069
0.004055,0.000403,0.013383
0.003038,0.001531,0.008003
0.004968,0.005830,0.004825
0.003061,0.015485,-0.001504
0.002194,0.018724,-0.005756
0.003331,0.019884,-0.017495
0.002548,0.013523,-0.022886
0.001755,0.003900,-0.019781
-0.002105,-0.004648,-0.018778
-0.003094,-0.014318,-0.012413
0.000772,-0.016488,-0.009198
0.000679,-0.010165,-0.000571
0.000572,-0.009225,0.013365
0.001375,0.000305,0.022008
0.000284,0.009862,0.026391
0.004163,0.018445,0.021113
0.006110,0.028063,0.021161
0.002290,0.036636,0.015910
0.003405,0.040985,0.007369
0.004607,0.035744,-0.002336
0.002844,0.028329,-0.006724
0.002084,0.019853,-0.013229
-0.001695,0.010273,-0.015464
-0.001599,-0.006790,-0.016683
-0.000621,-0.021772,-0.011469
-0.000716,-0.027199,-0.001865
0.001095,-0.030415,-0.001852
0.003891,-0.020891,0.005758
0.003756,-0.009147,0.003750
0.004645,0.003628,0.007073
0.004626,0.018573,0.006139
0.003719,0.024946,0.008362
0.002758,0.028125,0.010540
0.001833,0.032380,0.014794
0.002904,0.036681,0.012653
0.001063,0.035684,0.006187
0.003203,0.021859,0.002807
0.003304,0.004845,-0.002723
0.003388,-0.012184,-0.007166
0.002393,-0.015345,-0.012527
0.000444,-0.015288,-0.021042
-0.000516,-0.012086,-0.021017
-0.000510,-0.006762,-0.021985
-0.003397,0.004881,-0.013272
-0.003354,0.010140,-0.004662
0.001551,0.014296,0.007173
0.001560,0.016352,0.015759
0.001565,0.017413,0.017878
0.003499,0.012071,0.019939
0.004422,0.003537,0.020905
0.005339,-0.000641,0.011223
0.005265,-0.004888,0.010085
0.007188,-0.001626,0.004724
0.006194,0.002677,0.001532
0.002323,0.001644,-0.002747
0.003378,0.005959,-0.009109
0.002483,0.001716,-0.012348
0.001578,0.003844,-0.012314
0.002617,0.001678,-0.010159
-0.000272,-0.000432,-0.014424
0.000737,0.002740,-0.010135
-0.001200,0.001633,-0.006901
-0.000201,0.005853,-0.000465
0.000753,0.003686,0.001692
0.001741,0.010045,0.006044
0.001706,0.012156,0.008216
0.004663,0.017520,0.006095
0.003746,0.017553,0.002870
0.004826,0.020812,-0.002483
0.004968,0.018688,-0.002527
0.003109,0.014463,-0.005814
0.004186,0.004848,-0.002728
0.001280,-0.001538,-0.003870
0.000296,-0.012243,0.000313
0.000182,-0.021874,0.002391
0.000083,-0.017629,0.004580
0.004847,-0.019775,0.004592
0.001779,-0.015520,0.006754
0.000713,-0.005901,0.002614
-0.000246,-0.002698,0.000547
0.000736,0.003741,-0.004727
0.001750,0.004788,-0.002572
0.001825,0.002663,-0.004706
0.002815,0.000519,-0.003654
0.002837,0.002676,-0.004739
0.001889,-0.001597,-0.004763
0.002867,-0.001593,-0.002682
0.002847,-0.003679,-0.007009
0.003836,-0.007992,-0.000654
0.003789,-0.012272,0.001433
0.001797,-0.015464,0.001380
0.002684,-0.015469,0.002440
0.001657,-0.012271,0.001431
0.002576,-0.010151,0.001483
0.000560,-0.006947,0.000458
0.001538,-0.005874,-0.000593
0.000549,-0.001602,-0.002659
0.000558,-0.001628,-0.001545
0.000563,-0.001651,0.000607
0.001520,-0.003814,0.004848
0.002438,-0.001682,0.004869
0.003404,-0.000597,0.004832
0.003371,0.000451,0.010122
0.003298,-0.004837,0.005769
0.003217,-0.011250,0.008878
0.005101,-0.016560,0.005630
0.003055,-0.018668,0.003454
0.004943,-0.020784,0.000249
0.003878,-0.021840,-0.001880
0.003813,-0.015421,-0.003959
-0.000135,-0.010103,-0.003870
-0.000187,-0.007977,-0.004876
-0.000198,-0.002678,-0.002646
-0.002118,0.004817,-0.005786
-0.000088,0.011240,-0.008920
0.000011,0.011262,-0.010025
0.002089,0.010199,-0.010044
0.002169,0.002726,-0.009051
0.004164,-0.009046,-0.004881
0.004138,-0.019722,-0.003913
0.004030,-0.017599,-0.001774
0.002982,-0.013332,-0.000690
0.003890,-0.012232,-0.003902
0.002892,-0.004771,-0.001725
0.002900,0.001584,0.002636
0.002940,0.005884,-0.000546
0.000034,0.003712,0.003718
0.001038,0.003746,0.000493
0.002046,0.003724,0.000549
0.001067,0.002665,-0.000528
0.002056,0.000507,0.000563
0.002036,0.003707,0.001638
0.001092,0.011214,-0.003623
0.004105,0.016598,-0.008934
0.005203,0.017679,-0.010008
0.005316,0.011264,-0.007938
0.005406,0.008010,-0.002598
0.000539,0.002656,-0.000502
0.002549,-0.004787,-0.003773
0.003513,-0.004738,-0.008084
0.004483,-0.007990,-0.002751
0.004408,-0.016600,0.005733
0.002351,-0.015547,0.005778
-0.000669,-0.011281,0.005820
0.001220,-0.003771,0.002642
0.001199,0.001583,0.000546
0.002207,0.005852,-0.000460
0.002226,0.001571,0.001626
0.001255,0.002609,0.004848
0.000265,-0.001634,0.001608
-0.000741,0.001578,0.000561
0.001208,0.001599,-0.001586
0.002230,0.003755,-0.003718
0.003225,0.003696,0.002713
0.003230,-0.002695,0.000537
0.003239,-0.000544,-0.000533
0.003254,-0.000530,-0.000570
0.002301,0.002683,-0.002664
0.001313,0.002679,-0.002655
0.002321,-0.000541,-0.000542
0.003333,-0.001601,-0.001615
0.003329,0.000558,-0.003755
0.002359,0.004808,-0.001578
0.002384,0.003797,-0.008008
0.002426,0.001612,-0.002664
0.003434,0.000529,-0.001585
0.001454,0.001579,-0.001531
-0.000428,0.001623,-0.006875
0.001565,0.002705,-0.007951
0.002570,0.000554,-0.004789
0.003567,-0.001593,-0.002684
0.002564,-0.006946,0.000454
0.002514,-0.009098,0.003622
0.001478,-0.012332,0.007863
0.003326,-0.009152,0.010037
0.001257,-0.001675,0.009035
0.001207,-0.000598,0.007974
0.003153,0.006853,0.008086
0.003127,0.006848,0.008100
0.002179,0.007954,0.003824
0.000250,0.009037,0.000654
-0.001653,0.005822,0.001707
0.000302,0.006910,-0.000429
0.000303,0.004783,0.000578
0.003272,0.000549,-0.002686
0.002303,0.000572,-0.003791
0.004292,-0.002602,-0.005981
0.004328,-0.001558,-0.002775
0.005318,0.003766,-0.001655
0.004342,0.004841,-0.003757
0.003387,0.001586,0.000539
0.001393,0.000475,0.003782
-0.001534,-0.000562,-0.000486
0.000401,-0.001668,0.003789
0.000374,0.002579,0.005971
0.000328,0.001552,0.002720
0.001310,0.002622,0.003768
0.004235,0.000498,0.003724
0.005206,-0.002654,-0.000615
0.004205,-0.002656,0.000436
0.003172,-0.004808,0.002554
0.003125,-0.005882,0.002564
0.001106,-0.005868,0.001482
0.002034,-0.003802,0.008998
0.002024,0.000473,0.007972
0.001053,0.001579,0.003696
0.002047,0.005872,0.001578
0.002071,0.006941,0.000536
0.003110,0.011219,-0.000500
0.004128,0.008028,-0.002644
0.002256,0.005946,-0.010121
0.002324,0.009121,-0.007932
0.003373,0.009125,-0.008989
0.003449,0.011286,-0.012178
0.000637,0.015527,-0.008933
0.001707,0.015530,-0.008942
0.002773,0.016581,-0.007844
0.004861,0.014458,-0.008938
0.005916,0.005902,-0.004776
0.004970,0.000535,-0.001602
0.001999,-0.002676,-0.000557
0.000971,-0.005935,0.005840
0.002834,-0.003807,0.005874
0.001834,-0.000589,0.004812
0.001818,0.006888,0.004857
0.000845,0.006848,0.008099
-0.000141,0.007924,0.009128
0.001824,0.011132,0.006001
0.001875,0.014380,0.000678
0.001917,0.017591,-0.002458
0.000069,0.012263,-0.003568
0.002093,0.015439,-0.000337
0.003136,0.015446,-0.001399
0.003203,0.014394,-0.002495
0.004274,0.015472,-0.003561
0.006281,0.013330,-0.001468
0.005371,0.004792,-0.000490
0.002432,-0.000558,0.002639
0.003391,-0.006958,0.002578
0.002325,-0.016586,0.006743
0.000270,-0.018716,0.004621
0.001109,-0.027245,0.002436
0.002938,-0.025115,0.003514
-0.001057,-0.017639,0.001471
0.002739,-0.010174,0.001543
0.000711,-0.001656,0.003755
-0.001248,0.003702,0.000606
-0.000272,0.005824,0.001701
0.000752,0.006913,-0.001484
0.000775,0.005841,-0.000432
0.000825,0.006930,-0.002575
0.001825,0.001567,0.002682
0.002811,0.000553,-0.002695
0.001810,-0.002688,0.001564
0.002791,-0.001601,0.000476
0.002774,-0.000578,0.005828
0.001770,0.004798,0.001584
0.003744,0.003715,0.002662
0.001812,0.005862,0.001601
0.000835,-0.001630,0.003690
0.001797,-0.002712,0.003718
0.000773,-0.005951,0.006927
-0.000265,-0.006985,0.003697
0.002623,-0.003795,0.004800
0.001582,-0.006996,0.003723
0.002512,-0.005892,0.000498
0.003503,-0.005891,0.000497
0.004433,-0.008002,-0.001675
0.004398,-0.004830,0.002613
0.005301,-0.005899,0.003656
0.001340,-0.005913,0.004735
0.001246,-0.009154,0.011087
-0.000824,-0.011276,0.008947
0.000054,-0.007005,0.007930
-0.000963,-0.003777,0.004750
0.000973,0.001602,0.000498
0.002006,0.008066,-0.006930
0.004059,0.011292,-0.010102
0.001210,0.012396,-0.013326
0.002343,0.009201,-0.015461
0.002455,0.005964,-0.012258
-0.000409,0.002802,-0.017618
0.002608,0.000634,-0.014410
0.002639,-0.003692,-0.005930
0.003608,-0.004759,-0.005939
0.003616,-0.002687,0.002610
0.002633,-0.001593,-0.000592
0.004604,0.000514,0.001589
0.005590,-0.001607,0.002584
0.004599,-0.001582,-0.001664
0.003638,0.001610,-0.001614
-0.000274,0.000515,0.000542
0.001694,-0.002673,-0.002658
0.000708,-0.001612,-0.002632
0.000701,0.001553,0.000626
0.000717,0.001523,0.003842
0.000685,0.004765,-0.000419
0.001713,0.005883,-0.005773
0.002767,0.006963,-0.006843
0.003824,0.009140,-0.011119
0.004886,0.010185,-0.006870
0.003970,0.008057,-0.006905
0.002115,0.009132,-0.006917
0.002151,0.004861,-0.005899
0.002156,0.001586,0.002631
0.001203,-0.002654,-0.000618
0.000212,-0.006963,0.003638
-0.000872,-0.010246,0.012190
0.000020,-0.013429,0.007931
0.000938,-0.008050,0.003679
0.003851,-0.002641,-0.005881
0.004915,0.006991,-0.007962
0.003016,0.010195,-0.010036
0.005088,0.011266,-0.010037
0.002261,0.009162,-0.013268
0.003358,0.007036,-0.012261
0.003403,0.003780,-0.006920
0.002460,-0.000538,-0.000549
0.000504,-0.003752,0.000503
0.000468,-0.004813,0.000476
0.001414,-0.006970,0.002612
0.003309,-0.014444,0.003605
0.002244,-0.010224,0.010042
-0.000771,-0.004805,0.000456
0.002169,-0.000538,-0.000550
0.002130,-0.003745,0.000484
0.001184,-0.000540,-0.000544
0.002159,0.001586,0.000541
0.001214,0.001596,-0.001577
0.002200,0.001626,-0.004792
0.001300,0.004841,-0.005846
0.003292,0.008063,-0.009010
0.001445,0.010227,-0.012207
0.003488,0.010251,-0.014363
0.004572,0.003822,-0.010162
0.003632,-0.003690,-0.004885
0.000664,-0.012272,0.000384
0.002554,-0.017609,0.000343
0.003449,-0.018690,0.002466
0.003343,-0.022955,0.003465
0.002254,-0.016607,0.008890
0.000175,-0.009156,0.009002
-0.000857,-0.002717,0.003731
0.001083,0.006928,-0.002571
0.001135,0.010154,-0.004698
0.002244,0.011237,-0.005776
0.002318,0.006947,-0.003663
0.002356,0.002677,-0.003696
0.002429,0.003776,-0.008998
0.005440,0.004852,-0.007966
0.003537,0.008085,-0.011162
0.002654,0.004862,-0.006948
0.005588,-0.003739,0.000468
0.004548,-0.012307,0.004659
0.001568,-0.010184,0.006801
0.001477,-0.009096,0.004662
0.001447,-0.009056,-0.000671
0.002405,-0.010109,-0.002808
0.003340,-0.013342,0.000384
0.002283,-0.013365,0.001489
0.001256,-0.004810,-0.002668
0.001291,0.002738,-0.012220
0.003308,0.010213,-0.013218
0.004413,0.015534,-0.009998
0.000620,0.016568,-0.005718
-0.000258,0.021896,-0.004608
0.001824,0.019769,-0.004647
0.001954,0.014448,-0.005775
