-0.001493,0.015980,0.012374
-0.006274,0.010686,0.008069
-0.005281,0.005425,0.000589
-0.001388,-0.003031,0.003650
-0.000408,-0.015861,0.005646
0.000517,-0.023319,0.004534
0.000487,-0.022274,0.006687
0.001454,-0.020137,0.006733
0.002395,-0.023259,-0.000674
0.003323,-0.023100,-0.016596
0.002232,-0.016561,-0.030346
0.006083,0.072729,0.009076
0.047177,0.176070,0.028156
0.042932,0.091059,-0.013504
0.001502,0.017406,-0.013267
-0.009189,0.023735,-0.004571
-0.008693,0.027865,0.008081
-0.006626,0.029884,0.019799
-0.000398,0.035105,0.031544
0.001929,0.029768,0.031526
0.013992,0.022162,0.045260
0.017961,0.010468,0.040935
0.016731,-0.002250,0.032362
0.016782,-0.021359,0.022687
0.016217,-0.027557,0.002471
0.015853,-0.030599,-0.013472
0.011595,-0.016685,-0.017615
0.010717,-0.006122,-0.006933
0.010936,-0.001876,-0.004759
0.009376,-0.001834,-0.009017
0.009942,0.000289,-0.007959
0.005824,0.003458,-0.004755
0.003657,0.008814,-0.006837
0.001532,0.006644,-0.003728
0.001219,-0.000822,-0.003794
0.003644,-0.008324,-0.000670
0.001251,-0.014704,-0.002834
0.001908,-0.012642,0.004632
0.000649,-0.013725,0.005679
0.002427,-0.006317,0.012145
0.004318,-0.004189,0.013251
0.006282,-0.006330,0.014342
0.004349,0.003445,-0.002571
0.001391,0.009865,-0.004693
0.004237,0.008717,0.002720
0.006115,0.006553,0.005905
0.008936,0.002365,-0.001540
0.003889,-0.000794,-0.005812
-0.003146,0.003492,-0.007924
-0.002375,0.003532,-0.012203
0.004306,0.004582,-0.010073
0.004277,0.001390,-0.011169
0.001214,0.000321,-0.011156
-0.000881,0.001335,-0.005842
0.001930,0.002330,0.001601
0.003878,-0.001896,-0.002687
0.004849,-0.007255,-0.000625
0.003840,-0.019985,-0.008150
0.002717,-0.025279,-0.012412
0.000651,-0.026410,-0.006062
0.001518,-0.028591,-0.000779
0.001398,-0.025348,-0.005001
0.000291,-0.019010,0.001442
-0.000769,-0.011614,0.008941
-0.001731,0.002281,0.006961
0.000249,0.015084,0.007046
-0.001669,0.017249,0.003860
0.000304,0.016117,0.010203
0.002284,0.010773,0.011217
0.003263,0.001255,0.002659
0.003202,-0.009360,-0.002719
0.004055,-0.017813,-0.011289
0.004847,-0.024105,-0.021935
0.005613,-0.029378,-0.028368
0.000529,-0.020912,-0.021968
-0.001549,-0.007167,-0.009114
0.000347,-0.000816,-0.003718
0.000364,0.008713,0.003793
-0.003461,0.007604,0.008020
-0.002443,0.005469,0.008001
0.000537,-0.003067,0.007941
0.001530,-0.006149,-0.003731
-0.002426,-0.000777,-0.008039
-0.002539,0.006552,0.005798
0.003273,0.011811,0.013273
0.002329,0.012825,0.018587
-0.001469,0.008483,0.025991
-0.003305,0.007354,0.032368
-0.001199,0.014847,0.030353
0.002876,0.016960,0.032501
0.004061,0.006368,0.025014
0.003193,-0.008484,0.016424
0.005103,-0.015908,0.012128
0.005073,-0.025425,0.003583
0.006919,-0.032749,-0.011363
0.003802,-0.039057,-0.020982
0.001583,-0.041075,-0.032678
-0.001614,-0.021871,-0.032559
-0.002811,-0.001705,-0.021814
-0.000916,0.011028,-0.014254
0.001058,0.016206,0.001714
0.000196,0.019281,0.014488
-0.000603,0.023548,0.014504
-0.003353,0.020323,0.016570
-0.001284,0.012885,0.013322
-0.002176,0.007550,0.013283
-0.000228,-0.007367,0.011044
0.003600,-0.022304,0.010955
0.005450,-0.020072,0.001431
0.002389,-0.012540,-0.004890
-0.000618,-0.002945,-0.003739
-0.001574,0.007622,0.006985
0.002412,0.012916,0.011289
0.006423,0.004445,0.004877
0.004521,-0.012556,-0.002692
0.001525,-0.033789,-0.013454
0.005240,-0.055003,-0.026344
0.005934,-0.064363,-0.050845
-0.003247,-0.040827,-0.057104
-0.004624,-0.028174,-0.042173
-0.002919,-0.006981,-0.027153
-0.003006,0.018424,-0.006826
-0.004864,0.034231,0.013500
-0.006577,0.046854,0.031629
-0.009199,0.054213,0.042277
-0.002976,0.049871,0.049688
0.001283,0.032900,0.040023
0.003428,0.010557,0.033502
0.005437,-0.014882,0.016352
0.008291,-0.031751,-0.003922
0.008097,-0.044390,-0.020980
0.007806,-0.044239,-0.035806
0.004597,-0.036735,-0.038953
0.003341,-0.030387,-0.033613
0.004129,-0.015525,-0.026090
0.000142,0.002517,-0.016424
-0.003744,0.015215,-0.005702
-0.005643,0.021561,-0.000396
-0.002598,0.021456,0.010220
-0.004430,0.015053,0.010157
-0.004383,0.007612,0.006896
-0.003407,-0.000882,0.002577
-0.002489,-0.009438,0.004645
-0.000611,-0.018988,-0.000730
0.003228,-0.017873,-0.004924
0.001191,-0.017872,-0.004917
0.003066,-0.015705,-0.008067
0.003978,-0.013516,-0.013333
0.003915,-0.009206,-0.017532
0.004799,-0.001684,-0.022786
0.001797,0.005763,-0.020619
-0.001172,0.006808,-0.018502
-0.000275,-0.000675,-0.017505
0.003549,-0.008154,-0.016496
-0.002390,0.000364,-0.014336
-0.005395,0.009870,-0.004730
-0.004432,0.013030,-0.000437
-0.003431,0.018291,0.007029
-0.004340,0.015020,0.014448
0.001614,0.004352,0.014396
0.003614,-0.007272,0.002645
0.001650,-0.008301,-0.001664
-0.000321,-0.009378,-0.000627
0.004499,-0.011448,-0.007012
0.000528,-0.006125,-0.005917
-0.000511,-0.003981,-0.006974
0.000420,-0.009263,-0.012304
0.001317,-0.018772,-0.021944
-0.000766,-0.011322,-0.019757
-0.000883,0.000448,-0.022838
0.000970,0.011185,-0.029132
-0.000118,0.021803,-0.023734
-0.000178,0.026017,-0.018377
-0.000177,0.029112,-0.007739
-0.001115,0.021556,0.000670
0.000925,0.015092,0.007014
-0.002892,0.000067,0.015372
-0.005742,-0.011779,0.025866
-0.003711,-0.022481,0.028991
-0.000731,-0.034175,0.024679
-0.001669,-0.038494,0.029974
-0.004558,-0.035313,0.032131
0.000397,-0.021448,0.033319
0.003437,-0.007556,0.031298
0.007484,-0.004279,0.023898
0.003717,0.002194,0.016479
-0.000121,0.001251,0.003711
0.003752,0.002456,-0.010080
0.006614,0.001502,-0.021773
0.003549,0.000509,-0.029217
0.002408,-0.000597,-0.024983
-0.000662,-0.001642,-0.027101
0.001144,-0.007014,-0.023977
-0.001885,-0.017724,-0.019778
-0.001044,-0.021969,-0.021917
-0.003111,-0.027357,-0.016658
-0.004208,-0.038058,-0.013562
-0.000433,-0.044492,-0.010421
0.000404,-0.051980,-0.008337
-0.003637,-0.049868,-0.006203
-0.002795,-0.038152,-0.003986
-0.001898,-0.016810,-0.003813
0.000022,-0.000826,-0.001572
0.001036,0.011925,0.003831
0.001114,0.018327,0.003894
-0.000775,0.017290,0.000681
0.000243,0.012011,-0.004650
0.000249,0.007794,-0.010013
0.002136,-0.012405,-0.017618
0.000064,-0.018755,-0.022986
-0.001088,-0.028417,-0.017799
-0.000290,-0.022035,-0.015607
-0.000424,-0.016698,-0.015561
-0.001490,-0.005045,-0.006970
-0.001503,0.003395,0.002661
-0.000444,0.010791,0.010160
-0.000356,0.014036,0.005944
-0.000250,0.013982,0.011242
0.001793,0.008655,0.010121
0.001832,-0.003019,0.003659
-0.001066,-0.009466,0.007834
0.002835,-0.014737,0.001435
0.002775,-0.021082,-0.003920
0.000712,-0.023182,-0.007094
0.000607,-0.017847,-0.007055
-0.001421,-0.006153,-0.002729
-0.000454,0.003407,0.001621
0.000535,0.004495,-0.000491
-0.001390,0.000162,0.005873
0.000590,-0.004075,0.002653
-0.001333,-0.001917,0.000485
-0.001326,-0.000874,0.002574
0.001592,-0.005186,0.006781
-0.002289,-0.004117,0.006818
-0.004243,-0.004222,0.017428
-0.001247,-0.005307,0.019582
0.002740,-0.013750,0.009959
0.001736,-0.008222,-0.009092
-0.001248,-0.001799,-0.011180
0.000605,0.001434,-0.014349
0.004435,0.003563,-0.013257
0.004391,0.008876,-0.011102
0.001442,0.014145,-0.004703
0.000481,0.013068,-0.003644
-0.000451,0.016232,-0.000445
-0.000403,0.017269,0.002768
-0.004236,0.013982,0.011221
-0.006108,0.009652,0.017584
-0.005017,-0.001031,0.018567
-0.003958,-0.018190,0.026905
-0.001956,-0.030983,0.025739
0.000042,-0.033137,0.027863
0.002044,-0.036252,0.019354
0.003025,-0.032954,0.009847
0.003003,-0.029713,0.005610
0.004894,-0.018915,-0.007035
0.004841,-0.005020,-0.009036
0.001878,0.002440,-0.007903
-0.002035,-0.001823,-0.007964
-0.003049,-0.012419,-0.015470
-0.006062,-0.021027,-0.009212
-0.003257,-0.030694,-0.002916
-0.001369,-0.040299,-0.003006
-0.002462,-0.046701,-0.003055
-0.001611,-0.028605,0.001319
0.000300,-0.009493,0.011029
0.005207,0.011861,0.010169
0.003379,0.035275,0.016754
0.002614,0.049003,0.031748
0.005816,0.054320,0.033945
0.007067,0.055539,0.018020
0.005314,0.050201,0.017946
0.003512,0.036314,0.019966
0.006584,0.020351,0.015603
0.004697,0.010789,0.011268
-0.000141,0.000171,0.005870
-0.001141,-0.010419,-0.002724
-0.000236,-0.008138,-0.017587
-0.002306,-0.002814,-0.016536
-0.004370,0.000280,-0.005912
-0.008304,0.006551,0.006856
-0.006303,0.009634,0.018534
-0.005192,0.008471,0.028074
-0.006985,0.001024,0.025907
-0.003928,-0.010688,0.023709
-0.002870,-0.023438,0.018320
0.000091,-0.025516,0.013052
-0.000864,-0.016926,0.007815
-0.000864,-0.006244,0.006854
-0.000868,0.005504,0.005889
0.001119,0.008720,0.004883
0.002154,0.007705,-0.000445
0.002166,0.004512,-0.001526
0.003154,0.001361,-0.006901
0.000217,-0.002926,-0.004824
0.003094,-0.006098,-0.008070
0.000117,-0.008190,-0.012318
-0.003861,-0.007143,-0.010173
-0.003917,0.000210,0.001585
-0.002918,0.009708,0.012285
-0.001843,0.013971,0.013389
-0.002717,0.012862,0.017638
-0.002601,0.007504,0.019728
0.000417,0.002231,0.013301
0.003409,-0.005166,0.005802
0.003403,-0.016821,-0.002816
0.005276,-0.028478,-0.011405
0.004144,-0.034829,-0.016787
0.004934,-0.034763,-0.023175
0.003770,-0.024059,-0.026251
0.000679,-0.016568,-0.028279
-0.002396,-0.001639,-0.027095
-0.003472,0.007896,-0.019557
-0.003510,0.012101,-0.013147
-0.003527,0.013104,-0.006757
-0.003505,0.003435,-0.000489
-0.002507,-0.010481,0.003634
-0.001565,-0.023278,0.002440
-0.001601,-0.027565,0.004517
-0.002624,-0.029719,0.006634
-0.001706,-0.026530,0.007745
0.001218,-0.013737,0.008897
0.001213,-0.000921,0.007962
0.000302,0.009687,0.014428
0.002360,0.019306,0.013450
0.004434,0.021503,0.007089
0.001582,0.016259,-0.002527
0.001602,0.009898,-0.006841
0.001575,-0.007132,-0.011220
-0.000491,-0.022051,-0.013486
0.000341,-0.031602,-0.018882
-0.001788,-0.025179,-0.020962
-0.003876,-0.008221,-0.009143
-0.004913,0.003358,0.006882
-0.001907,0.012866,0.016557
0.000185,0.017146,0.015541
-0.003581,0.021499,0.007076
-0.005447,0.022605,0.002793
-0.000535,0.013023,0.000580
0.001437,0.002298,0.005784
-0.000520,-0.005206,0.008896
-0.000517,-0.010541,0.008856
-0.000501,-0.006279,0.009981
0.000499,0.002241,0.012226
0.002510,0.000118,0.011182
0.001617,0.007579,0.012336
0.000739,0.018361,0.000711
-0.001163,0.015202,-0.003561
0.001772,0.013091,-0.005703
0.000775,0.006677,-0.004711
0.002678,-0.003983,-0.005873
0.002619,-0.015698,-0.008070
-0.000393,-0.013429,-0.021893
-0.000531,-0.012417,-0.016592
-0.001633,-0.010324,-0.012323
-0.003644,-0.008315,0.000470
-0.000718,-0.001912,0.000519
-0.003606,0.009825,0.000607
-0.004533,0.016195,0.003818
-0.004508,0.015116,0.004856
-0.001493,0.017185,0.011234
0.001504,0.012916,0.011183
0.000605,0.006523,0.010066
0.002575,-0.007263,0.001478
0.004489,-0.018901,-0.008126
0.001448,-0.029525,-0.012408
0.002265,-0.029450,-0.019807
0.001142,-0.015469,-0.030275
-0.002916,-0.005891,-0.028103
-0.001101,-0.000649,-0.018472
-0.001173,0.004649,-0.014176
-0.003137,0.007816,-0.011000
-0.004134,0.012006,-0.003563
-0.002136,0.002293,0.006936
-0.001115,-0.007333,0.008953
-0.000128,-0.015766,-0.001766
-0.005042,-0.016826,-0.002871
-0.004156,-0.021137,0.001350
-0.000311,-0.022212,0.002415
0.001611,-0.014762,0.004616
0.003546,-0.010505,0.005743
0.000630,-0.000858,0.001582
-0.001308,0.009793,0.003819
0.001663,0.011951,0.001743
0.007573,0.005605,-0.003591
0.005620,-0.007115,-0.012191
0.001649,-0.015609,-0.016538
-0.001408,-0.017735,-0.017645
-0.001559,-0.020917,-0.019809
-0.004608,-0.019926,-0.012393
-0.004710,-0.024224,-0.009255
-0.001894,-0.018792,-0.018751
-0.003973,-0.013460,-0.018710
-0.003115,-0.000698,-0.014368
-0.004130,0.005585,-0.002633
-0.000223,0.009758,0.006960
0.002766,0.011895,0.006978
0.001880,0.007606,0.009083
-0.000979,0.005445,0.012260
-0.001870,0.001189,0.011190
0.004031,-0.001973,0.006940
0.002083,-0.008334,0.002634
0.000119,-0.011535,0.002606
0.000081,-0.014705,-0.000612
0.001983,-0.012594,0.001515
0.000999,-0.013607,-0.003800
0.000953,-0.004971,-0.013297
-0.003019,0.004641,-0.014316
-0.002102,0.008885,-0.012162
-0.001176,0.003602,-0.017528
-0.001234,-0.001822,-0.009100
-0.001301,-0.001833,-0.008039
-0.000378,0.003462,-0.003734
-0.000382,0.002376,-0.001594
-0.003288,0.002367,-0.000520
-0.001335,-0.002936,-0.003742
0.001568,-0.009335,-0.003771
0.000559,-0.016836,-0.000639
0.000516,-0.026453,0.000346
0.000450,-0.022111,-0.007058
-0.001581,-0.014619,-0.009115
-0.000689,-0.008216,-0.009059
0.001217,-0.000830,-0.000499
0.002173,-0.001897,-0.000494
0.003160,0.005580,-0.001503
0.003171,0.005609,-0.004721
0.000258,-0.000751,-0.009042
-0.000796,-0.002855,-0.012264
-0.001832,-0.007158,-0.009111
-0.001916,-0.016751,-0.010249
0.002879,-0.038126,-0.006152
0.004676,-0.052925,-0.020041
0.001544,-0.052832,-0.029603
-0.001674,-0.040038,-0.028444
-0.002872,-0.027263,-0.025114
-0.000095,-0.019878,-0.016561
-0.002119,-0.015686,-0.009089
0.000764,-0.017819,-0.009101
-0.001247,-0.004923,-0.017486
-0.006201,0.015357,-0.018453
-0.009161,0.032336,-0.009869
-0.004242,0.040697,0.007119
-0.003115,0.049098,0.020972
-0.002896,0.052152,0.035882
-0.002583,0.049921,0.045413
-0.006168,0.037053,0.051688
-0.000012,0.013679,0.042002
-0.001754,-0.001196,0.035512
0.001273,-0.016043,0.025877
0.003275,-0.038354,0.016166
0.004179,-0.043545,0.002332
0.003089,-0.039201,-0.005044
0.003944,-0.026325,-0.012351
0.003836,-0.012401,-0.017562
-0.002116,-0.001730,-0.017519
-0.000238,-0.001677,-0.022831
0.001609,-0.003761,-0.028175
-0.000474,-0.015500,-0.028277
-0.002586,-0.021898,-0.028328
-0.004718,-0.023018,-0.023018
-0.003923,-0.021950,-0.022995
-0.002107,-0.010295,-0.014390
-0.001234,0.001321,-0.002622
-0.001219,0.014000,0.010228
0.000840,0.022421,0.021981
0.002989,0.025451,0.038978
0.002281,0.022196,0.044241
0.003531,0.014705,0.046298
0.005735,-0.001187,0.034473
0.009760,-0.010671,0.022753
0.005913,-0.015785,0.000405
0.004857,-0.021016,-0.010280
0.004726,-0.013513,-0.013412
0.004589,-0.014571,-0.014503
0.004447,-0.014478,-0.024080
-0.001545,-0.017755,-0.016695
-0.004577,-0.018899,-0.009297
-0.004640,-0.014687,-0.003990
-0.004641,-0.003057,0.006702
-0.008486,0.010676,0.020596
-0.010300,0.020158,0.033431
-0.006193,0.032912,0.038861
-0.002984,0.033969,0.039960
0.000202,0.040419,0.035827
0.001431,0.041462,0.037974
0.001688,0.046778,0.040170
0.001939,0.044733,0.031676
0.007052,0.043723,0.026410
0.005285,0.029956,0.015665
0.002464,0.012988,0.004906
0.000512,-0.000757,-0.007961
0.001446,-0.007182,-0.005902
-0.000574,-0.005005,-0.010120
-0.001587,0.001386,-0.009017
-0.003599,0.004576,-0.007935
-0.006557,0.012025,-0.005748
-0.004595,0.020568,-0.006754
-0.004564,0.028005,-0.003519
-0.003540,0.030141,-0.003516
-0.002518,0.025851,-0.001431
-0.002485,0.014147,-0.004717
-0.001514,0.002430,-0.006942
-0.000590,-0.009287,-0.009138
0.000313,-0.019999,-0.004967
0.002188,-0.028536,-0.005027
0.001126,-0.028493,-0.009264
0.001992,-0.027422,-0.009221
0.001897,-0.024196,-0.011280
0.000836,-0.019929,-0.011257
0.000760,-0.012460,-0.011212
0.000702,-0.009264,-0.011189
-0.002298,-0.004996,-0.011159
-0.004293,0.000254,-0.002646
-0.001382,0.002377,-0.001573
-0.000394,0.001256,0.003709
-0.001362,-0.005104,-0.000591
-0.001380,-0.008305,-0.000612
-0.002373,-0.015816,0.003580
-0.000458,-0.022230,0.004600
-0.000486,-0.024279,-0.003900
-0.002503,-0.021092,-0.001745
-0.002574,-0.017871,-0.003867
-0.001657,-0.019991,-0.006006
0.000230,-0.017837,-0.008130
-0.000820,-0.013554,-0.009169
-0.003824,-0.005018,-0.009108
-0.000945,-0.005054,-0.005931
0.002936,-0.005085,-0.002727
0.002920,-0.000814,-0.002662
-0.000010,0.000276,-0.004747
-0.001998,0.003468,-0.003644
-0.002003,0.008745,0.002781
-0.000983,0.001243,0.005920
0.003940,-0.007295,0.005839
0.001035,-0.015876,0.009987
0.001035,-0.020146,0.009936
0.001025,-0.016912,0.006781
0.000031,-0.011537,0.002549
-0.001933,-0.007282,0.003627
-0.000016,-0.005105,-0.000598
0.001924,-0.006159,-0.001677
0.001899,-0.001910,0.000504
-0.001003,0.005531,0.002651
-0.000969,0.009737,0.009075
0.002022,0.008695,0.006964
0.003055,0.001237,0.005851
0.002094,-0.002996,0.002658
-0.001790,0.003488,-0.005822
-0.000843,0.013079,-0.004712
-0.000843,0.018394,-0.002537
0.003082,0.021585,-0.001448
-0.000743,0.023624,0.008127
-0.000659,0.014039,0.005943
0.001338,0.009907,-0.007915
0.000329,-0.001840,-0.006958
0.000270,-0.012607,0.002498
0.001189,-0.028580,-0.000790
0.004033,-0.034863,-0.012482
-0.003885,-0.029625,-0.002914
-0.003979,-0.024386,0.006675
0.002855,-0.024384,0.006660
0.003837,-0.026476,0.002397
-0.003031,-0.025442,0.005576
-0.002094,-0.022283,0.009841
-0.002081,-0.013772,0.012039
-0.001050,-0.003101,0.012125
0.001915,-0.004112,0.006803
0.001928,-0.007250,0.000409
0.001904,-0.011485,-0.002784
0.001841,-0.017824,-0.009206
0.000773,-0.025337,-0.005005
0.000689,-0.025369,-0.001822
0.001593,-0.015774,-0.000692
0.000592,-0.010437,-0.000632
-0.002360,-0.004042,0.000484
-0.003316,0.008710,0.005901
-0.003239,0.018279,0.009169
-0.001202,0.024641,0.013490
-0.000088,0.025719,0.012438
-0.003876,0.017224,0.008119
-0.001895,0.002317,0.004792
0.000055,-0.013636,-0.000639
0.000966,-0.025364,-0.001789
-0.001070,-0.026421,-0.002866
-0.000171,-0.024276,-0.003908
0.000734,-0.024264,-0.004955
0.001642,-0.018897,-0.008113
-0.000346,-0.009346,-0.002724
-0.001346,-0.000861,0.002676
0.001607,0.004462,0.003763
-0.001276,0.008685,0.008039
-0.001210,0.010851,0.004874
0.000779,0.003384,0.004808
-0.001143,-0.006209,0.003677
-0.000153,-0.009442,0.006853
0.000813,-0.009378,0.000480
-0.000182,-0.010454,0.001517
-0.000200,-0.011480,-0.002750
-0.001245,-0.014664,-0.004906
0.000628,-0.018912,-0.007072
0.002498,-0.023146,-0.010293
0.000441,-0.023083,-0.016673
-0.000638,-0.017791,-0.012375
-0.001717,-0.013502,-0.014466
0.001124,-0.011431,-0.008075
0.001075,-0.008229,-0.008033
-0.000896,-0.000850,0.001587
-0.002834,0.001244,0.005884
-0.002786,0.008683,0.009125
0.000225,0.008714,0.005928
0.000272,0.003395,0.003747
0.000285,-0.001930,0.002639
-0.001663,-0.010480,0.003605
0.001224,-0.013649,0.000401
0.000208,-0.010429,-0.001678
0.000170,-0.011508,-0.000647
0.001111,-0.002978,0.000501
0.000133,0.002356,0.000527
0.001116,0.003435,-0.000539
-0.000804,0.017276,0.002758
0.000227,0.017264,0.003827
0.002233,0.016176,0.005946
0.001312,0.007671,0.002696
0.001347,-0.001922,0.001558
0.000351,-0.013619,-0.002781
0.003217,-0.022111,-0.007065
0.001169,-0.016760,-0.008088
-0.001857,-0.012448,-0.012274
-0.000954,-0.005033,-0.006910
-0.000983,0.001349,-0.004718
0.000955,0.000275,-0.003675
0.000969,0.001330,-0.002618
-0.000991,0.002403,-0.003697
-0.002927,0.003425,0.000515
0.000011,0.006570,0.005842
-0.000943,0.004479,0.001579
-0.001900,-0.000851,0.001552
-0.002876,-0.000874,0.003660
-0.000929,-0.003010,0.003663
0.000036,-0.007288,0.004701
0.001986,-0.009411,0.003649
0.000999,-0.009391,0.001514
0.000990,-0.001906,0.000523
0.002943,0.000238,-0.000526
0.001968,0.004514,-0.001563
0.000018,0.011993,-0.002579
0.000047,0.015195,-0.002552
0.000053,0.012047,-0.007891
0.001983,0.006711,-0.007931
-0.000959,-0.003971,-0.006963
-0.001990,-0.013576,-0.007068
-0.001101,-0.023178,-0.007124
-0.000209,-0.023197,-0.004982
0.000706,-0.017914,0.000384
0.001657,-0.020095,0.004625
0.000676,-0.017949,0.003597
-0.003213,-0.010457,0.001532
-0.000323,-0.006148,-0.002695
-0.000343,-0.003928,-0.011193
-0.000407,-0.006065,-0.011246
-0.000507,-0.006052,-0.012315
0.000393,-0.005018,-0.009137
0.000347,-0.006131,-0.004894
0.000329,-0.000846,0.000486
0.001312,0.001316,-0.001585
-0.000626,0.002395,-0.002616
-0.000620,-0.002954,-0.001621
0.000327,-0.006132,-0.003744
0.000284,-0.009260,-0.011205
-0.000785,-0.010316,-0.012276
-0.000871,-0.011472,-0.003796
0.000037,-0.014654,-0.005973
-0.000980,-0.009381,0.000439
0.000953,-0.000876,0.003696
0.000023,0.005496,0.006928
-0.001870,0.001207,0.009033
-0.000839,-0.000907,0.006872
0.001128,-0.007246,0.000450
-0.000837,-0.016818,-0.002817
0.002022,-0.025322,-0.006061
-0.001006,-0.021048,-0.007104
-0.001082,-0.012564,-0.001725
-0.000158,-0.009358,-0.001698
0.001767,-0.001918,0.001578
-0.000180,-0.001895,-0.000538
-0.001141,0.000240,-0.000512
-0.001155,-0.001902,0.000551
0.002748,-0.014642,-0.005907
0.000726,-0.024200,-0.011314
-0.002334,-0.027371,-0.014539
0.000448,-0.029493,-0.015648
0.000310,-0.034827,-0.015681
-0.003732,-0.031650,-0.013551
-0.000936,-0.023197,-0.004975
0.000951,-0.016806,-0.003843
-0.001029,-0.008346,0.003631
-0.002970,-0.003008,0.003677
0.000960,-0.000851,0.001580
0.001970,0.002393,-0.002636
0.001945,0.003470,-0.003694
0.000969,0.003445,-0.001593
0.000968,0.001301,-0.000543
0.000962,-0.004034,-0.000569
0.003873,-0.008269,-0.003768
0.001875,-0.015696,-0.008071
-0.002110,-0.019976,-0.007061
-0.005129,-0.018896,-0.008106
-0.000316,-0.023207,-0.003892
0.003507,-0.027368,-0.014540
-0.000514,-0.019889,-0.015557
0.000339,-0.007117,-0.012275
0.003199,0.007768,-0.006854
0.002255,0.014124,-0.002573
-0.002601,0.013109,-0.007895
-0.003567,0.014137,-0.003642
0.000366,0.002423,-0.005832
0.001294,-0.013573,-0.007040
-0.000739,-0.021074,-0.003902
0.000160,-0.026419,-0.002866
0.000087,-0.028573,-0.000735
-0.002899,-0.025402,0.002475
-0.003930,-0.024409,0.009919
-0.001990,-0.022254,0.007823
-0.000023,-0.019045,0.006762
0.001926,-0.009431,0.005764
-0.000017,-0.009422,0.004675
-0.001943,-0.003107,0.013213
0.001994,0.004436,0.005837
0.003999,0.001282,0.001578
0.001065,0.000238,-0.000540
0.001053,0.001334,-0.003713
0.001999,-0.003969,-0.006935
0.000005,-0.019932,-0.011313
-0.001089,-0.030624,-0.009284
-0.000245,-0.030563,-0.015656
-0.000375,-0.028472,-0.011400
-0.003414,-0.026354,-0.009247
-0.003527,-0.023204,-0.003900
-0.001627,-0.006115,-0.005878
-0.002619,0.005549,0.001644
0.001292,0.002359,0.000555
0.003278,-0.000842,0.000520
0.000348,-0.012548,-0.002780
0.000282,-0.024253,-0.006038
0.002147,-0.035935,-0.011425
0.001030,-0.044472,-0.011500
0.000868,-0.049831,-0.009417
0.001683,-0.056209,-0.011560
0.002469,-0.058258,-0.020045
-0.001636,-0.056156,-0.016844
-0.003804,-0.047647,-0.013573
-0.002003,-0.034846,-0.013510
-0.000182,-0.010282,-0.015467
0.000732,0.006725,-0.008993
-0.001208,0.017317,-0.001478
-0.006999,0.026844,0.006005
-0.000067,0.025713,0.012347
0.002987,0.011885,0.008003
0.000121,0.001295,-0.000577
0.000093,-0.009364,-0.001710
0.001001,-0.026380,-0.007145
0.001853,-0.039132,-0.012555
0.000702,-0.041242,-0.014675
-0.002393,-0.031690,-0.009272
-0.001530,-0.024262,-0.004956
-0.002556,-0.009333,-0.003772
-0.003521,0.003396,0.003761
-0.000540,0.010832,0.006988
-0.000456,0.013979,0.012322
-0.001321,0.013967,0.013369
-0.003188,0.011912,0.005936
-0.003125,0.005531,0.003758
0.000787,-0.005092,-0.001646
0.002690,-0.017822,-0.009178
0.000628,-0.018835,-0.014492
0.001475,-0.020958,-0.015558
0.003289,-0.017725,-0.018749
0.002197,-0.010298,-0.014453
0.003079,-0.003907,-0.013343
0.002049,0.003553,-0.012210
0.000060,0.004598,-0.010079
-0.000928,0.004577,-0.007950
-0.000940,0.002445,-0.007941
-0.001956,-0.001813,-0.009039
-0.000063,-0.007135,-0.010133
-0.001107,-0.009312,-0.005908
-0.001165,-0.009292,-0.008044
-0.002206,-0.006069,-0.010138
-0.001282,-0.000812,-0.002698
-0.001288,0.008802,-0.003682
-0.001269,0.015175,-0.000444
0.000724,0.015165,0.000624
0.000776,0.009802,0.002687
-0.000168,0.002356,0.000528
0.000793,-0.007226,-0.001650
0.000746,-0.015688,-0.009138
0.000667,-0.023197,-0.004960
0.001560,-0.027477,-0.003943
0.000489,-0.026344,-0.010301
0.000365,-0.022033,-0.014507
-0.000740,-0.011346,-0.016563
-0.002777,-0.004966,-0.014406
0.001055,-0.001804,-0.010149
0.001014,-0.000791,-0.004841
-0.002888,-0.000846,0.000457
0.000035,0.003445,-0.001607
0.001985,-0.003990,-0.004821
0.000975,-0.006136,-0.003792
-0.001989,-0.007192,-0.004841
-0.001035,-0.008248,-0.005904
0.001825,-0.011458,-0.004858
0.000793,-0.012514,-0.005928
-0.002170,-0.007192,-0.004820
-0.004159,-0.007237,-0.000603
-0.003214,-0.008315,0.000413
-0.000301,-0.010471,0.002509
0.000661,-0.004058,0.001512
-0.000292,0.008712,0.004772
0.000736,0.016195,0.003797
-0.000188,0.011961,0.000604
0.000824,0.008818,-0.004695
0.003739,-0.005000,-0.010108
0.002674,-0.016624,-0.021866
0.000555,-0.026186,-0.026201
0.001320,-0.033680,-0.024165
0.001111,-0.034768,-0.022045
-0.000042,-0.028426,-0.015610
-0.001142,-0.028480,-0.010319
-0.001240,-0.027464,-0.004977
-0.004205,-0.018972,-0.000686
-0.002303,-0.018992,0.001422
-0.000383,-0.021094,-0.001773
-0.002391,-0.017897,-0.001751
-0.001475,-0.016809,-0.003870
-0.002483,-0.009346,-0.002738
-0.001540,0.000236,-0.000539
-0.000577,0.009777,0.005910
0.001436,0.011891,0.008065
0.001520,0.010815,0.009144
0.002561,0.001263,0.003735
0.000630,-0.008299,-0.000579
0.001566,-0.020999,-0.011308
-0.000495,-0.029471,-0.017756
-0.000676,-0.028394,-0.018821
0.000129,-0.028426,-0.015624
-0.001952,-0.019879,-0.016617
-0.001107,-0.008182,-0.012271
-0.001148,0.004549,-0.004732
-0.003064,0.016208,0.002792
-0.002032,0.017264,0.003855
-0.000971,0.017243,0.005956
-0.001878,0.006625,0.000565
-0.001855,-0.005114,0.000441
0.000052,-0.016809,-0.003899
-0.000037,-0.020000,-0.004988
-0.000144,-0.018944,-0.003917
-0.000198,-0.013626,-0.001743
0.002682,-0.004064,0.002592
0.002689,0.003425,0.000543
0.000768,0.015218,-0.004631
-0.000174,0.018440,-0.006732
0.000813,0.019506,-0.006737
0.001810,0.014140,-0.003587
0.000851,0.011962,0.000625
0.000883,0.005591,-0.002628
-0.002052,-0.004013,-0.002712
-0.001111,-0.009350,-0.002751
-0.000172,-0.014695,-0.001730
0.002700,-0.013582,-0.005952
-0.002239,-0.003990,-0.004828
-0.000313,0.000212,0.001584
0.000658,0.004480,0.001607
0.000696,0.011973,-0.000436
-0.001218,0.014055,0.004894
-0.001178,0.008753,0.001685
0.000797,0.006651,-0.001523
0.001787,0.001297,0.000572
-0.000182,-0.002993,0.002650
0.000795,-0.006157,-0.001620
-0.000212,-0.012571,-0.000629
0.000734,-0.015748,-0.002795
0.000681,-0.015684,-0.009161
-0.001368,-0.013499,-0.014482
-0.002458,-0.004940,-0.016522
-0.004482,0.004609,-0.011161
-0.001615,0.013114,-0.007896
-0.001611,0.015183,-0.001511
-0.000580,0.021491,0.008108
-0.000486,0.020384,0.012363
-0.001350,0.016083,0.015509
-0.000234,0.019229,0.020814
0.000859,0.003317,0.011125
0.003829,-0.007227,-0.001700
0.001829,-0.011504,-0.000655
-0.002127,-0.014701,-0.000663
-0.000243,-0.018936,-0.003863
0.000671,-0.018896,-0.008106
-0.000394,-0.021031,-0.008132
0.000478,-0.016740,-0.010217
0.002350,-0.010390,-0.004842
0.001347,-0.004018,-0.001610
-0.003519,0.010919,-0.001514
-0.004453,0.016201,0.003851
-0.003412,0.009788,0.004863
-0.005290,0.006512,0.012255
-0.000359,-0.010572,0.013174
0.001622,-0.017866,-0.004962
-0.003322,-0.017881,-0.003949
-0.004394,-0.017954,0.003492
0.000463,-0.011605,0.008853
0.004375,-0.010553,0.010989
0.006371,-0.009439,0.006810
0.004426,-0.012502,-0.006962
0.003388,-0.019907,-0.013379
0.003275,-0.016628,-0.020772
0.001174,-0.011231,-0.027119
-0.002899,-0.011264,-0.023950
-0.002033,-0.010359,-0.008046
-0.001096,-0.006177,0.000480
-0.004975,0.001227,0.006883
-0.006871,0.007547,0.015434
-0.008690,0.012797,0.023961
-0.005622,0.012761,0.027146
-0.000587,0.012771,0.026078
0.002485,0.006395,0.023912
0.003565,-0.005235,0.013220
0.004567,-0.018018,0.011021
0.005519,-0.022201,0.002496
0.004484,-0.023246,0.000357
0.004422,-0.019972,-0.007062
0.005319,-0.019929,-0.011278
-0.002602,-0.016654,-0.018691
-0.005666,-0.008142,-0.016515
-0.004775,-0.004984,-0.012263
-0.002888,-0.006135,-0.003778
-0.003881,-0.009390,0.001492
-0.003871,-0.010491,0.004638
-0.002907,-0.010535,0.008868
-0.000943,-0.006257,0.007831
0.001042,-0.003054,0.007886
0.001086,0.004396,0.010066
0.001156,0.011877,0.009070
0.001225,0.021448,0.012352
0.002315,0.022560,0.008145
0.002410,0.016235,0.000668
0.000483,0.007793,-0.008963
0.002370,-0.003893,-0.014356
0.001293,-0.010287,-0.015486
0.000181,-0.016720,-0.012353
0.000082,-0.015738,-0.003855
-0.000941,-0.006164,-0.000603
-0.000955,0.003420,0.001617
-0.002866,0.004414,0.009074
-0.002797,0.008659,0.011212
-0.003682,0.014015,0.009137
-0.001638,0.011825,0.014389
-0.001557,0.012869,0.016514
-0.001448,0.008570,0.019673
0.002562,0.002213,0.015372
0.004586,-0.005172,0.006826
0.003587,-0.016792,-0.004927
0.002531,-0.013570,-0.007028
0.003423,-0.013561,-0.008095
0.001395,-0.008226,-0.008055
0.001332,-0.001832,-0.006925
0.002278,-0.002921,-0.004826
-0.000658,-0.004021,-0.001645
-0.000679,-0.011501,-0.000635
0.001244,-0.022202,0.002489
-0.000750,-0.026457,0.001419
-0.005666,-0.009422,0.004718
-0.004669,0.005463,0.010132
-0.001674,0.009792,0.004869
0.000344,0.016141,0.010216
0.000426,0.018256,0.011285
0.001492,0.017235,0.007073
0.003513,0.003473,-0.003674
0.003484,0.000427,-0.019680
-0.004419,-0.010316,-0.013447
-0.001636,-0.016783,-0.007137
0.002197,-0.010432,-0.001769
0.002160,-0.006203,0.002547
0.002158,-0.007276,0.003639
0.000228,-0.006155,-0.001642
-0.002710,0.008861,-0.008947
-0.003695,0.017345,-0.003574
-0.000763,0.013021,0.001695
-0.000703,0.009710,0.012249
-0.001583,0.007460,0.023908
-0.002422,-0.005356,0.024857
-0.005236,-0.011803,0.029039
-0.001272,-0.014961,0.024788
-0.003129,-0.018138,0.022644
0.001805,-0.019139,0.016296
0.001833,-0.019105,0.013127
0.002800,-0.013716,0.007868
0.003769,-0.009330,-0.003737
0.004696,-0.007121,-0.011146
0.004610,-0.010249,-0.018615
-0.000390,-0.012396,-0.017600
-0.001478,-0.011319,-0.018665
-0.000623,-0.009261,-0.011233
-0.002651,-0.009282,-0.009119
-0.002702,-0.003968,-0.006964
-0.004675,-0.000833,-0.000577
-0.003678,0.005518,0.004798
-0.001684,0.006575,0.005854
-0.001630,0.007589,0.011169
-0.001564,0.004388,0.011148
0.004346,0.005518,0.004784
0.003402,0.007672,0.002681
0.002439,0.002294,0.006872
-0.000448,0.003354,0.007983
0.002516,-0.004105,0.006871
0.005459,-0.008295,-0.000552
0.003471,-0.013545,-0.009080
0.001439,-0.023041,-0.019774
-0.000683,-0.030437,-0.027273
-0.000908,-0.030409,-0.030483
-0.001137,-0.021886,-0.029389
-0.002299,-0.011323,-0.018728
-0.001433,-0.002905,-0.007003
-0.000462,0.009806,0.002672
-0.004308,0.030047,0.005997
-0.007099,0.039532,0.017746
-0.001032,0.042610,0.030561
0.000198,0.035142,0.030530
0.002380,0.022341,0.030467
0.002560,0.009654,0.018719
0.000708,-0.005169,0.006910
0.002618,-0.014721,0.001536
0.005487,-0.019982,-0.005937
0.006358,-0.027429,-0.008147
0.001370,-0.019951,-0.009177
0.000304,-0.013498,-0.014482
-0.000752,-0.009232,-0.014472
-0.001813,-0.008122,-0.018743
-0.002924,-0.009169,-0.020888
-0.000134,-0.010153,-0.029391
-0.001280,-0.014483,-0.023028
-0.005337,-0.014546,-0.016634
-0.001545,-0.019953,-0.009212
0.001306,-0.022075,-0.010264
0.000235,-0.019960,-0.008095
0.000145,-0.023211,-0.002756
0.001064,-0.031790,0.001421
0.003931,-0.042405,-0.003964
0.003792,-0.062551,-0.016852
0.002596,-0.062478,-0.024322
0.002275,-0.077415,-0.024418
0.004879,-0.091139,-0.039371
-0.001370,-0.070784,-0.047752
-0.003720,-0.035668,-0.037958
-0.003962,-0.010145,-0.029287
-0.004057,0.019539,-0.009934
-0.003981,0.042844,0.007226
-0.004748,0.044913,0.013576
-0.004540,0.041659,0.018860
-0.002400,0.035285,0.015593
-0.002265,0.018231,0.013308
-0.000244,-0.002075,0.016328
0.002711,-0.011614,0.009899
0.004656,-0.013702,0.005670
0.001700,-0.019003,0.002475
0.001640,-0.023161,-0.008145
0.002519,-0.018836,-0.013364
0.001398,-0.015543,-0.022898
-0.001630,-0.003848,-0.018572
-0.004637,0.004658,-0.015351
-0.001776,0.003537,-0.010062
-0.000834,0.004549,-0.004754
-0.004741,0.002350,0.001580
-0.002776,-0.002942,-0.002697
-0.002775,-0.000819,-0.001624
-0.001831,0.001305,-0.000538
0.000127,0.005583,-0.001575
0.001107,0.006606,0.002671
0.001140,0.004452,0.004789
0.003125,0.002321,0.004804
0.004112,-0.008316,0.001563
0.003119,-0.014656,-0.004851
0.003048,-0.022093,-0.008086
0.002956,-0.022018,-0.015506
0.002803,-0.025199,-0.017663
0.002654,-0.029467,-0.017714
0.001521,-0.018756,-0.021900
-0.004452,-0.005975,-0.019715
-0.005535,0.004620,-0.012215
-0.003598,0.013082,-0.004735
-0.003566,0.019410,0.002748
-0.003500,0.021536,0.003827
-0.001464,0.016128,0.011228
-0.000386,0.007562,0.014371
0.001635,-0.002027,0.013281
0.002659,-0.013694,0.005760
0.000691,-0.023243,0.000399
-0.000355,-0.025349,-0.002816
-0.001432,-0.029605,-0.003893
0.000412,-0.031739,-0.003919
-0.000644,-0.015738,-0.003855
-0.002621,-0.001981,0.007901
0.000341,0.002234,0.013243
-0.001523,0.012834,0.019662
-0.001382,0.018149,0.021838
0.000738,0.020314,0.018674
0.002842,0.020411,0.009132
0.000965,0.012990,0.004856
0.003908,0.000228,0.000514
0.004858,-0.015764,-0.000632
0.005767,-0.027437,-0.007072
0.003711,-0.021996,-0.017664
-0.001321,-0.018796,-0.017657
-0.003390,-0.010372,-0.006991
-0.001485,-0.004022,-0.001623
0.000471,-0.000913,0.007952
-0.000442,-0.003132,0.016429
-0.003271,0.014004,0.010177
-0.008034,0.030980,0.019840
-0.004967,0.030970,0.020894
-0.000883,0.030980,0.019819
0.002221,0.020298,0.020808
0.004264,0.000122,0.011124
0.003320,-0.014762,0.005758
0.003254,-0.027461,-0.004964
0.003155,-0.038042,-0.013532
0.002980,-0.040125,-0.018884
0.000810,-0.038034,-0.015707
0.000630,-0.034822,-0.016747
-0.000494,-0.024220,-0.009236
-0.002512,-0.009292,-0.008058
-0.001564,0.000257,-0.002690
-0.000571,0.004450,0.004754
-0.000505,0.005465,0.010068
0.003449,-0.001975,0.006792
0.003477,-0.005166,0.005717
-0.000420,-0.004111,0.006766
-0.000406,0.001235,0.005759
0.000608,0.007607,0.009005
0.001679,0.009679,0.015396
0.002748,0.002167,0.019575
0.003826,-0.003200,0.022746
0.006855,-0.005324,0.021667
0.005955,-0.007380,0.014234
0.005004,-0.009374,0.000450
0.001077,-0.001809,-0.009026
-0.000937,-0.002842,-0.012198
0.000951,0.001404,-0.010031
-0.001048,0.003507,-0.006822
-0.003985,0.002415,-0.004730
-0.006917,0.002361,0.000554
-0.007863,0.001252,0.004774
-0.006856,-0.000915,0.007925
-0.004887,-0.001997,0.008942
-0.003874,-0.004142,0.009992
-0.002887,-0.004146,0.011065
-0.000870,0.003344,0.008994
-0.000819,0.006543,0.009044
0.002173,0.012989,0.004863
0.002215,0.007708,-0.000482
0.001254,0.003439,-0.000519
0.002195,-0.006122,-0.004826
0.002148,-0.012492,-0.008051
0.001099,-0.014633,-0.006974
0.000041,-0.021016,-0.009173
0.001909,-0.026356,-0.008125
-0.000139,-0.026365,-0.007043
-0.001192,-0.017884,-0.001677
-0.002230,-0.017907,0.000424
-0.000292,-0.009368,-0.000588
-0.001273,-0.006264,0.008962
-0.001252,-0.001981,0.007929
-0.000237,-0.001961,0.005787
-0.002149,-0.006261,0.008939
-0.001153,-0.011586,0.007831
0.000790,-0.019043,0.006726
0.002721,-0.023236,-0.000718
0.000679,-0.028467,-0.011373
0.000539,-0.029471,-0.017749
0.000380,-0.032662,-0.018830
0.003111,-0.040112,-0.021031
0.003871,-0.045442,-0.021059
0.001703,-0.042187,-0.026329
-0.003410,-0.025082,-0.029391
-0.000661,-0.013418,-0.021854
0.003109,-0.003839,-0.019654
0.001089,0.001360,-0.005794
-0.000854,0.004479,0.002707
-0.000789,0.009824,0.001679
-0.002701,0.007646,0.005905
-0.002639,0.006526,0.011200
-0.002564,0.006511,0.012256
-0.002493,0.004344,0.015413
-0.000482,0.004347,0.015426
0.002521,0.000090,0.014335
0.003578,0.002206,0.016503
0.003654,0.006515,0.012269
0.004697,0.006545,0.009072
0.004742,0.002321,0.004818
0.004766,-0.000838,0.000547
0.003774,-0.012511,-0.005901
0.003687,-0.025233,-0.014536
0.001604,-0.032683,-0.016730
-0.000538,-0.036981,-0.013571
-0.002652,-0.047694,-0.009406
-0.001867,-0.076536,-0.006419
0.000819,-0.088091,-0.024538
-0.005336,-0.073186,-0.021251
-0.002740,-0.067883,-0.018022
-0.000999,-0.045514,-0.013597
-0.004072,-0.022168,-0.000701
-0.004083,-0.000880,0.004798
-0.003024,0.011891,0.008065
-0.001933,0.021453,0.012386
-0.000839,0.024673,0.010264
0.000263,0.028962,0.008151
0.000358,0.023647,0.005983
0.001403,0.015130,0.003779
0.001439,0.004513,-0.001605
0.002397,-0.007255,0.001489
0.000405,-0.019975,-0.007104
-0.000634,-0.015793,0.001422
-0.001645,-0.012623,0.004640
0.001287,-0.005181,0.007901
-0.000645,-0.004165,0.013243
0.000395,-0.008347,0.004738
0.001386,-0.006129,-0.003752
-0.001573,-0.006112,-0.005886
0.000308,-0.011394,-0.011224
0.001196,-0.016726,-0.011286
0.002039,-0.022021,-0.015605
-0.000048,-0.012357,-0.021907
-0.001148,-0.004972,-0.013346
0.000720,-0.002887,-0.008003
-0.000276,0.002376,-0.000494
-0.002191,0.017262,0.004920
-0.004031,0.026801,0.011356
-0.000973,0.027847,0.013487
0.001146,0.025639,0.020896
-0.001626,0.018154,0.021914
0.000458,0.009659,0.017589
0.001536,0.002235,0.013243
0.002543,-0.010517,0.007826
0.002517,-0.022223,0.004561
0.006344,-0.028550,-0.002901
0.005262,-0.016675,-0.016597
0.000256,-0.009250,-0.012309
0.003086,-0.002868,-0.010124
0.003058,0.001404,-0.010052
0.001079,0.001381,-0.007937
-0.000875,0.007817,-0.011050
-0.004799,0.005606,-0.003684
-0.001899,0.002374,-0.000508
0.002027,-0.007262,0.002606
-0.000910,-0.006175,0.000479
-0.004802,-0.003005,0.003676
-0.003819,-0.000935,0.010053
-0.002802,0.000089,0.014300
0.000184,-0.007367,0.013215
0.002177,-0.008361,0.005779
0.001192,-0.012576,0.000430
0.000174,-0.016846,0.000386
0.004989,-0.022159,-0.001769
0.005890,-0.026393,-0.004976
0.003844,-0.026297,-0.014532
-0.000210,-0.018776,-0.019786
0.000607,-0.015618,-0.015527
0.003440,-0.009302,-0.006976
0.000496,-0.004093,0.005817
-0.001408,0.008704,0.006982
-0.004238,0.010794,0.011231
-0.007060,0.009739,0.010160
-0.002120,0.003315,0.012226
0.001848,-0.008414,0.011063
0.001849,-0.005054,-0.004838
-0.006018,0.000247,-0.001664
-0.004118,0.004516,-0.001620
0.003700,0.010889,0.001625
0.004701,0.010892,0.001667
0.002807,0.006633,0.000590
0.003795,-0.004015,-0.001597
0.001823,-0.014663,-0.003799
0.001726,-0.025289,-0.008102
0.000653,-0.028425,-0.014496
-0.001435,-0.035905,-0.013493
-0.002574,-0.038075,-0.010335
0.000204,-0.031673,-0.010286
-0.001850,-0.016765,-0.007001
-0.004807,0.007701,0.000599
-0.006706,0.027844,0.013453
-0.002653,0.040616,0.016734
0.001465,0.042714,0.019930
0.003624,0.036366,0.014583
0.001812,0.023647,0.005969
0.000911,0.020531,-0.002541
0.001889,0.008825,-0.005805
0.005740,-0.002835,-0.013293
0.005638,-0.008085,-0.021828
0.003553,-0.011286,-0.021842
0.000484,-0.015630,-0.014466
-0.001576,-0.019972,-0.007069
-0.000654,-0.018905,-0.007046
-0.002653,-0.007245,0.000435
-0.002665,0.000172,0.005827
-0.001632,0.003331,0.010099
-0.000591,0.003325,0.011179
0.001436,0.010859,0.004879
-0.002408,0.019349,0.009170
-0.003304,0.021527,0.004959
-0.000282,0.022582,0.006015
-0.000227,0.016211,0.002769
0.003723,0.004453,0.004795
0.002749,-0.009364,-0.000603
0.002702,-0.016790,-0.004892
0.000673,-0.018882,-0.009154
-0.000400,-0.015659,-0.011256
0.003392,-0.015647,-0.012310
0.003304,-0.010310,-0.012271
0.000302,-0.008167,-0.013334
-0.001714,-0.000755,-0.007962
-0.001763,0.000320,-0.009041
0.001119,-0.000767,-0.006936
0.000119,0.000270,-0.003723
-0.001841,-0.001879,-0.002701
-0.001875,-0.001857,-0.004816
0.000055,-0.002943,-0.002683
0.001017,-0.000830,-0.000542
0.000042,0.005593,-0.002615
-0.000936,0.013094,-0.005746
-0.000931,0.012010,-0.003621
0.000041,0.013077,-0.003619
0.002014,0.004517,-0.001578
0.002971,-0.010389,-0.004864
0.000949,-0.025255,-0.012428
-0.000169,-0.031625,-0.015660
0.000639,-0.033759,-0.015657
-0.001477,-0.029489,-0.015606
0.001305,-0.023117,-0.012375
-0.002707,-0.013502,-0.013345
-0.001799,-0.002895,-0.006893
0.000134,0.001329,-0.002632
0.000137,0.001297,0.000529
0.001122,0.000251,-0.001616
-0.000806,-0.000817,-0.001639
-0.001805,-0.006122,-0.004883
0.001072,-0.010352,-0.009170
0.002930,-0.012422,-0.015547
0.001836,-0.006008,-0.016553
0.000748,-0.004940,-0.016536
-0.000330,-0.002812,-0.015430
0.001555,0.002450,-0.007935
-0.000431,0.005703,-0.013212
0.000503,0.008872,-0.010015
-0.001469,0.006704,-0.006857
-0.000505,0.007676,0.002715
0.001479,0.005490,0.008023
0.002501,0.002320,0.004805
-0.001365,0.006600,0.003759
-0.001349,0.006600,0.003766
0.000652,0.004446,0.005883
0.000671,-0.000911,0.007959
0.001683,-0.009424,0.005790
0.001671,-0.009243,-0.012247
-0.001349,-0.007113,-0.012270
-0.000486,-0.004989,-0.011190
0.000421,-0.000703,-0.013309
0.000363,0.007790,-0.009011
-0.001589,0.013137,-0.010026
-0.000598,0.013094,-0.005796
-0.000591,0.008803,-0.003725
-0.001553,0.005602,-0.003739
-0.002557,0.001354,-0.005891
0.000337,-0.006114,-0.005936
-0.000681,-0.007200,-0.003795
0.001215,-0.013664,0.002542
0.000223,-0.011486,-0.001698
0.000185,-0.011420,-0.008036
0.000128,-0.010379,-0.005917
0.001038,-0.006173,0.000500
0.001988,-0.003963,-0.006902
0.000035,0.009927,-0.008951
-0.004851,0.009885,-0.004722
0.000011,0.002437,-0.006902
-0.000031,-0.007210,-0.002749
0.000914,-0.009407,0.003619
0.002869,-0.007294,0.005767
0.001914,-0.005171,0.006840
-0.000025,-0.006204,0.003668
-0.001975,-0.009414,0.004736
0.000939,-0.013617,-0.001646
0.000906,-0.018871,-0.010215
-0.001137,-0.016706,-0.013393
-0.001280,-0.026280,-0.016681
-0.001447,-0.026278,-0.016682
-0.001604,-0.026363,-0.008194
0.001188,-0.031696,-0.008206
0.001103,-0.017750,-0.015519
-0.001928,-0.001863,-0.003749
-0.000964,0.007691,0.001674
0.000092,0.021489,0.009223
-0.001738,0.034241,0.014646
-0.001558,0.042789,0.013632
-0.002329,0.044899,0.015738
-0.002128,0.039458,0.026308
0.000010,0.025584,0.026173
0.002158,0.008550,0.021788
0.002253,-0.010605,0.016322
0.004230,-0.025428,0.004542
0.003180,-0.032824,-0.002950
0.002059,-0.037026,-0.009347
0.000942,-0.032713,-0.013526
0.003700,-0.027383,-0.012442
0.001624,-0.015686,-0.008088
0.000599,-0.004030,-0.000570
0.000617,0.000238,-0.000540
-0.003256,-0.000794,-0.003741
-0.004255,0.002397,-0.002652
-0.001328,-0.002954,-0.001643
-0.002298,-0.006176,0.000451
-0.002321,-0.007241,0.000434
-0.001366,-0.006162,-0.000611
-0.000412,-0.010497,0.005718
-0.000433,-0.012629,0.005728
0.003482,-0.011590,0.008926
-0.000400,-0.007345,0.011064
0.002559,-0.003106,0.014305
0.005529,-0.003075,0.011115
0.005587,-0.001939,0.003700
0.001704,-0.001928,0.002653
0.000718,-0.005072,-0.002689
0.001670,-0.010409,-0.002742
-0.001313,-0.011456,-0.004873
-0.000404,-0.003976,-0.005876
-0.003362,0.000219,0.001574
-0.002382,0.005522,0.004790
-0.000385,0.007582,0.012243
0.000696,0.009696,0.014397
0.000789,0.012920,0.012302
-0.001047,0.010754,0.015474
0.000995,0.008649,0.012273
0.003013,0.004485,0.001605
0.001080,0.002381,-0.001631
0.000091,0.001356,-0.005885
0.001982,0.002455,-0.009051
0.000984,0.005604,-0.003711
-0.000001,0.009840,-0.000484
0.001971,0.006651,-0.001559
-0.000948,0.003474,-0.003696
0.000986,-0.002981,0.001567
0.000975,-0.011528,0.002567
0.000955,-0.020085,0.004629
0.000916,-0.015850,0.007856
-0.001031,-0.011624,0.012131
-0.001967,-0.007387,0.015365
0.001023,-0.006288,0.012191
0.001065,-0.002043,0.014330
-0.000796,0.011837,0.013342
-0.000687,0.019297,0.014460
-0.000564,0.019328,0.011264
0.000515,0.016179,0.005917
0.003510,0.015176,-0.000466
0.001568,0.004631,-0.013305
0.000520,-0.005966,-0.020832
0.000358,-0.013414,-0.023026
0.001184,-0.020936,-0.017766
0.000056,-0.024154,-0.015652
-0.000091,-0.014579,-0.012350
-0.002102,-0.009312,-0.005944
-0.003096,-0.000900,0.006898
-0.001076,0.014012,0.010231
-0.003872,0.026730,0.018796
-0.003700,0.034174,0.020978
-0.001535,0.031986,0.026264
0.000613,0.020227,0.028291
0.002728,0.006343,0.029231
0.001888,-0.008458,0.015307
0.001928,-0.020124,0.007743
0.003836,-0.028563,-0.001860
0.006620,-0.040213,-0.010416
0.004508,-0.040180,-0.013585
0.004307,-0.032529,-0.031557
-0.002731,-0.015449,-0.032531
-0.001953,0.004709,-0.020690
-0.001043,0.014230,-0.012105
-0.001973,0.024730,0.004965
-0.004783,0.025690,0.015563
-0.003624,0.019257,0.018704
-0.001513,0.006431,0.020721
-0.000413,0.003187,0.024930
-0.002248,-0.002125,0.022774
0.000755,-0.006340,0.017439
0.004721,-0.007377,0.014261
0.004749,-0.008390,0.008954
0.003776,-0.007229,-0.000578
0.001790,-0.002887,-0.007981
0.002691,-0.003900,-0.013275
0.004551,-0.000645,-0.018545
0.003511,0.003613,-0.017475
0.000510,0.001469,-0.016419
0.000432,-0.001752,-0.014325
-0.000600,-0.004944,-0.015428
-0.005541,-0.003919,-0.011196
-0.007562,-0.001851,-0.004832
-0.003663,-0.000853,0.001545
-0.001704,-0.001974,0.006834
0.000292,0.002265,0.010032
-0.000626,0.002244,0.012161
-0.000573,0.001179,0.012165
0.001430,0.003378,0.005832
0.001471,0.000178,0.005832
0.004416,-0.002980,0.001567
0.005375,-0.010350,-0.008021
0.006262,-0.013476,-0.015462
0.001290,-0.010291,-0.014385
-0.001733,0.001437,-0.013228
0.000163,0.005685,-0.011084
-0.001806,0.014168,-0.005711
-0.002754,0.018356,0.001727
-0.001715,0.023628,0.008140
-0.002557,0.020421,0.009171
-0.001490,0.017199,0.011272
-0.000417,0.012969,0.006963
-0.001349,0.006609,0.002663
0.001568,0.002371,-0.000549
0.000583,0.000290,-0.005880
0.002467,-0.002881,-0.009076
0.002415,-0.003937,-0.010140
0.003316,-0.001766,-0.013306
0.003256,-0.000720,-0.011167
0.001255,-0.000742,-0.009045
0.002200,-0.006108,-0.005888
0.001179,-0.010344,-0.009080
0.001104,-0.008178,-0.012244
-0.001892,-0.005005,-0.009056
-0.001931,-0.005068,-0.002683
-0.001950,-0.004026,-0.000565
-0.000010,-0.000855,0.002660
0.000025,0.004456,0.004815
-0.003842,0.010857,0.004844
-0.002803,0.015111,0.005908
0.003126,0.017246,0.005947
0.002220,0.014089,0.001696
-0.001657,0.007729,-0.002597
0.001260,-0.006121,-0.004840
0.002188,-0.016737,-0.010218
0.003064,-0.020032,-0.000683
0.003961,-0.021046,-0.005998
0.002909,-0.015634,-0.013379
-0.001099,-0.013520,-0.011231
-0.002176,-0.011385,-0.011192
0.000698,-0.003957,-0.006875
0.002613,-0.001751,-0.014304
-0.003304,-0.007068,-0.016508
-0.002425,-0.008209,-0.009111
0.000429,-0.010365,-0.007008
0.001336,-0.012531,-0.003837
-0.000655,0.000304,-0.006899
-0.003586,0.013108,-0.006823
-0.001634,0.018401,-0.002539
0.000364,0.022631,0.001741
0.002388,0.021543,0.003867
0.002459,0.017283,0.002763
-0.000408,0.016303,-0.005714
0.000581,0.019510,-0.006774
-0.000409,0.006725,-0.009015
0.001503,0.000365,-0.013307
0.002414,-0.003955,-0.008019
0.002335,-0.011441,-0.005928
-0.000640,-0.016807,-0.002771
0.000264,-0.017874,-0.002781
0.001182,-0.016806,-0.002764
0.000153,-0.016776,-0.005926
-0.000894,-0.013543,-0.009094
-0.000009,-0.011398,-0.010137
-0.001040,-0.009298,-0.006963
0.001812,-0.002890,-0.006895
0.002762,0.001367,-0.005810
-0.000162,0.012020,-0.004668
0.000817,0.008840,-0.006818
-0.000158,0.006699,-0.005755
-0.002126,0.002430,-0.005800
0.002720,-0.007173,-0.005877
0.002643,-0.010225,-0.020745
-0.003332,-0.008075,-0.022917
-0.000550,-0.007103,-0.013345
0.000332,-0.003913,-0.012270
-0.001668,0.004559,-0.005843
-0.000681,0.010910,-0.000490
-0.000656,0.011977,-0.000480
0.000360,0.013001,0.003794
0.002366,0.011902,0.006968
-0.000497,0.010803,0.010120
-0.001407,0.004404,0.010113
0.002558,-0.000899,0.006904
0.001606,-0.006244,0.007933
0.002597,-0.012646,0.007884
0.001614,-0.011536,0.003656
0.000634,-0.009391,0.002599
-0.000361,-0.003013,0.004736
0.000613,-0.000890,0.005816
0.002606,0.006568,0.006921
-0.000245,0.013986,0.012298
-0.000168,0.015115,0.005920
-0.001076,0.014087,0.001654
0.001895,0.006638,-0.000540
0.001867,0.003481,-0.004791
0.001844,0.000290,-0.005887
0.000830,0.000273,-0.003745
0.001775,-0.002895,-0.006936
0.000772,-0.002894,-0.006922
-0.003177,0.002451,-0.007950
-0.002191,0.015200,-0.002546
-0.004088,0.018305,0.007024
-0.001070,0.019344,0.010236
-0.001935,0.011872,0.010150
-0.001832,0.008636,0.013285
-0.002723,0.003332,0.010048
-0.002696,-0.000907,0.006801
0.003167,-0.004085,0.004671
0.004140,-0.000863,0.002563
0.003166,-0.001896,-0.000601
0.003145,-0.001873,-0.002688
0.002132,-0.007165,-0.006958
0.004021,-0.014624,-0.008049
0.001984,-0.015669,-0.010180
0.002864,-0.014627,-0.006991
0.000843,-0.006069,-0.009052
-0.000170,0.003456,-0.001554
-0.003081,0.008737,0.003791
-0.000095,0.010869,0.003803
-0.002952,0.015159,0.001719
-0.003857,0.014049,0.005939
-0.000910,0.004496,0.000523
0.000060,-0.007234,-0.000626
-0.000974,-0.016795,-0.004947
0.000909,-0.018979,0.000331
-0.002063,-0.015841,0.006725
-0.000121,-0.009478,0.011074
0.003825,0.001120,0.018608
0.001988,0.009648,0.019757
0.001154,0.012881,0.016595
0.001260,0.012914,0.013426
0.003314,0.008730,0.004886
0.001406,0.000234,0.000554
0.000403,-0.006105,-0.005868
0.000328,-0.011422,-0.008071
0.000249,-0.013555,-0.008083
-0.000812,-0.015734,-0.003850
0.000107,-0.013577,-0.005946
-0.001883,-0.009374,0.000451
-0.000926,-0.006214,0.004743
-0.000910,-0.006220,0.005831
0.000095,-0.009422,0.005796
0.000096,-0.013646,0.001507
0.001024,-0.018845,-0.012353
-0.001050,-0.024217,-0.009237
0.002729,-0.026319,-0.012438
0.001622,-0.017762,-0.014478
-0.002386,-0.003900,-0.013303
-0.002442,0.010974,-0.006799
-0.002430,0.023704,0.000733
-0.000383,0.026844,0.007119
-0.000258,0.025776,0.007096
-0.001110,0.019331,0.011277
-0.000055,0.005491,0.007973
0.001955,-0.008407,0.009968
0.002934,-0.019016,0.003495
0.001895,-0.027497,-0.001886
0.000823,-0.038168,-0.001965
0.002643,-0.032797,-0.005074
0.002533,-0.025210,-0.016673
0.000439,-0.014539,-0.016572
0.001292,-0.009215,-0.015472
-0.000734,-0.003892,-0.014385
0.001126,0.001464,-0.016474
0.000093,0.004624,-0.012238
-0.001906,0.004602,-0.010123
0.000023,0.002412,-0.004843
0.001974,0.000204,0.002573
0.002945,-0.006153,-0.001700
0.002924,-0.008330,0.002532
0.002913,-0.004052,0.001530
0.004870,0.006631,0.000570
0.001994,0.014004,0.010177
0.002096,0.016045,0.019779
0.001274,0.017094,0.021924
0.000468,0.012762,0.028266
-0.002258,0.008452,0.032480
-0.003059,-0.001100,0.027084
-0.001965,-0.013799,0.016363
-0.001939,-0.030810,0.009834
-0.001022,-0.032817,-0.002960
-0.005057,-0.028424,-0.015703
-0.003297,-0.023040,-0.020981
-0.000553,-0.010228,-0.021979
-0.000694,0.005715,-0.015480
0.001195,0.017422,-0.012194
0.000229,0.033346,-0.003553
0.000325,0.041758,0.009288
0.002435,0.044975,0.008296
0.002636,0.040605,0.018924
0.002858,0.021335,0.025192
0.002055,-0.005308,0.021818
0.004101,-0.030852,0.015263
0.004062,-0.046762,0.005588
0.001976,-0.048770,-0.007191
-0.002086,-0.036980,-0.012421
-0.004201,-0.023091,-0.014477
-0.005300,-0.008145,-0.015463
-0.003422,0.008896,-0.012159
-0.005397,0.025925,-0.007808
-0.004380,0.038664,-0.001350
-0.003297,0.038599,0.005009
-0.000266,0.032232,0.001783
0.000787,0.021509,0.007016
0.005724,0.006485,0.015415
0.006772,-0.005302,0.020673
0.004898,-0.010636,0.020683
0.002063,-0.008533,0.023884
0.001209,-0.009577,0.021774
0.001308,-0.010581,0.015391
0.002360,-0.002995,0.003800
-0.000573,0.000341,-0.010006
-0.002583,0.002558,-0.018546
-0.003669,0.002595,-0.022859
-0.002844,-0.001666,-0.023999
-0.000067,0.000466,-0.024001
-0.003101,0.004649,-0.015482
-0.002215,-0.000782,-0.005966
-0.000272,0.003383,0.004716
-0.000188,0.008636,0.013285
0.002825,0.014977,0.019728
0.001993,0.016025,0.021887
0.003150,0.013841,0.027193
0.005277,0.018100,0.028298
0.006439,0.017037,0.028295
0.005623,0.012843,0.020837
0.003806,0.010747,0.016569
0.001980,0.008643,0.013354
0.001090,0.001243,0.005849
-0.000834,-0.008287,-0.001662
-0.002850,-0.017771,-0.013446
-0.003005,-0.027281,-0.023093
-0.002251,-0.032565,-0.028472
-0.001541,-0.029354,-0.029512
-0.000807,-0.029375,-0.027376
-0.002975,-0.020912,-0.019868
-0.003095,-0.008223,-0.008085
-0.001178,0.006657,-0.001540
0.000813,0.015056,0.012342
0.001909,0.021397,0.018791
0.000152,0.019225,0.023022
0.002283,0.011786,0.019760
0.000463,0.011814,0.016586
-0.000405,0.008665,0.011246
0.000643,0.001250,0.005868
-0.000306,0.000245,-0.000535
0.000632,-0.007252,0.001509
0.002551,-0.010410,-0.002763
0.000541,-0.011436,-0.007052
-0.001477,-0.007201,-0.003852
0.000429,-0.003996,-0.003797
-0.000574,-0.001872,-0.002717
-0.000569,0.002365,0.000517
-0.000562,0.002388,-0.001577
0.000427,0.000268,-0.002651
0.001379,-0.011470,-0.002739
0.004249,-0.023199,-0.003874
0.003178,-0.030595,-0.011380
0.000108,-0.031631,-0.014594
-0.001028,-0.021997,-0.017713
-0.002133,-0.011379,-0.012336
0.000703,-0.002928,-0.003781
-0.000271,0.002366,0.000524
-0.002187,0.011938,0.003784
-0.004080,0.014007,0.010169
-0.000094,0.009740,0.010153
0.002906,0.003392,0.004791
0.000979,0.001289,0.001575
-0.000018,-0.004006,-0.002708
0.002872,-0.002873,-0.009044
0.002820,-0.002927,-0.003745
-0.000157,-0.005073,-0.002717
0.001789,-0.010440,0.000419
0.000790,-0.012574,0.000394
0.000768,-0.012587,0.001477
0.001727,-0.006185,0.001526
-0.001208,-0.002980,0.001552
-0.002163,0.005525,0.004817
-0.000174,0.007649,0.005890
0.000869,0.013017,0.002753
-0.000076,0.013047,-0.000458
-0.001991,0.005567,0.000552
-0.001029,-0.000826,-0.000558
-0.000076,-0.006150,-0.001658
0.003770,-0.013640,0.000419
0.002759,-0.017876,-0.002794
0.001718,-0.022166,-0.000688
0.001650,-0.024215,-0.009195
0.000566,-0.019956,-0.008082
-0.000486,-0.014631,-0.006975
0.000430,-0.007158,-0.006932
-0.002538,0.003502,-0.005792
-0.002540,0.006631,0.000584
-0.000556,0.008734,0.003785
-0.000514,0.007655,0.004787
0.000512,0.001273,0.002603
-0.001406,-0.004096,0.005718
-0.001416,-0.009387,0.001448
-0.001436,-0.011512,0.000383
0.003397,-0.010399,-0.003817
0.002369,-0.016802,-0.003866
0.002284,-0.022109,-0.006009
0.003179,-0.022136,-0.003877
0.003089,-0.024205,-0.010241
0.000072,-0.026354,-0.008133
0.000947,-0.021070,-0.002761
0.001869,-0.020040,0.000440
-0.000125,-0.017863,-0.003792
-0.002135,-0.008218,-0.008008
-0.002187,-0.001817,-0.007973
-0.000274,0.003463,-0.002635
-0.000284,0.005607,-0.003691
-0.001260,0.014162,-0.005787
-0.003186,0.022612,0.002762
-0.001152,0.024643,0.013390
0.002871,0.022478,0.016575
0.002043,0.014977,0.019713
0.001206,0.006474,0.016484
0.001323,-0.006265,0.010019
0.001316,-0.017907,0.000381
0.000264,-0.023189,-0.004977
0.002114,-0.026388,-0.004971
0.000084,-0.022107,-0.006023
0.000010,-0.014627,-0.007026
0.001894,-0.010419,-0.001674
-0.001028,0.001224,0.007984
-0.002923,0.011884,0.009118
-0.000890,0.018297,0.008106
-0.000774,0.020413,0.010252
0.000306,0.019357,0.009182
-0.000569,0.018332,0.004921
0.000477,0.004450,0.005875
0.003411,-0.005068,-0.002690
0.002365,-0.012474,-0.009128
-0.000637,-0.019943,-0.009180
0.002143,-0.027380,-0.012421
0.003951,-0.026251,-0.018770
-0.000108,-0.014492,-0.020804
-0.003175,0.000394,-0.015368
-0.000290,0.016305,-0.005679
-0.002190,0.024717,0.007141
-0.002055,0.032143,0.011436
-0.000912,0.029939,0.017757
-0.000726,0.027836,0.014549
-0.001550,0.020357,0.015523
0.002458,0.007595,0.011188
0.003484,-0.005119,0.001514
0.002461,-0.012515,-0.005992
0.004301,-0.014603,-0.010228
0.002252,-0.014570,-0.013404
0.002112,-0.018806,-0.016625
0.002942,-0.019839,-0.019796
0.000834,-0.007029,-0.020786
-0.001222,-0.000711,-0.012249
0.001672,0.006730,-0.008981
-0.001238,0.011959,0.001676
-0.003117,0.010785,0.012298
-0.001051,0.004384,0.012263
0.000007,0.006653,-0.001553
0.000000,0.000206,0.002614
-0.000011,-0.005111,0.001525
-0.001012,-0.008292,-0.000638
0.001883,-0.013608,-0.002785
0.005719,-0.011407,-0.009098
0.002730,0.000328,-0.009015
0.001698,0.005652,-0.007915
0.002657,0.006697,-0.005783
0.003628,0.013111,-0.006781
0.003637,0.013123,-0.007843
0.001689,0.007767,-0.005760
-0.000270,0.001308,-0.000539
-0.000267,-0.007261,0.002563
0.001678,-0.016842,0.000363
0.001626,-0.028539,-0.003997
-0.000440,-0.032797,-0.005103
-0.002500,-0.029593,-0.005047
-0.000670,-0.025334,-0.003942
0.001197,-0.015739,-0.002776
0.000184,-0.012529,-0.003794
0.000122,-0.015719,-0.004870
0.002001,-0.028490,-0.008137
0.004784,-0.052988,-0.012554
0.005535,-0.075331,-0.019102
0.003274,-0.093355,-0.030932
0.004784,-0.099664,-0.040529
0.001359,-0.116769,-0.037488
0.000840,-0.113397,-0.054436
-0.003571,-0.078218,-0.051001
-0.007907,-0.041951,-0.049679
-0.007219,-0.008018,-0.028188
-0.008289,0.019436,0.000667
-0.006195,0.033094,0.021981
-0.002038,0.038369,0.028399
-0.000797,0.028742,0.030424
-0.002505,0.015982,0.026088
0.002514,0.002184,0.018547
0.005463,-0.016883,0.004621
0.005416,-0.023146,-0.009221
0.003317,-0.027363,-0.014563
0.005094,-0.029473,-0.016676
0.006884,-0.024136,-0.016623
0.003822,-0.020925,-0.017663
0.003673,-0.021979,-0.018734
0.002555,-0.018768,-0.019781
-0.000491,-0.011312,-0.018675
-0.001576,-0.005989,-0.017588
-0.002637,-0.002840,-0.012241
-0.002692,0.001332,-0.002662
-0.002674,0.008718,0.005912
0.000323,0.008699,0.008069
0.000389,0.006555,0.009104
0.000432,0.003396,0.004832
0.000477,-0.000874,0.004803
0.001464,-0.001901,0.000522
0.002409,-0.009291,-0.006958
0.003308,-0.010349,-0.008049
-0.000643,-0.003940,-0.009067
0.000266,-0.001796,-0.010123
0.002163,0.003485,-0.004764
0.001175,-0.000764,-0.006944
0.001137,-0.002835,-0.013357
-0.002836,-0.005001,-0.010186
0.000011,-0.008214,-0.009152
0.000905,-0.010295,-0.014476
-0.001127,-0.003925,-0.011265
-0.004098,0.006672,-0.003738
-0.001145,0.014051,0.005917
-0.000094,0.025737,0.011339
-0.001883,0.036429,0.009310
-0.002685,0.040665,0.012517
-0.000570,0.033186,0.013533
0.001510,0.012900,0.014417
0.002582,-0.003085,0.012183
0.004555,-0.015847,0.007841
0.005496,-0.025313,-0.006029
0.003423,-0.024235,-0.007087
0.003289,-0.025240,-0.013455
0.003147,-0.022018,-0.015563
-0.000874,-0.004880,-0.021815
-0.003892,0.004645,-0.014360
-0.000050,0.011014,-0.011141
-0.001031,0.015220,-0.004724
-0.003925,0.016148,0.009064
-0.001868,0.012876,0.016504
0.000213,0.008578,0.019684
0.002268,-0.002080,0.018565
0.001373,-0.007347,0.012193
0.001415,-0.013644,0.001513
0.002347,-0.015748,-0.001687
0.002255,-0.017789,-0.011290
0.002157,-0.014587,-0.011276
0.001089,-0.010363,-0.007016
-0.000924,-0.003966,-0.006979
0.000012,0.000251,-0.001623
0.000018,0.002355,0.001585
0.001997,0.003423,0.001601
0.000065,0.002345,0.002660
-0.000888,0.002335,0.003728
-0.001843,0.007629,0.008018
-0.000803,0.004450,0.005882
0.000238,0.003308,0.013293
0.000306,-0.000983,0.015371
-0.001554,-0.007361,0.013206
0.002394,-0.009422,0.005739
0.001418,-0.014773,0.006762
0.002351,-0.017890,-0.001760
0.001313,-0.017843,-0.006006
0.002194,-0.017842,-0.005999
0.001120,-0.019936,-0.010240
0.002016,-0.014685,-0.001705
0.001013,-0.009392,0.002585
0.002005,-0.008345,0.004731
0.001041,-0.014769,0.006789
0.001029,-0.016831,-0.000691
0.000008,-0.014706,0.000381
-0.001018,-0.013599,-0.003888
-0.001074,-0.009344,-0.002796
-0.001131,-0.001875,-0.002745
-0.001161,0.005589,-0.001591
-0.001145,0.009825,0.001629
-0.001109,0.009811,0.002705
-0.000092,0.008745,0.002717
0.001894,0.006628,0.001649
0.000958,0.009786,0.005914
0.001986,0.003380,0.005874
0.002978,-0.000845,0.001606
0.002986,-0.006168,0.000484
0.001032,-0.008292,-0.000610
0.000993,-0.011484,-0.001684
-0.000989,-0.013663,0.002513
0.000938,-0.008317,0.001485
-0.001974,0.006623,0.001608
-0.002917,0.011891,0.008022
0.002031,0.016138,0.010182
0.003109,0.015076,0.010185
-0.000698,0.012950,0.009077
0.001328,0.010813,0.009074
0.000419,0.002308,0.005816
0.001426,-0.003037,0.006830
0.003374,-0.010442,0.000413
0.003326,-0.012499,-0.007048
0.000308,-0.011410,-0.009147
0.000239,-0.007171,-0.005906
0.004098,-0.001836,-0.005859
0.002119,0.002430,-0.005849
0.000163,0.007723,-0.001559
-0.000779,0.011992,-0.001500
-0.000741,0.019428,0.001720
-0.002618,0.029001,0.004973
-0.002509,0.029011,0.003905
-0.001454,0.021476,0.010220
-0.001356,0.009694,0.014355
0.002633,0.003265,0.017516
0.003700,0.001142,0.016450
0.003782,-0.005226,0.013224
0.004791,-0.013646,0.001479
0.001826,-0.015690,-0.008115
-0.000211,-0.007132,-0.010156
0.000676,-0.001772,-0.012239
0.001602,0.003530,-0.009030
0.000579,0.002471,-0.010114
-0.000435,0.001362,-0.005865
-0.001441,0.005586,-0.001591
-0.003381,0.009844,-0.000485
-0.000413,0.004500,0.000528
-0.000380,-0.000866,0.003686
0.000597,-0.004048,0.001543
0.000593,-0.007259,0.002583
-0.000383,-0.001911,0.001575
-0.001351,0.000179,0.005824
-0.000331,0.002270,0.010101
0.002643,0.005473,0.010150
-0.000206,0.008696,0.008042
0.001806,0.010839,0.006979
0.000886,0.005493,0.008007
0.001906,0.000180,0.005853
0.002915,-0.004057,0.002625
0.002903,-0.006127,-0.003753
