-0.008394,0.006523,0.003653
-0.005439,0.004469,-0.004940
-0.006401,0.005549,-0.008102
-0.005389,0.005835,-0.018135
0.000549,0.003756,-0.023525
0.000616,0.003744,-0.022447
0.007501,-0.004823,-0.018257
0.012452,-0.014467,-0.010914
0.012418,-0.015623,0.000813
0.011385,-0.012500,0.012549
0.008366,-0.009373,0.022180
0.004388,-0.003009,0.025472
0.002360,0.000192,0.026548
0.000307,0.016161,0.030965
-0.005612,0.029047,0.017266
-0.009454,0.022687,0.007688
-0.009628,0.004574,0.003279
-0.007770,-0.013506,-0.004352
-0.005846,-0.020842,-0.019405
-0.001901,-0.021885,-0.021569
-0.000037,-0.013319,-0.023666
0.000933,-0.002626,-0.024679
0.001071,0.005864,-0.019255
0.004198,0.003662,-0.010730
0.009358,-0.003867,-0.003318
0.012475,-0.008996,-0.046779
0.012227,-0.031152,-0.362058
0.053903,-0.035183,-0.430689
0.049941,-0.001504,-0.079189
0.004354,0.018349,0.036073
-0.011681,0.014062,0.022489
-0.004651,0.011915,0.025642
-0.006678,0.007699,0.015011
-0.005698,0.001382,0.004274
-0.005339,0.004657,-0.004258
-0.008206,0.003720,-0.021338
-0.009960,-0.002639,-0.026734
-0.007191,-0.005787,-0.032130
-0.002767,-0.007941,-0.027914
0.002234,-0.002657,-0.021460
0.006294,-0.001665,-0.011843
0.006405,-0.004928,-0.004386
0.005487,0.002458,0.007398
0.003510,0.011993,0.014980
0.003512,0.016218,0.021406
-0.000394,0.011929,0.022469
-0.002283,0.011950,0.021368
-0.006160,0.016268,0.014997
-0.010966,0.022729,0.007580
-0.014739,0.031423,-0.009489
-0.011625,0.032575,-0.019112
-0.010449,0.032671,-0.030868
-0.004384,0.024160,-0.033102
-0.003216,0.018862,-0.037427
0.001801,0.007091,-0.033255
0.004804,-0.003625,-0.029045
0.010766,-0.014403,-0.016307
0.011726,-0.026262,-0.002495
0.013627,-0.030677,0.015631
0.011570,-0.013727,0.029692
0.003656,0.012872,0.038489
-0.001302,0.036402,0.031225
-0.007135,0.038572,0.025922
-0.009045,0.027905,0.023730
-0.006987,0.003421,0.016048
-0.002052,-0.021087,0.011565
-0.002978,-0.034822,-0.004600
-0.011759,-0.043314,-0.010019
-0.015701,-0.036841,-0.019558
-0.011815,-0.018639,-0.025839
-0.008859,0.015548,-0.029839
-0.000902,0.042265,-0.033899
0.007133,0.053959,-0.027407
0.014187,0.042143,-0.016847
0.011433,0.021760,-0.002096
0.014427,0.001376,0.013705
0.013370,-0.020012,0.020964
0.009298,-0.020135,0.035927
0.003265,-0.012678,0.034976
-0.000782,-0.009459,0.029730
-0.004772,-0.010542,0.029763
-0.009762,-0.008356,0.020233
-0.014644,0.005583,0.011809
-0.014628,0.013208,-0.006311
-0.012549,0.025072,-0.022226
-0.009448,0.025166,-0.033973
-0.004371,0.009139,-0.030919
-0.000346,-0.005810,-0.027883
0.004589,-0.011167,-0.022643
0.008533,-0.010156,-0.014121
0.008498,-0.007020,-0.005557
0.008470,-0.004959,0.003018
0.009409,-0.002893,0.011580
0.007436,-0.004045,0.022250
0.002516,0.000169,0.027659
0.001458,0.018321,0.025689
-0.006361,0.027976,0.018319
-0.008333,0.025874,0.012986
-0.008255,0.014196,0.004363
-0.007217,-0.003872,-0.004345
-0.010102,-0.004863,-0.011872
-0.010047,-0.007969,-0.023653
-0.009991,-0.012175,-0.030127
-0.006027,-0.011091,-0.033298
0.000878,-0.008925,-0.037546
0.006849,-0.005813,-0.027876
0.010787,0.003686,-0.016017
0.007893,0.008957,-0.007435
0.006978,0.010019,-0.003232
0.005021,0.009917,0.009584
0.006977,0.016307,0.013854
0.007952,0.015220,0.017034
0.002044,0.015177,0.020284
0.001067,0.006645,0.018108
-0.003824,0.003466,0.012794
-0.004792,0.005680,0.003192
-0.012580,0.007873,-0.005311
-0.010575,0.013296,-0.014906
-0.007602,0.008028,-0.022445
-0.002643,0.004866,-0.027804
0.002352,-0.001537,-0.027861
0.005360,-0.009042,-0.022603
0.009313,-0.020847,-0.014160
0.010226,-0.023096,0.001809
0.009182,-0.015688,0.009354
0.009125,-0.009327,0.016839
0.003180,0.003387,0.026595
-0.001783,0.021458,0.032160
-0.002786,0.028981,0.026856
-0.006714,0.018367,0.018251
-0.007635,0.003431,0.014977
-0.007640,-0.011470,0.008476
-0.006673,-0.009226,-0.004343
-0.003730,-0.011245,-0.017211
-0.001740,-0.011224,-0.021448
-0.001687,-0.002643,-0.025675
-0.002574,0.003740,-0.022431
0.000414,0.006967,-0.024562
0.006343,0.006912,-0.015008
0.011285,0.012147,-0.002151
0.011276,0.015315,0.003189
0.009334,0.006704,0.014816
0.002429,0.002415,0.017973
0.000426,0.003464,0.020119
-0.001604,0.008783,0.021256
-0.001647,0.007759,0.013811
-0.003647,0.000312,0.007415
-0.005628,-0.007154,0.004205
-0.007521,-0.012420,-0.005431
-0.008490,-0.011344,-0.006492
-0.008478,-0.002747,-0.011809
-0.004582,0.009028,-0.017035
0.000367,0.023998,-0.019078
0.002458,0.025107,-0.023363
0.004547,0.011183,-0.016021
0.008525,-0.003802,-0.008710
0.011441,-0.017719,-0.002437
0.010413,-0.023096,0.004948
0.008378,-0.026375,0.014535
0.005343,-0.024333,0.024207
0.001350,-0.017959,0.026427
-0.004605,0.001233,0.026630
-0.005668,0.024722,0.021567
-0.009547,0.033346,0.010955
-0.012422,0.031291,0.001318
-0.012308,0.021770,-0.008393
-0.007302,0.006937,-0.018209
-0.000393,-0.011126,-0.024841
0.002555,-0.022847,-0.027076
0.004511,-0.031362,-0.029298
0.003566,-0.036768,-0.020791
0.002556,-0.036828,-0.014361
0.003489,-0.029450,-0.003600
0.007367,-0.022035,0.002879
0.007310,-0.004009,0.017975
0.003337,0.013059,0.016042
-0.000581,0.031177,0.019394
-0.001529,0.035445,0.018385
-0.004449,0.026897,0.019389
-0.005382,0.018442,0.008645
-0.007256,0.006821,-0.005356
-0.007212,-0.008075,-0.010824
-0.004285,-0.013345,-0.018363
-0.000368,-0.015441,-0.024755
-0.003279,-0.005843,-0.023609
-0.001296,-0.001588,-0.023540
0.001717,0.003706,-0.018158
0.004698,0.004687,-0.008513
0.009579,0.002475,0.002131
0.010523,0.000294,0.010601
0.009491,-0.002940,0.016933
0.004542,-0.006167,0.021156
0.001542,-0.007259,0.025395
-0.000481,-0.009409,0.026465
-0.002510,-0.009387,0.022225
-0.004527,-0.006194,0.021226
-0.007499,-0.001901,0.014926
-0.010437,0.007788,0.003281
-0.009352,0.010034,-0.011635
-0.009258,0.004766,-0.019176
-0.004296,-0.004816,-0.021406
0.000601,-0.009074,-0.022516
0.004554,-0.006927,-0.022529
0.006541,-0.003710,-0.021499
0.006557,-0.009109,-0.014061
0.006577,-0.016681,-0.000261
0.007499,-0.021054,0.013571
0.010325,-0.010441,0.021135
0.008329,-0.000829,0.020150
0.001417,0.002331,0.024468
-0.003569,0.011907,0.025668
-0.009435,0.020459,0.022564
-0.007493,0.020568,0.007639
-0.009376,0.017448,-0.002014
-0.008318,0.010075,-0.013831
-0.006321,-0.000533,-0.020362
-0.003355,-0.005825,-0.023657
-0.001360,-0.001575,-0.020436
0.003597,0.004867,-0.024668
0.006635,-0.000482,-0.021539
0.007647,-0.004847,-0.010869
0.008603,-0.001739,-0.000139
0.008591,0.002463,0.008435
0.005657,0.001355,0.013761
0.003608,-0.003006,0.023382
0.002593,-0.005162,0.025512
0.000510,-0.001953,0.024474
-0.001497,0.014130,0.014997
-0.003445,0.009931,0.005367
-0.010239,0.005702,-0.000000
-0.010189,-0.000650,-0.005415
-0.007188,-0.009082,-0.017264
-0.004218,-0.015445,-0.021606
-0.004178,-0.016534,-0.019468
-0.002246,-0.013317,-0.021571
0.000692,-0.005874,-0.019349
0.003661,0.002647,-0.018188
0.005659,0.013240,-0.009529
0.007642,0.015334,-0.004177
0.004713,0.018487,0.002251
0.006677,0.017375,0.009681
0.005730,0.013091,0.013868
0.006708,0.004563,0.015867
0.000836,-0.002881,0.013645
-0.003103,-0.006091,0.014686
-0.002207,-0.005007,0.012556
-0.003197,0.001481,0.002978
-0.007076,0.004740,-0.007603
-0.008005,0.010111,-0.014972
-0.007958,0.015440,-0.015954
-0.005915,0.016502,-0.018025
0.000985,0.012250,-0.020196
0.007903,-0.002736,-0.013926
0.011832,-0.017757,-0.001290
0.010792,-0.027427,0.008215
0.010698,-0.024275,0.016735
0.005711,-0.021117,0.022104
0.001690,-0.012623,0.028564
-0.002371,-0.000898,0.029742
-0.001464,0.007637,0.026683
-0.003444,0.017223,0.026812
-0.007385,0.021570,0.016185
-0.010277,0.021663,0.003391
-0.011182,0.014258,-0.005208
-0.006213,-0.000614,-0.012828
-0.003215,-0.010128,-0.022557
-0.001231,-0.014410,-0.020468
0.004675,-0.020776,-0.022709
0.004694,-0.020793,-0.018484
0.005640,-0.016616,-0.006704
0.008519,-0.011339,-0.000227
0.009469,-0.005033,0.012629
0.007466,-0.004050,0.020173
0.006407,-0.005164,0.025518
0.004371,-0.004134,0.027715
-0.002555,0.004409,0.027772
-0.006560,0.007668,0.021374
-0.008575,0.005558,0.017110
-0.008565,0.006691,0.008579
-0.007558,0.002453,0.004280
-0.006572,0.001477,-0.005377
-0.006506,-0.008025,-0.016184
-0.004526,-0.012256,-0.019452
-0.003512,-0.019719,-0.020579
-0.000559,-0.022913,-0.020627
0.003362,-0.022934,-0.018480
0.007285,-0.015536,-0.008820
0.012142,-0.010269,-0.000229
0.012076,0.001399,0.007376
0.010118,0.015219,0.013905
0.003262,0.021522,0.024677
-0.000703,0.012923,0.031041
-0.003679,0.009720,0.031019
-0.002795,0.007608,0.027805
-0.004731,0.012010,0.013898
-0.009616,0.003601,-0.001149
-0.010588,-0.000607,-0.009710
-0.011516,0.001594,-0.018234
-0.008511,-0.004707,-0.030056
-0.003548,-0.005761,-0.032193
0.001381,-0.012169,-0.031186
0.005354,-0.014365,-0.023721
0.009303,-0.016569,-0.015190
0.008321,-0.014510,-0.005564
0.010229,-0.011354,0.001903
0.010188,-0.003932,0.008364
0.007214,0.002441,0.014772
0.003292,0.004515,0.023311
0.000324,-0.003995,0.017941
-0.003647,-0.003014,0.027586
-0.006644,0.000228,0.022281
-0.006706,0.016300,0.012831
-0.007677,0.030240,0.000223
-0.009541,0.038915,-0.015751
-0.007440,0.034678,-0.020053
-0.004387,0.017630,-0.023400
0.004539,-0.004772,-0.023611
0.007486,-0.023998,-0.020590
0.006506,-0.033653,-0.013217
0.007401,-0.035809,-0.008995
0.008309,-0.032652,-0.001530
0.010165,-0.032763,0.012354
0.009086,-0.043532,0.024023
0.005066,-0.035100,0.035872
-0.002929,-0.012785,0.044671
-0.004997,0.001150,0.037306
-0.010950,0.016106,0.032162
-0.012935,0.032254,0.013103
-0.008940,0.037731,-0.004998
-0.009822,0.031411,-0.015725
-0.008694,0.014430,-0.026571
-0.003682,-0.006873,-0.028946
-0.001652,-0.022855,-0.028099
0.001247,-0.021793,-0.024939
0.010977,-0.009001,-0.020613
0.011977,0.003738,-0.011964
0.012005,0.006894,-0.006592
0.009087,0.004617,0.011542
0.006130,0.009806,0.027657
0.003125,0.015111,0.029872
0.000159,0.020429,0.029962
-0.002811,0.021488,0.026854
-0.005765,0.019453,0.014031
-0.007706,0.008848,0.004357
-0.006696,-0.000686,-0.006365
-0.008614,-0.007066,-0.010662
-0.006620,-0.009147,-0.017093
-0.005605,-0.007999,-0.025662
-0.002637,-0.000481,-0.030953
0.001346,0.010166,-0.027664
0.005312,0.014408,-0.022327
0.009273,0.017564,-0.013816
0.011264,0.018554,-0.004195
0.014226,0.010999,0.007467
0.009316,-0.005067,0.017946
0.007288,-0.011554,0.027524
0.000340,-0.008362,0.028620
0.000213,0.000181,0.028677
-0.006683,-0.000810,0.018010
-0.009636,-0.003963,0.011582
-0.009648,0.003575,0.003100
-0.010559,0.017510,-0.006357
-0.011474,0.026175,-0.021258
-0.009368,0.024098,-0.028747
-0.001430,0.011289,-0.029890
0.000628,-0.002622,-0.027814
0.008500,-0.017597,-0.022621
0.011454,-0.025127,-0.015207
0.012417,-0.026273,-0.004552
0.015283,-0.031654,0.002843
0.011282,-0.024257,0.013553
0.007287,-0.009324,0.015788
0.002340,0.006649,0.019146
-0.002598,0.018424,0.016013
-0.002608,0.032264,0.017260
-0.005513,0.033386,0.009805
-0.006439,0.018447,0.007588
-0.011293,0.006743,0.000080
-0.011260,0.001469,-0.008494
-0.010228,-0.002729,-0.016035
-0.001396,-0.005862,-0.023559
0.004495,-0.013343,-0.022548
0.007433,-0.017614,-0.021530
0.005484,-0.023019,-0.010938
0.003512,-0.017701,-0.007709
0.007389,-0.010298,0.001940
0.010307,-0.001846,0.013739
0.010246,0.004518,0.019123
0.009196,0.008793,0.020186
0.001334,0.013022,0.025553
-0.003593,0.019431,0.022452
-0.001626,0.009841,0.019199
-0.004539,-0.005090,0.018006
-0.003605,-0.020017,0.014712
-0.006584,-0.014616,0.006218
-0.008581,0.000401,-0.004317
-0.009552,0.019679,-0.011659
-0.010473,0.035747,-0.020049
-0.006430,0.043261,-0.026376
0.001569,0.029409,-0.028639
0.003660,0.002683,-0.021417
0.008548,-0.026165,-0.017383
0.013381,-0.031575,-0.004685
0.013301,-0.031586,-0.000473
0.008302,-0.023144,0.011351
0.004334,-0.022112,0.013542
0.000373,-0.011526,0.022221
-0.001689,0.001253,0.023443
0.000195,0.010882,0.021368
-0.001765,0.017353,0.012877
-0.005637,0.015257,0.008578
-0.008551,0.013174,0.002149
-0.010493,0.018510,0.002195
-0.005585,0.007901,-0.007470
-0.003567,-0.002771,-0.008605
-0.004524,0.001551,-0.014984
-0.001483,0.016573,-0.024484
0.002503,0.018719,-0.026587
0.008452,0.006879,-0.014919
0.009513,-0.010243,-0.009707
0.010502,-0.020993,0.001916
0.008440,-0.015711,0.011512
0.003447,0.004587,0.009531
0.002412,0.023821,0.006486
-0.001497,0.034535,0.000192
-0.007293,0.028148,-0.001995
-0.007197,0.008971,-0.006421
-0.004210,-0.027293,-0.006774
-0.000339,-0.052939,-0.002715
-0.000444,-0.062530,-0.003876
0.000438,-0.047624,-0.002616
-0.005567,-0.017818,0.004100
-0.008550,0.021680,0.000211
-0.010404,0.051596,-0.005906
-0.005345,0.059118,-0.011209
0.002653,0.049528,-0.011329
0.010612,0.027160,-0.011624
0.014613,-0.005875,-0.013067
0.011669,-0.027247,-0.006896
0.008672,-0.034751,-0.000595
0.003701,-0.026258,0.004821
0.000677,-0.012427,0.007139
0.002564,0.006739,0.010547
-0.003343,0.018451,0.009669
-0.004268,0.021638,0.008687
-0.007145,0.013108,0.005460
-0.002210,-0.006131,0.007472
-0.000285,-0.025339,0.006264
0.000607,-0.030664,0.006191
0.000533,-0.017822,0.003066
-0.001467,-0.004975,-0.001118
-0.001501,0.011025,0.001125
-0.004508,0.035597,-0.003972
-0.005343,0.052730,-0.011303
-0.003196,0.038890,-0.014640
-0.002086,0.006876,-0.011772
0.005777,-0.017667,-0.011979
0.010652,-0.035763,-0.015389
0.008612,-0.044320,-0.010178
0.002662,-0.037963,-0.004776
-0.000320,-0.027312,-0.002543
0.000596,-0.017753,0.002884
0.003490,0.004568,0.011672
0.005466,0.017331,0.018165
0.008341,0.018393,0.018188
0.001491,0.018375,0.020326
-0.001431,0.011973,0.019225
-0.004389,0.001292,0.019161
-0.009331,-0.007209,0.013768
-0.004487,-0.000726,0.004199
-0.003505,0.013192,-0.002078
-0.005439,0.019665,-0.009527
-0.006354,0.028256,-0.017965
-0.006229,0.030433,-0.024333
-0.003132,0.013394,-0.028750
0.000898,-0.009045,-0.023634
0.008723,-0.024045,-0.015236
0.013524,-0.028355,-0.009934
0.014486,-0.029482,-0.001420
0.007538,-0.019914,0.002939
0.000632,-0.009277,0.008346
0.000607,0.006699,0.010653
0.006467,0.013080,0.012855
0.005498,0.019402,0.022532
-0.000424,0.020424,0.027886
-0.006345,0.032250,0.017299
-0.007274,0.024847,0.009739
-0.011135,0.016361,0.003261
-0.010162,0.012141,-0.002130
-0.008187,0.028258,-0.016923
-0.005096,0.038046,-0.038237
-0.004858,0.024231,-0.043733
-0.002762,-0.000354,-0.039652
0.003163,-0.032474,-0.027093
0.010969,-0.057122,-0.014477
0.015769,-0.067877,-0.003891
0.014646,-0.061607,0.012197
0.011514,-0.039302,0.024162
0.004517,-0.008425,0.031925
0.003464,0.021459,0.034257
-0.000446,0.039672,0.023762
-0.002369,0.043959,0.021657
-0.008162,0.039728,0.018386
-0.011041,0.029175,0.004392
-0.011909,0.021776,-0.005269
-0.009944,0.014410,-0.018151
-0.005976,0.011317,-0.031010
-0.001949,0.007093,-0.037438
0.003034,-0.001457,-0.036427
0.005082,-0.016459,-0.029071
0.007051,-0.030452,-0.015280
0.011878,-0.033696,-0.008919
0.013727,-0.020977,0.001872
0.014625,-0.011443,0.011547
0.011629,-0.008326,0.022252
0.008593,-0.009466,0.033937
0.004554,-0.001010,0.044678
-0.004336,0.009671,0.044743
-0.008371,0.025691,0.041705
-0.011343,0.033264,0.027905
-0.015189,0.039821,0.007685
-0.015081,0.030368,-0.012659
-0.010048,0.011270,-0.025659
-0.003083,-0.013266,-0.027978
-0.000091,-0.023888,-0.033424
-0.000047,-0.027116,-0.030242
0.005815,-0.027172,-0.022776
0.009718,-0.025064,-0.019553
0.014569,-0.016634,-0.006653
0.016486,-0.008211,0.008358
0.015418,-0.004055,0.021238
0.010451,-0.003074,0.032975
0.002499,0.001154,0.038344
-0.002484,-0.002032,0.037233
-0.005487,0.001209,0.032973
-0.007524,0.000222,0.022296
-0.006582,-0.011453,0.013667
-0.010500,-0.009273,0.005197
-0.014432,0.004685,-0.007455
-0.013400,0.015513,-0.026601
-0.008381,0.019783,-0.027615
-0.003394,0.022958,-0.025426
0.003599,0.025078,-0.024324
0.007627,0.010109,-0.018100
0.007677,-0.002694,-0.016122
0.010578,-0.012336,-0.009829
0.018342,-0.018801,0.000739
0.016319,-0.023105,0.006022
0.009368,-0.023187,0.016692
0.002445,-0.022188,0.024200
-0.002535,-0.015809,0.026406
-0.002601,-0.005114,0.024342
-0.004631,0.006670,0.017006
-0.005605,0.019486,0.014994
-0.011422,0.021710,0.002227
-0.013305,0.020731,-0.010561
-0.011243,0.026101,-0.014788
-0.012156,0.027221,-0.021192
-0.008154,0.031486,-0.020105
0.000721,0.025102,-0.025434
0.006718,0.010190,-0.028770
0.009729,-0.012281,-0.020430
0.009737,-0.035819,-0.011056
0.011637,-0.048649,-0.004824
0.012494,-0.043379,0.004803
0.011388,-0.029524,0.009149
0.004476,-0.001839,0.015812
-0.004396,0.024811,0.018201
-0.006335,0.047325,0.006616
-0.003293,0.046273,0.005521
-0.000245,0.034582,0.000070
-0.000172,0.018548,0.001051
-0.002116,0.006818,-0.001160
-0.004053,0.000473,-0.009732
-0.004005,-0.004846,-0.014003
-0.002038,-0.010239,-0.009715
0.002866,-0.016722,-0.003284
0.006743,-0.017851,0.004188
0.005711,-0.011484,0.008519
0.001736,-0.001878,0.008594
0.000699,0.011977,0.012940
0.002592,0.019492,0.009746
0.004535,0.013126,0.008553
0.007430,0.004583,0.010588
0.005447,-0.008162,0.005094
-0.000412,-0.025218,0.003857
-0.008256,-0.038023,0.003745
-0.007405,-0.034857,0.007003
-0.004567,-0.012434,0.005068
0.001294,0.014270,-0.000006
0.000371,0.022798,0.000090
0.000449,0.021657,0.006548
-0.003429,0.020556,0.010814
-0.001450,0.016261,0.015029
-0.000480,0.019482,0.011865
0.001463,0.019514,0.007599
0.000530,0.012099,0.002163
0.001515,0.001485,-0.004350
0.002528,-0.016639,-0.005595
0.008364,-0.036903,-0.006838
0.007325,-0.051873,-0.002701
0.003288,-0.047632,0.001589
-0.001710,-0.033754,-0.000401
-0.005693,-0.003920,0.004150
-0.005768,0.021715,0.000121
0.000140,0.038809,-0.000834
0.002186,0.034549,-0.002982
0.002275,0.013134,0.005393
0.003296,-0.006094,0.008422
0.003266,-0.019967,0.010398
-0.000704,-0.021032,0.011430
-0.002735,-0.006066,0.008349
-0.004729,0.011042,0.005267
-0.004680,0.024999,-0.005295
-0.000705,0.024010,-0.013875
0.002331,0.018652,-0.011770
0.000416,0.009072,-0.015050
0.002436,-0.002645,-0.017296
0.004419,-0.011218,-0.014136
0.002470,-0.024083,-0.007814
0.001460,-0.024157,-0.000302
0.002363,-0.025270,0.006084
0.008158,-0.017819,0.008287
0.008117,-0.008266,0.013732
0.004131,0.000185,0.022394
-0.002743,0.005489,0.023567
-0.006710,0.005515,0.018271
-0.005775,0.001229,0.019324
-0.005800,0.003370,0.017232
-0.002872,0.000286,0.005397
-0.002863,-0.008100,-0.006572
-0.000938,-0.009117,-0.009849
-0.001868,-0.003683,-0.020520
0.000191,-0.002569,-0.023773
-0.000745,0.001662,-0.019452
-0.001726,0.013443,-0.022604
0.006142,0.025186,-0.022518
0.007187,0.026118,-0.008562
0.008257,0.015396,-0.004333
0.006395,-0.000742,0.008422
0.001505,-0.010405,0.014773
0.005324,-0.009364,0.017988
0.005217,0.006628,0.020250
0.001260,0.021565,0.018292
-0.005570,0.020540,0.011899
-0.008505,0.013038,0.012965
-0.007554,0.005608,0.008614
-0.002676,-0.001844,0.005368
-0.001679,-0.012445,-0.001177
-0.007537,-0.010239,-0.008669
-0.009490,-0.010091,-0.024742
-0.004585,-0.003655,-0.028958
0.001338,-0.001516,-0.028953
0.009219,-0.005838,-0.022573
0.012233,-0.013318,-0.020519
0.010297,-0.018776,-0.004557
0.007310,-0.018840,0.005022
0.007219,-0.015736,0.017853
0.008091,-0.005114,0.023301
0.003149,0.008732,0.026623
-0.001791,0.012991,0.026683
-0.003758,0.014083,0.024536
-0.006689,0.014100,0.019263
-0.006675,0.011000,0.006423
-0.011555,0.016410,-0.004185
-0.009550,0.021817,-0.012694
-0.004548,0.019770,-0.023398
0.001409,0.003779,-0.024617
0.002435,-0.013318,-0.021567
0.001463,-0.018661,-0.021590
0.004383,-0.021896,-0.016300
0.005365,-0.015532,-0.010916
0.008255,-0.008127,-0.002319
0.011143,-0.002855,0.005212
0.012106,-0.002870,0.008391
0.010127,-0.015737,0.017856
0.007102,-0.029650,0.024119
0.004037,-0.032925,0.033695
-0.002951,-0.018006,0.035966
-0.004085,0.002326,0.028668
-0.006062,0.018432,0.015994
-0.008980,0.033397,0.011871
-0.008964,0.037662,0.007734
-0.009884,0.031330,0.000176
-0.011794,0.026058,-0.007357
-0.007821,0.026089,-0.011623
0.000092,0.015484,-0.017111
0.007062,-0.001553,-0.019444
0.010989,-0.019735,-0.013215
0.010966,-0.029368,-0.007991
0.007985,-0.033675,-0.003742
0.005911,-0.032689,0.006935
0.003827,-0.025265,0.012347
0.005711,-0.011410,0.014601
0.005681,-0.005003,0.013597
0.001735,-0.001876,0.021139
-0.002247,0.007701,0.022334
-0.008132,0.019452,0.017172
-0.013944,0.019473,0.013981
-0.013929,0.017440,0.001149
-0.012910,0.021833,-0.015873
-0.004037,0.028248,-0.017943
0.000969,0.030426,-0.025358
0.002108,0.019802,-0.031843
-0.001706,0.008023,-0.027654
0.002286,-0.014397,-0.023634
0.013039,-0.026177,-0.017348
0.019813,-0.027273,-0.008915
0.019744,-0.019900,0.003948
0.009863,-0.013562,0.010447
0.000005,-0.011446,0.013649
-0.006850,-0.017910,0.020030
-0.006941,-0.027590,0.027468
-0.002200,-0.019075,0.029689
-0.003275,0.008754,0.019247
-0.006223,0.035520,0.006692
-0.010075,0.041987,-0.002836
-0.014816,0.032407,-0.008209
-0.012736,0.024948,-0.010392
-0.004814,0.019676,-0.017923
0.007054,0.019769,-0.025486
0.011094,0.022976,-0.024428
0.011156,0.020907,-0.029846
0.010293,0.014518,-0.026798
0.009345,0.001622,-0.013075
0.012253,-0.009125,-0.002507
0.014159,-0.015579,0.003847
0.008209,-0.024202,0.012367
-0.000666,-0.028592,0.022060
-0.008581,-0.031825,0.020025
-0.009640,-0.017927,0.013800
-0.006734,-0.000829,0.006559
-0.003809,0.009883,0.000268
-0.005761,0.016309,-0.003921
-0.006642,0.020638,-0.008226
-0.004654,0.015392,-0.014779
0.000283,0.005733,-0.004259
-0.001689,-0.001729,-0.002252
0.004182,-0.002677,-0.013029
0.002317,-0.002568,-0.023771
-0.001562,-0.008991,-0.021681
0.002415,-0.015446,-0.018461
0.006373,-0.019757,-0.017342
0.007375,-0.011304,-0.007639
0.004452,-0.001729,-0.005391
0.008376,0.012109,-0.001000
0.008362,0.022707,0.008696
0.004448,0.028036,0.010847
0.001508,0.026955,0.012968
-0.000427,0.010914,0.016059
-0.000396,-0.011512,0.020098
-0.001460,-0.030692,0.016725
-0.003530,-0.031696,0.011324
-0.004616,-0.027374,0.002852
-0.004705,-0.008164,-0.000129
-0.007616,0.016516,-0.017011
-0.008479,0.037887,-0.023182
-0.006376,0.039005,-0.028535
-0.001306,0.022998,-0.026575
0.002701,0.011226,-0.019266
0.005679,-0.000527,-0.014099
0.010572,-0.009051,-0.013159
0.012527,-0.017608,-0.008995
0.011552,-0.028363,-0.000501
0.009525,-0.034847,0.010117
0.007477,-0.044513,0.016473
0.004432,-0.046748,0.030313
-0.002660,-0.021297,0.048725
-0.015547,0.006495,0.040468
-0.013676,0.024693,0.026877
-0.015578,0.038693,0.005748
-0.012479,0.035598,-0.010245
-0.007444,0.022883,-0.022094
-0.004380,-0.007975,-0.029905
-0.001354,-0.038889,-0.032341
0.002555,-0.051628,-0.036806
0.005478,-0.052651,-0.035885
0.011356,-0.041990,-0.032632
0.015296,-0.028203,-0.019740
0.018196,-0.014462,-0.005685
0.017204,0.004606,0.010529
0.010364,0.021611,0.017127
0.001549,0.037566,0.020533
-0.002385,0.040798,0.017343
-0.000473,0.037604,0.016252
-0.000469,0.030171,0.011910
0.000532,0.015307,0.003221
-0.001387,-0.011361,0.000878
-0.006298,-0.032698,-0.001406
-0.010273,-0.045468,-0.005789
-0.011319,-0.041170,-0.012105
-0.003546,-0.019803,-0.017220
0.001377,0.007983,-0.021276
0.006316,0.021848,-0.019050
0.002518,0.012191,-0.008533
0.002521,-0.008193,0.005176
0.006369,-0.031773,0.020934
0.007202,-0.028685,0.034853
0.008054,-0.019061,0.032787
0.003029,-0.010509,0.029683
0.000019,0.002295,0.027705
-0.005859,0.014047,0.023584
-0.007801,0.018344,0.017270
-0.005811,0.014099,0.015082
-0.002861,0.003471,0.011744
-0.001862,0.003604,-0.001154
0.000117,0.013286,-0.007551
0.003089,0.020884,-0.020372
0.002173,0.030540,-0.025655
0.002223,0.039095,-0.028768
0.003362,0.043378,-0.031908
0.004498,0.027347,-0.028844
0.002624,-0.003734,-0.013066
0.004518,-0.023049,-0.000399
0.006377,-0.040137,0.001587
0.001438,-0.043388,0.007966
-0.002561,-0.049853,0.010165
-0.004639,-0.045688,0.018838
-0.009662,-0.024432,0.024472
-0.010753,-0.001966,0.015100
-0.004893,0.009833,0.008767
-0.006820,0.016311,-0.001834
-0.005771,0.024960,-0.012514
-0.004702,0.027167,-0.020006
0.001286,0.019784,-0.026569
0.007249,0.005919,-0.021478
0.011231,-0.003669,-0.020554
0.014257,-0.013228,-0.020755
0.011353,-0.016479,-0.013330
0.011338,-0.013356,-0.003687
0.009384,-0.002688,-0.002542
0.008409,0.006799,0.010393
0.005433,0.014210,0.017931
-0.000464,0.022691,0.021285
-0.000537,0.023701,0.025629
-0.002564,0.023652,0.027848
-0.002603,0.023597,0.029037
-0.009481,0.016152,0.021589
-0.013405,0.006539,0.019440
-0.014369,-0.000790,0.001231
-0.009493,-0.006048,-0.008430
-0.006529,-0.004883,-0.019137
0.000362,-0.007953,-0.031006
0.005336,-0.027144,-0.028075
0.006326,-0.036795,-0.020713
0.008212,-0.041091,-0.015448
0.010109,-0.043308,-0.005842
0.008079,-0.033810,0.007066
0.006066,-0.010360,0.010472
0.005022,0.009868,0.017041
0.006969,0.017381,0.013854
0.006998,0.030154,0.020320
0.004078,0.030190,0.018135
-0.002752,0.021686,0.013794
-0.003737,-0.001829,0.015789
-0.003746,-0.010386,0.017861
-0.005790,-0.002859,0.008362
-0.004851,0.009961,0.004250
-0.006805,0.024939,-0.004093
-0.008669,0.039932,-0.012473
-0.006559,0.038892,-0.016733
-0.005478,0.024002,-0.022219
0.000457,0.005862,-0.020283
0.006344,-0.009052,-0.021522
0.011262,-0.027187,-0.019597
0.008273,-0.047507,-0.013378
0.004300,-0.050772,-0.005919
0.004196,-0.042275,-0.001560
0.007097,-0.027374,0.002853
0.004102,-0.006105,0.010544
0.002095,0.019452,0.015083
-0.001848,0.036442,0.025902
-0.005747,0.036489,0.020551
-0.007678,0.036514,0.016303
-0.006640,0.032313,0.006680
-0.002634,0.032432,-0.008274
-0.003470,0.026120,-0.019021
-0.004335,0.012270,-0.022335
-0.000325,-0.003732,-0.022483
-0.002218,-0.013337,-0.021516
0.002699,-0.006899,-0.023644
0.006650,-0.002531,-0.032233
0.005692,0.003805,-0.021546
0.006662,0.006956,-0.016160
0.008621,0.000470,-0.005537
0.006650,-0.000647,0.000858
0.006595,0.007784,0.011665
0.005614,0.009875,0.014933
0.000747,-0.001924,0.021266
-0.005159,-0.002959,0.014899
-0.010987,0.008885,0.001126
-0.013826,0.016488,-0.014847
-0.006902,0.017662,-0.023482
-0.002931,0.020931,-0.029906
0.002056,0.020962,-0.034170
0.002209,0.006016,-0.033235
0.002250,-0.015434,-0.021628
0.003190,-0.029449,-0.007779
0.006020,-0.038106,0.005012
0.009850,-0.032901,0.018992
0.011720,-0.020097,0.021196
0.011650,0.001272,0.021307
0.007704,0.020506,0.019310
0.004720,0.023736,0.019263
0.002768,0.020457,0.031987
-0.002205,0.008695,0.034042
-0.003219,0.007658,0.029770
-0.006185,0.012026,0.016997
-0.008196,0.020612,0.009620
-0.010143,0.026020,-0.000981
-0.007161,0.029273,-0.007364
-0.005148,0.025027,-0.012686
-0.005122,0.022892,-0.013749
-0.000132,0.016505,-0.015936
0.003857,0.003718,-0.015045
0.007802,-0.013363,-0.009943
0.007828,-0.030434,-0.008002
0.005776,-0.039003,-0.002761
0.004711,-0.036959,0.008998
0.000704,-0.029542,0.012334
0.000598,-0.011456,0.014723
0.000551,0.009847,0.017098
-0.002381,0.033317,0.015219
-0.005281,0.051466,0.015350
-0.011097,0.046173,0.009965
-0.005159,0.028071,0.006573
-0.004122,0.013194,-0.001034
0.002843,-0.001594,-0.017244
0.004837,-0.020769,-0.020631
0.002836,-0.021866,-0.019517
-0.000107,-0.010105,-0.025750
0.000951,0.000550,-0.024571
0.002929,-0.001656,-0.016035
0.007834,-0.007049,-0.007563
0.011696,-0.019995,0.009429
0.014560,-0.031815,0.021044
0.012483,-0.034005,0.030584
0.003484,-0.024465,0.037107
-0.004515,-0.010641,0.040489
-0.009498,-0.003148,0.036308
-0.012469,0.004464,0.020313
-0.011449,0.008863,0.007458
-0.010419,0.015419,-0.008575
-0.011283,0.024083,-0.022430
-0.010174,0.024216,-0.039512
-0.007131,0.014636,-0.040700
0.001765,0.007155,-0.041778
0.009702,-0.003581,-0.036471
0.014696,-0.018646,-0.023721
0.016708,-0.036876,-0.013183
0.016637,-0.049852,0.008072
0.016502,-0.040365,0.021007
0.010517,-0.027605,0.027509
0.004532,-0.012680,0.031854
-0.003380,0.007587,0.033091
-0.009312,0.025777,0.027888
-0.011356,0.034407,0.017260
-0.007418,0.038737,0.010862
-0.007371,0.028193,-0.005249
-0.007251,-0.000502,-0.019392
-0.008152,-0.026173,-0.016313
-0.010185,-0.028389,-0.012978
-0.007196,-0.011211,-0.026702
-0.003150,0.017686,-0.037140
0.000914,0.042323,-0.045543
0.005981,0.054085,-0.043415
0.012966,0.057229,-0.032779
0.018960,0.045410,-0.020118
0.020043,0.014329,-0.003296
0.016086,-0.013645,0.022166
0.010048,-0.020212,0.039275
0.005971,-0.021309,0.042482
0.003870,-0.019151,0.039301
-0.003103,-0.022351,0.038225
-0.011029,-0.032975,0.032783
-0.015023,-0.047798,0.018756
-0.014067,-0.043382,-0.000418
-0.010175,-0.040060,-0.017439
-0.009194,-0.022969,-0.019430
-0.014105,0.003775,-0.028788
-0.010088,0.019867,-0.040382
-0.001134,0.018765,-0.038208
0.009743,0.008039,-0.030832
0.017651,-0.008041,-0.019272
0.019587,-0.027366,-0.003445
0.015614,-0.038121,0.009234
0.012570,-0.051002,0.020828
0.007524,-0.053211,0.031463
0.005392,-0.057491,0.033549
0.003238,-0.058576,0.035679
0.001067,-0.063976,0.042078
-0.000114,-0.053323,0.044307
-0.001275,-0.029722,0.031628
-0.011092,0.008714,0.026672
-0.016065,0.047329,0.003468
-0.014933,0.073098,-0.015553
-0.008847,0.079624,-0.028372
-0.002720,0.057279,-0.035003
0.005311,0.015676,-0.034346
0.009268,-0.015336,-0.025022
0.013134,-0.029285,-0.014481
0.014072,-0.036887,0.000441
0.012974,-0.042337,0.013245
0.010836,-0.033977,0.030510
0.007743,-0.012754,0.043553
0.005704,0.002238,0.037265
-0.000223,0.017141,0.042717
-0.009140,0.023566,0.038528
-0.010193,0.027872,0.033241
-0.014113,0.021573,0.018274
-0.013130,0.009963,0.002152
-0.011158,-0.001665,-0.012873
-0.007190,-0.017635,-0.018336
-0.003212,-0.032550,-0.022708
-0.001242,-0.043243,-0.019604
0.000657,-0.029386,-0.018401
0.003544,0.001563,-0.019193
0.007518,0.022908,-0.019019
0.009557,0.015423,-0.012767
0.013524,0.003600,0.001995
0.012539,-0.011422,0.012541
0.008592,-0.038126,0.017615
0.005567,-0.054187,0.024943
0.000525,-0.058469,0.025988
-0.003545,-0.050972,0.020750
-0.008550,-0.035946,0.009146
-0.011547,-0.008207,0.008349
-0.016453,0.019611,-0.003111
-0.013450,0.048591,-0.024222
-0.009365,0.055066,-0.034815
-0.001324,0.043355,-0.038122
0.005710,0.019837,-0.031936
0.012609,0.001676,-0.025762
0.015559,-0.009051,-0.015248
0.017507,-0.010172,-0.006752
0.013607,-0.017703,0.001713
0.013590,-0.030549,0.009032
0.009547,-0.030690,0.024039
0.006533,-0.026406,0.021945
0.005501,-0.027504,0.025152
-0.003427,-0.011563,0.030690
-0.011389,0.017313,0.020307
-0.016356,0.039771,0.009912
-0.014336,0.040889,0.000374
-0.007431,0.018458,-0.000801
-0.003467,-0.006074,-0.003129
-0.000509,-0.022033,-0.007574
0.001445,-0.030503,-0.012006
0.005287,-0.036898,-0.011032
0.010069,-0.038046,-0.000371
0.011932,-0.018963,0.015804
0.003984,-0.004010,0.017985
0.001947,0.023714,0.022455
0.001956,0.047244,0.017284
0.005016,0.049416,0.014069
0.004098,0.032353,0.012850
0.004136,0.008861,0.014783
0.000242,-0.016713,0.013425
-0.000782,-0.039106,0.011104
-0.000859,-0.057234,0.008826
-0.002005,-0.058291,0.005652
-0.002130,-0.030613,0.009200
-0.007100,0.001356,0.011678
-0.005245,0.035557,0.002414
-0.006118,0.054794,-0.004821
-0.005013,0.054814,-0.008009
-0.002947,0.048371,-0.004823
-0.002817,0.044174,-0.012364
0.003193,0.028235,-0.018953
0.005214,-0.004810,-0.020368
0.009109,-0.029406,-0.012073
0.012978,-0.043286,-0.010079
0.009920,-0.049734,-0.001649
0.004918,-0.041239,0.003761
-0.002028,-0.032755,0.010246
-0.007989,-0.012534,0.016834
-0.006068,0.006680,0.016978
-0.007028,0.031274,0.011824
-0.005043,0.050553,0.006572
-0.002989,0.063438,-0.005030
-0.002835,0.048530,-0.011513
0.000267,0.010056,-0.006457
0.000339,-0.024110,-0.005651
0.003257,-0.032632,-0.007854
0.006153,-0.024050,-0.013127
0.007143,-0.005903,-0.014037
0.006175,0.011120,-0.009576
0.005246,0.021782,-0.010508
0.005298,0.021749,-0.006241
0.003397,0.028111,0.000194
0.003413,0.029235,-0.000991
0.003441,0.025006,-0.004266
0.000520,0.010113,-0.008696
-0.001460,-0.010215,-0.003500
-0.002498,-0.041159,-0.005858
-0.002590,-0.060460,0.002588
-0.003699,-0.064833,0.011193
-0.001878,-0.058500,0.014566
-0.002000,-0.045751,0.020048
-0.003123,-0.023375,0.021371
-0.003154,0.005504,0.015163
-0.001123,0.032270,0.006793
-0.001993,0.040899,0.000348
0.001987,0.035637,-0.005118
0.004997,0.027126,-0.005258
0.005068,0.014385,-0.008671
0.003154,0.000524,-0.007772
0.002163,0.011247,-0.012001
0.005146,0.019856,-0.017346
0.010115,0.013426,-0.016281
0.009200,0.003733,-0.006718
0.005251,-0.009169,0.002838
0.003253,-0.016714,0.009246
-0.000682,-0.027454,0.015612
-0.003708,-0.019007,0.024284
-0.006794,0.000184,0.023445
-0.003891,0.019443,0.015107
-0.008840,0.032252,0.013114
-0.009773,0.036570,0.005700
-0.007751,0.023812,0.000239
-0.006694,0.006811,-0.007415
-0.001768,-0.016641,-0.009770
0.002141,-0.040083,-0.012147
0.005007,-0.052871,-0.014393
0.004981,-0.036813,-0.019620
0.005964,-0.014375,-0.020552
0.006021,0.003801,-0.022584
0.008061,0.012323,-0.018288
0.010045,0.010073,-0.001271
0.014921,-0.000693,0.011435
0.011926,-0.001861,0.025285
0.006921,0.005532,0.034961
0.001929,0.006525,0.040392
-0.006035,0.002165,0.044779
-0.009102,0.002094,0.047055
-0.011175,0.018146,0.035567
-0.015047,0.037503,0.013381
-0.016872,0.040891,-0.010088
-0.012778,0.029340,-0.028454
-0.009729,0.016652,-0.038280
-0.004703,-0.004507,-0.053580
0.002266,-0.022587,-0.055984
0.010126,-0.037542,-0.049795
0.016009,-0.049357,-0.039235
0.017955,-0.057010,-0.018949
0.016883,-0.053974,-0.000710
0.014778,-0.032797,0.015585
0.012747,-0.013715,0.027580
0.007795,0.003212,0.043795
-0.003054,0.026605,0.053622
-0.008991,0.053371,0.043159
-0.008975,0.067398,0.026140
-0.008920,0.067562,0.008978
-0.006851,0.047452,-0.009401
-0.006684,0.021970,-0.024595
-0.010430,-0.002397,-0.044085
-0.013215,-0.015104,-0.055955
-0.009238,-0.020400,-0.061331
0.001624,-0.018298,-0.058092
0.009574,-0.015222,-0.043096
0.015473,-0.011106,-0.025932
0.019413,-0.007047,-0.002341
0.016404,-0.002954,0.016979
0.009433,-0.002038,0.032022
0.006398,-0.002148,0.043814
0.003332,-0.002171,0.044919
0.006179,-0.006441,0.041751
0.006083,-0.025700,0.047997
-0.004805,-0.029863,0.036179
-0.013707,-0.014797,0.023425
-0.018668,-0.000706,0.001011
-0.017713,0.014378,-0.013881
-0.013752,0.028375,-0.028728
-0.005819,0.034820,-0.034013
0.002156,0.019891,-0.035214
0.008143,0.002758,-0.027883
0.013126,-0.014397,-0.017357
0.018000,-0.024125,-0.001428
0.016969,-0.025311,0.015606
0.012978,-0.012589,0.027434
0.007995,0.005510,0.033972
0.002983,0.034279,0.039556
-0.001952,0.053507,0.035484
-0.004845,0.043908,0.031207
-0.010698,0.019342,0.030012
-0.011751,0.002280,0.026701
-0.010852,0.004516,0.011812
-0.010848,-0.001700,-0.012782
-0.008833,-0.002677,-0.025577
-0.010725,-0.000521,-0.029799
-0.005771,-0.006820,-0.040581
-0.001768,-0.003644,-0.036307
0.005112,-0.001508,-0.033154
0.014994,0.004908,-0.029998
0.016060,0.001634,-0.016242
0.017063,-0.001661,-0.002427
0.015077,-0.011349,0.009215
0.011111,-0.026390,0.020856
0.009013,-0.036071,0.028297
0.005938,-0.025430,0.029512
-0.002000,-0.006258,0.029768
-0.007906,-0.000848,0.020209
-0.014798,0.004497,0.019182
-0.018761,0.016311,0.007580
-0.013891,0.029239,-0.007275
-0.010811,0.033609,-0.019007
-0.007704,0.018825,-0.038365
-0.002674,0.000694,-0.038541
0.002265,-0.013190,-0.036537
0.011128,-0.023917,-0.028115
0.014102,-0.027130,-0.023930
0.016026,-0.025079,-0.011143
0.018911,-0.018780,0.003822
0.016880,-0.010382,0.020988
0.013876,0.000133,0.039265
0.003987,0.010755,0.043667
-0.002976,0.016060,0.044836
-0.007925,0.018218,0.039563
-0.010898,0.009718,0.031029
-0.007976,0.000185,0.020303
-0.006048,0.000333,0.002141
-0.009936,0.003670,-0.013874
-0.008917,0.006950,-0.023465
-0.006876,0.012333,-0.027726
-0.004800,0.014511,-0.030960
0.001096,0.013413,-0.025661
0.001162,0.010193,-0.022501
0.004146,0.008002,-0.016096
0.009084,-0.000557,-0.014017
0.012023,-0.020945,-0.000298
0.012908,-0.032797,0.013495
0.006931,-0.037133,0.019911
0.008772,-0.035012,0.021007
0.001804,-0.022264,0.028587
-0.004153,0.002339,0.023407
-0.008131,0.026970,0.012928
-0.008044,0.037713,0.004466
-0.009848,0.030312,-0.004142
-0.007803,0.016443,-0.007407
-0.005811,0.015423,-0.014860
-0.003791,0.020860,-0.025536
-0.000730,0.035846,-0.031806
0.002344,0.040135,-0.033916
0.004445,0.031620,-0.036137
0.010418,0.010221,-0.027804
0.012402,0.002647,-0.012954
0.016318,-0.001652,-0.007679
0.016272,-0.011362,0.006113
0.011315,-0.029604,0.019820
0.008220,-0.038275,0.033693
0.003150,-0.034038,0.036947
-0.002871,-0.021244,0.039174
-0.010827,-0.003106,0.037245
-0.013828,0.012986,0.024608
-0.011882,0.030149,0.013015
-0.010861,0.035602,-0.001888
-0.008822,0.039960,-0.011499
-0.004786,0.033603,-0.016901
0.000229,0.018708,-0.020279
0.005167,0.002656,-0.012976
0.009094,-0.005923,-0.007708
0.012015,-0.011315,-0.002378
0.010080,-0.022067,0.007156
0.008037,-0.020030,0.017887
0.006951,-0.008309,0.021168
0.003957,0.009866,0.016001
0.001012,0.015231,0.012832
-0.002914,0.014133,0.016039
-0.007844,0.009921,0.009584
-0.008818,0.001470,-0.001169
-0.006849,-0.014531,-0.002364
0.000962,-0.030518,-0.004643
0.000882,-0.031541,-0.011043
-0.003074,-0.017708,-0.007684
-0.003086,-0.002826,-0.002179
-0.000172,0.006779,-0.003146
-0.004069,0.036667,-0.005010
-0.001956,0.057012,-0.012344
-0.000770,0.048551,-0.018888
0.004271,0.030428,-0.020133
0.007278,0.018686,-0.018131
0.007304,0.009085,-0.017173
0.008294,-0.001574,-0.017295
0.004404,-0.017657,-0.007818
0.002386,-0.027346,0.001735
0.008194,-0.031661,0.008096
0.012004,-0.029601,0.018764
0.010911,-0.030725,0.025178
0.002991,-0.009526,0.041420
-0.009855,0.021474,0.033173
-0.007949,0.041823,0.022693
-0.005004,0.055706,0.018597
-0.003914,0.056852,0.007947
-0.005706,0.034554,-0.006129
-0.008519,0.010083,-0.011753
-0.003592,-0.012249,-0.018421
0.000301,-0.021842,-0.018530
0.001221,-0.016478,-0.021695
0.002198,-0.006853,-0.024807
0.004209,-0.003686,-0.020508
0.006196,-0.006980,-0.009836
0.009097,-0.020930,-0.001384
0.011999,-0.039188,0.013413
0.007968,-0.056398,0.029311
0.005828,-0.060753,0.038910
0.002676,-0.044766,0.041190
-0.001428,-0.013754,0.033958
-0.007371,0.009817,0.021360
-0.013233,0.026944,0.011950
-0.012151,0.022770,-0.000880
-0.009113,0.005739,-0.006364
-0.006101,-0.004851,-0.015033
-0.000181,-0.015430,-0.024776
0.000799,-0.023962,-0.024860
0.001757,-0.022903,-0.023784
0.005672,-0.016520,-0.019496
0.008581,-0.006955,-0.013036
0.011519,0.001563,-0.008732
0.015437,0.000406,0.004041
0.015402,-0.007155,0.013629
0.011435,0.000177,0.030782
0.001575,0.002305,0.032908
-0.002440,0.011907,0.031949
-0.007376,0.018371,0.023476
-0.006388,0.017321,0.019239
-0.005446,0.007719,0.014972
-0.005412,0.005594,0.010745
-0.011285,0.010986,0.001231
-0.015115,0.026117,-0.021102
-0.015027,0.027253,-0.028593
-0.008093,0.026239,-0.033970
0.000831,0.016685,-0.038365
0.012645,-0.000393,-0.034315
0.017579,-0.018613,-0.019620
0.020468,-0.041166,-0.001656
0.019378,-0.064754,0.013079
0.013324,-0.070263,0.032312
0.004358,-0.060732,0.037811
-0.002604,-0.030918,0.044509
-0.011542,0.018169,0.040741
-0.015460,0.060015,0.011208
-0.014271,0.075161,-0.013257
-0.015016,0.063565,-0.028367
-0.008903,0.034905,-0.046785
-0.003802,-0.001261,-0.058897
-0.000743,-0.026854,-0.059158
0.000253,-0.035434,-0.054937
0.005177,-0.025845,-0.052725
0.010085,-0.007818,-0.039724
0.014063,-0.003685,-0.024693
0.017070,-0.017699,-0.009801
0.017078,-0.032815,0.011449
0.016023,-0.047845,0.020975
0.013004,-0.060709,0.030431
0.006932,-0.059655,0.033610
0.001810,-0.041513,0.033760
-0.004182,-0.015856,0.027582
-0.014104,0.001243,0.023476
-0.019089,0.004422,0.021468
-0.017176,-0.005226,0.023594
-0.015246,-0.007265,0.009735
-0.011355,0.003525,-0.005127
-0.004482,0.019687,-0.020038
0.000525,0.025090,-0.024353
0.003578,0.017711,-0.030928
0.007652,0.005988,-0.027931
0.009673,-0.003671,-0.015318
0.016533,0.003742,-0.003604
0.018529,0.019678,0.007172
0.013604,0.039864,0.018034
0.008680,0.059041,0.020367
0.002904,0.073998,0.015221
0.001149,0.064366,0.013121
-0.000693,0.050491,0.011963
-0.003600,0.036670,0.006487
-0.008571,0.047325,0.005573
-0.008580,0.048457,-0.011323
-0.004530,-0.006076,-0.002080
-0.002567,-0.062693,0.002828
-0.002667,-0.088349,0.006914
-0.005801,-0.069169,0.010285
-0.001159,-0.029671,0.008489
0.000634,0.012013,0.001346
-0.000398,0.058005,-0.014230
-0.002079,0.079426,-0.022622
-0.001752,0.059244,-0.029309
0.003345,0.016556,-0.021298
0.013160,-0.019731,-0.016362
0.018052,-0.041020,-0.017725
0.014093,-0.050606,-0.015762
0.002272,-0.057047,-0.008395
-0.006653,-0.036944,0.010003
-0.011690,-0.003938,0.016752
-0.003875,0.023860,0.006388
-0.000806,0.032394,0.004376
0.000288,0.017423,0.004333
0.000324,0.003521,0.004294
-0.001609,0.003532,0.000083
-0.001572,0.013172,-0.005159
-0.000575,0.014313,-0.011617
0.000429,0.018655,-0.021186
0.002510,0.015501,-0.023429
0.006551,0.005986,-0.031064
0.007626,-0.012158,-0.028071
0.004707,-0.034631,-0.018682
0.000758,-0.047506,-0.010240
-0.001268,-0.030511,-0.002570
-0.003285,-0.005987,-0.001267
0.001540,0.026052,-0.003156
0.002557,0.047465,-0.012573
-0.000209,0.052734,-0.007125
0.002877,0.027073,-0.001980
0.006816,-0.005033,0.009497
0.011587,-0.029707,0.026361
0.012349,-0.042626,0.037007
0.008204,-0.029845,0.039270
0.001182,-0.005283,0.037338
-0.000815,0.019324,0.031107
-0.001758,0.030117,0.018329
-0.004613,0.025929,0.012853
-0.006504,0.026084,-0.001147
-0.008367,0.016621,-0.014146
-0.008276,0.014537,-0.018477
-0.008266,0.015645,-0.025895
-0.002311,0.025304,-0.035369
-0.002149,0.032757,-0.038400
-0.002009,0.036984,-0.038256
0.003008,0.032611,-0.028607
0.006055,0.011076,-0.009460
0.012883,-0.010448,0.011749
0.014746,-0.025499,0.027601
0.013594,-0.030901,0.037142
0.006553,-0.030948,0.041450
-0.000421,-0.027692,0.034012
-0.008376,-0.023398,0.030844
-0.008480,-0.024413,0.022331
-0.004598,-0.029611,0.005195
-0.004641,-0.020941,-0.009719
-0.009508,-0.005844,-0.024645
-0.009469,0.009266,-0.040651
-0.006409,0.018933,-0.043874
0.000608,0.009302,-0.037609
0.009475,-0.015340,-0.025010
0.016356,-0.032528,-0.010216
0.017314,-0.036908,0.004681
0.014285,-0.030649,0.018706
0.004419,-0.006252,0.031847
0.004300,0.018208,0.037499
-0.002593,0.044914,0.032420
-0.006501,0.055624,0.024044
-0.006419,0.052495,0.016507
-0.003446,0.038703,0.007814
0.002455,0.023879,-0.003070
0.001509,-0.003816,-0.008665
-0.003403,-0.022980,-0.012078
-0.011268,-0.026146,-0.015337
-0.012237,-0.013282,-0.020610
-0.006296,-0.006783,-0.031266
0.002618,-0.001490,-0.025880
0.008511,-0.001541,-0.020518
0.010542,-0.002640,-0.016261
0.010540,-0.008095,-0.002399
0.006594,-0.016731,0.008246
0.005494,-0.014757,0.025416
0.006382,-0.010495,0.024420
0.001411,0.000137,0.028796
-0.003566,0.021514,0.023659
-0.006480,0.034396,0.013107
-0.005424,0.026964,0.007718
-0.006369,0.006720,0.004327
-0.004405,-0.007070,-0.001234
-0.006364,-0.005913,-0.010872
-0.006393,-0.000480,-0.020492
-0.004353,0.006038,-0.034336
-0.001286,0.004951,-0.033248
-0.000185,-0.002561,-0.027971
0.006716,-0.011138,-0.023755
0.012623,-0.018689,-0.014194
0.016525,-0.020881,-0.007785
0.015502,-0.012503,0.011528
0.011514,-0.005122,0.021231
0.005531,0.005494,0.028786
0.004458,0.018260,0.032134
0.003467,0.031083,0.030104
-0.004344,0.046110,0.021635
-0.011153,0.051523,0.009974
-0.009114,0.042036,-0.001914
-0.006133,0.029320,-0.013760
-0.005070,0.014497,-0.028832
-0.005946,-0.000399,-0.034301
-0.003924,-0.014271,-0.035463
-0.001883,-0.019608,-0.035504
0.006950,-0.026035,-0.031313
0.010910,-0.029323,-0.019609
0.013833,-0.030495,-0.004703
0.014747,-0.033826,0.011294
0.011690,-0.027637,0.035959
0.008552,-0.012802,0.048909
0.000556,0.005326,0.051184
-0.008351,0.025679,0.039648
-0.012279,0.038569,0.028033
-0.011274,0.037600,0.015218
-0.007231,0.021739,-0.002030
-0.004228,-0.004872,-0.010796
-0.003226,-0.016545,-0.017338
-0.000273,-0.022858,-0.025992
-0.002175,-0.019570,-0.032468
0.001742,-0.006795,-0.029144
0.004710,0.008137,-0.026904
0.009681,0.007004,-0.019422
0.010689,-0.002745,-0.001346
0.013596,-0.010334,0.012498
0.009595,-0.004067,0.027547
0.006553,-0.003059,0.031894
0.002530,-0.005213,0.032973
0.000491,-0.007363,0.031951
-0.001549,-0.013762,0.029794
-0.003566,-0.007318,0.023467
-0.011422,0.008806,0.009699
-0.012401,0.017491,-0.006302
-0.013306,0.016487,-0.011704
-0.011342,0.015490,-0.018170
-0.003457,0.002731,-0.023629
0.000479,-0.003700,-0.020472
0.006353,-0.010101,-0.020529
0.010281,-0.016548,-0.016286
0.007387,-0.025151,-0.009909
0.007418,-0.046607,0.002759
0.010264,-0.058451,0.015482
0.009153,-0.045725,0.025209
0.005116,-0.021244,0.032902
0.002061,-0.000946,0.030922
-0.001909,0.005458,0.032017
-0.007843,0.020463,0.022559
-0.007833,0.024802,0.014046
-0.005810,0.016375,0.003230
-0.001890,0.006830,-0.003281
0.000099,-0.010169,-0.013032
0.001097,-0.026139,-0.018491
-0.000877,-0.033602,-0.021710
0.001059,-0.032468,-0.029194
0.003028,-0.024027,-0.018414
0.008877,-0.006981,-0.012967
0.009865,0.003609,-0.004299
0.006961,0.014228,0.004290
0.004969,0.008863,0.008506
0.000069,0.001357,0.013767
-0.000939,-0.006134,0.012713
0.001020,-0.026390,0.010404
0.002884,-0.037179,0.024215
-0.003112,-0.029730,0.022240
-0.007099,-0.030710,0.011544
-0.009102,-0.015692,0.001009
-0.007117,-0.002741,-0.012858
-0.002181,0.006940,-0.020300
-0.002109,0.008032,-0.022447
0.002869,0.007013,-0.025722
0.006856,0.000630,-0.025825
0.008863,-0.010045,-0.022767
0.012794,-0.025054,-0.013300
0.011797,-0.043312,0.001492
0.010707,-0.046615,0.012191
0.007691,-0.038100,0.013364
0.003686,-0.022192,0.021078
0.000679,-0.013756,0.027689
-0.001427,0.005350,0.037529
-0.008381,0.021379,0.033424
-0.014296,0.034230,0.027137
-0.015279,0.032166,0.017522
-0.012299,0.025848,0.009928
-0.006402,0.020658,-0.007230
0.000547,0.014365,-0.018030
0.003545,0.003766,-0.024579
0.006566,-0.002590,-0.026847
0.005682,-0.001451,-0.032256
0.006760,0.001794,-0.033391
0.010713,0.015615,-0.023728
0.014635,0.045383,-0.010636
0.014690,0.064515,-0.000862
0.002034,0.066499,0.014189
-0.004782,0.047144,0.028007
-0.001862,0.011854,0.037317
-0.002896,-0.010569,0.037166
-0.006870,-0.020091,0.026413
-0.011818,-0.018896,0.009354
-0.012856,-0.004884,-0.010763
-0.012777,0.012328,-0.030849
-0.015566,0.017745,-0.044611
-0.011493,0.013477,-0.046742
-0.002530,0.012429,-0.047846
0.005481,0.006042,-0.046893
0.014364,0.000664,-0.037416
0.019278,0.003805,-0.023638
0.019338,-0.004807,-0.009919
0.019281,-0.009169,0.003885
0.018264,-0.021037,0.020858
0.015224,-0.041471,0.038880
0.011120,-0.040572,0.056060
0.000156,-0.024665,0.064821
-0.006932,-0.000044,0.052277
-0.016810,0.032115,0.032296
-0.022639,0.060051,0.006933
-0.021431,0.060283,-0.020862
-0.020230,0.039121,-0.040336
-0.015155,0.016809,-0.049147
-0.003285,-0.006625,-0.051548
0.004651,-0.025787,-0.057058
0.011601,-0.035504,-0.043248
0.014565,-0.035557,-0.036835
0.017491,-0.038922,-0.018656
0.016480,-0.046522,-0.001648
0.015337,-0.039250,0.019848
0.014213,-0.034114,0.044467
0.009131,-0.022436,0.050997
0.002082,0.002042,0.057652
-0.006818,0.014911,0.047136
-0.010789,0.025715,0.029099
-0.014648,0.028010,0.008827
-0.014571,0.027123,-0.012570
-0.010511,0.011249,-0.025600
-0.007493,-0.005723,-0.035419
-0.003480,-0.008859,-0.041893
0.000532,-0.001322,-0.048280
0.005521,0.007219,-0.045081
0.009533,0.008245,-0.037644
0.013524,0.005951,-0.016331
0.012514,-0.001753,0.010363
0.012450,0.002401,0.023248
0.010428,0.001247,0.031830
0.005442,0.005417,0.041536
0.003396,0.005394,0.039505
0.000396,-0.003117,0.033090
-0.002591,-0.009527,0.030964
-0.009530,-0.012653,0.021330
-0.009586,-0.014745,0.017019
-0.010616,-0.015627,-0.002299
-0.009631,-0.003724,-0.019365
-0.007614,0.007034,-0.027868
-0.005594,0.019896,-0.032088
-0.000605,0.026309,-0.031015
0.003406,0.029517,-0.029962
0.008419,0.026284,-0.025721
0.011436,0.013369,-0.012995
0.015352,-0.003831,0.002877
0.016296,-0.015710,0.019881
0.007433,-0.033901,0.024042
0.002446,-0.046838,0.037872
-0.001635,-0.040532,0.046544
-0.003764,-0.008467,0.037266
-0.012605,0.034398,0.014148
-0.012565,0.059116,-0.008061
-0.012427,0.060287,-0.021919
-0.005413,0.045417,-0.032684
-0.001315,0.013457,-0.038321
-0.000231,-0.018544,-0.036532
0.000768,-0.040981,-0.032466
0.004675,-0.049555,-0.027213
0.006564,-0.043193,-0.020779
0.007484,-0.023035,-0.005661
0.008442,-0.012431,0.005064
0.010338,0.003517,0.013717
0.005408,0.019474,0.021304
0.003437,0.034388,0.026725
0.001487,0.033333,0.023547
-0.003367,0.029107,0.016077
-0.007219,0.019543,0.009617
-0.007155,0.016425,-0.001083
-0.006106,0.014413,-0.016061
-0.005055,0.000604,-0.024710
-0.002035,-0.015354,-0.031246
-0.001027,-0.020754,-0.024849
0.002911,-0.017567,-0.023737
0.007780,-0.017606,-0.017361
0.011617,-0.015601,-0.002364
0.015488,-0.018922,0.013604
0.013445,-0.013654,0.023237
0.004527,-0.005154,0.028638
0.000554,-0.011588,0.033895
-0.002494,-0.025519,0.039157
-0.003661,-0.020185,0.039207
-0.003798,-0.009434,0.026538
-0.004806,0.002373,0.014954
-0.009658,0.005711,-0.001062
-0.012533,0.010093,-0.015964
-0.011460,0.013350,-0.021310
-0.005530,0.011287,-0.028835
0.002399,0.016690,-0.034194
0.008356,0.010257,-0.027895
0.010382,0.000592,-0.016312
0.014320,-0.013360,-0.006810
0.015274,-0.028401,0.005876
0.013240,-0.035987,0.019711
0.009211,-0.031799,0.028325
0.002241,-0.016890,0.028531
-0.002734,0.000144,0.032961
-0.006763,0.022600,0.025708
-0.010669,0.044033,0.013102
-0.007692,0.055843,0.003601
-0.007574,0.051661,-0.009209
-0.009344,0.042179,-0.025296
-0.007217,0.023052,-0.035079
-0.004147,-0.002501,-0.040675
0.001782,-0.018519,-0.038688
0.006708,-0.027069,-0.036636
0.011641,-0.036736,-0.029233
0.011600,-0.040085,-0.012141
0.013444,-0.038078,0.002852
0.013343,-0.032875,0.019975
0.011221,-0.011635,0.034016
0.004221,0.011793,0.041661
-0.002661,0.031051,0.038553
-0.007595,0.045024,0.028996
-0.009502,0.045137,0.017197
-0.009441,0.031338,0.008522
-0.006465,0.007950,-0.005500
-0.005442,-0.005875,-0.013062
-0.008306,-0.009023,-0.021593
-0.007259,-0.007857,-0.034391
-0.003275,0.001712,-0.032127
0.000714,0.010205,-0.027759
0.006674,0.005914,-0.024597
0.011635,-0.001670,-0.009720
0.014568,-0.016697,0.002929
0.016449,-0.026455,0.022073
0.014328,-0.028695,0.036973
0.006343,-0.015898,0.038150
0.004279,0.002314,0.028706
-0.004559,0.022621,0.023564
-0.006561,0.025817,0.021511
-0.009493,0.020561,0.010801
-0.007502,0.018519,-0.002006
-0.010355,0.015408,-0.014820
-0.009293,0.019746,-0.024377
-0.009183,0.028375,-0.033957
-0.005135,0.031627,-0.039290
0.001872,0.022057,-0.042597
0.009823,0.006024,-0.036389
0.014759,-0.003707,-0.020451
0.016713,-0.008065,-0.008751
0.017652,-0.020972,0.003956
0.013642,-0.027516,0.023095
0.009561,-0.032984,0.039084
0.001585,-0.021284,0.044511
-0.002481,-0.013838,0.045683
-0.004579,-0.012792,0.045746
-0.011510,-0.012709,0.034026
-0.016478,0.003461,0.012816
-0.018398,0.017511,-0.007400
-0.013410,0.030468,-0.025464
-0.007386,0.033752,-0.035067
-0.005246,0.026322,-0.039416
0.001746,0.015691,-0.042750
0.006755,0.012405,-0.031049
0.012710,0.004896,-0.025781
0.017616,0.000526,-0.011958
0.017624,-0.008139,0.002947
0.015638,-0.015706,0.014641
0.012610,-0.020102,0.027487
0.009557,-0.027643,0.034931
0.001622,-0.042644,0.042288
-0.001529,-0.043761,0.045543
-0.006550,-0.027648,0.032851
-0.009581,-0.008291,0.014848
-0.015470,0.001438,-0.000040
-0.015429,0.017571,-0.018013
-0.012441,0.032654,-0.033946
-0.008364,0.041324,-0.049910
-0.006175,0.028563,-0.053270
0.001835,0.008254,-0.048126
0.009739,-0.019600,-0.033433
0.014656,-0.036787,-0.017597
0.017509,-0.043284,-0.003807
0.015469,-0.036970,0.005890
0.011489,-0.029622,0.019869
0.003568,-0.016952,0.033922
-0.003406,-0.000979,0.038330
-0.003492,0.012944,0.033085
-0.003516,0.017264,0.025664
-0.004486,0.014142,0.016019
-0.008408,0.001436,0.003104
-0.004499,-0.002762,-0.006530
-0.006454,-0.003746,-0.018258
-0.002477,-0.005839,-0.024658
-0.000394,-0.012238,-0.025767
0.003568,-0.007991,-0.022539
0.003606,-0.000516,-0.020398
0.006548,0.017593,-0.014933
0.011508,0.027210,-0.014886
0.010618,0.022890,-0.008513
0.009657,0.014275,0.003122
0.007704,0.003562,0.009416
0.005711,0.004594,0.013700
0.004629,0.018430,0.018097
-0.001267,0.025918,0.014976
-0.002206,0.020579,0.012846
-0.006113,0.009853,0.017083
-0.007155,0.007707,0.016050
-0.004246,0.003451,0.010754
-0.003263,-0.001856,0.006450
-0.001313,-0.000762,0.003253
0.001644,-0.008165,-0.001167
0.000633,-0.010313,0.001986
-0.000397,-0.000697,-0.000055
0.002524,0.004747,-0.009705
0.003546,0.004756,-0.008683
0.003559,0.006843,-0.001222
0.005538,0.010020,0.003051
0.002590,0.012123,0.007334
0.003502,0.009984,0.008376
0.003500,-0.003922,0.013576
0.003454,-0.016785,0.020939
0.000446,-0.013597,0.021000
0.000366,-0.003988,0.017929
0.000337,0.002397,0.016982
-0.000647,0.021614,0.013985
-0.004529,0.034511,0.001304
-0.004441,0.031334,-0.002970
-0.004387,0.022762,0.000189
-0.000466,0.007863,-0.004226
0.000524,-0.000627,-0.008604
0.005438,-0.007021,-0.008681
0.006412,-0.024070,-0.009936
0.003467,-0.048643,-0.005883
0.001356,-0.045504,0.002673
0.001269,-0.028433,0.002826
0.001163,-0.016745,0.007237
0.000148,-0.010337,0.006234
0.001072,0.002414,0.011713
0.002949,0.011923,0.021453
0.002973,0.009764,0.023592
0.001969,0.001241,0.022437
-0.000037,0.001303,0.017048
0.000880,0.013136,0.008530
-0.000052,0.023863,0.004292
-0.001945,0.022825,0.002116
0.002047,0.019697,-0.006468
0.006004,0.008025,-0.013016
0.003074,0.002709,-0.013112
0.001152,0.008030,-0.010938
0.002147,0.016567,-0.011913
0.000233,0.013328,-0.008704
0.001233,0.004705,-0.000184
0.001252,-0.004966,0.005139
0.004131,-0.012489,0.008351
0.003150,-0.014668,0.011591
-0.001826,-0.025406,0.017948
-0.002908,-0.015859,0.024453
-0.005924,-0.002945,0.009636
-0.006901,0.024891,-0.000825
-0.004875,0.030314,-0.012513
-0.001869,0.029307,-0.018952
0.001199,0.024015,-0.023296
0.001305,-0.000446,-0.029991
0.003341,-0.029267,-0.026029
0.003315,-0.038952,-0.014394
0.006164,-0.030454,-0.008993
0.009044,-0.013423,-0.002462
0.006084,0.003639,-0.001243
0.008057,0.012078,0.011636
0.006067,0.006693,0.016948
0.007978,0.002357,0.025455
0.005040,0.003398,0.028669
-0.000918,0.004397,0.036176
-0.004950,0.004447,0.029773
-0.008893,-0.000827,0.020153
-0.009834,-0.000757,0.009511
-0.009896,0.002529,-0.001137
-0.009857,0.033578,-0.015787
-0.007739,0.046495,-0.032701
-0.005553,0.018746,-0.035017
-0.005416,-0.005873,-0.028753
0.001447,-0.015458,-0.028882
0.013150,-0.015473,-0.023616
0.017034,-0.016588,-0.016179
0.018949,-0.022007,-0.003456
0.016918,-0.038117,0.011318
0.013869,-0.048921,0.028308
0.009769,-0.046886,0.042182
0.008591,-0.025605,0.051933
-0.000417,0.004284,0.051113
-0.012251,0.034289,0.037441
-0.014214,0.053624,0.021586
-0.016062,0.061180,0.006781
-0.015840,0.057148,-0.022108
-0.013682,0.040200,-0.036176
-0.005723,0.030669,-0.043768
-0.000667,0.013623,-0.047120
0.002388,-0.013120,-0.041946
0.008344,-0.034562,-0.032454
0.011286,-0.037861,-0.020723
0.018108,-0.039056,-0.006802
0.020936,-0.031739,0.012484
0.020809,-0.025431,0.025334
0.011828,-0.013827,0.040423
0.005827,-0.002109,0.044758
-0.002086,0.005384,0.042669
-0.007095,0.017131,0.039608
-0.005203,0.019349,0.027905
-0.007158,0.016286,0.010783
-0.012989,0.016457,-0.011624
-0.015840,0.015469,-0.022297
-0.017665,0.020942,-0.038296
-0.010667,0.030625,-0.045743
-0.003649,0.029557,-0.045752
0.000408,0.018812,-0.036236
0.010276,0.008120,-0.032089
0.015256,-0.003687,-0.021549
0.018234,-0.020879,-0.005696
0.020125,-0.025258,0.008150
0.019972,-0.021100,0.022068
0.013024,-0.020087,0.029540
0.008045,-0.014775,0.031736
-0.001813,-0.006287,0.037167
-0.006832,-0.000960,0.037235
-0.009851,0.008691,0.029871
-0.012792,0.018428,0.010781
-0.014700,0.021752,-0.005199
-0.012634,0.026173,-0.024385
-0.010552,0.015613,-0.038360
-0.005527,0.001801,-0.043865
-0.001468,-0.008936,-0.037508
0.007373,-0.015372,-0.033292
0.012318,-0.021838,-0.022721
0.015228,-0.027261,-0.011034
0.016126,-0.012389,-0.002366
0.016106,0.005679,0.008434
0.014122,0.013100,0.014902
0.007236,0.017235,0.032016
0.000303,0.025717,0.037462
-0.005591,0.018289,0.029969
-0.007593,0.007629,0.025667
-0.007652,-0.000868,0.019216
-0.009650,-0.000765,0.005351
-0.010599,0.005754,-0.010585
-0.010512,0.005912,-0.027727
-0.011403,0.003824,-0.033096
-0.003455,-0.002552,-0.036358
0.002524,-0.006806,-0.035386
0.008437,-0.006858,-0.026886
0.014294,-0.000478,-0.020496
0.014320,0.001597,-0.010913
0.014297,-0.000656,0.005065
0.016215,-0.009312,0.019947
0.011228,-0.013668,0.029551
0.006256,-0.005232,0.040345
-0.002643,-0.002030,0.038277
-0.007613,-0.000958,0.035138
-0.012608,0.012937,0.032057
-0.012665,0.022666,0.014035
-0.007712,0.031342,-0.002989
-0.009551,0.035713,-0.015767
-0.009448,0.026217,-0.029726
-0.005392,0.008104,-0.033092
-0.002390,-0.008952,-0.034329
0.004530,-0.022854,-0.030184
0.012376,-0.036748,-0.023969
0.018151,-0.039000,-0.007995
0.021969,-0.026276,0.004874
0.018939,-0.011461,0.021012
0.013987,-0.009406,0.029604
0.006111,-0.014834,0.039212
-0.002799,-0.005327,0.046867
-0.001933,-0.004233,0.042623
-0.005974,0.007589,0.032045
-0.010937,0.019424,0.020389
-0.016782,0.031308,-0.001855
-0.018599,0.027234,-0.024360
-0.015526,0.013456,-0.033090
-0.009568,0.007136,-0.042773
0.000345,-0.004563,-0.047157
0.007275,-0.020593,-0.043047
0.010217,-0.021713,-0.034551
0.013156,-0.014388,-0.018424
0.015124,-0.011281,-0.005602
0.014125,-0.005000,0.010459
0.016031,-0.002953,0.021163
0.012063,-0.000886,0.029720
0.005164,-0.003091,0.038254
0.002134,-0.011632,0.040284
-0.005776,-0.003053,0.035015
-0.012712,0.017374,0.015967
-0.010740,0.028184,-0.002083
-0.013590,0.024026,-0.019140
-0.012495,0.028333,-0.026525
-0.010372,0.025211,-0.038263
-0.007282,0.017771,-0.042587
0.001624,0.006029,-0.040584
0.009541,-0.004694,-0.036355
0.015462,-0.015479,-0.021506
0.019387,-0.023046,-0.008766
0.018329,-0.031692,0.008179
0.018207,-0.029672,0.024182
0.013143,-0.035075,0.033724
0.009065,-0.036255,0.048651
0.003956,-0.028824,0.052996
-0.004018,-0.006406,0.050026
-0.012947,0.020419,0.033136
-0.018787,0.036573,0.013017
-0.018703,0.044183,-0.006112
-0.012712,0.040042,-0.022167
-0.010582,0.031608,-0.035055
-0.007453,0.016768,-0.044853
-0.001425,-0.002409,-0.047189
0.001624,-0.012033,-0.043034
0.011460,-0.018516,-0.033468
0.017320,-0.023983,-0.016437
0.022161,-0.026231,-0.001517
0.022110,-0.025299,0.014531
0.016121,-0.021172,0.031670
0.006178,-0.004220,0.044681
-0.000792,0.020297,0.046004
-0.008679,0.028856,0.038698
-0.008690,0.023568,0.030162
-0.009670,0.009782,0.018317
-0.008712,-0.002892,0.003223
-0.010682,-0.012412,-0.006488
-0.009683,-0.013360,-0.019358
-0.010572,-0.006824,-0.033247
-0.007614,0.006024,-0.036388
0.001281,0.013492,-0.034229
0.008192,0.022020,-0.030997
0.014151,0.016563,-0.013993
0.014212,0.007944,-0.004436
0.013240,-0.000748,0.013675
0.011244,-0.007216,0.019017
0.011213,-0.008311,0.021173
0.007243,-0.008359,0.025482
0.002267,-0.002005,0.030893
-0.003668,0.004423,0.027743
-0.008617,0.016240,0.020316
-0.014533,0.023816,0.007554
-0.009591,0.024973,-0.004176
-0.007550,0.019776,-0.021315
-0.006420,0.004929,-0.031094
-0.001430,-0.011076,-0.032279
-0.002385,-0.018530,-0.034474
-0.000391,-0.004662,-0.034348
0.001625,0.010282,-0.036324
0.004699,0.010236,-0.032024
0.011635,0.010168,-0.024525
0.015611,0.011129,-0.009596
0.014632,0.008932,-0.000039
0.010743,0.006716,0.011660
0.004827,0.004497,0.022321
0.004757,0.002375,0.020180
0.004682,-0.005167,0.030764
0.001623,-0.012606,0.027483
-0.003370,-0.002966,0.020148
