0.002968,0.065585,-0.027431
-0.022529,0.058092,-0.025395
-0.011855,0.001557,-0.027983
-0.002224,-0.020884,-0.023875
0.004488,-0.008237,-0.007848
0.001566,-0.010459,0.000580
-0.003292,-0.008330,0.000543
-0.010135,0.008623,0.012315
-0.007154,0.019153,0.026138
0.002732,0.016976,0.030356
0.013875,-0.005714,0.366376
0.033680,-0.018206,0.643015
0.022854,-0.034309,0.242462
0.007175,-0.031554,-0.025196
0.008286,-0.024432,0.007574
0.006278,-0.014537,-0.020954
-0.001111,-0.010172,-0.030495
-0.001663,-0.013374,-0.030523
-0.003750,-0.021907,-0.030591
0.006960,-0.040163,-0.019037
0.005194,-0.043457,-0.010624
0.000614,-0.039351,0.005294
-0.000113,-0.028764,0.013846
0.003181,-0.022457,0.023444
0.004187,-0.010742,0.025648
0.008856,-0.002186,0.023573
0.011516,-0.005344,0.019329
0.013974,-0.010654,0.017216
0.011561,-0.009467,0.005596
0.009143,-0.000779,-0.009163
0.008647,0.002609,-0.027131
0.007070,0.005865,-0.032395
0.004528,0.005835,-0.029184
-0.001740,0.007822,-0.014284
-0.004954,0.013007,0.000610
-0.002264,0.008685,0.005864
-0.000346,0.005460,0.007945
0.002710,0.007568,0.010023
0.001899,0.012845,0.015341
0.001976,0.021347,0.018550
0.002810,0.025660,0.014357
0.005493,0.025691,0.011167
0.007261,0.022611,-0.000519
0.006099,0.013156,-0.015457
0.005967,-0.000715,-0.015586
0.004806,-0.006030,-0.017762
0.003602,-0.003832,-0.024095
0.002386,-0.000673,-0.019816
-0.001663,0.008890,-0.015474
0.000227,0.012007,-0.006951
-0.000740,0.012029,-0.009052
-0.001675,0.010909,-0.003750
0.000310,0.004424,0.004689
0.002307,-0.002041,0.011027
0.003322,0.004333,0.014286
0.004303,0.004377,0.010062
0.006249,-0.000874,0.001542
0.003273,-0.007247,-0.001724
0.000300,-0.004007,-0.005967
-0.000772,-0.005010,-0.012343
0.003976,-0.008206,-0.013472
0.004800,-0.003919,-0.015592
0.000741,0.001356,-0.009195
-0.001303,0.000246,-0.004967
-0.002311,-0.000784,-0.009240
-0.000396,0.006707,-0.011303
0.001506,0.013069,-0.007011
0.003435,0.014127,-0.005920
0.002435,0.016218,-0.001636
0.000464,0.011953,-0.001632
0.000450,0.008754,-0.001625
0.002356,0.001318,-0.004860
0.004294,-0.006159,-0.003865
0.001344,-0.014673,-0.006034
0.003258,-0.022121,-0.008186
0.001193,-0.015688,-0.011341
0.000113,-0.006063,-0.013386
0.000977,0.000360,-0.015466
-0.000094,0.007806,-0.013313
-0.001131,0.013120,-0.011144
-0.001192,0.014124,-0.004777
-0.003171,0.007678,-0.000602
-0.004114,0.014015,0.005827
0.001783,0.016148,0.005839
0.004747,0.006516,0.008944
0.003816,0.003296,0.011073
0.000952,0.005461,0.007895
0.004852,-0.000794,-0.007029
0.005745,-0.010299,-0.016649
0.004643,-0.012422,-0.017729
0.003526,-0.009210,-0.018755
0.002446,-0.004984,-0.014466
-0.001547,-0.002914,-0.008075
-0.002564,-0.002893,-0.010197
-0.000613,-0.011485,-0.004951
0.000398,-0.020077,0.000259
-0.001510,-0.016876,0.000230
-0.003459,-0.008386,0.004493
-0.001524,0.002262,0.006695
-0.001549,0.021479,0.005774
0.001353,0.032171,0.003745
0.001340,0.031161,-0.001521
0.001303,0.017353,-0.007980
0.002216,0.006697,-0.009079
0.002157,-0.006101,-0.009129
0.003083,-0.021037,-0.009218
0.003016,-0.023201,-0.006026
0.001034,-0.023256,-0.000721
-0.001872,-0.008263,-0.005924
0.000066,-0.000691,-0.016531
0.001953,-0.001775,-0.015548
0.000912,-0.004958,-0.017740
-0.002115,-0.000693,-0.017730
-0.002226,0.004610,-0.014521
-0.003301,0.008813,-0.008117
-0.001386,0.013032,-0.002727
0.003499,0.016197,0.001593
0.004544,0.014023,0.005860
0.004615,0.006501,0.011142
0.003707,0.001211,0.006886
0.001787,-0.004050,-0.000581
-0.000185,-0.002876,-0.011174
-0.001264,0.004638,-0.015368
-0.001392,0.004592,-0.011172
-0.003452,0.006723,-0.011146
-0.006478,0.017349,-0.006843
-0.006561,0.022600,0.001649
-0.004608,0.015014,0.013269
0.000328,0.008621,0.012159
0.003346,0.005399,0.014260
0.008303,0.003218,0.019594
0.009408,0.001086,0.019603
0.009525,0.005434,0.011133
0.004716,0.015220,-0.006814
0.001749,0.016403,-0.018489
0.000652,0.015497,-0.034400
0.000454,0.005883,-0.033437
0.004177,0.000473,-0.026057
-0.000875,-0.004763,-0.035639
-0.006946,-0.010110,-0.034639
-0.009086,-0.016635,-0.023029
-0.007234,-0.021063,-0.007152
-0.003328,-0.013747,0.007741
-0.000304,-0.003132,0.013105
0.000786,0.012907,0.010019
0.002793,0.020457,0.001527
0.003810,0.017351,-0.008065
0.005731,0.006784,-0.018795
0.002692,0.013232,-0.022992
0.001528,0.029231,-0.021756
-0.000599,0.033439,-0.016411
0.000258,0.025930,-0.012184
-0.002728,0.011010,-0.013343
-0.000825,0.003470,-0.005926
0.001106,-0.000841,-0.001698
0.002088,-0.006174,-0.001710
0.001110,-0.007164,-0.009090
0.001077,-0.012551,-0.003804
-0.001862,-0.019014,0.002540
-0.002818,-0.012655,0.006819
-0.004740,0.001164,0.012224
-0.001762,0.014980,0.017609
-0.003591,0.019234,0.018666
0.001360,0.022474,0.014401
0.001408,0.016145,0.006891
0.001424,0.009691,0.012174
0.004371,0.010886,-0.000577
0.005305,0.007795,-0.011166
0.006201,0.004634,-0.015416
0.003180,-0.002781,-0.020766
0.001141,-0.005915,-0.027140
0.001006,-0.011238,-0.028226
0.000881,-0.019789,-0.027246
-0.005081,-0.019866,-0.019854
-0.005147,-0.015728,-0.007126
-0.006158,0.000211,-0.000683
-0.004197,0.022585,0.002662
-0.002248,0.038577,0.003807
0.000708,0.041747,0.007011
0.001715,0.034268,0.008034
0.002691,0.023705,-0.002620
0.003641,0.004488,-0.001692
0.003598,-0.008173,-0.015556
0.002540,-0.015606,-0.018742
-0.000507,-0.015602,-0.018736
-0.000589,-0.021085,-0.003894
-0.001549,-0.026557,0.009894
-0.004380,-0.024597,0.026841
-0.005190,-0.004400,0.034396
-0.007914,0.017887,0.046187
-0.008654,0.026461,0.041941
-0.005537,0.026522,0.035534
-0.000535,0.024420,0.032310
0.003453,0.015915,0.029053
0.008391,0.010682,0.018398
0.008402,0.001219,0.004555
0.007409,-0.000794,-0.007093
0.005385,0.002537,-0.019776
0.004314,0.010125,-0.031347
0.003190,0.013414,-0.039779
-0.000887,0.014519,-0.042913
-0.004033,0.018790,-0.042834
-0.002294,0.026207,-0.037456
-0.001501,0.025112,-0.034227
-0.001675,0.024029,-0.032059
-0.003734,0.004662,-0.016291
-0.003757,-0.016777,-0.006928
-0.000816,-0.021150,0.003672
-0.000744,-0.020224,0.017418
0.000367,-0.014970,0.024809
-0.003404,-0.009664,0.026910
-0.002323,-0.004345,0.027941
-0.000242,0.005217,0.032191
0.001833,0.010548,0.032182
0.001953,0.017010,0.025838
0.003005,0.017051,0.021573
0.000142,0.019207,0.019484
0.002148,0.016069,0.013083
0.004112,0.010801,0.006705
0.004102,-0.002983,-0.001856
0.003092,-0.011424,-0.011444
0.002046,-0.013533,-0.013536
0.000020,-0.015612,-0.018832
0.001886,-0.007085,-0.017690
-0.000138,-0.000621,-0.022906
-0.001208,0.003661,-0.023902
-0.002312,0.009047,-0.029146
-0.000476,0.009037,-0.028078
-0.000598,0.001569,-0.028129
-0.001675,-0.012379,-0.020837
-0.000780,-0.016780,-0.008148
-0.004688,-0.022339,0.014093
-0.004591,-0.014048,0.038521
-0.008260,0.000633,0.064074
-0.008884,0.014285,0.085362
-0.004571,0.012121,0.088554
-0.001253,0.009009,0.080079
0.004950,0.003729,0.074755
0.007217,0.000578,0.070523
0.005534,-0.006688,0.050319
0.007645,-0.012897,0.031164
0.006750,-0.014871,0.015238
0.004804,-0.017851,-0.007078
0.002796,-0.012359,-0.022988
0.001657,0.001635,-0.035646
0.002434,0.011277,-0.039875
0.003199,0.017722,-0.044078
0.000092,0.030450,-0.036573
-0.000064,0.032531,-0.031257
0.001764,0.012257,-0.031413
0.001651,-0.002690,-0.030441
0.002535,-0.010254,-0.020936
-0.001440,-0.012439,-0.015623
-0.003450,-0.007156,-0.010257
-0.005417,-0.004083,0.002496
-0.010255,-0.000923,0.006789
-0.011203,0.006570,0.004753
-0.008283,0.008704,0.004758
-0.003412,0.006508,0.011132
0.002452,0.007532,0.015372
0.005442,0.006409,0.020661
0.002632,0.001055,0.022764
0.002755,-0.006248,0.005717
0.003769,-0.007134,-0.012336
0.009565,-0.004894,-0.022956
0.006518,0.004793,-0.031388
0.002464,0.009079,-0.033521
-0.001620,0.009101,-0.035643
-0.003732,0.006859,-0.025073
-0.005809,0.011040,-0.016568
-0.003915,0.011944,-0.000678
-0.004870,0.009631,0.017375
-0.006720,0.007317,0.035422
-0.007507,0.004034,0.043937
-0.003387,-0.000314,0.052436
0.002706,-0.006649,0.046069
0.006822,-0.011830,0.031210
0.004998,-0.014858,0.014247
0.004066,-0.015757,-0.002745
0.001075,-0.018821,-0.016587
0.000971,-0.015603,-0.018736
0.000864,-0.007069,-0.018696
-0.000207,0.011005,-0.012256
-0.002201,0.025876,-0.005822
-0.002226,0.029007,0.000511
-0.001207,0.024662,0.007873
-0.001136,0.011805,0.013080
-0.001060,-0.005290,0.015067
-0.001965,-0.008455,0.011882
0.000023,-0.008429,0.009816
0.001004,-0.007327,0.006663
-0.000932,-0.003056,0.006734
0.000043,0.002313,0.003640
0.000065,0.003317,0.010036
0.002064,0.005481,0.006887
0.005025,0.000146,0.006840
0.001186,-0.002006,0.008950
-0.001680,-0.003130,0.014204
0.000344,-0.009532,0.014162
0.004305,-0.011668,0.014122
0.005335,-0.011667,0.014115
0.002485,-0.009430,0.003482
0.002495,-0.010358,-0.010299
0.002446,-0.016656,-0.020986
0.004293,-0.017702,-0.023131
0.001264,-0.013381,-0.028406
-0.001821,-0.009103,-0.029458
-0.002927,0.003667,-0.026211
-0.005005,0.009034,-0.029354
-0.003182,0.012203,-0.026143
-0.003317,0.014348,-0.027207
-0.005394,0.010094,-0.028264
-0.003579,-0.004930,-0.019843
-0.000742,-0.011449,-0.008221
0.000221,-0.006247,0.005660
-0.003629,-0.002060,0.014240
-0.002540,-0.002067,0.015322
-0.001450,-0.004211,0.016378
0.003500,-0.004210,0.016413
0.003589,-0.004244,0.019576
0.000754,0.003130,0.029169
-0.002058,0.012800,0.022921
0.000938,0.017094,0.020856
0.002957,0.022496,0.014565
0.002014,0.023745,-0.003428
0.000036,0.012036,-0.006741
0.000949,0.006719,-0.008923
-0.000086,0.004571,-0.007922
0.000834,0.002457,-0.010119
0.000783,0.012058,-0.010077
-0.000252,0.017386,-0.010070
-0.001257,0.023784,-0.010070
-0.000300,0.020572,-0.009058
0.002595,0.012043,-0.010228
0.003534,0.002472,-0.013488
0.001503,-0.003867,-0.019903
0.000417,-0.009148,-0.025227
-0.000703,-0.004858,-0.027312
-0.003767,0.006893,-0.028249
-0.003911,0.011194,-0.031381
-0.002124,0.003685,-0.027175
-0.004177,-0.007068,-0.018725
-0.003247,-0.008260,-0.005996
-0.004219,-0.010382,-0.007055
-0.000319,-0.005085,-0.003865
0.001646,-0.004030,-0.002809
0.004565,-0.000826,-0.002796
0.000635,0.008774,-0.002775
-0.001348,0.020539,-0.005839
-0.002370,0.022696,-0.007936
0.000521,0.021707,-0.015352
0.000456,0.012116,-0.016462
-0.001585,-0.002821,-0.016544
-0.001654,-0.009243,-0.014457
-0.002720,-0.007082,-0.016548
-0.000845,-0.006067,-0.011227
0.002024,-0.006080,-0.010173
0.000032,0.001368,-0.007999
-0.000001,0.002429,-0.007995
0.000974,-0.002939,-0.004873
0.000021,-0.007259,0.000373
-0.001920,-0.005126,0.000378
-0.002890,-0.005095,-0.002819
0.000027,-0.000860,0.000374
0.000018,0.010899,-0.001660
-0.000993,0.010952,-0.006965
-0.001026,0.008788,-0.003787
-0.002029,0.005610,-0.005909
-0.001118,0.007776,-0.009045
-0.000188,0.003497,-0.008022
-0.001193,0.005611,-0.005846
0.000740,0.005601,-0.004785
0.000710,-0.003947,-0.010132
0.001664,-0.009282,-0.010179
0.001626,-0.013608,-0.004931
0.002596,-0.012648,0.005681
0.001649,-0.013766,0.010976
-0.000219,-0.006319,0.013136
-0.000140,-0.000971,0.012113
-0.000061,0.005549,0.000491
0.003837,0.003426,-0.001689
0.003798,-0.000789,-0.007024
-0.000146,-0.010320,-0.013470
-0.001208,-0.011377,-0.014540
0.000637,-0.003911,-0.014480
0.001524,-0.003889,-0.016589
-0.000479,-0.008243,-0.008123
-0.000466,-0.014711,-0.001827
-0.000461,-0.013650,-0.000758
-0.002384,-0.014794,0.006632
0.000587,-0.010517,0.005587
-0.001320,-0.007294,0.003507
-0.003264,0.002273,0.006769
-0.001285,0.008675,0.006811
-0.000287,0.004485,-0.000647
0.001649,-0.001850,-0.007007
0.003552,-0.012501,-0.009208
0.000564,-0.015672,-0.012446
0.000513,-0.010300,-0.015570
0.001425,-0.010332,-0.012387
-0.000574,-0.002897,-0.009145
-0.001588,-0.002876,-0.011274
-0.002568,-0.005040,-0.008110
0.000339,-0.013577,-0.008178
0.000319,-0.010430,-0.002852
0.000298,-0.007241,-0.001790
-0.000654,-0.009420,0.002436
-0.001619,-0.011555,0.002403
-0.004526,-0.008396,0.006668
-0.004500,-0.003031,0.003497
-0.001560,0.005493,0.004619
-0.000590,0.006581,0.002499
0.003331,0.007628,0.004644
0.003350,0.003437,-0.002792
0.000401,-0.001811,-0.011300
0.003272,-0.009301,-0.009229
0.001269,-0.010303,-0.015583
-0.001730,-0.011380,-0.014518
-0.001803,-0.011400,-0.012396
-0.002820,-0.011453,-0.007084
-0.005745,-0.007293,0.003557
-0.003778,-0.006205,0.001437
-0.002758,-0.007318,0.005630
0.000209,-0.004171,0.010949
0.000257,-0.004159,0.009881
0.000297,0.000153,0.005674
0.000314,0.002382,-0.003856
0.002231,0.004517,-0.003830
0.001234,0.000269,-0.006011
0.004120,-0.004990,-0.013450
0.001127,-0.003914,-0.014494
-0.000910,0.002422,-0.008106
0.000040,0.004594,-0.011273
-0.000980,0.000287,-0.007010
-0.001976,-0.002936,-0.004909
-0.001970,-0.005156,0.003553
-0.000962,-0.005160,0.003583
-0.000964,-0.001939,0.001461
0.000998,0.008691,0.005777
-0.000916,0.007603,0.007889
-0.000879,0.003387,0.002547
0.001068,0.004445,0.003638
0.001078,0.005511,0.003641
-0.000883,0.005575,-0.002732
0.001061,0.002350,-0.000637
0.000072,0.000227,-0.001710
0.001044,-0.002971,-0.001718
-0.001883,-0.001851,-0.007021
0.001028,-0.001892,-0.002777
0.000046,0.001309,-0.002756
-0.001916,0.001330,-0.004885
0.000010,0.003463,-0.004895
-0.001968,0.006670,-0.005933
-0.001992,0.001302,-0.002797
-0.000065,0.000269,-0.005990
0.001847,0.000258,-0.004936
-0.001104,0.002393,-0.004917
0.001770,0.003481,-0.007037
-0.000193,0.003448,-0.003854
-0.000206,-0.001897,-0.002818
0.000757,-0.002941,-0.004943
0.001711,0.003493,-0.008084
-0.001228,0.004541,-0.005939
-0.002236,0.004541,-0.005932
-0.002251,0.006686,-0.006960
-0.003256,0.007731,-0.004843
-0.001328,0.006668,-0.004833
0.000597,0.005611,-0.005917
-0.000420,0.003407,0.000397
-0.001393,0.005520,0.002538
-0.001399,-0.000893,0.003564
-0.000402,-0.001961,0.003541
0.000595,0.003363,0.004649
0.000612,0.004442,0.003618
0.000623,0.002307,0.003578
-0.000334,0.001243,0.003603
0.001628,-0.006228,0.003574
0.001629,-0.006187,-0.000691
0.001620,0.001295,-0.001701
-0.000355,0.000260,-0.004894
-0.001348,0.005530,0.001505
-0.002311,0.009809,0.000468
-0.003304,0.014133,-0.004801
-0.002343,0.008817,-0.006983
0.000546,0.002329,0.001449
0.003483,-0.008398,0.006626
0.000582,-0.004171,0.010914
-0.001311,0.009658,0.015265
-0.000279,0.018234,0.011111
0.001729,0.017254,0.002635
0.001746,0.016213,0.000523
-0.000236,0.018381,-0.002614
-0.004156,0.009887,-0.006911
-0.003218,-0.005062,-0.005959
-0.001300,-0.004058,0.000430
-0.002283,-0.000921,0.006810
0.000686,0.002261,0.008959
-0.000239,0.009752,0.006895
0.000774,0.011861,0.009002
-0.000169,0.008670,0.007906
0.002811,0.005498,0.004674
0.002815,0.000225,-0.001752
0.002796,-0.007187,-0.007096
0.001775,-0.007135,-0.012408
0.000737,-0.001832,-0.009177
-0.002250,0.002502,-0.015478
-0.001343,0.005681,-0.013349
-0.001407,0.002383,-0.003828
-0.002384,0.000218,-0.000643
-0.003372,-0.003004,0.001465
-0.001398,0.002288,0.005742
0.000590,0.004367,0.011045
-0.000320,0.002235,0.011047
0.002653,-0.002012,0.008895
-0.001206,0.008692,0.005783
-0.002181,0.011882,0.006858
-0.000217,0.007675,0.000456
0.002717,-0.002951,-0.003854
0.002670,-0.002952,-0.003861
0.001693,0.002374,-0.002746
-0.000281,-0.000787,-0.007017
-0.000296,-0.005119,-0.000675
-0.000302,0.000254,-0.003834
-0.002266,0.005569,-0.001652
-0.002268,0.009804,0.001548
-0.000311,0.007669,0.001522
-0.001254,0.003353,0.005738
-0.001236,0.002306,0.003600
-0.001228,0.005476,0.006804
-0.002182,0.008635,0.011083
-0.001171,0.009785,0.002605
0.000810,0.005529,0.001534
0.001785,0.000167,0.004704
0.001803,0.000200,0.001528
0.001823,-0.002969,-0.001669
0.000835,-0.005071,-0.004871
0.000825,-0.006095,-0.009146
-0.000181,-0.005007,-0.011265
0.001712,-0.010379,-0.008149
-0.001253,-0.000820,-0.003855
-0.003210,0.004442,0.003604
-0.004137,0.007641,0.003604
-0.004108,0.009764,0.004670
-0.000203,0.005482,0.005666
0.000765,0.003346,0.005648
-0.000192,0.005460,0.007795
-0.000162,0.011809,0.013164
0.000855,0.011844,0.010022
0.001876,0.011905,0.004771
0.000939,0.009804,0.001583
0.001915,0.007693,-0.000537
-0.000050,0.003427,-0.000546
-0.001029,-0.001941,0.002598
-0.002988,0.002283,0.006858
-0.003928,0.001217,0.006848
-0.002909,-0.003075,0.008905
-0.000928,-0.008432,0.010974
0.002071,-0.004198,0.014166
-0.000796,-0.000976,0.012066
0.000219,0.001146,0.013124
0.002205,0.004440,0.003583
0.005129,0.003458,-0.004914
0.006082,0.000231,-0.002812
0.001192,-0.002936,-0.006002
0.000165,-0.003913,-0.014466
0.000095,-0.003870,-0.018703
-0.001942,-0.004990,-0.013407
-0.001027,-0.001841,-0.008067
-0.002046,0.000325,-0.011239
-0.005007,0.008763,-0.001650
-0.003057,0.009788,0.002604
-0.001075,-0.000948,0.008870
0.000933,0.000089,0.012061
-0.000963,0.004400,0.007855
0.002003,0.005467,0.007850
0.003007,-0.000818,-0.003870
0.002009,-0.000775,-0.008115
0.000978,-0.005033,-0.009220
0.000946,-0.012522,-0.007114
0.000899,-0.008254,-0.007077
-0.002055,-0.002959,-0.002780
-0.004000,-0.005050,-0.007042
-0.001089,-0.007226,-0.002817
-0.001111,-0.005134,0.001445
-0.002074,-0.004091,0.003599
-0.003996,-0.005170,0.004630
-0.000076,-0.003048,0.005724
-0.001031,0.006564,0.004712
-0.000052,0.010886,-0.000556
0.000923,0.022579,0.003742
-0.006873,0.047062,0.009136
-0.010781,0.072627,0.013556
-0.006889,0.114287,0.009611
-0.002059,0.160188,0.007800
0.000810,0.178276,0.012163
-0.000172,0.170784,0.014199
-0.001121,0.135521,0.019252
0.015434,0.113443,-0.015014
0.023964,0.202018,-0.014242
-0.009489,0.209678,-0.032096
-0.005807,0.134021,-0.043304
0.001759,0.062529,-0.042660
0.002519,0.022821,-0.019538
0.008348,-0.025339,-0.004979
0.003525,-0.069030,-0.010563
-0.002310,-0.100071,-0.001263
-0.004230,-0.092685,0.007304
-0.007069,-0.063811,0.001155
-0.004123,-0.030724,0.000299
-0.002165,0.001274,0.001577
-0.004115,0.009839,-0.001544
-0.003125,0.003414,0.000509
0.000788,-0.014750,0.002465
0.000844,-0.035034,0.003377
0.003796,-0.048884,0.001140
0.004780,-0.045662,-0.000968
0.002825,-0.033876,-0.006203
0.001843,-0.023195,-0.007185
0.000839,-0.013563,-0.010326
0.000805,-0.003975,-0.008121
-0.002153,-0.003958,-0.010249
-0.000241,-0.010328,-0.013474
-0.001272,-0.016738,-0.012456
-0.002293,-0.026417,-0.005106
-0.001322,-0.028606,0.000174
-0.001307,-0.028658,0.005500
-0.002237,-0.019065,0.006624
-0.000249,-0.012673,0.007741
0.000791,-0.006260,0.006729
0.000829,0.003353,0.005724
0.001840,0.008723,0.002587
0.001838,0.003419,-0.000643
-0.000131,0.002354,-0.000646
-0.000146,0.004521,-0.003803
0.001786,-0.001896,-0.002783
0.002734,-0.007177,-0.008121
-0.000225,0.004507,-0.002742
-0.003167,0.006620,-0.000601
-0.003138,-0.000863,0.000389
-0.001184,-0.001920,-0.000681
-0.001197,0.000211,-0.000697
-0.001211,-0.001912,-0.001770
-0.000245,-0.005084,-0.004973
-0.000266,-0.005085,-0.004987
0.000679,-0.008278,-0.004982
0.001635,-0.015780,-0.001864
0.001633,-0.008350,0.002444
-0.001268,0.001275,0.000399
0.000688,0.006637,-0.002750
0.000692,0.010873,0.000464
-0.001266,0.013072,-0.005884
-0.001287,0.001334,-0.005980
-0.000350,0.001283,-0.000668
-0.002291,0.002286,0.005714
-0.004217,0.004430,0.004672
-0.002257,-0.000904,0.004640
0.000678,0.002299,0.004652
0.000699,0.001233,0.004650
0.001707,0.000155,0.005723
0.002702,0.000208,0.000418
0.001703,0.004561,-0.008061
0.001684,0.004528,-0.004885
0.003606,-0.006113,-0.008153
0.000642,-0.009314,-0.008181
-0.002330,-0.003970,-0.009216
-0.001394,-0.004012,-0.004965
-0.002398,-0.004000,-0.006027
-0.001433,0.002327,0.001443
-0.001438,0.004485,-0.000648
-0.002406,0.002320,0.002524
-0.001423,0.001209,0.006787
0.001545,0.000185,0.002541
0.000596,-0.003023,0.003601
0.001564,-0.004069,0.001469
0.001563,-0.008274,-0.004934
0.000565,-0.002929,-0.005962
0.000533,-0.000784,-0.007011
-0.000470,-0.000808,-0.004924
-0.001468,0.002392,-0.004896
-0.002471,0.004502,-0.002796
-0.000526,0.003392,0.001453
-0.000534,0.005536,0.000396
-0.000519,0.005529,0.001477
-0.001482,0.004452,0.002543
-0.000498,0.006597,0.001501
-0.001476,0.005552,-0.000617
-0.001495,0.004508,-0.002728
0.000449,-0.000848,-0.000645
0.000443,-0.000836,-0.001678
-0.001515,0.002364,-0.001657
-0.000549,0.001267,0.001523
-0.001501,0.005535,0.001560
-0.001494,0.003411,0.000467
0.000463,0.007677,0.000469
0.003396,0.008721,0.002601
0.002438,-0.001929,0.000386
0.001461,-0.005094,-0.002834
0.001440,-0.006139,-0.004965
0.002406,-0.008301,-0.002860
0.003378,-0.011501,-0.002881
0.000439,-0.008224,-0.010280
-0.001568,-0.002942,-0.004928
-0.001580,-0.007232,-0.002851
-0.002549,-0.013623,-0.003954
-0.001589,-0.013678,0.001352
-0.002546,-0.001942,0.001427
-0.003501,-0.000917,0.005694
-0.002489,0.003297,0.011016
-0.002446,0.009796,0.001515
0.000476,0.008761,-0.001670
0.001443,-0.002973,-0.001753
0.000444,-0.009366,-0.002870
0.001408,-0.008407,0.007750
0.002422,0.002202,0.014230
0.000536,0.005463,0.008958
-0.000388,0.009786,0.003711
0.000607,0.004476,0.000491
0.000613,0.001274,0.000456
-0.002310,-0.005105,-0.001723
-0.003302,-0.001913,-0.000620
-0.004288,-0.003034,0.004676
-0.002311,-0.002021,0.009976
-0.000314,-0.000955,0.009972
0.000720,0.000101,0.011035
0.000773,-0.003090,0.009947
0.002773,-0.008415,0.008839
0.001843,-0.004146,0.008869
0.001858,-0.003026,0.003580
0.001873,0.000249,-0.003825
0.000866,0.002414,-0.007004
0.000833,-0.000776,-0.008085
-0.000152,-0.010423,-0.003925
0.000818,-0.010412,-0.004986
-0.001151,-0.008280,-0.004989
-0.003110,-0.006218,0.002449
-0.001149,-0.004128,0.006691
0.000839,-0.000938,0.007766
0.000866,0.003317,0.008830
0.001901,0.005440,0.009910
0.000971,0.006529,0.007811
0.000032,-0.001964,0.003513
0.001008,-0.011535,0.000267
0.000029,-0.009357,-0.003959
-0.000008,-0.008258,-0.007139
0.000944,-0.008258,-0.007118
0.001867,-0.008246,-0.008158
0.000859,-0.005076,-0.004940
-0.000153,0.001294,-0.001715
-0.002095,-0.001939,0.001454
-0.000115,-0.009460,0.006721
-0.002980,-0.006331,0.014162
-0.003873,-0.005287,0.016265
-0.003808,-0.005272,0.014145
-0.000809,0.001076,0.019485
-0.000732,0.008614,0.013169
0.001273,0.010749,0.013187
0.003284,0.007588,0.008923
0.001372,-0.004106,0.004604
0.002347,-0.017913,-0.001862
-0.000572,-0.016845,-0.001846
0.000391,-0.008296,-0.002840
0.001362,-0.005117,-0.000711
-0.000591,-0.009387,-0.000740
0.000404,-0.004040,-0.001741
0.000384,0.007694,-0.001679
-0.005480,0.001238,0.003577
-0.004463,-0.003062,0.006715
-0.001500,0.000151,0.005703
-0.000502,0.001217,0.005699
0.001462,-0.006201,0.000315
0.001460,-0.006169,-0.002869
0.000454,-0.004046,-0.001803
0.002382,0.004511,-0.003864
0.000409,0.011993,-0.004839
0.000383,0.010908,-0.002720
-0.000608,0.013075,-0.005878
0.000340,0.016254,-0.003706
-0.000655,0.013002,0.001598
0.001301,0.005504,0.004715
-0.000615,0.000181,0.003635
-0.001573,0.001168,0.011059
-0.000545,0.002235,0.011068
0.001451,0.007571,0.011115
0.002481,0.005478,0.006831
0.000564,0.003365,0.004691
0.001559,-0.000882,0.002545
0.000581,-0.009354,-0.003917
0.002507,-0.009332,-0.006025
0.002463,-0.008230,-0.009221
0.000487,-0.008252,-0.007106
-0.000511,-0.005043,-0.008130
0.000431,-0.000724,-0.013426
-0.000603,0.003511,-0.010219
-0.000667,0.005623,-0.008092
-0.000702,0.002411,-0.007059
0.000238,0.004470,0.000386
-0.000737,0.010853,0.002585
-0.001705,0.010812,0.006843
-0.000690,0.008659,0.008974
0.000340,0.005470,0.007913
0.000371,-0.004055,0.000436
-0.000592,-0.010479,0.002502
-0.000589,-0.012542,-0.004950
-0.000618,-0.007219,-0.003863
0.000318,-0.000816,-0.003821
0.000299,0.004508,-0.002728
-0.000685,0.007664,0.001524
0.000289,0.006555,0.005766
-0.000630,0.008678,0.006838
-0.001585,0.004429,0.004658
0.000403,0.000160,0.004600
0.001388,-0.004032,-0.002844
-0.000589,-0.005085,-0.003908
0.000357,0.000229,-0.001746
0.000333,0.004570,-0.009129
0.000284,0.002425,-0.008086
0.000233,0.000279,-0.007029
-0.000755,0.002395,-0.004854
-0.001758,0.004530,-0.004821
-0.000791,0.005542,0.000465
-0.001754,0.002351,-0.000617
-0.002723,-0.000882,0.002545
-0.002729,-0.000937,0.007844
-0.001699,0.003298,0.011044
-0.002640,0.005467,0.007878
-0.002598,0.006554,0.005745
0.000338,0.005515,0.002525
0.002275,0.003401,0.000378
0.003219,0.008729,0.001477
0.001257,0.011900,0.004716
0.001263,0.015118,0.002631
0.000310,0.016238,-0.002665
0.002263,0.005615,-0.006990
0.001243,0.002396,-0.004847
-0.001709,0.002398,-0.004833
-0.003681,0.002388,-0.003766
-0.005650,0.004481,0.000496
-0.003703,0.004438,0.004741
0.000231,0.006526,0.008990
-0.000685,0.007581,0.010047
-0.000631,0.007551,0.013215
0.000423,0.000080,0.013143
0.002419,-0.005228,0.009922
0.002467,-0.002006,0.007814
0.003467,0.001249,0.002537
0.003451,-0.001868,-0.005993
0.002455,-0.003967,-0.009196
0.001421,-0.003966,-0.009189
-0.001543,-0.005066,-0.006037
-0.000606,-0.000743,-0.011297
-0.001631,0.005741,-0.019743
-0.003691,0.006745,-0.013367
-0.000817,-0.000825,-0.003896
-0.001803,-0.001974,0.004624
-0.002762,0.002233,0.011041
-0.002692,-0.002055,0.013153
-0.000657,-0.002063,0.014220
0.002332,-0.006257,0.006749
0.002363,-0.007269,0.001441
0.001398,-0.007258,0.000380
0.000414,-0.005063,-0.005973
0.001349,0.002458,-0.011234
0.001276,0.005671,-0.012253
0.002219,-0.000741,-0.011234
-0.000740,-0.003974,-0.008086
-0.000763,-0.004020,-0.003877
-0.002714,-0.012613,0.001340
-0.001736,-0.011557,0.002397
0.001207,-0.003073,0.007769
0.000258,0.000171,0.003553
0.001246,0.001271,0.000379
0.001234,0.004505,-0.002776
0.002189,-0.001844,-0.008116
0.000237,-0.013559,-0.010306
-0.000794,-0.018861,-0.013522
0.001085,-0.015700,-0.009222
-0.000892,-0.009370,-0.001747
-0.000897,-0.001848,-0.007008
-0.001903,0.002414,-0.006975
-0.001909,0.002327,0.001499
-0.003839,0.005468,0.007899
-0.003798,0.009692,0.012153
-0.002737,0.006459,0.015307
0.001233,-0.003101,0.010993
0.000279,-0.007335,0.007765
0.001254,-0.007314,0.005636
0.002244,0.000163,0.004642
0.001279,0.005530,0.001505
0.000302,0.006629,-0.001654
0.001286,0.006660,-0.004844
0.002235,0.000280,-0.007001
0.000262,-0.005045,-0.008109
-0.000743,-0.008308,-0.001771
-0.002706,-0.006196,0.000363
-0.002700,-0.000883,0.002539
-0.002676,0.003343,0.006827
-0.001651,0.000131,0.007846
-0.001598,-0.003051,0.005675
0.000364,-0.000895,0.003586
0.002319,-0.005152,0.002488
0.003315,-0.005164,0.003570
0.002346,-0.007244,-0.001740
-0.000578,-0.010460,0.000359
-0.000565,-0.010417,-0.003885
0.001376,-0.010423,-0.003904
0.003319,-0.008298,-0.002811
-0.001564,-0.007197,-0.005999
-0.003545,-0.000807,-0.004910
-0.003573,-0.002995,0.000348
-0.000638,0.000143,0.006742
-0.001580,0.001175,0.009935
-0.000565,0.003245,0.016320
-0.001476,0.007536,0.014249
0.000528,0.016095,0.012208
0.002524,0.010789,0.008987
0.003542,0.007645,0.003702
0.002582,0.000255,-0.003764
0.000625,-0.010404,-0.004897
0.000589,-0.015740,-0.004922
0.000562,-0.015729,-0.005983
-0.001411,-0.011473,-0.004906
-0.001415,-0.018986,-0.000734
-0.003349,-0.017960,0.003519
-0.002334,-0.011625,0.009900
-0.002281,-0.011630,0.009859
-0.001250,-0.004121,0.005639
0.000724,-0.010480,0.001324
0.001710,-0.013671,0.000235
0.002695,-0.021129,-0.000899
0.002685,-0.025387,-0.001990
0.001712,-0.025379,-0.003043
-0.000246,-0.025433,0.002262
-0.001186,-0.024360,0.002305
-0.001157,-0.025449,0.004411
-0.002091,-0.020141,0.006554
-0.001084,-0.019073,0.006577
-0.003007,-0.006286,0.008803
-0.001995,0.004385,0.008896
0.000984,0.015056,0.009003
0.002974,0.015152,-0.000546
0.003933,0.010991,-0.011194
0.001917,0.002455,-0.011254
0.000857,0.001389,-0.011235
-0.001151,0.003494,-0.007999
-0.001171,0.006623,-0.000538
0.000783,0.009759,0.005843
-0.000131,0.004361,0.012154
0.000902,0.004337,0.014235
-0.000959,0.003278,0.013151
0.000082,0.006530,0.007846
0.002037,0.004522,-0.004932
0.001993,0.007785,-0.011291
-0.002963,0.013176,-0.016557
-0.005027,0.013049,-0.003818
-0.003102,0.010847,0.002552
-0.002098,0.005472,0.006791
-0.001105,0.004387,0.008924
-0.003004,0.009650,0.016418
0.000956,0.004336,0.014264
0.001040,0.003280,0.013207
0.005981,0.004367,0.011102
0.004097,0.005489,0.005827
0.005103,0.002369,-0.001609
0.001194,-0.008092,-0.022957
-0.000856,-0.022980,-0.028399
-0.000016,-0.026217,-0.025292
-0.000165,-0.018837,-0.016773
-0.002210,-0.001832,-0.010313
-0.001275,0.018327,0.001528
-0.002254,0.026779,0.010097
-0.001222,0.032114,0.010166
0.001786,0.021402,0.014344
0.001845,0.009731,0.007903
0.001894,0.001219,0.005755
0.000941,-0.004052,-0.000644
0.002880,-0.006132,-0.005961
-0.001067,0.000365,-0.015475
0.000801,0.001461,-0.018690
-0.001248,-0.002869,-0.012362
-0.003265,-0.008270,-0.006070
-0.002302,-0.008313,-0.001834
-0.002307,-0.005165,0.003492
-0.000342,-0.001986,0.005635
-0.000306,0.007586,0.008895
-0.001251,0.012875,0.013180
-0.001190,0.012847,0.016412
-0.002086,0.012849,0.016425
-0.002990,0.013940,0.014347
-0.000013,0.011850,0.010105
0.001000,0.008670,0.007948
-0.000899,0.007641,0.004818
0.002030,-0.001961,0.004762
0.000080,-0.002956,-0.002688
0.000071,0.004502,-0.001576
0.002993,0.001286,-0.000563
0.001049,-0.002974,-0.001689
-0.000910,0.001272,0.000407
-0.000904,0.001260,0.001447
-0.000897,-0.004028,-0.003938
0.001994,-0.007200,-0.007177
-0.000007,-0.005107,-0.002936
0.000940,0.002372,-0.003952
0.001907,0.001323,-0.006082
0.001896,-0.000798,-0.007120
0.000880,-0.001830,-0.010313
-0.000164,-0.000727,-0.013425
-0.002186,0.001313,-0.003822
-0.004157,0.008724,0.002672
-0.005093,0.009723,0.010155
-0.003062,0.002205,0.015464
0.000928,0.001124,0.016510
-0.002893,-0.003134,0.015412
-0.000854,-0.006357,0.017449
0.004112,-0.009582,0.019516
0.002239,-0.007412,0.015228
0.000367,-0.002103,0.017321
-0.001522,0.003271,0.013075
-0.001455,0.005348,0.018343
0.000563,0.002175,0.015091
0.003537,0.002282,0.004488
0.002574,0.000189,0.000240
0.001578,0.004468,-0.000784
-0.000414,0.005582,-0.004977
-0.002400,0.003440,-0.003900
-0.001445,0.004449,0.002523
-0.004337,0.023549,0.013273
-0.004288,0.030975,0.017604
-0.004204,0.032073,0.014409
-0.006084,0.024618,0.013317
-0.003109,0.011781,0.016395
0.001842,0.001090,0.018445
0.004823,-0.004158,0.009945
0.004867,-0.006260,0.006764
0.004883,-0.007284,0.002518
0.004883,-0.006151,-0.003840
0.003910,-0.002887,-0.010191
0.004817,0.000344,-0.013360
0.000872,-0.003967,-0.009153
-0.001112,-0.004006,-0.004925
-0.005035,0.002352,-0.000645
-0.004058,0.004442,0.003597
-0.003067,0.004452,0.002529
0.000851,0.007592,0.007836
-0.000107,0.001246,0.002510
-0.001071,-0.007289,0.002477
-0.000088,-0.011524,-0.000716
0.003787,-0.011455,-0.007076
0.004728,-0.012467,-0.012370
0.002713,-0.012394,-0.019782
0.001640,-0.008149,-0.017650
-0.001344,-0.007155,-0.010215
-0.004282,-0.006078,-0.011273
-0.003351,-0.002839,-0.015516
-0.004395,0.002473,-0.013382
-0.002514,-0.000777,-0.008121
0.000371,0.000205,0.000376
-0.001596,0.015054,0.009004
-0.005465,0.024658,0.009081
-0.004438,0.024672,0.008026
0.000478,0.022529,0.009096
0.002479,0.006557,0.005801
0.003466,-0.004092,0.003599
-0.000413,-0.008392,0.006745
-0.000390,-0.004145,0.008897
-0.000377,0.005500,0.004738
-0.001309,0.008700,0.004745
-0.001285,0.004379,0.010012
-0.000261,0.001207,0.006767
0.001721,-0.003047,0.005653
0.002701,-0.003017,0.002449
0.000750,-0.004057,-0.000756
0.001701,-0.000823,-0.003897
0.001676,-0.000804,-0.006018
0.000645,0.003498,-0.009143
0.000593,0.000310,-0.010226
0.001526,-0.002889,-0.010212
-0.000457,0.001401,-0.012275
-0.003430,0.003525,-0.011189
-0.001540,0.000318,-0.010144
-0.002534,-0.005081,-0.003817
-0.003516,-0.001956,0.003632
-0.005455,0.002289,0.005770
-0.003505,0.010794,0.009021
-0.000535,0.011806,0.014300
0.003429,0.015015,0.013254
0.001524,0.014025,0.005845
0.001549,0.009798,0.001571
0.003493,0.001326,-0.004856
0.003462,-0.003977,-0.008078
0.002433,-0.003988,-0.007017
-0.000538,0.002360,-0.001677
-0.003466,0.012998,0.001585
0.000462,0.020435,0.004777
-0.004381,0.012985,0.002576
-0.004332,0.003335,0.006709
-0.003340,-0.007360,0.008710
-0.002337,-0.012736,0.012921
-0.003285,-0.007390,0.011907
0.001607,-0.004113,0.004522
0.004548,-0.001997,0.006697
0.003595,-0.000877,0.001430
0.003603,0.002381,-0.003806
0.000682,-0.002921,-0.007022
0.000669,-0.013568,-0.009196
0.001637,-0.021091,-0.003942
-0.000331,-0.014710,-0.001778
-0.002249,-0.009398,0.000377
-0.004220,0.002423,-0.008050
-0.002314,0.004510,-0.003821
-0.003303,-0.001967,0.003564
-0.007174,-0.002036,0.011003
-0.004188,0.000013,0.019503
-0.000184,0.000076,0.013130
0.002815,-0.005197,0.006704
0.004775,-0.003051,0.005675
0.003787,0.006627,-0.001682
0.002797,0.017256,0.002655
0.000848,0.020449,0.003765
0.000880,0.019391,0.002731
-0.000081,0.016232,-0.001541
0.000900,0.011931,0.001597
0.002869,0.000215,-0.000613
0.000924,-0.010412,-0.004973
-0.002045,-0.007179,-0.008134
-0.000142,0.002357,-0.001711
-0.001149,0.003445,-0.003831
-0.000201,0.004460,0.001469
0.000790,0.002303,0.003551
-0.000166,-0.002012,0.007781
-0.000116,-0.009525,0.011952
0.001881,-0.004114,0.004579
0.000919,0.004470,0.000394
0.001873,0.008779,-0.003812
0.000891,0.009826,-0.001660
-0.001073,0.002391,-0.004860
0.001829,-0.001799,-0.012282
-0.001174,-0.001710,-0.020751
-0.003202,-0.005992,-0.019762
-0.001346,-0.009270,-0.012369
0.000557,-0.006122,-0.007036
-0.000460,0.000250,-0.003819
-0.001434,0.008733,0.001547
-0.001434,0.007772,-0.009072
0.002453,0.008792,-0.004874
0.003406,-0.006162,-0.003950
0.002430,-0.022210,0.000175
0.001463,-0.020105,0.003397
-0.005378,-0.000865,0.000368
-0.006357,0.008683,0.005758
-0.003383,0.004414,0.005721
-0.002364,0.001197,0.007856
-0.000384,-0.008434,0.011017
-0.000349,-0.009480,0.008914
0.001643,-0.007345,0.008947
0.004594,0.000177,0.003700
-0.000276,0.011968,-0.001516
0.002639,0.017313,-0.002566
0.002643,0.010941,-0.005811
-0.001285,0.002450,-0.010152
-0.000365,0.000272,-0.005941
-0.003316,-0.005102,-0.002802
-0.002355,-0.001967,0.003557
-0.001370,-0.001948,0.001407
-0.001359,-0.003026,0.002459
-0.001351,0.001296,-0.002830
-0.000395,0.007697,-0.002802
0.001512,0.007710,-0.003850
0.000511,0.008811,-0.007002
0.002428,0.009814,-0.000592
0.002406,0.017339,-0.005811
0.002381,0.019468,-0.004697
0.001386,0.006653,-0.003734
-0.000563,0.000207,0.000468
-0.003484,-0.003089,0.010010
-0.002476,0.000090,0.012153
-0.000439,0.001158,0.012177
0.002539,-0.005209,0.008922
0.001621,-0.005222,0.009955
0.002623,-0.011553,0.002445
-0.001274,-0.011501,-0.002881
0.001641,-0.015730,-0.007175
0.003564,-0.016842,-0.002961
0.001595,-0.011530,-0.000820
-0.003283,-0.001969,0.003494
-0.005229,0.004447,0.002488
-0.003272,0.010851,0.002565
-0.000351,0.013035,-0.002721
0.001585,0.009836,-0.002721
0.000597,0.007715,-0.003773
-0.001378,0.014084,-0.000548
-0.000423,0.020452,0.002657
-0.003330,0.031090,0.005919
-0.002337,0.041770,0.004924
-0.002348,0.057838,-0.001344
-0.000416,0.053588,-0.003538
0.001495,0.033281,-0.000532
0.001454,0.011963,-0.002806
0.000453,0.001253,0.001393
0.004349,-0.007314,0.004536
0.006304,-0.012603,0.000294
0.005347,-0.013622,-0.003912
0.002413,-0.016765,-0.009182
-0.000547,-0.016742,-0.011262
0.001359,-0.017742,-0.017603
0.000316,-0.022019,-0.016537
-0.000714,-0.031654,-0.013418
-0.004650,-0.030639,-0.008103
-0.006614,-0.027494,-0.002805
-0.003683,-0.018950,-0.003840
-0.001730,-0.008304,-0.001673
-0.000759,-0.002942,-0.004850
0.002153,0.002400,-0.005920
0.001156,0.001322,-0.004897
0.004046,-0.008251,-0.008171
0.005969,-0.010409,-0.006095
0.007873,-0.024053,-0.029634
0.021352,0.019711,-0.030320
-0.008126,0.065766,-0.045717
-0.020007,0.028322,-0.036473
-0.009395,-0.013365,-0.029334
-0.002679,-0.027428,-0.010286
0.001215,-0.030769,0.003458
-0.000671,-0.025413,0.001355
-0.005543,-0.005196,0.006774
-0.005532,0.012892,0.012188
-0.003522,0.022473,0.014373
0.002409,0.026716,0.016513
0.003440,0.025713,0.010145
0.004454,0.011896,0.004753
0.002509,-0.005101,-0.002802
0.001521,-0.013634,-0.002850
0.002467,-0.015766,-0.002848
-0.000459,-0.013630,-0.002788
0.001498,-0.006183,-0.000621
-0.000449,0.002381,-0.003735
-0.001426,0.005560,-0.001592
-0.001414,0.001281,-0.000582
-0.001427,0.002306,0.003678
-0.002368,0.001218,0.005755
-0.003291,-0.012681,0.007694
0.008432,-0.030697,-0.005281
0.018100,0.040836,-0.007791
-0.009328,0.073025,-0.024383
-0.012340,0.029261,-0.023718
-0.005581,-0.014540,-0.018704
-0.000798,-0.025281,-0.011315
0.002092,-0.025375,-0.001781
-0.001788,-0.019039,0.004607
-0.007579,-0.007406,0.015312
-0.008499,0.006461,0.015371
-0.004501,0.012859,0.015379
0.002414,0.010707,0.016331
0.006402,0.006382,0.021550
0.003567,0.005357,0.017283
0.001654,0.009696,0.009902
0.001666,0.010848,0.001423
0.002623,0.009831,-0.002776
0.005507,0.007794,-0.012316
0.003474,0.001478,-0.020817
0.001442,-0.005990,-0.020848
-0.002559,-0.013456,-0.020872
-0.006541,-0.015653,-0.014504
-0.004675,-0.010346,-0.011268
-0.005691,-0.002951,-0.003783
-0.002757,0.005508,0.003713
-0.003681,0.001164,0.011082
-0.002635,0.001143,0.013175
0.000362,0.002187,0.015293
0.003364,0.002187,0.015279
0.002441,0.003296,0.011030
0.005380,0.007638,0.003633
0.003415,0.015182,-0.003742
0.001430,0.011002,-0.012233
0.004293,0.002478,-0.013341
0.001304,-0.008213,-0.011285
-0.000692,-0.013577,-0.008114
0.000252,-0.022138,-0.006065
0.000242,-0.018947,-0.004976
0.000225,-0.012547,-0.004934
-0.001734,-0.004065,0.000418
-0.003675,0.002357,-0.001676
-0.002711,0.000285,-0.008081
-0.000817,-0.003972,-0.009173
-0.000859,-0.004047,-0.001746
0.001079,-0.003021,0.002521
0.000117,0.001300,-0.002760
0.000109,0.001354,-0.008073
0.000081,0.000311,-0.010169
0.001974,0.000276,-0.007000
-0.001017,0.009880,-0.006923
-0.004943,0.014138,-0.005832
-0.003019,0.015164,-0.001558
-0.000109,0.015154,-0.000482
0.000859,0.010866,0.001623
0.000897,0.003386,0.002619
0.000886,-0.007211,-0.004909
-0.001078,-0.013614,-0.004950
-0.000137,-0.015686,-0.011363
0.002740,-0.018898,-0.010344
0.001720,-0.013584,-0.008175
0.002640,-0.008257,-0.007068
-0.000307,-0.009292,-0.010268
0.001607,-0.010414,-0.004950
0.001594,-0.011480,-0.004939
-0.000380,-0.001861,-0.005910
0.000559,0.008801,-0.004742
-0.002379,0.015167,-0.001502
-0.003346,0.017259,0.002768
-0.004296,0.018351,0.000697
-0.005250,0.006613,0.000608
-0.006210,-0.005200,0.007919
-0.001308,-0.008425,0.009985
0.001643,-0.002029,0.011086
0.001694,0.003292,0.012146
0.002712,0.004396,0.007899
0.004698,-0.000879,0.001444
0.006666,-0.005103,-0.002852
0.003689,-0.003944,-0.012440
-0.000293,0.004588,-0.012399
-0.000375,0.015268,-0.013387
0.002472,0.020594,-0.012280
0.000448,0.028065,-0.012201
-0.001551,0.029137,-0.012165
-0.002571,0.013081,-0.006951
-0.002584,-0.009360,-0.003915
-0.003547,-0.023271,0.000271
-0.000604,-0.040448,0.010773
0.000448,-0.032071,0.026756
-0.002364,-0.016041,0.024766
-0.004189,0.002106,0.023808
0.000777,0.014929,0.021778
0.001846,0.014942,0.020744
0.002923,0.002130,0.021728
0.001076,-0.010630,0.017406
0.002129,-0.021269,0.014137
0.002191,-0.021173,0.004588
0.003171,-0.022128,-0.007112
0.003130,-0.017851,-0.008156
0.002110,0.005669,-0.012210
-0.004820,0.027117,-0.022647
-0.007888,0.054889,-0.024529
-0.005105,0.053736,-0.016057
-0.002222,0.035620,-0.019381
0.002561,0.001433,-0.015387
0.003466,-0.018997,0.000363
0.002475,-0.017992,0.006766
-0.003329,-0.007308,0.005812
-0.003317,0.009830,-0.000412
-0.000404,0.023719,-0.002433
0.001531,0.029107,-0.007705
0.001511,0.014213,-0.012066
0.004379,0.002558,-0.020678
0.015948,-0.006965,-0.029298
0.005029,0.033581,-0.027807
-0.016585,0.029269,-0.023607
-0.007922,0.001512,-0.022802
-0.001176,0.012102,-0.014193
-0.001267,0.026957,-0.005575
-0.001248,0.020515,-0.002495
-0.001240,0.012053,-0.009997
-0.001315,0.009936,-0.011058
-0.001387,-0.005047,-0.006951
0.001539,-0.027478,-0.004989
0.004445,-0.032757,-0.010299
0.003449,-0.030634,-0.009220
-0.000477,-0.024199,-0.012347
-0.006369,-0.032703,-0.015590
0.000430,-0.047665,-0.013613
0.002343,-0.047647,-0.015755
-0.000638,-0.044502,-0.010464
-0.000666,-0.041360,-0.005185
-0.001664,-0.030692,-0.005134
-0.001659,-0.018996,-0.000823
-0.003600,-0.010471,0.000299
-0.004559,-0.012573,-0.002896
-0.001620,-0.011494,-0.003933
0.000304,-0.010403,-0.006047
0.003197,-0.015746,-0.004984
0.001235,-0.018905,-0.009206
-0.000768,-0.019917,-0.014486
-0.001816,-0.018853,-0.013389
-0.001868,-0.015671,-0.011219
-0.002891,-0.014585,-0.013338
0.000944,-0.011458,-0.005883
-0.001023,-0.005083,-0.003745
-0.000027,-0.012628,0.003609
0.000030,-0.020163,0.009889
-0.001851,-0.027643,0.010857
0.001143,-0.029770,0.009736
0.001186,-0.025483,0.007616
0.000282,-0.020154,0.007622
-0.000620,-0.017925,-0.001929
0.000337,-0.024255,-0.009432
-0.001679,-0.022177,-0.004143
-0.001686,-0.019050,0.003297
0.000272,-0.016916,0.003316
-0.001660,-0.011641,0.009756
-0.003557,-0.008448,0.010873
-0.000575,-0.004104,0.003490
0.001398,-0.007228,-0.003931
0.002368,-0.015746,-0.006105
0.001329,-0.016780,-0.009284
0.001276,-0.004046,-0.001732
-0.001659,0.009733,0.007966
-0.002577,0.010803,0.008003
-0.001525,0.007656,0.002684
-0.001515,0.004437,0.004784
-0.002462,0.004340,0.014319
-0.002404,0.003203,0.020649
-0.002304,0.003182,0.022778
-0.000218,0.004205,0.027018
0.001863,0.005379,0.016410
0.001921,0.001175,0.010013
0.000976,-0.004109,0.004641
0.003897,-0.007240,-0.002862
0.004855,-0.008298,-0.003953
0.003839,-0.007179,-0.009277
0.002823,-0.006092,-0.011410
-0.000150,-0.000716,-0.015636
-0.000214,0.002482,-0.015656
-0.001263,0.010966,-0.011384
-0.001315,0.018371,-0.004966
-0.002318,0.023666,-0.000677
-0.002353,0.030141,-0.008082
-0.001415,0.034371,-0.003788
-0.000480,0.035450,-0.004819
0.000462,0.034362,-0.002728
0.001422,0.021526,0.000364
0.001433,-0.001942,-0.000873
0.003388,-0.015815,-0.001001
-0.001492,-0.010496,0.001173
0.001404,0.000218,-0.002985
0.001382,0.008781,-0.006127
0.001326,0.018482,-0.015585
-0.000703,0.023810,-0.014450
-0.000800,0.034483,-0.014343
-0.001875,0.035610,-0.019591
-0.000017,0.033436,-0.015331
-0.000094,0.020568,-0.009042
-0.001121,0.017296,-0.001595
-0.003088,0.011949,-0.000523
-0.002112,0.011930,0.001626
-0.000142,0.007687,-0.000513
0.001822,0.010891,-0.000458
0.000834,0.011984,-0.003657
-0.001109,0.007660,0.001590
-0.001074,0.001283,-0.000604
-0.001070,-0.002977,-0.001737
-0.000114,-0.001860,-0.007053
0.001795,0.000256,-0.006070
0.002735,0.006655,-0.006084
0.002704,0.002374,-0.005088
0.001688,-0.001943,-0.000915
-0.002230,0.010904,-0.005061
-0.002280,0.022715,-0.012420
0.000560,0.029138,-0.014493
0.000469,0.024876,-0.014476
-0.001569,0.025885,-0.008024
-0.001618,0.027976,-0.003719
-0.000667,0.030124,-0.004727
0.000300,0.014177,-0.010110
-0.000707,-0.006104,-0.009157
-0.001745,-0.009315,-0.008110
-0.003739,-0.002995,0.000469
-0.002744,-0.000890,0.003662
-0.003687,0.003367,0.004754
-0.000754,0.007696,-0.001581
-0.001723,0.010854,0.002670
0.001222,-0.001901,-0.002795
0.002213,-0.016928,0.005541
0.002241,-0.021279,0.012884
0.001356,-0.015998,0.018215
0.002426,-0.007403,0.012955
0.000523,0.007576,0.008806
0.001505,0.027921,0.001537
0.001492,0.034345,-0.000522
0.002422,0.037622,-0.007886
0.000410,0.025920,-0.011116
-0.001620,0.017366,-0.009027
-0.000704,0.006690,-0.007983
0.000254,-0.004050,-0.000581
-0.000703,-0.005113,-0.000534
-0.001658,-0.009389,0.000524
-0.001650,-0.011522,0.000519
-0.002578,-0.013683,0.002588
-0.001591,-0.013683,0.002582
-0.000567,-0.011606,0.007850
0.001429,-0.018011,0.007766
-0.000480,-0.015901,0.009851
-0.000427,-0.010559,0.008774
-0.000372,-0.003064,0.005573
0.000614,0.000175,0.001295
0.000588,0.011899,0.002410
-0.000400,0.020425,0.003539
0.000558,0.031095,0.003647
-0.000423,0.037532,0.000547
0.000536,0.032194,0.001644
-0.000455,0.021591,-0.004760
0.000476,0.012029,-0.007952
-0.000550,0.002386,-0.003751
-0.001541,-0.006148,-0.003762
-0.000581,-0.010425,-0.002704
-0.001551,-0.016860,0.000438
-0.002480,-0.018002,0.007848
-0.001445,-0.020172,0.011000
-0.001346,-0.029832,0.016193
0.001706,-0.030947,0.020373
-0.000123,-0.025604,0.019310
0.000946,-0.023355,0.007587
0.001965,-0.017971,0.002253
0.003890,-0.009361,-0.005128
0.002847,0.004605,-0.014584
0.004662,0.013205,-0.020889
0.001606,0.017400,-0.013404
0.000528,0.030164,-0.009012
-0.003404,0.031212,-0.006846
-0.001455,0.032197,0.001671
-0.003392,0.029009,0.000617
-0.002421,0.026822,0.005925
-0.003365,0.023621,0.005910
-0.003338,0.018234,0.011190
-0.004259,0.008620,0.012181
-0.003231,0.004353,0.012171
-0.000247,0.000117,0.008951
0.001748,-0.008389,0.005686
0.001769,-0.011495,-0.003897
0.001737,-0.009296,-0.010259
0.001673,0.002461,-0.012313
0.000601,0.011018,-0.014382
0.000522,0.027089,-0.020601
-0.001538,0.033511,-0.022659
-0.000686,0.032413,-0.019471
-0.000772,0.020667,-0.018479
-0.001819,0.008911,-0.016418
0.000072,-0.010334,-0.012301
-0.002893,-0.021035,-0.009183
-0.002915,-0.025388,-0.000712
-0.002905,-0.029776,0.010901
-0.001850,-0.026669,0.020471
-0.002708,-0.013864,0.020569
-0.000649,0.000044,0.016384
0.000400,0.005422,0.012173
0.003405,-0.003106,0.011024
0.003462,-0.013712,0.004578
-0.001403,-0.020071,0.000278
0.000542,-0.023262,-0.000811
0.002458,-0.020063,-0.000818
0.002465,-0.008359,0.002440
0.000520,-0.003003,0.000358
0.000542,0.000197,0.000372
0.001532,0.000198,0.000365
0.001564,-0.008392,0.005595
-0.000328,-0.021247,0.009730
-0.003197,-0.027605,0.005464
-0.005139,-0.023311,0.003378
-0.003186,-0.011530,-0.000770
-0.000261,-0.005172,0.003488
-0.000230,-0.003094,0.008777
-0.000203,-0.005183,0.004527
-0.001149,-0.012640,0.003429
-0.000149,-0.017997,0.005519
-0.001099,-0.014741,0.000255
0.001839,-0.017908,-0.002949
0.002800,-0.024288,-0.005100
0.000857,-0.023222,-0.005069
-0.000141,-0.019977,-0.009271
-0.000182,-0.008274,-0.006027
-0.001167,-0.000826,-0.003853
-0.002125,-0.012626,0.002409
-0.005007,-0.011556,0.002453
-0.005012,-0.004003,-0.005969
-0.005068,0.006658,-0.004808
-0.003140,0.009812,-0.000569
-0.001199,0.011905,0.003714
0.001738,0.007570,0.011122
-0.001130,0.005449,0.010077
-0.000108,0.001197,0.007927
-0.001050,0.004349,0.013308
-0.002930,0.007487,0.019716
-0.001859,0.008544,0.020800
-0.000791,0.009623,0.019777
0.000280,0.012833,0.018716
0.002293,0.008650,0.010162
0.002339,0.007572,0.011214
0.000430,0.005462,0.009080
0.000493,-0.002041,0.012183
0.000558,0.004381,0.010097
-0.000339,0.005520,0.002645
-0.000318,0.000269,-0.005897
0.000604,-0.002892,-0.010204
0.002497,-0.006159,-0.003872
-0.002416,-0.000836,-0.002792
-0.002451,-0.003014,0.001441
-0.000500,-0.014795,0.005589
-0.000446,-0.027660,0.011884
0.001605,-0.044765,0.014932
0.005624,-0.063836,0.000950
0.002715,-0.069137,-0.002252
-0.002141,-0.054295,0.007414
-0.004040,-0.036104,0.002219
0.000870,-0.022244,0.003381
0.001892,-0.007353,0.007679
-0.000010,0.002248,0.007714
-0.003855,-0.000955,0.007665
-0.001878,-0.004149,0.006556
-0.001859,-0.013774,0.008594
-0.000858,-0.018071,0.011753
0.000170,-0.018059,0.010713
0.000221,-0.017989,0.004423
0.001208,-0.013708,0.003434
0.003157,-0.011489,-0.005000
-0.000736,-0.007187,-0.008131
-0.000759,-0.005017,-0.011276
-0.000799,-0.014632,-0.010292
0.002087,-0.020028,-0.003938
-0.000820,-0.024351,0.001323
-0.001766,-0.032938,0.006567
-0.001697,-0.040431,0.008603
-0.002593,-0.044702,0.008559
-0.000590,-0.038325,0.010689
-0.000544,-0.035125,0.010682
0.000500,-0.032983,0.009605
0.000548,-0.024350,0.000109
0.003430,-0.010459,-0.001933
0.000487,0.005511,0.001377
0.000481,0.016279,-0.008072
0.001386,0.023829,-0.015407
0.000320,0.022744,-0.013246
-0.001687,0.022764,-0.015339
-0.004693,0.014198,-0.012189
-0.000829,0.005570,-0.002674
-0.000837,0.000131,0.007931
-0.002712,-0.005255,0.013217
-0.002587,-0.012778,0.018450
-0.003429,-0.018233,0.030068
-0.003258,-0.026860,0.038426
-0.005003,-0.034296,0.035163
-0.004821,-0.024750,0.040497
-0.001721,-0.014104,0.042671
0.003313,-0.005494,0.035304
0.004431,0.013792,0.028037
0.005499,0.022455,0.015359
0.005553,0.024698,0.004795
0.005554,0.014134,-0.005873
0.005516,0.001373,-0.010201
0.005444,-0.004912,-0.021921
0.000441,-0.001650,-0.028272
0.000290,0.000506,-0.030375
-0.001813,0.000466,-0.026111
-0.004856,0.003583,-0.017581
-0.005900,0.005643,-0.010121
-0.004957,0.005505,0.003685
-0.000997,0.002197,0.014268
0.000066,-0.005315,0.018446
0.002133,-0.006371,0.017369
0.002232,-0.014812,0.007738
0.002272,-0.020054,-0.001878
0.002237,-0.021069,-0.007206
0.001218,-0.012460,-0.014565
0.002077,-0.000678,-0.018693
-0.001941,0.011070,-0.019679
-0.000098,0.021762,-0.021722
-0.001197,0.025994,-0.018507
-0.003238,0.025920,-0.011080
-0.002316,0.022637,-0.002622
-0.003272,0.021530,0.001655
-0.004208,0.010829,0.004758
-0.001244,0.008684,0.005800
-0.002199,0.009854,-0.004813
0.001634,0.012103,-0.016486
0.000549,0.007851,-0.017572
-0.001517,0.007788,-0.011199
-0.002564,0.006688,-0.008025
0.000328,0.006689,-0.008012
0.003221,0.009881,-0.006902
0.003197,0.007715,-0.003723
0.000252,0.008761,-0.001585
-0.002673,0.013074,-0.005771
-0.001729,0.009884,-0.006867
-0.001748,0.001325,-0.004820
-0.002749,-0.011452,-0.008113
-0.001781,-0.018997,-0.000751
-0.001775,-0.020086,0.001326
-0.002746,-0.010452,-0.001801
-0.000819,0.000236,-0.003892
0.000113,0.011961,-0.002756
-0.000891,0.021523,0.001572
0.001056,0.027959,-0.001534
0.000085,0.018380,-0.003699
0.002013,-0.000825,-0.003825
0.001021,-0.010437,-0.002821
0.001024,-0.011515,-0.001776
-0.000949,-0.007238,-0.002785
-0.002907,0.004466,0.000459
-0.001940,0.018350,-0.000495
-0.000967,0.021485,0.005864
0.000017,0.014029,0.004744
0.000043,0.010849,0.002594
0.001022,0.001244,0.002553
0.001024,-0.002970,-0.002769
0.001029,-0.005100,-0.002760
-0.000936,-0.006155,-0.003810
-0.000966,-0.005039,-0.009104
-0.000031,-0.002886,-0.011249
-0.001050,-0.006128,-0.007048
-0.002058,-0.007196,-0.007078
-0.001109,-0.006161,-0.003886
-0.004057,-0.007273,0.000321
-0.000154,-0.003081,0.007772
-0.000114,-0.000969,0.009899
0.000894,0.003332,0.006767
0.000927,0.008581,0.015281
0.001966,0.013962,0.011090
0.001046,0.019321,0.009049
0.000109,0.019425,-0.001532
0.000087,0.014134,-0.005795
0.000063,0.007761,-0.007954
0.000040,-0.006090,-0.010190
-0.000985,-0.011460,-0.007032
-0.001990,-0.011439,-0.009161
-0.001073,-0.008214,-0.011277
-0.002104,-0.007138,-0.012342
-0.001190,-0.007175,-0.009186
-0.002208,-0.002941,-0.006000
0.002646,-0.001929,-0.000707
0.001677,0.002329,0.000385
0.001684,0.002382,-0.004928
0.000691,0.005616,-0.008083
0.000649,0.008834,-0.010196
0.001584,0.006734,-0.013363
-0.001418,0.005676,-0.014454
-0.000523,0.006777,-0.017600
-0.002583,0.003556,-0.015514
-0.002665,0.003536,-0.013385
-0.002737,0.008852,-0.011196
-0.001809,0.013014,-0.000542
0.000141,0.016131,0.007981
-0.000788,0.013977,0.010105
0.001230,0.010808,0.006894
0.000288,0.005526,0.001557
0.000295,0.001269,0.000458
0.001273,-0.000790,-0.006974
0.001232,-0.001829,-0.010193
-0.000757,-0.001819,-0.011268
-0.000822,0.000357,-0.015500
-0.002850,0.001434,-0.016573
-0.004872,-0.000724,-0.014497
-0.002991,-0.003969,-0.010295
-0.000134,-0.001944,0.000299
-0.000155,0.005417,0.010954
-0.000108,0.012816,0.018473
0.000971,0.017055,0.021735
0.003043,0.013887,0.018552
0.004121,0.006528,0.007932
0.001242,0.000209,-0.000611
-0.001695,-0.003984,-0.008061
-0.004677,0.000342,-0.013345
-0.007700,0.005656,-0.011176
-0.005811,0.009880,-0.006901
-0.004858,0.008643,0.010072
-0.003821,0.006445,0.016413
-0.002760,0.003190,0.021683
-0.001673,0.002077,0.025897
0.001379,0.001074,0.019522
0.004370,0.000068,0.013140
0.004418,0.003309,0.008897
0.005415,0.003398,0.000386
0.004422,0.006643,-0.003816
0.004373,0.002445,-0.011279
0.003341,0.001390,-0.012343
0.000382,0.000373,-0.017649
-0.000654,-0.000693,-0.017651
-0.001726,-0.006025,-0.017721
-0.002774,-0.010356,-0.011364
-0.003801,-0.010369,-0.010302
-0.002858,-0.005107,-0.002822
-0.002859,-0.000890,0.002548
-0.001869,0.001255,0.001499
-0.000883,0.002325,0.001514
-0.002807,0.000160,0.004699
-0.000846,-0.001953,0.002594
-0.001777,-0.003040,0.004721
-0.000765,-0.005141,0.001490
-0.000755,-0.007254,-0.000657
-0.001737,-0.006202,0.000365
-0.000750,0.001276,-0.000659
-0.000747,0.004451,0.001451
-0.000740,0.005507,0.002514
0.002186,-0.001975,0.003517
0.000260,-0.003011,0.000311
0.002217,-0.009382,-0.002935
0.004150,-0.009362,-0.005078
0.002172,-0.000800,-0.007098
0.000170,0.008816,-0.008061
-0.000848,0.015243,-0.010114
0.000068,0.014187,-0.011178
0.000985,0.009919,-0.011194
-0.002938,-0.000769,-0.009103
-0.003962,-0.005068,-0.005936
-0.005941,0.001304,-0.002690
-0.002042,0.008740,0.000551
-0.001073,0.011877,0.006939
-0.002013,0.011809,0.013306
0.000013,0.012799,0.020708
-0.000850,0.007478,0.019613
0.001205,0.000029,0.017426
0.001287,-0.004101,0.003574
0.000290,-0.006099,-0.010272
0.003139,-0.005097,-0.003932
0.005035,-0.002995,-0.000738
0.003096,-0.004130,0.005620
0.000194,0.004409,0.005723
-0.001714,0.016190,0.001567
0.000253,0.021514,0.002654
0.000277,0.016210,-0.000576
-0.000728,0.005585,-0.004872
-0.003680,0.007709,-0.003764
-0.003731,0.018350,-0.000467
-0.001810,0.024735,0.001731
-0.000809,0.015144,0.000621
0.000168,0.000177,0.003722
-0.000788,-0.009415,0.002598
-0.002688,-0.011604,0.007856
0.001250,-0.008363,0.003598
0.000292,-0.013711,0.004592
0.001276,-0.004091,0.002485
-0.001639,0.004399,0.006783
-0.002584,0.012975,0.002566
-0.000610,0.006635,-0.003856
0.000341,-0.002927,-0.008191
0.000309,-0.015784,-0.002984
-0.001672,-0.017950,0.000180
-0.002648,-0.010511,0.003428
-0.001672,-0.003038,0.003528
0.001243,0.004428,0.003601
0.001266,0.010855,0.001570
0.001262,0.010860,0.001597
-0.000684,0.010905,-0.002613
-0.000679,0.005551,-0.000510
0.000285,0.007762,-0.007898
0.000272,-0.000768,-0.009018
-0.001722,-0.007109,-0.015474
-0.003745,-0.011363,-0.016574
-0.003814,-0.011409,-0.012372
0.000033,-0.010432,-0.003901
-0.000972,-0.002975,-0.002802
-0.000958,0.000170,0.002496
0.000997,-0.004122,0.004553
0.001017,-0.006222,0.001337
0.001034,-0.004110,0.003470
0.001048,-0.001942,0.000320
0.000064,0.001301,-0.003917
-0.000951,0.004544,-0.008126
-0.000033,0.007739,-0.006989
-0.000087,0.008831,-0.009074
0.000855,0.012046,-0.010066
-0.001129,0.005632,-0.009032
-0.000198,0.001408,-0.013286
-0.002211,-0.006130,-0.005890
-0.001256,-0.009418,0.002549
-0.000260,-0.010485,0.002554
-0.002172,-0.004137,0.007901
-0.001162,-0.001945,0.001527
-0.003098,0.002320,0.001516
-0.000174,0.004434,0.003600
-0.002115,0.005434,0.009933
-0.001100,0.009694,0.009924
-0.000083,0.010762,0.009933
0.001908,0.010831,0.003608
0.002879,0.006596,0.000415
0.001912,0.004488,-0.001677
0.001878,-0.001880,-0.004875
-0.002046,-0.007217,-0.004885
-0.003028,-0.005103,-0.002724
-0.002073,-0.000860,0.000523
-0.004019,0.002299,0.004802
-0.003985,0.009682,0.013327
-0.003912,0.007534,0.014335
-0.001874,0.008618,0.012181
0.000129,0.006502,0.009999
0.001135,0.008675,0.005739
0.004049,0.005504,0.002508
0.004028,0.005539,-0.000676
0.003025,0.004483,-0.001747
0.003019,0.008773,-0.003825
0.002017,0.010984,-0.011205
0.000019,0.003602,-0.019724
-0.000087,-0.002832,-0.016597
-0.004062,-0.003920,-0.014470
-0.005114,0.002472,-0.013346
-0.005186,0.005575,-0.003768
-0.006167,0.012981,0.002656
-0.001271,0.016154,0.005880
-0.000253,0.013978,0.010119
-0.000208,0.004417,0.005791
0.001768,-0.001951,0.002580
0.000797,0.000189,0.001510
0.001750,0.004491,-0.001621
0.003663,0.012024,-0.007936
0.002649,0.014178,-0.010039
-0.000325,0.009929,-0.012212
-0.003302,0.008787,-0.004794
-0.002335,-0.000828,-0.003817
-0.000371,-0.006199,-0.000722
-0.000384,-0.003006,0.000352
-0.000390,0.005507,0.002507
-0.001368,0.016206,-0.000589
-0.000427,0.017294,-0.002701
-0.001438,0.020500,-0.002639
0.000482,0.009885,-0.007996
0.001441,0.001258,0.001512
0.001456,-0.006241,0.004664
0.000507,-0.007322,0.005731
-0.000438,-0.001953,0.002602
-0.000409,0.004460,0.001576
-0.002330,0.007680,-0.000546
-0.003332,0.012001,-0.005849
-0.002393,0.013067,-0.005861
-0.000501,0.016286,-0.007954
-0.000541,0.013052,-0.004805
-0.000578,0.007738,-0.006996
0.000353,0.003449,-0.004904
0.003260,0.001315,-0.004901
0.002232,-0.000810,-0.006002
0.002202,0.002384,-0.004907
0.001211,0.006622,-0.001666
0.001206,0.003461,-0.005923
0.001186,0.003495,-0.009085
0.000172,0.002395,-0.005904
0.001117,-0.005074,-0.005962
-0.000869,-0.002957,-0.003823
-0.005750,0.002313,0.002576
-0.004759,0.005492,0.004712
-0.001812,0.005500,0.003616
0.001150,0.003337,0.006808
-0.000778,0.000154,0.004616
0.000212,-0.006220,0.001393
0.001184,-0.011472,-0.007163
0.004061,-0.009326,-0.008213
0.003045,-0.001857,-0.008161
0.001024,0.009950,-0.015491
-0.003916,0.019513,-0.011149
-0.002051,0.025864,-0.005796
-0.001104,0.021610,-0.006853
-0.002095,0.015146,-0.000508
-0.002098,0.004445,0.002609
-0.002086,0.002281,0.005809
-0.001087,0.000115,0.008980
-0.000057,0.000122,0.009013
-0.000983,0.004410,0.006901
-0.000963,0.006563,0.004791
0.000032,0.010904,-0.002626
0.000977,0.013067,-0.005818
0.000923,0.009864,-0.005867
0.001878,0.005565,-0.002722
-0.001069,0.000228,-0.002782
-0.002046,-0.004033,-0.003901
-0.001085,-0.005090,-0.004978
-0.001107,-0.004062,-0.000733
-0.001114,-0.001908,-0.002850
0.000811,0.001303,-0.003875
-0.000195,0.006628,-0.002768
-0.002158,0.007683,-0.001704
-0.000209,0.005508,0.002549
0.000795,-0.000916,0.004658
0.002762,-0.008354,0.001410
0.000822,-0.011476,-0.006011
-0.000175,-0.009373,-0.002796
-0.002130,-0.000854,-0.000615
-0.002148,0.000245,-0.003781
-0.002143,0.004468,0.000473
-0.001175,0.005555,-0.001647
-0.002151,0.005534,0.000475
-0.001170,0.002299,0.003602
-0.002149,0.000215,-0.001720
-0.000194,-0.000830,-0.003838
0.000739,-0.004039,-0.002820
0.001698,-0.013665,-0.000796
0.001690,-0.006243,0.003494
0.000741,0.005452,0.007827
-0.000210,0.014003,0.006860
0.000805,0.011912,0.002605
0.000820,0.007677,-0.000609
-0.003095,0.010890,-0.001635
-0.003108,0.005556,-0.001661
-0.001135,-0.007356,0.008830
-0.000123,-0.005274,0.014167
-0.003940,0.000009,0.019519
-0.006778,0.005320,0.021660
-0.004723,0.002087,0.024815
-0.001695,0.001058,0.020570
0.004244,0.003234,0.016324
0.004298,0.000121,0.007821
0.003342,0.001264,0.000410
0.003327,0.002427,-0.009137
0.004237,0.007797,-0.012245
-0.000700,0.007826,-0.015428
-0.001755,0.008906,-0.016452
-0.001826,0.005736,-0.019669
-0.000937,-0.001766,-0.016559
-0.002971,-0.000762,-0.010177
-0.003018,-0.000817,-0.004892
-0.002037,0.001252,0.001472
-0.001071,0.006555,0.004694
0.000915,0.002212,0.012091
0.001943,-0.002133,0.019453
0.000104,0.005308,0.022700
-0.005642,0.005309,0.022707
-0.007478,0.007377,0.029086
-0.001499,0.004217,0.024807
0.000553,0.004291,0.017401
0.001600,0.002179,0.015275
0.002625,0.001190,0.007858
0.003608,0.000230,-0.002747
0.004556,0.000294,-0.009106
0.001577,0.003506,-0.010132
0.001514,0.001417,-0.014403
-0.000505,0.002494,-0.015454
-0.002513,0.003568,-0.016497
-0.000637,0.004601,-0.013326
-0.000698,0.004590,-0.012286
0.000228,0.010971,-0.010115
-0.001781,0.007750,-0.008014
-0.001836,0.007782,-0.011197
-0.002867,0.004595,-0.012259
-0.001962,0.006655,-0.004807
-0.000018,0.005588,-0.004809
-0.000999,0.010902,-0.002640
-0.003940,0.011919,0.002666
-0.002961,0.014085,-0.000498
-0.000041,0.014136,-0.005781
0.001879,0.007647,0.002637
-0.000067,0.000134,0.006809
-0.001970,-0.000945,0.007854
-0.001939,0.002344,-0.000593
0.000009,0.001341,-0.006975
0.002888,0.001360,-0.009111
0.001864,0.004581,-0.011232
0.000806,0.005639,-0.010184
-0.001187,0.004518,-0.004895
-0.002188,0.008763,-0.002721
-0.001213,0.001274,-0.000643
0.001722,0.000184,0.001469
-0.001200,0.004442,0.002568
-0.003145,0.000176,0.002530
-0.001180,-0.001989,0.005701
-0.001158,0.001247,0.002566
-0.000178,0.001258,0.001512
