0.001645,0.006256,0.005926
0.001747,0.013728,0.006019
-0.000064,0.015872,0.004970
0.000077,0.017199,0.000715
-0.000762,0.017189,0.001782
0.002313,0.018236,0.003921
0.000486,0.012934,0.000697
0.000572,0.004420,-0.001478
0.000592,0.003329,0.000607
0.002560,0.003360,-0.002590
0.000640,0.004448,-0.004731
0.000641,0.004479,-0.007928
-0.001329,0.004475,-0.007955
-0.001308,0.003386,-0.005849
-0.004237,0.001242,-0.004828
-0.000367,0.001243,-0.004815
-0.002332,-0.000925,-0.001657
-0.004301,-0.005181,-0.002741
-0.003025,-0.000975,0.003704
-0.001586,-0.000962,0.002671
-0.000936,0.000043,0.009081
0.000433,0.003254,0.008027
0.002052,0.003296,0.003797
0.003151,0.007573,0.002746
0.003294,0.010787,0.001712
0.002422,0.012972,-0.003595
0.002543,0.014254,0.186201
-0.019648,-0.005963,0.286877
-0.029792,0.009944,0.084282
-0.010930,0.015370,-0.028979
0.003859,0.015073,-0.000435
-0.004240,0.005537,-0.006830
-0.000520,0.001223,-0.002672
-0.004611,-0.006288,0.001528
-0.002836,-0.005272,0.006841
-0.004115,-0.006381,0.011090
-0.003429,-0.007446,0.011094
-0.003328,-0.008526,0.012125
-0.000349,-0.007431,0.008953
-0.000172,0.000050,0.007957
-0.000049,0.006552,-0.001544
0.000182,0.008718,-0.004716
0.000295,0.010879,-0.007885
0.001337,0.010919,-0.012164
-0.002527,0.012010,-0.014270
-0.001516,0.013118,-0.018526
-0.001535,0.012012,-0.014264
-0.003507,0.009803,-0.006863
-0.001562,0.004394,0.000517
-0.002540,-0.003107,0.003649
-0.002533,-0.006302,0.002519
-0.005531,-0.011638,0.002472
-0.004590,-0.009472,-0.000678
-0.003666,-0.004116,-0.002760
-0.000698,0.006558,-0.002639
-0.000605,0.010817,-0.001520
0.000461,0.011868,0.000638
0.001560,0.007685,-0.007880
0.002625,0.005529,-0.005756
-0.000188,-0.000841,-0.008988
-0.001123,-0.000926,-0.000507
-0.002083,-0.004109,-0.002691
-0.002133,0.004453,-0.004740
-0.001194,0.004419,-0.001578
-0.005113,0.010767,0.003762
-0.003154,0.015056,0.001664
-0.004091,0.008699,-0.002623
-0.003090,0.005549,-0.007970
0.000816,0.006624,-0.008992
-0.000128,0.002273,-0.000507
0.000851,-0.000926,-0.000528
-0.001105,-0.004077,-0.005889
-0.001090,-0.007278,-0.005931
0.000816,-0.007258,-0.008067
-0.001161,-0.005147,-0.005954
-0.003079,0.002323,-0.005896
-0.001159,0.010901,-0.010065
-0.002096,0.014070,-0.006861
-0.004027,0.012981,-0.004748
-0.003975,0.012972,-0.003666
-0.001935,0.010855,-0.004719
-0.001888,0.009767,-0.002600
0.000088,0.002287,-0.001547
0.000127,0.000164,-0.002627
0.000104,-0.000861,-0.006895
0.000104,0.002424,-0.015375
0.000083,0.004576,-0.017499
0.000065,0.005641,-0.017517
-0.000929,0.009848,-0.011143
-0.001871,0.013051,-0.011095
-0.003786,0.011942,-0.006853
-0.004722,0.008699,-0.002623
-0.004700,0.005528,-0.005841
-0.005671,-0.005215,0.001528
-0.001819,-0.006305,0.003662
-0.002849,-0.010553,0.001482
0.000021,-0.009473,0.000429
0.002884,-0.009505,0.003605
0.001878,-0.005167,-0.003797
0.000921,-0.003056,-0.001670
0.000930,0.001229,-0.002703
-0.001940,0.003394,-0.005881
-0.002906,0.001239,-0.003777
-0.002897,-0.003049,-0.001665
-0.001966,-0.001990,-0.000560
-0.002997,-0.005192,-0.000595
-0.003071,-0.005223,0.002623
-0.004080,-0.007380,0.004713
-0.003140,-0.009537,0.006810
-0.002213,-0.011640,0.003601
-0.002282,-0.016936,-0.000717
-0.002391,-0.013778,0.003541
-0.001496,-0.008431,0.002498
-0.000542,-0.000960,0.002577
0.000471,0.006541,-0.000533
0.000563,0.011899,-0.002588
0.000682,0.014080,-0.006807
0.000753,0.010891,-0.007875
0.001753,0.007732,-0.012154
0.001768,0.005607,-0.013241
0.000741,0.002416,-0.014308
-0.001287,-0.002932,-0.013315
-0.004329,-0.005113,-0.009131
-0.005412,-0.008326,-0.008111
-0.004550,-0.008332,-0.007059
-0.004641,-0.007308,-0.002813
-0.005689,-0.008446,0.003539
-0.002833,-0.006268,-0.000679
0.001006,-0.001966,-0.003804
0.000971,-0.003083,0.001526
0.000002,-0.005202,0.000459
0.000981,-0.003034,-0.002678
0.001986,0.002330,-0.005791
0.000047,0.001316,-0.011099
-0.001907,-0.003003,-0.005846
0.000028,0.002310,-0.003691
-0.002881,0.007655,-0.004755
-0.004803,0.010867,-0.005788
-0.004755,0.014112,-0.010004
-0.006645,0.017238,-0.002556
-0.006602,0.008692,-0.001549
-0.004639,0.002269,0.000531
-0.003660,-0.003159,0.010039
0.001187,-0.007456,0.013226
0.001180,-0.013895,0.016348
0.000200,-0.014909,0.011040
0.001185,-0.015985,0.012085
0.002178,-0.008474,0.007892
0.001216,-0.004173,0.004753
-0.001613,0.010747,0.007027
-0.004393,0.018226,0.006017
-0.002261,0.022467,0.009293
-0.002050,0.022396,0.016754
-0.001867,0.012826,0.013515
-0.002746,0.001024,0.019785
-0.000710,0.003189,0.016607
0.001319,0.002152,0.013408
0.001400,0.002194,0.009157
0.000462,-0.000997,0.008047
0.000483,0.002257,0.002756
-0.000468,0.003295,0.004826
-0.000407,0.006484,0.005888
-0.002268,0.006485,0.005894
-0.003172,0.008564,0.011183
-0.002093,0.011841,0.003798
0.000939,0.010815,-0.000469
0.001003,0.008722,-0.004731
0.001034,0.005512,-0.003671
0.000053,0.003435,-0.008975
0.000023,-0.003021,-0.003732
-0.000022,-0.007298,-0.002702
-0.002979,-0.008462,0.006830
-0.002044,-0.006307,0.004720
-0.003998,-0.005260,0.006872
-0.004012,-0.008481,0.008945
-0.001091,-0.002038,0.004715
-0.001076,0.000131,0.000492
-0.000106,0.004439,-0.003749
0.000892,0.004442,-0.003764
0.000882,0.007729,-0.012217
-0.001064,0.007783,-0.017515
-0.000113,0.007794,-0.018563
-0.000106,0.010911,-0.010040
-0.000044,0.015095,-0.001507
-0.001881,0.012981,-0.003627
-0.001811,0.010868,-0.005767
-0.003703,0.009799,-0.005797
-0.000748,0.006586,-0.004771
-0.001685,0.005567,-0.009048
-0.001692,0.005491,-0.001641
-0.001674,0.006563,-0.002691
-0.000648,0.011857,0.001607
-0.000529,0.014024,-0.001551
-0.000470,0.016244,-0.010014
-0.000370,0.016235,-0.008967
-0.000259,0.021562,-0.007832
-0.002113,0.021596,-0.011001
-0.001988,0.019462,-0.011006
-0.000908,0.018406,-0.012069
-0.000830,0.015205,-0.012097
-0.002745,0.008759,-0.007909
-0.002751,0.001308,-0.010124
-0.002811,-0.003026,-0.003816
-0.000917,0.000153,-0.001680
-0.004826,0.002241,0.002577
-0.003812,0.006562,-0.002691
0.000144,0.010827,-0.001573
-0.002712,0.009708,0.003743
-0.001637,0.012950,-0.000451
-0.000533,0.009730,0.001671
-0.002417,0.008741,-0.005760
-0.000408,0.007642,-0.002572
-0.001342,0.003406,-0.005807
-0.001340,0.002305,-0.002654
-0.002325,0.002325,-0.004790
-0.002330,0.000160,-0.001618
-0.003290,0.002224,0.005847
-0.003250,0.004264,0.015429
-0.000243,0.002093,0.018595
-0.000152,0.001058,0.015416
-0.001014,-0.003260,0.020740
-0.002889,-0.011765,0.017489
0.000017,-0.018155,0.016350
-0.000018,-0.017079,0.015271
0.002885,-0.008463,0.006831
0.001913,0.003366,-0.002685
0.002911,0.010909,-0.010096
0.000017,0.019511,-0.016366
-0.000884,0.022671,-0.012095
-0.001737,0.022617,-0.006790
-0.003568,0.017260,-0.004693
-0.004474,0.015171,-0.008921
-0.003449,0.010866,-0.004666
-0.002430,0.008659,0.002770
-0.001438,0.001200,0.001665
-0.001417,-0.001969,-0.001546
-0.002417,-0.004105,-0.001593
-0.001491,-0.008388,-0.000618
-0.000563,-0.005165,-0.002733
-0.001571,-0.003033,-0.002749
-0.001584,0.001243,-0.003793
-0.002545,0.009769,-0.002657
-0.000516,0.014010,0.000597
-0.001383,0.013987,0.002705
-0.003217,0.007577,0.003752
-0.002190,0.002253,0.002665
-0.001220,-0.006271,0.001536
-0.000272,-0.008416,0.002585
-0.000335,-0.010573,0.004675
-0.000350,-0.005314,0.012121
0.000654,0.000054,0.008984
0.001711,0.010764,0.004785
0.000856,0.015106,-0.002611
0.002888,0.017356,-0.014284
0.001966,0.015229,-0.015370
0.000996,0.008788,-0.011134
-0.000001,0.005568,-0.009019
-0.003922,0.003477,-0.013275
-0.003982,0.001343,-0.013287
-0.003063,0.001290,-0.007968
-0.003092,-0.001949,-0.003760
-0.003136,-0.005173,-0.001687
-0.002203,-0.006257,-0.000655
-0.001262,-0.004136,0.000383
-0.001301,-0.001975,-0.002829
0.001607,0.005580,-0.011259
0.002607,0.015205,-0.013311
-0.000251,0.025909,-0.016394
-0.001077,0.029102,-0.015285
0.000990,0.027076,-0.025892
0.002036,0.031379,-0.029032
0.000183,0.028106,-0.021591
-0.001696,0.020584,-0.016309
-0.002622,0.010959,-0.014264
-0.001660,0.004589,-0.017475
-0.003667,0.001258,-0.004785
-0.006611,-0.002014,0.002613
-0.007603,-0.000926,0.000500
-0.005657,0.000106,0.003687
-0.001738,0.001170,0.003662
-0.000764,0.002250,0.002609
0.000256,0.005442,0.003712
0.000335,0.004363,0.004771
0.002330,0.000158,-0.001632
0.001344,-0.005176,-0.001672
0.002288,-0.001933,-0.005909
0.000332,0.002342,-0.005845
-0.001617,0.004465,-0.004766
-0.003499,0.007580,0.003793
-0.007318,0.007577,0.003759
-0.006289,0.006543,0.000538
-0.002363,0.008698,-0.001572
0.001588,0.008666,0.001611
0.000644,0.004398,0.001580
0.001632,0.000120,0.002618
0.002598,-0.010510,-0.001733
0.000558,-0.019113,0.004545
-0.000540,-0.027686,0.007598
-0.000680,-0.022279,0.000175
0.000178,-0.007236,-0.010346
0.000109,0.012045,-0.017633
-0.001836,0.019506,-0.016485
-0.002761,0.025889,-0.014265
-0.002640,0.029028,-0.007851
-0.003434,0.026877,-0.005706
-0.002350,0.014129,-0.011075
-0.000370,0.005582,-0.010046
0.001562,-0.000850,-0.006891
0.002474,-0.005157,-0.002693
0.003439,-0.000964,0.004764
-0.001391,0.004461,-0.004778
-0.000373,0.013070,-0.012165
-0.003237,0.018446,-0.016412
-0.001219,0.018359,-0.007945
-0.004062,0.018336,-0.005829
-0.005929,0.012971,-0.002665
-0.003947,0.001225,-0.001679
-0.004958,-0.006274,0.001473
-0.004021,-0.010559,0.003598
-0.004109,-0.017025,0.009909
-0.002244,-0.016986,0.005680
-0.001372,-0.016997,0.006727
-0.000471,-0.010560,0.003578
0.000484,-0.001980,-0.000585
0.001506,0.012925,0.002715
0.002621,0.022529,0.002785
-0.000104,0.022552,0.000719
-0.000888,0.020386,0.003884
-0.001729,0.011883,0.000654
-0.001660,0.003337,0.001654
-0.002627,-0.005175,-0.000523
-0.002682,-0.005215,0.003749
-0.001757,-0.004170,0.005859
-0.002761,-0.007404,0.009000
-0.002796,-0.007407,0.008966
-0.004754,-0.007379,0.005734
-0.003789,-0.005266,0.007882
-0.001818,0.002182,0.010062
-0.002736,0.000067,0.007922
0.000254,0.004337,0.007980
0.002280,0.005457,0.002685
0.001354,0.001189,0.002655
0.002310,-0.001951,-0.002639
0.003268,-0.003050,0.000528
0.001319,-0.005220,0.003672
0.000325,-0.003077,0.002609
-0.001592,0.000121,0.002610
-0.001571,0.007655,-0.003691
-0.001526,0.010772,0.004839
-0.005334,0.011872,0.001672
-0.005239,0.008643,0.004861
-0.004225,0.005463,0.002718
-0.002211,0.001132,0.009068
-0.001226,-0.009549,0.010057
0.001660,-0.012743,0.008948
0.002577,-0.014825,0.003610
0.002474,-0.015871,0.001472
-0.000518,-0.010580,0.005735
-0.002494,-0.002033,0.004748
-0.000477,0.010743,0.008071
-0.001304,0.021475,0.001771
-0.001162,0.024697,-0.000323
-0.000990,0.021523,-0.002447
-0.001880,0.008761,-0.006796
-0.002864,-0.007265,-0.004800
-0.003937,-0.015854,0.000444
-0.002130,-0.020116,-0.000660
-0.001312,-0.017971,-0.001709
-0.001462,-0.018081,0.008888
-0.000530,-0.006408,0.015328
0.000521,0.003166,0.018566
0.002585,0.007516,0.010074
0.003698,0.010789,0.002676
0.004744,0.009817,-0.006903
0.002824,0.006617,-0.006932
0.000884,0.002360,-0.008016
-0.001129,0.000319,-0.017583
-0.002225,-0.003885,-0.023986
-0.003340,-0.000725,-0.019715
-0.003459,-0.003007,-0.004859
-0.004455,0.002223,0.005819
-0.004423,-0.003208,0.015329
-0.003390,-0.007494,0.017447
-0.002406,-0.012830,0.017387
-0.001450,-0.019170,0.010965
0.000388,-0.018041,0.004581
0.001250,-0.011596,0.000357
0.002126,-0.007265,-0.005986
0.004043,0.007712,-0.010118
0.001147,0.017368,-0.015360
-0.000706,0.023777,-0.015285
-0.001563,0.023745,-0.012102
-0.001470,0.020563,-0.014244
-0.002388,0.014193,-0.017469
-0.003376,0.001360,-0.015464
-0.002502,-0.007220,-0.011302
-0.003623,-0.017938,-0.006092
-0.002800,-0.023327,-0.000827
-0.001959,-0.015905,0.003442
-0.001059,-0.005242,0.004624
-0.003973,-0.003183,0.012048
-0.003942,-0.003056,-0.000691
-0.001039,-0.005146,-0.004954
-0.003037,-0.006234,-0.002841
-0.002148,-0.004099,-0.002802
-0.002168,-0.003052,-0.000642
-0.001203,-0.000873,-0.004840
0.002656,0.002353,-0.006893
0.001672,0.005547,-0.005805
0.000712,0.004417,0.000566
-0.000190,0.004338,0.008001
-0.003046,0.002266,0.001589
-0.004971,0.000187,-0.003742
-0.005936,-0.001969,-0.001639
-0.004990,0.002316,-0.003758
-0.003038,0.008752,-0.006878
0.000910,0.015208,-0.012134
-0.000035,0.014174,-0.015313
0.000968,0.010935,-0.011055
0.001011,0.009815,-0.005753
-0.000901,0.005536,-0.004758
0.002017,0.003391,-0.003715
0.000104,0.007625,-0.000473
-0.000808,0.009684,0.006966
-0.001697,0.010795,0.002702
-0.000637,0.008716,-0.002594
-0.000570,0.010813,0.000617
-0.003418,0.008657,0.002714
-0.002370,0.004414,0.000546
-0.004321,-0.004089,-0.002684
-0.002409,-0.006256,0.000466
-0.003451,-0.003077,0.002602
-0.004421,-0.000954,0.003696
-0.005403,-0.001949,-0.003782
-0.003493,0.000239,-0.009033
-0.000589,0.004508,-0.008989
0.000405,0.010862,-0.003622
0.001446,0.011939,-0.004688
0.001505,0.013024,-0.006785
0.000563,0.008817,-0.013209
0.003482,0.006663,-0.011106
0.000564,0.003379,-0.002618
-0.001384,0.001256,-0.003741
-0.002363,0.001196,0.002681
-0.000363,0.002176,0.011157
0.001667,-0.001089,0.017495
-0.000193,0.000990,0.022805
-0.001063,0.000004,0.014260
-0.001996,-0.001993,0.000434
-0.000070,-0.001910,-0.008081
-0.001116,0.001328,-0.012310
-0.002138,0.006674,-0.013331
0.000783,0.013085,-0.013256
-0.002088,0.016214,-0.005767
-0.002970,0.012947,0.000593
-0.002871,0.007572,0.004832
-0.004755,0.000073,0.007992
-0.004716,-0.009543,0.008962
-0.004756,-0.013798,0.007898
-0.002859,-0.015943,0.008934
-0.001971,-0.014892,0.011063
-0.001055,-0.009525,0.007927
0.000895,-0.003116,0.006902
0.000924,0.000073,0.007970
0.001944,0.009753,0.000619
0.001060,0.009795,-0.003638
-0.000829,0.006570,-0.001515
-0.004726,-0.001915,-0.006916
-0.001854,0.001302,-0.007915
-0.001887,-0.004075,-0.003704
-0.000974,-0.000923,0.001663
-0.000989,-0.004123,0.001649
-0.000025,-0.001938,-0.003636
0.000934,-0.000895,-0.001533
-0.000045,0.000172,-0.001573
-0.001020,-0.001954,-0.002680
0.001882,0.003361,-0.001583
-0.000067,0.000115,0.002612
-0.000972,0.008597,0.009078
-0.001857,0.007511,0.011219
-0.000761,0.003288,0.006950
-0.000706,-0.002048,0.006904
-0.002675,-0.011629,0.004747
0.001171,-0.015961,0.011083
0.003006,-0.023369,0.004638
0.000878,-0.031844,-0.001823
-0.001324,-0.028515,-0.014563
-0.001550,-0.014523,-0.027285
0.002094,-0.000321,-0.061254
0.006666,0.023458,-0.091901
0.011297,0.054496,-0.101284
0.011245,0.075732,-0.090488
0.006517,0.093756,-0.078587
0.000999,0.097936,-0.068911
-0.005404,0.096858,-0.066710
-0.005982,0.084018,-0.062474
-0.014464,0.062556,-0.049782
-0.017238,0.035620,-0.023379
-0.015218,0.000145,0.002907
-0.018270,-0.037343,0.016367
-0.015622,-0.065274,0.035320
-0.015928,-0.085910,0.071245
-0.010370,-0.095821,0.101930
-0.009551,-0.085277,0.114755
-0.006621,-0.074558,0.109509
-0.001675,-0.058320,0.086266
0.006136,-0.055000,0.074629
0.009042,-0.048523,0.067251
0.012927,-0.044191,0.060915
0.014889,-0.036647,0.053554
0.013960,-0.025860,0.041934
0.009128,-0.015042,0.027145
0.005299,0.002124,0.017697
0.006397,0.012806,0.016722
0.000768,0.022385,0.018880
-0.001922,0.024695,0.000792
-0.001796,0.017347,-0.012103
-0.001817,0.004672,-0.026119
-0.002966,-0.002791,-0.028422
-0.001232,-0.002719,-0.035883
-0.001432,0.006960,-0.043255
-0.004510,0.018732,-0.046308
-0.007514,0.033676,-0.046129
-0.010406,0.035795,-0.043912
-0.010362,0.028185,-0.028992
-0.007391,0.009841,-0.007798
-0.005438,-0.012781,0.014389
-0.001652,-0.036298,0.018449
0.002022,-0.066353,0.036358
0.004662,-0.080377,0.051056
0.006312,-0.077306,0.063775
0.006118,-0.065591,0.065971
0.001163,-0.048468,0.060732
-0.001738,-0.029128,0.047023
0.000279,-0.011921,0.033311
-0.003513,-0.001157,0.023813
-0.004379,0.004200,0.021745
-0.005233,0.004275,0.014325
-0.006167,-0.003105,0.005798
-0.006233,-0.013805,0.008936
-0.001459,-0.026643,0.012050
-0.000636,-0.028827,0.017378
-0.001757,-0.037425,0.023683
-0.001903,-0.034216,0.022609
-0.000033,-0.019292,0.023759
0.000980,-0.002233,0.024914
0.002128,0.015974,0.018691
0.004357,0.030965,0.013482
0.005643,0.038530,0.003984
0.004982,0.037556,-0.005602
0.002288,0.029062,-0.009920
0.002408,0.021667,-0.017413
0.000480,0.011057,-0.023871
-0.000581,0.005743,-0.026026
-0.003621,-0.001775,-0.020752
-0.004725,-0.003953,-0.016541
-0.005851,-0.013613,-0.011340
-0.005018,-0.013636,-0.009245
-0.007091,-0.015860,-0.000782
-0.004277,-0.014868,0.006648
-0.004353,-0.015935,0.006638
-0.001501,-0.013809,0.007746
0.001372,-0.010637,0.010963
0.001371,-0.003195,0.014266
0.000464,-0.003116,0.006866
0.000492,-0.005197,0.001550
0.000482,-0.003009,-0.003715
0.000438,-0.006169,-0.008001
0.000355,-0.002927,-0.012245
-0.001683,0.001359,-0.014371
-0.000783,0.005666,-0.018626
-0.001783,0.004511,-0.010182
0.000164,0.005600,-0.012331
0.000136,0.005599,-0.012344
-0.001831,0.003423,-0.008084
-0.002827,0.002356,-0.008093
-0.001871,0.004473,-0.005883
-0.000917,-0.002963,-0.009103
-0.003926,-0.007187,-0.013335
-0.004022,-0.003943,-0.017552
-0.005104,-0.001804,-0.017520
-0.002290,-0.003970,-0.014349
0.000543,-0.003027,-0.002701
0.001462,-0.008418,0.002536
0.000443,-0.014937,0.014108
0.002348,-0.014953,0.015107
0.005235,-0.014898,0.009802
0.004210,-0.016992,0.005504
0.001188,-0.019055,-0.001940
0.001045,-0.011551,-0.005030
-0.002957,-0.007250,-0.008183
-0.000114,-0.002954,-0.010192
-0.004067,0.001330,-0.011147
-0.004105,0.004503,-0.007894
-0.003168,0.005614,-0.012115
-0.004181,0.002455,-0.016394
-0.006214,-0.005033,-0.014331
-0.006336,-0.020059,-0.005995
-0.000682,-0.021201,0.001416
0.000150,-0.016967,0.004595
0.000058,-0.018116,0.011965
0.002938,-0.009559,0.009904
0.003929,-0.000968,0.004680
0.003984,0.005488,-0.000569
0.001123,0.007649,-0.002646
0.000190,0.000214,-0.005859
-0.001799,0.001324,-0.010059
-0.001883,-0.003864,-0.024980
-0.002071,-0.003792,-0.032420
-0.002265,-0.004891,-0.029240
-0.001455,-0.001797,-0.018608
-0.002563,-0.001905,-0.008019
-0.003566,-0.006233,-0.002771
-0.003602,-0.007322,-0.000672
-0.003672,-0.014829,0.003462
-0.001833,-0.016962,0.003450
-0.001936,-0.020199,0.006628
-0.001046,-0.013816,0.008827
0.001857,-0.005243,0.005753
0.001884,0.002209,0.007995
-0.001938,0.003281,0.008046
-0.001910,-0.003057,0.001645
-0.000013,-0.006153,-0.009000
0.000872,-0.006143,-0.010068
-0.003112,-0.004022,-0.009009
-0.003225,-0.011568,-0.001668
-0.002340,-0.013790,0.006781
-0.001441,-0.011629,0.003555
-0.001506,-0.009552,0.008851
-0.002491,-0.002082,0.008916
0.000463,-0.004172,0.004632
0.001437,0.001250,-0.003796
0.000456,0.000171,-0.002736
-0.000529,0.000215,-0.006967
0.001366,0.000263,-0.011170
0.002279,-0.001868,-0.011147
0.000232,-0.001825,-0.015377
0.000160,-0.001898,-0.007929
0.000114,-0.000821,-0.008988
-0.001858,-0.003010,-0.003722
-0.003837,-0.003063,0.001568
-0.003868,-0.009520,0.006797
-0.001953,-0.008444,0.005739
-0.001940,-0.003162,0.011090
-0.000933,0.002174,0.011130
0.001098,0.007533,0.009089
-0.001701,0.011803,0.009147
0.000375,0.008677,0.001699
-0.000535,0.003322,0.003774
0.000414,-0.009422,-0.002739
0.001282,-0.013713,-0.000661
0.000166,-0.020118,-0.000744
0.000040,-0.016937,0.001433
-0.001009,-0.014910,0.012041
-0.001036,-0.011722,0.013103
-0.001031,-0.004296,0.017391
-0.000964,0.003226,0.012131
-0.001821,0.008595,0.009015
-0.000746,0.009707,0.004822
-0.000629,0.012923,0.003844
0.000441,0.007567,0.005934
-0.002403,0.003299,0.005903
0.002496,0.000124,0.003766
0.000562,-0.001977,0.000578
0.000535,-0.001934,-0.004802
0.001490,0.000220,-0.006933
0.001493,0.008775,-0.009007
-0.001402,0.015165,-0.007911
-0.000376,0.015145,-0.005818
-0.003213,0.014057,-0.003699
-0.004103,0.014047,-0.002624
-0.003043,0.006537,0.001583
-0.004949,-0.004184,0.006843
-0.003040,-0.011673,0.008928
-0.002109,-0.013841,0.012107
-0.002159,-0.019227,0.017400
0.000706,-0.020306,0.018402
0.000672,-0.010650,0.013167
0.001669,-0.001036,0.012148
0.002741,0.008567,0.012211
0.002885,0.013975,0.004824
0.001066,0.017166,0.005913
0.001200,0.016135,0.002740
0.000344,0.010823,0.000599
-0.001530,0.009744,0.001659
-0.001465,0.003342,0.001624
-0.003406,-0.000917,0.000540
-0.003458,-0.007301,-0.001666
-0.003546,-0.012684,0.003598
-0.002663,-0.014820,0.003552
-0.002726,-0.007408,0.008924
-0.003693,0.001128,0.008984
-0.003619,0.002186,0.010040
-0.000633,0.002219,0.006871
0.000412,0.002185,0.010054
-0.000508,0.001162,0.005829
0.000458,-0.003056,0.000502
0.000433,-0.006256,0.000488
-0.000550,-0.005174,-0.000566
-0.000582,-0.005204,0.002638
-0.000602,-0.003059,0.001574
-0.001586,-0.002035,0.005820
-0.000615,-0.004131,0.001552
-0.002571,-0.004156,0.003633
0.000317,-0.003075,0.002580
-0.003595,-0.001998,0.001529
-0.001683,-0.005211,0.002576
-0.000725,-0.002019,0.003672
-0.001703,0.000116,0.003719
-0.001669,-0.002058,0.007972
0.000309,-0.003101,0.005832
-0.000660,-0.005254,0.007970
-0.000667,-0.005256,0.007985
-0.003609,-0.011628,0.004732
-0.001722,-0.014842,0.005745
-0.000834,-0.010564,0.004700
0.000089,-0.005220,0.003658
0.002031,0.000093,0.005806
0.001112,0.003199,0.015397
0.000218,0.003219,0.013247
0.000316,0.001140,0.007944
0.002323,0.001163,0.005843
0.001372,-0.003115,0.006852
-0.001568,-0.005236,0.005807
-0.002568,-0.004099,-0.001638
-0.002591,0.003382,-0.002619
-0.003551,0.001226,-0.000516
-0.001598,0.002250,0.003738
-0.002515,0.007578,0.004851
-0.001462,0.007545,0.008021
0.000555,0.002285,0.000539
-0.000411,0.000162,-0.000533
0.001543,-0.001954,-0.002673
0.000514,-0.004078,-0.003759
-0.000542,-0.009377,-0.006984
0.000362,-0.004044,-0.006972
-0.002634,-0.000834,-0.007983
-0.001691,0.001289,-0.006910
-0.001676,0.006619,-0.005811
-0.002635,0.006599,-0.003668
-0.003593,0.001227,-0.000531
-0.002625,-0.000906,-0.000535
-0.003616,-0.005250,0.006855
-0.003634,-0.008473,0.008949
-0.002686,-0.011673,0.008921
-0.002741,-0.009529,0.007871
0.001143,-0.005283,0.010010
0.001181,0.001141,0.007937
0.003187,0.006510,0.004793
0.000349,0.009754,0.000576
0.000433,0.008655,0.003743
-0.000460,0.008667,0.002696
-0.001366,0.006560,-0.000497
-0.000343,0.008715,-0.002600
-0.001285,0.004458,-0.003692
-0.002268,0.002272,0.001622
-0.004201,-0.003144,0.010091
-0.004192,-0.006379,0.013225
-0.006129,-0.014880,0.009980
-0.005259,-0.024496,0.010944
-0.000504,-0.024521,0.013053
-0.000622,-0.014940,0.015238
0.001341,-0.001050,0.013210
0.003377,0.006419,0.013268
0.004477,0.015067,0.002760
0.003602,0.017315,-0.008927
0.002703,0.020601,-0.017373
0.001784,0.019621,-0.025856
-0.001105,0.017436,-0.020550
-0.001114,0.006724,-0.016371
-0.000154,0.006676,-0.011039
-0.006937,0.007692,-0.005697
-0.006926,0.005514,-0.001464
-0.003957,-0.000963,0.005907
-0.003937,-0.003157,0.012274
-0.001949,-0.004229,0.012209
-0.001961,-0.007350,0.003695
-0.001023,-0.006295,0.004745
-0.000040,0.003342,0.001666
-0.003916,0.005496,-0.000458
-0.001921,0.007647,-0.001467
-0.001901,0.001256,-0.002577
0.000026,-0.004148,0.003730
0.002902,-0.010541,0.002599
0.003801,-0.013806,0.008923
0.001797,-0.013767,0.004637
0.001705,-0.008399,0.001480
0.002653,-0.005210,0.002555
0.003649,0.004370,0.004719
0.001755,0.008672,0.001587
0.000870,0.017251,-0.002590
0.000997,0.015171,-0.007913
0.002046,0.015232,-0.014286
0.000112,0.009972,-0.021752
-0.002859,0.007848,-0.022839
-0.001964,0.007835,-0.021806
-0.001046,0.005704,-0.021811
-0.004022,0.007796,-0.017542
-0.003086,0.003452,-0.010158
-0.003084,0.006623,-0.006920
-0.004038,0.002325,-0.003739
-0.004035,-0.002008,0.002582
-0.003073,-0.004166,0.004679
-0.001173,-0.005146,-0.003797
0.000720,-0.009413,-0.003842
0.002579,-0.008273,-0.011273
0.004429,-0.001870,-0.011225
0.001461,0.002407,-0.012276
0.001455,0.009897,-0.014354
-0.001447,0.011007,-0.018588
-0.002398,0.012032,-0.014335
-0.003382,0.006665,-0.011199
-0.003390,0.005591,-0.011213
-0.002434,0.004524,-0.011215
-0.002474,0.000229,-0.008057
-0.002532,-0.005105,-0.008083
-0.001651,-0.011526,-0.005997
-0.001747,-0.012604,-0.004952
-0.003825,-0.011543,-0.004969
-0.004893,-0.006196,-0.005977
-0.002048,-0.004058,-0.005959
-0.003051,0.004427,-0.000559
-0.003001,0.002199,0.009035
-0.000995,-0.002111,0.013262
-0.000970,-0.007415,0.010040
-0.001005,-0.014831,0.004677
-0.001084,-0.015886,0.003634
-0.001151,-0.014863,0.007860
-0.000277,-0.016995,0.007840
-0.000333,-0.007381,0.006849
-0.000329,0.000108,0.004786
-0.002278,0.002244,0.004825
-0.001248,0.006505,0.005944
-0.000229,-0.002031,0.005883
-0.002173,-0.008484,0.011146
-0.004180,-0.020172,0.005710
-0.001395,-0.024450,0.006755
-0.000556,-0.021293,0.011006
0.000293,-0.023470,0.015239
0.000216,-0.020303,0.018422
0.000159,-0.015972,0.012059
0.002095,-0.008473,0.008913
-0.000847,-0.003063,0.001519
0.000150,0.004408,0.001591
0.000204,0.007590,0.003776
-0.000707,0.005446,0.004832
0.001294,0.003334,0.002691
-0.001605,0.001277,-0.004720
-0.001634,-0.005148,-0.002661
-0.002681,-0.009449,0.000478
-0.000792,-0.006255,0.000473
0.001092,-0.006277,0.002581
0.000095,-0.006352,0.009972
-0.001857,-0.008540,0.015245
-0.000871,-0.009604,0.015249
0.002082,-0.005296,0.011007
0.002115,-0.002046,0.005704
0.004084,0.005529,-0.004862
0.003128,0.009895,-0.014381
0.002180,0.013106,-0.015428
0.001184,0.012102,-0.021789
0.002147,0.013190,-0.023909
0.000193,0.018476,-0.018523
-0.001696,0.019450,-0.008930
-0.003538,0.015056,0.003821
-0.004384,0.007482,0.014400
-0.005254,-0.001082,0.017528
-0.005156,-0.005373,0.019599
-0.005115,-0.009613,0.016388
-0.003186,-0.009530,0.007879
-0.000304,-0.006279,0.002567
-0.001302,-0.001982,-0.000627
-0.000341,0.005503,-0.001645
-0.002227,0.011896,-0.000508
-0.000186,0.015110,-0.001520
-0.001077,0.013009,-0.004701
-0.002941,0.014093,-0.005691
-0.002868,0.008663,0.003833
-0.003793,-0.001027,0.012301
-0.003752,-0.006414,0.017580
-0.001768,-0.011763,0.018567
-0.001764,-0.014956,0.017450
-0.000815,-0.011730,0.015312
0.000157,-0.007401,0.008935
0.001141,0.005420,0.006906
0.002195,0.015086,0.000596
-0.000603,0.017293,-0.006826
-0.000529,0.014125,-0.010016
-0.000475,0.009829,-0.006858
-0.002429,0.002352,-0.005821
-0.003444,-0.008334,-0.003744
-0.002539,-0.008385,0.001588
-0.001618,-0.009519,0.007939
-0.001666,-0.011632,0.005798
-0.001716,-0.012734,0.008952
-0.001743,-0.013858,0.014206
-0.001762,-0.009595,0.014195
-0.001749,-0.003151,0.009994
-0.001705,0.001119,0.010023
-0.000663,0.005440,0.004749
0.000355,0.005461,0.002648
0.002363,0.008697,-0.000479
0.002411,0.008741,-0.004717
0.002415,0.003438,-0.007933
0.002388,0.002384,-0.008990
0.000412,0.000270,-0.011151
-0.000613,0.000268,-0.011179
-0.002635,0.000266,-0.011206
-0.002663,0.001232,-0.001675
-0.002667,0.004402,0.001543
-0.002613,0.006483,0.006860
-0.002506,0.009687,0.006915
-0.002397,0.007546,0.007970
-0.001352,0.000110,0.004750
0.000630,-0.001984,0.000495
0.001580,-0.004106,-0.000571
0.001551,-0.003036,-0.000527
0.000539,0.000272,-0.011116
0.002436,0.004504,-0.007916
-0.000480,0.009818,-0.005754
-0.000443,0.011940,-0.004702
0.000608,0.007617,0.000538
-0.003249,0.000118,0.003654
-0.004198,-0.005281,0.009973
-0.003232,-0.007444,0.012044
-0.000324,-0.004189,0.006767
0.002619,0.004368,0.004698
0.002684,0.014048,-0.002638
0.001811,0.016153,0.000598
0.000943,0.012984,-0.002606
0.000055,0.009829,-0.006865
-0.002839,0.004526,-0.010074
-0.000916,0.005593,-0.010057
-0.001897,0.003384,-0.002649
-0.001885,0.005549,-0.005798
-0.000865,0.009776,-0.001503
-0.001785,0.005432,0.005887
-0.000753,0.002262,0.002662
-0.001720,-0.001954,-0.002709
-0.000806,-0.004058,-0.005931
-0.001863,-0.002959,-0.009112
-0.001908,0.000178,-0.002725
-0.001907,0.005505,-0.001575
0.001085,0.012964,-0.000456
-0.000778,0.010830,-0.000446
-0.001685,0.008677,0.001692
-0.002598,0.001212,0.001646
-0.002591,-0.006279,0.003696
-0.001640,-0.008437,0.005771
-0.003647,-0.009485,0.003612
-0.001762,-0.009467,0.001478
0.000123,-0.006278,0.002546
0.001110,0.003314,0.003663
-0.000768,0.007572,0.004761
-0.002626,0.009709,0.004800
0.000379,0.003360,-0.000554
-0.000594,-0.002990,-0.005886
-0.002600,-0.007247,-0.006971
-0.001735,-0.011543,-0.003812
-0.001837,-0.013729,0.001488
-0.003899,-0.008401,0.002616
-0.000036,-0.005234,0.005799
-0.002002,-0.004159,0.004727
-0.001014,-0.000895,-0.001632
0.000918,-0.000886,-0.002714
-0.000068,-0.000867,-0.004863
-0.000083,0.004490,-0.006939
0.000881,0.007723,-0.010101
0.001875,0.009892,-0.013259
0.001869,0.009894,-0.013238
-0.000068,0.008823,-0.013218
-0.000072,0.005568,-0.007941
-0.002013,0.004480,-0.005814
-0.003977,0.000159,-0.000546
-0.002050,-0.000844,-0.006950
-0.002094,-0.000844,-0.006950
-0.001158,0.003413,-0.005880
-0.001154,0.002378,-0.009073
-0.001168,0.004491,-0.006960
-0.000202,0.007703,-0.007987
0.000775,0.003402,-0.004833
0.000751,-0.004078,-0.003831
-0.000280,-0.005089,-0.009132
0.000623,-0.004011,-0.010177
-0.000435,-0.001888,-0.009082
0.000501,0.000213,-0.005895
-0.002431,0.004504,-0.007966
-0.001424,0.011985,-0.008961
-0.001363,0.015186,-0.008947
-0.005203,0.013042,-0.007891
-0.004157,0.009850,-0.008966
-0.004152,0.009850,-0.008959
-0.002168,0.006599,-0.003654
-0.002191,-0.004127,0.001544
0.001661,-0.008428,0.004690
-0.000355,-0.013818,0.009934
-0.000446,-0.012671,0.001408
0.002411,-0.012671,0.001408
0.001366,-0.006267,0.001428
0.001347,0.001211,0.000411
0.000395,0.004468,-0.004838
0.000404,0.006677,-0.012246
-0.001551,0.007776,-0.015385
-0.002566,0.003508,-0.015415
-0.003588,0.005665,-0.017504
-0.002671,0.005634,-0.014315
-0.002717,0.004527,-0.010053
-0.003713,0.001274,-0.004762
-0.003726,-0.003029,-0.001622
-0.001824,-0.003048,0.000520
-0.001865,-0.008394,0.001527
-0.002894,-0.011586,0.000425
-0.001042,-0.013720,0.000370
-0.000163,-0.010466,-0.004921
0.001688,-0.004055,-0.005918
0.001650,0.001261,-0.003729
-0.000283,0.006638,-0.007925
-0.000250,0.009862,-0.010006
-0.003146,0.004511,-0.007890
-0.002205,-0.004101,-0.000544
-0.004193,-0.014805,0.002546
-0.004289,-0.018040,0.005680
-0.002464,-0.015878,0.002510
-0.000612,-0.009519,0.006796
-0.000603,-0.003105,0.005763
0.000395,0.003288,0.006893
0.001446,0.003291,0.006899
-0.000443,0.002288,0.000517
-0.001395,-0.000885,-0.002693
0.001475,-0.005143,-0.003784
-0.000550,-0.008333,-0.004873
0.000335,-0.005089,-0.009096
0.001242,0.004525,-0.010073
-0.000687,0.014098,-0.006792
-0.001595,0.012986,-0.002585
-0.004430,0.009731,0.002692
-0.002402,0.001207,0.001548
-0.004371,-0.003083,0.003633
-0.002440,-0.009478,0.002517
-0.002484,-0.008462,0.007852
0.000415,-0.006302,0.005761
-0.000577,-0.002054,0.007928
0.000417,0.000078,0.007961
0.001420,-0.000957,0.004769
0.001425,-0.001979,0.000500
-0.001509,-0.001926,-0.004819
0.002331,-0.002989,-0.005915
0.001343,0.003435,-0.007988
-0.001585,0.007693,-0.006883
-0.000573,0.011940,-0.004717
-0.000535,0.011963,-0.006832
0.000499,0.009797,-0.003661
-0.002388,0.003343,0.001616
-0.000427,-0.004106,-0.000578
-0.003378,-0.008372,-0.000616
-0.002462,-0.009449,0.000435
-0.001547,-0.008418,0.003608
-0.003521,-0.003093,0.004715
-0.001572,0.001175,0.004760
0.000417,0.003299,0.005846
0.000470,0.004356,0.006931
-0.001407,0.004410,0.001633
0.003513,0.007628,0.000626
0.001638,0.009774,-0.000402
-0.000263,0.002258,0.003792
-0.001174,0.006504,0.005937
-0.001090,0.002209,0.009081
-0.002044,0.002282,0.001633
-0.002037,0.003322,0.003724
0.000942,0.001196,0.002610
0.001914,0.001182,0.003665
-0.000997,-0.004206,0.008937
-0.001965,-0.009593,0.014166
-0.001002,-0.012760,0.010983
-0.000059,-0.009516,0.006774
-0.002031,-0.003091,0.004715
-0.000999,0.005393,0.010130
0.000053,0.011872,0.002779
-0.000831,0.016236,-0.006732
0.000245,0.019407,-0.003507
0.001338,0.015120,-0.001424
0.001407,0.006625,-0.005749
0.002394,0.000258,-0.010089
0.000386,-0.005057,-0.012265
-0.001663,-0.004041,-0.006973
-0.000764,-0.004085,-0.002750
-0.001760,-0.000921,0.000428
-0.000821,-0.001987,0.000425
-0.002763,0.001225,-0.000608
-0.002752,0.002283,0.000483
-0.003729,0.001188,0.003705
-0.005653,-0.002054,0.007942
-0.003689,-0.002088,0.011140
0.000214,-0.005224,0.004760
0.001165,-0.008409,0.003662
0.002102,-0.006319,0.007910
0.000170,-0.004200,0.008963
0.001161,-0.000978,0.006855
0.003157,0.005432,0.005830
0.002273,0.010778,0.004809
0.000443,0.012913,0.004834
-0.001409,0.011890,0.000609
-0.003270,0.009768,-0.000457
-0.005178,0.004392,0.003768
-0.002239,-0.000964,0.005857
-0.003189,-0.004208,0.010073
-0.001255,-0.009556,0.011088
-0.002252,-0.012746,0.010006
-0.001351,-0.011650,0.006791
-0.000409,-0.012720,0.006747
-0.000473,-0.009464,0.001455
0.000439,-0.004119,0.000420
0.000427,0.000146,0.000430
0.001416,0.004428,-0.000559
0.000483,0.006580,-0.002675
0.001467,0.003382,-0.002655
0.001483,0.001220,0.000529
0.000507,-0.003048,0.000506
-0.002434,-0.006279,0.003696
-0.002461,-0.007336,0.002619
-0.002496,-0.007400,0.008985
-0.002504,-0.005289,0.011104
-0.002486,-0.004235,0.012169
-0.001475,0.000054,0.010070
0.000520,0.002188,0.010082
0.001576,0.003297,0.005833
0.001601,0.001216,0.000509
0.000649,0.002230,0.005817
0.000669,-0.000924,0.001550
0.000671,-0.000900,-0.000530
-0.000319,-0.000906,-0.000542
0.001610,-0.001963,-0.001620
-0.000357,-0.002001,0.002630
-0.001336,-0.003058,0.001553
-0.002340,-0.006258,0.001524
-0.003336,-0.005201,0.002601
-0.002394,-0.003122,0.007933
-0.002378,0.002202,0.009034
-0.001346,0.003268,0.010143
-0.000327,0.002263,0.003747
0.000686,0.001194,0.003767
0.000722,0.001196,0.003788
-0.001205,-0.005200,0.002665
-0.002197,-0.011614,0.003663
-0.001291,-0.011584,0.000474
-0.000387,-0.009504,0.005776
-0.000418,-0.006321,0.007926
-0.000413,-0.005326,0.015396
-0.000346,-0.005378,0.020708
-0.001236,-0.005370,0.019605
0.000755,-0.007441,0.013200
0.001746,-0.007400,0.008928
-0.000207,-0.006293,0.004673
-0.003144,-0.002012,0.003677
-0.001209,0.002340,-0.004795
-0.000235,0.010940,-0.011093
-0.001173,0.014121,-0.008936
-0.000155,0.013004,-0.003606
-0.001058,0.007615,0.001688
-0.001043,-0.003025,-0.001588
-0.002054,-0.008356,-0.001615
-0.003085,-0.016968,0.005737
-0.003192,-0.020201,0.008878
-0.002321,-0.015870,0.002522
-0.001436,-0.007305,-0.000642
0.000496,0.002309,-0.001626
0.000506,0.009766,-0.000499
0.000579,0.009746,0.001644
-0.000325,0.009789,-0.002600
-0.003201,-0.000889,-0.001584
-0.002255,-0.006232,-0.000535
-0.002321,-0.012678,0.003653
-0.002406,-0.012687,0.004727
-0.002477,-0.013789,0.007909
-0.003508,-0.014919,0.014230
-0.000605,-0.011731,0.015291
-0.002567,-0.008521,0.014238
-0.001570,-0.007435,0.012104
0.001362,-0.003147,0.010006
0.002333,-0.002048,0.006833
-0.001530,0.002276,0.001557
0.000429,0.002340,-0.004802
0.000411,0.002361,-0.006924
0.000400,0.005552,-0.005821
-0.000574,0.009810,-0.004701
-0.002450,0.007623,0.000592
-0.002414,0.001244,-0.001580
-0.001438,-0.000913,0.000496
-0.003398,-0.006254,0.001544
-0.001488,-0.012724,0.007812
-0.002515,-0.014882,0.009917
-0.000625,-0.012718,0.006725
-0.000674,-0.003094,0.004666
0.000307,0.000119,0.003640
0.000355,0.009736,0.002669
-0.000547,0.008692,0.000565
0.002426,0.008691,0.000580
0.001526,0.008747,-0.004698
-0.000384,0.005523,-0.002596
-0.000368,0.002332,-0.003692
-0.001340,-0.001971,-0.000546
-0.000376,-0.002014,0.003692
-0.001329,0.001166,0.005842
-0.001271,0.005456,0.003750
0.001723,0.008669,0.002688
0.000824,0.011944,-0.004718
-0.000082,0.013027,-0.006850
-0.001991,0.008760,-0.006860
-0.000987,0.009831,-0.006851
-0.000981,0.006609,-0.004744
-0.001944,0.004464,-0.003694
-0.001931,-0.000893,-0.001618
-0.001953,-0.003070,0.002607
-0.002953,-0.006323,0.007905
-0.003937,-0.011711,0.013177
-0.002994,-0.013826,0.011016
-0.000106,-0.006337,0.008945
-0.000081,-0.002058,0.007915
0.000911,-0.002056,0.007928
-0.001024,-0.001961,-0.001634
-0.000078,0.002386,-0.009011
-0.002062,0.001340,-0.011136
-0.000155,-0.001916,-0.005858
0.000785,-0.003046,0.000519
-0.002174,-0.012741,0.010011
-0.004158,-0.014906,0.013196
-0.004185,-0.022444,0.019449
-0.001354,-0.025626,0.017278
0.002481,-0.010654,0.014226
-0.001386,0.000047,0.011108
0.001598,0.002222,0.006869
0.003607,0.006568,-0.000493
0.002675,0.013004,-0.003620
0.002744,0.014124,-0.008923
0.000832,0.014215,-0.018492
0.001818,0.014270,-0.023783
0.000827,0.013180,-0.021677
-0.002120,0.002456,-0.016451
-0.003168,0.000325,-0.016471
-0.004208,-0.002877,-0.016513
-0.005256,-0.002987,-0.005909
-0.005310,-0.007288,-0.002770
-0.005380,-0.006230,-0.001700
-0.001542,-0.003041,-0.000639
-0.001578,-0.001984,0.000445
-0.000612,-0.004129,0.001495
0.000347,-0.003059,0.001517
0.001293,-0.004105,-0.000614
0.000297,0.000167,-0.000542
0.000293,0.000167,-0.000542
-0.000695,0.000196,-0.003739
0.003195,0.003458,-0.010118
0.002201,0.005681,-0.018581
0.001199,0.009917,-0.015361
0.000236,0.007726,-0.010102
-0.001714,0.004544,-0.012273
-0.001744,0.002389,-0.010184
-0.001807,-0.001871,-0.011303
-0.003838,0.000263,-0.011269
-0.004861,0.002367,-0.008047
-0.001944,0.007663,-0.003729
-0.000967,0.004421,0.000515
-0.002842,0.004395,0.003745
-0.002791,0.001162,0.006914
0.001141,-0.000974,0.006897
-0.000809,-0.008454,0.007906
-0.002787,-0.010547,0.003615
0.000065,-0.007263,-0.004879
-0.000009,-0.000812,-0.010162
0.000945,0.008768,-0.007984
-0.000001,0.012013,-0.012214
0.001036,0.018436,-0.014294
0.000109,0.018470,-0.017456
-0.000839,0.009935,-0.017510
-0.001840,0.002434,-0.014336
-0.003839,-0.005035,-0.014394
-0.001041,-0.012525,-0.012366
-0.004122,-0.013591,-0.012355
-0.002316,-0.010455,-0.005953
-0.002389,-0.004107,-0.000613
-0.000452,-0.000914,0.000489
-0.002398,0.002295,-0.000578
-0.000433,0.002308,-0.001640
-0.001375,0.004441,-0.001635
0.000549,-0.001901,-0.008063
0.001456,-0.002926,-0.012324
0.000398,-0.001846,-0.013355
0.001308,0.002444,-0.015439
0.001250,0.004609,-0.018604
0.000228,0.005655,-0.016472
-0.001774,0.003522,-0.016456
-0.004750,-0.000769,-0.014378
-0.003874,-0.009358,-0.009148
-0.004001,-0.014705,-0.008147
-0.005100,-0.008345,-0.003868
-0.003211,0.000162,-0.000583
-0.002199,0.005457,0.003714
-0.004099,0.006544,0.001580
-0.002098,0.008713,-0.001542
0.000862,0.003367,-0.000514
0.000843,-0.006256,0.001523
0.003677,-0.015912,0.006758
0.003567,-0.020132,0.001382
0.000522,-0.015848,0.000421
-0.000529,-0.015906,0.005692
-0.001591,-0.014832,0.004592
-0.000685,-0.008375,-0.000686
-0.001674,0.002274,0.001515
-0.001616,0.007544,0.007964
-0.003465,0.011825,0.006954
-0.002382,0.013995,0.003831
-0.000318,0.016132,0.003884
-0.001192,0.004353,0.008067
0.000793,-0.005280,0.011208
0.001741,-0.010573,0.006889
0.002653,-0.013709,0.000509
0.004508,-0.013723,0.001550
0.000549,-0.007326,0.001529
-0.000450,0.002329,-0.003733
-0.000416,0.012003,-0.011132
-0.002312,0.013110,-0.015423
-0.002275,0.012011,-0.012249
-0.002254,0.010902,-0.008008
-0.005155,0.003403,-0.004855
-0.004216,-0.002994,-0.004863
-0.004281,-0.007344,0.003636
-0.003328,-0.008518,0.014258
-0.001391,-0.009605,0.016385
-0.002327,-0.007472,0.016411
0.001592,-0.006397,0.015324
0.002603,-0.004222,0.011057
0.001697,0.008614,0.007972
0.000853,0.019323,0.003816
0.002954,0.020444,-0.001473
0.002098,0.018395,-0.010001
-0.000763,0.017393,-0.016369
-0.002665,0.013128,-0.016394
-0.004627,0.007741,-0.011108
-0.004634,0.003434,-0.006895
-0.004656,-0.001988,0.001539
-0.003678,-0.005246,0.006825
-0.004634,-0.003178,0.013182
-0.002658,-0.004257,0.014213
-0.002620,-0.003168,0.012114
0.000368,0.000044,0.011102
0.001420,0.006480,0.007989
0.001512,0.007571,0.005883
0.002551,0.004445,-0.001559
0.001611,0.001255,-0.002655
-0.001315,-0.002981,-0.005868
-0.001377,-0.005129,-0.004832
-0.002433,-0.003006,-0.003766
-0.004401,0.002298,-0.000544
-0.003418,0.002244,0.004754
-0.001411,0.004337,0.009024
-0.003288,0.000057,0.010033
-0.002265,-0.006379,0.013175
-0.003261,-0.012727,0.007835
0.000587,-0.012729,0.007829
0.000514,-0.009517,0.006803
0.001466,-0.002002,0.002616
0.001494,0.006577,-0.001553
0.002536,0.015134,-0.003615
0.002639,0.016244,-0.007856
0.000751,0.014166,-0.013188
0.002739,0.012020,-0.012160
-0.002123,0.006651,-0.009016
-0.004082,0.003440,-0.007969
-0.003129,0.001297,-0.006920
-0.004130,-0.000869,-0.003763
-0.005122,-0.007328,0.001487
-0.002247,-0.010571,0.005717
-0.003240,-0.010634,0.012097
-0.004242,-0.010676,0.016348
-0.000323,-0.005340,0.016409
-0.001275,-0.003174,0.013252
-0.000289,0.000102,0.005845
0.000711,-0.002022,0.004766
0.000688,-0.004113,0.000510
0.001628,-0.006280,0.003661
0.002552,-0.008433,0.005742
0.001513,-0.011668,0.008883
0.001503,-0.008448,0.006769
0.001477,-0.003103,0.005733
0.000520,0.004383,0.003643
-0.000372,0.008645,0.004790
-0.003214,0.009678,0.008004
-0.005078,0.002169,0.012217
-0.006002,-0.003180,0.014346
-0.005994,-0.017032,0.012089
-0.002170,-0.019144,0.009949
-0.001345,-0.023393,0.007775
0.001433,-0.020205,0.008858
0.003263,-0.015947,0.009950
0.003219,-0.010598,0.008941
0.000292,-0.007389,0.007874
0.001237,-0.007360,0.004699
0.003169,-0.001983,0.000481
0.001211,-0.000893,-0.001633
-0.000751,0.003407,-0.004786
0.001206,0.005565,-0.006854
0.000256,0.007689,-0.005775
0.001260,0.005587,-0.008962
0.003213,0.002398,-0.010037
-0.000721,0.003454,-0.008974
-0.004664,-0.004061,-0.004823
-0.003758,-0.007238,-0.006981
-0.002858,-0.008350,-0.002781
-0.000969,-0.000896,-0.001675
-0.001946,0.001206,0.001513
0.001009,0.003339,0.001539
0.002018,0.003327,0.002580
0.002043,0.004438,-0.001655
0.001096,0.005496,-0.000557
-0.001791,0.004399,0.002651
-0.003695,0.004413,0.001632
-0.002669,0.002269,0.002674
-0.002646,0.005481,0.001641
-0.004543,0.001163,0.006921
-0.002565,-0.000984,0.007929
-0.003510,-0.005265,0.008960
-0.002552,-0.004136,0.002583
0.000363,-0.004124,0.001493
0.000338,-0.003069,0.002550
0.000352,0.002253,0.003644
0.000373,0.008711,-0.001577
0.002377,0.009770,-0.000501
-0.000477,0.010873,-0.003633
-0.000397,0.007639,-0.000478
0.000643,0.006592,-0.002594
-0.000300,0.003356,0.000554
-0.000295,0.003451,-0.009016
-0.001284,0.002392,-0.010107
-0.003261,0.005582,-0.009031
-0.003274,0.008707,-0.001604
-0.003226,0.006552,0.000506
-0.003147,0.008647,0.004782
-0.001124,0.010792,0.003746
-0.001003,0.010816,0.001659
0.001013,0.007615,0.001638
0.000081,-0.001956,-0.001615
0.000053,-0.008326,-0.004847
-0.000988,-0.005114,-0.005894
-0.000074,-0.006214,-0.002728
-0.002079,-0.002983,-0.005875
-0.002121,-0.001929,-0.004832
-0.003129,0.001242,-0.001643
-0.002159,-0.001940,-0.003820
-0.003163,-0.005165,-0.001726
-0.002230,-0.004119,0.000413
-0.001301,-0.005213,0.003627
-0.002297,-0.007357,0.004691
0.001575,-0.006259,0.001539
0.000569,-0.004144,0.003700
-0.000404,0.000087,0.008008
0.000596,0.001198,0.003780
-0.000366,0.000169,-0.000493
0.000619,0.004457,-0.002606
-0.000335,0.006580,-0.001547
-0.001301,0.005509,-0.001605
-0.002234,0.002270,0.002645
-0.001208,-0.002083,0.011110
-0.002150,-0.005309,0.013198
-0.000190,-0.006335,0.008917
-0.000191,-0.006306,0.005713
0.001731,-0.004087,-0.002763
0.001677,-0.001908,-0.006996
-0.000315,0.001326,-0.010145
-0.002265,0.007717,-0.009006
-0.003227,0.011956,-0.005765
-0.000238,0.019486,-0.012072
0.001807,0.022741,-0.017349
0.001886,0.020546,-0.010981
0.000011,0.013078,-0.011026
-0.001913,0.004490,-0.005775
-0.000961,-0.007259,-0.004823
-0.003981,-0.012618,-0.002754
-0.005071,-0.010476,-0.003831
-0.003214,-0.008412,0.003613
-0.001278,-0.006343,0.009983
-0.001281,-0.005280,0.009952
-0.001277,-0.003063,0.001455
0.000667,-0.004123,0.001478
-0.000329,-0.001988,0.001504
0.000626,0.000186,-0.002713
0.000597,0.003465,-0.010078
-0.000382,0.005584,-0.008997
-0.000378,0.005545,-0.004711
-0.000344,0.004429,0.000618
-0.001286,0.003373,-0.000452
-0.002226,0.000157,0.000547
-0.001225,0.003377,-0.001582
-0.000241,0.005499,-0.000537
-0.000182,0.009766,-0.000521
-0.000113,0.014074,-0.003641
0.000934,0.014103,-0.006858
0.001013,0.017300,-0.006793
-0.000846,0.012981,-0.001498
-0.002744,0.006622,-0.005798
-0.001745,0.002365,-0.006883
-0.002762,-0.004027,-0.008021
-0.002802,-0.004067,-0.003749
-0.002857,-0.004080,-0.002723
-0.000916,0.001256,-0.002676
-0.001837,0.006516,0.004791
-0.001775,0.006504,0.005845
-0.001668,0.011825,0.006939
-0.001544,0.015079,0.001655
-0.002411,0.010814,0.001638
-0.003301,0.005479,0.001592
0.000644,0.007614,0.001596
0.000703,0.006568,-0.000543
0.000740,0.009810,-0.004737
0.000792,0.009821,-0.005784
-0.002072,0.007646,-0.001552
-0.001084,0.004466,-0.003709
-0.001052,0.006578,-0.001554
-0.001986,0.003343,0.001581
-0.000960,0.000115,0.004748
-0.000946,-0.004197,0.008955
-0.000951,-0.000953,0.004725
0.001968,-0.004038,-0.006981
0.002855,-0.008289,-0.009146
0.001746,-0.013592,-0.012376
0.002574,-0.006134,-0.011263
0.000539,-0.004021,-0.009116
-0.001444,0.003452,-0.009052
-0.000444,0.006633,-0.006895
-0.001379,0.007666,-0.003716
-0.000368,0.006579,-0.001582
-0.000356,0.005540,-0.004774
0.000627,0.002360,-0.006930
0.000606,0.002375,-0.007986
-0.000400,0.001341,-0.011171
-0.001413,0.000271,-0.011173
-0.003403,0.000197,-0.003732
-0.002469,-0.000858,-0.004803
-0.003479,-0.002022,0.004723
-0.003503,-0.009522,0.007833
-0.004489,-0.010664,0.015244
-0.003513,-0.007455,0.014191
-0.001511,-0.002099,0.012108
0.001454,0.004337,0.008988
0.002519,0.005426,0.006882
0.001638,0.004357,0.006874
-0.001195,0.007539,0.009044
-0.000145,0.003302,0.005838
-0.000112,0.004477,-0.004756
-0.001064,0.008756,-0.005779
-0.000045,0.013005,-0.003592
-0.000939,0.017224,0.001763
0.000174,0.016167,0.000686
-0.000683,0.008690,0.000601
-0.002586,-0.000883,-0.002679
-0.003628,-0.010474,-0.003832
-0.004716,-0.010476,-0.003860
-0.000916,-0.004058,-0.004852
-0.000958,0.002280,0.001570
0.000080,0.008617,0.007993
0.000173,0.008649,0.004817
-0.001652,0.007574,0.005896
0.001336,0.002291,0.000537
0.001325,-0.001945,-0.002690
-0.000657,-0.007302,-0.000615
0.000258,-0.002994,-0.004814
0.001198,0.006609,-0.004744
0.002243,0.012968,-0.000457
0.001352,0.014025,0.000613
0.000476,0.009758,0.000561
-0.001424,0.004475,-0.004798
-0.003366,-0.000883,-0.002729
-0.003398,-0.006261,0.001475
-0.003456,-0.010527,0.001458
-0.000585,-0.001979,0.000479
-0.000578,0.003342,0.001581
-0.000544,0.006523,0.003745
-0.000524,-0.000943,0.003692
0.000474,-0.002065,0.008967
-0.000491,-0.007407,0.009994
-0.000492,-0.008463,0.008931
0.000462,-0.003110,0.006871
0.001475,0.005448,0.004817
0.000568,0.009732,0.003799
0.002604,0.009784,-0.001513
0.001696,0.007650,-0.001518
0.000750,0.007690,-0.005796
-0.001205,0.001339,-0.011171
-0.003192,-0.002910,-0.013358
-0.000363,-0.004000,-0.011252
-0.001405,-0.000821,-0.009123
-0.000487,0.003395,-0.003788
-0.001463,0.004485,-0.005880
-0.002421,0.001190,0.003683
-0.003378,-0.003121,0.007897
-0.000443,-0.008406,0.002560
0.000458,-0.010476,-0.003824
0.001335,-0.009393,-0.004871
0.001245,-0.001913,-0.005866
0.000238,0.001276,-0.004756
-0.000752,0.003420,-0.005819
0.001174,0.000260,-0.010140
0.000160,0.002372,-0.008020
0.000135,-0.000904,-0.000628
-0.001836,-0.002984,-0.005938
-0.000925,-0.007277,-0.003867
0.000952,-0.000851,-0.005912
-0.001017,0.004466,-0.003709
-0.001968,0.004404,0.002678
-0.002901,0.001153,0.007996
-0.003816,0.000120,0.004832
-0.003771,-0.005291,0.012212
-0.003775,-0.011717,0.014251
0.001084,-0.008473,0.010027
0.000112,-0.003118,0.007924
0.002056,-0.003129,0.008992
0.000145,0.003240,0.012197
0.003140,0.008650,0.004802
0.004222,0.014069,-0.003660
0.007223,0.016273,-0.011095
0.006309,0.019517,-0.015311
0.002472,0.020637,-0.020586
0.001526,0.017425,-0.019560
-0.003307,0.016405,-0.023772
-0.004288,0.013162,-0.019542
-0.006235,0.007727,-0.008938
-0.007180,0.001250,-0.001560
-0.006208,-0.002038,0.006914
-0.006182,-0.009562,0.012140
-0.003291,-0.014921,0.014188
-0.001401,-0.020248,0.013060
-0.000513,-0.015939,0.008825
0.001368,-0.009505,0.005691
0.002287,-0.004073,-0.003847
0.004161,0.000258,-0.010189
0.005080,0.008857,-0.016473
0.003153,0.016329,-0.016380
-0.000691,0.018466,-0.016334
-0.002550,0.016250,-0.007823
-0.002483,0.007705,-0.006795
-0.004402,-0.000938,0.003755
-0.006333,-0.004238,0.013277
-0.004355,-0.006418,0.017467
-0.002387,-0.010684,0.017415
0.000550,-0.008521,0.014210
0.002522,-0.000989,0.007874
0.001576,0.004375,0.004689
0.003566,0.009805,-0.004813
0.002673,0.016210,-0.004722
0.001790,0.019457,-0.008932
-0.001062,0.015204,-0.009968
0.000941,0.012015,-0.011044
-0.001986,-0.001868,-0.010104
-0.003986,-0.010480,-0.002723
-0.005020,-0.011621,0.004702
-0.005081,-0.014907,0.013140
-0.005137,-0.014911,0.013092
-0.002241,-0.012769,0.012008
0.000688,0.002158,0.013178
0.000751,0.006447,0.011080
0.001849,0.011879,0.001585
0.003896,0.017301,-0.006836
0.003000,0.021668,-0.016313
0.003085,0.018427,-0.012056
0.000206,0.007716,-0.007870
-0.002698,0.004527,-0.008938
-0.001742,0.001283,-0.004722
-0.002734,-0.003035,-0.000556
-0.002793,-0.007316,0.000440
-0.001849,-0.006283,0.003605
-0.002859,-0.007374,0.005690
-0.000922,-0.002020,0.003566
0.001026,0.005472,0.001509
-0.000902,0.007629,-0.000595
0.000129,0.009809,-0.004786
0.002101,0.011979,-0.007895
0.002142,0.008821,-0.012153
0.001181,0.007723,-0.008951
0.002161,0.002368,-0.006855
-0.000768,-0.001912,-0.005838
0.000171,-0.004090,-0.001627
-0.000851,-0.010559,0.004649
-0.002861,-0.008406,0.002504
-0.001921,-0.000939,0.002541
0.000052,0.007576,0.004738
-0.002775,0.010811,0.001604
-0.001719,0.011958,-0.005823
0.000255,0.014109,-0.007889
0.001267,0.011987,-0.008955
0.003254,0.007671,-0.003632
0.000341,-0.000864,-0.003679
-0.000645,-0.004151,0.004802
-0.004531,-0.013777,0.006827
-0.000681,-0.017011,0.009918
-0.000768,-0.011647,0.006740
-0.002756,-0.003064,0.001462
0.000191,0.004469,-0.004853
0.002169,0.008751,-0.005898
0.001235,0.013073,-0.011152
0.000300,0.013035,-0.006853
-0.001592,0.008760,-0.005781
-0.002556,-0.001912,-0.005824
-0.000663,-0.006199,-0.003712
0.001222,-0.012672,0.003686
-0.000782,-0.006292,0.005850
-0.001767,-0.009475,0.003673
-0.000830,-0.006234,-0.000592
-0.001844,-0.001915,-0.005937
0.000056,0.004518,-0.009085
-0.003856,0.009839,-0.007983
-0.003788,0.019437,-0.006789
-0.003678,0.016218,-0.004654
-0.000682,0.009786,-0.001485
0.000325,-0.001952,-0.001545
-0.000657,-0.006283,0.004811
0.002225,-0.013712,0.000474
0.002131,-0.011549,-0.002739
0.003979,-0.010422,-0.009151
0.003861,-0.005089,-0.009139
0.001886,0.007631,-0.000575
0.000013,0.012957,0.000547
-0.001823,0.012947,0.001615
-0.003681,0.009780,-0.001568
-0.003625,0.005554,-0.005807
-0.004587,0.003380,-0.001554
-0.001676,-0.004107,0.000544
-0.001697,-0.009518,0.007917
-0.001753,-0.010522,0.001506
0.000115,-0.006222,-0.001653
0.000044,-0.008341,-0.003849
0.002907,0.003438,-0.008011
0.001946,0.013012,-0.004745
0.002046,0.020524,-0.008930
0.002186,0.026961,-0.012022
-0.000589,0.025882,-0.010978
0.000504,0.019504,-0.013107
-0.001398,0.010979,-0.014215
-0.000444,0.001386,-0.015381
-0.001538,-0.010351,-0.015477
-0.001687,-0.010367,-0.014478
-0.002793,-0.008372,-0.000673
-0.001872,-0.005257,0.007822
-0.001828,0.002235,0.005765
-0.001774,0.008653,0.003672
-0.001692,0.011900,-0.000502
0.001290,0.006566,-0.000563
0.000353,0.004444,-0.001622
0.000374,0.000198,-0.003768
-0.000650,0.000243,-0.007984
0.001261,0.003486,-0.012178
0.002210,0.005642,-0.014275
0.000258,0.010936,-0.010006
-0.000661,0.012985,-0.001492
-0.002535,0.008761,-0.005760
-0.003462,0.007662,-0.002586
-0.005375,0.005511,-0.001542
-0.002408,0.004401,0.002679
-0.000429,-0.003140,0.010054
-0.001407,-0.008475,0.010007
-0.005325,-0.013812,0.009968
-0.003446,-0.013750,0.003581
-0.002555,-0.008409,0.003640
0.000322,-0.005208,0.003668
0.002249,-0.001985,0.001560
0.004198,0.001162,0.006872
0.003234,-0.003059,0.001531
0.001280,0.000227,-0.006936
0.001248,0.000227,-0.006985
0.002207,0.003470,-0.011215
0.002185,0.012026,-0.013269
0.001242,0.014171,-0.014304
-0.001630,0.014134,-0.010027
-0.002560,0.010871,-0.003661
-0.005426,0.008664,0.003782
-0.002423,0.006519,0.004825
-0.001386,0.003308,0.005872
0.001556,-0.002061,0.008994
0.001584,-0.003087,0.004735
-0.000389,-0.008422,0.004702
0.000536,-0.005159,-0.001649
-0.000458,0.003428,-0.006915
0.000536,0.011969,-0.006834
-0.000380,0.015172,-0.006786
-0.004153,0.021548,-0.003506
-0.004025,0.015185,-0.007840
-0.002016,0.009868,-0.010022
-0.002010,0.002409,-0.011148
-0.001100,-0.004028,-0.008056
-0.000203,-0.003004,-0.003810
-0.000257,-0.001960,-0.001692
-0.000271,0.001207,0.001484
-0.000245,0.004366,0.005785
0.000802,0.003239,0.012190
-0.002043,-0.005337,0.016394
-0.003955,-0.011684,0.011060
-0.003027,-0.019124,0.007784
-0.004100,-0.019058,0.001439
-0.004240,-0.016928,0.001466
-0.002396,-0.011604,0.002553
-0.002454,-0.001955,-0.001651
0.000441,0.002301,-0.000566
0.001418,0.004392,0.003718
0.001476,-0.001049,0.014295
0.002510,0.001111,0.012211
0.001602,0.000067,0.010101
-0.000280,-0.002037,0.006921
-0.000280,-0.002997,-0.003691
0.000667,0.001326,-0.008967
0.001622,0.008867,-0.016377
0.002604,0.018470,-0.016314
0.002666,0.024869,-0.016306
0.000793,0.018442,-0.014225
-0.002076,0.014172,-0.014283
-0.002059,0.003447,-0.009071
-0.002109,-0.002954,-0.009099
-0.004136,-0.008360,-0.001728
-0.002274,-0.012678,0.003582
-0.004321,-0.021314,0.013093
-0.004443,-0.026672,0.015147
-0.001624,-0.025590,0.014094
0.002184,-0.013791,0.007782
0.000182,-0.007402,0.008893
0.000212,0.006465,0.010137
0.000342,0.016141,0.002788
0.001427,0.014071,-0.003604
-0.001444,0.006639,-0.006812
-0.000489,0.000248,-0.007908
0.001407,-0.002995,-0.003678
0.001354,-0.004074,-0.002640
0.002302,-0.003006,-0.002652
-0.002585,-0.002968,-0.006951
-0.001690,-0.002942,-0.010161
0.000199,0.001302,-0.008036
0.002129,0.008721,-0.002688
0.001197,0.010854,-0.002683
-0.000689,0.012909,0.005900
-0.000565,0.003213,0.015420
-0.001456,-0.005303,0.013231
-0.000460,-0.010554,0.004697
0.001423,-0.014715,-0.007065
0.000306,-0.011453,-0.013445
0.000132,-0.008183,-0.019827
0.000001,0.002424,-0.013368
-0.000017,0.010960,-0.013300
-0.001939,0.016234,-0.006860
-0.005747,0.014090,-0.005782
-0.003722,0.001170,0.005819
-0.004686,-0.009537,0.010031
-0.003766,-0.013783,0.007886
0.001030,-0.019107,0.006799
0.003837,-0.020165,0.005708
0.003725,-0.013724,0.001479
0.002692,-0.004069,-0.003777
-0.000269,0.002378,-0.007980
-0.002252,0.004555,-0.012205
-0.000293,0.008822,-0.012160
-0.001242,0.015257,-0.015281
-0.001196,0.011997,-0.008916
-0.001141,0.009800,-0.002548
-0.003052,0.002276,0.002721
-0.003052,-0.007379,0.007977
-0.005030,-0.018116,0.014250
-0.003152,-0.022416,0.017396
-0.003205,-0.013909,0.020646
-0.000266,-0.004255,0.015383
0.001727,0.003265,0.010102
0.002788,0.008653,0.004829
0.003838,0.011874,0.002714
0.001975,0.010829,0.000583
0.001061,0.006673,-0.011138
0.000055,0.005692,-0.019622
-0.000983,0.003528,-0.016443
-0.000073,0.004576,-0.014284
-0.002987,0.005524,-0.002611
-0.002958,-0.002019,0.004772
-0.002936,-0.001004,0.010072
-0.003834,-0.001060,0.015349
-0.001817,-0.001062,0.015329
-0.001768,-0.006376,0.013167
0.000206,-0.003132,0.008944
0.001198,0.001178,0.004723
-0.000738,0.002279,0.001577
0.002213,0.004415,0.001617
0.002268,0.003338,0.002647
0.001332,-0.001965,-0.000576
-0.002561,0.001279,-0.004771
-0.001590,0.002345,-0.004775
-0.000632,-0.001928,-0.004854
-0.002626,-0.007287,-0.002806
-0.000733,-0.004064,-0.004936
-0.001751,0.000162,-0.000647
-0.000778,0.002251,0.003631
0.001213,0.004354,0.006839
0.001265,0.002244,0.004712
0.000331,0.002265,0.002597
0.000348,0.000135,0.002605
0.000374,-0.003129,0.008957
-0.000614,-0.006289,0.004693
-0.001620,-0.010610,0.009967
-0.002625,-0.012753,0.011023
-0.004627,-0.017010,0.009931
-0.005655,-0.017085,0.017337
-0.004769,-0.024558,0.017231
-0.005855,-0.025588,0.012958
-0.001128,-0.029816,0.008656
0.003579,-0.021298,0.010809
0.006399,-0.014885,0.009797
0.006336,-0.010535,0.001347
0.007276,-0.001892,-0.009202
0.008209,0.008888,-0.019712
0.006253,0.020661,-0.022751
0.004345,0.025012,-0.031208
0.001447,0.029334,-0.036469
-0.001412,0.027165,-0.032203
-0.002355,0.021728,-0.021571
-0.004286,0.008802,-0.010003
-0.007218,-0.006212,-0.002700
-0.004378,-0.016906,-0.000713
-0.004533,-0.024421,0.003438
-0.003705,-0.021284,0.009839
-0.004791,-0.015929,0.007729
-0.000977,-0.016947,0.002395
0.004761,-0.013737,0.001327
0.001749,-0.001899,-0.008085
0.000729,0.004551,-0.012218
0.003649,0.005609,-0.011134
0.002625,0.003573,-0.020674
0.000607,-0.000697,-0.020732
-0.000513,-0.007079,-0.022910
-0.001646,-0.010326,-0.018707
-0.004733,-0.010455,-0.005996
-0.004828,-0.013791,0.007760
-0.003887,-0.009588,0.014143
-0.002896,-0.008533,0.015228
-0.002883,-0.006407,0.016342
-0.000915,-0.009575,0.013131
0.001005,-0.011654,0.007842
-0.000033,-0.011612,0.003598
-0.000124,-0.014801,0.002537
-0.000246,-0.014753,-0.001666
-0.000339,-0.012650,0.001550
-0.001369,-0.011627,0.005782
-0.001396,-0.007401,0.010085
-0.001387,-0.007457,0.015377
-0.003305,-0.011759,0.018501
-0.002325,-0.017093,0.018447
-0.001386,-0.016060,0.021612
-0.000462,-0.016050,0.020551
-0.001454,-0.012848,0.020593
-0.001464,-0.008468,0.010047
0.001479,0.002214,0.009086
0.003491,0.009722,0.004895
0.006495,0.009787,-0.001464
0.003622,0.005608,-0.009956
0.003611,0.000322,-0.015363
0.002568,0.002465,-0.016433
0.002501,0.000315,-0.015446
-0.000480,-0.000819,-0.009131
-0.000499,0.004453,-0.002704
-0.005354,0.004399,0.002594
-0.001394,0.006470,0.008986
-0.004230,0.002224,0.006848
-0.004196,-0.003089,0.004707
-0.003226,-0.004165,0.005758
0.000644,-0.006277,0.003638
0.002554,-0.004066,-0.003771
0.003527,0.002387,-0.009055
0.003531,0.008789,-0.008998
0.000646,0.009783,-0.001541
-0.004161,0.008698,0.000599
-0.005036,0.006519,0.004796
-0.003999,0.004407,0.002663
-0.002991,-0.002036,0.006892
-0.001046,-0.000989,0.009030
-0.000035,-0.004286,0.018551
0.000998,-0.008551,0.017434
0.000986,-0.007392,0.007846
0.000998,0.001212,0.001546
0.001985,0.010846,-0.001580
0.000109,0.015114,-0.001543
0.000215,0.016248,-0.007865
-0.001627,0.019495,-0.012061
-0.001573,0.008855,-0.015351
-0.003557,0.000316,-0.015432
-0.001696,-0.007144,-0.016558
-0.000853,-0.009328,-0.011209
-0.001936,-0.010481,-0.002744
-0.002005,-0.007323,0.001521
-0.002023,-0.003056,0.001545
-0.000097,-0.004175,0.006818
-0.002035,-0.007387,0.007851
-0.000104,-0.004162,0.005764
-0.000104,-0.001935,-0.003801
0.001796,0.000252,-0.009094
0.003726,0.008822,-0.012196
0.004697,0.014189,-0.015332
0.002770,0.015277,-0.017445
0.002781,0.012054,-0.015358
-0.000094,0.005537,-0.003708
-0.003964,-0.001964,-0.000569
-0.004942,-0.000916,0.001590
-0.002000,-0.000950,0.004745
-0.002932,0.001194,0.003689
-0.001921,0.001214,0.001581
0.000033,0.001204,0.002642
-0.001904,-0.002032,0.005770
-0.001926,-0.003077,0.003652
0.000015,-0.003045,0.000462
-0.000013,-0.000921,0.001549
-0.001961,0.000145,0.001566
0.000969,0.001245,-0.001601
0.001937,-0.000881,-0.002708
-0.000035,-0.003015,-0.002727
-0.001038,-0.006206,-0.003845
-0.001077,-0.001947,-0.002732
-0.001087,0.001226,0.000485
-0.000074,0.006583,-0.001584
-0.001979,0.006602,-0.003705
-0.001957,0.004469,-0.003710
-0.001948,0.000168,-0.000557
-0.002944,-0.005199,0.002593
-0.000070,-0.008366,-0.000604
-0.001084,-0.006221,-0.001639
0.000824,-0.001994,0.002642
0.001798,0.001238,-0.000527
0.001814,0.006602,-0.003662
-0.000093,0.007721,-0.008979
-0.002042,0.004511,-0.007954
-0.001086,-0.000848,-0.005899
-0.004056,-0.004040,-0.007016
-0.005095,-0.006225,-0.001702
-0.002231,-0.008410,0.003591
-0.000335,-0.004132,0.002553
0.000643,0.002305,-0.000575
0.000663,0.004452,-0.001582
0.000675,-0.000854,-0.004818
-0.000318,-0.000844,-0.005886
-0.002324,-0.002980,-0.005890
-0.001395,-0.004058,-0.004838
0.001463,0.000199,-0.003754
0.001460,0.008767,-0.006883
0.000514,0.008709,-0.000469
-0.000371,0.007556,0.008002
-0.000269,0.004289,0.014348
-0.002152,-0.003140,0.010018
-0.003104,-0.008410,0.003584
-0.003153,-0.008379,0.000387
0.000690,-0.001990,0.001498
-0.000288,0.005492,0.000523
