0.011078,-0.400303,0.118742
0.024671,-0.057757,0.058852
0.045385,0.309780,-0.015704
0.045808,0.630745,-0.067551
0.037713,0.854076,-0.091317
0.034059,0.947682,-0.092112
0.028891,0.890631,-0.082095
0.019283,0.710118,-0.054734
0.009551,0.479873,-0.013076
-0.002271,0.238151,0.022323
-0.009902,0.019819,0.056183
-0.011406,-0.174663,0.064520
-0.019022,-0.345891,0.050214
-0.001703,-0.511928,0.014452
0.016151,-0.642710,-0.017192
0.027353,-0.727370,-0.020943
0.031892,-0.778390,0.002729
0.046129,-0.787673,0.040656
0.039673,-0.703766,0.087008
0.012891,-0.515210,0.116009
0.009215,-0.235142,0.105129
0.039520,0.092232,0.047866
0.061362,0.420505,-0.026227
0.040664,0.714143,-0.089300
0.037998,0.907767,-0.112223
0.037085,0.961302,-0.000807
0.027957,0.887884,0.009423
0.053418,0.663274,-0.016520
0.041990,0.365714,-0.036642
0.008862,0.097406,0.034844
-0.001805,-0.111443,0.070180
-0.009614,-0.274866,0.099193
-0.027391,-0.411203,0.075592
-0.004593,-0.533779,0.025500
0.009349,-0.618147,-0.027373
0.011182,-0.663968,-0.044392
0.014151,-0.698140,-0.023232
0.023080,-0.694122,0.016313
0.009676,-0.593029,0.069095
-0.023326,-0.374497,0.098465
-0.006513,-0.074184,0.084267
0.029940,0.249412,0.020691
0.023973,0.562583,-0.065680
0.015308,0.809643,-0.137323
0.010487,0.954147,-0.155132
-0.000207,0.956661,-0.138771
-0.013904,0.818434,-0.098272
-0.018825,0.572839,-0.046621
-0.023852,0.304274,0.008013
-0.028915,0.081662,0.046459
-0.037225,-0.084768,0.074836
-0.042023,-0.225117,0.082212
-0.043859,-0.377849,0.056208
-0.026170,-0.525199,0.012402
-0.008249,-0.636528,-0.013092
-0.003277,-0.708372,-0.000176
-0.007247,-0.741190,0.042093
0.004528,-0.748825,0.081437
0.004207,-0.700137,0.092251
-0.005283,-0.542618,0.099975
-0.036085,-0.284086,0.088721
-0.001572,0.023432,0.055424
0.014405,0.340331,0.002973
0.008552,0.646452,-0.058951
0.007090,0.881780,-0.098931
0.015792,0.998498,-0.116845
0.005105,0.980158,-0.118216
-0.003508,0.819853,-0.103198
-0.012685,0.567334,-0.067720
-0.021598,0.304478,-0.015818
-0.028928,0.102484,0.026902
-0.043110,-0.029552,0.046845
-0.049089,-0.136357,0.046686
-0.052125,-0.263443,0.012373
-0.030480,-0.409330,-0.043009
-0.011460,-0.565693,-0.066439
-0.001827,-0.703249,-0.034453
-0.004799,-0.819089,0.035865
0.004046,-0.863481,0.110456
0.001367,-0.805379,0.148602
-0.013317,-0.594005,0.158088
-0.028419,-0.282432,0.115608
0.018681,0.066733,0.055397
0.029280,0.404841,-0.024794
0.020481,0.702789,-0.083819
0.019012,0.906884,-0.118767
0.019851,0.983106,-0.115402
0.010653,0.921835,-0.102720
0.003326,0.732908,-0.078211
-0.006431,0.496996,-0.045251
-0.019857,0.274902,-0.001688
-0.035295,0.094730,0.033300
-0.041209,-0.079149,0.043879
-0.034041,-0.240487,0.013024
-0.030881,-0.397736,-0.030335
-0.013437,-0.558603,-0.048430
-0.002855,-0.703464,-0.020854
-0.006488,-0.817874,0.041106
0.002342,-0.875933,0.107808
0.006830,-0.855354,0.153705
-0.005955,-0.727231,0.170804
-0.016340,-0.477660,0.158642
-0.016017,-0.163498,0.114817
0.017616,0.188494,0.055274
0.029485,0.520230,-0.010863
0.024286,0.785734,-0.061563
0.034808,0.934265,-0.089398
0.030277,0.943398,-0.104175
0.021632,0.813378,-0.103226
0.008301,0.595379,-0.082058
-0.008419,0.363454,-0.041507
-0.023127,0.173042,0.000444
-0.036017,0.019662,0.028103
-0.027076,-0.095775,-0.000291
-0.025090,-0.215650,-0.055581
-0.018253,-0.347126,-0.104452
-0.001438,-0.520336,-0.115320
0.003601,-0.685976,-0.067386
-0.001485,-0.814608,0.012404
0.003259,-0.891263,0.096617
0.005163,-0.857036,0.153664
-0.015373,-0.686603,0.167490
-0.028134,-0.396783,0.140118
-0.000418,-0.056318,0.078495
0.039783,0.289267,0.012487
0.035063,0.611167,-0.034272
0.039414,0.849423,-0.062970
0.044360,0.961710,-0.080259
0.036004,0.945125,-0.087713
0.030533,0.800990,-0.088046
0.016690,0.581745,-0.077306
0.004361,0.387833,-0.055545
-0.021836,0.253308,-0.033593
-0.027368,0.169539,-0.025211
-0.023041,0.094218,-0.071152
-0.005602,-0.011698,-0.143164
-0.014565,-0.180975,-0.183625
-0.014232,-0.398187,-0.170507
-0.006824,-0.611463,-0.105100
-0.011271,-0.778721,-0.012860
-0.009040,-0.867191,0.074793
-0.003203,-0.882174,0.127403
0.000952,-0.803187,0.135703
-0.017582,-0.594658,0.132577
-0.042809,-0.295047,0.117684
-0.003268,0.033837,0.109918
0.007133,0.383331,0.085147
0.023061,0.695184,0.036187
0.025790,0.886744,-0.033214
0.032005,0.924671,-0.096025
0.037077,0.848927,-0.132142
0.040122,0.690638,-0.123531
0.035780,0.503818,-0.089166
0.016401,0.343882,-0.046577
-0.007775,0.237232,-0.022309
-0.014675,0.153529,-0.057559
-0.017659,0.026788,-0.133487
-0.002099,-0.157506,-0.197048
-0.006476,-0.373718,-0.200682
-0.015279,-0.586088,-0.116223
-0.024365,-0.764631,0.013197
-0.033875,-0.872278,0.131465
-0.028843,-0.891016,0.200618
-0.025183,-0.779943,0.224970
-0.051789,-0.544876,0.218464
-0.016665,-0.221793,0.215627
0.004317,0.118616,0.189730
0.026854,0.436965,0.140388
0.036121,0.697902,0.071412
0.061577,0.853167,-0.008898
0.053007,0.870796,-0.082170
0.062012,0.783406,-0.135045
0.059078,0.632630,-0.137678
0.047305,0.483569,-0.112471
0.021312,0.350639,-0.088607
-0.000481,0.202770,-0.090418
-0.007024,0.015495,-0.119494
-0.023358,-0.220769,-0.162280
-0.023555,-0.498095,-0.162274
-0.012170,-0.776592,-0.115838
-0.023512,-1.016892,-0.026090
-0.023186,-1.173847,0.090879
-0.012268,-1.206226,0.198661
-0.032040,-1.045080,0.256331
-0.056961,-0.728385,0.258167
-0.002336,-0.355783,0.215351
0.005377,0.008479,0.125007
0.034282,0.349575,0.041219
0.039875,0.649573,-0.018623
0.037656,0.863386,-0.049381
0.045185,0.938799,-0.061327
0.045153,0.864260,-0.074788
0.036526,0.689147,-0.078355
0.026672,0.489619,-0.067970
0.001343,0.322272,-0.048065
-0.025890,0.184795,-0.031962
-0.040245,0.031159,-0.047735
-0.039440,-0.169287,-0.090370
-0.022752,-0.397419,-0.128505
0.000553,-0.627826,-0.124738
0.008347,-0.829909,-0.056181
0.010555,-0.985009,0.033319
0.019490,-1.065541,0.110887
0.020909,-1.022479,0.163838
-0.017743,-0.814200,0.177890
-0.031238,-0.446525,0.172721
-0.000629,-0.031875,0.133365
0.024397,0.384376,0.065241
0.030863,0.737153,-0.022277
0.032462,1.003123,-0.109019
0.055698,1.171470,-0.172286
0.057761,1.205336,-0.184399
0.051025,1.073782,-0.160661
0.034451,0.821018,-0.123422
0.017499,0.560546,-0.076361
-0.010889,0.349414,-0.046362
-0.037201,0.207599,-0.045373
-0.054564,0.098417,-0.062893
-0.045383,-0.033124,-0.118568
-0.042233,-0.202378,-0.164024
-0.036797,-0.418364,-0.161633
-0.019268,-0.660325,-0.093731
-0.016938,-0.877209,0.026233
-0.023023,-1.027656,0.143323
-0.009608,-1.086951,0.227971
-0.001885,-1.025052,0.261565
-0.022423,-0.813257,0.260391
-0.039822,-0.500482,0.229460
0.009377,-0.141364,0.176819
0.027910,0.217407,0.095748
0.028335,0.556331,0.005037
0.031570,0.804159,-0.082955
0.057471,0.957758,-0.134826
0.065976,0.971418,-0.155803
0.053876,0.838489,-0.150928
0.045803,0.621463,-0.121297
0.028863,0.409817,-0.088027
-0.001814,0.273119,-0.061709
-0.033439,0.217287,-0.066219
-0.034999,0.158189,-0.123915
-0.026531,0.053936,-0.199136
-0.025054,-0.126206,-0.257651
-0.022549,-0.376144,-0.226740
-0.015017,-0.669936,-0.103140
-0.034705,-0.938249,0.060970
-0.027456,-1.135067,0.188305
-0.009422,-1.226893,0.247901
-0.004438,-1.165683,0.257714
-0.025291,-0.942492,0.236854
-0.044063,-0.594912,0.219434
-0.014127,-0.209783,0.180297
0.009559,0.165272,0.106410
0.014909,0.491361,0.010875
0.036029,0.770200,-0.074105
0.066032,0.972508,-0.119225
0.082108,1.034494,-0.135926
0.077375,0.972013,-0.138683
0.071815,0.839674,-0.121703
0.055003,0.712390,-0.106632
0.024848,0.653671,-0.117987
-0.023867,0.653506,-0.147297
-0.037658,0.660056,-0.175455
-0.059924,0.547475,-0.220873
-0.068516,0.270314,-0.240895
-0.050278,-0.157890,-0.173761
-0.052105,-0.669503,-0.017603
-0.045730,-1.125482,0.200290
-0.055717,-1.416933,0.366306
-0.033555,-1.503896,0.430090
-0.001933,-1.384264,0.412942
-0.024407,-1.061710,0.359206
-0.022152,-0.600843,0.307972
0.002817,-0.148526,0.236776
0.013138,0.217847,0.107440
0.058387,0.560456,-0.006962
0.088005,0.861266,-0.093015
0.109572,1.038902,-0.152872
0.111924,1.069920,-0.194975
0.103342,1.005247,-0.211419
0.082236,0.913720,-0.211445
0.041563,0.835536,-0.205638
-0.011002,0.785992,-0.225854
-0.052617,0.751869,-0.224383
-0.069201,0.628270,-0.246487
-0.092244,0.357634,-0.265156
-0.075589,-0.075159,-0.211630
-0.066745,-0.602646,-0.084130
-0.057239,-1.096352,0.113908
-0.065854,-1.444707,0.287114
-0.040021,-1.601290,0.371347
-0.003442,-1.549901,0.389736
-0.009655,-1.254793,0.371857
-0.019168,-0.792423,0.337409
0.002646,-0.289408,0.264951
0.010782,0.141795,0.128070
0.044951,0.537590,-0.033990
0.091786,0.922644,-0.179044
0.110692,1.228313,-0.257091
0.122123,1.359792,-0.282469
0.121349,1.302346,-0.293010
0.106855,1.132739,-0.294784
0.062608,0.904692,-0.281017
0.008733,0.674861,-0.252867
-0.042026,0.491597,-0.202432
-0.087708,0.295875,-0.168828
-0.119695,-0.000569,-0.186563
-0.119239,-0.397749,-0.170347
-0.085391,-0.857795,-0.087186
-0.067034,-1.300912,0.072412
-0.064347,-1.653196,0.257349
-0.017562,-1.830000,0.429632
-0.022925,-1.717851,0.518154
-0.053699,-1.329279,0.516554
0.012327,-0.773663,0.449663
0.028772,-0.171087,0.291290
0.037672,0.355808,0.084244
0.075924,0.827388,-0.104494
0.104202,1.233215,-0.221892
0.132964,1.491594,-0.262806
0.125541,1.533033,-0.267995
0.104630,1.383920,-0.248204
0.075911,1.114841,-0.225144
0.031612,0.811894,-0.205731
-0.013903,0.544464,-0.202393
-0.056284,0.328086,-0.195542
-0.087468,0.048876,-0.220082
-0.098966,-0.339340,-0.246730
-0.072942,-0.795398,-0.203721
-0.055335,-1.255239,-0.073560
-0.060106,-1.639032,0.125308
-0.021134,-1.905047,0.312016
-0.008603,-1.963873,0.432397
-0.031436,-1.739181,0.485003
-0.056977,-1.271658,0.480696
-0.015747,-0.664394,0.412117
-0.004514,-0.093577,0.244621
0.027189,0.410458,0.047462
0.081176,0.923133,-0.114901
0.101784,1.358932,-0.209381
0.126366,1.599320,-0.233082
0.118197,1.639166,-0.230193
0.089772,1.460334,-0.224396
0.060910,1.141083,-0.191906
0.022053,0.795873,-0.163966
-0.016690,0.502394,-0.158130
-0.052967,0.258393,-0.164168
-0.075911,-0.018243,-0.209303
-0.092131,-0.377555,-0.226316
-0.074181,-0.821340,-0.185735
-0.053131,-1.245297,-0.053371
-0.066613,-1.560465,0.135335
-0.031577,-1.738459,0.331618
-0.013911,-1.703567,0.461957
-0.049018,-1.418406,0.469324
-0.027899,-0.906358,0.433693
-0.010728,-0.329167,0.328978
0.021052,0.218049,0.178932
0.039766,0.691270,0.020050
0.069798,1.112899,-0.122710
0.105486,1.421153,-0.189747
0.117481,1.558727,-0.193694
0.101762,1.490763,-0.180859
0.086764,1.258736,-0.159525
0.062440,0.938314,-0.137946
0.029739,0.645523,-0.129153
-0.012082,0.423262,-0.152334
-0.042414,0.263944,-0.183176
-0.041034,0.060279,-0.250005
-0.059612,-0.244164,-0.316366
-0.056734,-0.644154,-0.294904
-0.049132,-1.066841,-0.136948
-0.058293,-1.428712,0.084872
-0.025086,-1.671028,0.275001
-0.012218,-1.744740,0.370848
-0.023770,-1.555999,0.406062
-0.066676,-1.127979,0.389825
-0.038564,-0.568639,0.334312
-0.011382,-0.029683,0.214800
0.016830,0.477667,0.066672
0.045211,0.933637,-0.068745
0.083393,1.301854,-0.152765
0.110955,1.508639,-0.185558
0.098929,1.529333,-0.193452
0.081110,1.351862,-0.189939
0.061849,1.062902,-0.162938
0.024090,0.747716,-0.143848
-0.008477,0.483444,-0.142453
-0.041670,0.291973,-0.163465
-0.044522,0.109328,-0.221164
-0.053599,-0.099352,-0.273006
-0.053713,-0.391178,-0.281914
-0.039574,-0.736566,-0.199066
-0.043239,-1.084472,-0.028662
-0.050127,-1.377710,0.150909
-0.025092,-1.572015,0.275075
-0.015288,-1.587858,0.336024
-0.032201,-1.351017,0.357143
-0.071463,-0.915660,0.346878
-0.032051,-0.386934,0.307034
0.026058,0.123684,0.216793
0.039539,0.609260,0.086908
0.057188,1.036103,-0.049408
0.083711,1.353658,-0.142783
0.108113,1.520669,-0.191842
0.091168,1.496012,-0.209813
0.075287,1.314802,-0.197746
0.047051,1.037032,-0.162456
0.013065,0.757183,-0.137743
-0.022863,0.508410,-0.137674
-0.043467,0.285836,-0.150873
-0.054030,0.051694,-0.198185
-0.053555,-0.227035,-0.221087
-0.062941,-0.592311,-0.194913
-0.036278,-0.972326,-0.104369
-0.042401,-1.329183,0.043816
-0.026580,-1.592526,0.191471
-0.005814,-1.688749,0.300445
-0.030510,-1.532360,0.362749
-0.065834,-1.114601,0.373814
-0.034653,-0.545003,0.331910
0.017688,0.027080,0.241302
0.055081,0.534631,0.119810
0.058572,0.960162,-0.007337
0.072929,1.291205,-0.109460
0.091890,1.488859,-0.171314
0.084236,1.507792,-0.198051
0.074607,1.347153,-0.199872
0.054747,1.067671,-0.182536
0.034277,0.785081,-0.154713
0.001118,0.565660,-0.144720
-0.038539,0.382643,-0.135632
-0.050896,0.170942,-0.165801
-0.051438,-0.101906,-0.209490
-0.061951,-0.433203,-0.212300
-0.052740,-0.790335,-0.150894
-0.033762,-1.132010,-0.024767
-0.036857,-1.405580,0.116253
-0.010575,-1.575045,0.233670
-0.011924,-1.544609,0.316238
-0.057377,-1.280370,0.347804
-0.064588,-0.810813,0.343123
-0.020918,-0.271868,0.281754
0.033957,0.247061,0.180017
0.031975,0.668896,0.043254
0.056306,0.998682,-0.081860
0.097293,1.259101,-0.148508
0.095498,1.385534,-0.168639
0.086198,1.319477,-0.168391
0.067674,1.106585,-0.148497
0.041336,0.860051,-0.122376
-0.001015,0.646631,-0.107951
-0.037096,0.452533,-0.109248
-0.053305,0.259674,-0.130029
-0.052044,0.037694,-0.183048
-0.052854,-0.254976,-0.212052
-0.044437,-0.632701,-0.187084
-0.028257,-1.024897,-0.082372
-0.039438,-1.387029,0.072211
-0.017425,-1.658534,0.221359
-0.003914,-1.767503,0.316714
-0.018225,-1.631683,0.370143
-0.057362,-1.233163,0.388288
-0.072480,-0.678100,0.346059
0.017717,-0.072240,0.258866
0.055004,0.490346,0.123194
0.054180,0.966740,-0.034750
0.069296,1.336591,-0.138364
0.099526,1.594099,-0.189872
0.095089,1.688625,-0.222691
0.077689,1.588083,-0.230205
0.054021,1.324794,-0.211935
0.028631,0.995474,-0.178061
-0.004648,0.670671,-0.159358
-0.036374,0.395357,-0.166326
-0.047749,0.152719,-0.190179
-0.061453,-0.116157,-0.214455
-0.060354,-0.477114,-0.217611
-0.039271,-0.881990,-0.179955
-0.031930,-1.258393,-0.066381
-0.034046,-1.545432,0.104474
-0.007111,-1.705961,0.253271
-0.004902,-1.676045,0.341560
-0.028230,-1.403569,0.377179
-0.057914,-0.932162,0.354533
-0.030583,-0.364289,0.283046
0.030457,0.191922,0.157605
0.031415,0.674233,0.008257
0.067615,1.107211,-0.126062
0.096926,1.425018,-0.201886
0.100384,1.557367,-0.228790
0.074469,1.492456,-0.219095
0.053718,1.278899,-0.182526
0.030636,0.979711,-0.120278
0.000004,0.685716,-0.094206
-0.023389,0.443381,-0.110235
-0.040509,0.245772,-0.141422
-0.039238,0.060412,-0.190400
-0.034416,-0.159611,-0.230886
-0.053227,-0.467135,-0.195291
-0.046203,-0.834812,-0.080672
-0.058314,-1.187009,0.077236
-0.053589,-1.452488,0.229988
-0.027356,-1.543846,0.350298
-0.051825,-1.371988,0.417983
-0.064975,-0.956842,0.424198
-0.013795,-0.435923,0.354367
0.053749,0.135954,0.230283
0.027771,0.652546,0.052189
0.044845,1.050110,-0.096575
0.084040,1.389303,-0.178047
0.087345,1.585260,-0.199845
0.083107,1.533338,-0.187570
0.073616,1.282928,-0.160808
0.049692,0.944261,-0.142922
0.023121,0.595005,-0.136288
0.005851,0.293541,-0.141490
-0.014146,0.061041,-0.160375
-0.036634,-0.105168,-0.173668
-0.063350,-0.278306,-0.167919
-0.069288,-0.512609,-0.146677
-0.048518,-0.789563,-0.103086
-0.040303,-1.076640,-0.023369
-0.011414,-1.325860,0.092324
0.001759,-1.433505,0.239017
-0.046798,-1.321887,0.314907
-0.048296,-0.962276,0.325785
-0.010327,-0.491105,0.248410
0.033822,0.029722,0.122886
0.038860,0.529025,-0.011996
0.041687,0.968226,-0.115712
0.060932,1.299601,-0.168719
0.074663,1.457401,-0.173199
0.062080,1.403363,-0.163127
0.039943,1.141956,-0.130566
0.017856,0.776884,-0.102550
0.002379,0.411559,-0.086450
-0.010308,0.103339,-0.079641
-0.024917,-0.127439,-0.075988
-0.049610,-0.282621,-0.062836
-0.061174,-0.442834,-0.053013
-0.051319,-0.631101,-0.051627
-0.051490,-0.839250,-0.049123
-0.024016,-1.058486,-0.017054
0.007845,-1.265375,0.052043
0.010270,-1.347442,0.146772
-0.032462,-1.224807,0.239435
-0.070513,-0.872246,0.272892
-0.009239,-0.386732,0.218091
0.029674,0.143805,0.101176
0.052324,0.645408,-0.033827
0.046595,1.066918,-0.148581
0.060310,1.397969,-0.215690
0.074925,1.573082,-0.233880
0.062931,1.538198,-0.236101
0.049016,1.318200,-0.212540
0.028024,0.987663,-0.173572
0.007776,0.629414,-0.125691
-0.013824,0.287410,-0.084898
-0.044925,-0.020034,-0.057697
-0.066989,-0.313821,-0.017507
-0.088477,-0.629444,0.007124
-0.087831,-0.939465,0.031417
-0.083520,-1.238812,0.078824
-0.051451,-1.510215,0.149196
-0.006252,-1.728622,0.236754
0.007390,-1.796127,0.329993
-0.033658,-1.612448,0.408484
-0.053007,-1.181349,0.437324
-0.003369,-0.610192,0.371752
0.054496,-0.014667,0.235994
0.077937,0.540886,0.061400
0.070242,0.993742,-0.115890
0.097802,1.347473,-0.236932
0.114638,1.563297,-0.310969
0.110916,1.575049,-0.328072
0.101904,1.411054,-0.314238
0.076650,1.154455,-0.275551
0.035810,0.882047,-0.241716
0.005424,0.626263,-0.213826
-0.041673,0.376837,-0.184279
-0.069882,0.106845,-0.159073
-0.086372,-0.230981,-0.154641
-0.109073,-0.626083,-0.151246
-0.090384,-1.012503,-0.082562
-0.085434,-1.369849,0.032248
-0.047566,-1.677809,0.170019
-0.010576,-1.883491,0.293581
-0.008960,-1.923843,0.383479
-0.026754,-1.695716,0.463994
-0.076344,-1.252370,0.467980
-0.022722,-0.653639,0.413517
0.039061,-0.042335,0.276542
0.067227,0.540410,0.106041
0.078225,1.013180,-0.059619
0.079631,1.371654,-0.190741
0.109955,1.617087,-0.261668
0.109561,1.677209,-0.293209
0.102899,1.550245,-0.293515
0.083833,1.329947,-0.283461
0.048930,1.049448,-0.260965
0.012334,0.762855,-0.228739
-0.021262,0.493802,-0.205838
-0.043520,0.248516,-0.193530
-0.068201,0.002553,-0.198692
-0.073470,-0.291239,-0.210259
-0.092634,-0.647041,-0.182877
-0.065884,-1.022169,-0.095705
-0.068075,-1.355672,0.045647
-0.037716,-1.602160,0.198615
-0.018772,-1.693492,0.320306
-0.039377,-1.532490,0.391937
-0.056966,-1.129251,0.402663
-0.035664,-0.549383,0.354158
0.027247,0.074178,0.236325
0.062254,0.638932,0.065499
0.057570,1.098421,-0.098560
0.097139,1.459693,-0.203348
0.098098,1.682272,-0.249199
0.093484,1.697858,-0.255992
0.073055,1.492932,-0.236242
0.055267,1.145932,-0.199820
0.028320,0.744438,-0.154677
-0.000238,0.362447,-0.123935
-0.028766,0.032641,-0.110960
-0.046334,-0.255982,-0.107999
-0.066329,-0.537635,-0.116251
-0.078404,-0.812688,-0.101677
-0.062266,-1.077890,-0.034872
-0.054791,-1.325579,0.050494
-0.016667,-1.521805,0.139377
-0.001458,-1.608236,0.230321
-0.021474,-1.506309,0.313418
-0.055392,-1.163333,0.381459
-0.060983,-0.662754,0.382842
0.002732,-0.103228,0.305450
0.039573,0.427354,0.155595
0.034949,0.864863,-0.017031
0.062347,1.233248,-0.143014
0.095832,1.501014,-0.199612
0.087196,1.575246,-0.217802
0.072665,1.427913,-0.211737
0.059750,1.134612,-0.183560
0.032424,0.793388,-0.139469
0.004489,0.466977,-0.108322
-0.019747,0.206518,-0.095922
-0.034521,0.015674,-0.103071
-0.044728,-0.168895,-0.119056
-0.071661,-0.420216,-0.131873
-0.057555,-0.742612,-0.118409
-0.036042,-1.079565,-0.056563
-0.037640,-1.373276,0.066195
-0.014106,-1.597376,0.214279
-0.004436,-1.708914,0.315892
-0.008057,-1.624061,0.372712
-0.051680,-1.309052,0.389847
-0.067536,-0.807015,0.363477
0.001338,-0.222122,0.278399
0.009955,0.324079,0.127993
0.027869,0.813704,-0.044655
0.075204,1.251522,-0.163533
0.110578,1.582938,-0.229228
0.112599,1.711541,-0.259463
0.096305,1.610217,-0.254462
0.077178,1.363180,-0.220116
0.052973,1.039607,-0.168909
0.012065,0.721947,-0.136081
-0.019181,0.470747,-0.142144
-0.042610,0.305166,-0.166761
-0.056775,0.159769,-0.200895
-0.074182,-0.079570,-0.220468
-0.084941,-0.470764,-0.198553
-0.048168,-0.940874,-0.109448
-0.052939,-1.367881,0.062223
-0.047524,-1.690265,0.256743
-0.019636,-1.835467,0.393144
-0.018713,-1.714136,0.449961
-0.066511,-1.322318,0.447170
-0.065562,-0.744308,0.400705
-0.024408,-0.151127,0.283337
0.028799,0.373718,0.116803
0.055367,0.867451,-0.052259
0.096056,1.272054,-0.160479
0.122551,1.534335,-0.211172
0.117135,1.604755,-0.222308
0.094708,1.466354,-0.197560
0.072801,1.164363,-0.165178
0.045832,0.816927,-0.136248
0.008821,0.521405,-0.139778
-0.027590,0.348092,-0.159115
-0.059216,0.234820,-0.174998
-0.068778,0.035490,-0.203009
-0.072616,-0.285203,-0.217714
-0.056907,-0.708126,-0.164447
-0.032313,-1.156622,-0.039415
-0.037891,-1.539806,0.111973
-0.004985,-1.797161,0.247418
0.000421,-1.828806,0.346829
-0.055817,-1.571810,0.408174
-0.067238,-1.039713,0.428871
-0.035020,-0.426685,0.358132
-0.001228,0.147618,0.202302
0.032284,0.697322,0.010394
0.068847,1.233644,-0.179658
0.117178,1.677488,-0.284069
0.110523,1.880717,-0.325909
0.110457,1.808737,-0.336010
0.096374,1.544752,-0.308632
0.068619,1.180072,-0.268084
0.023601,0.805187,-0.230273
-0.029908,0.465936,-0.188072
-0.078246,0.148354,-0.151795
-0.101931,-0.244942,-0.142046
-0.106476,-0.728219,-0.146525
-0.064393,-1.231883,-0.087315
-0.062938,-1.706964,0.036388
-0.031195,-2.079822,0.211803
0.006730,-2.267694,0.401973
-0.023327,-2.138535,0.543321
-0.094280,-1.738226,0.573141
0.018197,-1.078592,0.532182
0.002768,-0.349912,0.346982
0.021269,0.345507,0.099375
0.088931,0.996177,-0.146641
0.105044,1.590315,-0.323644
0.094453,1.959960,-0.366813
0.056578,1.931298,-0.312099
0.018069,1.507463,-0.180393
-0.045382,0.787063,0.033439
-0.129322,-0.176923,0.268319
-0.178676,-1.274946,0.457978
-0.159964,-2.207588,0.579831
-0.140292,-2.827456,0.624203
-0.064463,-3.170749,0.676268
-0.009883,-3.276794,0.742318
0.017470,-3.048739,0.820295
-0.004120,-2.532170,0.841637
0.027432,-1.859877,0.799105
0.108726,-1.126888,0.704330
0.116097,-0.443930,0.532517
0.120123,0.157209,0.327859
0.144504,0.682952,0.134589
0.153657,1.146223,-0.015122
0.138023,1.448368,-0.113870
0.115602,1.468208,-0.192122
0.097420,1.228844,-0.247411
0.049893,0.868166,-0.262119
-0.012691,0.451739,-0.227271
-0.056502,-0.076308,-0.182629
-0.054715,-0.632330,-0.158271
-0.050098,-1.068751,-0.145024
-0.030431,-1.348862,-0.105109
0.001568,-1.380422,-0.035119
-0.018510,-1.168058,0.014699
-0.051127,-0.858578,-0.018549
0.009641,-0.426052,-0.111834
0.049089,0.071367,-0.251088
0.085301,0.594746,-0.385791
0.107052,1.088714,-0.482177
0.086503,1.514473,-0.548948
0.057112,1.813766,-0.560295
0.007648,1.892609,-0.524571
-0.020129,1.756998,-0.450305
-0.024643,1.461511,-0.361463
-0.021630,1.106894,-0.282850
-0.052150,0.715098,-0.217223
-0.064252,0.288532,-0.155716
-0.072723,-0.161142,-0.079868
-0.096580,-0.574810,-0.010432
-0.066850,-0.890538,0.078630
-0.043488,-1.127823,0.163508
-0.028839,-1.230983,0.241296
-0.030153,-1.143038,0.301006
-0.046936,-0.881094,0.301691
-0.000663,-0.473016,0.229191
0.051135,-0.038570,0.104741
0.068200,0.385657,-0.050281
0.071530,0.763469,-0.165513
0.073449,1.071348,-0.239445
0.065643,1.272546,-0.253848
0.046658,1.303562,-0.245324
0.035142,1.171771,-0.231850
0.037444,0.913215,-0.220799
0.045842,0.648715,-0.205121
0.012191,0.397343,-0.198237
-0.040333,0.138009,-0.173454
-0.056902,-0.130233,-0.168721
-0.056362,-0.346075,-0.179858
-0.051044,-0.530565,-0.155058
-0.025297,-0.702118,-0.102689
-0.009452,-0.807653,-0.055262
0.002935,-0.784309,0.014218
-0.019256,-0.576200,0.098841
-0.041738,-0.286304,0.096512
0.021248,0.083547,0.006439
0.020078,0.465588,-0.115798
0.037775,0.853513,-0.227915
0.047525,1.209541,-0.305270
0.059317,1.490018,-0.349955
0.039103,1.644509,-0.351912
0.017174,1.629732,-0.316783
0.003711,1.431079,-0.272929
0.009244,1.128432,-0.213033
-0.014916,0.783448,-0.155456
-0.058232,0.411297,-0.112677
-0.091939,-0.025846,-0.064038
-0.117408,-0.536963,-0.028047
-0.114229,-1.033572,0.036629
-0.090767,-1.453058,0.144046
-0.070479,-1.756899,0.265471
-0.024826,-1.900468,0.390728
-0.012756,-1.838413,0.485537
-0.047936,-1.538898,0.527598
-0.038088,-1.105957,0.460679
-0.006513,-0.642577,0.339565
0.041481,-0.136192,0.193861
0.056643,0.418478,0.043043
0.076486,0.913989,-0.093077
0.103411,1.307027,-0.180279
0.114620,1.558834,-0.225525
0.101392,1.630133,-0.244135
0.088825,1.528283,-0.240280
0.069826,1.323532,-0.226453
0.045846,1.094267,-0.211255
-0.000687,0.867713,-0.198968
-0.052946,0.623391,-0.192858
-0.097881,0.238239,-0.183466
-0.114294,-0.307002,-0.153275
-0.105222,-0.888238,-0.090283
-0.055322,-1.363836,0.073704
-0.055819,-1.687059,0.247552
-0.022338,-1.865213,0.374844
0.023209,-1.916360,0.432690
0.029199,-1.770243,0.433690
-0.011808,-1.386188,0.425059
-0.052486,-0.883088,0.357656
0.018375,-0.307853,0.242364
0.029956,0.214708,0.070959
0.045290,0.731773,-0.079685
0.084997,1.182290,-0.189856
0.106509,1.521835,-0.280699
0.125021,1.729532,-0.316535
0.124288,1.773518,-0.351838
0.111080,1.690488,-0.365252
0.079049,1.539802,-0.358995
0.023103,1.340214,-0.345222
-0.012138,1.150531,-0.330273
-0.068343,0.941130,-0.315860
-0.138048,0.600806,-0.302813
-0.166243,0.059268,-0.273564
-0.145517,-0.603539,-0.165405
-0.111480,-1.270132,0.025819
-0.077209,-1.818043,0.270952
-0.065576,-2.191017,0.463999
-0.010751,-2.357797,0.571736
0.010787,-2.262539,0.620801
-0.023751,-1.861814,0.615480
-0.047984,-1.211676,0.565210
-0.004749,-0.523836,0.413538
0.024948,0.062198,0.179347
0.104815,0.666860,-0.027923
0.106318,1.199292,-0.234328
0.123602,1.601485,-0.371869
0.164418,1.863787,-0.448864
0.167040,1.957481,-0.489889
0.157179,1.875492,-0.460963
0.122286,1.640288,-0.396645
0.059097,1.329103,-0.347507
0.003295,1.043696,-0.323265
-0.054048,0.758699,-0.287671
-0.131834,0.383926,-0.321619
-0.166238,-0.143403,-0.321787
-0.125146,-0.760580,-0.255149
-0.092563,-1.330979,-0.073052
-0.080115,-1.789476,0.161603
-0.041946,-2.092415,0.387717
-0.002584,-2.215383,0.518344
0.003750,-2.093603,0.585266
-0.029525,-1.686767,0.601688
-0.057468,-1.062856,0.562172
-0.028020,-0.403043,0.408684
0.000892,0.153215,0.177076
0.048556,0.701505,-0.023488
0.070305,1.209231,-0.191106
0.103021,1.584802,-0.283548
0.131762,1.784872,-0.330428
0.144511,1.824836,-0.371340
0.129863,1.719507,-0.355331
0.103673,1.495778,-0.305592
0.061709,1.235155,-0.272796
0.012657,1.024738,-0.277032
-0.037882,0.865916,-0.268654
-0.110459,0.576929,-0.289607
-0.148073,0.106749,-0.298661
-0.121169,-0.521482,-0.248782
-0.105004,-1.176563,-0.081549
-0.080657,-1.751361,0.165265
-0.056647,-2.159505,0.412755
-0.007336,-2.365931,0.572160
0.001872,-2.309277,0.638165
-0.024417,-1.937010,0.646156
-0.099503,-1.375284,0.564005
-0.065035,-0.758487,0.428622
0.013624,-0.131881,0.232860
0.053262,0.511599,0.028731
0.082642,1.066686,-0.133682
0.127342,1.474410,-0.242332
0.173826,1.734692,-0.308732
0.170058,1.846924,-0.330612
0.153460,1.790882,-0.306014
0.117172,1.577801,-0.283239
0.067688,1.293831,-0.292292
0.026508,1.058483,-0.324361
-0.035416,0.848205,-0.318426
-0.103874,0.556410,-0.322303
-0.144046,0.101534,-0.284386
-0.130589,-0.482420,-0.181398
-0.111150,-1.113308,-0.034496
-0.071205,-1.662678,0.155605
-0.045536,-2.052958,0.323948
0.000884,-2.261311,0.440441
0.011997,-2.227326,0.515998
-0.032205,-1.923330,0.569488
-0.085495,-1.380945,0.565592
-0.087218,-0.748378,0.443415
-0.019788,-0.140288,0.244576
0.041419,0.494736,0.036221
0.092627,1.076665,-0.144244
0.135661,1.511775,-0.279349
0.179814,1.807473,-0.349733
0.174415,1.938153,-0.398794
0.154421,1.888758,-0.406913
0.121545,1.685214,-0.375810
0.061751,1.431417,-0.340140
0.000787,1.175695,-0.308393
-0.073041,0.881313,-0.272696
-0.137503,0.449318,-0.278398
-0.176109,-0.118324,-0.226924
-0.164935,-0.807167,-0.129600
-0.117714,-1.491077,0.053257
-0.078924,-2.071377,0.238596
-0.018428,-2.464913,0.413054
0.023442,-2.642283,0.552255
0.013416,-2.470397,0.667588
-0.084496,-2.012543,0.687556
-0.076076,-1.352085,0.587824
-0.005160,-0.606862,0.360799
0.034760,0.164250,0.082650
0.101513,0.888339,-0.154914
0.137673,1.454812,-0.351940
0.180131,1.884591,-0.471647
0.209039,2.161048,-0.527401
0.181641,2.219845,-0.514791
0.145131,2.054819,-0.459500
0.083770,1.748140,-0.403008
0.024701,1.433272,-0.361092
-0.043423,1.130977,-0.316174
-0.137192,0.706556,-0.292510
-0.184558,0.109081,-0.289238
-0.178581,-0.601919,-0.217518
-0.153526,-1.301334,-0.066104
-0.119750,-1.902187,0.160659
-0.066996,-2.371706,0.396341
0.001447,-2.676001,0.552013
0.023858,-2.702410,0.664346
-0.017513,-2.378649,0.740821
-0.115474,-1.786555,0.665320
-0.078292,-1.108208,0.517777
0.003045,-0.401733,0.272565
0.046547,0.401974,0.046732
0.115472,1.129017,-0.153324
0.159576,1.682075,-0.314093
0.214686,2.078264,-0.391980
0.211022,2.294697,-0.415616
0.173063,2.249515,-0.396176
0.129363,1.972470,-0.356635
0.069201,1.637826,-0.324439
0.015304,1.332782,-0.293514
-0.070310,1.025429,-0.274080
-0.131395,0.540718,-0.304835
-0.166143,-0.105000,-0.303678
-0.145961,-0.848993,-0.250989
-0.114802,-1.560019,-0.037416
-0.084469,-2.186846,0.238519
-0.025657,-2.627680,0.464987
0.006227,-2.801006,0.630602
-0.016120,-2.611593,0.732369
-0.100680,-2.098165,0.758767
-0.109073,-1.366345,0.578618
-0.021747,-0.632870,0.364747
0.032345,0.179752,0.099459
0.105320,0.983408,-0.127131
0.162488,1.626057,-0.309848
0.209231,2.044898,-0.410866
0.215892,2.266985,-0.451299
0.168526,2.219307,-0.429458
0.120738,1.941869,-0.340084
0.057803,1.584530,-0.265630
0.001340,1.282198,-0.220644
-0.070647,0.967200,-0.209578
-0.134537,0.530108,-0.265419
-0.152790,-0.027192,-0.285883
-0.141044,-0.674308,-0.248316
-0.122985,-1.331316,-0.052289
-0.088151,-1.929847,0.212312
-0.047359,-2.366324,0.438876
-0.000183,-2.565893,0.594239
-0.008589,-2.448899,0.685588
-0.080666,-2.007436,0.699397
-0.127497,-1.430665,0.571840
-0.008931,-0.725357,0.376682
0.034375,0.024347,0.137700
0.102448,0.765198,-0.062577
0.161495,1.393448,-0.228221
0.207533,1.896628,-0.351087
0.224107,2.232459,-0.411789
0.182349,2.321205,-0.442297
0.129916,2.129473,-0.410660
0.068549,1.788525,-0.360150
0.018635,1.474259,-0.313767
-0.055231,1.158622,-0.263677
-0.122125,0.694929,-0.278807
-0.145001,0.087702,-0.317214
-0.135554,-0.630499,-0.276999
-0.119578,-1.396856,-0.094520
-0.090855,-2.102623,0.163580
-0.042303,-2.607142,0.394573
0.003704,-2.838330,0.566926
0.006073,-2.712985,0.678837
-0.063429,-2.243180,0.719678
-0.105347,-1.522988,0.641379
-0.043170,-0.751899,0.413696
0.010905,0.019089,0.136549
0.084925,0.810293,-0.103362
0.145857,1.508551,-0.302193
0.201743,2.059815,-0.424332
0.223101,2.459077,-0.505331
0.189937,2.581835,-0.540200
0.147199,2.414817,-0.496123
0.074921,2.054171,-0.422333
0.004691,1.692085,-0.326875
-0.055208,1.346716,-0.226642
-0.135203,0.900956,-0.257958
-0.185229,0.241377,-0.306743
-0.160166,-0.586802,-0.301757
-0.139056,-1.442475,-0.136187
-0.123840,-2.215861,0.202214
-0.085616,-2.789017,0.515472
-0.005675,-3.077120,0.679818
0.027733,-3.038520,0.732297
0.023233,-2.622323,0.805417
-0.077692,-1.928338,0.700736
-0.104435,-1.283732,0.546475
0.022395,-0.595466,0.329008
0.037109,0.223855,0.082727
0.123859,1.033924,-0.145959
0.169864,1.612600,-0.379127
0.236989,2.083129,-0.532655
0.243613,2.436329,-0.593295
0.194071,2.542087,-0.566235
0.138256,2.314644,-0.486919
0.071703,1.902853,-0.397205
0.012463,1.530817,-0.315036
-0.049824,1.199158,-0.260645
-0.136350,0.763842,-0.297962
-0.171922,0.148707,-0.327163
-0.138636,-0.578603,-0.305330
-0.140515,-1.330626,-0.124944
-0.106961,-2.010881,0.188500
-0.074329,-2.498200,0.463841
-0.019118,-2.729952,0.623734
-0.001606,-2.634928,0.714099
-0.041593,-2.176795,0.715696
-0.129873,-1.579511,0.636286
-0.081443,-1.011296,0.435871
0.042685,-0.315694,0.240806
0.065422,0.484649,0.035344
0.127402,1.169285,-0.170839
0.178667,1.667608,-0.357916
0.225744,2.056479,-0.468572
0.208120,2.311921,-0.529326
0.161643,2.300052,-0.501234
0.114969,2.023680,-0.431776
0.063169,1.641146,-0.368474
0.019391,1.298426,-0.305208
-0.063335,0.955627,-0.288963
-0.145723,0.512678,-0.307429
-0.159694,-0.065299,-0.291601
-0.141825,-0.705956,-0.222794
-0.120445,-1.309938,-0.039307
-0.090738,-1.821784,0.245992
-0.066999,-2.155280,0.489937
-0.018854,-2.278347,0.603190
-0.006675,-2.122284,0.652327
-0.066794,-1.676511,0.651663
-0.130557,-1.133431,0.511295
-0.017668,-0.585527,0.334790
0.059267,0.106805,0.130284
0.098743,0.821106,-0.028821
0.103127,1.314224,-0.155812
0.158186,1.642562,-0.251390
0.176377,1.891982,-0.343420
0.148419,1.983583,-0.399043
0.123820,1.866817,-0.399586
0.090030,1.581682,-0.365281
0.045016,1.242632,-0.319878
-0.002616,0.946995,-0.300773
-0.055068,0.718667,-0.285064
-0.097048,0.496724,-0.290110
-0.142267,0.154290,-0.286997
-0.131997,-0.352751,-0.267014
-0.107671,-0.925896,-0.156724
-0.078001,-1.472047,0.063480
-0.067893,-1.913766,0.316414
-0.038138,-2.158102,0.512896
-0.036665,-2.129482,0.614611
-0.056764,-1.797484,0.635167
-0.073946,-1.239869,0.567438
-0.026163,-0.598058,0.414157
0.026385,-0.000187,0.211615
0.087322,0.577562,0.034038
0.097467,1.060773,-0.094205
0.121355,1.395072,-0.163140
0.132106,1.567256,-0.203154
0.128393,1.582405,-0.245760
0.104116,1.446665,-0.277662
0.082386,1.229057,-0.283992
0.048418,0.989650,-0.277065
0.022918,0.783137,-0.274267
-0.009064,0.620731,-0.283888
-0.061058,0.455592,-0.294616
-0.087869,0.200097,-0.287981
-0.107273,-0.139860,-0.269804
-0.107321,-0.550690,-0.206757
-0.069262,-0.987630,-0.066796
-0.046621,-1.406604,0.093427
-0.028850,-1.707070,0.237077
-0.012834,-1.808252,0.365010
-0.044962,-1.635421,0.460505
-0.094389,-1.218689,0.482865
-0.063366,-0.666768,0.397984
-0.004242,-0.112096,0.237375
0.031958,0.421440,0.070280
0.058482,0.883234,-0.066537
0.087447,1.252741,-0.151184
0.125292,1.508488,-0.194568
0.126086,1.606346,-0.236881
0.110619,1.556185,-0.253154
0.078169,1.373627,-0.244919
0.043842,1.104915,-0.231364
0.013610,0.816928,-0.226036
-0.027916,0.562809,-0.218054
-0.071950,0.278057,-0.210709
-0.115078,-0.138189,-0.197960
-0.123030,-0.652980,-0.149263
-0.080040,-1.151303,-0.036675
-0.060502,-1.583615,0.113797
-0.028704,-1.903059,0.271073
0.016555,-2.079195,0.406061
0.009721,-2.042255,0.493135
-0.020230,-1.743442,0.533455
-0.056938,-1.209762,0.498113
-0.056131,-0.589027,0.355489
0.016537,0.010779,0.153266
0.053765,0.543835,-0.046978
0.092027,1.018715,-0.177428
0.097318,1.343179,-0.236400
0.131982,1.543958,-0.252702
0.125533,1.593890,-0.273163
0.100134,1.489338,-0.292593
0.075764,1.300009,-0.288152
0.035631,1.075084,-0.273598
-0.001814,0.864228,-0.276432
-0.029811,0.702306,-0.294457
-0.065676,0.586284,-0.302018
-0.115496,0.349811,-0.307260
-0.116248,-0.051674,-0.277707
-0.098275,-0.596198,-0.218768
-0.081122,-1.166062,-0.058037
-0.072632,-1.683804,0.160577
-0.035639,-2.064111,0.367867
-0.004918,-2.260256,0.508110
0.002658,-2.211398,0.580617
-0.018053,-1.853887,0.614953
-0.084722,-1.295250,0.555096
-0.030973,-0.620161,0.424124
-0.004846,-0.040682,0.212920
0.040070,0.514388,0.014418
0.072599,1.067911,-0.134809
0.127662,1.488643,-0.235724
0.165800,1.701184,-0.309804
0.149826,1.735869,-0.351247
0.116351,1.630602,-0.350749
0.091355,1.417770,-0.297137
0.053528,1.176455,-0.250027
0.014738,1.006590,-0.253884
-0.024802,0.906765,-0.298009
-0.057712,0.824562,-0.353986
-0.091152,0.634061,-0.399352
-0.110523,0.258340,-0.412343
-0.081951,-0.246906,-0.322446
-0.091049,-0.789060,-0.100521
-0.088966,-1.266848,0.197676
-0.086632,-1.612448,0.426589
-0.048142,-1.741279,0.533190
-0.032952,-1.602393,0.549700
-0.057567,-1.192182,0.517339
-0.057640,-0.694261,0.421588
0.010149,-0.209591,0.288591
0.037067,0.275179,0.122398
0.057677,0.725812,-0.024670
0.088612,1.086082,-0.124231
0.120850,1.307654,-0.193610
0.132869,1.402828,-0.249482
0.119496,1.362209,-0.285822
0.093094,1.176666,-0.288353
0.058476,0.906012,-0.271616
0.018288,0.636142,-0.261714
-0.024611,0.392246,-0.253791
-0.056101,0.162423,-0.266233
-0.067623,-0.063425,-0.285343
-0.091513,-0.348525,-0.279639
-0.080354,-0.692284,-0.218025
-0.055471,-1.036205,-0.078238
-0.047905,-1.336041,0.089750
-0.023148,-1.531379,0.251011
-0.022746,-1.495893,0.372242
-0.076493,-1.206234,0.423732
-0.068044,-0.722877,0.431575
-0.011841,-0.204856,0.334613
0.031783,0.299698,0.173980
0.038733,0.696288,0.024625
0.039370,0.990590,-0.089140
0.082970,1.234770,-0.130523
0.096402,1.354550,-0.160229
0.089358,1.323755,-0.178007
0.069775,1.152457,-0.189149
0.047801,0.909844,-0.195792
0.018173,0.654266,-0.201045
-0.010289,0.436740,-0.202115
-0.039800,0.255628,-0.196751
-0.062982,0.037360,-0.200787
-0.072728,-0.270391,-0.219503
-0.067785,-0.644253,-0.198640
-0.037917,-1.022784,-0.094182
-0.044353,-1.350363,0.055313
-0.025609,-1.561440,0.224701
-0.014219,-1.606140,0.357794
-0.034659,-1.431002,0.417068
-0.062187,-1.025631,0.434832
-0.066448,-0.529640,0.362563
0.002144,-0.022896,0.255615
0.024882,0.427619,0.110957
0.025208,0.786223,-0.024790
0.055600,1.063437,-0.109912
0.093618,1.260165,-0.142098
0.090915,1.310538,-0.150724
0.085201,1.229692,-0.154638
0.069470,1.054190,-0.151832
0.041331,0.838436,-0.159107
0.008409,0.633928,-0.180122
-0.025904,0.458752,-0.205348
-0.046403,0.303128,-0.223128
-0.059251,0.075987,-0.254607
-0.067339,-0.259886,-0.250979
-0.047962,-0.682780,-0.200685
-0.023945,-1.109883,-0.069413
-0.038368,-1.457623,0.112433
-0.020328,-1.687111,0.289028
-0.016975,-1.752271,0.387216
-0.027595,-1.575080,0.425640
-0.066717,-1.171172,0.420860
-0.078143,-0.644048,0.359615
-0.005479,-0.104067,0.256880
-0.003999,0.341605,0.098361
0.020812,0.711510,-0.027265
0.043309,1.023173,-0.114767
0.095712,1.290243,-0.164257
0.110318,1.419505,-0.212671
0.114437,1.404143,-0.250344
0.109906,1.274566,-0.267835
0.079985,1.092409,-0.246604
0.035195,0.916600,-0.223477
-0.013076,0.791344,-0.219210
-0.038154,0.727105,-0.216574
-0.075089,0.565345,-0.244371
-0.103340,0.198549,-0.273663
-0.077998,-0.346266,-0.260152
-0.071965,-0.965295,-0.096417
-0.073712,-1.534337,0.155057
-0.077213,-1.943393,0.384388
-0.035931,-2.162604,0.535199
-0.017957,-2.201101,0.584784
-0.009713,-2.033852,0.568706
-0.033793,-1.686439,0.551727
-0.084444,-1.220151,0.513040
-0.066778,-0.710524,0.418245
-0.015475,-0.236201,0.264167
0.032136,0.314595,0.099838
0.091094,0.876379,-0.033524
0.134676,1.327565,-0.155654
0.176397,1.611447,-0.263088
0.183071,1.742767,-0.373035
0.166299,1.712921,-0.437840
0.128248,1.551867,-0.439063
0.069486,1.329116,-0.400931
0.018296,1.138103,-0.356089
-0.024216,0.981555,-0.320152
-0.070336,0.792617,-0.312012
-0.123245,0.457684,-0.316560
-0.126795,-0.039315,-0.287466
-0.134938,-0.651119,-0.171039
-0.120871,-1.239992,0.041444
-0.106334,-1.740471,0.263595
-0.066893,-2.068061,0.434756
-0.022720,-2.200783,0.535817
-0.005795,-2.098496,0.578912
-0.028691,-1.755412,0.607665
-0.074882,-1.239624,0.582504
-0.063433,-0.673562,0.464917
0.016344,-0.130855,0.272972
0.068269,0.454232,0.070514
0.108933,1.008836,-0.092206
0.142370,1.459104,-0.211672
0.167801,1.764695,-0.310306
0.171496,1.920414,-0.392914
0.159518,1.909376,-0.447059
0.118609,1.728775,-0.450430
0.052107,1.450742,-0.405174
-0.004306,1.160822,-0.326811
-0.049435,0.916067,-0.273166
-0.094734,0.632065,-0.265978
-0.127316,0.206258,-0.262826
-0.116261,-0.360363,-0.233601
-0.120623,-1.000018,-0.115696
-0.092942,-1.581928,0.104787
-0.093491,-2.036913,0.341500
-0.045203,-2.319015,0.529387
-0.023106,-2.390442,0.627151
-0.023299,-2.225921,0.667293
-0.053702,-1.822354,0.655127
-0.066229,-1.242857,0.571379
-0.024167,-0.593096,0.402418
0.034306,0.014764,0.200641
0.088874,0.560529,0.017320
0.130240,1.058300,-0.132686
0.137537,1.450259,-0.231644
0.152482,1.710565,-0.321560
0.150594,1.798113,-0.401623
0.131887,1.713493,-0.441309
0.098826,1.493598,-0.424132
0.053877,1.219276,-0.362701
0.009623,0.969641,-0.307140
-0.040116,0.738739,-0.280730
-0.096231,0.439682,-0.303393
-0.133165,0.048073,-0.315059
-0.133243,-0.426950,-0.255274
-0.122547,-0.935350,-0.111288
-0.082412,-1.403509,0.081950
-0.065872,-1.772926,0.283400
-0.019075,-1.992574,0.459738
-0.018815,-1.984849,0.570903
-0.043825,-1.713395,0.615076
-0.079659,-1.219224,0.576987
-0.058538,-0.627458,0.425260
0.026286,-0.046835,0.214374
0.070971,0.505121,0.007065
0.112398,1.030411,-0.129134
0.128519,1.445163,-0.205256
0.135052,1.710693,-0.248170
0.126493,1.810913,-0.300240
0.108337,1.730815,-0.334550
0.086405,1.500155,-0.339271
0.040124,1.189363,-0.306569
0.001365,0.871476,-0.265366
-0.041155,0.595421,-0.251091
-0.076815,0.287987,-0.269370
-0.114643,-0.105832,-0.268367
-0.106688,-0.600948,-0.221874
-0.077621,-1.077405,-0.107904
-0.066635,-1.483625,0.054951
-0.051639,-1.783924,0.240123
-0.011526,-1.976189,0.396572
-0.004156,-1.996595,0.479868
-0.016875,-1.780919,0.521008
-0.067491,-1.357208,0.506948
-0.073592,-0.800560,0.414510
-0.014383,-0.216409,0.256651
-0.003565,0.277797,0.066401
0.055920,0.776034,-0.084171
0.100372,1.227593,-0.182023
0.121373,1.559867,-0.225175
0.135623,1.724154,-0.265575
0.127320,1.698321,-0.299693
0.105182,1.518469,-0.317234
0.060232,1.251952,-0.289164
0.014607,1.027110,-0.246195
-0.033270,0.856581,-0.238238
-0.055146,0.681205,-0.263148
-0.093185,0.357486,-0.309831
-0.090982,-0.109546,-0.314983
-0.086939,-0.675255,-0.220824
-0.076132,-1.210287,-0.008683
-0.085757,-1.646233,0.235191
-0.052965,-1.944626,0.434535
-0.013119,-2.066812,0.532569
0.000006,-1.968204,0.541331
-0.021432,-1.621816,0.524555
-0.083970,-1.129724,0.470470
-0.059611,-0.596352,0.354909
-0.009062,-0.134686,0.199885
0.027257,0.330836,0.053964
0.084402,0.823327,-0.046587
0.104606,1.212444,-0.131461
0.143192,1.489432,-0.206202
0.153273,1.646965,-0.281757
0.131103,1.659330,-0.339025
0.095523,1.518084,-0.339530
0.045649,1.290110,-0.299150
-0.007457,1.072577,-0.272379
-0.042362,0.905157,-0.291458
-0.050784,0.714719,-0.353579
-0.090035,0.380093,-0.401860
-0.085302,-0.117418,-0.379075
-0.079632,-0.728558,-0.233466
-0.075474,-1.294208,0.027619
-0.088412,-1.727911,0.288598
-0.066901,-1.973119,0.460210
-0.024163,-2.022047,0.529006
-0.013931,-1.832215,0.532331
-0.051428,-1.422371,0.504678
-0.099916,-0.941743,0.428609
-0.025651,-0.417385,0.311965
-0.000764,0.079760,0.160160
0.049737,0.577555,0.034583
0.100144,1.009696,-0.082772
0.137747,1.348321,-0.176488
0.152879,1.589101,-0.267633
0.141395,1.670284,-0.352530
0.117751,1.558955,-0.388454
0.077046,1.328196,-0.367199
0.029098,1.086676,-0.315075
-0.024244,0.900035,-0.274914
-0.049097,0.696949,-0.296062
-0.087132,0.382111,-0.355659
-0.083529,-0.070892,-0.368967
-0.082864,-0.627941,-0.281571
-0.085591,-1.161655,-0.073607
-0.090658,-1.587974,0.184963
-0.075765,-1.852374,0.405276
-0.039056,-1.938911,0.535257
-0.017447,-1.799872,0.557901
-0.051555,-1.451465,0.535217
-0.097380,-0.981732,0.474563
-0.076215,-0.504455,0.342666
-0.001748,-0.049629,0.188152
0.044002,0.426645,0.047304
0.096432,0.904267,-0.063169
0.145831,1.303220,-0.147751
0.164013,1.575728,-0.253841
0.163192,1.667326,-0.364051
0.150488,1.581214,-0.426658
0.104415,1.374882,-0.396054
0.040755,1.167580,-0.310520
-0.027466,1.006631,-0.259617
-0.050375,0.869039,-0.274126
-0.072686,0.653853,-0.364484
-0.094017,0.304341,-0.434394
-0.077015,-0.191718,-0.389353
-0.096822,-0.778525,-0.206941
-0.095029,-1.314423,0.078885
-0.102944,-1.707083,0.348383
-0.064328,-1.910457,0.526035
-0.029305,-1.898772,0.584656
-0.032044,-1.651494,0.566441
-0.063792,-1.251199,0.511980
-0.083081,-0.813129,0.419963
-0.041062,-0.395364,0.268072
0.034714,0.074127,0.119367
0.082042,0.584115,0.005401
0.114581,1.009999,-0.082655
0.141684,1.312659,-0.170678
0.157655,1.498606,-0.265028
0.139640,1.536552,-0.344990
0.105524,1.420367,-0.361002
0.054517,1.198350,-0.323914
0.007756,0.973659,-0.283728
-0.031883,0.810597,-0.284606
-0.055307,0.649312,-0.319700
-0.092372,0.371929,-0.359366
-0.091805,-0.053876,-0.349767
-0.084299,-0.581847,-0.243085
-0.078271,-1.106433,-0.024330
-0.083350,-1.527485,0.217550
-0.064517,-1.775968,0.402857
-0.029913,-1.838995,0.499606
-0.023356,-1.651787,0.521932
-0.065047,-1.264214,0.495987
-0.069999,-0.768714,0.423460
-0.022451,-0.273964,0.288869
0.017635,0.177090,0.124700
0.061112,0.635455,-0.014266
0.089585,1.048252,-0.129731
0.126741,1.359569,-0.209311
0.143675,1.543209,-0.280733
0.131495,1.553584,-0.344878
0.108135,1.382483,-0.359428
0.071282,1.120281,-0.318601
0.017081,0.868795,-0.278967
-0.027822,0.694330,-0.265316
-0.052020,0.543677,-0.283350
-0.075222,0.318271,-0.328440
-0.082623,-0.012221,-0.346969
-0.076965,-0.455280,-0.274386
-0.078669,-0.944346,-0.080198
-0.084191,-1.398575,0.151609
-0.069579,-1.723249,0.340584
-0.035238,-1.880281,0.454510
-0.020964,-1.832115,0.501807
-0.032131,-1.568989,0.516260
-0.070356,-1.165251,0.495566
-0.056599,-0.674765,0.419532
-0.010660,-0.174407,0.280894
0.006013,0.285886,0.118216
0.070820,0.749183,-0.014636
0.099621,1.149045,-0.140379
0.133267,1.445713,-0.244315
0.139350,1.599241,-0.325816
0.120689,1.565184,-0.376997
0.095784,1.379619,-0.376195
0.055463,1.144979,-0.335941
0.006278,0.933710,-0.295793
-0.023338,0.795423,-0.294160
-0.043543,0.639235,-0.324719
-0.085332,0.333206,-0.365978
-0.077051,-0.113188,-0.356956
-0.081046,-0.662781,-0.239688
-0.079537,-1.183919,-0.008588
-0.097063,-1.592841,0.239986
-0.071216,-1.833474,0.429103
-0.036044,-1.897404,0.516964
-0.027743,-1.728509,0.539365
-0.060613,-1.356173,0.527894
-0.087497,-0.886261,0.461407
-0.026273,-0.385773,0.355346
-0.005403,0.067952,0.200634
0.026742,0.523586,0.041304
0.090362,0.975979,-0.078356
0.121735,1.344934,-0.187064
0.160130,1.565961,-0.277706
0.159131,1.640261,-0.367492
0.141877,1.573307,-0.407138
0.098835,1.399230,-0.371441
0.033003,1.204334,-0.310654
-0.027283,1.032911,-0.269522
-0.051947,0.856756,-0.284557
-0.091846,0.551122,-0.325885
-0.104892,0.060696,-0.333209
-0.088187,-0.572833,-0.247940
-0.095236,-1.222935,-0.026517
-0.095661,-1.741431,0.248917
-0.086344,-2.059778,0.461911
-0.040743,-2.170198,0.565366
-0.019251,-2.039114,0.595937
-0.043683,-1.658632,0.586757
-0.085525,-1.125181,0.538486
-0.041645,-0.530712,0.431953
0.001382,-0.018664,0.262747
0.037797,0.459027,0.089138
0.107994,0.944807,-0.054710
0.136378,1.352505,-0.177677
0.180525,1.614211,-0.285731
0.186640,1.718865,-0.384389
0.174437,1.668695,-0.441957
0.124123,1.502241,-0.434607
0.053329,1.274453,-0.388913
-0.007413,1.073457,-0.341491
-0.049430,0.923688,-0.331647
-0.085128,0.714496,-0.351125
-0.111150,0.326239,-0.372237
-0.089729,-0.226562,-0.351856
-0.097555,-0.868850,-0.206722
-0.086521,-1.458257,0.066537
-0.099797,-1.890581,0.334676
-0.062297,-2.118050,0.499476
-0.036484,-2.128944,0.560474
-0.032666,-1.897489,0.568884
-0.057876,-1.434104,0.551466
-0.069970,-0.843794,0.485397
-0.021568,-0.277532,0.348503
0.016988,0.210599,0.162130
0.076822,0.707050,-0.011372
0.111083,1.162443,-0.150841
0.132050,1.480444,-0.264599
0.159458,1.658601,-0.358902
0.142359,1.686357,-0.437137
0.125516,1.581081,-0.450752
0.080710,1.375358,-0.395855
0.026680,1.128919,-0.324740
-0.014760,0.912672,-0.291036
-0.048383,0.707978,-0.304624
-0.089073,0.373066,-0.337586
-0.106480,-0.130418,-0.339735
-0.096085,-0.724458,-0.252477
-0.092343,-1.271458,-0.042107
-0.103173,-1.699024,0.212823
-0.075430,-1.967960,0.415918
-0.040631,-2.074687,0.517347
-0.020676,-1.976831,0.554361
-0.031712,-1.650933,0.571799
-0.083064,-1.180238,0.535891
-0.048046,-0.637487,0.450044
-0.014705,-0.129171,0.295610
0.020294,0.379698,0.109951
0.064994,0.883328,-0.048322
0.104656,1.320014,-0.176451
0.139912,1.606728,-0.260155
0.148022,1.719392,-0.332626
0.130303,1.630425,-0.378877
0.104014,1.391160,-0.360351
0.057728,1.084161,-0.297781
0.000857,0.800059,-0.243842
-0.032058,0.578956,-0.233159
-0.052736,0.339438,-0.275206
-0.073591,0.020503,-0.319353
-0.065628,-0.390096,-0.305147
-0.064665,-0.850814,-0.176898
-0.065695,-1.254367,0.043703
-0.076034,-1.546131,0.265350
-0.042815,-1.720172,0.414477
-0.019920,-1.743360,0.465331
-0.011449,-1.562116,0.476722
-0.055515,-1.200468,0.475373
-0.084232,-0.745576,0.405197
-0.018798,-0.262579,0.276041
-0.014073,0.218814,0.119350
0.053033,0.760895,-0.031869
0.089595,1.233352,-0.164026
0.128600,1.529008,-0.272751
0.142641,1.645236,-0.364413
0.127631,1.580400,-0.407344
0.094164,1.384521,-0.373339
0.042968,1.125937,-0.286707
-0.012084,0.881782,-0.212905
-0.041362,0.687504,-0.208428
-0.038268,0.468713,-0.265555
-0.065163,0.148452,-0.330369
-0.057636,-0.280659,-0.308006
-0.074323,-0.799920,-0.157589
-0.086237,-1.263170,0.100147
-0.108665,-1.606037,0.347437
-0.080422,-1.816288,0.519280
-0.043111,-1.884234,0.586209
-0.023417,-1.784976,0.599065
-0.048476,-1.505667,0.586557
-0.103332,-1.122127,0.531971
-0.073212,-0.679413,0.434746
-0.022557,-0.202329,0.282259
0.045823,0.368770,0.120811
0.077078,0.864188,-0.031937
0.110924,1.185135,-0.156763
0.156218,1.389872,-0.274572
0.159188,1.481027,-0.362114
0.131945,1.425520,-0.385416
0.084309,1.246094,-0.336716
0.043450,1.060029,-0.308139
0.030823,0.938357,-0.329941
0.010210,0.799263,-0.394059
-0.037160,0.535624,-0.454197
-0.058634,0.118250,-0.427533
-0.079205,-0.407098,-0.275581
-0.115092,-0.893100,-0.040953
-0.123048,-1.258316,0.213551
-0.114588,-1.476812,0.397835
-0.062240,-1.546563,0.481319
-0.037289,-1.456340,0.491402
-0.055016,-1.217018,0.491678
-0.096861,-0.932601,0.459957
-0.080573,-0.605370,0.383390
-0.030213,-0.237237,0.280533
0.029299,0.180954,0.164396
0.078565,0.582237,0.046533
0.114360,0.905829,-0.078819
0.153918,1.160605,-0.183919
0.147051,1.314100,-0.273866
0.116906,1.333731,-0.315841
0.068555,1.220524,-0.312860
0.027022,1.037484,-0.307565
0.005787,0.841047,-0.334593
-0.007803,0.609522,-0.372714
-0.026517,0.278763,-0.394892
-0.030046,-0.107982,-0.335837
-0.058416,-0.522970,-0.176696
-0.090845,-0.885140,0.045398
-0.106036,-1.142784,0.231580
-0.096130,-1.277376,0.331837
-0.057651,-1.281343,0.372850
-0.048108,-1.135520,0.390012
-0.078255,-0.876196,0.407379
-0.078753,-0.578609,0.387104
-0.051153,-0.279957,0.305598
-0.016222,0.050742,0.184828
0.060393,0.441059,0.076869
0.086781,0.783938,-0.035669
0.116031,1.020272,-0.138149
0.137763,1.155777,-0.228676
0.125028,1.191546,-0.291885
0.090592,1.147595,-0.298378
0.041372,1.027434,-0.265383
0.008801,0.889330,-0.260134
-0.012480,0.708113,-0.287764
-0.035640,0.406652,-0.329398
-0.045084,0.003541,-0.350884
-0.056554,-0.445311,-0.262159
-0.069987,-0.894885,-0.065313
-0.082930,-1.253111,0.154778
-0.079169,-1.465896,0.318502
-0.039813,-1.524373,0.403078
-0.028661,-1.393124,0.430644
-0.058956,-1.086363,0.452070
-0.101705,-0.727588,0.415209
-0.043828,-0.365099,0.318196
-0.033197,-0.023014,0.166982
0.037121,0.401164,0.032142
0.082211,0.834014,-0.075864
0.109770,1.144810,-0.170605
0.144279,1.309699,-0.262368
0.132065,1.347033,-0.332947
0.099726,1.285334,-0.339393
0.053743,1.150409,-0.297744
0.003315,0.984115,-0.256879
-0.017200,0.839787,-0.250528
-0.062141,0.614778,-0.267011
-0.090724,0.213165,-0.272582
-0.090788,-0.330642,-0.230826
-0.099665,-0.914010,-0.068894
-0.098954,-1.417620,0.182896
-0.102048,-1.763309,0.411120
-0.045953,-1.944475,0.562099
-0.014881,-1.957875,0.611251
-0.006252,-1.781899,0.605513
-0.034969,-1.459499,0.575438
-0.060438,-1.052671,0.502999
-0.028275,-0.611100,0.378082
0.011652,-0.165219,0.225960
0.067065,0.337848,0.072722
0.119193,0.821218,-0.067977
0.136351,1.179628,-0.195781
0.144514,1.372407,-0.316617
0.139336,1.444730,-0.402804
0.097448,1.405563,-0.421928
0.047553,1.269894,-0.382008
0.009898,1.093045,-0.345993
-0.027410,0.873671,-0.340654
-0.046215,0.573977,-0.364868
-0.061820,0.171555,-0.388091
-0.058004,-0.287090,-0.364670
-0.080321,-0.741817,-0.223020
-0.081553,-1.122029,0.016054
-0.096780,-1.399106,0.259961
-0.067460,-1.535717,0.423036
-0.036159,-1.516104,0.479227
-0.038581,-1.324097,0.481306
-0.068601,-1.013816,0.446290
-0.066167,-0.634237,0.366044
-0.020598,-0.214652,0.259898
0.015987,0.210611,0.133414
0.073478,0.635742,0.023259
0.090908,0.981794,-0.092977
0.108036,1.214090,-0.195600
0.113890,1.350511,-0.277450
0.085358,1.360505,-0.320868
0.062404,1.270391,-0.304559
0.028821,1.112723,-0.273640
0.004899,0.876255,-0.257871
-0.029902,0.514011,-0.282764
-0.071429,0.049330,-0.283133
-0.089359,-0.473619,-0.215072
-0.100431,-0.969728,-0.069437
-0.090660,-1.341641,0.119200
-0.078600,-1.575350,0.282676
-0.023296,-1.650631,0.410400
0.008762,-1.527311,0.474978
-0.025295,-1.198841,0.480812
-0.072913,-0.823418,0.411167
-0.041470,-0.438972,0.289231
-0.017108,-0.040842,0.133007
0.057288,0.459427,-0.019021
0.089179,0.937994,-0.134626
0.107288,1.240572,-0.232998
0.133594,1.379033,-0.311818
0.125760,1.387339,-0.357266
0.088649,1.262765,-0.327431
0.044932,1.040090,-0.263966
0.009915,0.819112,-0.222318
-0.017178,0.639469,-0.222827
-0.059198,0.415949,-0.267381
-0.089807,0.083812,-0.300335
-0.088549,-0.346192,-0.257056
-0.092165,-0.783024,-0.117219
-0.094359,-1.154913,0.091234
-0.088307,-1.446100,0.289335
-0.035310,-1.623414,0.421041
0.006653,-1.634800,0.467813
-0.006877,-1.439074,0.478734
-0.064646,-1.110307,0.476768
-0.094287,-0.726647,0.410913
-0.085216,-0.385457,0.285878
0.015070,0.087963,0.124565
0.091611,0.671794,-0.037700
0.103864,1.097055,-0.183393
0.152971,1.349914,-0.287020
0.165411,1.480353,-0.369514
0.140997,1.485566,-0.381672
0.099079,1.350342,-0.341003
0.055005,1.169820,-0.304053
0.012199,1.015074,-0.312711
-0.015920,0.847185,-0.353129
-0.088821,0.516817,-0.411361
-0.110453,0.035323,-0.377554
-0.116685,-0.553950,-0.221844
-0.130004,-1.106707,0.025239
-0.130639,-1.519624,0.278352
-0.107001,-1.762263,0.463591
-0.042340,-1.834829,0.553299
-0.021134,-1.706733,0.579601
-0.053898,-1.427262,0.576963
-0.089386,-1.075835,0.534125
-0.045566,-0.676521,0.442002
-0.012661,-0.233944,0.273208
0.057741,0.294442,0.107266
0.107376,0.782689,-0.036565
0.134378,1.139549,-0.144418
0.155286,1.346841,-0.255109
0.157022,1.470588,-0.344842
0.139088,1.474039,-0.379109
0.110072,1.352136,-0.373652
0.062032,1.188048,-0.378916
0.020991,1.002687,-0.374378
-0.045387,0.718681,-0.376730
-0.086778,0.291638,-0.351610
-0.106138,-0.233265,-0.277647
-0.128395,-0.797150,-0.125419
-0.116058,-1.272698,0.079880
-0.106647,-1.607764,0.276575
-0.057626,-1.788432,0.423526
-0.016359,-1.801541,0.501035
-0.021188,-1.609515,0.555031
-0.082756,-1.275560,0.574024
-0.109643,-0.887673,0.528365
-0.057306,-0.498787,0.400098
0.021289,0.002748,0.221202
0.096575,0.588838,0.041607
0.129784,1.075113,-0.123398
0.164731,1.387141,-0.254295
0.181277,1.564588,-0.369218
0.155034,1.613843,-0.436150
0.119154,1.515106,-0.426819
0.071735,1.314539,-0.385289
0.035027,1.121611,-0.368156
-0.001347,0.935543,-0.361569
-0.063874,0.627329,-0.370869
-0.114694,0.177084,-0.347128
-0.131373,-0.383841,-0.260981
-0.144703,-0.942403,-0.099723
-0.125355,-1.391860,0.113328
-0.106163,-1.710011,0.336391
-0.049500,-1.877309,0.517358
-0.019626,-1.818677,0.618385
-0.048111,-1.539970,0.653462
-0.091088,-1.131001,0.606861
-0.071299,-0.653165,0.482476
-0.027525,-0.185327,0.292572
0.045650,0.381637,0.094073
0.103026,0.942665,-0.076750
0.140193,1.348389,-0.197193
0.171739,1.605971,-0.300003
0.150843,1.697637,-0.394732
0.129710,1.634926,-0.429275
0.091379,1.419552,-0.403544
0.052332,1.178606,-0.368842
0.006010,0.897743,-0.335267
-0.041882,0.505132,-0.340742
-0.094907,-0.004445,-0.340043
-0.109187,-0.578873,-0.274453
-0.124691,-1.114756,-0.118505
-0.121479,-1.521956,0.086033
-0.090793,-1.798980,0.291558
-0.029930,-1.952997,0.452573
0.002199,-1.924059,0.531676
-0.010380,-1.712909,0.555502
-0.070534,-1.394368,0.536197
-0.105830,-1.038968,0.457043
-0.033453,-0.579632,0.331064
-0.003497,-0.041389,0.160338
0.059250,0.506799,-0.012115
0.108040,0.947291,-0.169451
0.145499,1.265679,-0.312690
0.157633,1.487218,-0.433503
0.133017,1.602649,-0.478198
0.094303,1.566446,-0.450975
0.054061,1.446011,-0.412389
0.014622,1.342803,-0.402547
-0.014887,1.222633,-0.417831
-0.084209,0.946305,-0.443832
-0.122353,0.481582,-0.415786
-0.132650,-0.116484,-0.316657
-0.135529,-0.756032,-0.120216
-0.123044,-1.326625,0.157780
-0.102990,-1.766335,0.435275
-0.061899,-2.026251,0.615585
-0.010894,-2.047320,0.697102
-0.036426,-1.785648,0.704749
-0.115742,-1.384591,0.634895
-0.091798,-0.941407,0.501848
-0.009754,-0.402690,0.313289
0.079568,0.271834,0.111038
0.111258,0.875595,-0.063743
0.145467,1.264112,-0.219033
0.191194,1.518476,-0.355469
0.199270,1.686054,-0.449294
0.163459,1.663782,-0.446308
0.119608,1.490936,-0.396182
0.071734,1.324842,-0.371211
0.019102,1.201228,-0.365567
-0.023055,0.983007,-0.394732
-0.097673,0.580949,-0.411036
-0.110779,0.039273,-0.357111
-0.129470,-0.593345,-0.208241
-0.149533,-1.192055,0.036095
-0.128613,-1.673220,0.303225
-0.100405,-1.976268,0.512989
-0.035936,-2.048932,0.631368
-0.028046,-1.869231,0.675889
-0.114509,-1.553467,0.664786
-0.155241,-1.216651,0.581890
-0.055567,-0.759342,0.428512
0.014835,-0.088439,0.227049
0.054247,0.560344,0.039396
0.118289,0.984496,-0.114464
0.184879,1.265895,-0.263422
0.213923,1.509521,-0.383469
0.188507,1.651111,-0.435416
0.137271,1.604452,-0.430838
0.075384,1.456855,-0.417370
0.028236,1.297120,-0.413193
-0.007538,1.049273,-0.434404
-0.063036,0.645160,-0.447816
-0.076625,0.109885,-0.403816
-0.099621,-0.482395,-0.248854
-0.135357,-1.041713,0.001330
-0.125851,-1.458055,0.267373
-0.108515,-1.702158,0.439927
-0.048251,-1.771023,0.511308
-0.019619,-1.650812,0.535843
-0.070064,-1.418444,0.550449
-0.122685,-1.128168,0.537434
-0.099336,-0.773537,0.433261
0.002880,-0.249266,0.289266
0.052684,0.350710,0.120744
0.106976,0.838089,-0.044949
0.139909,1.150239,-0.200683
0.179122,1.407382,-0.335787
0.171090,1.585940,-0.413426
0.139440,1.609571,-0.425658
0.095271,1.495492,-0.430294
0.043601,1.332428,-0.430144
0.026547,1.113968,-0.435117
-0.027275,0.745341,-0.441077
-0.085257,0.244145,-0.400394
-0.101033,-0.358891,-0.261608
-0.134233,-0.961897,-0.054826
-0.127015,-1.421573,0.171309
-0.117290,-1.715817,0.351404
-0.061062,-1.832567,0.464319
-0.016901,-1.717214,0.526384
-0.074675,-1.449099,0.551863
-0.128598,-1.099478,0.536771
-0.108447,-0.722482,0.429294
-0.030345,-0.250822,0.274177
0.042672,0.338839,0.103602
0.093277,0.864316,-0.055403
0.141424,1.200578,-0.185999
0.188366,1.426728,-0.302044
0.181529,1.567150,-0.393791
0.144738,1.556153,-0.407247
0.092758,1.404467,-0.387510
0.042375,1.211953,-0.373969
0.001379,0.999198,-0.369581
-0.043386,0.684278,-0.379769
-0.101039,0.263986,-0.376174
-0.112327,-0.229062,-0.282981
-0.125689,-0.793978,-0.115473
-0.120997,-1.286340,0.113322
-0.109258,-1.633737,0.324568
-0.057469,-1.822314,0.478004
-0.020277,-1.803016,0.550577
-0.047048,-1.590990,0.568357
-0.117534,-1.282933,0.527759
-0.083659,-0.896173,0.418173
-0.002922,-0.398141,0.265141
0.062037,0.196777,0.105148
0.104338,0.739054,-0.026598
0.119010,1.121484,-0.138483
0.151863,1.361251,-0.239071
0.165743,1.524732,-0.347116
0.138750,1.544985,-0.407602
0.105514,1.389594,-0.416893
0.083580,1.177705,-0.403721
0.032261,0.934946,-0.389711
-0.033705,0.627449,-0.365122
-0.085810,0.210992,-0.319092
-0.124049,-0.250564,-0.230783
-0.153508,-0.726875,-0.104383
-0.130916,-1.126522,0.047391
-0.105793,-1.427118,0.194763
-0.054619,-1.609102,0.328580
-0.009883,-1.603050,0.441410
-0.040669,-1.426760,0.506851
-0.087507,-1.123129,0.527043
-0.100330,-0.773589,0.443170
-0.025167,-0.345517,0.290417
0.032948,0.187989,0.114717
0.076272,0.750215,-0.033669
0.087307,1.165377,-0.154542
0.139153,1.406715,-0.263254
0.162727,1.555247,-0.363080
0.143194,1.595760,-0.411050
0.106525,1.502716,-0.386713
0.057574,1.331357,-0.368227
0.019014,1.167076,-0.352773
-0.035095,0.933482,-0.364563
-0.086312,0.565173,-0.370953
-0.109429,0.041558,-0.333165
-0.126843,-0.608674,-0.214111
-0.119182,-1.236917,0.003463
-0.100347,-1.728107,0.252898
-0.071321,-2.035474,0.457254
-0.014222,-2.150815,0.567459
0.000368,-2.039950,0.598723
-0.040602,-1.708323,0.601768
-0.132682,-1.312369,0.531814
-0.089368,-0.870088,0.394388
0.005032,-0.288046,0.212972
0.050599,0.414274,0.001296
0.094371,1.007380,-0.202973
0.147965,1.432335,-0.370442
0.211106,1.743650,-0.509566
0.216752,1.919636,-0.603197
