-0.001489,0.018662,0.002512
-0.004380,0.026135,0.001419
-0.004357,0.027233,-0.001761
-0.006309,0.020843,-0.000779
-0.006291,0.013347,0.002380
-0.002333,0.005809,0.009824
-0.000245,0.004680,0.016202
0.001847,0.001440,0.020466
0.003034,0.004580,0.026902
0.000322,-0.001723,0.017346
0.002798,-0.038646,0.292867
0.036075,-0.093913,0.585969
0.036766,-0.059606,0.253243
0.004321,-0.012022,-0.019883
-0.003473,-0.002521,-0.009197
-0.003598,0.006052,-0.013449
-0.010806,0.019782,0.000452
-0.006660,0.028189,0.013224
-0.002714,0.027108,0.014248
0.011461,0.021728,0.018425
0.016166,0.015372,0.014166
0.016822,0.005803,0.010934
0.017254,-0.001622,0.006659
0.013159,-0.006881,-0.000794
0.015343,-0.005743,-0.007103
0.011361,-0.007813,-0.013481
0.010528,-0.012072,-0.014593
0.007672,-0.014195,-0.015673
0.004867,-0.017430,-0.012532
0.000976,-0.016429,-0.006191
-0.000717,-0.011161,0.000195
0.000827,-0.000585,0.009851
0.000381,0.006882,0.009888
0.002066,0.009058,0.005642
0.000848,0.011172,0.007768
0.001645,0.009041,0.007798
0.005455,0.009077,0.004635
0.005419,0.003766,0.002508
0.004438,-0.001542,-0.000684
0.004316,-0.005832,0.001400
0.003290,-0.011163,0.001345
0.003183,-0.011103,-0.005063
-0.000855,-0.010039,-0.005080
-0.001056,0.001685,-0.003965
-0.000298,0.013381,0.000353
0.000567,0.017659,-0.000692
0.002439,0.015520,-0.000730
0.002365,0.013367,0.001408
0.003288,0.009109,0.000302
0.003227,0.004906,-0.006073
0.002167,0.000663,-0.008227
0.001123,0.001668,-0.001824
0.002028,0.001670,-0.001782
0.001940,0.001682,-0.002836
0.001795,-0.002542,-0.007097
-0.000252,-0.004708,-0.003932
-0.000388,-0.003610,-0.007141
-0.001494,0.002833,-0.011350
-0.000639,0.010298,-0.011332
-0.001733,0.017768,-0.011260
0.000097,0.020918,-0.005921
0.001998,0.018762,-0.003817
0.001943,0.014486,-0.002773
0.002894,0.002771,-0.004977
0.002880,-0.007911,-0.003981
0.003786,-0.021721,-0.010482
0.001681,-0.020602,-0.015813
0.000516,-0.008898,-0.012562
-0.001606,0.013487,-0.010243
-0.000739,0.030571,-0.011162
-0.001790,0.039076,-0.007940
-0.001840,0.040111,-0.004754
-0.003790,0.032583,0.001587
0.000125,0.020823,0.003607
0.001151,0.009083,0.003505
0.001148,0.002702,0.001327
0.001101,0.003770,0.001364
0.003002,0.002715,0.000314
0.002990,0.003827,-0.003921
-0.000031,-0.000335,-0.014561
-0.003107,-0.002413,-0.019858
-0.003281,-0.000311,-0.016663
-0.005363,0.006057,-0.013437
-0.002461,0.019745,0.004680
-0.002375,0.031302,0.022791
-0.002214,0.039813,0.024925
-0.003978,0.043044,0.021771
-0.001862,0.045266,0.013329
0.003189,0.041024,0.011204
0.008138,0.026185,0.001586
0.009135,0.008155,-0.009120
0.006100,-0.008820,-0.018776
0.002965,-0.022638,-0.024168
0.000765,-0.026895,-0.025259
-0.001386,-0.020568,-0.017797
-0.002493,-0.004693,-0.004980
-0.005471,0.012345,-0.001690
-0.007450,0.025114,0.001536
-0.008413,0.039986,0.007941
-0.004410,0.051668,0.013307
-0.000358,0.050582,0.015455
0.005671,0.033553,0.011096
0.007692,0.004881,-0.002899
0.007589,-0.021655,-0.016870
0.005408,-0.035450,-0.024384
0.002233,-0.024756,-0.026392
-0.002846,-0.002367,-0.024067
-0.004924,0.025239,-0.010053
-0.007856,0.040059,0.001721
-0.006769,0.031395,0.014393
-0.002704,0.012174,0.015244
0.001331,-0.016613,0.012919
0.003341,-0.041077,0.005318
0.006218,-0.058138,0.004149
0.005154,-0.052675,-0.008528
0.003998,-0.035551,-0.013719
-0.000050,-0.014160,-0.018900
-0.002148,0.006077,-0.015623
-0.004180,0.018804,-0.008153
-0.004200,0.026196,-0.000703
-0.003131,0.022865,0.011988
-0.002060,0.005699,0.021443
0.000050,-0.010305,0.021359
0.001115,-0.021964,0.013899
0.002150,-0.028370,0.014980
0.003186,-0.034726,0.010728
0.004181,-0.036804,0.005418
0.003190,-0.039993,0.004356
0.002214,-0.035716,0.003305
0.002207,-0.026137,0.005470
0.001310,-0.014468,0.011905
0.001407,-0.004886,0.014111
0.000551,-0.004883,0.014110
0.002563,-0.011213,0.006613
0.000617,-0.022937,0.005484
0.001570,-0.034674,0.005395
-0.002373,-0.040001,0.004302
-0.004372,-0.038996,0.010705
-0.005292,-0.040119,0.017081
-0.006142,-0.031666,0.025664
-0.005909,-0.028554,0.034196
-0.002722,-0.032792,0.030955
-0.004503,-0.040166,0.021305
-0.003411,-0.045513,0.022298
-0.000342,-0.045509,0.022311
0.002698,-0.044360,0.013798
0.000815,-0.041108,0.008522
-0.004025,-0.028277,0.006560
-0.003981,-0.018620,0.001353
-0.001001,-0.018618,0.001374
0.001990,-0.022854,-0.001861
0.002961,-0.027100,-0.003999
0.000970,-0.036702,-0.004062
-0.003043,-0.033471,-0.007238
-0.006075,-0.019567,-0.010321
-0.007129,0.001720,-0.004850
-0.009051,0.027256,0.002779
-0.005020,0.049628,0.006082
-0.000977,0.052790,0.009210
0.000103,0.046414,0.005909
0.004044,0.035828,-0.002679
0.003030,0.023119,-0.012333
0.006839,0.008222,-0.016665
0.012536,-0.000252,-0.023120
0.010363,0.000918,-0.033776
0.005175,0.013826,-0.044322
-0.001983,0.029799,-0.041020
-0.001285,0.042532,-0.033454
0.000414,0.037202,-0.033481
0.001141,0.034011,-0.034577
-0.001120,0.026564,-0.036736
-0.003432,0.025466,-0.033556
-0.006686,0.028642,-0.031447
-0.007901,0.042395,-0.019682
-0.005078,0.056159,-0.008993
-0.003171,0.077516,-0.011019
-0.003194,0.092441,-0.009876
-0.000247,0.094523,-0.004538
0.001726,0.078594,-0.012085
0.006571,0.059443,-0.017502
0.006415,0.044638,-0.030282
0.005204,0.030811,-0.034598
0.002945,0.026598,-0.039913
-0.000320,0.037237,-0.036637
-0.002530,0.055273,-0.025868
-0.006576,0.067970,-0.015167
-0.006584,0.081699,-0.001315
-0.004536,0.087951,0.013567
-0.004360,0.093281,0.013587
0.000683,0.093267,0.014607
0.002809,0.082645,0.010303
0.004850,0.072064,0.001784
0.005835,0.059314,-0.003599
0.006789,0.046577,-0.010021
0.002780,0.045605,-0.019565
0.001637,0.040241,-0.016387
0.000595,0.040124,-0.004709
-0.002320,0.035782,0.002694
-0.001279,0.032519,0.009017
-0.004109,0.023939,0.013180
-0.004004,0.018589,0.014160
-0.000000,0.013244,0.015195
0.003074,0.005774,0.015159
0.004160,-0.006997,0.011891
0.004175,-0.015428,0.001207
0.002184,-0.024946,-0.007344
0.003029,-0.022736,-0.014753
0.000921,-0.014168,-0.017868
0.000792,-0.008872,-0.013550
-0.001259,-0.004627,-0.011418
-0.003291,-0.003604,-0.007193
-0.007245,0.002774,-0.005050
-0.007253,0.010154,0.003477
-0.007204,0.011189,0.006670
-0.005161,0.013257,0.013041
-0.000159,0.006847,0.014080
0.002880,-0.006965,0.008687
0.003875,-0.023950,0.000098
0.003828,-0.039868,-0.008481
0.000785,-0.050481,-0.013810
0.002589,-0.048327,-0.015899
0.001458,-0.032313,-0.016868
-0.003564,-0.019511,-0.016791
-0.007573,-0.004692,-0.005045
-0.006592,0.004794,0.006682
-0.003553,0.003651,0.014086
0.000502,-0.002762,0.015069
0.002611,-0.019856,0.017063
0.003686,-0.035791,0.009490
0.003667,-0.047420,-0.001188
0.001605,-0.048376,-0.011766
-0.000506,-0.040829,-0.019100
-0.002657,-0.029106,-0.017942
-0.005725,-0.019570,-0.011548
-0.005765,-0.001590,0.004483
-0.003694,0.010981,0.027923
-0.000465,0.012987,0.040667
-0.001110,-0.000755,0.027848
-0.000940,-0.012373,0.016095
0.002016,-0.014365,0.002332
0.004902,-0.016433,-0.003997
0.004843,-0.014201,-0.013507
0.000779,-0.005592,-0.020887
-0.006258,0.007211,-0.020816
-0.007391,0.023089,-0.007980
-0.007371,0.031495,0.004785
-0.005261,0.036670,0.020761
-0.003075,0.027012,0.025976
-0.000876,0.015295,0.023737
0.002249,-0.000678,0.020442
0.005289,-0.006992,0.011925
0.007310,-0.007962,0.002380
0.007301,-0.001485,-0.004984
0.005214,0.006143,-0.020861
0.003075,0.015801,-0.026082
-0.000037,0.017858,-0.018664
-0.004056,0.023118,-0.011226
-0.003125,0.031560,-0.001595
-0.004065,0.033598,0.007987
-0.003973,0.033580,0.010143
-0.002894,0.025011,0.013273
-0.000827,0.016495,0.011076
-0.001762,0.014431,0.003604
0.000208,0.016574,0.002534
0.000213,0.023051,-0.004873
0.000165,0.034830,-0.009042
0.000108,0.039120,-0.011148
-0.000926,0.039130,-0.012230
-0.001005,0.039126,-0.012207
-0.002043,0.034806,-0.006912
-0.001067,0.027261,0.001578
-0.001013,0.015505,0.003646
-0.000993,0.000585,0.001401
-0.000029,-0.001508,-0.002882
-0.002050,0.003858,-0.006082
-0.003119,0.019903,-0.010249
-0.003176,0.040119,-0.004821
-0.002211,0.052955,-0.007913
-0.000266,0.055089,-0.007902
0.002639,0.042308,-0.010094
0.003572,0.020950,-0.008111
0.003492,0.000733,-0.013537
0.002432,-0.014226,-0.011504
0.002270,-0.021631,-0.017915
-0.000841,-0.016308,-0.016820
-0.001031,-0.004537,-0.019894
-0.002156,0.016783,-0.017606
-0.003276,0.034908,-0.016456
-0.006286,0.052996,-0.011000
-0.004369,0.059312,-0.002477
-0.002377,0.056079,0.000692
0.000595,0.043284,-0.000487
0.000640,0.026190,0.001542
0.003560,0.011296,-0.002798
0.001550,-0.000347,-0.012443
0.001404,-0.002437,-0.016684
0.004182,-0.003482,-0.018830
0.003053,-0.000270,-0.019870
0.000921,-0.002330,-0.027337
-0.001271,-0.003431,-0.024184
-0.004404,-0.003436,-0.024218
-0.004583,-0.002433,-0.017843
-0.004727,0.000713,-0.012544
-0.004809,0.001693,-0.004068
-0.001923,0.004820,0.003394
-0.000918,0.005877,0.004472
-0.000878,0.013343,0.005631
-0.001836,0.015523,0.001447
-0.001840,0.019848,-0.003772
-0.003800,0.022017,-0.006902
-0.005792,0.023105,-0.009014
-0.003835,0.026189,0.002685
0.000140,0.030347,0.013305
0.003234,0.029202,0.020681
-0.000506,0.028186,0.015304
-0.004302,0.023981,0.008893
-0.002347,0.021952,-0.001742
0.001549,0.016671,-0.007080
0.005353,0.014620,-0.015572
0.004196,0.005136,-0.027292
0.001043,-0.000182,-0.028359
-0.001149,-0.001278,-0.025144
-0.003262,0.001807,-0.013424
-0.004297,0.005961,-0.001681
-0.005238,0.010144,0.006858
-0.003140,0.019640,0.017525
-0.002983,0.020706,0.017484
-0.000853,0.020714,0.016389
-0.000711,0.016529,0.007857
0.004188,0.007052,-0.004973
0.007991,-0.007772,-0.016774
0.005856,-0.013033,-0.024255
0.004587,-0.021459,-0.034927
0.000323,-0.029930,-0.041339
-0.001003,-0.032206,-0.026400
-0.003181,-0.039729,-0.019968
-0.002381,-0.054682,-0.017851
-0.000555,-0.072882,-0.011567
-0.001687,-0.080310,-0.015827
-0.008733,-0.062171,-0.015703
-0.012765,-0.027087,-0.002747
-0.011796,0.009093,0.007035
-0.012713,0.042192,0.004004
-0.008719,0.069892,0.007263
-0.007606,0.085821,0.014725
-0.002535,0.080474,0.015725
0.002544,0.046371,0.011218
0.005607,0.001651,0.001319
0.008554,-0.039921,-0.003198
0.008462,-0.065452,-0.010779
0.006329,-0.079229,-0.020428
0.002154,-0.073835,-0.026810
-0.003956,-0.042964,-0.019190
-0.007029,-0.008926,-0.008323
-0.007062,0.013416,-0.001789
-0.005990,0.017545,0.012028
-0.003872,0.012138,0.019415
-0.000751,-0.000710,0.023561
0.000440,-0.011381,0.023503
-0.000359,-0.016674,0.019212
0.000771,-0.017750,0.020249
-0.000076,-0.016642,0.015987
0.000996,-0.008024,0.007525
-0.000905,0.000576,0.001220
-0.000887,0.002678,0.004414
0.000136,0.002636,0.008672
0.003130,0.003716,0.007627
0.000262,-0.005884,0.007598
0.000307,-0.013330,0.005496
0.001318,-0.022917,0.004434
0.002293,-0.023957,0.002364
0.001324,-0.022863,0.000321
-0.001599,-0.023945,0.002503
-0.002536,-0.018673,0.008922
-0.002471,-0.010140,0.008913
-0.004356,-0.004800,0.007822
-0.004273,-0.000536,0.007797
-0.006126,0.001563,0.010950
-0.004092,0.009058,0.007778
-0.002062,0.015414,0.012022
0.001930,0.015448,0.008839
0.002003,0.003761,0.003417
0.000050,-0.010064,-0.002014
-0.000990,-0.016391,-0.009483
-0.003045,-0.012117,-0.009398
-0.006016,-0.004739,0.000258
-0.009857,0.002649,0.008810
-0.007772,0.011077,0.019460
-0.004612,0.022659,0.034348
-0.002276,0.033167,0.050315
-0.000842,0.043838,0.050387
0.001547,0.040723,0.041899
0.003817,0.035582,0.022796
0.008842,0.026141,0.006838
0.009821,0.011343,-0.007044
0.006758,-0.004509,-0.021969
0.004604,-0.019411,-0.025234
0.001408,-0.031146,-0.025288
-0.001722,-0.035500,-0.016837
-0.003813,-0.037721,-0.008389
-0.006796,-0.025033,0.002273
-0.009679,-0.009133,0.013016
-0.005668,0.004677,0.019481
-0.001567,0.012114,0.022723
0.002536,0.013247,0.016337
0.001673,0.010140,0.006732
0.001688,0.004887,-0.001823
0.001628,-0.003553,-0.011426
0.003491,-0.007814,-0.012530
0.001438,-0.001420,-0.011393
0.000395,-0.002519,-0.008226
-0.000667,-0.001465,-0.007183
-0.005608,0.001682,-0.001857
-0.003637,0.003741,0.005589
-0.002617,0.006926,0.007758
-0.003535,0.008013,0.005618
-0.002508,0.014414,0.005681
0.000470,0.011162,0.010993
-0.000411,0.005866,0.006697
0.000624,-0.006906,0.003422
0.000608,-0.017461,-0.008370
0.000495,-0.019615,-0.006246
0.000389,-0.018515,-0.009398
-0.000663,-0.018544,-0.006174
-0.000742,-0.023834,-0.010437
0.000129,-0.024898,-0.010398
-0.001912,-0.028116,-0.008270
-0.000983,-0.024958,-0.004005
-0.002952,-0.012187,-0.000759
-0.005874,0.003806,0.000394
-0.004864,0.016529,0.007893
-0.004773,0.022895,0.011062
-0.000731,0.028197,0.014235
-0.000625,0.024002,0.006757
0.002379,0.021871,0.006780
0.001457,0.008042,0.002436
0.001468,-0.000428,-0.003970
0.001428,-0.005743,-0.006146
0.001349,-0.001420,-0.011393
0.001253,-0.003597,-0.007167
-0.000759,-0.004696,-0.003958
-0.001728,-0.001495,-0.003937
-0.002740,-0.001494,-0.003944
-0.002782,-0.000451,-0.001841
-0.003761,0.000588,0.001336
0.000133,-0.000502,0.003435
0.000156,-0.003693,0.002346
0.000187,-0.004740,0.000201
-0.000853,-0.013211,-0.006212
0.000998,-0.011062,-0.007206
0.001902,-0.008907,-0.009302
-0.001098,-0.000361,-0.010309
-0.004112,0.007088,-0.008086
-0.003167,0.018730,0.001558
-0.006072,0.018760,-0.001645
-0.006038,0.021906,0.003653
-0.008907,0.029365,0.004744
-0.004916,0.034595,0.015407
-0.001822,0.034576,0.017535
0.001291,0.032420,0.019632
0.001454,0.032488,0.012165
0.000555,0.036879,-0.000593
0.000516,0.042299,-0.009062
-0.000570,0.049842,-0.016437
-0.003595,0.056217,-0.013150
-0.003637,0.057199,-0.004646
-0.005589,0.049682,0.000642
-0.005522,0.033591,0.009004
-0.000509,0.021705,0.023826
0.002704,0.014121,0.035473
0.006927,0.003476,0.033285
0.005206,-0.008091,0.016220
0.000389,-0.005769,-0.002886
0.001280,0.003927,-0.012400
0.001137,0.016794,-0.018710
0.001964,0.032795,-0.018640
-0.003031,0.038084,-0.014397
-0.003072,0.034776,-0.003815
-0.006004,0.026163,0.003545
-0.006883,0.016444,0.015160
-0.005720,0.008893,0.023631
-0.004508,0.008820,0.031079
-0.003252,0.006645,0.035310
-0.001008,0.007743,0.032123
0.003162,0.000332,0.026808
0.006264,-0.012290,0.008693
0.007277,-0.033516,-0.003164
0.007174,-0.055773,-0.018158
0.005978,-0.069596,-0.022455
0.004720,-0.075942,-0.027774
-0.000440,-0.070641,-0.024536
-0.005534,-0.050430,-0.018000
-0.008583,-0.035659,-0.000901
-0.007573,-0.019794,0.012990
-0.008411,-0.010246,0.018344
-0.006290,-0.007067,0.020481
-0.004183,-0.009162,0.016177
-0.004041,-0.002750,0.015158
-0.003918,0.001538,0.013052
-0.000887,0.001581,0.008815
0.000168,-0.008013,0.007670
0.001205,-0.026122,0.004329
0.002175,-0.045272,-0.001075
0.001144,-0.053836,0.002089
0.004071,-0.058120,0.004193
0.002093,-0.052742,0.000003
0.001106,-0.047440,0.003247
0.000119,-0.033561,0.002259
-0.001848,-0.015391,-0.000793
-0.003818,0.010237,-0.002760
-0.006723,0.024056,0.002637
-0.005689,0.023009,0.000492
-0.002745,0.010194,0.001455
-0.000770,-0.011168,0.003418
0.003145,-0.031418,0.001175
0.003139,-0.045306,0.003259
0.002125,-0.058056,-0.002123
0.001097,-0.054813,-0.006353
-0.000980,-0.040866,-0.013716
-0.004038,-0.005648,-0.014566
-0.005122,0.022047,-0.010155
-0.006114,0.041205,-0.005840
-0.006112,0.048615,-0.000560
-0.003146,0.047493,0.004722
-0.003058,0.030411,0.005661
-0.001054,0.011217,0.004488
0.001896,-0.005819,0.001246
0.002820,-0.020665,-0.007268
0.003686,-0.032358,-0.011552
0.004524,-0.028053,-0.014636
-0.000534,-0.013037,-0.021932
-0.004564,0.008198,-0.011143
-0.002647,0.019871,-0.004702
-0.004568,0.027271,0.001646
-0.005478,0.026176,0.003676
-0.004455,0.021872,0.006780
-0.004403,0.012258,0.007750
0.000522,-0.002669,0.006593
0.003460,-0.023908,-0.004203
0.006283,-0.041995,-0.009659
0.004155,-0.041951,-0.013911
0.002013,-0.031248,-0.017001
-0.000068,-0.014202,-0.014777
-0.002135,-0.002445,-0.016831
-0.006190,0.007203,-0.020991
-0.007315,0.007138,-0.014632
-0.008408,0.003932,-0.013559
-0.007519,0.002795,-0.006079
-0.003608,0.002662,0.007755
0.000412,0.005705,0.023726
0.002592,0.010989,0.029120
0.000874,0.016411,0.020692
-0.000916,0.014438,0.004758
-0.000886,0.015566,-0.001633
0.001033,0.017802,-0.012294
0.000910,0.024211,-0.013354
-0.000189,0.032747,-0.013293
-0.002218,0.025279,-0.013331
-0.001325,0.012451,-0.011306
0.000566,-0.002540,-0.006104
0.000543,-0.014319,-0.001935
-0.000437,-0.022898,0.002249
-0.000418,-0.020817,0.007572
-0.000347,-0.016557,0.008698
0.002631,-0.012260,0.005504
0.001661,-0.003642,-0.002958
-0.000328,0.007059,-0.006104
-0.000389,0.012404,-0.007132
-0.000418,0.014528,-0.006052
0.001498,0.009192,-0.006092
0.000474,0.003871,-0.007179
0.000400,-0.005710,-0.009351
0.000307,-0.007822,-0.011463
-0.002727,-0.009968,-0.010441
-0.004780,-0.002485,-0.011431
-0.003927,0.008207,-0.013474
-0.005962,0.022013,-0.006993
-0.005011,0.028384,-0.003740
-0.003032,0.030467,0.001633
-0.001023,0.021964,-0.001597
-0.001012,0.004905,-0.002794
-0.003017,-0.000388,-0.007092
-0.002106,-0.000401,-0.006030
-0.000227,0.001766,-0.009195
0.000663,0.003912,-0.010252
0.000584,0.001797,-0.012427
-0.001518,0.009324,-0.018776
-0.003588,0.017774,-0.010241
-0.001707,0.024154,-0.008076
0.001198,0.026246,-0.003807
-0.001700,0.017677,-0.000698
0.002215,0.006976,0.002419
0.001274,-0.007941,0.000187
0.002203,-0.020672,-0.007351
-0.000798,-0.020690,-0.005202
-0.001842,-0.012155,-0.005148
-0.000944,-0.004674,-0.006130
-0.001966,0.002804,-0.007160
-0.002046,0.001759,-0.009320
-0.003085,-0.000429,-0.004034
-0.003131,-0.002564,-0.004002
-0.001179,-0.001557,0.002422
0.001788,-0.011177,0.004536
0.001830,-0.019679,0.001313
-0.001147,-0.030294,-0.004080
-0.002198,-0.032395,-0.007274
-0.004228,-0.020694,-0.004030
-0.005192,0.000550,0.005671
-0.006076,0.022904,0.011130
-0.003010,0.035633,0.018641
-0.002836,0.039918,0.016494
-0.004610,0.036725,0.015370
-0.002506,0.029236,0.017455
0.002574,0.017453,0.022768
0.003741,0.002587,0.015254
0.001933,-0.011241,0.010916
0.001061,-0.023010,0.013989
0.002099,-0.031513,0.010752
0.001188,-0.032527,0.005409
-0.000737,-0.020771,0.003341
-0.004602,-0.011149,0.001290
-0.004576,0.001603,0.006707
-0.006421,0.004728,0.014141
-0.005260,0.007854,0.021589
-0.004057,0.002413,0.032160
0.000163,-0.000885,0.041667
0.003458,-0.005185,0.044805
0.003768,-0.012526,0.032022
0.003003,-0.019838,0.017164
0.003071,-0.023955,0.002307
0.005967,-0.023880,-0.005099
0.004884,-0.021632,-0.016786
0.000835,-0.009917,-0.014582
-0.004159,0.000656,-0.004967
-0.009060,0.004867,0.000341
-0.008001,0.004737,0.013045
-0.006871,0.008910,0.022582
-0.006655,0.009916,0.028999
-0.001522,0.005619,0.032179
0.001684,0.000310,0.030073
0.003832,-0.006968,0.010923
0.004830,-0.016463,0.000257
0.007722,-0.027074,-0.006194
0.003709,-0.028049,-0.015801
0.001554,-0.023697,-0.024301
-0.003555,-0.010937,-0.019986
-0.004673,0.002846,-0.011418
-0.005709,0.013418,-0.001825
-0.006628,0.019724,0.007766
-0.004570,0.013226,0.017273
-0.002456,-0.002753,0.015073
0.001574,-0.021945,0.013907
0.000691,-0.041118,0.010626
0.003581,-0.049491,-0.005309
0.000522,-0.049418,-0.012714
-0.000602,-0.035554,-0.011518
-0.001695,-0.015278,-0.011341
-0.003675,-0.005750,-0.003858
-0.002672,0.000577,0.003568
-0.005525,0.001553,0.011990
-0.005396,0.003615,0.019435
-0.001298,0.000348,0.025759
0.000871,-0.008189,0.025699
0.001081,-0.014538,0.020352
0.001211,-0.024081,0.013867
0.000272,-0.030411,0.006363
0.002209,-0.028212,0.000044
0.004126,-0.023932,-0.000966
0.004104,-0.030319,-0.002042
0.001135,-0.040946,-0.006358
0.001041,-0.048447,-0.003198
-0.001937,-0.050631,0.002144
-0.002893,-0.045322,0.005407
-0.002840,-0.038974,0.010747
-0.002763,-0.026193,0.012947
-0.005589,-0.019815,0.015076
-0.005487,-0.010174,0.010847
-0.002482,-0.001600,0.006602
-0.000493,0.011185,0.008828
0.000553,0.014409,0.006755
0.002526,0.014482,-0.000679
-0.000420,0.015612,-0.007042
0.000496,0.013475,-0.007053
-0.000553,0.007098,-0.009182
-0.002552,0.005997,-0.004880
-0.003536,-0.003636,-0.001739
-0.002556,-0.014337,0.001371
-0.005469,-0.017560,0.003465
-0.005433,-0.010144,0.008814
-0.005334,0.001561,0.012072
-0.008151,0.010092,0.012135
-0.004112,0.016461,0.015346
-0.001976,0.006834,0.017349
0.001115,-0.010232,0.016104
0.005106,-0.027244,0.009575
0.004138,-0.043199,0.004124
0.005061,-0.044166,-0.005415
0.000034,-0.038766,-0.011734
-0.002039,-0.023819,-0.012706
-0.005084,-0.009967,-0.010456
-0.005141,-0.001494,-0.004023
-0.006077,0.001579,0.008723
-0.003010,0.009975,0.022585
0.000183,0.017296,0.037518
0.000480,0.018456,0.029094
-0.000305,0.011152,0.013189
-0.001239,0.000691,-0.008137
0.002521,-0.001338,-0.018780
0.001358,0.002969,-0.022992
-0.002736,0.005073,-0.019777
-0.008731,0.009322,-0.017618
-0.007854,0.002793,-0.004928
-0.006849,-0.000534,0.007782
-0.002850,-0.005914,0.011952
-0.004680,0.004721,0.015194
-0.003583,0.019605,0.020602
-0.000451,0.032379,0.023897
0.003661,0.031354,0.019644
0.005743,0.021900,0.004698
0.005763,0.008125,-0.004951
0.005668,-0.005640,-0.015647
0.005531,-0.012064,-0.013574
0.002468,-0.016331,-0.013640
0.000373,-0.019545,-0.012635
-0.001694,-0.016404,-0.007342
-0.005634,-0.006886,0.001223
-0.003666,0.001567,0.009785
-0.004551,0.011141,0.013072
-0.001492,0.010047,0.016280
0.000615,0.002572,0.017352
0.001735,-0.010158,0.009870
0.001770,-0.017533,0.000234
-0.002171,-0.013241,-0.001851
-0.003160,-0.004704,-0.001784
-0.004142,0.001709,-0.002817
-0.003171,0.004894,-0.001797
-0.006104,0.016614,-0.000695
-0.006075,0.018671,0.006709
-0.004043,0.010085,0.010881
-0.001020,0.002639,0.008721
0.000051,-0.010192,0.011840
0.001088,-0.013336,0.006562
0.001117,-0.018592,-0.000906
-0.000878,-0.014259,-0.007221
-0.002900,-0.004627,-0.010361
-0.002999,0.007142,-0.013456
-0.002106,0.011393,-0.012398
-0.000272,0.002877,-0.014608
-0.000401,-0.003503,-0.016787
-0.002505,-0.001389,-0.014639
-0.000690,0.008194,-0.012405
-0.000762,0.015685,-0.014462
-0.000861,0.019948,-0.013351
-0.002908,0.028483,-0.013304
-0.001053,0.035951,-0.013238
-0.001127,0.035920,-0.010041
-0.001178,0.029497,-0.007976
-0.002186,0.016703,-0.009135
-0.002241,0.008166,-0.009195
-0.001303,0.003853,-0.005016
-0.000344,-0.000417,-0.005088
-0.002335,0.003818,-0.001882
-0.003350,0.007017,-0.001881
-0.002397,0.011245,0.002421
0.003478,0.004835,0.003446
0.004496,-0.010069,0.000174
0.005466,-0.029262,-0.001000
0.004424,-0.039836,-0.010628
0.001340,-0.042981,-0.017041
-0.000808,-0.029123,-0.015914
-0.001917,-0.012093,-0.011592
-0.003993,0.008199,-0.013592
-0.006036,0.016672,-0.007158
-0.004120,0.018756,-0.001793
-0.002168,0.007050,-0.005029
-0.005138,-0.004662,-0.007191
-0.007156,-0.014280,-0.005113
-0.007194,-0.010084,0.002379
-0.007149,0.001568,0.010962
-0.004081,0.021733,0.021687
0.000067,0.034460,0.029213
0.001334,0.040945,0.020739
-0.001471,0.039078,-0.005833
-0.000613,0.033920,-0.023958
0.003077,0.035008,-0.026035
0.004785,0.031850,-0.030300
0.002590,0.034035,-0.035578
-0.004529,0.035103,-0.035555
-0.008697,0.036075,-0.025955
-0.007866,0.037028,-0.014233
-0.008874,0.031631,-0.007879
-0.004947,0.027237,0.004837
-0.001940,0.012284,0.006868
0.002041,-0.003732,0.007810
0.003049,-0.016472,0.001310
0.003987,-0.012143,-0.005060
0.001926,0.006107,-0.016648
0.002756,0.033878,-0.019672
0.000660,0.050946,-0.019634
0.003461,0.058402,-0.018549
0.002376,0.053093,-0.021813
0.002218,0.038186,-0.025119
0.001042,0.017925,-0.026274
0.001767,-0.002312,-0.029558
0.003420,-0.019334,-0.033876
0.001131,-0.024646,-0.036010
-0.002119,-0.020376,-0.035952
-0.005373,-0.004401,-0.032636
-0.010499,0.014729,-0.025076
-0.009677,0.033848,-0.016475
-0.011678,0.046573,-0.008991
-0.010720,0.052917,-0.003692
-0.009714,0.056038,0.004815
-0.003764,0.047471,0.007958
0.000228,0.030463,0.001485
0.001189,0.012442,-0.010310
0.004976,0.002818,-0.008223
0.006790,-0.004551,-0.017782
0.007585,-0.008740,-0.025198
0.004446,-0.007651,-0.027304
0.002251,0.001934,-0.025077
0.000105,0.011507,-0.021804
-0.000996,0.016790,-0.016459
-0.003987,0.017779,-0.009057
-0.004018,0.013466,-0.004885
-0.003046,0.012351,-0.000720
-0.002084,0.005963,-0.002953
-0.003106,0.001691,-0.003045
0.001704,0.000688,-0.009435
0.000580,0.002916,-0.018986
-0.000592,0.009362,-0.023160
-0.001777,0.014741,-0.027337
-0.003948,0.020058,-0.025126
-0.004146,0.018953,-0.020829
-0.008166,0.015699,-0.015517
-0.009219,0.011329,-0.004882
-0.005309,0.000545,0.006744
-0.005202,-0.013358,0.009834
-0.003171,-0.025137,0.013989
-0.001102,-0.025145,0.015085
0.002885,-0.018637,0.004524
0.000925,-0.008963,-0.002882
-0.001058,0.004908,-0.002803
-0.002038,0.021967,-0.001655
-0.002031,0.029463,-0.004856
-0.003025,0.025157,-0.001779
-0.001049,0.014401,0.006615
-0.000977,-0.000570,0.009675
0.000080,-0.010183,0.010680
0.000153,-0.012283,0.007513
-0.002748,-0.006873,0.000154
-0.002771,-0.006871,0.000174
-0.005687,0.003748,0.005572
-0.004602,0.019639,0.017397
-0.002464,0.028122,0.022762
-0.001218,0.026937,0.034417
-0.000874,0.024771,0.037617
-0.001546,0.009908,0.030087
-0.001328,-0.001732,0.020478
0.002723,-0.011250,0.011920
0.005738,-0.018670,0.007622
0.004792,-0.019662,0.000200
0.000848,-0.019606,-0.006178
-0.003087,-0.011112,-0.001873
-0.000171,-0.005843,0.004526
-0.001082,-0.002653,0.005601
-0.002968,-0.002705,0.010898
-0.001861,-0.007057,0.019370
0.000274,-0.014532,0.020414
0.001402,-0.018737,0.014010
0.003420,-0.022955,0.008655
0.001501,-0.024012,0.007578
-0.000425,-0.017557,0.002322
0.001520,-0.013249,-0.001920
0.000519,-0.008947,-0.005080
-0.002423,-0.006843,-0.001858
-0.001468,-0.011098,-0.002943
-0.003424,-0.014319,-0.000835
-0.003411,-0.011168,0.004504
-0.004313,-0.013378,0.011906
-0.004194,-0.024057,0.012922
-0.004088,-0.037951,0.014930
-0.002023,-0.041144,0.013835
-0.000968,-0.041123,0.011706
-0.000927,-0.033615,0.007493
0.000090,-0.024035,0.009665
-0.001797,-0.015457,0.005467
-0.001773,-0.006869,0.000209
0.000157,-0.003664,0.000250
-0.000792,-0.004772,0.004505
-0.001740,-0.010088,0.002352
-0.000763,-0.021835,0.003338
0.000193,-0.033570,0.003263
0.002152,-0.034667,0.006464
-0.002668,-0.030419,0.008623
-0.002620,-0.022940,0.007614
-0.006485,-0.014341,0.001280
-0.002602,-0.012218,0.002353
-0.002592,-0.004719,-0.000828
-0.000639,-0.001559,0.003465
-0.002572,-0.002584,-0.000774
-0.000635,-0.005815,0.002409
-0.001591,-0.010072,0.001331
-0.000612,-0.010082,0.002399
-0.001564,-0.005814,0.002416
-0.002515,-0.004758,0.003479
-0.003435,-0.001578,0.005601
-0.002417,-0.004782,0.005538
-0.000436,-0.005833,0.003387
0.000544,-0.009003,0.000169
-0.000434,-0.007915,-0.001936
0.002455,-0.008936,-0.006141
0.001416,-0.015346,-0.005095
0.000363,-0.013159,-0.010395
-0.002632,-0.000372,-0.008155
-0.004655,0.007046,-0.002771
-0.004666,0.013436,-0.001625
-0.002709,0.008113,-0.002712
-0.000761,0.004880,0.000443
-0.000761,0.003822,-0.000641
-0.000779,0.005955,-0.000672
-0.000797,0.002752,-0.000713
-0.001747,0.002680,0.006713
0.000254,0.006967,0.004594
-0.000723,0.011294,-0.001769
-0.001696,0.011265,0.001449
-0.004622,0.009141,0.000369
-0.007539,0.008127,-0.004952
-0.008532,0.003789,0.001329
-0.008507,0.002636,0.009794
-0.007399,0.004696,0.017211
-0.003323,0.008857,0.027851
0.001828,0.013042,0.036390
0.007025,0.013068,0.034323
0.006314,0.003623,0.018396
0.006380,-0.002523,-0.007110
0.001388,0.001836,-0.015591
0.000258,0.011472,-0.018691
-0.001815,0.021039,-0.015450
-0.005791,0.019883,-0.007013
-0.006777,0.017650,0.002497
-0.006705,0.016479,0.013125
-0.004623,0.005770,0.017338
0.000420,-0.009165,0.017277
0.003467,-0.016605,0.015194
0.005489,-0.025020,0.003503
0.006429,-0.028116,-0.007127
0.002432,-0.018440,-0.014512
-0.001636,-0.010865,-0.025120
-0.002853,-0.003359,-0.029375
-0.005038,0.003988,-0.017729
-0.005145,0.014590,-0.011332
-0.004215,0.014503,-0.002893
-0.003235,0.005890,0.004446
-0.001247,-0.006951,0.007518
-0.001156,-0.010182,0.010708
0.000890,-0.011266,0.012840
0.001007,-0.004851,0.011863
0.001085,-0.004775,0.004500
0.002091,-0.011165,0.003410
0.000149,-0.012184,-0.000831
0.001086,-0.007850,-0.007139
-0.002869,-0.005707,-0.008152
-0.002927,-0.008930,-0.006065
-0.002972,-0.004687,-0.003947
-0.003009,-0.004701,-0.002927
-0.004982,-0.001519,-0.000792
-0.003047,-0.001497,-0.002914
-0.003086,-0.006833,-0.002954
-0.002119,-0.009007,0.001306
0.000794,-0.019644,-0.001943
0.002708,-0.027058,-0.007278
0.002618,-0.032405,-0.006256
-0.001385,-0.024915,-0.008334
-0.002440,-0.012162,-0.002967
-0.003460,0.000649,-0.003979
-0.004437,0.010224,-0.001813
-0.006367,0.015482,0.005626
-0.004357,0.013328,0.007722
-0.001350,0.005827,0.010861
0.001672,-0.003699,0.003377
0.000701,-0.015391,-0.000928
0.002625,-0.019662,-0.000929
0.000644,-0.022830,-0.004119
-0.000390,-0.018527,-0.007265
-0.002430,-0.004657,-0.007179
-0.006364,0.007046,-0.003949
-0.007356,0.015553,-0.000671
-0.002485,0.008096,-0.001762
0.001442,-0.001582,0.005595
0.002475,-0.001539,0.001329
0.002462,-0.006797,-0.006103
0.002399,-0.016420,-0.004037
0.001349,-0.015332,-0.006157
-0.001659,-0.002490,-0.010330
-0.001755,0.018829,-0.008056
-0.003754,0.033716,-0.002627
-0.004700,0.036841,0.004814
-0.005569,0.032544,0.007994
-0.003514,0.017604,0.007864
-0.001473,0.002653,0.008794
0.000527,-0.003748,0.008759
0.000523,-0.007911,-0.001902
-0.001484,-0.005711,-0.008222
-0.003544,0.000788,-0.017701
-0.004670,0.002911,-0.016635
-0.005766,0.011374,-0.009162
-0.007711,0.020869,0.001497
-0.006640,0.025006,0.014218
-0.002554,0.024866,0.027997
0.002614,0.020534,0.034319
0.002899,0.009959,0.024684
0.002063,0.003710,0.008693
0.003988,0.002828,-0.009305
0.004844,-0.000260,-0.019888
0.007576,0.006230,-0.028286
0.002432,0.002019,-0.033580
-0.000767,0.002002,-0.031409
-0.004941,0.007288,-0.026016
-0.006069,0.023144,-0.011043
-0.006092,0.041161,0.000732
-0.009881,0.047421,0.014526
-0.006743,0.051622,0.020866
-0.005517,0.049428,0.026077
0.000566,0.038829,0.018514
0.004614,0.023965,0.010971
0.006608,0.007009,-0.000821
0.007523,-0.015280,-0.012640
0.007340,-0.036466,-0.027611
0.005068,-0.052374,-0.037259
0.001771,-0.047018,-0.039334
-0.005423,-0.034266,-0.033924
-0.007626,-0.004580,-0.014600
-0.010603,0.019843,-0.002763
-0.009545,0.035710,0.011149
-0.006440,0.038793,0.022841
-0.002309,0.031328,0.021661
0.000782,0.017574,0.009889
0.002758,0.002770,-0.002934
0.004628,-0.002467,-0.012488
0.005452,-0.007687,-0.024176
0.003226,-0.009714,-0.034805
-0.002924,-0.004380,-0.034765
-0.004199,0.004114,-0.030460
-0.006353,0.014657,-0.017635
-0.009330,0.018756,-0.000615
-0.005346,0.010090,0.012036
-0.007159,0.020755,0.012046
-0.002185,0.020766,0.011020
0.001786,0.014429,0.004612
0.003772,0.016594,0.001405
0.001784,0.014622,-0.014508
0.002598,0.012597,-0.025116
0.002378,0.010412,-0.019795
0.003194,0.009364,-0.021926
-0.000889,0.005108,-0.022996
-0.003011,-0.003493,-0.016698
-0.005083,-0.008883,-0.011453
-0.003218,-0.008870,-0.012536
-0.005236,0.001713,-0.004004
-0.005268,0.015537,0.000299
-0.003323,0.024114,-0.003905
-0.002372,0.030536,-0.005991
-0.000481,0.032714,-0.010203
0.001388,0.031651,-0.010149
0.002290,0.022075,-0.012265
0.003137,0.005095,-0.020820
0.000067,-0.008794,-0.018750
-0.002045,-0.022706,-0.014572
-0.002187,-0.030152,-0.016731
-0.004282,-0.030220,-0.010399
-0.005352,-0.015308,-0.008230
-0.005447,0.006027,-0.008155
-0.005470,0.023029,-0.001757
-0.004464,0.041125,0.002603
-0.001479,0.041141,0.000412
0.002424,0.030536,-0.006020
0.005273,0.009270,-0.013598
0.006115,-0.009912,-0.015776
0.004952,-0.032228,-0.024342
0.001774,-0.038590,-0.027520
-0.001435,-0.032133,-0.032748
-0.010510,-0.016190,-0.026221
-0.015545,0.007135,-0.011196
-0.016508,0.025056,0.010092
-0.012411,0.037633,0.032416
-0.008115,0.044961,0.046211
-0.000828,0.036368,0.051414
0.000554,0.015151,0.038497
0.004694,-0.009167,0.016029
0.009583,-0.028135,-0.007412
0.011362,-0.031153,-0.025442
0.009103,-0.027873,-0.032800
0.001948,-0.022472,-0.039106
-0.003276,-0.020404,-0.032713
-0.007385,-0.006725,-0.013522
-0.011320,0.006966,0.004608
-0.010207,0.017437,0.024881
-0.007955,0.022611,0.040843
-0.005604,0.015089,0.046104
-0.000342,0.011943,0.040770
0.001871,0.011107,0.017384
0.005894,0.003691,0.012014
0.005969,-0.005847,0.005592
0.008876,-0.011054,-0.007201
0.006832,-0.016346,-0.011471
0.001828,-0.025963,-0.010514
-0.002163,-0.031348,-0.005208
-0.002192,-0.032475,0.001155
-0.005076,-0.027226,0.009669
-0.005023,-0.023027,0.016067
-0.005854,-0.022022,0.022456
-0.004704,-0.022037,0.023504
-0.003540,-0.025219,0.021319
-0.001440,-0.032686,0.021281
0.000653,-0.040109,0.017027
0.000742,-0.047509,0.010644
0.000774,-0.055960,0.002095
0.000731,-0.054840,-0.003200
-0.003218,-0.046317,-0.002099
-0.005228,-0.028179,-0.001982
-0.009142,-0.003691,0.003495
-0.010020,0.016469,0.015300
-0.007898,0.023861,0.022758
-0.003749,0.018516,0.022665
-0.002556,0.003558,0.024684
-0.000395,-0.001775,0.024651
0.001725,-0.009142,0.015133
0.003755,-0.017639,0.011958
0.003840,-0.021903,0.011983
0.001949,-0.021871,0.008815
-0.000901,-0.012279,0.009932
-0.003690,0.001484,0.020621
-0.004442,0.009968,0.026001
-0.000279,0.006742,0.028060
-0.000042,-0.006044,0.025799
0.001132,-0.010235,0.017233
0.000237,-0.017600,0.006530
0.002183,-0.026048,-0.002019
0.003091,-0.029197,-0.007352
0.002018,-0.025961,-0.010494
-0.001031,-0.020593,-0.013616
-0.002161,-0.021668,-0.012544
-0.000304,-0.019585,-0.007200
-0.002306,-0.020703,-0.001877
-0.005197,-0.022871,0.001267
-0.004216,-0.026073,0.001218
-0.006133,-0.019736,0.007619
-0.006092,-0.019750,0.008674
-0.004047,-0.017605,0.007632
-0.002054,-0.020767,0.003340
-0.001075,-0.023920,-0.002055
-0.000152,-0.020686,-0.005225
-0.000272,-0.016377,-0.009459
-0.000338,-0.015329,-0.007308
-0.002355,-0.001488,-0.004010
-0.006272,0.005973,-0.002828
-0.004310,0.007011,0.000406
-0.005232,0.003706,0.010973
-0.003118,0.003565,0.024745
-0.000876,0.004535,0.034304
0.006283,0.001302,0.037466
0.007524,-0.013548,0.028868
0.004747,-0.027241,0.010695
0.001782,-0.027051,-0.008416
0.001610,-0.018365,-0.023189
0.002352,-0.003450,-0.019863
0.000245,0.003989,-0.016601
-0.004740,-0.000323,-0.012380
-0.006765,-0.010012,-0.003962
-0.007765,-0.026075,0.001219
-0.006750,-0.031528,0.012850
-0.005647,-0.030511,0.018171
-0.003562,-0.023074,0.021412
-0.003398,-0.012375,0.018267
-0.002302,-0.005922,0.012983
0.000702,-0.000494,0.003461
0.002679,0.003815,-0.000774
0.002640,0.004959,-0.008199
0.002553,-0.005677,-0.011427
0.001472,-0.017404,-0.012562
0.001361,-0.029151,-0.011576
-0.001671,-0.034518,-0.008418
-0.003709,-0.031400,0.000125
-0.003683,-0.026151,0.008625
-0.004541,-0.011309,0.018277
-0.002454,0.000452,0.016271
-0.000406,0.002624,0.011990
-0.000303,0.006898,0.010912
-0.001197,0.010152,0.005621
-0.000177,0.015542,0.000355
0.001792,0.013420,-0.000704
-0.000163,0.012363,-0.001760
-0.000152,0.005933,0.001422
-0.001105,-0.003680,0.002463
-0.003041,-0.006881,0.002442
-0.003997,-0.000516,0.006747
-0.005880,0.006923,0.010009
-0.003803,0.018606,0.015389
-0.003655,0.021839,0.012234
-0.003527,0.022862,0.016474
-0.001435,0.017548,0.014319
-0.001314,0.021892,0.006901
-0.002232,0.019831,-0.000566
0.000694,0.021950,0.000473
0.000706,0.014500,-0.001721
-0.000252,0.013422,-0.000669
-0.001237,0.009184,-0.003896
0.000672,0.005938,0.000299
0.000675,0.003795,0.001369
0.000712,0.000555,0.005598
0.000772,-0.002637,0.004488
0.000819,-0.007942,0.001266
-0.000182,-0.005768,-0.002994
-0.001194,0.000620,-0.001911
-0.001221,0.007021,-0.001876
-0.000210,0.009160,-0.001837
-0.001221,0.014518,-0.003906
-0.000278,0.008168,-0.009260
0.000632,0.004969,-0.009260
0.000565,0.003923,-0.011363
0.000490,0.007104,-0.009206
-0.000570,0.006078,-0.013487
-0.001671,0.003943,-0.013520
-0.002727,-0.000393,-0.007218
-0.006703,0.000720,-0.011419
-0.005815,0.001762,-0.009336
-0.003899,0.001667,0.000227
-0.001923,-0.002633,0.003380
-0.001916,0.002743,-0.000845
-0.003869,0.007002,0.000281
-0.000959,0.008083,-0.000736
-0.002922,0.007124,-0.011349
-0.005943,0.005024,-0.014530
-0.007025,0.010283,-0.007063
-0.007036,0.017636,0.004680
-0.003031,0.017508,0.017405
0.001063,0.012084,0.025798
0.004237,0.016338,0.026862
0.003433,0.010105,0.009823
0.002493,0.007024,-0.001869
0.005358,0.006065,-0.012461
0.005228,0.009342,-0.019846
0.005037,0.011516,-0.024099
-0.001998,0.014719,-0.024086
-0.004137,0.017858,-0.017664
-0.005195,0.015629,-0.008084
-0.006174,0.008022,0.005664
-0.003143,0.005840,0.010977
-0.003012,0.001510,0.017348
-0.003843,0.003676,0.014191
-0.001774,0.010088,0.013172
0.002240,0.016533,0.008991
0.003286,0.018751,0.000494
0.004253,0.016743,-0.012299
0.004151,0.010380,-0.016634
0.001092,0.006095,-0.015657
0.000928,0.005069,-0.019932
-0.002150,0.012487,-0.014583
-0.003249,0.018847,-0.010290
-0.004289,0.020948,-0.007095
-0.003368,0.020928,-0.004952
-0.005330,0.023033,-0.001702
-0.003370,0.020872,0.001532
-0.003311,0.017657,0.003694
-0.004281,0.011312,-0.001604
-0.003297,0.008108,-0.001596
-0.001371,0.002807,-0.004798
-0.001415,-0.001443,-0.006992
-0.002462,0.003921,-0.010177
-0.004472,0.011316,-0.002741
-0.005457,0.014503,-0.001694
-0.001552,0.013369,0.004628
0.000482,0.005854,0.008766
0.001542,-0.006910,0.004396
0.002535,-0.020741,0.000024
0.002512,-0.023916,-0.003221
0.002411,-0.019583,-0.009543
0.004235,-0.018470,-0.013729
0.003099,-0.012025,-0.017924
-0.000981,-0.000218,-0.024175
-0.000238,0.004052,-0.024116
-0.002392,0.007246,-0.023008
-0.005466,0.002915,-0.016665
-0.006541,0.004982,-0.010251
-0.004635,0.003874,-0.005995
-0.002736,-0.001484,-0.003920
-0.001823,-0.011045,-0.008247
-0.001882,-0.004653,-0.007145
-0.002943,0.008161,-0.008129
-0.003022,0.024194,-0.010113
-0.002089,0.039090,-0.005752
-0.000153,0.045463,-0.003607
-0.003083,0.044426,-0.006827
-0.002139,0.040132,-0.003648
-0.002096,0.028301,0.005840
0.001860,0.007024,-0.000663
-0.000107,-0.007875,-0.005072
-0.000207,-0.013137,-0.012596
-0.002332,-0.002406,-0.018931
-0.002514,0.007165,-0.015671
-0.001633,0.027399,-0.011236
-0.000750,0.034941,-0.018625
-0.001861,0.037035,-0.014342
0.000968,0.032672,-0.004781
0.000983,0.026250,-0.002687
0.000032,0.021962,-0.000560
-0.001912,0.020878,0.001615
-0.002851,0.018760,0.000569
-0.006749,0.012389,-0.002670
-0.006754,0.008124,-0.003815
-0.002859,0.009198,-0.004916
-0.002872,0.009151,-0.000748
0.001045,0.015475,0.006686
0.002106,0.015442,0.009863
0.000229,0.004867,0.000227
-0.000800,-0.005681,-0.011511
0.001946,-0.013030,-0.023199
0.002687,-0.014051,-0.027417
0.002439,-0.015106,-0.028460
-0.001716,-0.009771,-0.028399
-0.006819,0.007218,-0.019769
-0.010841,0.023113,-0.009053
-0.009852,0.040025,0.006984
-0.004809,0.045212,0.021898
-0.004537,0.046237,0.026152
-0.001370,0.036667,0.022891
0.001735,0.020725,0.016399
0.004752,0.004859,0.002508
0.005704,-0.006738,-0.011353
0.004556,-0.019394,-0.026305
0.001361,-0.026854,-0.027445
0.001080,-0.028951,-0.031741
-0.000178,-0.030084,-0.025405
-0.001347,-0.025878,-0.019024
-0.004396,-0.021729,-0.007350
-0.003433,-0.020745,0.001147
-0.003447,-0.022893,0.002147
-0.004419,-0.016531,0.005361
-0.003395,-0.005915,0.010738
-0.003315,0.002644,0.008698
-0.003270,-0.000503,0.003386
-0.001293,-0.007953,0.002306
0.001623,-0.017543,0.001210
0.000617,-0.020675,-0.005129
-0.000399,-0.023905,-0.001933
-0.002376,-0.030315,-0.000879
-0.002379,-0.034636,0.004402
-0.003344,-0.028234,0.004437
-0.006251,-0.013322,0.006607
-0.008132,0.004752,0.013076
-0.006033,0.018580,0.017413
-0.002895,0.020637,0.024839
0.000279,0.018523,0.022684
0.004374,0.002560,0.018328
0.006445,-0.014447,0.011854
0.005531,-0.028252,0.005402
0.004545,-0.035627,-0.004213
0.005450,-0.036682,-0.005255
0.000510,-0.024925,-0.007316
-0.002499,-0.012157,-0.004076
-0.003527,0.004872,0.000289
-0.007349,0.010063,0.015217
-0.004255,0.008955,0.019472
-0.002143,-0.001729,0.020448
0.000020,-0.016695,0.023577
0.000183,-0.032653,0.019269
0.000318,-0.043259,0.012823
0.001344,-0.038931,0.006468
-0.002572,-0.024997,0.000181
-0.003551,-0.012224,0.003426
-0.002509,0.000483,0.013046
-0.003387,0.009056,0.008807
-0.003316,0.013333,0.007756
-0.003282,0.010130,0.007729
-0.003201,0.009044,0.009876
-0.001141,0.005878,0.006692
0.000887,-0.005890,0.009808
0.001913,-0.015415,0.002316
-0.000049,-0.019598,-0.006202
-0.002060,-0.023909,-0.001967
-0.003091,-0.025967,-0.009392
-0.006113,-0.024868,-0.012573
-0.009162,-0.020653,-0.007230
-0.009210,-0.013298,0.004513
-0.007154,-0.001703,0.018346
-0.003044,0.010974,0.031168
0.002169,0.021537,0.041844
0.002546,0.016248,0.036466
0.002834,0.008906,0.023676
0.003938,0.001600,0.007708
0.006872,-0.000406,-0.005035
0.007751,-0.007758,-0.016736
0.003639,-0.012977,-0.028454
0.000441,-0.014019,-0.030572
-0.005655,-0.008746,-0.024132
-0.009692,-0.002534,-0.005006
-0.010662,0.007998,0.008866
-0.008564,0.015320,0.022685
-0.007331,0.017335,0.034347
-0.003086,0.020496,0.038639
0.001162,0.014128,0.035442
0.005309,0.002545,0.020533
0.008327,-0.007953,0.003498
0.008261,-0.016326,-0.012443
0.007144,-0.021597,-0.018842
0.004015,-0.025820,-0.023124
0.000899,-0.029046,-0.021064
-0.004148,-0.029107,-0.015835
-0.007155,-0.021802,0.000083
-0.006163,-0.009088,0.008621
-0.006064,0.004719,0.015088
-0.004934,0.014292,0.018319
-0.002821,0.014315,0.016218
0.001196,0.007976,0.009846
0.003212,-0.000461,0.000278
0.005111,-0.011053,-0.007216
0.001141,-0.014271,-0.005074
-0.000870,-0.016410,-0.003976
-0.000908,-0.022825,-0.002985
-0.003871,-0.017482,-0.004027
-0.005853,-0.000488,0.003487
-0.006781,0.016484,0.013166
-0.004686,0.029290,0.013285
-0.002584,0.027135,0.015374
0.000467,0.016526,0.008901
0.000528,0.012323,0.002497
0.002483,0.002786,-0.003911
0.002438,-0.005692,-0.009264
0.001366,-0.009895,-0.015654
-0.000748,-0.010966,-0.015676
-0.001850,-0.001404,-0.011341
-0.001967,0.003923,-0.010227
-0.005923,0.013481,-0.005948
-0.003982,0.018720,0.003634
-0.004861,0.022892,0.013213
-0.001788,0.017533,0.015261
-0.001637,0.004735,0.014046
-0.000578,-0.005897,0.009696
0.001408,-0.004754,0.002299
0.005296,-0.006840,-0.001923
0.004274,-0.015323,-0.007288
0.003169,-0.019485,-0.017943
0.001017,-0.013030,-0.023206
-0.002125,0.005090,-0.020925
-0.004167,0.018794,-0.003800
-0.003167,0.021930,0.002580
-0.002120,0.018697,0.005742
-0.003044,0.010169,0.004593
-0.003991,0.001664,0.001335
-0.002049,-0.000491,0.003474
-0.001054,-0.002589,0.000321
-0.002042,0.000660,-0.003869
-0.001126,-0.001485,-0.002826
-0.000161,-0.002598,0.001417
-0.000125,-0.001575,0.005649
-0.002057,0.000633,-0.001788
-0.002053,0.002776,-0.002865
-0.003037,0.000631,-0.001865
-0.005978,0.003842,-0.002919
-0.006981,-0.000420,-0.004037
-0.006957,0.000541,0.006589
-0.001999,-0.005937,0.013954
0.001061,-0.007100,0.023493
0.004231,-0.002936,0.034161
0.005474,-0.000746,0.028916
0.004656,0.001623,0.005621
0.002703,0.002807,-0.006047
0.002620,0.007142,-0.012370
0.001542,0.006110,-0.015520
0.001416,0.007169,-0.014430
-0.003573,0.001800,-0.011307
-0.006546,-0.002566,-0.001809
-0.006524,0.000496,0.012005
-0.004428,0.000389,0.022608
-0.002249,-0.000723,0.026815
-0.002055,0.000420,0.019369
0.000033,0.002627,0.011939
0.002054,0.001588,0.008763
0.004035,-0.006849,-0.000805
0.006937,-0.016417,-0.004010
0.005894,-0.020545,-0.017819
0.001790,-0.026914,-0.021059
-0.003301,-0.031235,-0.015777
-0.004391,-0.021748,-0.004051
-0.004389,-0.007930,0.001362
-0.005314,0.001574,0.010939
-0.006156,0.001518,0.016210
-0.004061,-0.004876,0.015079
-0.000025,-0.012377,0.018204
0.003008,-0.019772,0.010726
0.005013,-0.026089,0.002189
0.004952,-0.033454,-0.008486
0.000925,-0.027018,-0.011607
-0.002134,-0.014221,-0.010420
-0.002239,0.000738,-0.012439
-0.004271,0.018842,-0.009125
-0.005277,0.030504,-0.001616
-0.006208,0.030404,0.009027
-0.004121,0.018628,0.013238
-0.000068,-0.001623,0.010981
0.001003,-0.011196,0.007707
0.001035,-0.016489,0.003452
0.001040,-0.015378,-0.000755
0.002945,-0.013200,-0.004981
0.002881,-0.008809,-0.017745
0.000770,0.000801,-0.018791
-0.002309,0.010378,-0.016661
-0.003411,0.022047,-0.010255
-0.003465,0.023081,-0.007083
-0.003462,0.015548,-0.000790
-0.000519,0.003776,0.002270
0.000434,-0.002582,-0.002010
0.001370,-0.008981,-0.002010
0.003267,-0.010003,-0.006200
0.003201,-0.004621,-0.010342
0.002099,0.001870,-0.018768
-0.000997,0.011494,-0.020820
-0.003125,0.026398,-0.017534
-0.007150,0.044514,-0.015302
-0.007231,0.055083,-0.004585
-0.003266,0.056026,0.008211
-0.001185,0.038954,0.008111
-0.000107,0.017605,0.009041
0.001900,-0.002628,0.004649
0.001901,-0.012154,-0.002828
0.004776,-0.015331,-0.004986
0.002769,-0.009925,-0.012422
0.001664,0.002925,-0.017704
-0.003365,0.026403,-0.018678
-0.005483,0.049881,-0.019658
-0.005590,0.058316,-0.010111
-0.003676,0.050792,-0.004878
-0.000731,0.035793,0.001420
0.001232,0.007012,-0.000865
0.003122,-0.017439,-0.009471
0.001036,-0.032319,-0.014766
-0.000103,-0.029067,-0.018878
-0.003181,-0.022718,-0.012403
-0.007189,-0.005657,-0.011228
-0.008203,0.018752,0.001650
-0.005179,0.040964,0.020861
-0.000985,0.057911,0.032599
-0.000654,0.056873,0.029365
-0.000385,0.054863,0.016552
-0.000295,0.046506,-0.001581
0.002564,0.043396,-0.011171
0.005392,0.034948,-0.019685
0.006177,0.024338,-0.025015
0.003030,0.005188,-0.030418
-0.001126,-0.017223,-0.029478
-0.001358,-0.034409,-0.017894
-0.003442,-0.038798,-0.006245
-0.006420,-0.030327,0.000161
-0.006393,-0.002712,0.013079
-0.007241,0.023908,0.018555
-0.005094,0.049470,0.022961
-0.001951,0.066604,0.016689
0.002152,0.064503,0.013501
0.005200,0.044348,0.001694
0.008116,0.016705,-0.008042
0.008970,-0.008796,-0.018828
0.006827,-0.029053,-0.019990
0.004692,-0.039722,-0.020056
0.001561,-0.041863,-0.020101
-0.003500,-0.025861,-0.020037
-0.009546,0.001822,-0.014600
-0.009608,0.028358,-0.000623
-0.008564,0.049601,0.009085
-0.006449,0.053806,0.015496
-0.004295,0.043116,0.017524
-0.000227,0.023912,0.017418
0.001825,-0.003777,0.011941
0.003846,-0.022885,0.002280
0.002820,-0.032406,-0.005185
-0.000194,-0.024905,-0.008309
-0.002294,-0.008861,-0.012447
-0.002371,0.007090,-0.007037
-0.005304,0.019805,0.001501
-0.003295,0.025096,0.005764
-0.003178,0.023986,0.009984
-0.001129,0.013282,0.013067
-0.000029,-0.001642,0.011910
0.001021,-0.017606,0.007526
0.000043,-0.023937,0.000022
-0.000012,-0.017470,-0.006288
-0.001059,-0.008932,-0.006171
-0.000134,-0.005729,-0.006122
-0.000159,-0.005727,-0.006123
-0.002150,-0.007849,-0.007182
-0.001227,-0.014254,-0.007244
-0.005213,-0.012167,-0.003030
-0.005207,0.000566,0.004494
-0.003210,0.004792,0.008776
-0.002141,0.002654,0.008744
-0.003066,-0.004773,0.004435
-0.003081,-0.008964,-0.003002
0.000783,-0.013240,-0.001930
0.003676,-0.017482,-0.004027
0.001672,-0.027053,-0.007280
-0.000367,-0.032361,-0.009415
-0.001448,-0.031283,-0.010474
-0.003511,-0.023823,-0.010484
-0.007500,-0.012119,-0.007240
-0.008500,0.003789,0.002414
-0.006490,0.010116,0.009877
-0.002450,0.014317,0.016246
0.000651,0.006815,0.019370
0.000798,-0.004891,0.016120
0.002831,-0.018673,0.007580
0.004839,-0.030360,0.003302
0.002842,-0.035586,-0.007313
-0.001166,-0.037668,-0.012651
-0.003246,-0.035546,-0.011592
-0.006254,-0.024972,-0.002013
-0.006239,-0.008053,0.012921
-0.005067,0.002398,0.034194
-0.002780,0.009783,0.042754
0.003435,-0.002985,0.039507
0.002783,-0.024216,0.028773
0.006840,-0.044330,0.012723
0.007841,-0.054892,0.002061
0.007771,-0.060128,-0.007507
0.003750,-0.051548,-0.011676
-0.000288,-0.043008,-0.012717
-0.006253,-0.029191,-0.007326
-0.008246,-0.023942,0.001188
-0.008189,-0.010188,0.012959
-0.006079,-0.002825,0.023599
-0.004873,0.002448,0.030033
-0.001669,0.004550,0.033256
-0.000442,-0.000676,0.022634
-0.001268,-0.006991,0.014089
0.002717,-0.011171,0.005605
0.002750,-0.016525,0.007722
0.001815,-0.019673,0.002389
0.001799,-0.026034,-0.001925
-0.001168,-0.024946,-0.004045
-0.002150,-0.020759,0.003401
-0.001139,-0.006929,0.007759
-0.001041,0.002662,0.008841
-0.002906,0.006908,0.010986
-0.002806,0.007964,0.012036
-0.001740,0.002690,0.005595
-0.001700,-0.009016,0.002302
-0.000771,-0.016410,-0.005169
-0.000823,-0.016401,-0.006244
-0.001892,-0.009997,-0.006174
-0.003906,-0.005740,-0.005075
-0.003946,0.000642,-0.002890
-0.003964,0.010215,0.000348
-0.005900,0.021891,0.006837
-0.002871,0.020769,0.012169
0.000216,0.014315,0.017446
0.000363,0.005831,0.012073
0.000473,-0.002685,0.009870
0.001501,-0.009035,0.004495
0.002495,-0.016462,0.000193
0.001474,-0.020624,-0.010476
0.002288,-0.017393,-0.013659
-0.000791,-0.014158,-0.016836
0.001007,-0.006679,-0.017845
-0.004018,0.001812,-0.013575
-0.005061,0.010211,0.000299
-0.005017,0.016576,0.003526
-0.003010,0.010121,0.008782
-0.001933,0.002635,0.010858
0.000086,-0.008014,0.008657
0.000137,-0.019676,0.001155
0.000114,-0.019632,-0.003068
0.000991,-0.019557,-0.010467
0.001842,-0.013142,-0.011451
-0.000229,-0.004571,-0.014553
-0.001343,0.005024,-0.013387
-0.001397,0.010265,-0.003764
-0.001396,0.012365,-0.000590
-0.006250,0.018754,0.000457
-0.007205,0.027222,0.006835
-0.008085,0.031435,0.012172
-0.002123,0.027188,0.010019
0.000928,0.013323,0.009910
0.002938,0.000594,0.002399
0.002913,-0.006833,-0.001875
0.003814,-0.018534,-0.005085
0.003737,-0.021673,-0.011471
0.001658,-0.012005,-0.017753
-0.002407,0.001800,-0.011300
-0.007375,0.013483,-0.005913
-0.010329,0.021997,-0.003766
-0.011267,0.032567,0.005814
-0.013081,0.033538,0.015345
-0.009912,0.032320,0.030175
-0.003763,0.023711,0.037549
0.005368,0.006587,0.042760
0.011561,-0.008306,0.038427
0.009850,-0.019818,0.016078
0.004992,-0.019549,-0.010413
0.002828,-0.011908,-0.027310
0.000622,0.004082,-0.026149
-0.001547,0.020055,-0.022847
-0.005565,0.028473,-0.011165
-0.008521,0.028355,0.000485
-0.008426,0.019635,0.018456
-0.005265,0.007759,0.032160
-0.000074,-0.007188,0.033146
0.003115,-0.022073,0.027731
0.004248,-0.029410,0.014954
0.005254,-0.030326,0.000118
0.006142,-0.024844,-0.014689
0.004025,-0.018390,-0.019965
0.000880,-0.007648,-0.027340
-0.003250,0.006188,-0.024092
-0.007310,0.012470,-0.012413
-0.009313,0.013365,0.004559
-0.005299,0.010031,0.018364
-0.003129,-0.003900,0.024678
0.001942,-0.015624,0.023563
0.003072,-0.023059,0.020357
0.003207,-0.028337,0.015046
0.003242,-0.030363,0.004431
0.004179,-0.030236,-0.008329
-0.000824,-0.016306,-0.014657
-0.003892,-0.000294,-0.015626
-0.004956,0.008165,-0.008173
-0.003030,0.013436,-0.001760
-0.001067,0.006991,0.002435
-0.002007,-0.003713,0.005539
-0.001970,-0.014393,0.006535
0.000049,-0.020833,0.010764
0.001069,-0.027180,0.005431
0.001083,-0.024995,0.000138
-0.000913,-0.017494,-0.002994
-0.000950,-0.006811,-0.003998
-0.002943,0.011358,-0.007077
-0.003950,0.012408,-0.006034
-0.001043,0.004899,-0.001820
-0.001031,-0.006878,0.002348
-0.001031,-0.019669,0.001217
-0.001048,-0.027111,-0.002016
-0.001096,-0.033534,0.000064
-0.000162,-0.024971,-0.001964
0.000809,-0.013279,0.002334
-0.001159,0.000666,-0.004999
-0.001243,0.008209,-0.012389
-0.002339,0.008240,-0.015628
-0.002467,0.015718,-0.016645
-0.001617,0.019985,-0.016614
-0.002706,0.017788,-0.010253
-0.001784,0.017751,-0.005975
-0.000810,0.018798,-0.003823
-0.001791,0.018731,0.002587
-0.000746,0.015459,0.010041
0.001319,0.011236,0.005794
-0.000606,0.009195,-0.003808
-0.000655,0.010273,-0.004867
-0.000705,0.016704,-0.008042
-0.001782,0.023199,-0.017612
-0.001894,0.026344,-0.012314
-0.003925,0.026312,-0.009145
-0.003977,0.023121,-0.010234
-0.000139,0.011362,-0.008186
0.000796,-0.002573,-0.001920
0.000793,-0.009006,0.001256
0.001734,-0.008952,-0.004049
0.000721,-0.002559,-0.002919
-0.001247,0.009222,-0.007060
-0.007165,0.018847,-0.009112
-0.007223,0.024182,-0.009079
-0.006250,0.028352,0.000479
-0.005219,0.020829,0.005712
-0.002185,0.015377,0.017314
0.002862,0.011034,0.024704
0.004994,0.003628,0.018287
0.002121,0.003820,-0.000804
0.002069,0.004984,-0.010315
0.001908,0.015804,-0.025090
0.000724,0.028645,-0.028155
-0.000436,0.040317,-0.021715
-0.003490,0.044478,-0.011067
-0.004504,0.041236,-0.006816
-0.006430,0.030457,0.003730
-0.005386,0.021881,0.007947
-0.003318,0.009041,0.012091
0.000677,0.003718,0.011004
0.002688,0.004857,0.003616
0.003690,0.007012,0.001513
0.000740,0.009264,-0.010154
0.001602,0.009323,-0.016590
-0.001476,0.010448,-0.023022
-0.003598,0.009336,-0.018815
-0.001784,0.010315,-0.010345
0.000105,0.004893,-0.001911
0.000125,-0.007932,0.000156
0.002061,-0.022848,-0.002062
0.002969,-0.035626,-0.004249
0.001892,-0.033405,-0.012697
0.000786,-0.019511,-0.014691
-0.000349,-0.002428,-0.015630
-0.006322,0.014636,-0.014442
-0.005421,0.026306,-0.008029
-0.008360,0.034800,-0.003695
-0.004438,0.027277,0.001551
-0.003387,0.010142,0.007803
-0.002347,-0.007975,0.005564
0.000638,-0.027160,0.003316
0.002570,-0.039921,-0.001012
0.001533,-0.035575,-0.008424
0.000414,-0.016318,-0.013624
-0.002649,0.007129,-0.011365
-0.003697,0.028468,-0.011213
-0.004715,0.031615,-0.005908
0.000152,0.020902,-0.001736
0.000154,0.000641,-0.002912
0.002078,-0.027120,-0.000963
0.003015,-0.050624,0.002085
0.001028,-0.060181,-0.002195
0.001916,-0.058005,-0.006413
-0.002093,-0.036666,-0.006268
-0.002199,-0.006790,-0.006084
-0.005167,0.016650,-0.002751
-0.004149,0.027267,0.002598
-0.003091,0.024020,0.006779
-0.003027,0.010187,0.002373
-0.002034,-0.006844,-0.002014
-0.000093,-0.017512,-0.002051
0.001813,-0.031379,-0.002103
0.001734,-0.040938,-0.006396
-0.000304,-0.034499,-0.009468
-0.001429,-0.022739,-0.011474
-0.003492,-0.001451,-0.006003
-0.005453,0.013406,0.002622
-0.005362,0.026134,0.010126
-0.004274,0.026139,0.009010
-0.006115,0.018637,0.012121
-0.004023,-0.002735,0.015145
0.000968,-0.022967,0.010738
0.001039,-0.032534,0.006369
0.000054,-0.032503,0.003179
0.001993,-0.022910,0.004303
0.003957,-0.014376,0.004343
0.002048,-0.001569,0.004469
-0.001829,-0.003624,-0.002921
-0.002806,-0.006855,0.000254
-0.003784,-0.015412,0.002322
-0.003717,-0.015494,0.010830
-0.000669,-0.009229,0.024686
-0.001377,0.000286,0.033203
-0.001100,0.008807,0.034269
-0.002775,0.013136,0.027899
-0.003568,0.012187,0.016232
0.000448,0.011207,0.007770
0.004377,-0.001508,-0.000761
0.006281,-0.023858,-0.006200
0.003298,-0.045183,-0.007357
-0.000729,-0.052663,-0.006333
-0.002794,-0.060124,-0.007480
-0.005787,-0.036757,0.003265
-0.007720,-0.005879,0.009839
-0.010535,0.022831,0.019592
-0.007392,0.040893,0.027115
-0.002231,0.040894,0.027115
0.001933,0.032422,0.020695
0.005041,0.014357,0.013152
0.006101,-0.009049,0.006671
0.008081,-0.032456,0.000169
0.007016,-0.047215,-0.017998
0.000942,-0.041829,-0.023299
-0.001235,-0.016279,-0.017867
-0.008241,0.015689,-0.013391
-0.008294,0.035853,-0.002660
-0.010155,0.041039,0.012213
-0.005130,0.027115,0.017417
-0.002992,0.001493,0.018304
0.001037,-0.029392,0.012833
0.004991,-0.055988,0.005248
0.004973,-0.065505,-0.003303
0.003867,-0.060094,-0.010691
-0.001176,-0.037646,-0.014787
-0.006205,-0.009919,-0.013574
-0.007263,0.023092,-0.007002
-0.010200,0.041157,0.000549
-0.007160,0.042108,0.012243
-0.002099,0.023905,0.018492
0.000044,0.004711,0.017305
0.003097,-0.017662,0.013981
0.002194,-0.031477,0.008617
0.002208,-0.035702,0.004336
0.003125,-0.023872,-0.005159
0.001095,-0.007845,-0.007169
0.000059,0.008181,-0.009179
-0.001967,0.021001,-0.011265
-0.003005,0.026313,-0.009124
-0.005023,0.028392,-0.003814
-0.005978,0.028309,0.004709
-0.002982,0.019725,0.009994
0.001033,0.010105,0.012095
0.001121,0.002661,0.009970
0.002145,-0.007953,0.004627
0.001207,-0.006894,0.005696
0.002182,0.002823,-0.005939
0.001181,0.009232,-0.006964
0.000157,0.011362,-0.006994
-0.000868,0.007133,-0.011338
-0.003866,0.001772,-0.009318
-0.004928,-0.001485,-0.004047
-0.002041,-0.006874,0.001211
-0.003007,-0.010073,0.001197
-0.004000,-0.013281,0.002271
-0.001049,-0.011199,0.007616
-0.002977,-0.006858,0.000198
-0.002974,-0.000499,0.004513
-0.004875,0.000538,0.007733
-0.004800,0.000530,0.008800
-0.002731,-0.002672,0.008765
-0.000711,-0.006960,0.010863
-0.000627,-0.011206,0.008711
0.000424,-0.010132,0.007668
0.000489,-0.006909,0.005588
-0.002395,-0.006895,0.004547
-0.003348,-0.008974,-0.000756
-0.004330,-0.013233,-0.001868
-0.004319,-0.014389,0.006562
-0.003231,-0.007080,0.022514
-0.000064,-0.007133,0.027819
0.004078,-0.010343,0.027723
0.002284,-0.003849,0.018161
-0.002522,-0.000526,0.006516
0.000358,0.002848,-0.010404
0.002197,0.004001,-0.018862
0.005923,0.006149,-0.019870
0.000884,0.001903,-0.021994
-0.006163,-0.006598,-0.025203
-0.007324,-0.005649,-0.013530
-0.007385,-0.002565,-0.001824
-0.006382,-0.001580,0.006680
-0.004343,0.003713,0.010970
-0.004228,0.014377,0.010995
-0.002211,0.025112,0.004722
-0.002149,0.027235,0.005817
0.002810,0.025115,0.004785
0.005787,0.013474,-0.004860
0.002807,0.001808,-0.012417
0.001713,-0.006707,-0.014628
-0.000382,-0.016319,-0.013609
-0.000503,-0.014186,-0.013619
-0.002563,-0.011081,-0.004049
-0.001595,-0.007923,0.000231
-0.000632,-0.012182,-0.000874
-0.002592,-0.012181,-0.000889
-0.003562,-0.002619,0.003439
-0.003527,0.004847,0.003491
-0.000544,0.010162,0.005660
0.000487,0.005905,0.004554
-0.001407,-0.002622,0.003412
-0.001361,-0.013302,0.004407
-0.001324,-0.027172,0.004320
-0.001335,-0.039925,-0.001082
-0.001383,-0.039936,-0.000035
-0.004375,-0.032427,-0.004248
-0.004412,-0.028233,0.003223
-0.004395,-0.018610,0.001158
-0.002418,-0.009050,0.005465
-0.004346,0.001636,0.004503
-0.003340,0.010151,0.006692
-0.003287,0.008027,0.005634
0.000709,0.002663,0.008812
0.001753,-0.006915,0.006640
0.000785,-0.010021,-0.002937
-0.000251,-0.006809,-0.003948
-0.000335,0.000702,-0.008141
0.000566,0.009263,-0.010204
-0.001480,0.021051,-0.015454
-0.005452,0.036988,-0.008954
-0.003538,0.041202,-0.003632
-0.001562,0.042279,-0.004712
-0.002543,0.040144,-0.004745
-0.002570,0.039047,-0.001558
-0.001598,0.037963,0.000610
0.001349,0.021972,-0.000550
0.000383,0.012444,-0.008033
0.002250,-0.001438,-0.007058
0.000181,0.000751,-0.012323
0.000072,0.005021,-0.012308
-0.000988,0.013513,-0.008017
-0.002982,0.012421,-0.005924
-0.002016,0.012399,-0.003816
-0.002068,0.010313,-0.009181
-0.000131,0.009180,-0.002845
-0.001156,0.001741,-0.006107
-0.001194,-0.003626,-0.002956
-0.003188,-0.002506,-0.008266
-0.001273,-0.000466,0.001322
0.000681,-0.007967,0.004468
0.000716,-0.011157,0.003386
0.001719,-0.011135,0.001250
-0.000238,-0.010046,-0.000856
-0.002221,-0.010032,-0.001890
-0.003266,-0.011012,-0.010367
-0.003336,-0.014226,-0.009333
-0.005342,-0.016413,-0.004033
-0.005397,-0.015401,0.001233
-0.004374,-0.015500,0.010740
-0.002292,-0.007093,0.023512
-0.000163,0.001464,0.021444
0.000952,-0.003701,0.004421
-0.001997,-0.003576,-0.008339
-0.001163,0.002921,-0.017824
0.002575,0.016785,-0.016621
-0.000482,0.024292,-0.019705
-0.002573,0.030665,-0.016438
-0.003637,0.025244,-0.007954
-0.004635,0.021989,-0.002677
-0.005609,0.023026,0.000500
-0.004598,0.029365,0.006922
-0.003505,0.037827,0.014424
-0.000419,0.037839,0.013391
0.000690,0.029364,0.006958
0.003666,0.018767,-0.000562
0.004578,0.010357,-0.013383
0.002476,0.006164,-0.020847
0.001297,0.002976,-0.021944
0.002094,0.000842,-0.021963
0.000943,-0.004527,-0.018819
-0.002127,-0.005629,-0.015687
-0.005213,0.000751,-0.013516
-0.005312,0.004942,-0.006093
-0.004365,0.008069,0.001348
-0.002376,0.008037,0.004531
-0.003316,0.009098,0.004542
-0.001361,0.007008,0.000300
-0.001380,0.003843,-0.002884
-0.001425,0.004954,-0.007105
-0.000512,0.011383,-0.009151
-0.003522,0.013548,-0.012322
-0.002626,0.014582,-0.009122
-0.003644,0.009194,-0.003857
-0.004639,0.001747,-0.006031
-0.002718,-0.003621,-0.002901
-0.002724,-0.006864,0.001307
-0.001743,-0.002599,0.001303
-0.001769,0.003868,-0.005014
-0.001844,0.015617,-0.005980
-0.002863,0.025239,-0.008031
-0.000971,0.034820,-0.005846
-0.001979,0.033785,-0.009024
-0.002011,0.027372,-0.008019
-0.001036,0.017727,-0.003852
-0.001058,0.003834,-0.001838
