0.000601,-0.016524,-0.005181
0.000603,-0.006905,-0.006185
-0.002369,0.002714,-0.007188
-0.001429,0.005062,-0.008649
-0.001453,0.005007,-0.002231
-0.001489,0.010316,-0.000025
-0.001522,0.003929,-0.002211
0.000462,-0.003620,0.006299
0.001479,-0.003638,0.007393
0.000512,-0.001471,0.003143
-0.000425,-0.011069,-0.000092
0.000643,-0.012201,0.007389
0.000688,-0.012199,0.007385
-0.000226,-0.008993,0.007401
-0.000155,-0.004710,0.006350
-0.001080,-0.001481,0.005261
-0.003655,0.005969,0.008514
-0.001766,0.009151,0.013819
-0.002044,0.017722,0.011711
0.000666,0.020922,0.012786
0.001280,0.018775,0.014892
-0.000672,0.013442,0.012749
0.003450,0.003834,0.012681
0.005586,-0.000399,0.007323
0.002850,-0.003562,0.001965
0.006934,-0.002503,0.003042
0.009281,-0.030992,0.290950
0.031403,-0.045568,0.584099
0.027740,-0.031796,0.239013
0.002627,-0.006619,-0.024582
0.002792,-0.011040,0.002971
0.004520,-0.017461,0.002967
0.001616,-0.009998,0.004092
0.001497,-0.016427,0.006198
0.000096,-0.018599,0.011509
0.003456,-0.016447,0.009388
0.005379,-0.012184,0.011529
0.004865,-0.003609,0.007321
0.004648,0.011384,0.003124
0.004320,0.021020,-0.000017
0.004056,0.027434,-0.002085
0.003806,0.026388,-0.004239
0.004578,0.026362,-0.002081
0.003406,0.022096,-0.004216
0.005233,0.016738,-0.003156
0.006128,0.008215,-0.006401
0.005178,-0.004612,-0.005406
0.004239,-0.017424,-0.005496
0.002360,-0.024935,-0.000224
0.004400,-0.031346,-0.000255
0.004478,-0.029232,0.003998
0.004539,-0.021743,0.004010
0.003519,-0.006715,-0.005507
0.000462,0.007193,-0.007573
0.000244,0.022129,-0.005344
-0.001000,0.033887,-0.007391
0.000701,0.038178,-0.010550
0.002434,0.029605,-0.007392
0.004220,0.013582,-0.007482
0.004169,-0.005681,-0.003320
0.005225,-0.019580,-0.002321
0.002463,-0.027111,0.004051
0.001638,-0.030300,0.000854
0.001803,-0.026013,-0.001251
0.000879,-0.011051,-0.002225
0.000853,-0.000353,-0.004298
0.001696,0.008224,-0.006422
0.001513,0.015669,-0.003158
0.000405,0.013539,-0.002142
0.002300,0.007081,0.003179
0.002286,-0.000395,0.003131
0.003340,-0.006808,0.004150
0.000510,-0.013259,0.008404
0.002557,-0.014305,0.006249
0.001674,-0.014303,0.006243
0.001746,-0.013195,0.000917
0.001768,-0.007855,0.000951
0.001719,-0.000353,-0.002206
0.001624,0.001807,-0.005393
0.002495,0.007149,-0.006411
0.003397,0.004998,-0.004294
0.000395,0.008199,-0.003218
-0.001646,0.011385,-0.001062
0.000294,0.007096,0.002093
-0.001634,0.000641,0.007404
0.001368,-0.001522,0.011644
0.002411,-0.005750,0.007323
0.003435,-0.003624,0.008408
0.003453,-0.003578,0.002011
0.002485,-0.002511,0.002019
0.002512,-0.001426,0.000938
0.002447,0.003958,-0.004373
0.003329,0.010384,-0.005426
0.004185,0.013612,-0.008607
0.002118,0.013636,-0.010760
0.002021,0.012553,-0.009682
0.002920,0.007212,-0.009711
0.000929,-0.000285,-0.007614
0.000926,-0.009930,-0.004448
0.000976,-0.018513,0.000830
0.000092,-0.028224,0.010436
0.000267,-0.029310,0.011524
0.000365,-0.026109,0.012599
0.002446,-0.016485,0.010536
0.000553,-0.004722,0.008481
0.001485,0.004942,0.003175
0.003382,0.016715,0.000044
0.004253,0.024184,0.000111
0.003125,0.027435,-0.004176
0.003972,0.029586,-0.007338
0.001887,0.029588,-0.006298
0.000835,0.025310,-0.005262
-0.001191,0.019963,-0.003186
-0.001218,0.018827,0.004305
0.000726,0.015607,0.007462
0.000699,0.003885,0.004183
0.001721,-0.010018,0.006240
0.001831,-0.026075,0.010418
0.002908,-0.032515,0.013600
0.002053,-0.029274,0.009341
0.001153,-0.019654,0.007287
-0.000766,-0.014257,0.000898
0.000215,-0.001478,0.005257
-0.000774,0.006001,0.005296
0.001158,0.008171,0.001038
0.004038,0.007098,0.002089
0.003983,0.006015,0.003168
0.002988,0.006057,-0.001125
0.001013,0.014581,0.000027
-0.000037,0.019967,-0.004243
-0.001027,0.015688,-0.003206
-0.000089,0.012428,0.002149
0.002809,0.010299,0.001072
0.001839,-0.004632,-0.000121
0.001902,-0.017497,0.005155
0.001981,-0.021791,0.007277
0.001121,-0.025033,0.011538
0.001253,-0.020749,0.011535
0.000361,-0.013231,0.006243
0.000394,-0.005717,0.002007
0.000402,0.001765,0.002038
-0.000616,0.006071,-0.001163
0.000302,0.011435,-0.003280
0.002189,0.010376,-0.004357
0.003070,0.010353,-0.001160
0.003020,0.010356,-0.001169
0.002991,0.014643,-0.004318
0.003892,0.018921,-0.005354
0.001837,0.025299,-0.003144
0.001760,0.019991,-0.007442
0.002678,0.011403,-0.004244
0.000734,-0.005739,-0.000029
0.002731,-0.020700,0.001996
0.001849,-0.027122,0.001992
-0.000047,-0.030318,0.001951
-0.001879,-0.027125,0.005136
-0.001812,-0.016449,0.008352
-0.003702,-0.003644,0.010553
-0.001717,0.010241,0.011682
0.000211,0.018813,0.008524
0.003080,0.019878,0.008540
0.004041,0.010296,0.004218
0.006009,0.004953,0.003143
0.006009,-0.005692,-0.003288
0.006043,-0.013169,-0.002287
0.004110,-0.013153,-0.005466
0.003124,-0.008850,-0.008656
0.000194,-0.006664,-0.014001
-0.001776,-0.001358,-0.008650
-0.003816,0.003956,-0.003320
-0.004833,0.007157,-0.002246
-0.003882,0.002858,0.000936
-0.000929,-0.004661,0.005182
-0.000889,-0.011089,0.007288
-0.000828,-0.016441,0.006239
0.000251,-0.022822,0.002992
-0.000615,-0.021786,0.006220
0.000451,-0.016442,0.004151
-0.001433,-0.009994,-0.001144
-0.000428,-0.002491,-0.003260
-0.003365,0.003899,0.001013
-0.000463,0.011355,0.002157
0.000488,0.009287,-0.005354
0.002430,0.010338,-0.002166
0.003364,0.011403,-0.002153
0.002370,0.011385,0.002076
0.000402,0.008213,-0.001162
-0.000573,0.003936,0.000915
0.001421,-0.003515,-0.001288
0.002482,-0.016318,-0.002447
0.005475,-0.022732,-0.002471
0.003613,-0.022762,0.000744
0.002704,-0.022720,-0.005640
0.001739,-0.015247,-0.006632
0.001732,-0.007742,-0.011891
0.000709,0.001862,-0.011807
0.000618,0.008254,-0.009636
0.000534,0.010396,-0.009637
0.002407,0.010392,-0.007536
0.004303,0.005055,-0.007577
0.002357,0.001872,-0.008698
0.001385,-0.006731,-0.000232
0.002382,-0.004560,-0.004491
0.004341,-0.005623,-0.005559
0.004365,-0.005577,-0.010907
0.003345,-0.004488,-0.015137
0.002316,-0.002353,-0.016169
0.003247,-0.007689,-0.018302
0.001249,-0.007711,-0.016155
0.002182,-0.006682,-0.011863
0.002180,-0.005637,-0.008658
-0.001754,-0.002439,-0.008624
-0.000824,0.003927,-0.002199
-0.002832,0.016753,-0.002145
-0.000952,0.025248,0.004310
-0.003012,0.033805,0.004330
-0.001192,0.037040,0.002179
0.000640,0.028504,0.000011
0.003521,0.011469,-0.004416
0.004504,-0.009914,-0.002398
0.006506,-0.024856,-0.004609
0.008549,-0.028104,-0.000332
0.004693,-0.022738,-0.004546
0.001806,-0.013118,-0.006600
-0.002141,0.000811,-0.012905
-0.002227,0.017877,-0.011695
-0.001415,0.027468,-0.009489
-0.000572,0.029647,-0.014816
-0.000709,0.023195,-0.008466
0.001138,0.012495,-0.005343
0.001155,-0.008924,0.001996
0.001281,-0.018539,0.002990
0.001376,-0.020703,0.007234
0.000538,-0.022832,0.006157
0.001628,-0.015322,0.001931
0.000658,-0.001409,-0.001195
-0.000341,0.010391,-0.007532
-0.000451,0.022204,-0.014949
0.002316,0.023272,-0.014943
0.002159,0.020079,-0.016036
0.003997,0.014761,-0.018221
0.002893,0.009409,-0.017176
0.000850,-0.000186,-0.019374
-0.000111,-0.007726,-0.011933
-0.000138,-0.003470,-0.008725
-0.002100,-0.007691,-0.015161
-0.000119,-0.015222,-0.008788
-0.001052,-0.014202,-0.003427
-0.002973,-0.013140,-0.002359
-0.001002,-0.013137,-0.002368
-0.000986,-0.005666,-0.001261
-0.001978,0.002871,-0.002236
-0.003017,0.012508,-0.004334
-0.003100,0.021070,-0.007465
-0.001263,0.022176,-0.010692
-0.000362,0.010421,-0.010747
0.002562,-0.007768,-0.008685
0.004630,-0.030223,-0.005616
0.005781,-0.039928,0.005024
0.004946,-0.042029,-0.000309
0.001179,-0.032424,0.001862
0.000300,-0.021750,0.001945
-0.002554,-0.018516,-0.001253
-0.002482,-0.000397,0.004186
-0.001548,0.004954,0.002099
-0.000575,0.012437,0.002129
0.001351,0.007087,0.003167
0.001329,0.007064,0.006364
0.001315,0.008151,0.003183
0.001276,0.011378,0.001052
0.001225,0.015708,-0.005348
0.001116,0.019982,-0.005324
0.002973,0.020017,-0.010645
0.004832,0.018951,-0.009612
0.003767,0.012541,-0.007554
0.001738,0.011440,-0.004338
0.003636,0.010361,-0.003271
0.001612,0.015688,-0.001110
-0.001384,0.018884,-0.000024
-0.002441,0.026317,0.004317
-0.002537,0.027395,0.003251
-0.000673,0.028439,0.006457
-0.001749,0.028478,0.001128
0.000077,0.025265,0.001131
-0.000007,0.022059,0.001116
-0.000080,0.015659,-0.001035
0.000834,0.011381,-0.001047
-0.000173,-0.003571,-0.002186
0.001879,-0.022794,-0.003354
0.003015,-0.041008,0.004005
0.003215,-0.054912,0.006062
0.004409,-0.054953,0.009305
0.000728,-0.048560,0.011477
-0.002012,-0.033615,0.012634
-0.004849,-0.009062,0.015953
-0.003825,0.014482,0.010746
-0.002897,0.033707,0.011907
0.001878,0.043354,0.008739
0.003696,0.040194,0.004423
0.005528,0.032735,0.003287
0.006423,0.021013,-0.001039
0.006371,0.012508,-0.006422
0.005297,0.006135,-0.010737
0.000349,0.006147,-0.011815
0.000273,0.011504,-0.013918
-0.003776,0.012570,-0.012860
-0.003857,0.013582,-0.006431
-0.003916,0.009252,-0.000034
-0.002976,0.000633,0.009522
-0.002915,-0.006914,0.016981
-0.002821,-0.017609,0.017999
-0.002661,-0.025143,0.024380
-0.001503,-0.025174,0.027597
-0.001304,-0.025156,0.025460
-0.000168,-0.016535,0.019038
0.002830,-0.001555,0.013828
0.002881,0.009185,0.007464
0.003817,0.016718,0.002133
0.003739,0.025321,-0.005290
0.006558,0.025361,-0.008532
0.005460,0.023270,-0.013891
0.003408,0.015765,-0.010724
0.001379,0.006168,-0.011871
0.000364,-0.004530,-0.009797
-0.001584,-0.012070,-0.001312
-0.000522,-0.020674,0.006112
-0.001407,-0.019608,0.006125
-0.002307,-0.012122,0.006147
-0.000332,-0.002487,0.003009
-0.003278,0.003917,0.003058
-0.002342,0.013578,-0.002235
-0.002420,0.021095,-0.006480
0.001389,0.023266,-0.012834
0.003225,0.019002,-0.013927
0.004087,0.016899,-0.018210
0.002976,0.023277,-0.017047
0.000799,0.031839,-0.018082
-0.002309,0.023330,-0.023456
-0.004357,0.018967,-0.010697
-0.004432,0.008226,-0.002239
-0.003434,-0.008928,0.006191
0.000613,-0.026068,0.013540
0.000766,-0.031428,0.015652
-0.001004,-0.032567,0.023152
-0.001814,-0.028263,0.017866
-0.000699,-0.012241,0.015871
0.000360,0.002741,0.009608
0.001293,0.013491,0.000081
0.004171,0.017801,-0.004174
0.002143,0.017839,-0.008458
0.005002,0.012517,-0.009580
0.002976,0.011445,-0.007487
0.002935,0.007188,-0.007554
0.000932,0.008267,-0.006531
-0.001035,0.007182,-0.003353
-0.002069,0.009302,-0.001208
-0.004040,0.013521,0.006278
-0.002142,0.016709,0.008432
-0.000236,0.014593,0.006273
0.000699,0.010339,0.003061
0.002614,0.004952,0.006290
0.000678,-0.002555,0.008415
0.002686,-0.014296,0.006231
0.002786,-0.023907,0.005124
0.003878,-0.032436,0.000847
0.003051,-0.031407,0.005140
0.002155,-0.022825,0.000911
-0.000711,-0.006805,-0.000034
-0.003656,0.009222,0.000047
-0.005666,0.022009,0.004385
-0.003796,0.030563,0.005461
0.000029,0.035901,0.006543
-0.000037,0.032669,0.010779
0.003809,0.027314,0.012875
0.002786,0.023064,0.009654
0.001784,0.010314,0.002083
0.003732,0.001755,0.003116
0.001782,-0.004632,0.000929
0.002762,-0.004617,-0.001204
0.004722,-0.005662,-0.002317
0.002729,0.002914,-0.006528
0.000710,0.011472,-0.009650
-0.001352,0.024272,-0.008485
-0.000527,0.024285,-0.011655
-0.001589,0.016781,-0.009535
0.000312,0.003889,-0.000006
0.001334,-0.015389,0.005245
0.001436,-0.030376,0.010473
0.001584,-0.032527,0.012590
0.000770,-0.030363,0.009392
-0.000077,-0.020727,0.007299
-0.000022,-0.005770,0.007378
-0.000030,0.010312,0.001042
0.000880,0.023198,-0.007427
0.003713,0.023244,-0.012775
0.004557,0.020035,-0.012782
0.004462,0.012539,-0.011732
0.006347,0.001913,-0.017168
0.003367,-0.005591,-0.012959
0.001392,-0.007765,-0.008691
-0.002517,-0.008809,-0.008758
-0.004450,-0.006696,-0.004503
-0.004453,-0.002458,0.000841
-0.004436,0.001789,0.004071
-0.003478,0.006037,0.006251
-0.002507,0.007119,0.004131
-0.002520,-0.000365,0.005151
-0.002520,-0.002530,0.006258
-0.001505,-0.007894,0.007332
0.000523,-0.018541,0.001951
0.001597,-0.022815,0.001931
0.001675,-0.023903,0.004069
-0.001164,-0.019624,0.003033
-0.000126,-0.012127,0.001976
-0.001082,0.003918,-0.001126
-0.002103,0.014590,0.000007
-0.002147,0.022065,0.001101
0.000748,0.019925,0.002145
0.000699,0.014584,0.002113
0.001704,0.001758,0.002060
0.003723,-0.008957,0.006269
0.001811,-0.015332,0.003005
0.001856,-0.011031,-0.001228
-0.001051,-0.002460,-0.003336
-0.004057,0.013580,-0.005378
-0.004154,0.027443,-0.002101
-0.004307,0.038159,-0.006312
-0.002525,0.040269,-0.002047
-0.000720,0.033840,0.000061
0.001130,0.024207,0.001100
0.001095,0.001754,0.002070
0.001173,-0.020726,0.007295
0.003281,-0.036762,0.009331
0.003491,-0.043202,0.011464
0.000758,-0.043205,0.011470
0.000895,-0.027145,0.007282
-0.002905,-0.011124,0.007381
-0.000942,0.005984,0.006390
-0.002924,0.017766,0.004283
-0.001037,0.028463,0.003261
0.000818,0.030610,0.001153
0.002662,0.025281,0.000043
0.003597,0.014601,0.001026
0.003571,0.006042,0.002055
0.002576,0.002849,-0.000085
0.003560,-0.004614,-0.001212
0.003556,-0.002461,-0.003333
0.002567,-0.003529,-0.003341
0.002560,-0.004581,-0.004436
0.001579,-0.002430,-0.005506
0.000572,0.000757,-0.002305
-0.001391,0.000745,0.000865
-0.000432,0.003968,-0.001258
0.000526,0.008235,-0.001216
-0.001485,0.014601,0.003115
-0.002503,0.015688,-0.000065
0.000356,0.016743,0.001022
0.002225,0.019982,-0.002187
0.001161,0.014636,-0.003249
0.001081,0.015700,-0.003232
0.000019,0.017813,-0.000023
0.000941,0.016754,-0.001100
-0.001089,0.023144,0.001080
-0.000251,0.035998,-0.001030
0.000584,0.029610,-0.005307
-0.000471,0.030671,-0.003188
0.001328,0.031692,0.002167
0.002173,0.025355,-0.006423
0.005051,0.015709,-0.002211
0.001094,-0.002480,0.000900
0.001169,-0.021725,0.001879
0.000327,-0.037774,0.003947
0.000515,-0.046339,0.007086
-0.001245,-0.049548,0.007080
-0.001022,-0.047459,0.011398
-0.002826,-0.032478,0.008280
-0.004676,-0.012150,0.005175
-0.002716,0.010275,0.005321
-0.003736,0.019915,0.002173
-0.000875,0.026329,0.002195
0.002976,0.019919,0.003205
0.002930,0.013547,-0.001110
0.004874,-0.000349,-0.000121
0.004927,-0.013150,-0.002331
0.002057,-0.016372,-0.000212
0.001119,-0.012090,-0.001257
0.001130,-0.002468,-0.003316
-0.000878,0.006084,-0.004328
0.000042,0.018943,-0.009590
-0.002022,0.019998,-0.008504
-0.002125,0.014617,-0.004246
-0.000194,0.002830,-0.000034
-0.000132,-0.021718,-0.004415
0.001934,-0.031396,0.003019
0.000116,-0.035693,0.006197
-0.000728,-0.026104,0.008409
-0.006507,-0.011122,0.006329
-0.006464,0.009125,0.011802
-0.005525,0.028377,0.009761
-0.002685,0.035880,0.007645
0.000152,0.039089,0.006604
0.002018,0.029457,0.009736
0.006861,0.017719,0.007542
0.006862,0.001694,0.007454
0.007881,-0.004689,0.005261
0.004979,-0.007860,0.000970
0.003979,-0.001422,-0.002205
0.002955,0.003999,-0.010749
0.000940,0.007246,-0.016070
0.000878,0.010428,-0.010765
0.000796,0.013585,-0.004345
-0.000248,0.009297,-0.002241
0.000700,0.003944,-0.000146
-0.000290,0.000706,0.004104
-0.000279,-0.001435,0.004102
0.000740,-0.003576,0.004103
0.000745,-0.000345,0.001961
0.000766,0.000737,-0.002251
0.000729,0.000759,-0.005448
0.001659,0.002899,-0.006491
0.000638,-0.000330,-0.003305
0.001597,0.000723,-0.003261
0.003533,0.000749,-0.006466
0.000577,0.005010,-0.005364
0.000542,0.006077,-0.003263
-0.001437,0.004988,-0.001124
-0.002421,0.008161,0.003160
-0.000466,0.006010,0.004231
-0.000422,-0.001492,0.007389
0.001586,-0.006853,0.009503
-0.000303,-0.012148,0.005171
-0.000248,-0.015337,0.003018
0.000796,-0.008947,0.004151
-0.001144,-0.000341,-0.002231
-0.004128,0.011387,-0.000014
-0.001247,0.013549,-0.002162
-0.001328,0.015683,-0.002143
-0.000395,0.015690,-0.002161
0.002508,0.007101,0.004178
0.004454,0.001783,0.000948
0.004477,-0.008875,-0.001266
0.002578,-0.013159,0.000829
0.001671,-0.012115,0.002992
0.001700,-0.007807,-0.001259
0.001704,-0.003544,-0.001209
-0.001217,-0.008855,-0.004456
-0.000196,-0.007792,-0.003390
-0.001186,-0.006761,0.001944
-0.001176,-0.002478,-0.000152
0.000798,-0.003540,-0.001219
0.000787,-0.001418,0.000921
-0.001161,-0.000343,-0.001181
-0.001148,-0.004644,0.002007
-0.001130,-0.001456,0.002068
0.001822,-0.004672,0.003124
-0.001077,-0.006801,0.002047
0.000900,-0.004691,0.004220
-0.000030,-0.003628,0.006329
0.000008,-0.002557,0.005283
0.000997,0.007076,0.004244
0.000975,0.010297,0.002127
-0.000001,0.011359,0.003195
0.000947,0.007105,0.002077
0.000946,0.010305,0.003153
0.002874,0.009285,-0.004300
0.002846,0.000718,-0.002201
0.002866,-0.004639,-0.001145
0.001893,-0.005711,-0.000094
0.000905,-0.007824,-0.003306
-0.000038,-0.009934,-0.005478
0.001901,-0.009921,-0.006557
-0.001010,-0.011010,-0.002327
-0.001942,-0.007775,-0.005526
-0.000946,-0.007810,-0.001251
0.000062,-0.008898,0.001934
0.000093,-0.004613,0.000880
0.001073,-0.002468,-0.001221
0.001067,0.003941,-0.002231
0.002007,0.011415,-0.002180
0.000949,0.015685,-0.002147
0.001852,0.021043,-0.004253
0.001781,0.021056,-0.005331
0.003636,0.021065,-0.005356
0.002555,0.022118,-0.003219
0.002439,0.022141,-0.007460
-0.001598,0.026419,-0.008496
0.000210,0.026401,-0.006358
-0.000893,0.030697,-0.009531
-0.001046,0.025365,-0.010632
-0.003107,0.019995,-0.007449
-0.003192,0.000717,-0.003247
-0.001141,-0.022832,0.005112
0.000003,-0.038875,0.007165
0.003117,-0.047479,0.012497
-0.000546,-0.048611,0.018931
-0.002281,-0.041130,0.017920
-0.004048,-0.033666,0.017998
-0.003877,-0.022973,0.016985
-0.002771,-0.015458,0.013792
-0.000725,-0.001559,0.014886
0.001268,0.008102,0.009589
0.003219,0.016692,0.006385
0.005107,0.021044,-0.001118
0.003065,0.025356,-0.005378
0.004900,0.029663,-0.009627
0.004738,0.030748,-0.011756
0.004583,0.030815,-0.019250
0.003428,0.030818,-0.019259
0.002276,0.026543,-0.018231
-0.000843,0.020116,-0.017176
-0.000976,0.013693,-0.015087
-0.002019,0.009376,-0.009767
-0.001129,0.004016,-0.007656
-0.000166,-0.002444,-0.003376
-0.002118,-0.007842,0.001970
-0.004035,-0.013222,0.005180
-0.003999,-0.014291,0.004131
-0.001965,-0.013243,0.005235
-0.001858,-0.022866,0.006247
0.001192,-0.025011,0.006257
-0.000650,-0.026069,0.006223
0.000468,-0.020736,0.006274
0.000585,-0.019629,0.001999
0.000669,-0.015363,0.002041
0.000753,-0.010032,0.003144
0.000792,-0.004650,-0.001117
0.001769,0.006068,-0.005331
0.002678,0.016775,-0.006380
0.002579,0.024291,-0.011670
0.001475,0.029648,-0.012724
-0.000642,0.030736,-0.012770
0.002141,0.023299,-0.017103
0.001052,0.014735,-0.012919
-0.000011,0.004033,-0.008745
-0.000051,-0.005582,-0.008797
-0.000997,-0.019458,-0.008905
-0.000951,-0.026987,-0.003584
0.000127,-0.028044,-0.005712
-0.000829,-0.020551,-0.008848
0.001144,-0.013056,-0.011987
-0.000828,-0.003463,-0.009786
-0.000884,0.008299,-0.011842
-0.001023,0.020046,-0.012811
-0.003086,0.022158,-0.011689
-0.003182,0.015722,-0.009564
-0.001288,0.006096,-0.008542
-0.000317,-0.006722,-0.008616
0.001689,-0.021723,-0.003352
0.000826,-0.028175,0.001951
-0.000024,-0.032511,0.008366
-0.001817,-0.037807,0.002989
-0.001634,-0.027182,0.011567
-0.000552,-0.018613,0.009462
0.000495,-0.006803,0.002054
0.000497,0.001763,-0.000043
0.003454,0.008142,0.004254
0.002424,0.016732,-0.002085
0.002373,0.021019,-0.002097
0.003281,0.021040,-0.004245
0.003184,0.019962,-0.004226
0.003066,0.023235,-0.011706
0.000005,0.024342,-0.014940
0.000837,0.024302,-0.009606
0.000745,0.009383,-0.013969
0.000750,-0.013075,-0.008801
0.002776,-0.029157,-0.001417
0.002887,-0.037655,-0.005773
0.001052,-0.035539,-0.004661
0.000123,-0.026986,-0.006726
-0.001819,-0.007769,-0.006586
-0.003821,0.012555,-0.009681
-0.003001,0.031784,-0.010619
-0.004159,0.046736,-0.010527
-0.002406,0.048861,-0.010484
-0.000659,0.039226,-0.006300
0.000186,0.031747,-0.006339
0.001058,0.017812,-0.000018
0.002024,-0.002479,-0.002240
0.003100,-0.022843,0.006187
0.002233,-0.029259,0.007215
0.002335,-0.024957,0.002981
0.001444,-0.011042,-0.001196
0.000457,-0.000373,-0.001103
-0.002508,0.014583,-0.002065
-0.003577,0.027450,-0.006299
-0.002739,0.031703,-0.003087
0.000077,0.028479,0.000084
0.001925,0.022038,0.003268
0.000930,0.008176,0.002076
0.002927,-0.011090,0.006248
0.002058,-0.017527,0.009422
-0.001765,-0.016498,0.013714
-0.001713,-0.013266,0.010520
-0.001641,-0.002574,0.008465
-0.001652,0.005973,0.009558
-0.000673,0.009214,0.005299
0.003232,0.011347,0.004273
0.002217,0.008204,-0.002183
0.004202,-0.005711,0.000949
0.004268,-0.015342,0.003030
0.004328,-0.017461,0.000883
0.003415,-0.018456,-0.008726
-0.000454,-0.016314,-0.007681
0.000501,-0.007767,-0.006591
-0.002441,-0.002397,-0.009772
-0.000519,0.001842,-0.004432
-0.001491,-0.002443,-0.003380
-0.001422,-0.006734,0.000825
-0.000423,-0.009953,0.002939
0.002563,-0.012074,0.000794
0.001629,-0.011034,0.002967
0.001667,-0.001391,-0.000192
0.001642,0.006131,-0.005495
0.000602,0.015774,-0.008654
0.000463,0.026474,-0.011776
0.005190,0.030788,-0.017087
0.004039,0.028683,-0.020320
0.002896,0.020169,-0.024634
0.000822,0.009441,-0.018302
-0.001197,-0.002339,-0.014108
-0.003164,-0.014160,-0.006672
-0.004107,-0.017441,0.000830
-0.004029,-0.020656,0.001884
-0.005899,-0.018563,0.006193
-0.004847,-0.008980,0.010513
-0.005798,0.000595,0.012761
-0.005776,0.014488,0.010733
-0.003864,0.020902,0.010756
-0.000949,0.020886,0.010800
0.002936,0.016677,0.003286
0.003892,0.008132,0.003237
0.005869,-0.001432,-0.003222
0.004913,-0.011034,-0.004357
0.004007,-0.018500,-0.005474
0.005053,-0.018495,-0.006533
0.002151,-0.015280,-0.007586
0.002201,-0.015284,-0.005485
-0.002655,-0.012111,-0.001203
-0.002632,-0.007856,0.002008
-0.004564,-0.001450,0.003099
-0.003578,-0.000407,0.007353
-0.004481,-0.004731,0.012691
-0.001492,-0.004739,0.013756
-0.000435,-0.004758,0.014852
0.003510,-0.001509,0.009527
0.002560,-0.001470,0.005243
0.002570,0.001785,-0.000100
0.003506,0.006065,-0.002186
0.003453,0.010380,-0.007502
0.002392,0.008255,-0.007545
0.003361,-0.000297,-0.006529
0.002386,-0.007781,-0.005509
0.003382,-0.015295,-0.001273
0.001512,-0.022769,-0.002372
-0.000337,-0.027083,0.003986
-0.002183,-0.022843,0.007234
-0.004056,-0.018611,0.012593
-0.003970,-0.010045,0.009453
-0.003888,-0.001529,0.012717
-0.003888,0.001710,0.009509
-0.001907,0.004934,0.007385
0.000092,0.007045,0.010599
0.002024,0.004937,0.007376
0.003034,0.003888,0.005230
0.004004,0.002850,0.000960
0.003020,0.005021,-0.000165
0.001041,0.007217,-0.007627
0.001946,0.010414,-0.006543
-0.000072,0.009346,-0.007595
-0.001136,0.021041,-0.001110
-0.001233,0.011456,-0.004377
-0.002211,0.002812,0.006289
-0.002174,-0.011124,0.011565
0.000854,-0.022898,0.014699
0.003949,-0.028233,0.012562
0.000158,-0.023941,0.009398
0.000250,-0.014316,0.007331
-0.001669,-0.000417,0.004241
-0.001647,0.010285,0.001114
-0.000726,0.012450,-0.002084
0.000230,0.008158,0.001079
0.001208,-0.000383,0.002063
0.000281,-0.011088,0.006245
-0.000609,-0.016443,0.008341
-0.001470,-0.021777,0.008292
-0.002326,-0.019705,0.016840
-0.004168,-0.013334,0.020110
-0.002126,-0.003727,0.020185
-0.000091,0.008012,0.021326
-0.001050,0.011280,0.013861
0.000904,0.011311,0.010642
0.004799,0.012408,0.007435
0.006690,0.013539,-0.000041
0.005666,0.011445,-0.005392
0.004613,0.007188,-0.007551
0.002632,0.005043,-0.005448
0.001603,0.000818,-0.011874
0.001569,-0.001320,-0.011881
0.000567,-0.002402,-0.008713
-0.001410,-0.006688,-0.007659
-0.002362,-0.012049,-0.005548
-0.001355,-0.015302,0.001881
-0.002292,-0.013188,0.004043
-0.004169,-0.011087,0.007284
-0.005103,-0.006861,0.012664
-0.003092,-0.000476,0.013809
-0.002056,0.002726,0.013834
0.001871,0.007007,0.011747
0.002851,0.014530,0.005395
0.003797,0.018857,0.000048
0.005666,0.021040,-0.005288
0.003602,0.025328,-0.006351
0.005441,0.026430,-0.009571
0.002396,0.022196,-0.013879
0.001330,0.004032,-0.010834
0.000386,-0.011003,-0.002345
0.001447,-0.024930,0.003956
-0.000399,-0.031319,0.000728
-0.000282,-0.029203,0.001841
-0.003150,-0.020683,0.005095
-0.005061,-0.009986,0.000932
-0.004086,0.002844,-0.001115
-0.003145,0.010326,-0.000037
-0.001235,0.014609,-0.002132
0.000683,0.012450,0.000004
0.003570,0.006072,-0.003251
0.003543,0.002857,-0.002196
0.003548,-0.000340,-0.003280
0.003542,-0.001408,-0.003286
0.001586,-0.001380,-0.005451
0.002560,-0.005642,-0.005503
0.000615,-0.004583,-0.004426
-0.000337,-0.006704,-0.004480
-0.000335,-0.004597,-0.002299
-0.001302,-0.003520,-0.002316
-0.001318,0.001780,0.000959
-0.002316,0.001789,0.000937
-0.002311,0.002884,-0.003312
-0.002318,0.002848,-0.000080
-0.000409,0.003961,-0.006466
0.000566,-0.001391,-0.005420
0.003494,-0.003547,-0.003290
0.001518,-0.003558,-0.002217
0.002492,-0.001381,-0.006494
0.001487,0.004975,-0.001089
-0.001497,0.009274,-0.004271
-0.001556,0.013545,-0.002150
-0.000619,0.018871,0.000010
-0.000703,0.022086,-0.001041
0.002161,0.018840,0.004278
0.001155,0.015643,0.003192
0.001121,0.011405,-0.001107
0.000134,-0.003537,-0.004364
0.000157,-0.014239,-0.002282
0.000210,-0.018538,0.000899
0.000274,-0.022762,-0.003436
0.001314,-0.019541,-0.005549
0.000355,-0.013113,-0.005563
-0.001595,-0.003530,-0.002290
-0.002583,0.005077,-0.007631
-0.002635,0.013572,-0.002219
-0.001739,0.016772,-0.001144
0.000187,0.009272,0.000964
0.002163,-0.002501,0.003047
0.003203,-0.015347,0.005138
0.002288,-0.021753,0.004046
0.003346,-0.017477,0.001971
0.001450,-0.011048,-0.000135
-0.000517,0.001773,-0.002162
-0.000545,0.010341,-0.004261
-0.002584,0.018913,-0.008464
-0.000731,0.019984,-0.008465
-0.001785,0.011382,-0.002091
0.000139,0.003906,-0.002140
0.002109,-0.004675,0.003134
-0.001777,-0.005741,0.004167
-0.003711,-0.002567,0.007403
-0.004661,0.005959,0.010639
-0.004678,0.016652,0.009626
-0.001741,0.021979,0.011786
0.001145,0.024149,0.008573
0.001074,0.018827,0.006404
0.002989,0.014581,0.004216
0.003942,0.008189,0.000997
0.003924,0.004970,0.002060
0.003901,-0.000368,0.000978
0.001959,-0.003523,-0.004400
0.000943,-0.000310,-0.006494
0.002847,-0.003488,-0.009722
0.000889,-0.007782,-0.007599
-0.001055,-0.007784,-0.007592
-0.001047,-0.013142,-0.005487
-0.000021,-0.017437,-0.002317
-0.000925,-0.017465,0.001940
-0.001826,-0.014331,0.010509
-0.003706,-0.008984,0.010523
-0.003635,0.000620,0.011648
-0.003623,0.013448,0.010652
-0.000699,0.020951,0.008539
0.001194,0.024179,0.005358
0.002101,0.027429,0.000029
0.004924,0.025319,-0.004235
0.003841,0.015751,-0.009639
0.004744,0.010419,-0.010740
0.002733,0.004005,-0.010763
0.003636,0.000859,-0.017210
0.000645,-0.004454,-0.018358
0.000596,-0.003427,-0.013015
-0.001388,-0.002393,-0.006646
-0.001368,-0.003517,-0.000233
-0.002333,-0.002464,0.001905
-0.004288,-0.002479,0.004034
-0.003279,-0.002511,0.006209
-0.002277,-0.003569,0.003039
-0.000295,-0.002540,0.006284
-0.000319,0.000705,-0.000077
0.000652,0.000750,-0.006466
0.000619,0.003964,-0.007519
-0.000415,0.006101,-0.008552
-0.000466,0.007188,-0.011732
-0.000516,0.005021,-0.006437
0.000458,-0.004619,-0.003287
0.001498,-0.014289,0.005173
0.000614,-0.022863,0.009382
0.000785,-0.025001,0.009371
0.000923,-0.020742,0.011524
-0.000956,-0.013257,0.010498
-0.000904,0.000677,0.005226
-0.003857,0.015631,0.004269
-0.003929,0.026372,-0.002097
0.000847,0.029572,-0.002067
0.002698,0.025320,-0.004237
0.004544,0.018966,-0.011738
0.004449,0.010420,-0.009694
0.002432,0.002949,-0.010800
0.000383,0.004020,-0.010801
-0.002612,0.004015,-0.009742
-0.003659,0.011460,-0.006478
-0.001814,0.024286,-0.005378
-0.000966,0.018978,-0.009676
-0.002953,0.010357,-0.001163
-0.000991,-0.003602,0.008357
0.000063,-0.016477,0.012615
0.002178,-0.026084,0.010449
0.002308,-0.032499,0.010428
0.000489,-0.027143,0.007281
-0.001370,-0.014310,0.005228
-0.001351,0.003858,0.002172
-0.002387,0.017792,-0.004147
-0.001489,0.027401,-0.001989
0.000340,0.029596,-0.008404
0.000226,0.028532,-0.008421
-0.000857,0.021039,-0.005287
0.003001,0.011429,-0.003260
0.003950,-0.001383,-0.002304
0.004960,-0.009896,-0.005576
0.004006,-0.010973,-0.004514
0.000134,-0.012014,-0.007729
0.000150,-0.016272,-0.008835
-0.001786,-0.014194,-0.002397
-0.000756,-0.012052,-0.004491
-0.000775,-0.006762,0.000903
-0.002755,0.002874,-0.002237
-0.003736,0.009229,0.004216
-0.004767,0.012395,0.007473
-0.003777,0.009163,0.010664
-0.000834,0.006004,0.005293
0.002131,0.001731,0.005269
0.003126,0.001714,0.006362
0.003108,0.001756,-0.000023
0.002155,0.000711,-0.002180
0.001167,0.000725,-0.004308
-0.001775,-0.001404,-0.004341
-0.001785,0.000720,-0.002205
-0.001790,0.001773,-0.000067
-0.001794,0.001734,0.004217
-0.002747,0.002795,0.006331
-0.001760,0.003838,0.008495
-0.002706,0.003829,0.009567
-0.000730,0.001669,0.011706
-0.001671,0.000589,0.012779
-0.000669,-0.003670,0.010627
0.002339,-0.012180,0.006300
0.002415,-0.020694,0.004078
0.004480,-0.022801,0.000849
0.004542,-0.018493,-0.003402
0.003603,-0.009932,-0.004436
0.001634,0.005052,-0.007563
-0.000381,0.014666,-0.006463
-0.000481,0.023194,-0.004277
0.000362,0.033904,-0.006380
0.001204,0.034999,-0.008536
0.001045,0.036102,-0.012806
0.001867,0.029698,-0.012855
0.000743,0.022215,-0.012884
0.000646,0.015784,-0.009727
0.002512,0.008334,-0.014022
0.001464,-0.003398,-0.017274
0.001467,-0.017361,-0.007743
0.001538,-0.028101,-0.001377
0.000663,-0.032344,-0.005665
-0.001219,-0.024883,-0.003488
-0.003122,-0.019554,-0.002380
-0.006008,-0.005697,0.000916
-0.006021,0.003866,0.007380
-0.003086,0.006066,-0.000093
-0.000130,0.009215,0.005294
0.000849,0.004951,0.004201
0.000838,0.001752,0.003123
0.001863,-0.006759,-0.001200
0.002889,-0.008891,-0.002268
0.001950,-0.009969,-0.000157
0.000953,-0.002421,-0.008664
-0.000027,-0.002389,-0.012930
-0.001990,-0.000300,-0.006519
-0.002032,-0.000266,-0.009744
-0.000105,-0.002387,-0.010845
-0.000116,0.000784,-0.006554
-0.000162,-0.001366,-0.003393
-0.002108,-0.007771,-0.003442
-0.000120,-0.011006,-0.000246
-0.002034,-0.013142,0.000788
0.000951,-0.013130,-0.001334
-0.000931,-0.015254,-0.003470
-0.000907,-0.016334,-0.001353
0.001091,-0.012035,-0.004536
0.000119,-0.001373,-0.004422
0.001049,0.004010,-0.010775
0.000990,0.010393,-0.008579
-0.001043,0.013607,-0.009632
-0.002093,0.010382,-0.007503
-0.001150,0.002871,-0.003277
-0.000187,-0.002473,-0.001207
-0.000155,-0.004650,0.003069
-0.000100,-0.012182,0.008398
-0.000025,-0.005778,0.008448
-0.001945,0.000666,0.005257
-0.001960,0.010297,0.003176
0.000937,0.016740,-0.000014
-0.000110,0.023162,-0.002102
0.002719,0.025335,-0.007414
0.002587,0.022167,-0.010663
0.003462,0.014708,-0.012845
0.003421,0.000812,-0.011856
0.002445,-0.013102,-0.008728
0.001527,-0.024853,-0.008792
0.000608,-0.027010,-0.006661
-0.001301,-0.021653,-0.007716
-0.003239,-0.015244,-0.008725
-0.003236,-0.006686,-0.009755
-0.005174,-0.004605,-0.003324
-0.004207,-0.002498,0.000950
-0.001260,0.002854,-0.000095
-0.000267,0.000696,0.003085
0.000722,0.002830,0.003105
0.000714,0.001789,-0.000109
0.000693,0.004984,0.000981
0.001636,0.007155,-0.004328
0.000608,0.010377,-0.006447
0.003498,0.002934,-0.010762
0.002496,0.000804,-0.010790
0.000509,-0.007718,-0.012994
0.000507,-0.010967,-0.007666
-0.000467,-0.013116,-0.005554
-0.000434,-0.012033,-0.007678
-0.002359,-0.008887,-0.001232
-0.003292,-0.003553,-0.001182
-0.002319,-0.009982,0.000924
-0.000292,-0.003599,0.003119
-0.001292,0.000688,0.001015
-0.001299,0.008198,-0.002164
-0.003317,0.012471,-0.002140
-0.000430,0.017786,0.001096
0.000436,0.022078,0.000025
0.000363,0.023141,0.001092
0.001292,0.018890,-0.000037
0.000284,0.011359,0.006336
0.000286,0.001743,0.007331
0.002294,-0.006788,0.004107
0.002362,-0.009992,0.003041
0.002383,-0.011027,-0.000189
-0.000539,-0.008878,-0.002300
-0.002502,-0.000316,-0.004387
-0.000572,0.003957,-0.004363
-0.000605,0.009275,-0.001137
-0.000650,0.011415,-0.000088
-0.000706,0.016763,-0.000075
0.000226,0.015698,-0.001134
0.000158,0.015698,-0.000088
0.001089,0.011453,-0.004369
0.002039,0.008234,-0.002258
0.001962,0.007194,-0.007565
0.000926,0.006132,-0.008633
0.002825,-0.002388,-0.011887
0.001829,-0.008808,-0.010852
-0.001123,-0.010964,-0.008722
-0.000113,-0.014197,-0.004479
-0.003014,-0.012098,-0.000188
-0.002953,-0.013187,0.002997
-0.001942,-0.004637,0.000943
-0.001924,0.003871,0.005276
-0.001944,0.012435,0.003186
-0.000014,0.017745,0.006432
-0.002017,0.018829,0.003261
-0.002085,0.016676,0.004335
-0.001162,0.015654,0.002117
-0.001207,0.016698,0.004279
-0.000290,0.016735,0.001045
-0.000336,0.012452,0.003139
-0.000322,-0.001464,0.006274
0.000724,-0.014317,0.009427
0.002806,-0.023918,0.008293
0.000959,-0.026090,0.011509
0.001073,-0.023930,0.007278
-0.001763,-0.016462,0.007346
-0.003687,-0.004740,0.008533
-0.003665,0.002763,0.007465
-0.003640,0.009185,0.005377
-0.000740,0.005975,0.007463
0.001256,0.002743,0.010653
0.002316,-0.002610,0.012744
0.003321,-0.006850,0.009496
0.002414,-0.002549,0.006312
0.000492,0.002775,0.007431
0.001425,0.013520,0.001055
0.000405,0.013562,-0.003238
0.000365,0.010328,0.001003
0.001336,0.000709,0.002007
0.001384,-0.012098,0.000857
0.001477,-0.024975,0.008257
0.001642,-0.033549,0.010374
-0.000166,-0.032473,0.009313
-0.002014,-0.022876,0.010458
-0.003904,-0.010027,0.007314
-0.002901,0.006003,0.006343
-0.004906,0.016701,0.004270
0.000906,0.026332,0.002189
0.003771,0.026374,-0.002104
0.003655,0.025308,-0.003161
0.002595,0.018907,-0.003220
0.002525,0.012476,-0.001107
0.002455,0.008265,-0.008612
0.000460,0.007169,-0.005411
0.000392,-0.000285,-0.007606
-0.002516,-0.014185,-0.004513
-0.000492,-0.018514,0.003976
-0.001352,-0.027121,0.011407
0.000741,-0.024951,0.007149
-0.003063,-0.019616,0.007194
-0.004946,-0.006827,0.010481
-0.004947,0.004946,0.006310
-0.003990,0.014552,0.006384
-0.001084,0.020981,0.003232
0.001773,0.020991,0.001113
0.004628,0.015635,0.003212
0.003636,0.009270,-0.001121
0.001662,0.001804,-0.002241
0.000695,-0.004600,-0.002290
0.001703,-0.009956,-0.000191
0.000785,-0.015304,0.001887
0.000830,-0.015297,0.001871
-0.001045,-0.011034,0.001922
-0.001014,-0.007868,0.006222
-0.001956,-0.003554,0.000912
-0.001930,-0.002547,0.007353
-0.002887,0.002814,0.005238
-0.002909,0.006027,0.004191
-0.000978,0.011334,0.007447
-0.002943,0.012411,0.006383
-0.002016,0.017750,0.005373
-0.002074,0.017757,0.004308
-0.001140,0.013461,0.007481
0.001781,0.009215,0.006343
-0.000153,-0.004698,0.009469
-0.000024,-0.019686,0.014698
0.001097,-0.026092,0.013607
0.001247,-0.027144,0.011466
0.001365,-0.015371,0.009383
0.000442,-0.008979,0.011558
-0.001494,0.003900,0.003107
-0.000555,0.013518,0.002105
0.001336,0.022094,-0.001062
0.001246,0.023170,-0.003170
0.002133,0.015688,-0.001108
0.001126,0.011423,-0.002197
0.001051,0.009291,-0.002222
0.000045,0.006068,0.000946
0.000012,0.006059,0.002015
-0.000011,0.012512,-0.003292
-0.001055,0.015723,-0.004336
0.000830,0.011469,-0.006503
-0.000186,0.009285,-0.000116
0.001766,0.000750,-0.001238
0.000802,-0.006737,-0.000209
0.002802,-0.011007,-0.001289
0.000880,-0.013154,-0.000228
-0.001022,-0.012088,-0.000214
-0.001000,-0.006751,-0.000173
-0.001025,-0.000304,-0.005463
-0.001055,0.009302,-0.005389
-0.002105,0.011440,-0.005381
-0.002130,0.009274,-0.001132
-0.002152,0.005014,-0.003280
-0.000215,-0.003545,-0.002250
0.001784,-0.014233,-0.002295
0.001865,-0.020678,0.002990
0.001945,-0.018551,0.004071
-0.000922,-0.015310,-0.000189
-0.000887,-0.004650,0.002023
-0.001846,0.002832,0.002054
-0.001868,0.007148,-0.002218
-0.000920,0.011391,0.001021
0.000039,0.009297,-0.003285
0.001963,0.003974,-0.005455
0.000956,0.002901,-0.004399
0.001925,-0.004550,-0.006604
0.000947,-0.004548,-0.007654
0.001886,-0.002405,-0.008706
0.000876,-0.000254,-0.009776
0.000843,0.000822,-0.010837
-0.001172,0.005105,-0.011884
-0.001222,0.002928,-0.007607
-0.002226,-0.000296,-0.004438
-0.001256,-0.003498,-0.004463
-0.000263,-0.004579,-0.004438
-0.001252,-0.004598,-0.003342
-0.003200,-0.002488,-0.001170
-0.000280,0.000702,-0.000067
-0.001283,0.001788,-0.003245
-0.000319,0.000723,-0.004304
-0.000303,-0.005707,-0.001150
-0.000243,-0.007878,0.002067
-0.002140,-0.013195,-0.000120
-0.001101,-0.011134,0.008455
-0.001031,-0.008968,0.005255
-0.001964,-0.002559,0.004245
-0.001949,0.004918,0.004291
0.000967,0.011375,0.000021
0.001905,0.011407,-0.002158
0.002825,0.012505,-0.005365
0.002763,0.013644,-0.012865
0.002693,0.010449,-0.012908
0.002602,0.007251,-0.013990
0.000584,0.001868,-0.007637
-0.000421,0.000819,-0.007693
-0.001456,0.000825,-0.008753
-0.000482,-0.007713,-0.009869
-0.001422,-0.009944,-0.000222
-0.002389,-0.012068,-0.002358
-0.000405,-0.011020,-0.001254
-0.001377,-0.008866,-0.005469
-0.001387,-0.009934,-0.005477
-0.003320,-0.004627,-0.001173
-0.001374,0.002824,0.001031
-0.001406,0.003932,-0.003251
0.001554,-0.002472,-0.003300
-0.000386,-0.001477,0.005264
-0.000354,-0.004683,0.005248
0.002644,-0.008914,-0.000115
0.002699,-0.013236,0.004172
0.001774,-0.007896,0.005252
-0.001094,-0.005770,0.006337
-0.001074,0.004948,0.003167
-0.003081,0.014547,0.005352
-0.004109,0.024177,0.003272
-0.003215,0.027380,0.003297
-0.000345,0.028450,0.004343
0.000553,0.020999,0.002138
0.002473,0.007098,0.005234
0.001502,-0.004631,0.001973
0.001540,-0.014280,0.006193
0.000665,-0.022811,0.005059
-0.000223,-0.024947,0.005047
0.000832,-0.018532,0.002977
-0.001076,-0.008857,-0.003403
-0.003074,0.001833,-0.004408
-0.001152,0.008211,-0.001152
-0.001197,0.014584,0.003163
-0.002227,0.013532,0.001021
-0.000302,0.013546,-0.001107
0.001598,0.009251,0.002065
0.000619,0.004929,0.006352
0.001607,0.004946,0.005262
0.001588,0.006057,-0.000073
0.001561,0.011441,-0.005382
0.001497,0.009336,-0.008614
0.000494,0.008301,-0.012890
-0.000562,0.005064,-0.008640
-0.000598,-0.000284,-0.007607
0.001358,-0.004580,-0.004434
-0.000604,-0.007768,-0.007634
-0.002537,-0.008867,-0.003376
-0.002514,-0.006782,0.003046
-0.002531,-0.002506,0.003061
-0.003487,0.003900,0.003107
-0.002533,0.001769,0.003081
-0.003500,0.001753,0.004168
-0.001521,0.000674,0.005237
-0.000532,0.001720,0.006346
-0.001479,-0.002538,0.003143
0.000474,-0.003604,0.002089
0.000502,-0.005727,0.000995
-0.000455,-0.003581,-0.001111
0.001524,-0.003539,-0.005404
0.003498,-0.000361,-0.001131
0.000544,0.001809,-0.003297
0.000532,0.005000,-0.001155
0.000494,0.008229,-0.002244
-0.000515,0.009297,-0.002237
0.002390,0.005052,-0.004426
-0.000573,0.004017,-0.006611
-0.000617,0.000801,-0.004507
0.001314,-0.002393,-0.005600
-0.000648,-0.003446,-0.007737
0.000301,-0.002388,-0.007703
-0.001704,0.001874,-0.007652
-0.001749,0.003983,-0.006520
-0.000828,0.010380,-0.006453
-0.001897,0.012518,-0.006445
-0.002942,0.014630,-0.003231
-0.003014,0.014611,-0.001091
-0.001127,0.012439,0.002126
-0.001145,0.018816,0.006431
-0.002216,0.044387,0.015116
-0.004342,0.024267,-0.007419
-0.000403,0.013530,-0.001062
0.000544,0.001713,0.008455
0.000572,-0.006814,0.005219
0.003594,-0.013199,0.001981
0.003649,-0.022826,0.004054
-0.000177,-0.026031,0.004036
-0.000040,-0.020701,0.004096
-0.001933,-0.014280,0.003056
-0.000894,-0.005720,0.003068
0.000115,-0.000373,0.002037
-0.000854,0.006036,0.003119
-0.000890,0.008187,0.003094
0.000063,0.014605,0.003108
0.000985,0.015679,0.003099
-0.000043,0.017819,0.002056
-0.000116,0.017886,-0.004395
0.001766,0.014703,-0.007608
0.001675,0.014721,-0.008699
0.000644,0.006144,-0.006574
-0.000379,-0.005597,-0.008757
-0.000358,-0.018457,-0.005586
0.000702,-0.027042,-0.002394
0.000776,-0.025974,-0.004478
-0.002105,-0.018492,-0.006540
-0.003087,-0.011052,-0.002216
-0.006991,0.003835,0.006415
-0.004086,0.014508,0.008590
-0.003138,0.024154,0.007518
-0.000236,0.025195,0.010733
0.003655,0.017757,0.006402
0.004649,0.006007,0.007380
0.004663,-0.002523,0.005197
0.004706,-0.013191,0.001963
0.003787,-0.015288,-0.004429
0.001868,-0.015270,-0.006566
-0.001074,-0.007768,-0.009723
-0.005058,0.005056,-0.010710
-0.005132,0.015717,-0.007459
-0.003288,0.021044,-0.007391
-0.004363,0.025294,-0.003122
-0.002488,0.024165,0.004351
-0.002535,0.016658,0.007521
-0.000596,0.007037,0.009575
-0.000528,-0.011138,0.012651
0.001578,-0.028195,0.010373
0.002686,-0.033544,0.010359
0.003805,-0.028138,0.002901
0.002892,-0.021709,0.001841
0.000984,-0.009882,-0.007705
-0.000021,0.002919,-0.005491
-0.002027,0.011484,-0.006539
-0.002060,0.009325,-0.004402
-0.000139,0.003937,-0.001174
0.000882,-0.014192,-0.002402
0.002950,-0.030229,-0.001412
0.000153,-0.040971,0.004959
0.000313,-0.039907,0.004976
-0.000489,-0.035605,0.001787
-0.002364,-0.017418,-0.002366
-0.005292,0.001848,-0.006537
-0.004407,0.023220,-0.008528
-0.002601,0.034966,-0.008450
-0.000824,0.040284,-0.007313
0.000021,0.028525,-0.006311
0.000920,0.016763,-0.004255
0.001874,-0.000340,-0.002232
0.001910,-0.017464,0.001938
0.002029,-0.022805,0.003998
0.000169,-0.026007,0.003974
-0.002657,-0.022797,0.003979
-0.001619,-0.014272,0.006173
-0.000607,-0.004628,0.003013
-0.000564,0.000716,0.003036
0.000402,0.003942,-0.001188
-0.000567,-0.000315,-0.004391
0.002389,-0.009876,-0.008765
0.001457,-0.015269,-0.004477
-0.000463,-0.017403,-0.005543
0.000564,-0.019502,-0.009834
-0.000370,-0.021631,-0.009864
-0.000315,-0.012034,-0.008721
-0.000364,-0.002373,-0.012972
-0.000399,0.008327,-0.016096
0.000487,0.008338,-0.017169
-0.001557,0.006198,-0.016126
-0.001628,-0.000246,-0.010843
0.001276,-0.002367,-0.012987
0.002208,-0.003452,-0.010856
0.002227,-0.010933,-0.009845
0.002242,-0.017359,-0.008792
0.000311,-0.017403,-0.005540
-0.001620,-0.012062,-0.005510
0.000357,-0.010972,-0.008699
-0.000626,-0.003483,-0.010777
-0.000676,-0.001352,-0.010752
0.000249,-0.001357,-0.008646
0.000237,-0.003508,-0.007576
-0.003669,-0.007817,-0.003320
-0.001692,-0.014211,-0.003397
-0.000669,-0.016377,-0.000198
-0.001592,-0.012102,0.000867
-0.002520,-0.011032,0.000871
-0.001458,-0.007829,0.001937
-0.001424,-0.003570,0.004090
-0.000417,-0.005710,0.003041
-0.000350,-0.006785,0.003053
0.000664,-0.007838,0.000916
0.000704,-0.006751,-0.002263
-0.001228,-0.005693,-0.001186
-0.001222,-0.001377,-0.006503
-0.001227,0.003960,-0.006462
-0.002281,0.008251,-0.007533
-0.001343,0.005095,-0.011860
-0.002326,0.001855,-0.006556
-0.001370,-0.002420,-0.005529
-0.002336,-0.004569,-0.004461
-0.002350,-0.007786,-0.002357
-0.000344,-0.013134,-0.003417
-0.000308,-0.009916,-0.004479
-0.000317,-0.003471,-0.009764
-0.001376,0.004024,-0.012904
-0.000464,0.008303,-0.013941
0.001404,0.013621,-0.010712
0.001301,0.015772,-0.012831
0.000200,0.015768,-0.010729
0.000117,0.014694,-0.010719
0.000999,0.014683,-0.008599
-0.000063,0.012580,-0.011834
0.000849,0.011482,-0.008627
-0.000228,0.007213,-0.009709
-0.000238,0.000744,-0.002268
-0.003172,-0.004603,-0.002283
-0.004130,-0.007789,-0.003395
-0.003123,-0.006765,0.000912
-0.003113,-0.004604,-0.002278
-0.004078,0.003883,0.004199
-0.003111,0.008147,0.005292
-0.004106,0.017738,0.006451
-0.002193,0.019871,0.007518
-0.002239,0.021962,0.012877
0.001624,0.015596,0.008543
0.002601,0.015609,0.006421
0.002574,0.009250,-0.000023
0.003535,0.001751,0.001036
0.000637,-0.001423,-0.001153
0.001585,-0.003586,0.002042
0.001586,-0.002473,-0.002252
0.002546,0.000778,-0.007583
0.001547,0.007192,-0.007560
-0.000494,0.010394,-0.006489
-0.001551,0.016809,-0.006467
-0.002627,0.022142,-0.004324
0.000166,0.025370,-0.007506
-0.000913,0.023210,-0.004317
-0.001965,0.016832,-0.007573
-0.001080,0.016826,-0.007556
0.000814,0.006124,-0.005474
0.000757,0.000801,-0.007643
0.000736,-0.000307,-0.004409
0.000677,0.002934,-0.008669
-0.001328,0.008269,-0.007577
0.000545,0.015765,-0.010721
-0.001526,0.016832,-0.010712
-0.002600,0.015736,-0.007507
-0.002637,0.010336,-0.001109
-0.001691,0.003928,-0.000101
-0.002655,-0.002540,0.006289
-0.003564,-0.005770,0.008428
-0.001574,-0.007880,0.006256
-0.002482,-0.005750,0.006283
-0.002462,-0.000399,0.006288
-0.001447,0.000677,0.006275
-0.000440,-0.002502,0.003054
0.000556,-0.007869,0.006226
0.002623,-0.020697,0.007223
0.001789,-0.027091,0.006100
0.001928,-0.032424,0.003957
0.002074,-0.031338,0.000780
0.003148,-0.024916,-0.001308
0.002184,-0.009936,-0.005470
-0.000749,0.003959,-0.006458
-0.002786,0.017876,-0.008548
-0.004874,0.027470,-0.005304
-0.005969,0.030653,-0.002092
-0.006073,0.030594,0.005380
-0.002244,0.023106,0.007457
-0.001312,0.016698,0.007417
-0.001341,0.009159,0.014857
0.000666,0.000622,0.013740
0.000726,-0.006871,0.014781
0.003747,-0.010043,0.009448
0.002808,-0.008937,0.004128
0.003808,-0.006755,-0.001208
0.003843,-0.002457,-0.004387
0.002845,0.000780,-0.008637
-0.000132,0.002901,-0.006492
-0.001136,0.005052,-0.007563
-0.002141,0.006126,-0.007570
-0.000215,0.001837,-0.004415
-0.003145,-0.009912,-0.004487
-0.002082,-0.015326,0.004039
-0.002028,-0.018506,0.001865
-0.002921,-0.015329,0.004045
-0.004812,-0.013200,0.005123
-0.004773,-0.003572,0.003050
-0.003779,-0.003586,0.005178
-0.001812,0.001779,0.000962
-0.000842,0.004960,0.004182
0.001101,0.007121,0.000992
0.003041,0.002859,0.000940
0.000092,0.005004,-0.001162
0.001025,0.010376,-0.005396
-0.000007,0.009307,-0.006446
-0.000049,0.003962,-0.006466
-0.000054,0.001795,-0.002217
0.000897,0.000722,-0.002209
-0.000083,-0.006727,-0.005463
-0.000043,-0.015335,0.001970
-0.000955,-0.014331,0.008418
-0.002848,-0.013257,0.009456
-0.004695,-0.013276,0.010552
-0.003620,-0.012233,0.012713
-0.001565,-0.014368,0.014788
-0.000488,-0.011202,0.018049
-0.003290,-0.007967,0.014849
-0.001256,-0.004733,0.010607
-0.000196,-0.002627,0.012788
-0.001163,0.002734,0.010677
-0.001165,0.011294,0.008597
-0.003139,0.019866,0.006486
-0.003214,0.023096,0.004346
-0.003299,0.026273,0.007574
0.000542,0.025202,0.009666
-0.000486,0.020886,0.013938
-0.000500,0.012316,0.019180
-0.001448,0.008023,0.020254
0.000542,0.004803,0.022366
-0.000384,0.004845,0.018076
-0.001339,0.010212,0.014902
-0.000386,0.017732,0.009606
-0.000426,0.022022,0.007493
0.000444,0.026324,0.004304
0.000345,0.027421,-0.000995
0.001202,0.029547,0.000091
0.001078,0.028513,-0.003141
-0.000994,0.018850,0.002161
-0.001956,0.004918,0.006383
-0.000935,-0.012242,0.014828
0.000204,-0.028288,0.018980
0.001405,-0.036809,0.016777
-0.000357,-0.036848,0.021061
-0.000163,-0.028272,0.016845
-0.002978,-0.009001,0.011614
-0.003932,0.010248,0.008534
-0.004974,0.029505,0.003339
-0.000212,0.038088,0.000154
-0.002325,0.041335,-0.004123
0.000441,0.039193,-0.003073
0.001290,0.034897,0.000100
0.002119,0.028485,0.001115
0.003004,0.024240,-0.001074
0.002920,0.015727,-0.004347
-0.000060,-0.002441,-0.003382
0.001984,-0.017457,0.004011
0.001103,-0.026015,0.007133
0.001226,-0.030283,0.006049
0.001350,-0.028129,0.002878
0.000454,-0.021691,-0.000297
-0.003417,-0.010998,-0.001311
-0.006340,0.002907,-0.003369
-0.004433,0.014652,-0.003287
-0.000602,0.021077,-0.005387
-0.000704,0.022152,-0.007489
0.000167,0.017892,-0.008590
0.000101,0.007215,-0.010756
0.000077,-0.002438,-0.005480
0.000085,-0.015285,-0.003388
0.001119,-0.024917,-0.001307
0.000222,-0.025991,-0.001297
-0.002613,-0.021702,-0.003406
-0.001597,-0.011052,0.000924
-0.003532,0.000728,-0.002222
-0.003558,0.007098,0.003144
-0.002596,0.014565,0.004258
-0.000668,0.018836,0.005333
0.000288,0.017802,0.001056
0.003172,0.013520,0.002101
0.003130,0.012499,-0.003256
0.003083,0.011450,-0.007494
0.002985,0.015755,-0.012785
0.001871,0.018959,-0.013811
0.000732,0.024327,-0.015941
-0.001369,0.020057,-0.015974
-0.002468,0.012584,-0.016028
-0.000556,-0.005597,-0.011893
0.000474,-0.023799,-0.005612
0.000596,-0.036642,-0.000395
0.000738,-0.038807,0.002808
-0.001070,-0.032394,0.001789
-0.004887,-0.018521,0.001902
-0.003894,0.000736,-0.003293
-0.002989,0.019965,-0.003185
-0.000202,0.034981,-0.010578
0.000598,0.039289,-0.015876
0.000383,0.038222,-0.015884
0.000216,0.033961,-0.015939
0.001040,0.024337,-0.013876
-0.000067,0.016873,-0.015001
-0.000178,0.014723,-0.013930
-0.001256,0.007259,-0.014008
-0.003268,-0.002374,-0.010876
-0.003271,-0.011996,-0.009864
-0.002221,-0.020630,0.000775
-0.000157,-0.028142,0.003957
0.000975,-0.034587,0.007150
0.001112,-0.035628,0.003936
-0.001688,-0.028135,0.001847
-0.000634,-0.018523,0.002955
-0.001581,0.000695,0.004136
0.000355,0.015696,-0.002173
-0.001698,0.024266,-0.004280
0.001106,0.029653,-0.009599
0.000976,0.027478,-0.006373
0.001853,0.022182,-0.009659
0.001763,0.011507,-0.010783
-0.001220,0.007218,-0.010764
-0.004206,-0.005644,-0.004451
-0.004167,-0.015312,0.000864
-0.005038,-0.024980,0.006179
-0.003942,-0.026055,0.007235
-0.003821,-0.020768,0.012638
-0.004712,-0.014338,0.011576
-0.004593,-0.017577,0.014785
-0.006417,-0.018677,0.017996
-0.003358,-0.012271,0.019087
-0.001315,-0.004756,0.014849
0.001682,0.000609,0.012726
0.003655,0.006003,0.005298
0.002671,0.012455,0.002087
-0.000309,0.013552,-0.001121
0.000600,0.017859,-0.004321
0.004448,0.016810,-0.005424
0.003396,0.014700,-0.009688
0.003314,0.007255,-0.012954
0.002326,-0.001321,-0.009787
-0.000624,-0.006694,-0.005549
-0.000604,-0.020567,-0.005665
-0.001493,-0.027002,-0.002498
-0.002362,-0.028108,0.001778
-0.003240,-0.022748,-0.001377
-0.003177,-0.017427,0.001843
-0.007049,-0.006762,0.004038
-0.005095,0.007088,0.007352
-0.004131,0.014591,0.004192
-0.003207,0.023151,0.002111
0.001585,0.023174,-0.001085
0.001523,0.017823,-0.001091
0.002445,0.015685,-0.001098
0.002377,0.010357,-0.002208
0.002328,0.006087,-0.003285
0.002310,-0.000295,-0.006532
0.000361,-0.008855,-0.005499
0.001408,-0.015294,-0.001273
0.000485,-0.018498,-0.001292
0.000580,-0.021693,-0.001335
-0.002284,-0.019553,-0.002378
-0.002250,-0.014236,0.000851
-0.005123,-0.017431,0.000809
-0.004086,-0.006757,0.000891
-0.002134,0.000718,0.000938
-0.000206,0.007154,-0.003278
-0.000238,0.010365,-0.003275
0.001669,0.009311,-0.005412
-0.000344,0.009330,-0.007551
0.001571,0.009342,-0.008629
0.000521,0.007198,-0.007575
-0.000511,0.005054,-0.006523
-0.001497,0.003950,-0.002253
-0.001545,0.001831,-0.003357
-0.003493,-0.000315,-0.002297
-0.002512,0.000733,0.000899
-0.003492,-0.000375,0.004137
-0.001507,-0.000384,0.005205
-0.001517,0.002806,0.006306
-0.002483,0.002843,0.000980
-0.001492,-0.001450,0.002056
-0.002463,-0.003615,0.005255
-0.001473,-0.004662,0.001009
-0.001433,-0.007841,-0.002213
-0.000436,-0.007914,0.007392
-0.000382,-0.007891,0.004195
-0.000323,-0.005784,0.007421
-0.000303,-0.001481,0.004229
-0.001272,-0.002527,0.003120
0.000727,-0.000413,0.007375
0.001756,-0.003617,0.007353
0.000825,-0.000368,0.002025
0.000845,0.000745,-0.002268
-0.000147,-0.001381,-0.003353
0.000820,-0.000307,-0.004409
-0.002127,0.000780,-0.005497
-0.002156,0.000805,-0.006607
-0.003174,-0.000284,-0.004469
-0.003195,-0.003496,-0.003422
-0.004187,-0.003478,-0.005560
-0.004192,-0.002417,-0.004491
-0.002257,0.000731,0.000905
-0.003230,0.001771,0.004125
-0.000308,0.004943,0.007365
-0.001294,0.006030,0.003138
-0.000340,0.002796,0.005287
-0.001292,0.002789,0.005306
-0.002247,-0.001517,0.008506
-0.002181,-0.007905,0.006320
-0.000141,-0.016449,0.007314
-0.000031,-0.017534,0.008399
-0.000928,-0.013232,0.005207
0.000108,-0.008929,0.002016
-0.000834,-0.001471,0.004202
-0.000817,0.007095,0.001058
0.001077,0.014595,-0.001048
0.000049,0.021032,-0.003174
-0.001020,0.025322,-0.003196
-0.001138,0.025337,-0.003233
-0.001231,0.023198,-0.003241
-0.001303,0.010370,-0.000151
0.000658,0.000728,0.004050
0.001651,-0.006768,0.006146
0.001675,-0.006773,0.005114
-0.001231,-0.003579,0.007252
-0.002217,0.004941,0.008414
-0.003229,0.011379,0.006285
-0.003279,0.018891,0.001008
-0.001402,0.018880,0.001037
-0.000482,0.015657,0.003158
0.001427,0.007124,0.000985
0.001415,0.000753,-0.004381
0.001436,-0.003545,-0.002250
0.001453,-0.006756,-0.003298
0.000469,-0.012089,-0.004393
0.000518,-0.014194,-0.007625
-0.001390,-0.015289,-0.004425
-0.001319,-0.017436,-0.003364
-0.002236,-0.016363,-0.002323
0.001722,-0.014239,-0.000187
-0.002135,-0.005685,-0.000160
-0.003134,0.003944,-0.001190
-0.003159,0.013487,0.007417
-0.002191,0.018864,0.004216
-0.003229,0.018900,-0.001107
-0.000372,0.013563,-0.001149
0.001565,-0.002453,-0.002306
0.002560,-0.012077,-0.002335
0.001627,-0.019557,-0.001325
0.000703,-0.024881,-0.004536
-0.000201,-0.022750,-0.004507
-0.002124,-0.014208,-0.004450
-0.004081,-0.000325,-0.004362
-0.005093,0.006105,-0.007518
-0.003150,0.001817,-0.004365
-0.001185,-0.003554,0.000911
-0.000154,-0.004657,0.005179
0.000847,-0.004624,0.001955
-0.001075,-0.006753,0.001925
-0.001988,-0.009967,0.002978
-0.001952,-0.006760,0.002991
-0.000000,0.000753,-0.001244
-0.000010,0.002935,-0.007626
-0.000050,-0.000246,-0.011889
-0.000071,-0.003451,-0.010859
0.000867,-0.003441,-0.012978
-0.000138,-0.005567,-0.015109
-0.001171,-0.007713,-0.013006
-0.003127,-0.007731,-0.011910
-0.003162,0.001855,-0.009689
-0.002257,0.010402,-0.009647
-0.003317,0.010420,-0.011784
-0.001376,-0.004575,-0.007581
-0.003299,-0.011038,-0.000158
-0.002263,-0.014238,0.000857
0.000744,-0.020642,0.000807
-0.001115,-0.025989,0.000790
-0.001031,-0.022813,0.004021
-0.003866,-0.017477,0.006159
-0.002787,-0.013194,0.004063
-0.000780,-0.006764,0.001954
-0.000731,-0.008885,-0.000191
0.000294,-0.007804,-0.001263
-0.000680,0.000719,-0.000110
-0.001691,0.008209,-0.002187
-0.003711,0.016774,-0.005327
-0.003832,0.025305,-0.005242
-0.001047,0.035984,-0.004127
-0.002203,0.042416,-0.006239
-0.001421,0.045641,-0.009411
-0.001616,0.039235,-0.008412
-0.000786,0.024274,-0.006390
0.001127,0.002903,-0.003359
0.002137,-0.022744,-0.002434
0.002279,-0.036674,0.003875
-0.000486,-0.039917,0.007093
-0.001324,-0.039865,0.000682
-0.003143,-0.032409,0.001827
-0.004046,-0.015312,-0.000180
-0.004990,0.000702,-0.000065
-0.004066,0.013557,-0.005316
-0.002160,0.014610,-0.003180
-0.001261,0.016729,-0.001028
-0.000345,0.020960,0.005381
-0.000408,0.019915,0.004267
0.000527,0.023119,0.005333
0.002407,0.025296,0.001057
0.001324,0.025352,-0.005364
0.001215,0.026420,-0.006404
0.001094,0.021127,-0.011789
0.001038,-0.003402,-0.017262
0.004018,-0.020556,-0.009876
0.001094,-0.030191,-0.006738
-0.000777,-0.034474,-0.006735
-0.003611,-0.024884,-0.004528
-0.008460,-0.011059,0.003033
-0.009467,0.009215,0.005300
-0.007573,0.026303,0.005405
-0.005713,0.039078,0.010821
-0.003841,0.039069,0.011889
-0.001979,0.032649,0.013974
-0.000054,0.020927,0.010696
0.002875,0.010254,0.007470
0.003838,-0.000376,0.002043
0.003857,-0.009949,-0.002300
0.002913,-0.014208,-0.004452
0.001021,-0.021677,-0.004516
0.001088,-0.024870,-0.005609
-0.000772,-0.023791,-0.007724
-0.000756,-0.018486,-0.003417
-0.003650,-0.010999,-0.005490
-0.005564,-0.005685,-0.002252
-0.004593,0.003914,-0.000065
-0.004616,0.004949,0.004209
-0.003601,0.003867,0.006331
0.000327,0.002797,0.007374
0.000322,0.004964,0.004170
0.000319,0.008202,-0.000080
0.000255,0.013577,-0.004322
0.000158,0.016802,-0.005402
-0.000930,0.014736,-0.012918
-0.000980,0.012592,-0.011866
-0.001064,0.000822,-0.008743
0.001889,-0.013130,-0.001333
0.001018,-0.025943,-0.001421
0.001104,-0.031308,-0.001390
-0.000735,-0.031320,-0.000309
-0.003584,-0.022755,-0.003449
-0.003549,-0.013132,-0.004465
-0.004511,0.000768,-0.006513
-0.004589,0.017871,-0.007488
-0.003722,0.026413,-0.007431
-0.002890,0.027484,-0.007432
-0.002034,0.026420,-0.007450
-0.001138,0.015721,-0.005376
-0.001201,0.008225,-0.003278
-0.001182,-0.016347,-0.002363
-0.000056,-0.035613,0.001808
0.002060,-0.044202,0.008147
0.003225,-0.037759,0.003912
0.000407,-0.027081,0.002937
-0.002473,-0.007827,-0.000156
-0.003433,0.006070,-0.001150
-0.004484,0.018916,-0.004284
-0.001651,0.025321,-0.002146
0.000210,0.025352,-0.006412
-0.000837,0.013590,-0.004356
0.002070,-0.003513,-0.002333
0.000159,-0.013142,-0.000255
-0.000774,-0.016318,-0.003486
0.000228,-0.017390,-0.003482
-0.002661,-0.014207,-0.002362
-0.004618,-0.007817,-0.000185
-0.003629,-0.002457,-0.003340
-0.002669,0.002843,0.000983
-0.002660,0.004946,0.003173
-0.003645,0.003860,0.005304
-0.001644,-0.005786,0.006380
-0.000591,-0.006896,0.012757
-0.000531,-0.005819,0.009604
0.001490,-0.012206,0.006370
0.001603,-0.018604,0.006302
0.001708,-0.020732,0.005223
0.001785,-0.015407,0.008434
0.001880,-0.012160,0.004157
0.000965,-0.005711,0.000955
-0.002947,0.002825,0.003121
-0.002954,0.009238,0.004194
-0.001991,0.012450,0.005236
-0.000071,0.014601,0.004165
-0.000080,0.007159,0.000892
-0.000091,-0.003494,-0.001337
-0.001061,-0.009899,-0.002429
0.001908,-0.017360,-0.006698
0.000967,-0.021638,-0.005663
0.001010,-0.020560,-0.007774
-0.001904,-0.013113,-0.005561
-0.002895,-0.004556,-0.007633
-0.003927,0.005057,-0.007575
-0.003973,0.011409,-0.001113
-0.003043,0.013513,0.003164
-0.003095,0.020978,0.005332
-0.003136,0.023103,0.008513
-0.001220,0.027379,0.008528
-0.002264,0.025240,0.007479
-0.000368,0.024155,0.009608
0.001535,0.018834,0.005340
-0.000411,-0.001448,0.004142
0.000675,-0.028160,0.005054
0.002804,-0.043150,0.009240
0.002012,-0.044192,0.004983
-0.000755,-0.036673,-0.000312
-0.004576,-0.026000,0.000818
-0.005518,-0.012120,0.000916
-0.008403,-0.000409,0.007362
-0.004475,0.009194,0.009537
-0.003487,0.007055,0.010577
-0.001477,-0.003624,0.009462
-0.000409,-0.011173,0.016925
-0.000325,-0.009015,0.013745
0.000717,-0.007911,0.008429
-0.001203,-0.010000,0.002018
-0.000167,-0.014275,0.003044
-0.000097,-0.015358,0.006215
-0.000046,-0.006800,0.005185
-0.000952,-0.002514,0.004131
-0.000946,0.004944,0.006315
-0.002934,0.010318,0.003123
-0.005890,0.016718,0.003181
-0.003995,0.021007,0.002118
-0.003049,0.015653,0.004213
-0.000144,0.004972,0.004148
0.001888,-0.011068,0.006194
0.001988,-0.022790,0.002915
0.000116,-0.021735,0.002957
0.000170,-0.016405,0.003016
-0.002737,-0.005677,-0.002271
-0.003755,0.007145,-0.002208
-0.005780,0.023184,-0.004249
-0.004934,0.031726,-0.002099
-0.004080,0.040262,-0.002024
-0.001288,0.038122,-0.000981
-0.001412,0.027412,0.002169
-0.000483,0.017779,0.005300
0.000487,0.009220,0.006332
0.001447,-0.000362,0.002010
-0.000471,-0.004609,-0.003308
-0.001460,-0.007815,-0.003324
-0.001443,-0.006722,-0.005476
0.000499,-0.007772,-0.009714
-0.003407,-0.008865,-0.006517
-0.003390,-0.013175,-0.001215
-0.003353,-0.009985,0.000932
-0.004279,-0.010029,0.006275
-0.003264,-0.002555,0.007374
-0.005193,0.004933,0.006345
-0.003244,0.013433,0.010694
-0.003272,0.023070,0.007554
0.000547,0.029513,0.003319
0.002392,0.032762,-0.002009
0.002265,0.032761,-0.002007
0.001145,0.029577,-0.004169
-0.000907,0.016745,-0.003160
0.000047,-0.008886,-0.003322
0.001114,-0.021747,0.000895
0.000233,-0.033502,0.002933
-0.000610,-0.036743,0.007192
-0.003411,-0.031415,0.008302
-0.006202,-0.020730,0.009404
-0.006110,-0.006888,0.014828
-0.004107,0.008117,0.009555
-0.003131,0.017767,0.006377
0.000739,0.020972,0.006395
0.003641,0.015668,0.003130
0.003610,0.015674,0.002069
0.004509,0.012537,-0.005446
0.003468,0.010424,-0.007611
0.003427,0.002952,-0.007669
0.000431,-0.001288,-0.011962
0.001396,-0.006650,-0.009848
-0.001528,-0.017294,-0.014191
-0.000489,-0.021614,-0.008862
-0.003389,-0.022741,-0.003488
-0.003307,-0.022746,-0.002429
-0.006202,-0.015300,0.001881
-0.009130,-0.001435,0.004108
-0.010112,0.011368,0.006315
-0.010152,0.017778,0.005305
-0.006301,0.020954,0.007486
-0.002415,0.018785,0.009652
0.001472,0.016661,0.006470
0.001454,0.010278,0.002182
0.003385,0.003876,0.001082
0.002430,-0.002551,0.002137
0.001475,-0.007892,0.004199
0.001530,-0.011068,0.000968
0.002586,-0.009988,-0.000103
0.002640,-0.009996,0.002007
0.000744,-0.008900,0.000894
0.000797,-0.012075,-0.002337
-0.001120,-0.013120,-0.003449
-0.001093,-0.012061,-0.002372
-0.001045,-0.014194,-0.002394
-0.000028,-0.013109,-0.004524
-0.003956,-0.006680,-0.006633
-0.002015,0.001856,-0.006557
-0.005046,0.010400,-0.006504
-0.006113,0.023221,-0.007483
-0.006253,0.033863,-0.003134
-0.006402,0.034887,0.000126
-0.004589,0.039132,0.002315
-0.000806,0.030565,0.004414
-0.002847,0.025201,0.006535
-0.001913,0.015587,0.006479
-0.001945,0.003824,0.008536
-0.000904,-0.012204,0.010549
-0.000764,-0.025050,0.013684
0.000371,-0.029293,0.010445
