-0.001426,0.012931,-0.007954
-0.000413,0.017139,-0.001509
-0.000339,0.015998,0.005909
0.000714,0.012908,0.010069
0.000797,0.002220,0.012118
0.001797,-0.008462,0.013093
0.000807,-0.012731,0.013056
0.001740,-0.012713,0.010892
0.003660,-0.011561,0.002414
0.001664,-0.003013,0.001427
0.001591,0.007438,-0.079861
-0.015216,0.022757,-0.420656
-0.014949,0.017372,-0.316422
0.000981,0.011351,-0.046044
0.002018,0.010917,-0.004886
-0.002944,0.009889,-0.007982
0.000161,0.005570,-0.002701
-0.001325,-0.000852,-0.000614
-0.002107,0.000195,0.001524
-0.006016,0.002296,0.004719
-0.010005,0.004369,0.011103
-0.006795,0.004347,0.013218
-0.004156,-0.003051,0.005712
-0.002772,-0.009401,0.000351
-0.003303,-0.018941,-0.006091
-0.002932,-0.023146,-0.012495
-0.004564,-0.018794,-0.020987
-0.005378,-0.012446,-0.015647
-0.003246,-0.000772,-0.009185
-0.002088,0.009824,-0.001665
-0.002685,0.019355,0.005859
-0.003225,0.020392,0.009072
-0.002781,0.017160,0.012227
-0.000453,0.011795,0.015398
0.000793,0.007551,0.013245
0.001822,-0.004165,0.011034
0.000766,-0.014794,0.006711
0.002547,-0.020046,-0.001844
-0.000546,-0.015750,-0.005024
0.001316,-0.002958,-0.003879
0.000329,0.007703,-0.002753
-0.000548,0.018361,-0.001633
-0.000374,0.021528,0.001557
0.000795,0.022629,-0.001589
-0.000008,0.018330,0.001578
-0.002771,0.013017,-0.000570
-0.000739,-0.003029,0.003562
-0.000828,-0.013657,-0.000762
-0.001964,-0.022160,-0.003984
-0.002128,-0.025402,0.000259
-0.001282,-0.024280,-0.005037
-0.001385,-0.012562,-0.002798
-0.001395,0.003400,0.001579
-0.000278,0.020432,0.005972
-0.001046,0.034328,0.003956
0.003098,0.033217,0.008163
0.002364,0.023631,0.005965
0.004483,0.016193,0.002710
-0.001282,0.006621,-0.000571
-0.000371,-0.010421,-0.003903
-0.000512,-0.019993,-0.007171
0.001223,-0.022096,-0.010379
-0.003823,-0.012527,-0.007154
-0.003939,0.002392,-0.004894
-0.002939,0.010919,-0.003759
-0.001875,0.020491,-0.000499
-0.000718,0.026892,-0.000414
-0.002489,0.028952,0.007032
-0.002261,0.024638,0.012297
-0.000145,0.015002,0.015403
0.000942,0.004389,0.008938
0.001928,-0.005246,0.012051
0.001916,-0.012648,0.005604
0.000891,-0.015807,0.001332
0.001783,-0.011500,-0.002873
-0.000207,-0.005066,-0.006007
-0.001198,0.003484,-0.007015
-0.000196,0.013121,-0.010107
-0.000144,0.021601,-0.004712
-0.001015,0.029039,-0.001464
-0.002811,0.024721,0.003809
-0.001710,0.017187,0.010110
-0.000650,0.010815,0.006864
0.001346,0.001158,0.012079
-0.000568,-0.000988,0.013121
0.000432,-0.004180,0.012018
-0.000545,-0.004179,0.012025
0.000415,-0.001993,0.006725
0.002366,-0.002984,-0.000705
0.002365,-0.000786,-0.007052
0.001390,-0.000732,-0.012343
0.001368,0.000367,-0.015517
0.000375,0.002480,-0.013369
-0.002548,0.009896,-0.008006
-0.002516,0.014090,-0.000548
-0.003415,0.019395,0.002702
-0.001347,0.020409,0.008031
-0.002196,0.020345,0.014397
-0.001091,0.009675,0.014331
-0.001025,0.001203,0.007898
0.000904,-0.005102,-0.001715
0.000869,-0.008357,0.003548
0.000808,-0.008323,0.000371
0.001733,-0.009360,-0.002835
-0.000250,-0.007217,-0.003883
0.000670,-0.009309,-0.008146
0.000641,-0.010417,-0.003933
-0.001321,-0.006106,-0.008133
-0.000348,-0.006182,-0.000698
-0.002284,0.002365,-0.001691
-0.001286,0.014107,-0.001590
-0.000225,0.025802,0.002749
-0.001049,0.034318,0.004946
-0.000855,0.040668,0.010314
-0.001632,0.034274,0.009198
-0.000525,0.017243,0.004818
-0.000458,-0.000938,0.008917
-0.000490,-0.014800,0.007728
-0.001539,-0.022264,0.006603
-0.002626,-0.027577,0.004449
0.001145,-0.026485,0.002342
0.002983,-0.030753,0.002311
0.001907,-0.029666,0.000185
0.000832,-0.024224,-0.010393
-0.001210,-0.016680,-0.017769
0.000697,-0.002886,-0.010269
-0.001227,0.017335,-0.004814
-0.000122,0.028967,0.005905
0.000035,0.037525,0.003858
-0.002707,0.038562,0.007071
-0.000589,0.028961,0.007007
-0.000448,0.022581,0.004850
0.000583,0.007659,0.002606
0.001558,-0.001944,0.002536
0.000531,-0.009377,-0.000693
-0.000537,-0.009356,-0.002822
0.001349,-0.004015,-0.003849
0.001354,0.008779,-0.002690
0.000433,0.018365,-0.000513
-0.000420,0.033269,0.002752
-0.001195,0.039666,0.002795
0.000936,0.038597,0.002765
-0.000854,0.035420,0.000629
-0.000704,0.031130,0.002713
-0.001584,0.019362,0.005829
-0.001531,0.009782,0.003657
-0.001525,-0.000876,0.002531
-0.001549,-0.003074,0.008885
-0.001547,-0.006261,0.007816
0.000382,-0.008397,0.007784
0.000377,-0.006241,0.005666
-0.000562,0.004374,0.011030
-0.001435,0.016151,0.006854
-0.000341,0.025712,0.011168
0.001777,0.027880,0.008003
0.000939,0.023653,0.003715
0.000073,0.017282,0.000490
0.001091,0.006644,-0.002772
0.000102,-0.009393,0.000299
0.001014,-0.025333,-0.006158
-0.001082,-0.033850,-0.008369
-0.003234,-0.033828,-0.010484
-0.002447,-0.023271,0.001287
-0.003454,-0.003104,0.012053
-0.000444,0.012881,0.014315
0.000685,0.025695,0.013338
-0.001078,0.028871,0.015461
0.001056,0.029960,0.013348
0.001233,0.021481,0.007974
0.002294,0.007706,-0.001682
0.002281,-0.000781,-0.007068
0.002197,-0.010351,-0.010300
0.001107,-0.012506,-0.008183
-0.000932,-0.007151,-0.010286
0.000980,0.004511,-0.002763
0.000027,0.010904,-0.001632
-0.000875,0.012998,0.002630
-0.001766,0.016179,0.004787
-0.002627,0.016157,0.006895
-0.001560,0.012966,0.005806
-0.000515,0.008705,0.004723
-0.000480,0.002314,0.003620
0.000500,-0.004099,0.004625
0.001429,-0.008345,0.002479
0.001387,-0.011499,-0.001780
0.000352,-0.014689,-0.002862
0.001271,-0.007180,-0.007061
-0.000697,0.000321,-0.010193
-0.001675,0.006606,0.001513
-0.000652,0.011962,-0.000576
-0.001557,0.015131,0.002635
-0.001492,0.011941,0.001560
0.000519,0.004431,0.005730
-0.001426,-0.002963,-0.001748
-0.003385,-0.000854,0.000387
-0.001430,0.004407,0.007854
0.001531,0.008654,0.010006
0.000639,0.007609,0.007888
-0.000282,0.005552,0.000456
-0.001249,0.001294,-0.000635
-0.001255,0.002363,-0.000634
-0.003170,0.007643,0.004690
-0.001173,0.006605,0.001485
-0.000177,0.008731,0.002585
-0.000138,0.010820,0.006834
0.000897,0.006552,0.006804
0.002907,0.005484,0.006795
0.000987,0.003424,-0.000651
0.001006,0.004512,-0.002763
0.002004,0.005577,-0.002775
0.001038,0.001282,0.000384
0.002020,-0.000818,-0.002797
0.002017,-0.004031,-0.001771
-0.000951,-0.007145,-0.010252
-0.001990,-0.006079,-0.010250
-0.002044,-0.000809,-0.003858
-0.001084,0.001243,0.004669
-0.000089,0.008693,0.006877
0.000946,0.009768,0.005812
0.001019,0.008765,-0.000556
0.002040,0.007658,0.003678
0.000145,0.004487,0.000453
-0.001780,0.003440,-0.001699
-0.000811,0.000260,-0.003842
-0.000829,0.002394,-0.003831
-0.001819,0.003461,-0.003828
-0.001815,-0.000808,-0.003844
-0.000870,-0.004052,0.000379
-0.000880,-0.000842,-0.000660
-0.001831,0.004472,0.001494
-0.001817,0.003397,0.002552
-0.000801,0.006579,0.004723
-0.000749,0.005461,0.010032
0.001226,-0.003053,0.007856
0.003194,-0.001924,0.001464
0.001243,0.001285,0.000390
0.002215,0.006641,-0.001650
0.001262,0.007653,0.003637
0.000348,0.008710,0.004700
0.001362,0.003461,-0.003814
-0.001553,-0.006121,-0.006013
0.000319,-0.013556,-0.009234
-0.001709,-0.017881,-0.003972
-0.001799,-0.017870,-0.005026
-0.002858,-0.012566,-0.001818
-0.002907,-0.006206,0.002482
-0.001923,0.006525,0.009999
-0.000841,0.018198,0.016454
-0.001664,0.020361,0.013277
-0.000543,0.020392,0.010087
-0.000426,0.012956,0.006838
-0.000357,0.007622,0.006812
-0.001311,0.000160,0.005701
0.001594,-0.015783,-0.000805
0.000519,-0.026459,0.000182
0.000393,-0.027535,0.001262
-0.000711,-0.029689,0.003365
-0.002741,-0.019052,0.006613
-0.002742,-0.007414,0.016245
0.000239,0.005367,0.018444
-0.000619,0.011773,0.018485
0.003388,0.007547,0.014211
0.002498,0.005470,0.008915
0.002527,0.000134,0.008868
0.002521,-0.009406,0.002446
0.003421,-0.025348,-0.004039
0.003303,-0.028452,-0.013581
0.003132,-0.030553,-0.016775
0.000017,-0.021974,-0.020959
0.001838,-0.007079,-0.016612
-0.002086,0.015230,-0.006894
-0.001016,0.033274,0.002792
-0.001801,0.047106,0.007143
-0.000597,0.049259,0.005005
-0.000375,0.040714,0.006019
-0.001194,0.030043,0.005933
-0.003054,0.012990,0.003662
-0.001077,0.000217,0.000374
0.000832,-0.014707,-0.000791
-0.000245,-0.024279,-0.004058
-0.000368,-0.026407,-0.005144
0.000476,-0.019025,0.003375
0.001435,-0.013662,0.000169
-0.002511,-0.016722,-0.013603
-0.004575,-0.011396,-0.012517
-0.004613,0.004420,0.006735
-0.002591,0.014994,0.016356
0.000488,0.012862,0.016365
0.001559,0.010866,0.002575
-0.000359,-0.000914,0.006737
0.000611,-0.010570,0.011979
-0.000371,-0.019086,0.009790
0.000555,-0.026478,0.002297
0.001408,-0.029584,-0.007287
0.001250,-0.022051,-0.013595
0.001142,-0.009299,-0.008185
0.001100,0.007806,-0.011226
0.001134,0.021624,-0.005814
0.001239,0.027985,-0.001500
0.000387,0.029032,0.000639
-0.001445,0.022686,-0.004702
-0.001395,0.009904,-0.006901
-0.002360,0.003488,-0.005910
-0.001392,0.001332,-0.003806
-0.001434,-0.002988,0.001461
-0.002442,-0.007234,-0.000685
-0.000522,-0.008369,0.005666
0.000431,-0.011569,0.005652
-0.000578,-0.014799,0.008813
0.001327,-0.021151,0.003418
0.000273,-0.023225,-0.002973
0.000204,-0.015778,-0.000813
0.000152,-0.009396,0.001371
0.000135,0.000249,-0.002817
-0.000803,0.007699,-0.000644
-0.001727,0.007762,-0.007017
-0.001715,0.000323,-0.010272
-0.001753,-0.004990,-0.012427
-0.003780,-0.007150,-0.009222
-0.004825,-0.010468,0.002435
-0.002946,-0.022181,0.000273
-0.001123,-0.038173,-0.000879
-0.001277,-0.037116,0.000233
-0.002394,-0.038259,0.007630
-0.000562,-0.038282,0.009753
0.001302,-0.020058,0.001403
0.007093,-0.011479,-0.002816
0.007995,-0.004045,0.000391
0.003129,0.001255,0.003565
0.004153,0.009813,0.001510
0.004247,0.015181,-0.001662
0.003360,0.014276,-0.017558
0.001419,0.008008,-0.031385
-0.001613,-0.010003,-0.044240
-0.004779,-0.027044,-0.047559
-0.007038,-0.045312,-0.034978
-0.006400,-0.055016,-0.024419
-0.001875,-0.066921,-0.007497
-0.001215,-0.074644,0.017979
-0.003397,-0.067437,0.044618
-0.004422,-0.048415,0.063960
-0.003341,-0.021883,0.079096
0.001770,-0.009032,0.074991
0.002065,-0.006812,0.066536
0.003223,-0.030021,0.039805
0.000231,-0.080967,0.011758
-0.005106,-0.141426,-0.025957
-0.004982,-0.187233,-0.034922
-0.003075,-0.203289,-0.030894
-0.002138,-0.195851,-0.027652
-0.001080,-0.159601,-0.024166
-0.000730,-0.103217,-0.006731
0.002879,-0.043736,0.021328
0.002016,-0.000091,0.032306
-0.000627,-0.012832,0.025864
-0.002498,-0.070347,0.014792
-0.010595,-0.132218,0.012136
-0.012180,-0.164206,0.009783
-0.010953,-0.165366,0.019385
-0.008719,-0.150615,0.038641
-0.006355,-0.113337,0.046436
0.002108,-0.064377,0.059597
0.016706,-0.030424,0.078973
0.015994,-0.003761,0.080198
0.004618,-0.019626,0.065106
-0.005969,-0.085682,0.052712
-0.003406,-0.185798,0.031552
0.001569,-0.253824,0.003286
0.005200,-0.272784,-0.021314
0.008721,-0.252466,-0.025381
0.005531,-0.215185,-0.018659
0.003603,-0.149062,-0.013781
0.005981,-0.066024,0.007139
0.009873,0.011587,0.036446
0.014235,0.055363,0.034719
0.001128,0.048118,0.012380
-0.004461,0.012012,-0.006030
-0.004461,-0.010343,-0.011517
-0.003618,-0.010275,-0.017820
0.004025,0.003696,-0.027213
0.012642,0.030549,-0.043915
0.019372,0.065972,-0.063690
0.022301,0.090450,-0.057081
0.023490,0.105185,-0.036819
0.020972,0.095502,-0.028403
0.017440,0.065707,-0.037166
0.010792,0.028544,-0.056602
0.005781,-0.008558,-0.081297
0.003488,-0.024305,-0.106867
-0.002834,-0.014498,-0.126935
-0.007194,0.018628,-0.130877
-0.012365,0.061294,-0.128347
-0.012458,0.093253,-0.122726
-0.008499,0.116648,-0.113992
-0.008313,0.125050,-0.100154
-0.012956,0.112024,-0.077943
-0.012744,0.080685,-0.038928
-0.011546,0.038694,-0.002164
-0.010429,0.009629,0.021926
-0.008380,-0.004438,0.040868
-0.007269,0.004055,0.045145
-0.004137,0.028444,0.060137
0.002122,0.067811,0.071003
0.000818,0.122270,0.067130
0.001644,0.165060,0.056809
0.003578,0.200369,0.047539
-0.000231,0.221862,0.031757
-0.001133,0.214535,0.017947
-0.004135,0.172942,0.015496
-0.002512,0.116589,-0.005130
-0.002200,0.048404,-0.016288
-0.005178,-0.021006,-0.011513
-0.009376,-0.077739,0.006106
-0.008857,-0.131430,0.039668
-0.005484,-0.176495,0.063737
-0.004079,-0.189410,0.074193
-0.012386,-0.154059,0.059431
-0.006899,-0.100829,0.071443
-0.000077,0.004722,0.080737
0.003422,0.128405,0.091263
0.007456,0.242585,0.092226
0.007989,0.315191,0.088609
0.007739,0.345235,0.073003
0.010380,0.338092,0.041205
0.004017,0.276485,0.013181
0.007881,0.174245,-0.007852
0.014115,0.059048,-0.014121
0.012081,-0.018753,-0.024309
0.006848,-0.057122,-0.028862
0.000552,-0.080774,-0.010954
0.001064,-0.099115,0.009103
-0.000267,-0.077806,0.012445
-0.008208,-0.023411,0.014931
-0.003243,0.042632,0.027152
-0.003758,0.117210,0.039434
-0.004912,0.176885,0.048458
-0.005840,0.211081,0.044596
-0.007725,0.196346,0.024327
-0.006939,0.137868,0.002615
-0.003658,0.051720,-0.026767
-0.000792,-0.018497,-0.048616
-0.002162,-0.064360,-0.051111
-0.004686,-0.083570,-0.051264
-0.011090,-0.074096,-0.038469
-0.009543,-0.037011,-0.011611
-0.006700,0.014987,0.017444
0.000408,0.059524,0.045402
0.003885,0.094590,0.060564
0.005540,0.104189,0.061714
0.006219,0.092580,0.048893
0.008688,0.067119,0.033865
0.009942,0.021472,0.010191
0.008011,-0.015561,-0.020864
0.007763,-0.038778,-0.046478
0.004462,-0.033319,-0.059190
0.003110,-0.019424,-0.061177
0.001875,-0.003632,-0.039831
-0.001197,0.005877,-0.030191
-0.006058,0.028134,-0.015175
-0.007882,0.039626,0.009310
-0.003731,0.039459,0.026284
-0.001516,0.029802,0.031519
-0.000333,0.013829,0.028224
-0.001191,-0.003172,0.020628
0.001754,-0.007358,0.012067
0.000761,-0.004075,0.003552
-0.001220,-0.001841,-0.007059
-0.004180,-0.015730,-0.006188
-0.004291,-0.036043,-0.003272
-0.010278,-0.031813,-0.000142
-0.013300,-0.021230,0.008355
-0.009446,-0.022371,0.015779
-0.008500,-0.026724,0.024237
-0.009513,-0.027853,0.030614
-0.007585,-0.028965,0.034885
-0.001763,-0.039707,0.042261
0.003055,-0.054682,0.046414
0.007848,-0.062104,0.042174
0.007723,-0.066261,0.031582
0.011429,-0.072543,0.019903
0.012166,-0.062840,0.010487
0.012941,-0.050019,0.009600
0.010851,-0.027631,0.011925
0.007916,0.007713,-0.000485
0.008015,0.032358,-0.009772
0.006183,0.044129,-0.012839
0.005369,0.059100,-0.015898
0.003623,0.076134,-0.011470
0.000999,0.087892,-0.013482
-0.002577,0.085759,-0.013480
-0.001381,0.062315,-0.016868
-0.002235,0.037792,-0.019211
-0.006084,0.028144,-0.015087
-0.007047,0.005680,-0.009998
-0.008065,-0.016787,-0.004930
-0.005258,-0.020013,-0.002871
-0.007292,-0.011489,-0.001770
-0.006360,0.004483,0.001505
-0.004347,0.018236,0.013262
-0.000317,0.021406,0.016487
0.001798,0.018181,0.018575
0.003890,0.008597,0.016355
0.003945,-0.012690,0.010870
0.004859,-0.045672,0.001073
0.004626,-0.063728,-0.007559
0.002378,-0.063717,-0.008606
-0.001799,-0.046708,-0.002119
-0.000014,-0.020105,0.005521
0.000005,0.015044,0.012174
0.001167,0.044859,0.018794
0.004381,0.056617,0.016768
0.002765,0.055604,0.011460
0.002025,0.045071,-0.002455
0.001196,0.021682,-0.011113
-0.000781,-0.005977,-0.019844
-0.002886,-0.022015,-0.016787
-0.004029,-0.018890,-0.009324
-0.004126,-0.005195,0.008876
-0.002157,0.006429,0.020663
-0.003958,0.026640,0.027199
-0.004692,0.040490,0.029443
0.000453,0.041569,0.028405
0.003636,0.028896,0.015573
0.005722,0.014138,-0.002587
0.004739,-0.000616,-0.021871
0.003649,-0.006965,-0.027218
0.001557,-0.011267,-0.024078
0.001395,-0.011278,-0.023017
0.000322,-0.004846,-0.026179
-0.002676,0.009015,-0.025018
-0.002671,0.020670,-0.016399
-0.003583,0.030169,-0.005685
-0.002471,0.031109,0.007063
-0.002310,0.024666,0.011279
-0.002162,0.018294,0.008055
-0.001117,0.001232,0.006859
-0.001107,-0.012621,0.004595
-0.003150,-0.032835,-0.001976
-0.003313,-0.037073,-0.005253
-0.000593,-0.031782,-0.000990
-0.000712,-0.016901,0.004405
-0.000730,0.006531,0.008819
-0.002585,0.017204,0.008912
-0.002465,0.017162,0.013163
0.000578,0.011782,0.017382
0.001660,0.004325,0.016283
0.003670,-0.008424,0.010894
0.001694,-0.017937,0.002391
0.003537,-0.022095,-0.008236
0.002440,-0.022081,-0.009249
0.002320,-0.014621,-0.008108
0.000299,-0.007142,-0.009118
0.001211,-0.006119,-0.004886
0.000199,-0.005063,-0.003822
0.001165,0.003419,0.001551
-0.002693,0.013086,-0.004745
-0.000687,0.016256,-0.001534
-0.000641,0.013129,-0.008982
0.000379,0.014175,-0.006865
0.001371,0.012021,-0.004748
0.000421,0.012001,-0.002612
-0.000531,0.006689,-0.004760
0.000453,-0.001817,-0.008003
0.001385,-0.002894,-0.006938
0.000366,-0.008192,-0.010162
-0.000663,-0.003923,-0.010125
0.001253,-0.000725,-0.010089
0.001227,0.002477,-0.010054
-0.001714,0.002433,-0.005845
-0.003662,-0.003941,-0.009126
-0.003714,-0.010405,-0.003909
-0.005708,-0.003995,-0.004956
-0.006699,-0.000896,0.005667
-0.003761,0.001216,0.007793
-0.002750,-0.004145,0.009849
-0.002735,0.001222,0.006706
-0.001737,0.001169,0.012010
-0.000736,-0.006330,0.015156
0.001215,-0.019113,0.012943
0.002137,-0.028618,0.003351
0.000077,-0.029659,0.001225
0.001888,-0.029680,0.003354
0.002759,-0.024380,0.006600
0.003668,-0.014807,0.009873
0.003661,-0.008383,0.007807
0.001716,-0.006198,0.002486
0.001701,-0.012557,-0.001814
0.001617,-0.017810,-0.010383
0.000531,-0.018849,-0.013596
-0.000554,-0.010356,-0.009305
-0.000617,0.000264,-0.003915
-0.002548,0.011907,0.005744
-0.002446,0.021435,0.013276
-0.002289,0.025704,0.013314
-0.001162,0.021431,0.014357
-0.001977,0.014998,0.017505
-0.002851,0.005459,0.011097
0.000093,-0.009433,0.006791
0.000995,-0.031792,0.001313
0.000817,-0.044512,-0.007287
0.002523,-0.046647,-0.007320
0.002297,-0.041335,-0.005186
0.003081,-0.030632,-0.008282
0.002000,-0.009270,-0.010239
0.001981,0.008895,-0.012217
0.003003,0.023824,-0.011026
0.002134,0.034502,-0.012007
0.001283,0.038749,-0.009854
-0.000515,0.038782,-0.013045
-0.000412,0.031304,-0.012021
0.000622,0.018499,-0.012119
-0.000337,0.002449,-0.008022
-0.002334,-0.013581,-0.006032
-0.002442,-0.026483,0.003398
-0.001568,-0.022299,0.011909
-0.003544,-0.008502,0.019450
-0.001526,0.004335,0.016386
0.001479,0.007645,0.005825
-0.000407,0.015176,-0.000503
-0.001296,0.029166,-0.012060
-0.002196,0.031322,-0.014185
-0.002124,0.021699,-0.012119
-0.001110,0.012062,-0.009063
-0.003058,0.004581,-0.008074
-0.003098,-0.006132,-0.003909
-0.003162,-0.015821,0.004502
-0.002254,-0.022291,0.010820
-0.002298,-0.022342,0.016146
0.001586,-0.017049,0.020444
0.003539,-0.012759,0.018359
0.004543,-0.006298,0.013144
0.005517,-0.007248,0.001470
0.001609,0.004604,-0.010118
0.002554,0.007860,-0.015381
0.001556,0.008960,-0.018541
0.001549,0.013196,-0.015335
0.001528,0.007846,-0.013262
0.000522,0.006758,-0.011142
-0.001406,0.014187,-0.007905
-0.001361,0.016236,0.000594
-0.000321,0.016196,0.004852
0.000735,0.015075,0.010140
-0.000132,0.016110,0.013304
-0.000020,0.017197,0.011178
-0.000894,0.012958,0.007944
0.002082,0.005541,0.002567
0.001119,0.002411,-0.004922
-0.000849,-0.001859,-0.004980
-0.001850,-0.004058,0.001346
-0.000902,-0.004058,0.001353
-0.001884,-0.007256,0.001338
-0.001899,-0.002985,0.001410
-0.001908,-0.006177,0.000336
-0.000962,-0.009409,0.003519
-0.001980,-0.013677,0.003495
-0.001050,-0.014743,0.003493
-0.001080,-0.010452,0.001422
-0.000131,-0.014763,0.005629
0.000778,-0.024399,0.008706
0.000694,-0.037222,0.010758
0.000580,-0.042623,0.017106
0.000424,-0.054392,0.020208
0.000268,-0.060784,0.019098
0.001027,-0.068209,0.014809
-0.001139,-0.050057,0.013892
-0.005155,-0.029816,0.017211
-0.001242,0.000076,0.016424
0.000827,0.019368,0.008090
0.003859,0.023840,-0.012018
0.002923,0.017530,-0.021657
0.001916,0.007972,-0.025986
-0.000120,-0.008033,-0.026098
-0.000292,-0.030486,-0.022036
0.000453,-0.048618,-0.023269
0.000163,-0.053962,-0.022255
-0.002098,-0.051862,-0.019081
-0.002312,-0.037075,-0.004131
-0.005362,-0.017954,0.004490
-0.005357,-0.003069,0.009919
-0.002370,0.006461,0.017430
-0.004201,-0.001064,0.022656
-0.003167,-0.015907,0.012983
-0.002249,-0.031828,0.004391
0.000482,-0.056259,-0.006358
-0.000789,-0.066882,-0.010640
-0.001136,-0.074347,-0.010643
-0.001492,-0.075373,-0.014889
0.000097,-0.067942,-0.010531
0.001751,-0.045562,-0.007139
0.000622,-0.018980,0.002636
0.002544,0.001210,0.011323
0.005571,0.017080,0.025276
0.009646,0.034104,0.030744
0.010918,0.045875,0.027677
0.017040,0.037401,0.021223
0.014306,0.016204,0.006127
0.009443,-0.020982,-0.011251
0.003364,-0.065682,-0.024486
-0.003859,-0.083768,-0.031142
-0.007247,-0.081768,-0.018475
-0.009582,-0.073397,-0.002554
-0.013709,-0.050084,0.013518
-0.019637,-0.020304,0.023279
-0.021514,0.011621,0.031999
-0.016454,0.021082,0.045827
-0.012291,0.016687,0.058529
-0.007151,0.013516,0.055347
-0.003048,0.006156,0.044720
-0.000016,-0.003329,0.034100
0.003938,-0.008573,0.025655
0.009766,-0.024470,0.014975
0.012547,-0.051976,-0.008547
0.009301,-0.072087,-0.024569
0.007902,-0.072975,-0.042629
0.007458,-0.055895,-0.043596
0.009092,-0.019754,-0.029521
0.007039,0.019514,-0.008012
-0.000579,0.065206,0.011452
-0.004979,0.114079,0.033080
-0.004289,0.139532,0.049233
-0.001522,0.133091,0.053455
0.002110,0.095916,0.036208
0.004442,0.031070,0.011285
0.002478,-0.037001,-0.011572
-0.003764,-0.102971,-0.031227
-0.004482,-0.150917,-0.039059
-0.005317,-0.170208,-0.030754
-0.005153,-0.151143,-0.016855
-0.006762,-0.116082,-0.001763
-0.012021,-0.063990,0.017716
-0.007179,0.008515,0.023621
-0.002998,0.069209,0.036829
0.003382,0.105417,0.044566
0.005942,0.110704,0.049966
0.007539,0.093559,0.057320
0.009059,0.056262,0.052875
0.011308,0.009558,0.029281
0.010342,-0.040310,0.001388
0.010026,-0.080691,-0.015878
0.008559,-0.091211,-0.030797
0.004172,-0.065542,-0.035909
0.001895,-0.016492,-0.032373
-0.002094,0.035651,-0.018206
-0.001868,0.081317,0.003318
-0.002374,0.110115,0.004575
-0.002830,0.111242,-0.001830
-0.001429,0.091016,-0.007354
0.000827,0.064369,-0.010783
-0.002927,0.034458,-0.007854
-0.003832,0.009820,0.001508
-0.003825,-0.009390,0.001376
-0.001952,-0.028628,0.004419
-0.003076,-0.047869,0.007449
-0.005206,-0.038312,0.011721
-0.006268,-0.014889,0.017175
-0.005227,0.012686,0.034393
-0.002091,0.032846,0.046241
0.000197,0.041372,0.047369
0.003456,0.040438,0.033540
0.004688,0.027704,0.025953
0.006777,0.008498,0.025777
0.004895,-0.005330,0.021433
0.003938,-0.010566,0.011900
0.005857,-0.015824,0.004461
0.005783,-0.021031,-0.008304
0.001771,-0.015608,-0.016718
0.001636,0.003771,-0.033512
0.001555,0.011247,-0.033371
0.003447,0.026160,-0.030016
-0.000423,0.035594,-0.012957
-0.002228,0.041826,0.004061
-0.004934,0.038461,0.019907
-0.002754,0.029882,0.024083
-0.000605,0.018269,0.011221
0.000453,0.008802,-0.002670
0.000445,0.002392,-0.002815
0.000415,-0.001908,-0.000798
-0.000580,-0.005177,0.005499
-0.002541,-0.015870,0.007506
-0.007440,-0.020117,0.005347
-0.007507,-0.027555,0.002077
-0.004713,-0.042524,0.005164
-0.005870,-0.050018,0.007243
-0.009922,-0.042674,0.020054
-0.010997,-0.034246,0.031840
-0.008074,-0.024701,0.038359
-0.002217,-0.020410,0.036324
0.003638,-0.014965,0.025802
0.008502,-0.005322,0.022729
0.013403,-0.001074,0.024902
0.012477,-0.005358,0.025892
0.010562,-0.015922,0.015203
0.008579,-0.030654,-0.005053
0.008409,-0.039000,-0.024240
0.008167,-0.036803,-0.030601
0.005961,-0.027097,-0.041190
0.000872,-0.006883,-0.035768
-0.005064,0.011085,-0.018669
-0.008921,0.022563,0.006843
-0.010717,0.022393,0.023819
-0.011472,0.018071,0.029101
-0.008375,0.009515,0.031176
-0.008248,0.006360,0.026916
-0.006231,-0.003210,0.023677
-0.000361,-0.011721,0.021529
0.003503,-0.019052,0.007685
0.005356,-0.023191,-0.005064
0.005205,-0.020972,-0.013540
0.005060,-0.010192,-0.024051
0.003974,0.004768,-0.026049
0.003947,0.018636,-0.025947
0.004946,0.031323,-0.014178
0.004109,0.045136,-0.007664
0.003321,0.043986,0.000849
-0.000352,0.042922,0.000874
-0.000163,0.027932,0.006077
-0.000058,0.010948,-0.003662
0.000925,-0.000729,-0.010159
-0.002073,-0.013517,-0.012419
-0.003177,-0.028494,-0.009429
-0.004351,-0.044544,-0.005374
-0.002629,-0.053171,0.002984
-0.003792,-0.045713,0.004039
-0.003018,-0.058530,0.004982
-0.003248,-0.053171,0.002927
-0.001477,-0.032883,0.002064
0.000399,-0.006254,0.007650
0.001412,0.008638,0.013162
0.002527,0.021414,0.016505
0.001721,0.022432,0.021868
0.002867,0.016077,0.017630
0.004926,0.004425,0.009061
0.002978,-0.019961,-0.007054
0.004731,-0.042310,-0.013657
0.003483,-0.039094,-0.014699
0.001342,-0.015643,-0.012420
0.000280,0.008863,-0.009084
-0.001616,0.032253,-0.000412
0.000519,0.046113,0.000749
-0.000219,0.050347,0.003935
0.000980,0.035365,0.008027
-0.001800,0.017224,0.007869
-0.000770,-0.007346,0.009799
-0.002746,-0.026573,0.011781
-0.003826,-0.038287,0.009584
-0.004000,-0.045723,0.006363
-0.004177,-0.045764,0.010621
-0.004343,-0.047877,0.008480
-0.000592,-0.034013,0.009669
0.004150,-0.026426,-0.001937
0.006989,-0.002897,-0.007050
0.003089,0.024848,-0.006815
0.002250,0.056811,-0.001217
0.003509,0.071705,0.003123
0.003841,0.071642,0.009489
0.002236,0.070609,0.006324
-0.000354,0.059888,0.011563
-0.000114,0.032189,0.007125
-0.000030,-0.001883,-0.000558
-0.002078,-0.032783,-0.005024
-0.000353,-0.048738,-0.010454
0.000341,-0.051944,-0.010544
-0.002824,-0.032814,-0.003027
-0.003899,-0.010517,0.007696
-0.000936,0.002130,0.022559
-0.003744,0.008452,0.029972
-0.005538,0.009547,0.026750
-0.006375,0.006355,0.025641
-0.004329,-0.009594,0.020223
-0.003374,-0.026589,0.012709
0.000397,-0.045633,-0.003297
0.002082,-0.052994,-0.013938
0.001811,-0.044433,-0.015915
0.005467,-0.033882,-0.003000
0.003405,-0.012704,0.014217
0.006356,0.009636,0.021902
0.006548,0.028834,0.023110
0.009699,0.020361,0.016662
0.012716,-0.002957,0.000542
0.009739,-0.020886,-0.020843
0.006608,-0.030440,-0.026238
0.001491,-0.022899,-0.033641
-0.002576,-0.003739,-0.029277
-0.004590,0.024017,-0.030096
-0.005497,0.050663,-0.026715
-0.004364,0.068749,-0.021280
-0.005099,0.074979,-0.004290
-0.005741,0.075831,0.016912
-0.008283,0.061736,0.039072
-0.007922,0.030684,0.049432
-0.005716,-0.001299,0.045991
-0.004655,-0.026834,0.038354
-0.001790,-0.046970,0.024369
0.003874,-0.056477,0.014743
0.002677,-0.050011,0.008447
0.002500,-0.029726,0.007550
0.003401,-0.006249,0.007726
0.002488,0.011892,0.007885
0.006497,0.021486,0.009051
0.006645,0.016203,0.003685
0.004730,-0.014606,-0.010385
0.005515,-0.052853,-0.027710
0.002175,-0.088005,-0.034377
-0.001302,-0.108367,-0.026086
-0.003801,-0.105313,-0.011184
-0.007166,-0.085208,0.005969
-0.007426,-0.045821,0.015849
-0.006483,0.000981,0.031079
-0.005303,0.035000,0.044095
-0.003965,0.060565,0.048528
-0.001524,0.079784,0.047636
0.001879,0.071377,0.034864
0.001266,0.041687,0.016613
0.001379,0.003445,-0.000644
0.003245,-0.027296,-0.021017
0.005891,-0.046426,-0.028564
0.005521,-0.058229,-0.022257
0.005198,-0.042330,-0.011521
0.005981,-0.025325,-0.003947
0.003954,-0.000743,-0.008039
0.003999,0.022662,-0.001487
0.002249,0.053521,0.007244
-0.001325,0.069453,0.014776
-0.001927,0.061985,0.014738
-0.001619,0.042862,0.006082
-0.002465,0.012067,-0.009014
-0.003478,-0.011293,-0.020883
-0.003640,-0.021933,-0.024173
-0.003848,-0.017719,-0.018838
-0.002994,0.001330,-0.002748
-0.001014,0.019356,0.009066
-0.001862,0.027778,0.020833
-0.000679,0.032031,0.021918
-0.000468,0.026737,0.017614
0.002614,0.015075,0.010084
0.002690,0.005491,0.007871
0.002728,0.001246,0.005732
0.001762,-0.003043,0.007831
0.000764,-0.011545,0.004586
0.000713,-0.020007,-0.002915
-0.000388,-0.030633,-0.007225
0.002365,-0.033844,-0.006178
0.002190,-0.029534,-0.010391
0.000097,-0.015633,-0.013495
0.001010,0.004566,-0.005890
-0.000878,0.024722,0.005923
-0.000694,0.040651,0.013463
-0.001440,0.044930,0.012432
-0.000212,0.034312,0.007055
0.000869,0.011998,-0.002689
-0.002065,-0.006121,-0.004956
-0.000197,-0.017857,-0.005024
-0.001303,-0.028565,-0.000854
0.001492,-0.025385,0.001296
0.001397,-0.021118,0.001334
0.000341,-0.017899,-0.000809
-0.002635,-0.007294,0.005630
-0.001633,0.007589,0.011017
-0.000543,0.019338,0.010045
-0.001384,0.021567,0.000500
0.000648,0.014218,-0.011230
0.002582,0.003548,-0.011309
0.000567,-0.002859,-0.011342
0.001479,-0.007179,-0.006047
-0.000525,-0.007235,0.000344
-0.001525,-0.007295,0.006752
0.001385,-0.005218,0.012077
0.001397,-0.005230,0.013117
0.005326,-0.003074,0.010999
0.003395,-0.000911,0.007793
0.002437,0.003405,0.002478
0.002480,0.014054,0.004679
-0.000352,0.020485,0.001539
0.001714,0.027986,-0.001592
0.000849,0.026943,-0.003718
-0.001001,0.022663,-0.002708
-0.001889,0.007691,0.000366
-0.004803,-0.011566,0.005552
-0.006825,-0.028607,0.002247
-0.007925,-0.040350,0.003282
-0.007136,-0.046770,0.005375
-0.003439,-0.044750,0.017099
-0.001621,-0.036255,0.021446
0.000249,-0.028806,0.023633
0.004120,-0.025549,0.018356
0.004064,-0.026438,0.000275
0.007842,-0.027349,-0.015691
0.007660,-0.031536,-0.024265
0.007396,-0.038945,-0.030731
0.007125,-0.037913,-0.027573
0.002973,-0.034852,-0.013772
-0.001090,-0.023263,0.001177
-0.003076,-0.011606,0.009809
-0.004966,0.004348,0.015268
-0.002888,0.022409,0.023934
-0.003638,0.031990,0.026119
-0.004371,0.031990,0.026148
-0.006096,0.022439,0.020766
-0.005991,-0.005211,0.010982
-0.003136,-0.039284,0.003256
-0.001450,-0.063729,-0.006494
-0.003740,-0.065852,-0.007560
-0.002099,-0.049906,-0.001034
-0.000331,-0.020122,0.008776
0.004540,0.004381,0.013255
0.008541,0.026855,0.007085
0.010626,0.030139,-0.001374
0.008791,0.019475,-0.002570
0.007853,0.004530,-0.001613
0.006878,0.001374,-0.005857
0.004941,0.000342,-0.010101
0.003934,0.001504,-0.019654
0.000945,0.002575,-0.019668
-0.000052,0.011068,-0.015377
-0.003938,0.019508,-0.005781
-0.006751,0.029025,0.002770
-0.007555,0.033269,0.004902
-0.006409,0.033257,0.005949
-0.006257,0.023600,0.011170
-0.008092,0.012840,0.019530
-0.007001,0.010681,0.021621
-0.006888,0.010649,0.024811
-0.000978,-0.003207,0.023662
0.001942,-0.016969,0.012986
0.004809,-0.024439,0.012964
0.009589,-0.024374,0.006612
0.011423,-0.032834,-0.000891
0.013210,-0.033796,-0.011524
0.011078,-0.028399,-0.017871
0.007007,-0.012352,-0.022003
0.001099,0.012170,-0.019673
-0.002723,0.045238,-0.018351
-0.004468,0.060061,-0.006578
-0.007112,0.061021,0.004035
-0.005836,0.053489,0.010356
-0.007575,0.025694,0.015460
-0.005541,-0.000983,0.015269
-0.004573,-0.022398,0.022538
-0.005604,-0.028905,0.033112
-0.001747,-0.037453,0.034099
0.002095,-0.029783,0.013977
0.003960,-0.021135,0.002298
0.004830,-0.007238,-0.000825
0.001870,0.003320,0.009802
-0.000994,0.013942,0.015185
0.001084,0.011808,0.015180
0.002168,0.000183,0.004515
0.003120,-0.015681,-0.009356
0.002004,-0.024108,-0.019984
0.000859,-0.021979,-0.018836
-0.000260,-0.016704,-0.012367
-0.002299,-0.008208,-0.008021
-0.000384,0.002365,0.001608
0.000656,0.011927,0.005943
0.001718,0.016161,0.009143
0.001820,0.007620,0.009027
0.002825,-0.001974,0.007825
0.001836,-0.005179,0.007756
0.002801,-0.001980,0.007763
0.003795,0.002332,0.003557
0.004780,0.004534,-0.002771
0.004799,0.013122,-0.008029
0.002906,0.025911,-0.006882
0.004015,0.039751,-0.003578
0.002251,0.036550,-0.003621
-0.000530,0.029103,-0.005794
-0.005307,0.018479,-0.010076
-0.005296,-0.000781,-0.004911
-0.006329,-0.025431,0.005534
-0.005478,-0.040410,0.009682
-0.005629,-0.046778,0.006450
-0.003849,-0.032864,0.002320
-0.001040,-0.006208,0.004661
-0.000051,0.023597,0.012342
0.002080,0.048065,0.019962
0.005301,0.059791,0.021105
0.007590,0.054520,0.014678
0.006840,0.019454,-0.000484
0.006834,-0.022040,-0.013592
0.004676,-0.052902,-0.022350
0.001430,-0.060414,-0.018172
-0.003746,-0.056133,-0.019168
-0.003030,-0.040116,-0.020110
-0.004197,-0.021978,-0.019993
-0.003349,0.000366,-0.013459
-0.007229,0.024738,0.003704
-0.005132,0.043807,0.017672
-0.002900,0.045870,0.025152
0.001283,0.037276,0.031491
0.004429,0.018155,0.022863
0.004535,-0.005313,0.021626
0.005471,-0.032919,0.007597
0.006277,-0.047764,-0.002089
0.004091,-0.046654,-0.006324
0.000950,-0.032750,-0.009393
0.001793,-0.007111,-0.012407
-0.000169,0.018475,-0.010117
-0.001997,0.042953,-0.003565
-0.000803,0.055650,0.007115
-0.001480,0.058842,0.008225
-0.001219,0.039670,0.004916
-0.001087,0.018363,0.001595
-0.001067,-0.009406,0.003497
0.000786,-0.033957,0.004399
0.001558,-0.052051,0.000023
0.000363,-0.053159,0.004279
0.001122,-0.037140,0.003336
0.001998,-0.006248,0.008897
0.001102,0.028931,0.012339
0.003289,0.054508,0.015711
0.003613,0.066282,0.011515
0.001997,0.059932,0.006148
0.001265,0.040854,-0.006739
0.001368,0.017421,-0.011174
-0.001575,-0.007120,-0.011368
-0.001708,-0.030645,-0.006199
-0.001900,-0.041330,-0.005187
-0.002108,-0.042430,-0.002021
0.001611,-0.032829,-0.000850
0.000510,-0.017883,-0.001836
0.000475,-0.003001,0.003566
0.002458,0.011937,0.003669
0.000592,0.020528,-0.001591
-0.000295,0.020537,-0.002672
0.001720,0.015268,-0.010129
0.000765,-0.000714,-0.012342
-0.000286,-0.017758,-0.014588
-0.000451,-0.028416,-0.015715
0.000338,-0.032727,-0.011515
0.001145,-0.031798,0.002294
-0.000905,-0.015859,0.008744
-0.001865,0.004317,0.018422
-0.001736,0.024586,0.018530
-0.003477,0.036322,0.018605
-0.003237,0.040602,0.017574
-0.002041,0.035309,0.013291
-0.002852,0.022506,0.013199
-0.000816,0.000133,0.009883
0.001092,-0.027555,0.004405
0.003867,-0.040324,0.001166
0.002676,-0.046734,0.002198
0.001510,-0.038175,0.000164
0.003325,-0.016795,-0.003934
0.004266,0.002413,-0.003780
0.004303,0.025908,-0.005746
0.001527,0.040795,-0.000311
0.000758,0.046106,0.001859
0.000965,0.038722,-0.006687
0.003027,0.016361,-0.011087
0.000074,-0.007123,-0.010189
-0.001975,-0.022134,-0.002865
-0.004046,-0.031789,0.002397
-0.004186,-0.036090,0.005551
-0.003333,-0.029690,0.005579
-0.000492,-0.020106,0.007756
-0.001478,0.001262,0.004683
0.000509,0.015146,0.002615
0.001582,0.025837,0.000566
-0.000241,0.031228,-0.004715
-0.001126,0.021666,-0.009050
-0.002064,0.008893,-0.012316
-0.000140,-0.008146,-0.015607
0.000718,-0.024193,-0.011454
-0.001395,-0.034934,-0.004065
-0.002511,-0.033946,0.004494
-0.001671,-0.027629,0.013024
0.002192,-0.016982,0.015212
0.003133,-0.013783,0.015212
0.004089,-0.012750,0.018356
0.002166,-0.006340,0.017302
0.004155,-0.000905,0.006670
0.004150,-0.010393,-0.005106
0.002133,-0.011449,-0.006191
0.000126,-0.008216,-0.009360
0.001055,-0.003982,-0.006124
-0.001864,0.000320,-0.009256
-0.000903,0.001337,-0.003922
-0.001895,0.000273,-0.003890
-0.002868,0.004455,0.004658
-0.002806,0.015000,0.017511
0.000244,0.016028,0.021777
0.002313,0.009659,0.018566
0.003373,0.006526,0.012192
0.006334,0.002331,0.004714
0.002457,0.004557,-0.004822
0.003436,0.008920,-0.014355
0.003419,0.017521,-0.020654
0.000500,0.016473,-0.022806
-0.000458,0.018566,-0.018557
-0.005282,0.015323,-0.014328
-0.001370,0.002487,-0.011243
-0.001417,-0.014565,-0.013500
-0.000599,-0.031640,-0.013649
-0.002764,-0.033848,-0.006227
-0.002922,-0.026540,0.009733
-0.004919,-0.014930,0.022561
-0.002936,-0.009618,0.024702
0.000054,-0.001049,0.021593
0.002082,0.007560,0.014220
0.002171,0.014047,0.005775
0.002225,0.013093,-0.004840
0.005189,0.012060,-0.008005
0.004210,0.006774,-0.013348
0.002229,0.000382,-0.014458
0.002190,-0.003858,-0.017705
0.000159,-0.004895,-0.020911
0.000057,-0.004916,-0.018789
-0.001950,0.004517,-0.001736
-0.004840,0.007574,0.013173
-0.002780,0.008580,0.019590
-0.000731,-0.003125,0.016353
0.001234,-0.015866,0.009882
0.002153,-0.020088,0.005600
0.000125,-0.011490,-0.000733
0.002027,-0.005078,-0.001752
-0.000884,0.008823,-0.004869
-0.001808,0.014119,-0.001708
-0.001737,0.015184,-0.001727
-0.001694,0.010967,-0.007083
-0.001675,0.000307,-0.008230
-0.002704,-0.013622,-0.001945
-0.001821,-0.027532,0.002254
-0.001966,-0.039352,0.010724
-0.001135,-0.040426,0.011831
0.001643,-0.037175,0.007662
0.005407,-0.025415,0.005636
0.003395,-0.004110,0.008971
0.003456,0.013954,0.016522
0.002641,0.027900,0.009188
0.000867,0.028036,-0.004646
0.003897,0.021737,-0.015340
0.001002,0.014308,-0.019663
-0.000017,0.001484,-0.017632
-0.003020,-0.007116,-0.011334
-0.003105,-0.010370,-0.006043
-0.002206,-0.012589,0.002440
-0.001258,-0.004170,0.014186
-0.002189,0.003268,0.017434
-0.000145,0.010716,0.019593
0.002891,0.009648,0.019570
0.001048,0.011833,0.014271
0.003099,0.007585,0.012104
0.001199,0.003442,-0.000671
0.001214,-0.002863,-0.010248
0.002103,-0.008133,-0.016676
0.001998,-0.005987,-0.017712
0.001923,0.007851,-0.014421
-0.000009,0.020508,0.000545
0.001105,0.038607,0.004962
-0.000609,0.048181,0.008249
0.000612,0.048215,0.005094
0.000804,0.033338,-0.001416
0.001879,0.017366,-0.004719
0.000919,0.000293,-0.004861
-0.003033,-0.009292,-0.007017
-0.005056,-0.015694,-0.007066
-0.004206,-0.023153,-0.008199
-0.004347,-0.027476,-0.002959
-0.004464,-0.031810,0.003349
-0.003604,-0.027631,0.011818
-0.002684,-0.022286,0.010748
-0.000792,-0.022257,0.007523
-0.000845,-0.014765,0.005445
-0.000886,-0.005258,0.015057
0.000137,0.001108,0.018290
0.002158,0.007555,0.014130
0.002239,0.006569,0.006748
0.004221,0.002390,-0.001729
0.006160,-0.006114,-0.004930
0.005124,-0.006110,-0.004882
0.003124,-0.006065,-0.009084
0.001137,-0.003920,-0.010133
0.003040,-0.005027,-0.005885
0.002041,0.000286,-0.003738
0.000067,-0.002928,-0.002725
-0.001878,-0.005045,-0.004914
-0.001906,-0.002977,0.001450
-0.001920,-0.005093,-0.000725
-0.001921,0.001371,-0.007077
-0.002896,0.005595,-0.002816
-0.001903,0.014124,-0.001689
-0.003788,0.016197,0.004723
-0.000794,0.010799,0.011078
0.000228,0.000172,0.006768
0.000220,-0.013635,0.000309
0.000126,-0.022193,0.002370
0.001963,-0.026450,0.001279
0.001869,-0.014744,0.004565
0.001867,0.004450,0.005759
-0.000008,0.019398,0.004794
0.002055,0.028022,-0.003634
0.002159,0.029164,-0.011045
0.002257,0.022761,-0.011115
0.002304,0.013180,-0.013300
0.000347,-0.000681,-0.014468
0.002205,-0.012386,-0.017726
0.001100,-0.015650,-0.011346
-0.000953,-0.011425,-0.007064
-0.001981,-0.005042,-0.004887
-0.001020,-0.001883,-0.000615
-0.000029,0.000259,-0.001670
0.000960,0.003447,-0.000616
0.000004,0.002350,0.002564
-0.001934,-0.002955,-0.000679
-0.000985,-0.009326,-0.003933
-0.000069,-0.012506,-0.006083
-0.001113,-0.009374,0.000271
0.001769,-0.006227,0.005597
-0.001161,-0.008391,0.008746
-0.002141,-0.006288,0.011962
0.000792,-0.003019,0.005651
0.001755,-0.004063,0.003540
0.002739,-0.006195,0.003549
0.002711,-0.001883,-0.000643
0.000764,0.004540,-0.002702
0.001779,0.011935,0.004783
0.001857,0.016245,0.000556
0.000003,0.010929,-0.001627
0.000034,0.002418,-0.004904
-0.001946,-0.001809,-0.009206
-0.002966,-0.000783,-0.004931
-0.002029,0.001288,0.001467
0.000889,-0.007253,0.002494
0.000854,-0.010463,0.003562
-0.000163,-0.012587,0.002461
-0.000214,-0.005086,-0.000664
0.001746,0.014099,0.001641
0.003794,0.026860,0.005983
0.001019,0.037533,0.006062
0.003165,0.037555,0.003947
0.002360,0.025882,-0.002544
0.001441,0.006726,-0.008023
0.000453,-0.010348,-0.008180
-0.000625,-0.023121,-0.011461
-0.003693,-0.028471,-0.010466
-0.002862,-0.025345,-0.003025
-0.002962,-0.024337,0.003363
-0.002074,-0.022193,0.002314
-0.002157,-0.011533,0.003475
-0.001191,0.000213,0.002482
0.001760,0.010852,0.005773
0.000851,0.010821,0.008963
0.000913,0.009733,0.011096
0.000997,0.005476,0.010005
0.002018,-0.007318,0.008839
0.002001,-0.014702,0.000300
-0.000022,-0.018864,-0.010355
-0.000132,-0.010295,-0.013470
0.000786,-0.002877,-0.008122
-0.002168,0.008841,-0.005891
-0.000186,0.014088,0.002638
-0.002062,0.011944,0.003687
-0.001032,0.009810,0.003647
0.000955,0.002363,0.001474
-0.000015,-0.002963,0.000373
-0.000027,-0.004038,0.001453
0.000924,-0.001931,0.003574
-0.001010,0.000120,0.012109
0.000016,0.000155,0.008896
0.000054,-0.004049,0.002499
-0.001920,-0.009388,0.002447
-0.001978,-0.020049,0.001293
-0.001101,-0.025408,0.003369
-0.002165,-0.022195,0.002357
-0.000294,-0.017916,0.001326
0.001546,-0.015719,-0.005035
0.000506,-0.010402,-0.002874
0.001444,-0.004032,0.000351
0.004362,0.001248,0.005703
0.002464,0.007672,0.003637
0.003490,0.007760,-0.004852
0.002545,0.004540,-0.002723
0.001572,0.001380,-0.006981
0.000596,0.005628,-0.004814
-0.000369,0.002478,-0.010147
-0.001370,0.001380,-0.006959
-0.000429,0.004570,-0.005877
-0.000417,0.005594,-0.001624
-0.000397,0.004517,-0.000594
-0.000384,0.004515,-0.000621
-0.000372,0.009829,0.001526
0.000657,0.014074,0.003651
-0.001205,0.017197,0.011086
-0.000121,0.011851,0.012100
0.000925,0.001224,0.007769
0.000952,-0.006170,0.000291
0.000916,-0.007162,-0.007132
-0.000108,-0.003927,-0.010273
-0.001119,0.004631,-0.012306
-0.001133,0.015208,-0.002643
-0.002030,0.020484,0.003782
-0.000965,0.018274,0.011177
0.001097,0.007591,0.012152
0.000159,-0.007295,0.006716
0.000136,-0.006137,-0.002829
0.001077,-0.002980,0.001422
0.004001,0.008770,0.000464
0.003081,0.013080,-0.003750
0.002158,0.017402,-0.009046
0.002219,0.017425,-0.011154
0.000288,0.008994,-0.021853
-0.000741,0.001494,-0.018708
-0.002748,0.001481,-0.017653
-0.002797,0.002464,-0.009135
-0.002801,0.004493,0.001494
-0.001794,0.011897,0.007904
-0.002669,0.010748,0.016403
-0.002574,0.009648,0.019570
-0.001493,0.002160,0.021640
0.000515,-0.005267,0.017331
0.001492,-0.013681,0.004518
0.001422,-0.016797,-0.004004
0.001317,-0.014653,-0.005047
0.002217,-0.007172,-0.006042
0.001198,-0.005056,-0.003889
0.000191,-0.001811,-0.008098
-0.001768,-0.000790,-0.003858
-0.001775,0.004493,0.001501
-0.001745,0.004398,0.011057
-0.000698,0.004345,0.016369
-0.001625,-0.002056,0.016319
-0.001585,-0.000916,0.008881
-0.000595,-0.000881,0.005690
-0.000588,-0.001917,0.002491
0.003304,0.000279,-0.003842
0.002323,0.002402,-0.002769
0.001347,0.001311,-0.000662
0.002308,-0.001826,-0.007049
0.000343,-0.007127,-0.010280
0.001249,-0.008140,-0.015588
0.001163,-0.000691,-0.013386
-0.000799,0.006692,-0.004847
-0.000785,0.009839,0.000487
-0.000712,0.014012,0.010073
-0.002553,0.015090,0.009028
-0.001504,0.011859,0.012211
0.000519,0.008665,0.011116
-0.000397,0.000160,0.007865
-0.000412,-0.006205,0.004638
0.000533,-0.011510,0.001381
-0.000499,-0.013645,0.001349
-0.000572,-0.011479,-0.001816
0.001336,-0.008291,-0.000733
0.001305,-0.005082,-0.001801
0.001282,-0.001822,-0.007058
0.001260,-0.000747,-0.008144
0.001230,0.004610,-0.010213
0.001247,0.010939,-0.002723
0.000346,0.016230,0.001604
0.001391,0.014097,0.001599
0.001462,0.008752,0.002620
-0.000465,-0.000776,-0.004877
-0.002444,-0.009284,-0.008162
-0.000578,-0.012496,-0.007136
-0.000669,-0.007188,-0.003908
-0.000695,0.000175,0.006760
-0.000656,0.006541,0.009994
-0.000598,0.002274,0.009970
0.001389,-0.004052,0.002500
0.002349,-0.009375,0.001414
0.003270,-0.016794,-0.003949
0.004149,-0.012471,-0.009203
0.002147,0.000322,-0.008058
0.001158,0.013116,-0.006892
0.002182,0.020596,-0.007908
-0.000658,0.022696,-0.004741
-0.001551,0.021621,-0.003670
-0.001451,0.016232,0.001582
-0.001399,0.007690,0.001516
-0.001388,-0.000823,-0.000646
-0.001401,-0.008268,-0.002834
-0.003400,-0.005055,-0.003861
-0.000501,-0.000820,-0.000640
0.000480,0.006552,0.008954
0.000533,0.005458,0.012126
0.000595,0.006589,0.005769
0.001602,-0.000830,0.000371
0.003519,-0.009321,-0.003913
0.002471,-0.011441,-0.006065
-0.000511,-0.008271,-0.002854
0.000420,-0.004043,0.001419
-0.000544,0.002348,0.002522
-0.001473,0.008749,0.002579
-0.000461,0.013027,0.001548
0.001567,0.014055,0.005821
0.000667,0.011901,0.007946
0.000742,0.002352,0.002563
0.001708,-0.009331,-0.002817
0.001633,-0.017836,-0.006074
0.000560,-0.013539,-0.009268
0.000499,-0.001850,-0.004941
0.000487,0.008789,-0.001672
-0.001407,0.016198,0.004730
-0.000312,0.026814,0.010101
-0.001134,0.021476,0.010040
-0.000038,0.012951,0.008912
0.000020,0.002305,0.006723
0.000052,-0.006239,0.007758
0.000031,-0.012600,0.003473
0.000968,-0.014689,-0.000755
0.001856,-0.015724,-0.003933
0.000804,-0.010441,0.001425
0.001726,-0.009373,0.001434
-0.000250,-0.002929,-0.002775
0.000743,0.003451,-0.000610
0.000749,0.012037,-0.005889
0.000804,0.017308,0.000495
0.002820,0.014062,0.004684
0.000953,0.011946,0.002544
0.000034,0.005567,0.000387
0.000041,-0.001911,0.001395
0.001000,-0.008311,0.001374
0.000966,-0.009399,0.003508
0.000937,-0.007220,-0.000683
-0.000056,0.001338,-0.002751
0.000937,0.013003,0.004792
0.001994,0.014035,0.007965
0.002082,0.013010,0.003711
0.001163,0.006650,-0.000610
0.000192,0.001336,-0.002779
-0.002742,0.001376,-0.007036
-0.000822,0.003466,-0.002794
0.002122,0.009837,0.000459
0.000236,0.012975,0.006860
0.002260,0.009774,0.006803
0.002302,0.003437,0.000402
0.001332,-0.006125,-0.003919
-0.000658,-0.010329,-0.010315
0.001213,-0.009176,-0.018794
0.000155,-0.003937,-0.009212
0.000131,0.004558,-0.004894
-0.001794,0.017353,-0.003728
-0.000750,0.022631,0.001639
0.000329,0.016251,-0.000525
-0.000589,0.010930,-0.001613
0.002373,0.004517,-0.000601
0.001387,0.001307,0.000453
0.000408,-0.004048,0.002542
0.000384,-0.006171,0.001469
0.002328,-0.006162,0.000387
-0.000617,-0.000807,-0.001709
-0.001598,0.002414,-0.003831
-0.001582,0.007728,-0.001676
-0.003501,0.008752,0.002577
0.000442,0.005569,0.000414
0.000482,0.006614,0.002539
0.000506,-0.000779,-0.004933
-0.000493,-0.007204,-0.002867
0.001407,-0.008282,-0.001801
0.001364,-0.002986,0.002518
0.000374,-0.004040,0.001454
0.000377,-0.005097,0.000383
0.000354,-0.006117,-0.003843
0.001296,-0.003975,-0.004920
0.000304,0.002417,-0.003810
-0.000671,0.007688,0.002588
-0.000617,0.013032,0.001568
0.001400,0.009788,0.005784
0.001451,0.003394,0.004653
0.000473,-0.004055,0.002466
0.000466,-0.008299,0.000299
0.001369,-0.012470,-0.009267
0.001298,-0.008183,-0.011344
-0.000714,-0.003935,-0.009177
-0.001724,0.002425,-0.004885
-0.001702,0.010910,0.000509
-0.001626,0.015189,-0.000515
-0.000573,0.015155,0.002641
0.000487,0.017260,0.005848
-0.000403,0.011872,0.011113
0.001606,0.006531,0.011069
0.001671,0.005538,0.003625
0.002666,0.001294,0.001437
0.000721,0.000312,-0.007061
0.002646,0.003510,-0.007053
0.001672,0.004597,-0.009186
-0.001274,0.005622,-0.004912
-0.001259,0.008814,-0.003809
-0.003181,0.005611,-0.003836
-0.001216,0.001323,-0.001724
-0.002193,0.001286,0.002539
-0.000255,-0.004069,0.004635
-0.000272,-0.006271,0.010984
0.000713,-0.005203,0.011000
0.001692,-0.005194,0.009919
0.002680,0.003406,0.003613
0.001731,0.006609,0.003626
0.002752,0.014109,0.000481
0.000866,0.014151,-0.003756
0.001888,0.012036,-0.005931
-0.000014,0.008847,-0.006993
-0.001967,0.003533,-0.009154
-0.000019,0.002430,-0.005986
-0.000020,0.001311,-0.000663
-0.001013,-0.000831,0.000386
-0.001007,-0.000872,0.004644
-0.000997,0.003312,0.013169
0.000040,0.007602,0.011098
0.001085,0.014045,0.006897
0.002155,0.017288,0.002667
0.001254,0.013043,0.000513
0.001323,0.009843,0.000492
0.000368,0.003516,-0.006991
0.000341,-0.002824,-0.013427
-0.001658,-0.007136,-0.009198
-0.001736,-0.007232,0.000344
0.000179,-0.005099,0.000355
-0.001771,0.000226,0.001456
-0.000785,0.002391,-0.001736
0.001186,0.010862,0.004683
0.001261,0.017265,0.004754
0.000379,0.014065,0.004754
0.001422,0.013027,0.001534
0.001482,0.008801,-0.002754
0.001490,0.003519,-0.008106
0.000501,0.001387,-0.008090
-0.000498,-0.001804,-0.009165
0.000436,-0.000768,-0.005959
-0.000538,0.005624,-0.004841
-0.001502,0.005581,-0.000597
-0.000501,0.003378,0.006823
0.000492,0.001213,0.009994
0.001507,-0.000893,0.006801
0.001514,0.000203,0.003593
0.001520,0.001291,0.001466
0.003456,0.002421,-0.004898
0.001513,0.004494,0.001465
0.001557,0.010928,-0.001676
0.000621,0.005623,-0.004898
0.001597,0.002452,-0.008130
-0.003276,0.001355,-0.004950
-0.004273,-0.004020,-0.000711
-0.000397,-0.006198,0.003515
-0.004306,-0.010415,-0.001848
-0.004372,-0.015723,-0.003962
-0.000562,-0.010485,0.005613
-0.002531,-0.009538,0.017301
0.000426,-0.009580,0.021545
0.002407,-0.008452,0.015154
0.003362,-0.015826,0.005533
0.004270,-0.017852,-0.005111
0.002229,-0.012506,-0.006125
0.002194,0.002413,-0.003866
0.003163,0.005625,-0.004892
0.000280,0.010982,-0.006953
0.001273,0.005669,-0.009108
0.000316,0.003503,-0.005922
-0.000655,0.003451,-0.000596
-0.003573,0.001253,0.005758
-0.000632,0.003355,0.008960
-0.000582,0.003346,0.009999
0.001394,0.000217,0.002516
0.000404,0.001296,0.001450
0.000418,0.003409,0.003584
0.002380,0.001279,0.002471
0.001436,0.001322,-0.001773
0.001436,-0.002847,-0.011347
0.000406,-0.003902,-0.012396
0.000349,0.001408,-0.010226
0.000338,0.009881,-0.003793
-0.000584,0.013043,0.000521
-0.001471,0.015112,0.006885
-0.000400,0.009759,0.008980
-0.000346,0.004424,0.008940
-0.000308,-0.004104,0.007791
-0.000321,-0.007273,0.004594
0.000615,-0.010402,-0.002889
0.001537,-0.001866,-0.002821
0.000530,0.003489,-0.004917
0.000547,0.006650,-0.000617
-0.002353,0.008816,-0.003789
-0.000371,0.005605,-0.002749
-0.000357,0.002396,-0.001703
0.001596,0.001296,0.001464
0.001609,-0.000880,0.005711
0.000649,0.000199,0.004673
0.000674,-0.000881,0.005732
0.000682,-0.000850,0.002529
-0.001256,0.000268,-0.002774
-0.000275,-0.000780,-0.004933
-0.000292,0.003483,-0.003857
-0.000288,0.005628,-0.004900
-0.002231,0.006691,-0.004875
-0.003195,0.003459,-0.001706
-0.001229,0.001283,0.002512
-0.000254,-0.000828,0.000392
-0.001233,-0.003025,0.006753
-0.000247,0.001200,0.011027
-0.000210,0.003359,0.008937
-0.000186,0.001257,0.005735
0.001782,0.000185,0.005728
0.001807,-0.001952,0.005675
0.000818,-0.007211,-0.001807
0.000775,-0.008237,-0.006074
-0.000255,-0.007147,-0.008201
-0.000317,0.000365,-0.012394
0.000637,0.001395,-0.009207
-0.000339,0.004512,-0.000684
-0.000317,0.007681,0.002534
0.001667,0.004429,0.007853
-0.000229,0.003354,0.008896
0.000784,-0.004073,0.004601
0.000764,-0.008306,0.001415
0.000727,-0.009372,0.001420
-0.000281,-0.002961,0.000394
-0.001257,0.006662,-0.001686
0.000707,0.008785,-0.000599
-0.001188,0.014066,0.004725
0.000825,0.012962,0.008972
-0.000070,0.001267,0.004639
0.001870,-0.011490,-0.000769
0.000829,-0.017818,-0.008252
-0.000271,-0.016710,-0.012500
0.001578,-0.006102,-0.006020
0.000592,0.011966,0.001579
0.000671,0.022573,0.008039
-0.001130,0.025766,0.009113
-0.000983,0.020494,0.002693
0.001040,0.008821,-0.003755
0.001031,-0.004988,-0.010242
-0.001970,-0.004987,-0.010221
-0.001053,-0.011497,0.000319
-0.001111,-0.008305,0.001401
-0.001136,-0.005096,0.000333
-0.000151,0.003373,0.006754
0.001832,0.005476,0.009962
0.002862,0.006575,0.006803
0.001949,0.004484,0.002540
0.004899,0.002354,0.002527
0.002949,-0.002916,-0.003865
0.000977,-0.006068,-0.009197
0.001902,0.000387,-0.014460
-0.000094,0.004639,-0.012280
0.000877,0.010934,-0.001628
-0.001006,0.016217,0.003716
-0.001896,0.014073,0.004765
-0.002802,0.010872,0.004744
-0.000799,0.007660,0.005770
0.001194,0.004474,0.003587
0.001211,0.003398,0.004659
0.001243,0.004463,0.004662
0.002232,0.002393,-0.001723
0.001264,0.001346,-0.003861
0.000270,0.000311,-0.007046
-0.000719,0.001356,-0.004943
-0.000740,-0.001845,-0.004971
0.000220,0.001332,-0.002806
-0.000771,-0.001912,0.001417
-0.001735,-0.004115,0.008824
-0.002700,-0.006214,0.005664
-0.000760,-0.007281,0.005675
0.000201,-0.006204,0.004610
0.000192,0.005555,0.002590
0.002184,0.010870,0.004766
0.002276,0.015127,0.005851
0.002367,0.015158,0.002654
0.002414,0.008818,-0.003789
0.000470,-0.000701,-0.012368
-0.000565,-0.003935,-0.009213
-0.000619,0.000301,-0.006000
-0.000622,0.004494,0.001458
-0.000591,0.008763,0.001502
0.000418,0.010867,0.004717
-0.000463,0.011925,0.005816
0.000574,0.010860,0.005813
0.000634,0.012994,0.005831
-0.000287,0.010883,0.003697
0.001723,0.011952,0.003720
0.001778,0.010910,0.000502
0.000861,0.008786,-0.000585
-0.000105,0.002426,-0.004906
-0.000131,-0.003943,-0.008132
-0.000181,-0.007138,-0.009233
-0.000246,-0.007168,-0.006030
-0.001268,-0.005096,0.000354
-0.000303,-0.002993,0.003563
-0.001260,-0.001962,0.006750
-0.001237,-0.000863,0.003576
0.001699,-0.001919,0.002512
0.000701,-0.004011,-0.001764
-0.001272,-0.003990,-0.003914
0.000655,-0.002903,-0.006041
0.001606,0.001324,-0.001760
0.001608,-0.001824,-0.007100
0.002552,-0.005024,-0.007121
0.000538,-0.005016,-0.008210
0.002471,0.002411,-0.003879
0.001500,0.004536,-0.002786
-0.000421,0.004549,-0.003819
0.000553,-0.000783,-0.003824
0.000534,-0.008261,-0.002823
0.001446,-0.019986,-0.003952
-0.000605,-0.028491,-0.007174
-0.000752,-0.025282,-0.008241
0.000108,-0.014657,-0.003910
-0.000919,0.000227,0.001491
0.001063,0.007678,0.003678
0.000161,0.016223,0.002650
0.000237,0.015134,0.004762
0.001282,0.006639,0.000430
0.001276,-0.003956,-0.007084
0.002198,-0.010348,-0.008208
-0.000793,-0.009302,-0.006070
-0.000847,-0.002951,-0.000688
-0.000829,0.002350,0.002557
-0.001764,0.007707,0.000488
-0.001730,0.003421,0.002572
-0.001703,0.005567,0.001536
-0.000729,-0.001923,0.003607
0.001205,-0.007280,0.005675
0.000205,-0.008327,0.003530
0.002132,-0.009373,0.001392
0.001135,-0.004072,0.004622
0.004043,-0.002953,-0.000694
0.001120,-0.002862,-0.009184
0.002052,-0.001774,-0.011304
0.001035,-0.003954,-0.007085
-0.001908,-0.001852,-0.003883
-0.000957,-0.006164,0.000353
-0.002929,-0.009323,-0.003926
-0.001988,-0.005066,-0.002863
-0.001035,0.002340,0.003575
-0.000048,0.002264,0.011002
0.000015,0.005404,0.017424
0.000069,0.000101,0.014180
-0.000862,-0.002012,0.012032
0.002079,-0.006219,0.005623
0.004981,-0.001910,0.001395
0.003020,0.001336,-0.002800
0.003022,0.008753,0.002570
0.002103,0.009823,0.002585
0.000187,0.003474,-0.002769
0.000170,-0.001809,-0.008127
-0.001835,-0.008211,-0.008169
-0.002859,-0.007195,-0.002827
0.000034,-0.006203,0.004609
-0.000955,-0.005126,0.003586
0.001011,-0.003004,0.004638
0.001008,-0.003004,0.004631
0.000033,-0.001937,0.004641
-0.001909,0.003411,0.003611
0.002006,0.005556,0.002569
0.002035,0.005559,0.001496
0.001079,0.002358,0.001468
-0.000851,-0.006109,-0.004960
0.000067,-0.014614,-0.008218
-0.000993,-0.016770,-0.006114
-0.002066,-0.017868,-0.002934
-0.000187,-0.015796,0.003479
-0.001229,-0.013641,0.001368
-0.000272,-0.003010,0.005705
-0.000266,-0.001932,0.004646
0.001714,0.004447,0.006818
0.000775,0.005524,0.005759
0.002757,-0.000859,0.003582
0.001774,-0.006162,0.000359
0.000779,-0.008288,-0.000741
0.000724,-0.008275,-0.001774
0.000666,-0.009355,-0.000743
-0.001301,-0.008330,0.003524
-0.000361,-0.007293,0.006723
-0.001344,-0.010505,0.007756
-0.001378,-0.014729,0.003474
0.000533,-0.011549,0.005624
0.002439,-0.010472,0.004579
0.001446,-0.004081,0.005682
0.000454,0.000232,0.001461
0.001450,-0.000805,-0.001759
0.000480,-0.002932,-0.002866
-0.000518,0.000313,-0.007075
0.001413,-0.002877,-0.008179
-0.000563,0.002406,-0.002813
-0.000588,-0.001854,-0.003889
-0.001590,-0.007219,-0.000725
-0.001616,-0.015776,0.001357
0.000248,-0.021121,0.002385
0.000164,-0.016821,-0.000739
0.001066,-0.007226,0.000420
0.002012,0.000242,0.000464
0.004005,0.009771,0.007961
0.001169,0.018309,0.008007
0.002229,0.016204,0.004778
0.001343,0.012033,-0.004809
0.000398,0.009909,-0.005896
0.000410,0.004603,-0.009125
-0.001548,0.002437,-0.005960
-0.002537,0.000284,-0.003851
-0.000596,-0.000826,0.000391
-0.000592,-0.003046,0.008882
-0.000594,-0.007326,0.009899
-0.001581,-0.009446,0.008825
0.000358,-0.008346,0.005665
0.000323,-0.004054,0.003587
0.002272,0.003404,0.004685
0.001336,0.009834,0.001538
0.002377,0.014081,0.003691
0.001482,0.011933,0.004699
0.001543,0.004518,-0.000658
-0.000416,-0.004010,-0.001779
-0.000441,-0.008225,-0.007114
-0.000518,-0.008213,-0.008168
-0.000556,-0.001874,-0.001746
-0.000568,0.006665,-0.001673
-0.000531,0.008746,0.003651
0.000508,0.010861,0.005812
-0.000391,0.009783,0.006857
-0.000341,0.007690,0.002573
0.000671,0.005566,0.001487
0.001671,0.008712,0.006806
0.001727,0.008701,0.007874
0.001785,0.010833,0.007880
0.000869,0.004507,0.000425
0.001851,-0.000817,-0.000669
0.001826,-0.008255,-0.003917
0.001782,-0.007175,-0.004956
-0.001185,-0.001787,-0.010228
0.000745,0.003530,-0.008074
-0.000234,0.008812,-0.002716
-0.000202,0.014093,0.002622
-0.001092,0.015117,0.006876
-0.000031,0.015137,0.004740
-0.000931,0.008745,0.003630
-0.000905,0.000205,0.003564
-0.000909,-0.005118,0.002484
0.000047,-0.008272,-0.001811
0.000969,-0.007215,-0.000727
-0.000038,-0.004019,-0.000704
0.000913,-0.003964,-0.005981
0.001848,-0.003954,-0.007056
-0.000123,0.002427,-0.004885
0.000851,0.001311,0.000402
-0.000104,0.007693,0.002587
0.000909,0.005533,0.004692
-0.000981,0.004433,0.007858
0.000019,0.003379,0.006794
-0.000922,0.001321,-0.000631
0.000069,0.004499,0.001492
0.002047,0.006666,-0.001666
0.002075,0.007699,0.001506
0.001122,0.006706,-0.005923
0.001146,0.004563,-0.004888
0.000162,-0.002887,-0.007090
0.000122,-0.003935,-0.009213
-0.001877,-0.005012,-0.008154
-0.000946,-0.001871,-0.001755
-0.000939,0.000179,0.006766
-0.000928,0.000116,0.013153
0.001055,-0.004152,0.013122
0.001084,-0.006265,0.010975
0.001086,-0.000854,0.003615
0.002062,0.004490,0.002581
0.002092,0.011958,0.002625
0.002165,0.016266,-0.001623
0.001247,0.011004,-0.009111
0.001252,0.002537,-0.016639
0.000224,-0.003866,-0.016695
-0.000832,-0.006051,-0.011402
-0.000883,-0.008237,-0.006095
-0.000932,-0.008211,-0.008183
-0.000979,-0.006096,-0.006022
-0.001014,-0.000834,0.001480
-0.000023,0.004483,0.003683
0.000008,0.009776,0.007981
0.001078,0.012945,0.011192
0.001162,0.012944,0.011178
0.003189,0.011927,0.005822
0.000322,0.007702,0.001519
0.002292,0.005588,-0.000628
0.001340,0.001327,-0.001740
0.002301,-0.005065,-0.002857
0.001288,-0.007133,-0.009235
-0.000732,-0.009267,-0.009247
-0.000811,-0.007154,-0.007113
-0.002787,0.002409,-0.002772
0.000163,0.010915,0.000500
-0.000736,0.019378,0.008008
-0.001578,0.021465,0.012258
-0.000459,0.020409,0.011195
0.000609,0.014074,0.004786
-0.000327,0.001291,0.002566
0.000645,-0.005125,0.003572
0.001586,-0.008329,0.003502
0.002537,-0.010455,0.002416
0.002485,-0.010402,-0.002896
0.001492,-0.001863,-0.002829
0.000503,0.004507,0.000396
0.000551,0.003398,0.004631
-0.000392,0.002384,-0.000677
0.000587,-0.003995,-0.002848
-0.002385,-0.009330,-0.002888
-0.001454,-0.005062,-0.002844
-0.001491,-0.005114,0.002468
-0.000520,-0.001938,0.004612
0.000458,0.002308,0.006758
0.001473,0.003346,0.009949
0.002486,0.000146,0.009935
0.001529,-0.001957,0.006748
0.002517,0.001264,0.004626
0.001569,0.001300,0.001449
0.002546,0.005611,-0.002765
0.001594,0.007807,-0.009105
0.001617,0.010954,-0.003785
0.000678,0.010976,-0.005901
-0.000274,0.007754,-0.003800
-0.001232,0.000253,-0.000675
-0.002227,-0.006128,-0.002853
-0.001301,-0.008281,-0.000744
-0.000354,-0.007244,0.002469
0.000594,-0.007278,0.005653
0.001569,-0.008345,0.005651
0.000582,-0.008365,0.007787
0.001538,-0.009388,0.003547
0.003448,-0.013603,-0.001788
0.001448,-0.010349,-0.007072
0.001377,-0.002872,-0.008095
0.000384,0.001364,-0.004875
-0.002542,0.010946,-0.002697
-0.001508,0.017285,0.003732
-0.001415,0.010824,0.008947
-0.001353,-0.003046,0.008861
-0.000392,-0.015828,0.006633
-0.001430,-0.022220,0.005523
0.001397,-0.023256,0.002324
0.000347,-0.013650,0.002422
0.003219,-0.002981,0.002494
0.000313,0.006612,0.003639
0.000375,0.009791,0.005776
0.002374,0.004486,0.002525
0.002411,0.001306,0.000375
0.003392,-0.000773,-0.004921
0.000443,-0.005058,-0.002816
0.000403,-0.008271,-0.001790
0.000357,-0.007192,-0.002828
0.000322,-0.012517,-0.003936
-0.000723,-0.012477,-0.008200
-0.000811,-0.011440,-0.004987
0.000126,-0.001870,-0.001741
-0.000854,0.001299,0.001470
0.001109,0.005546,0.003622
0.000171,0.006569,0.007848
0.000223,0.005556,0.002533
0.001201,-0.005095,0.000311
0.002134,-0.008277,-0.001845
0.000150,-0.010380,-0.005047
-0.001849,-0.006097,-0.006093
0.001062,0.002399,-0.001754
0.001056,0.006683,-0.003858
0.001082,0.012011,-0.002708
