0.000661,0.004891,-0.001134
-0.000291,0.000634,-0.002245
0.001671,-0.002621,0.004142
-0.000317,-0.006746,0.002772
0.000606,-0.006762,0.004905
-0.000408,-0.002462,0.001723
0.002517,0.001821,0.001720
0.001539,0.004997,0.002859
0.001537,0.006061,0.003921
0.000581,0.001785,0.003906
0.003523,-0.001408,0.002808
0.003493,-0.008890,0.002777
0.001481,-0.009944,0.002736
0.001403,-0.012067,0.001642
0.000368,-0.007788,0.000606
0.002267,-0.012060,0.001624
0.001639,-0.015253,0.001578
0.001076,-0.017425,0.004795
0.001158,-0.037681,0.002483
0.003135,-0.072921,0.005390
0.000176,-0.072945,0.007544
0.000846,-0.071918,0.012887
0.001412,-0.063371,0.011885
0.001935,-0.049484,0.011965
-0.003061,-0.022779,0.008981
-0.000946,-0.004631,0.005978
0.009253,0.007026,-0.060636
0.057895,0.058635,-0.162657
0.061971,0.067339,-0.089820
0.012300,0.037136,-0.008700
-0.002290,0.022001,0.004231
0.001446,0.029567,-0.002233
0.003372,0.032725,0.001045
0.004990,0.027413,0.000940
0.001398,0.023126,0.004090
-0.001813,0.011413,0.001835
-0.005099,0.000720,0.003892
-0.003096,-0.011011,0.001682
-0.002602,-0.004645,0.007063
-0.006317,0.001776,0.007067
-0.006148,0.012441,0.008220
-0.005885,0.018828,0.010407
-0.004577,0.018801,0.013613
-0.003271,0.013441,0.016769
-0.002979,0.011295,0.017830
-0.003749,0.005974,0.014609
-0.003643,0.000663,0.011361
-0.003601,0.003874,0.010317
-0.003520,0.010344,0.002876
-0.002404,0.010386,-0.001417
-0.003208,0.010393,-0.001434
-0.003935,0.008258,-0.001451
-0.001784,0.001841,-0.000422
-0.002617,-0.004558,-0.001531
-0.001537,-0.005617,-0.003653
-0.002495,-0.004581,0.000621
-0.001524,-0.002449,0.000646
-0.001544,0.000742,0.002790
-0.001483,0.005030,-0.000362
-0.001375,0.003945,0.001767
-0.002266,-0.005666,0.001705
-0.002167,-0.009976,0.007007
-0.003125,-0.015309,0.006956
-0.002180,-0.012089,0.004843
-0.004165,-0.002504,0.008109
-0.003187,0.002854,0.006004
-0.001130,0.005057,-0.001477
0.000938,0.009305,0.000702
-0.001877,0.006115,-0.001445
-0.002683,0.006100,-0.000359
-0.002546,0.001836,-0.000408
-0.003460,-0.002464,0.002775
-0.001497,-0.005673,0.003816
-0.001547,-0.006755,0.005937
-0.002598,-0.005694,0.007007
-0.002635,-0.001437,0.008118
-0.001664,0.000696,0.008140
-0.001623,0.003904,0.007105
-0.001578,0.003940,0.001781
-0.000488,0.007139,0.001815
-0.001347,0.008220,-0.000305
-0.000298,0.008255,-0.002487
-0.001187,0.005035,-0.001422
-0.001106,0.000797,-0.005721
0.000884,-0.004564,-0.002559
-0.001117,-0.006736,0.002750
0.000820,-0.005621,-0.001551
-0.001123,-0.002464,0.002775
-0.001168,0.000753,0.001717
0.000836,0.006087,0.001767
-0.001085,0.005018,0.001762
-0.001025,0.007140,0.002856
0.000037,0.010357,0.000751
0.000110,0.002901,-0.000393
0.000150,-0.002443,-0.000415
-0.002780,-0.009893,-0.001578
0.000105,-0.013118,0.000551
0.000047,-0.015225,-0.001630
-0.000025,-0.016295,-0.001632
0.000902,-0.014148,-0.000601
0.000819,-0.014151,-0.001640
-0.000214,-0.012054,0.002660
0.000747,-0.010977,0.000551
-0.000235,-0.014178,0.001567
-0.001239,-0.013142,0.002706
-0.002291,-0.011020,0.005893
-0.000358,-0.006750,0.005924
-0.001381,0.000715,0.006000
-0.002339,0.007143,0.003895
-0.002268,0.011446,-0.001388
0.000709,0.012510,-0.001369
0.000808,0.008226,-0.001366
0.000876,0.005038,-0.001428
-0.001034,0.001810,0.001753
-0.000045,0.001789,0.002853
-0.000990,0.002902,-0.001441
-0.000993,0.002901,-0.001437
0.000004,0.005014,0.002819
-0.000945,0.006075,0.003889
0.000084,0.009295,0.001776
-0.000875,0.007137,0.003913
0.002121,0.003956,0.001741
-0.001734,0.003933,0.003893
0.000260,0.005028,0.001737
0.001266,0.006090,0.001759
0.000326,0.007177,-0.001421
0.001331,0.002901,0.000654
-0.001593,0.001834,0.000645
-0.001597,-0.000341,0.004918
-0.001609,-0.001393,0.003823
-0.000623,-0.004547,-0.000510
0.000328,-0.005604,-0.002638
-0.000669,-0.006656,-0.005827
0.000324,-0.004456,-0.013301
0.000317,-0.004463,-0.012234
0.001317,-0.007639,-0.015465
0.000363,-0.009758,-0.017614
0.001355,-0.010873,-0.012270
0.001335,-0.014084,-0.011225
-0.000637,-0.011979,-0.007993
0.000300,-0.001347,-0.003619
-0.001612,0.010416,-0.005674
-0.000573,0.014649,-0.001364
0.000504,0.021046,-0.001297
0.000618,0.017844,-0.001319
0.000725,0.012513,-0.002420
-0.000181,0.005009,-0.000306
0.000835,0.002890,-0.001410
-0.001112,0.002894,-0.001419
-0.000118,-0.001339,-0.004685
-0.000135,-0.005572,-0.006905
0.001813,-0.005600,-0.004740
-0.000126,-0.006635,-0.009014
0.001851,-0.003414,-0.010086
-0.001043,-0.001294,-0.007939
-0.001028,0.002937,-0.003622
-0.001002,-0.000256,-0.004717
-0.000017,-0.001376,0.001687
-0.000021,-0.004582,0.002719
-0.002976,-0.005681,0.004885
-0.002042,-0.006746,0.004870
0.000828,-0.004603,0.003818
-0.000155,-0.005620,-0.002594
-0.001135,-0.005624,-0.002585
0.000818,-0.002386,-0.006836
0.000855,-0.002359,-0.009000
0.000886,-0.010876,-0.012261
0.000912,-0.011957,-0.010141
-0.000078,-0.009811,-0.010154
-0.002056,-0.008756,-0.009068
0.000852,-0.006611,-0.009079
0.001831,-0.004483,-0.009044
0.000854,-0.004483,-0.007998
0.001833,-0.005615,-0.002608
-0.000135,-0.006694,-0.001541
-0.001146,-0.005632,-0.000473
-0.000174,-0.003527,0.001714
-0.000198,-0.003513,-0.000415
0.000761,-0.001376,0.000643
0.000771,-0.002431,-0.000443
0.001744,-0.003491,-0.001518
0.002737,-0.005631,-0.000475
-0.000202,-0.007741,-0.002648
-0.000213,-0.013095,-0.000552
-0.000268,-0.011992,-0.004820
0.001646,-0.013032,-0.006993
0.001592,-0.015169,-0.007002
0.000572,-0.015162,-0.009113
0.000496,-0.014106,-0.006983
0.001397,-0.017329,-0.004862
0.000395,-0.015193,-0.004851
0.000311,-0.012020,-0.001611
0.000269,-0.010920,-0.004827
0.000260,-0.004531,-0.003690
-0.000742,-0.007713,-0.004810
-0.001723,-0.003442,-0.005828
-0.000737,-0.006614,-0.009071
-0.001709,-0.005557,-0.009035
-0.000717,-0.006609,-0.010130
0.000277,-0.009805,-0.011214
0.000248,-0.012953,-0.017657
-0.000703,-0.015077,-0.017701
-0.000729,-0.021473,-0.017770
0.001180,-0.027855,-0.021017
0.001102,-0.029994,-0.019977
-0.000966,-0.028927,-0.019969
-0.000069,-0.027882,-0.016763
0.000809,-0.020425,-0.014577
-0.000243,-0.017275,-0.008140
0.000695,-0.019434,-0.006001
0.000665,-0.017317,-0.004895
0.000615,-0.017323,-0.004877
0.000533,-0.012006,-0.001645
0.001467,-0.009873,-0.000578
0.000414,-0.015280,0.008973
-0.001648,-0.018528,0.015343
-0.000778,-0.024936,0.015304
0.000023,-0.028131,0.013169
0.000847,-0.030245,0.009962
0.001653,-0.024936,0.012168
0.002485,-0.018472,0.004740
0.000494,-0.005581,-0.004789
0.000490,-0.001273,-0.011131
0.000546,0.004045,-0.009993
0.000639,0.005157,-0.014284
0.000737,0.005131,-0.011078
0.001756,-0.000219,-0.011086
0.001768,-0.006652,-0.006879
0.002706,-0.006693,-0.001544
0.002632,-0.004558,-0.001527
0.000633,-0.001402,0.003847
0.000611,0.001813,0.002794
0.001601,0.006049,0.005004
0.000650,0.007111,0.006072
-0.000299,0.011385,0.005051
0.000740,0.014569,0.005121
0.001770,0.011395,0.003979
-0.000113,0.012446,0.005074
-0.001049,0.015662,0.004017
0.000957,0.013573,-0.000302
-0.000925,0.012484,0.001838
0.001077,0.010375,-0.001385
0.001143,0.010343,0.001838
-0.000768,0.011442,-0.002420
0.000282,0.013582,-0.002417
0.001375,0.016811,-0.005598
0.002455,0.014657,-0.004521
0.000559,0.011435,-0.001358
0.000630,0.008238,-0.001394
0.000654,0.003935,0.003889
0.000663,0.001829,0.000661
-0.001317,0.000760,0.001703
-0.001319,0.002884,0.002793
0.001619,0.003981,-0.000414
0.000671,0.006122,-0.001459
0.000710,0.004017,-0.004691
0.000783,0.004015,-0.004684
0.000825,0.000855,-0.009002
-0.000107,-0.007713,-0.006902
0.000862,-0.014097,-0.009098
0.001760,-0.016238,-0.008052
0.000701,-0.018418,-0.003766
0.001597,-0.016280,-0.003756
0.000524,-0.010963,-0.000527
-0.000482,-0.002414,-0.001533
0.002434,-0.002426,-0.000455
0.001463,0.002909,0.000636
-0.001428,0.006104,0.000678
0.000553,0.003967,0.000669
0.001556,0.000769,0.000635
0.000586,-0.001393,0.003825
0.000573,-0.001373,0.000637
-0.000418,0.000771,-0.000416
-0.000423,-0.000293,-0.000433
0.002504,-0.000274,-0.002577
0.001541,0.001840,-0.000414
0.001533,-0.000288,-0.001492
0.001533,-0.001352,-0.001510
-0.000400,0.001815,0.002790
-0.000413,0.003967,0.000669
0.001545,0.008236,0.000704
0.001627,0.010364,0.002830
0.000681,0.009295,0.002826
0.003664,0.009330,-0.001449
0.000771,0.006118,-0.000401
0.001772,0.002923,-0.002536
0.000836,0.002934,-0.003609
0.000831,-0.000272,-0.003625
0.001839,-0.000250,-0.006820
0.002813,0.000807,-0.004693
0.002830,0.001888,-0.006813
0.000917,0.000830,-0.007890
0.001910,-0.002382,-0.005797
0.001915,-0.001327,-0.004711
0.000926,-0.001357,-0.000450
-0.001057,-0.002457,0.003807
-0.000094,-0.004567,0.001638
0.000864,-0.008835,0.000555
-0.000146,-0.003533,0.004871
-0.000167,-0.002427,0.000595
-0.001157,0.007140,0.003907
-0.002136,0.011405,0.005000
-0.002116,0.011377,0.008208
-0.001069,0.010266,0.013543
0.000877,0.008133,0.012476
0.001844,0.004915,0.013538
0.000886,0.010277,0.011424
0.001845,0.010273,0.011433
0.000906,0.010287,0.009305
0.000949,0.011398,0.003970
0.001968,0.007142,0.002858
0.003007,0.007163,0.000711
0.003038,-0.000262,-0.004699
0.001103,-0.000267,-0.003639
0.002076,-0.001308,-0.005807
0.002069,-0.004545,-0.001557
0.001061,-0.002398,-0.002618
0.001043,0.002900,0.001707
0.001035,0.007141,0.004953
0.001094,0.010331,0.006056
0.000148,0.012436,0.009287
0.001173,0.010338,0.003945
0.001216,0.008154,0.009286
-0.000756,0.001777,0.004980
0.001215,-0.000357,0.006010
0.000188,-0.001419,0.004942
0.000131,-0.000357,0.007054
0.001089,0.000716,0.006002
0.001092,-0.000318,0.003813
0.003039,-0.000321,0.003823
0.000081,-0.002437,0.002714
0.001039,-0.001377,0.002740
0.002011,-0.000345,0.007021
0.001016,-0.000339,0.005961
0.000024,0.000743,0.003840
0.000987,0.002860,0.005994
0.001954,0.000704,0.007077
0.000959,-0.000346,0.004931
0.000942,-0.000333,0.003855
-0.000053,-0.001407,0.003865
0.001901,-0.002462,0.002778
-0.001059,-0.001388,0.000676
0.001850,0.001850,-0.002533
0.000904,0.007173,-0.000363
0.001914,0.006095,0.001748
0.000965,0.006079,0.002835
0.001958,0.006077,0.002844
0.000988,0.003911,0.007093
0.000997,0.004994,0.004968
0.001971,0.004988,0.006028
0.000994,0.004975,0.007107
0.001996,0.007108,0.008174
-0.000939,0.004994,0.004966
0.001026,0.000714,0.007053
0.001001,-0.004625,0.007018
0.001921,-0.012085,0.005883
0.000867,-0.019534,0.002628
0.001694,-0.025963,0.006826
0.000537,-0.022758,0.006845
-0.000562,-0.018482,0.006860
0.000304,-0.015253,0.004724
0.002179,-0.012046,0.003689
0.001127,-0.018501,0.007955
0.001031,-0.024904,0.006855
-0.001051,-0.014256,0.011191
-0.001165,-0.012125,0.009125
0.001684,-0.012132,0.011236
0.000614,-0.008955,0.013416
0.000545,-0.000390,0.011325
0.000505,0.004992,0.007065
-0.000447,0.001834,0.000649
0.000539,0.000738,0.004898
0.001524,0.003932,0.003899
-0.000413,0.005003,0.003898
-0.000397,0.007166,-0.000342
0.001593,0.010354,0.001811
0.001652,0.010418,-0.004629
0.003672,0.008291,-0.003622
0.001765,0.002929,-0.002551
0.001762,-0.006679,-0.001575
0.000733,-0.010950,-0.001603
0.000660,-0.015264,0.003707
-0.000447,-0.015246,0.001571
-0.001507,-0.013122,0.003706
0.000374,-0.006739,0.005901
0.001316,-0.002459,0.003814
0.001345,0.005017,0.002818
0.000424,0.013561,0.001824
-0.000520,0.014607,0.003979
0.001503,0.011408,0.003946
-0.000425,0.011351,0.011416
0.000577,0.008132,0.013528
0.000554,0.003849,0.014572
0.001506,0.003900,0.009210
-0.000443,0.005005,0.005986
0.001539,0.006104,0.001728
0.001554,0.008272,-0.001480
0.002572,0.004019,-0.004692
0.001649,0.001893,-0.004734
0.001649,-0.001293,-0.007938
0.002648,-0.003457,-0.004740
0.001653,-0.002395,-0.003672
-0.001290,0.000802,-0.003635
0.000681,0.003980,-0.001455
0.000703,0.008242,0.000689
0.000739,0.009289,0.002843
0.000776,0.008202,0.004978
0.001804,0.007124,0.004997
0.001804,0.004956,0.009251
0.000818,0.002826,0.008175
0.001780,-0.000403,0.010312
0.002690,-0.018564,0.011259
0.004525,-0.019715,0.021927
-0.006541,-0.021881,0.021992
0.000259,-0.013171,0.004878
0.004153,0.000737,0.002812
0.000128,0.000703,0.008129
0.002159,0.005035,0.001723
0.000221,0.005033,0.001730
-0.000764,0.001781,0.008109
0.001213,-0.002451,0.002749
0.001199,-0.005681,0.006981
0.000119,-0.012079,0.005868
0.000990,-0.008863,0.003764
-0.000040,-0.002473,0.005946
-0.000067,-0.005662,0.003792
0.001843,-0.006675,-0.002633
0.000860,-0.007742,-0.002642
0.000821,-0.007729,-0.003722
-0.000168,-0.009851,-0.004816
0.000767,-0.011971,-0.006962
0.002688,-0.010897,-0.006972
0.001677,-0.010891,-0.008032
0.001663,-0.009856,-0.003758
0.002578,-0.008782,-0.004811
0.001567,-0.008807,-0.002656
0.001507,-0.012043,0.001590
0.002419,-0.015222,-0.001632
0.001374,-0.021646,0.000459
0.002234,-0.018443,0.000484
-0.000794,-0.017385,0.001564
0.001024,-0.019506,0.001511
0.001944,-0.012027,0.000504
-0.001084,-0.003530,0.004863
-0.002063,0.003953,0.003844
-0.000053,0.013583,0.000721
0.001020,0.013616,-0.004595
0.000137,0.010362,-0.000300
0.002166,0.010363,-0.001350
-0.000702,0.010355,-0.000282
0.001315,0.011458,-0.004552
0.000406,0.009318,-0.003509
0.001404,0.009318,-0.002459
0.002454,0.008257,-0.002486
0.001509,0.009312,-0.000354
0.000589,0.005044,-0.001437
0.002565,0.002895,0.001724
0.003564,-0.001357,-0.000447
0.001608,-0.002393,-0.003676
0.002582,-0.003481,-0.001538
0.002557,-0.002406,-0.002595
0.001564,0.000805,-0.003639
0.001598,0.002930,-0.003599
0.002604,0.001869,-0.003626
0.001656,-0.001356,-0.001498
0.000680,-0.000288,-0.001490
0.002633,-0.002408,-0.003638
0.000646,-0.000305,0.000645
-0.000349,-0.002457,0.001719
0.000618,-0.003509,0.000624
0.002578,-0.004567,-0.000453
0.002569,-0.006678,-0.002625
0.001555,-0.007752,-0.001568
0.000545,-0.002412,-0.001536
-0.001459,-0.002466,0.004880
-0.000506,-0.003530,0.004862
0.001417,-0.005694,0.009107
0.001353,-0.006739,0.005902
0.001319,-0.007802,0.004837
0.001254,-0.003477,-0.001551
0.001264,0.000793,-0.001518
0.000317,0.007241,-0.006812
0.000418,0.007273,-0.011078
0.001481,0.009390,-0.008924
-0.000405,0.006232,-0.014292
0.001621,0.003051,-0.016464
0.001666,-0.001219,-0.016497
0.002679,-0.005515,-0.013324
0.002693,-0.006577,-0.013345
0.002678,-0.006600,-0.010148
0.002685,-0.003396,-0.010129
0.000735,-0.004507,-0.004794
0.001706,-0.005571,-0.004811
0.001686,-0.008797,-0.002680
0.000669,-0.006661,-0.002666
-0.000355,-0.007790,0.002714
0.000582,-0.006708,0.000592
0.001544,-0.003505,0.000617
0.002508,0.001862,-0.002560
0.000582,0.005046,-0.000398
0.000612,0.002952,-0.004702
0.000642,-0.002364,-0.006890
0.003576,-0.010902,-0.006957
0.001589,-0.011975,-0.005905
0.001530,-0.014142,-0.001655
0.000461,-0.017343,-0.000639
-0.001593,-0.015244,0.002610
-0.000690,-0.005655,0.004822
0.001239,-0.000333,0.003855
0.000265,0.007134,0.004972
0.002258,0.009285,0.001808
0.002324,0.010372,-0.001372
0.000454,0.007203,-0.004618
0.001495,0.004008,-0.004661
0.002505,-0.000252,-0.006812
0.001535,-0.002366,-0.008975
0.002508,-0.008760,-0.010097
0.001497,-0.008759,-0.009056
0.002459,-0.005541,-0.010118
0.001487,-0.004468,-0.011169
0.001476,-0.005561,-0.007973
0.001480,-0.003444,-0.005819
0.001480,0.001881,-0.004700
0.001507,0.002927,-0.002545
0.001527,0.006119,-0.001448
0.001590,0.007198,-0.002518
0.000675,0.007182,-0.000383
-0.000258,0.009310,-0.000349
0.000754,0.005054,-0.001463
0.000772,-0.003498,-0.000451
0.001711,-0.006708,0.000592
0.001670,-0.009919,0.001636
0.000629,-0.008835,-0.000493
0.001570,-0.009872,-0.003716
0.001527,-0.006638,-0.005864
0.002507,-0.004542,-0.001564
0.001526,-0.003450,-0.004758
0.001515,-0.005608,-0.001578
0.001512,-0.004552,-0.000493
0.000511,-0.001360,-0.000441
0.000509,0.005043,0.000659
0.001513,0.009297,0.001779
0.000593,0.008255,-0.001435
0.000641,0.011443,0.000718
-0.000263,0.009324,-0.001431
0.000777,0.007199,-0.003567
0.000807,0.000806,-0.004689
0.000801,-0.001334,-0.003646
0.001799,-0.002387,-0.005782
0.002768,0.001907,-0.007905
0.004785,0.000852,-0.008989
0.003820,-0.000218,-0.007947
0.002831,-0.000242,-0.005794
0.002866,-0.000259,-0.003657
0.001877,0.001888,-0.004719
0.001852,0.000784,0.000598
0.000894,-0.002453,0.003801
-0.000059,-0.000308,0.001698
-0.001026,-0.000281,-0.001509
-0.000048,0.007182,-0.000382
0.000007,0.011453,-0.000355
0.000041,0.012517,0.001754
-0.000883,0.011415,0.006019
0.000122,0.006080,0.004927
0.000126,-0.003526,0.004853
0.003013,-0.009934,0.004812
0.001957,-0.012088,0.006938
0.001857,-0.013136,0.003741
0.003762,-0.005662,0.003793
0.002765,-0.000269,-0.002587
0.003786,0.006161,-0.005742
0.001890,0.005106,-0.006829
0.001957,0.004061,-0.007939
0.001024,-0.000201,-0.010082
0.001013,-0.005558,-0.007982
0.002957,-0.005570,-0.006905
0.001962,-0.007680,-0.008030
0.000921,-0.006664,-0.002660
0.000912,-0.003472,-0.001562
0.000892,0.000782,-0.000442
0.000905,0.000756,0.001716
0.002860,-0.001405,0.004905
-0.000098,-0.003517,0.002739
-0.000141,-0.005640,0.001645
0.002760,-0.008835,0.000556
0.000759,-0.006682,-0.001565
0.000738,-0.000243,-0.004745
0.000741,-0.001347,0.000572
0.002705,-0.005582,-0.002688
0.001739,-0.008790,-0.003745
0.001723,-0.009862,-0.002694
-0.000278,-0.008816,-0.000539
0.000662,-0.009876,-0.002657
0.000592,-0.007764,0.000557
0.000553,-0.002428,0.000596
-0.000410,0.005009,0.002837
0.001575,0.010377,0.000707
0.000651,0.013555,0.002888
0.001700,0.014643,0.000749
0.002762,0.015698,0.001836
0.001849,0.011474,-0.003543
-0.000021,0.006130,-0.003566
0.002906,0.000786,-0.002545
0.001910,-0.003485,-0.001527
0.001915,-0.005635,-0.000459
0.002872,-0.004529,-0.004734
0.001881,-0.000270,-0.001538
0.003836,-0.001332,-0.002606
0.003853,0.000776,0.000618
0.001902,0.000764,0.001696
0.001908,0.002899,0.001711
0.001906,-0.000319,0.002773
0.002881,-0.002480,0.005963
0.001863,-0.002477,0.003862
-0.000139,0.001792,0.003898
-0.000141,-0.000336,0.003863
0.000827,-0.001422,0.004949
0.000773,-0.004614,0.004897
0.001726,-0.005674,0.003829
0.001678,-0.002465,0.003836
-0.000315,-0.002448,0.001697
0.000656,-0.003509,0.001671
0.002606,-0.002464,0.003829
0.000609,-0.002487,0.007026
0.002572,-0.003504,0.001660
0.002531,-0.003510,0.002719
0.002500,-0.004578,0.002713
0.001510,0.000717,0.007047
0.000527,0.006071,0.004951
-0.000482,0.008203,0.004977
0.000562,0.011423,0.002863
0.000611,0.009290,0.001796
0.001639,0.008226,0.001779
0.000682,0.001822,0.001730
0.000689,-0.000293,-0.001476
0.000690,-0.002428,-0.001493
0.001641,-0.003500,-0.000444
0.002620,-0.003482,-0.002581
0.002626,-0.004547,-0.002596
0.001610,-0.003482,-0.001537
0.004515,-0.000293,0.000615
0.002548,0.005030,0.002784
0.000597,0.007160,0.003860
0.001602,0.006057,0.008127
0.001617,-0.000345,0.007023
0.003586,-0.001400,0.005937
0.001584,-0.002476,0.005953
0.000563,-0.001424,0.007048
-0.001441,0.001760,0.010258
-0.000521,0.000696,0.010241
0.000393,-0.005750,0.015527
0.001285,-0.007867,0.013373
0.002200,-0.004650,0.011269
0.001147,-0.000390,0.012371
0.001125,0.008187,0.007110
-0.000796,0.012465,0.006075
0.001227,0.017873,-0.002435
0.003317,0.020003,-0.001358
0.002442,0.016800,-0.001382
0.001555,0.012535,-0.002475
0.000638,0.007197,-0.002510
0.001638,0.003959,0.001740
0.002604,-0.003495,0.000589
0.001578,-0.004597,0.004856
0.001536,-0.004554,-0.000487
0.000520,-0.008837,0.001608
0.000483,-0.005614,-0.000514
0.000441,-0.006702,0.001624
0.001392,-0.008867,0.004823
0.000363,-0.009901,0.001591
0.000315,-0.007744,-0.001589
-0.000729,-0.005639,0.003735
0.001198,-0.001339,-0.000493
0.001183,-0.005616,0.001584
0.002145,-0.005615,0.000536
0.002119,-0.009894,0.001571
0.003053,-0.010976,0.001601
0.001995,-0.008876,0.005893
0.001943,-0.006729,0.003784
0.000900,-0.006736,0.005894
0.001822,-0.001401,0.005942
0.000815,0.000709,0.008114
0.000789,0.000719,0.008088
0.000781,-0.000350,0.007038
0.001734,-0.004562,0.000580
0.000761,-0.002423,0.000588
0.001710,-0.007744,-0.000542
0.001683,-0.005563,-0.006920
0.000709,-0.004506,-0.004796
0.002648,-0.000239,-0.004754
0.001679,-0.002347,-0.007979
0.002651,-0.001306,-0.004765
0.002665,-0.000245,-0.004738
0.002671,0.001882,-0.004703
0.002713,0.002948,-0.004689
0.000755,0.005063,-0.001484
0.000776,0.002897,0.001717
0.000811,0.003989,-0.000431
0.001794,0.001829,0.001711
0.001793,-0.001370,0.001677
0.000805,-0.006711,0.002693
0.000746,-0.010975,0.001600
0.000659,-0.013120,0.002654
0.002563,-0.012040,0.001585
0.001533,-0.010961,0.000515
0.002447,-0.014136,-0.002716
0.002403,-0.014140,-0.002706
0.002351,-0.011975,-0.005905
0.001299,-0.017342,-0.002731
0.002183,-0.019512,0.001527
0.003055,-0.019530,0.004713
0.002924,-0.036601,0.004562
0.006562,-0.062227,0.006476
-0.001548,-0.067539,0.002187
0.001815,-0.094197,-0.000179
-0.003440,-0.081391,0.003063
-0.000949,-0.062148,-0.002096
0.003663,-0.046151,0.000156
-0.000448,-0.032248,-0.003991
-0.002549,-0.014112,-0.003823
-0.003499,-0.002379,-0.004757
0.000435,0.006152,-0.005714
0.001491,0.010430,-0.006751
0.000633,0.015759,-0.007733
0.002691,0.017876,-0.004531
0.000836,0.015748,-0.004566
0.001904,0.013557,0.002883
0.003895,0.012506,0.001788
0.000043,0.007158,0.001774
0.002036,0.004005,-0.002562
0.004026,-0.002396,-0.002620
0.004010,-0.001305,-0.004767
0.000092,0.004012,-0.002580
0.000096,0.004021,-0.003649
0.001108,0.006122,0.000636
-0.001808,0.003982,0.001679
-0.001776,0.003990,0.000612
0.000206,0.005061,0.000612
0.001219,0.006122,0.000637
0.002232,0.001891,-0.003680
0.002233,0.001880,-0.002604
0.003257,0.002968,-0.006835
0.003319,0.004059,-0.008979
0.004339,0.002970,-0.006840
0.003381,0.000845,-0.008971
0.001451,0.005079,-0.004663
0.004433,0.004071,-0.011099
0.002545,0.009373,-0.006782
0.002604,0.010442,-0.006783
0.000720,0.010442,-0.006783
0.000818,0.009412,-0.010025
0.002859,0.005145,-0.010067
0.002916,-0.000219,-0.007945
0.002926,-0.007675,-0.009089
0.001953,-0.007664,-0.010162
-0.000043,-0.008735,-0.010161
0.001897,-0.008723,-0.010195
0.001876,-0.008754,-0.008021
0.002809,-0.014090,-0.007017
0.001786,-0.011962,-0.006982
0.001751,-0.014119,-0.005897
0.001698,-0.007706,-0.006916
0.000685,-0.002387,-0.004737
-0.000274,0.000826,-0.004739
0.001736,0.008284,-0.003599
-0.000166,0.008298,-0.003635
0.001875,0.005100,-0.004719
-0.000058,0.001904,-0.005803
0.000937,-0.001310,-0.003708
0.000938,-0.004477,-0.008008
0.002903,-0.003406,-0.009055
0.002928,-0.001241,-0.012253
0.002951,-0.000162,-0.013319
0.003986,0.000910,-0.014371
0.003059,0.000900,-0.013298
0.003078,-0.004446,-0.012271
0.003086,-0.009813,-0.009098
0.002085,-0.008754,-0.008021
0.002053,-0.008746,-0.008043
0.001038,-0.007696,-0.005897
0.002022,0.000807,-0.001553
0.001053,0.007196,-0.000417
-0.000878,0.011427,0.002852
-0.001794,0.010374,0.000715
0.002166,0.011398,0.005022
0.001244,0.010352,0.000775
0.001306,0.009250,0.003993
0.000382,0.008239,-0.002437
0.000417,0.009277,0.000785
0.000464,0.011428,-0.000285
0.000508,0.012514,-0.001373
0.004488,0.009324,-0.002475
0.003564,0.012521,-0.002438
0.002649,0.007230,-0.006781
0.002687,0.007206,-0.003579
0.001761,0.009307,-0.000338
0.000852,0.008240,-0.000347
0.002856,0.013561,0.000781
0.001944,0.011435,-0.000305
0.002009,0.011395,0.005030
0.002038,0.009282,0.002865
0.001112,0.011429,0.001804
0.001167,0.010389,-0.001415
0.000256,0.006141,-0.003594
0.003230,0.000795,-0.003611
0.001292,0.001844,-0.001465
0.000303,0.004018,-0.005734
0.002298,0.005110,-0.007881
0.003324,0.006165,-0.006794
0.003396,0.005092,-0.005743
0.002464,0.012556,-0.005664
0.001555,0.016834,-0.006700
0.001686,0.018995,-0.007798
0.003752,0.016819,-0.003522
0.001895,0.010379,0.000703
0.000966,0.002930,-0.002551
0.000984,-0.002391,-0.004724
0.001975,-0.001340,-0.003628
0.000987,0.002961,-0.006816
0.001974,0.008295,-0.004674
-0.000915,0.012506,0.001784
-0.001833,0.015708,0.001809
-0.000802,0.009257,0.008158
0.002162,0.009250,0.008176
0.001242,0.012458,0.007141
0.002268,0.017795,0.007182
0.001390,0.023181,0.001867
0.002515,0.033890,-0.002325
0.002758,0.048877,-0.007555
0.001100,0.059632,-0.018142
0.000526,0.058574,-0.018173
0.001874,0.059686,-0.023508
0.002254,0.054348,-0.022501
0.000621,0.055382,-0.019268
-0.001007,0.059664,-0.021360
0.001314,0.066075,-0.021328
0.003668,0.072416,-0.013792
0.003112,0.088394,-0.010444
-0.000309,0.096929,-0.010368
0.001238,0.117192,-0.008074
0.000876,0.124649,-0.009025
0.002527,0.123564,-0.006896
0.002193,0.114989,-0.003731
0.002784,0.108576,-0.002712
0.003260,0.094653,0.002533
0.002720,0.086112,0.003517
0.003085,0.066887,0.004443
0.003387,0.060444,0.010770
0.001718,0.062647,0.003293
0.002964,0.059471,0.002154
0.001293,0.059454,0.003240
0.001575,0.054128,0.003172
0.004770,0.046664,0.002048
-0.000850,0.054097,0.004298
-0.001581,0.058377,0.002212
-0.002278,0.074381,0.002354
0.001016,0.087232,-0.001839
0.002468,0.095794,-0.002878
0.001072,0.121464,-0.008047
-0.002196,0.131171,-0.019738
0.004493,0.126947,-0.023030
0.002130,0.102329,-0.015721
0.004566,0.067081,-0.013840
0.002933,0.032874,-0.008743
0.003941,0.006114,0.001707
0.004901,-0.010961,0.001566
0.004774,-0.022726,0.005721
0.002650,-0.024894,0.008928
-0.000453,-0.018490,0.010023
0.000426,-0.007800,0.009018
0.000366,-0.005667,0.009041
0.001314,-0.005650,0.006903
-0.000673,-0.004605,0.008014
0.000256,-0.005679,0.008023
0.001182,-0.004624,0.008066
0.001124,-0.005676,0.006971
0.001068,-0.007791,0.004809
0.001019,-0.013136,0.005837
0.000943,-0.008843,0.003716
0.002811,-0.014229,0.010078
0.003667,-0.018528,0.013258
0.001572,-0.016382,0.011156
0.000485,-0.015300,0.009034
0.001353,-0.012105,0.011169
0.003206,-0.006786,0.011257
0.001187,-0.002520,0.011299
0.002137,0.001769,0.010235
0.001161,0.002861,0.005996
0.002142,0.004989,0.007078
0.001183,0.002875,0.004915
0.001183,-0.000317,0.001725
0.003111,-0.003524,0.002760
0.003084,-0.006703,-0.000464
0.002060,-0.006708,0.000596
-0.001931,-0.007772,-0.000469
0.000982,-0.006701,-0.000470
0.003876,-0.007770,-0.000476
0.002859,-0.009896,0.000531
0.002792,-0.014169,0.002602
0.001699,-0.024864,0.004666
0.001545,-0.024908,0.010012
-0.000597,-0.031321,0.011031
0.001193,-0.031298,0.008875
0.001967,-0.031307,0.009944
0.002777,-0.029158,0.007831
0.000679,-0.019535,0.006819
-0.001394,-0.017399,0.005786
-0.001510,-0.016341,0.006863
-0.000616,-0.014289,0.015463
-0.004681,-0.012175,0.017626
0.000103,-0.005752,0.015537
0.001048,0.004955,0.010303
0.003003,0.010315,0.008191
0.002057,0.013516,0.007174
0.000205,0.017852,-0.001333
0.001268,0.016783,-0.000291
0.002351,0.012537,-0.002478
0.003385,0.000796,-0.002569
0.004362,-0.003464,-0.002625
0.004300,-0.009890,-0.000528
0.003272,-0.016271,-0.002730
0.001203,-0.016324,0.003682
0.001115,-0.010976,0.002649
-0.000912,-0.007798,0.004829
0.001996,-0.002442,0.003773
0.001975,-0.000319,0.004868
0.000024,-0.000303,0.001689
-0.000956,-0.001378,0.001699
0.000010,-0.004590,0.002745
-0.000028,-0.004577,0.001667
0.000908,-0.009916,0.002679
0.001824,-0.010978,0.001611
0.001739,-0.013113,0.001593
0.001683,-0.012031,0.001565
0.001637,-0.004591,0.003794
0.002552,-0.004587,0.003785
0.002517,-0.000336,0.005959
0.000556,0.003927,0.006010
0.000554,0.004995,0.006014
0.000546,0.002834,0.009203
0.000558,0.004958,0.010296
0.000537,0.004968,0.008176
0.000535,0.003924,0.004971
-0.000412,0.001829,0.001712
0.000584,0.000743,0.003846
0.001547,-0.004549,-0.000497
0.001532,-0.007763,0.000553
0.000471,-0.014172,0.001563
0.000391,-0.012028,0.000510
0.002278,-0.008808,-0.001603
0.003205,-0.008835,0.001603
0.002195,-0.010985,0.002673
0.001143,-0.008865,0.004819
-0.000851,-0.007797,0.004827
0.002976,-0.008882,0.005911
0.003904,-0.007811,0.005910
0.001874,-0.007821,0.006981
0.000848,-0.007803,0.004844
-0.001172,-0.012073,0.005854
0.001679,-0.015245,0.002614
0.002571,-0.017392,0.003676
0.002489,-0.020561,0.000426
0.001396,-0.024855,0.002550
0.001262,-0.023809,0.004705
-0.000874,-0.021707,0.008992
0.001951,-0.017390,0.003672
0.002852,-0.010980,0.002660
0.002788,-0.005676,0.005926
0.001780,-0.001394,0.003831
-0.001184,0.001766,0.008149
-0.001159,0.007169,0.001746
0.000839,0.006092,0.002807
0.000851,0.001853,-0.000439
0.001857,-0.003493,0.000588
0.001837,-0.006669,-0.002643
0.000830,-0.008795,-0.003728
0.001750,-0.009839,-0.006936
0.001734,-0.007697,-0.006938
0.001683,-0.006656,-0.003724
0.001687,-0.002343,-0.009034
0.002707,-0.001314,-0.004741
0.002695,-0.002368,-0.006878
0.002687,-0.006670,-0.002641
-0.000293,-0.002414,-0.000480
-0.001279,0.002904,0.001701
-0.000314,0.003965,0.001727
0.000690,0.005018,0.003863
0.002660,0.002875,0.004915
0.001699,-0.004613,0.005945
0.001645,-0.008886,0.005921
-0.000354,-0.002501,0.007068
0.000572,0.003919,0.006030
-0.000410,0.008195,0.006047
-0.000399,0.011383,0.008200
0.000623,0.013503,0.011393
0.001658,0.009274,0.006025
0.000716,0.005029,0.002789
0.000714,-0.002431,0.001653
-0.000254,-0.003467,-0.002617
0.000697,-0.004535,-0.002625
0.001666,-0.004472,-0.009064
0.002659,-0.000206,-0.009022
0.002663,0.000881,-0.011154
0.002701,-0.000196,-0.010094
0.001755,-0.004508,-0.005835
0.000751,-0.009853,-0.004807
0.003666,-0.005622,-0.000492
0.001673,-0.004567,0.000594
0.001656,-0.002415,-0.000478
0.000660,0.001855,-0.000445
0.000673,0.003957,0.003838
0.002662,0.001861,-0.000463
0.002656,-0.008831,0.001593
0.001632,-0.010957,0.000508
0.000582,-0.013067,-0.002712
-0.001444,-0.011982,-0.004841
0.000437,-0.015181,-0.005919
0.003318,-0.020527,-0.002799
0.003230,-0.022650,-0.004936
0.002129,-0.029083,-0.000729
0.000022,-0.031260,0.004595
0.000819,-0.028072,0.006748
-0.000322,-0.029126,0.004613
0.000481,-0.025964,0.009972
0.000341,-0.021666,0.005748
0.002206,-0.013113,0.003686
0.000177,-0.005650,0.003765
0.000182,-0.001364,0.000619
0.000171,0.000791,-0.002555
0.000212,-0.003445,-0.005812
0.000237,-0.003447,-0.005806
0.003141,-0.011948,-0.010156
0.002128,-0.015174,-0.006981
0.002049,-0.021542,-0.010264
0.001978,-0.024745,-0.009242
0.004768,-0.027970,-0.006070
0.002681,-0.029036,-0.006081
0.001599,-0.014143,-0.000604
-0.001400,-0.006678,-0.000528
-0.000438,0.003987,0.000623
0.003523,0.008245,0.001732
0.001622,0.005048,0.000647
0.001666,0.002898,0.001717
0.000677,-0.003527,0.003814
0.001617,-0.011014,0.003794
-0.000443,-0.016326,0.001597
0.001423,-0.015260,0.002655
0.001350,-0.013118,0.002653
0.002282,-0.006687,-0.000507
0.000279,-0.005591,-0.002663
0.001242,-0.004515,-0.003721
0.001223,-0.008827,0.000539
0.001199,-0.009860,-0.003742
0.002134,-0.008814,-0.001587
0.002087,-0.005591,-0.003706
-0.000862,-0.002410,-0.001534
0.000093,-0.001350,-0.000463
0.000113,0.002907,0.000647
0.003050,-0.000277,-0.002561
0.001122,0.002890,0.001739
0.000145,0.001850,-0.001479
0.004089,0.003972,-0.000384
0.000190,0.003986,-0.002512
0.001201,0.001851,-0.002528
0.002191,0.005049,-0.001446
0.001228,0.003989,-0.003565
0.003222,0.005024,0.000710
0.002265,0.002905,-0.000393
0.002289,0.002900,-0.000381
0.000341,0.003989,-0.002519
0.000379,0.006140,-0.004635
0.001386,0.009317,-0.000363
0.001428,0.010395,-0.001428
0.000501,0.006104,0.000685
-0.000429,0.001845,-0.000420
0.002527,-0.002405,-0.003642
0.002534,-0.000262,-0.003647
0.001549,0.005080,-0.004665
0.001555,0.007203,-0.001480
-0.000370,0.001881,-0.002608
0.000617,-0.001385,0.004859
0.002531,-0.011032,0.010119
0.001461,-0.015292,0.007967
0.002321,-0.011051,0.010165
0.001281,-0.005693,0.008060
0.002217,0.003977,0.001694
0.002279,0.011459,-0.000364
0.003334,0.012545,-0.001452
0.002470,0.009384,-0.006813
0.003496,0.001921,-0.007939
-0.001364,-0.001278,-0.007972
-0.001353,-0.005537,-0.010124
0.002523,-0.005534,-0.010132
0.004485,-0.004444,-0.011229
0.003494,-0.006600,-0.009098
0.001536,-0.009816,-0.006994
0.001481,-0.008789,-0.004792
-0.000493,-0.003469,-0.002613
0.001451,-0.003467,-0.002620
0.002430,-0.004545,-0.002601
0.002409,-0.001345,-0.001521
0.003396,-0.002430,0.000608
0.001410,-0.006694,0.000561
0.002347,-0.006724,0.003776
0.001317,-0.004596,0.004856
-0.001648,-0.005643,0.002702
0.002239,-0.004544,0.000538
0.003205,-0.000251,-0.002626
0.002244,0.002954,-0.003658
0.003263,0.000772,0.001678
0.003241,-0.005562,-0.005876
0.002240,-0.012026,0.000505
0.002169,-0.015243,0.001565
0.002062,-0.013126,0.003719
0.000046,-0.010947,-0.000563
0.000967,-0.009880,-0.000555
0.001897,-0.004518,-0.002669
0.001901,-0.002390,-0.002635
0.001924,-0.005570,-0.005856
0.003857,-0.013029,-0.006991
0.002793,-0.018402,-0.003800
0.002705,-0.015200,-0.003775
0.001673,-0.016264,-0.003793
0.001608,-0.008792,-0.003735
-0.000352,0.005099,-0.004715
0.000655,0.008286,-0.003603
0.000738,0.007209,-0.001494
0.002740,0.005051,-0.000406
0.002765,0.005036,0.000679
0.001798,-0.000284,-0.001500
0.001790,-0.003483,-0.001529
0.001786,-0.004544,-0.001556
0.001728,-0.002452,0.002755
0.000716,-0.002406,-0.001547
0.000733,0.000808,-0.002598
0.002700,-0.001302,-0.004770
-0.000203,0.002943,-0.001537
0.001767,-0.000252,-0.003672
0.002751,-0.002410,-0.001537
0.002735,-0.003460,-0.003683
0.002748,-0.002398,-0.003658
0.000771,-0.005604,-0.003674
-0.001223,-0.005617,-0.001550
0.001675,-0.005650,0.001674
0.002646,-0.006732,0.003795
0.001613,-0.003518,0.002742
0.001596,-0.002451,0.003801
0.000567,-0.008850,0.002692
0.002495,-0.009938,0.004829
0.002427,-0.013152,0.005882
0.001355,-0.014212,0.004804
0.002249,-0.019514,0.002580
0.003092,-0.035511,0.000331
0.001009,-0.029114,0.002490
0.000827,-0.026957,-0.000689
0.002655,-0.030124,-0.002897
0.002506,-0.028003,-0.001796
0.001399,-0.023700,-0.004988
0.001269,-0.025884,0.001396
0.002115,-0.026939,0.000310
0.001985,-0.035494,0.001330
0.000862,-0.035485,0.000261
0.000675,-0.028020,-0.000710
-0.001429,-0.016296,0.001518
-0.001543,-0.005628,0.002663
-0.000582,0.006051,0.009193
-0.001565,0.012398,0.014618
-0.001540,0.011321,0.014637
0.001433,0.011290,0.017856
0.002418,0.009148,0.017857
0.001430,0.010237,0.015718
0.002440,0.015565,0.016828
0.001484,0.016681,0.012528
0.003492,0.017795,0.007183
0.002585,0.012479,0.004997
0.002644,0.007166,0.002800
0.004600,0.002909,0.000641
0.000703,-0.003470,-0.001564
0.002613,-0.005624,0.000560
0.003554,-0.003493,0.000586
0.001586,0.001883,-0.002611
0.000633,0.001873,-0.000492
0.001633,-0.000286,0.000598
0.000612,-0.004575,0.003753
0.000595,-0.003517,0.003788
0.001541,-0.005635,0.001634
0.001502,-0.006727,0.004829
0.001443,-0.008865,0.004822
0.001387,-0.006726,0.004828
0.000367,-0.003533,0.005922
0.000309,-0.002449,0.003794
0.002244,-0.002445,0.003785
0.002257,0.005037,0.001721
0.002303,0.011433,0.002839
0.000391,0.010373,0.002813
0.001409,0.014657,0.000718
0.002466,0.014628,0.004977
0.000613,0.014665,-0.000349
0.001654,0.014623,0.004989
-0.000237,0.010400,-0.000397
0.000752,0.006111,0.002762
0.001745,0.000770,0.002729
0.001697,0.000746,0.004885
0.001696,0.000762,0.003798
0.002666,0.002897,0.002767
0.000718,0.007187,0.000653
0.001744,0.010410,-0.001467
0.001835,0.015731,-0.000339
-0.000038,0.014694,-0.003564
0.001976,0.011487,-0.002529
0.001070,0.005077,-0.002565
0.003049,-0.002427,0.001643
0.003002,-0.010995,0.003747
0.001930,-0.014212,0.005851
0.001836,-0.009960,0.006978
0.001786,-0.004622,0.008061
0.001754,-0.000347,0.007034
0.001750,0.001809,0.004904
0.000776,0.005018,0.003867
0.000774,-0.002451,0.003800
0.001734,-0.008852,0.002695
0.001661,-0.017391,0.002629
0.003489,-0.023782,0.001500
0.001417,-0.022729,0.003637
0.002254,-0.018457,0.004708
0.000191,-0.012060,0.004775
0.002071,-0.009916,0.005817
0.001060,-0.006710,0.003740
0.000050,-0.000300,0.002730
0.001015,0.003960,0.003832
0.001014,0.003957,0.002794
-0.000929,0.005021,0.002812
0.001060,0.008225,0.002830
0.001072,0.006074,0.003901
0.003068,0.006137,-0.002536
0.003101,0.000774,0.000629
0.004050,-0.002433,0.000614
0.002055,-0.004578,0.002717
0.002028,-0.003504,0.001664
0.002965,-0.004589,0.003793
0.001012,-0.002437,0.001673
0.000992,0.000791,-0.001509
0.002957,-0.000280,-0.000460
0.003946,0.002917,0.000624
0.002969,0.003993,-0.001486
0.000019,0.001823,0.002773
0.000999,-0.001389,0.004869
0.001954,-0.002494,0.008094
0.003874,-0.004626,0.008072
0.003841,-0.004621,0.007012
0.001828,-0.001417,0.007032
0.002775,0.004958,0.010297
0.000817,0.008122,0.013557
0.000794,0.009181,0.014634
-0.000173,0.011285,0.017868
0.000818,0.016629,0.017891
0.002802,0.017734,0.013618
0.001869,0.017765,0.011444
0.000989,0.014626,0.004983
0.002039,0.012526,0.000692
0.003067,0.003998,-0.000449
0.003051,-0.002384,-0.003696
0.002091,-0.004491,-0.005877
0.002070,-0.007711,-0.003764
0.003988,-0.007696,-0.004848
0.002009,-0.001315,-0.003693
0.002988,-0.000274,-0.000476
0.002981,0.003995,-0.000443
0.002021,0.007163,0.001763
0.002047,0.007147,0.004942
0.003040,0.006084,0.002829
0.002089,0.008203,0.006025
0.002097,-0.000329,0.004896
0.001103,-0.002467,0.006980
0.002033,-0.004594,0.004850
0.001955,-0.005663,0.005892
0.001922,-0.009915,0.004768
0.001849,-0.013128,0.004771
0.002749,-0.010965,0.002623
0.002683,-0.006708,0.003734
0.002635,-0.005635,0.002683
0.001604,-0.002449,0.005886
0.001595,-0.005652,0.005863
0.001503,-0.015274,0.006875
0.003355,-0.021680,0.007875
0.002244,-0.025930,0.004654
-0.000844,-0.022722,0.003619
0.001984,-0.017331,-0.001711
0.000966,-0.007680,-0.006982
0.000972,-0.004472,-0.008017
0.000030,-0.000166,-0.013308
0.002041,0.000909,-0.015410
0.002069,-0.002312,-0.013297
0.002082,-0.002352,-0.010054
0.003074,-0.004508,-0.006877
0.003065,-0.000231,-0.006862
0.003070,0.002955,-0.004705
0.003085,-0.000297,0.001673
0.001120,-0.002440,0.002724
0.001107,-0.003528,0.004863
0.002041,-0.006734,0.005894
0.001986,-0.005658,0.004833
0.000980,-0.001365,0.001669
0.000941,-0.001377,0.002746
0.000942,-0.000299,0.001680
-0.000005,-0.001361,0.000612
0.002927,-0.001331,-0.002604
0.000948,-0.006683,-0.001558
-0.000049,-0.005599,-0.002642
0.001883,-0.005595,-0.002651
0.002834,-0.009855,-0.003756
0.002790,-0.009876,-0.001609
0.001753,-0.010947,-0.001607
0.000718,-0.013088,-0.000563
0.002622,-0.012022,-0.000549
0.002562,-0.007756,-0.000507
0.001542,-0.003502,0.002703
0.001514,-0.004546,-0.000502
0.000536,-0.001384,0.003810
0.000522,-0.005627,0.000571
0.002462,-0.007761,0.001596
0.000464,-0.008833,0.000555
0.000417,-0.012013,-0.002666
0.001317,-0.010972,0.000548
-0.000725,-0.004587,0.001694
0.002214,0.002912,-0.001455
0.003249,0.003993,-0.002529
0.003280,0.006138,-0.004632
0.002379,0.008281,-0.004633
0.002430,0.008268,-0.003555
0.000504,0.006100,0.000697
0.002470,0.005030,0.000698
0.002483,0.001805,0.003868
0.001499,-0.001376,0.001697
0.003472,-0.000296,0.000628
0.003480,0.000813,-0.003656
0.001513,-0.000266,-0.001542
0.000511,0.000792,-0.000465
-0.002443,0.000772,0.002724
-0.001459,0.002880,0.005947
0.001472,0.001819,0.005925
0.002430,-0.000314,0.004858
0.003391,0.003959,0.003834
0.001466,0.006108,0.001722
0.001474,0.006112,0.000668
0.002517,0.009340,-0.002513
0.003572,0.001878,-0.004688
0.003610,0.001925,-0.010041
0.001679,-0.001308,-0.005800
0.001668,-0.003380,-0.012256
0.000718,-0.004469,-0.010116
0.004608,-0.006606,-0.009082
0.003611,-0.008744,-0.008043
0.002605,-0.007691,-0.005907
0.001618,-0.004499,-0.005854
-0.000366,-0.002407,-0.001544
0.000607,0.000803,-0.002586
0.002591,0.003995,-0.002534
0.000676,0.006120,-0.001444
-0.001250,0.003969,-0.000374
0.001711,0.005054,-0.001455
0.000784,0.003995,-0.002532
0.000813,0.004033,-0.006816
0.001810,-0.002386,-0.004737
0.001807,-0.009823,-0.006974
0.004709,-0.015164,-0.007007
0.004650,-0.015141,-0.009159
0.000660,-0.017288,-0.008098
0.001556,-0.018368,-0.005983
0.004436,-0.009858,-0.002702
0.000467,-0.004532,-0.000539
0.002423,-0.001331,-0.001555
0.002441,0.005039,0.001719
-0.000505,0.002903,0.000661
0.002471,0.002881,0.002810
0.001500,0.000757,0.000674
-0.000441,-0.000324,0.002792
0.000532,-0.002415,-0.002569
0.001515,-0.003460,-0.003680
0.000547,-0.006639,-0.006902
0.002450,-0.016252,-0.004868
0.003360,-0.018371,-0.008063
0.004245,-0.024797,-0.004920
0.002188,-0.019471,-0.002759
0.003076,-0.016236,-0.005956
0.002031,-0.011979,-0.004845
0.002002,-0.003451,-0.003703
0.001005,-0.003479,0.000554
0.001944,-0.007742,-0.001588
0.002917,-0.007771,0.002669
0.003837,-0.010968,0.001587
-0.000149,-0.015259,0.003700
-0.000253,-0.019513,0.002580
0.000633,-0.015250,0.002631
0.001542,-0.008840,0.002665
0.000528,-0.001347,0.000576
0.002487,0.001883,-0.003656
0.001547,0.007192,-0.001450
0.000616,0.013599,-0.002453
0.001702,0.012535,-0.002470
0.000801,0.012537,-0.003520
0.003790,0.009317,-0.001407
0.002841,0.003983,-0.000410
0.002838,0.000764,0.001703
0.004768,-0.001386,0.004860
-0.001120,0.001787,0.008100
0.000814,0.005029,0.003836
0.002794,0.008210,0.006008
0.003828,0.010403,-0.000402
0.003882,0.009308,0.001754
0.002929,0.009343,-0.002520
0.001047,0.012520,-0.000340
0.000139,0.013599,-0.002451
0.003133,0.010407,-0.002503
0.003196,0.008276,-0.003577
0.003245,0.001882,-0.003653
0.002272,-0.000292,0.000617
0.002262,-0.000294,0.001668
0.002231,-0.000306,0.002745
0.000262,0.002854,0.007063
0.000270,0.002873,0.004920
0.002242,0.002868,0.005980
0.002262,0.010320,0.007137
0.001332,0.015695,0.002895
0.000419,0.023145,0.006146
-0.000471,0.020996,0.008257
-0.000399,0.015662,0.010303
-0.000347,0.007105,0.012374
0.001571,-0.004620,0.010148
0.000551,-0.005678,0.009071
0.002422,-0.006737,0.007994
0.000410,-0.006701,0.003719
0.004277,0.002919,0.001665
0.004291,0.006148,-0.001517
0.003368,0.011489,-0.002534
0.002454,0.008313,-0.005765
0.003478,-0.001302,-0.004770
0.001521,-0.008753,-0.006974
0.002459,-0.010917,-0.002731
0.001411,-0.010935,-0.000593
0.000356,-0.012027,0.002601
0.002231,-0.006699,0.003711
0.002198,-0.002426,0.002692
0.003160,0.001819,0.004880
0.002192,0.007121,0.007101
0.002218,0.009268,0.006040
0.003240,0.011393,0.007129
0.001343,0.013542,0.005017
0.003347,0.013547,0.005007
0.002408,0.010351,0.004964
0.001441,0.006103,0.002782
0.002423,0.001823,0.004868
0.003389,-0.005623,0.001606
0.002387,-0.010963,0.003666
0.003242,-0.014214,0.007948
0.002196,-0.009921,0.004784
0.001116,-0.007824,0.009083
0.002039,-0.003554,0.009116
0.002953,-0.002496,0.010193
0.002941,-0.001459,0.013417
0.000948,0.000695,0.010247
0.000912,0.000675,0.013435
0.001863,-0.001439,0.010229
0.002802,-0.001415,0.008073
0.001796,0.000726,0.005982
0.001782,0.001795,0.007032
0.000773,-0.002481,0.008064
0.002684,-0.002425,0.001642
0.002676,-0.002454,0.004854
0.003614,-0.001378,0.003793
0.001654,-0.002427,0.002692
0.002604,-0.004530,-0.001590
0.002569,-0.008826,0.001583
0.003499,-0.011986,-0.002735
0.002440,-0.021634,0.001484
0.002250,-0.046195,0.003413
0.002041,-0.047275,0.005528
0.000768,-0.053709,0.006602
0.002384,-0.046227,0.007678
0.002145,-0.036631,0.007779
0.000014,-0.026999,0.005695
0.002801,-0.012059,0.005820
-0.000135,0.002877,0.005955
-0.001095,0.010347,0.004971
0.000891,0.012485,0.003938
0.000973,0.012454,0.006111
0.001047,0.011391,0.005044
-0.000882,0.009262,0.003968
0.001106,0.008229,0.000730
0.003105,0.009265,0.005004
0.003121,0.008222,0.003886
0.001174,0.006073,0.005998
0.001196,0.003949,0.004909
0.001212,0.006101,0.002788
0.003167,0.003934,0.007038
0.005107,0.002879,0.003860
0.003169,0.003955,0.003846
0.001245,0.009313,0.001741
0.002242,0.007175,0.001733
0.001299,0.008264,-0.000405
0.003304,0.005026,0.002799
0.001376,0.000765,0.001698
0.002326,-0.000312,0.002762
0.001307,0.001811,0.003856
0.001326,0.002899,0.002763
0.002306,0.010341,0.006036
0.001311,0.010336,0.007095
0.000411,0.005004,0.005994
0.002381,0.004993,0.006023
0.000452,0.006083,0.002834
0.001462,0.010374,-0.000325
0.001487,0.010367,0.001785
0.001514,0.013538,0.006074
0.000567,0.013528,0.008193
0.000615,0.012426,0.012456
-0.000360,0.004931,0.015596
0.000595,0.007083,0.013475
0.002554,0.006025,0.012398
0.001565,0.008183,0.009216
0.001605,0.009305,0.003854
0.001668,0.013634,-0.002544
0.002739,0.013627,-0.002525
0.001832,0.011500,-0.003609
0.002887,0.007278,-0.008994
0.004886,0.002997,-0.006905
0.000002,-0.002370,-0.003731
0.001953,-0.004506,-0.004790
0.000964,-0.000247,-0.002638
-0.000011,0.002963,-0.004726
0.001951,0.005057,0.000625
0.003950,0.009314,0.000695
0.001035,0.007174,0.001738
0.002060,0.006088,0.002821
0.002078,0.003943,0.002832
0.003049,-0.002475,0.005954
0.000075,-0.005692,0.007016
0.000009,-0.005693,0.008065
0.001911,-0.006715,0.003755
0.000914,-0.007789,0.004809
0.002795,-0.007777,0.003731
0.004720,-0.005633,0.002678
0.001771,-0.000289,0.002701
0.001747,0.001808,0.007000
-0.000213,0.001831,0.003803
0.001765,0.004999,0.007055
0.002736,0.001816,0.005934
0.002707,0.003908,0.009196
-0.001202,0.002846,0.008128
-0.000252,0.003936,0.004943
0.001734,0.009315,0.000691
0.001760,0.006122,0.000642
0.000810,0.006144,-0.002555
0.001820,0.006155,-0.002583
0.001866,0.001881,-0.003649
0.001869,0.001878,-0.001550
0.002851,-0.000281,0.000589
0.004813,0.003988,0.000624
0.002849,0.006110,0.001718
0.003865,0.007174,0.002783
0.000987,0.011443,0.002816
0.002004,0.015692,0.003948
0.003057,0.013564,0.003913
0.000185,0.009294,0.002837
0.001191,0.007151,0.003889
0.001221,0.003982,0.000640
0.002198,0.004005,-0.002557
0.002218,0.001895,-0.003686
0.000278,-0.002348,-0.006925
0.002247,-0.003409,-0.007995
0.002238,-0.002359,-0.005849
0.001260,-0.004476,-0.006961
0.001257,-0.006651,-0.003735
0.002195,-0.009861,-0.002692
0.002150,-0.006632,-0.005873
0.001162,-0.004506,-0.004790
0.001158,-0.001317,-0.002637
0.002120,-0.001311,-0.003701
0.003130,-0.001325,-0.001573
0.003119,-0.005587,-0.002669
0.001136,-0.006655,-0.002678
0.003069,-0.011985,-0.003783
0.002023,-0.014122,-0.002749
0.001979,-0.013064,-0.001669
0.000919,-0.010927,-0.002703
0.000882,-0.007735,-0.002654
0.001840,0.002916,-0.001466
0.000882,0.009312,-0.000345
0.001971,0.014696,-0.005657
0.001105,0.020017,-0.003483
0.002208,0.016820,-0.004567
0.002299,0.014657,-0.002419
0.002361,0.006134,-0.003572
0.002379,0.000773,0.000633
0.002355,-0.004561,0.000583
0.003268,-0.009909,0.002662
0.002252,-0.006722,0.003773
0.002209,-0.002432,0.001659
0.002165,0.006085,0.004923
0.002180,0.013548,0.006049
-0.001684,0.013548,0.006049
0.000333,0.011378,0.010307
0.002333,0.004993,0.007069
0.003333,-0.000334,0.007002
0.003286,-0.003533,0.004876
0.000321,0.000797,-0.001522
-0.000639,0.005079,-0.002566
0.001363,0.008334,-0.008954
0.002428,0.004097,-0.012212
0.003470,-0.001220,-0.014394
0.003503,-0.007616,-0.015512
0.002520,-0.014048,-0.012352
0.003443,-0.020430,-0.015599
0.000428,-0.018336,-0.010246
0.001324,-0.014063,-0.010222
0.002268,-0.007689,-0.006957
0.003230,-0.004511,-0.002685
0.001279,-0.004493,-0.004823
0.000284,-0.004551,0.000556
0.000244,-0.009889,0.000518
0.001199,-0.010941,-0.002669
0.001135,-0.010932,-0.002690
0.002065,-0.005622,0.000557
0.000062,-0.002377,-0.003712
0.001047,0.001891,-0.002628
0.003053,-0.004473,-0.009060
0.004039,-0.006613,-0.008017
0.002105,-0.008747,-0.009079
0.003996,-0.009810,-0.008054
0.001032,-0.008767,-0.004845
0.001984,-0.006654,-0.002682
0.002931,-0.006666,-0.001604
0.002919,0.000794,-0.000469
0.001944,0.005032,0.001738
0.000022,0.005029,0.001747
0.001027,0.013573,0.000753
0.001086,0.013563,0.000780
0.003145,0.017826,0.000830
0.002278,0.016813,-0.004549
0.001396,0.014692,-0.005646
0.002470,0.013610,-0.003526
0.001540,0.005078,-0.004658
0.002548,0.002977,-0.007898
0.002552,-0.003490,-0.000465
0.003543,-0.002356,-0.006906
0.003552,-0.003421,-0.006918
0.001583,0.000831,-0.004747
0.001604,0.005062,-0.000433
0.002604,0.002933,-0.001509
0.001674,0.008264,-0.001451
-0.000274,0.007162,0.002816
0.001715,0.006084,0.002832
0.002724,0.008244,-0.001400
0.000811,0.008232,0.000723
0.001838,0.006122,-0.001449
0.001875,0.008270,-0.002513
0.001931,0.003997,-0.002537
0.002955,0.001904,-0.005799
0.001996,-0.004499,-0.006899
0.003928,-0.007697,-0.006935
0.001936,-0.010934,-0.002685
0.001890,-0.009890,0.000521
0.001831,-0.007737,-0.001600
0.003747,-0.005605,-0.001578
0.001773,-0.004524,-0.001606
0.000788,0.000809,-0.002599
0.002746,0.000807,-0.001549
0.002755,-0.000276,-0.000469
0.002768,-0.003452,-0.003700
0.001780,-0.006645,-0.003748
0.001757,-0.006687,0.000545
-0.001230,-0.002412,-0.001528
0.000712,0.004013,-0.003625
0.001738,0.005084,-0.003626
0.003758,0.009346,-0.003574
0.001861,0.008264,-0.002498
0.001922,0.007208,-0.004626
0.001948,0.006103,-0.000355
0.002958,0.007176,-0.001406
0.002002,0.008288,-0.003605
0.002025,0.009325,-0.000381
0.002084,0.006134,-0.000433
0.003133,-0.001333,-0.001551
0.003105,-0.003467,-0.000523
0.004061,-0.003462,-0.001583
0.001088,-0.003472,-0.001556
-0.000896,-0.000295,0.002717
0.000048,-0.000329,0.005943
0.000021,-0.000324,0.006975
0.000974,0.001764,0.011298
0.001914,0.000707,0.011263
0.000919,0.002836,0.011294
0.001889,0.010323,0.008173
0.000964,0.013576,0.002839
0.002995,0.015741,-0.000360
0.002116,0.013613,-0.001442
0.001218,0.008308,-0.005749
0.003199,0.002983,-0.006869
0.003240,-0.000187,-0.011159
0.003253,-0.003412,-0.007986
0.002274,-0.003399,-0.008023
0.003247,-0.007665,-0.008065
0.003224,-0.006599,-0.007006
0.002226,-0.007698,-0.003794
0.001206,-0.008788,-0.002697
0.001199,-0.004514,-0.002677
0.002136,-0.005595,-0.002650
0.004104,-0.003460,-0.002633
0.003115,-0.001349,0.000581
0.001134,0.000777,0.000623
0.002124,0.001841,0.000640
0.001160,0.000793,-0.001511
0.002130,0.001858,-0.000452
0.002134,-0.001368,0.001678
0.002123,-0.000303,0.002736
0.001158,0.002915,0.000630
0.002161,0.006147,-0.002561
0.002191,0.008285,-0.003597
0.002227,0.007154,0.004927
0.002253,0.007175,0.001733
0.002278,0.003964,0.002777
0.001337,0.006124,-0.000410
0.000371,0.008250,0.000675
0.001397,0.007185,0.000663
0.001434,0.008282,-0.002544
0.001475,0.010407,-0.001456
0.002523,0.009336,-0.001456
0.001612,0.008302,-0.006780
0.001669,0.010440,-0.006773
0.003712,0.010431,-0.005704
0.002769,0.007219,-0.003609
0.001831,0.004024,-0.004699
0.004797,0.002923,0.000609
0.002836,-0.000272,-0.000477
0.002849,-0.001357,0.001652
0.002813,-0.002441,0.003775
0.002758,-0.002470,0.006991
0.001801,0.002912,0.001683
0.002767,0.006099,0.002794
0.000832,0.005037,0.001726
0.000858,0.006104,0.001734
-0.001050,0.005072,-0.002546
0.001897,0.007194,-0.001452
-0.000004,0.006141,-0.002545
0.001011,0.001844,-0.000413
0.001013,0.005061,-0.001474
0.002000,0.007178,0.000680
0.003980,0.007172,0.001742
0.003048,0.007149,0.004939
0.003066,0.005021,0.004906
0.004020,0.000715,0.008106
0.003015,-0.001409,0.008061
0.002006,-0.001430,0.010207
0.001002,-0.001414,0.008072
0.002897,-0.001395,0.006976
0.001894,0.002829,0.012356
0.000902,0.006056,0.010225
0.000899,0.002836,0.012341
0.001866,-0.000314,0.005904
-0.000116,-0.000325,0.006979
0.002776,-0.003530,0.006963
0.000799,-0.003500,0.002700
0.001752,0.001853,0.001655
0.002754,0.001860,-0.000456
0.001775,0.004028,-0.003663
0.002757,0.002953,-0.001560
0.001783,-0.001305,-0.002671
0.002709,-0.007725,-0.000586
0.002674,-0.016292,0.001513
0.000617,-0.021658,0.004685
0.003407,-0.022736,0.004704
0.003249,-0.016352,0.007943
0.002143,-0.008894,0.010129
0.001079,-0.002502,0.012300
0.000062,0.000667,0.017642
-0.000003,-0.007918,0.021878
0.001855,-0.023941,0.022832
0.003607,-0.034633,0.024890
0.000368,-0.051672,0.018381
0.001046,-0.040958,0.015218
-0.000167,-0.030259,0.011053
0.003568,-0.016358,0.010051
0.000559,-0.005648,0.003766
0.000509,0.003983,0.001683
0.001533,0.009360,-0.003611
0.002581,0.012558,-0.003572
0.001692,0.011462,-0.001416
0.002730,0.010383,-0.000347
0.002773,0.014644,0.000755
0.001886,0.018914,0.000786
0.001937,0.017800,0.006130
0.002970,0.015674,0.006089
0.003042,0.013548,0.005004
0.001140,0.009265,0.006050
0.001171,0.007118,0.007111
0.000166,0.004987,0.007086
0.002100,0.006053,0.006053
0.003093,0.010332,0.007106
0.001163,0.013540,0.006072
0.002189,0.009279,0.004970
0.002253,0.012461,0.008183
0.001323,0.011391,0.008183
0.001367,0.013543,0.006062
0.002397,0.014620,0.005001
0.002444,0.012515,0.001769
0.002496,0.006132,-0.000428
0.002489,0.000741,0.004901
0.002451,0.000696,0.010245
0.001454,0.000736,0.004910
0.001451,0.002879,0.004907
0.000481,0.005015,0.003873
0.000500,0.006085,0.003878
0.000503,0.008218,0.004945
0.000542,0.008251,-0.000374
0.001574,0.006095,0.001756
0.001616,0.007179,0.000678
0.002620,0.007193,-0.001450
0.001658,0.003986,-0.001463
0.001681,0.005018,0.002820
0.002680,0.006119,-0.001441
0.003694,0.007129,0.006039
0.002744,0.007146,0.003903
0.001755,0.007144,0.004954
0.001787,0.009281,0.003917
0.003770,0.005016,0.004916
0.003775,0.000769,0.001689
0.000842,-0.002447,0.003792
-0.000147,0.001835,0.001702
-0.000187,-0.001379,0.002755
0.002770,0.000783,0.000607
0.001796,0.000789,-0.000452
0.000825,0.000804,-0.001538
0.001793,-0.000285,0.000600
0.001757,-0.000276,-0.000471
0.000797,-0.001398,0.004892
0.001753,-0.003500,0.001654
0.000767,-0.002425,0.001645
0.000715,-0.002425,0.001645
0.001689,-0.000306,0.004840
0.003626,-0.000292,0.003756
0.001643,-0.000294,0.002714
0.000666,-0.001337,-0.000493
0.002637,-0.001325,-0.001571
0.002616,-0.002425,0.000597
0.000633,-0.002422,0.000588
0.003553,-0.001347,-0.001515
0.002576,-0.000283,-0.001497
0.002578,0.002910,0.000645
0.001628,0.007181,0.001720
0.001664,0.009326,0.000663
0.001732,0.009328,-0.000388
0.003709,0.001862,-0.000460
0.001737,-0.002443,0.003782
0.002670,-0.007794,0.005867
0.001632,-0.010978,0.003705
0.001552,-0.014174,0.002618
0.000518,-0.009926,0.004798
0.004364,-0.006710,0.003742
0.001402,0.003931,0.007049
0.000412,0.010378,0.002804
0.001447,0.011415,0.006028
0.000493,0.008196,0.008139
0.001517,0.009276,0.007070
0.001538,0.005023,0.004900
0.003496,0.003979,0.001695
0.001553,0.003999,-0.000451
0.002586,0.008325,-0.006839
0.003625,0.005139,-0.010043
0.002718,0.009412,-0.010019
0.004733,0.006203,-0.010026
0.001856,0.004068,-0.010042
0.003854,0.001938,-0.011118
0.002890,0.000871,-0.011126
0.003898,0.000844,-0.007920
0.002973,0.005091,-0.004689
0.000066,0.007207,-0.002533
0.002073,0.007202,-0.001473
0.002123,0.006131,-0.000425
0.000189,0.001858,-0.000449
0.001174,-0.002424,0.000595
0.001163,0.000826,-0.004733
0.002120,0.001854,-0.000440
0.001154,0.000799,-0.001526
0.001160,-0.001341,-0.001530
0.001185,-0.003470,-0.002607
0.003132,-0.001315,-0.002644
0.003134,0.000806,-0.000499
0.000183,-0.002418,0.001624
0.002083,-0.008809,0.001538
0.002037,-0.008841,0.004760
0.000991,-0.009896,0.003674
0.002881,-0.006704,0.004772
0.001870,-0.001337,0.001598
0.002861,0.001859,0.001640
0.002884,0.000832,-0.003703
0.001921,-0.002357,-0.006902
0.001925,-0.003436,-0.005832
0.002902,-0.006634,-0.006915
0.002858,-0.010888,-0.008034
0.001855,-0.008770,-0.005883
0.002822,-0.007648,-0.011246
0.004764,-0.007696,-0.004845
0.003772,-0.006611,-0.006974
0.002779,-0.010856,-0.009162
0.002748,-0.010907,-0.003800
0.000735,-0.010915,-0.003781
0.001643,-0.010946,0.000485
0.003550,-0.005637,0.002691
0.001567,-0.000307,0.002750
0.003525,0.002929,-0.001499
0.000638,0.008261,-0.000398
0.000686,0.007183,-0.000376
0.000733,0.005071,-0.001497
0.000756,0.002927,-0.001493
-0.000202,0.000810,-0.003647
0.001767,-0.001312,-0.004742
0.003713,-0.004540,-0.001561
0.002703,-0.006644,-0.005839
0.001719,-0.001297,-0.005825
0.003684,-0.002369,-0.004777
0.003695,-0.002360,-0.005845
0.003713,0.000815,-0.002613
0.003731,0.000815,-0.002613
0.002767,0.000835,-0.005803
0.000801,-0.003421,-0.005872
0.001781,-0.004544,-0.000507
0.003708,-0.003462,-0.002627
0.000762,-0.004516,-0.003716
0.001727,-0.001326,-0.002613
0.000746,-0.003451,-0.003700
0.001744,-0.001294,-0.006881
0.002725,-0.002403,-0.001551
0.000773,-0.001306,-0.004758
0.004688,-0.004495,-0.006907
0.002737,-0.006647,-0.004786
0.001758,-0.006653,-0.003726
0.001706,-0.007739,-0.002639
0.001680,-0.001294,-0.005835
0.002662,0.010432,-0.004657
0.000759,0.012526,0.000694
0.000818,0.013593,0.000702
0.000933,0.011501,-0.003608
0.003022,0.009357,-0.004648
0.002116,0.005089,-0.005730
0.003125,0.002995,-0.008989
0.000184,0.002939,-0.002568
-0.000790,0.002931,-0.000458
0.000195,0.000736,0.005957
0.002110,-0.000331,0.005949
0.002120,0.000742,0.005943
0.003086,0.004996,0.007063
0.003089,0.009261,0.007108
0.003123,0.010369,0.001782
0.004171,0.010394,-0.000375
0.003253,0.011458,-0.000358
0.003311,0.003990,-0.001472
0.004332,0.000809,-0.003643
0.001417,0.001909,-0.007904
0.000450,0.004042,-0.006837
0.000499,0.006165,-0.005743
0.001528,0.007239,-0.005753
0.002547,0.006165,-0.004695
0.003595,0.002976,-0.006849
0.000693,-0.000249,-0.003676
0.002637,-0.003472,-0.001554
0.002604,-0.009880,-0.001595
0.001577,-0.010965,0.000534
0.002476,-0.009920,0.003740
0.001463,-0.006688,0.000549
0.001395,-0.003489,0.001627
0.002365,-0.003463,-0.001579
0.002334,-0.004538,0.000523
0.001331,-0.005607,-0.000526
0.002300,-0.009872,-0.001616
0.004217,-0.009886,0.000512
0.003168,-0.012013,-0.000569
0.003097,-0.012003,-0.000596
0.003057,-0.001345,0.000575
0.001102,0.005055,0.000633
0.000123,0.006094,0.004899
0.003079,0.005004,0.005996
0.002119,0.006098,0.003846
0.001163,-0.000287,0.000608
0.000157,-0.003491,0.000585
0.003075,-0.008833,0.001604
0.002034,-0.008831,0.000553
0.001013,-0.007741,-0.002636
0.000011,-0.000250,-0.003670
0.001992,0.005090,-0.003638
0.002998,0.008306,-0.004696
0.003053,0.008308,-0.005747
0.002138,0.006189,-0.006851
0.004167,0.000808,-0.001549
0.002178,-0.005611,-0.000516
0.002130,-0.008825,0.000537
0.002090,-0.009866,-0.001631
0.002037,-0.006697,0.001618
0.001016,-0.003531,0.006966
0.002948,-0.000271,-0.000481
0.001985,0.001865,-0.000469
0.002973,0.002929,-0.000452
0.003964,0.000791,-0.000459
0.001061,0.000819,-0.004716
0.001069,-0.000280,-0.000459
0.002043,0.000802,-0.002579
0.003012,0.000808,-0.002594
0.004013,0.000808,-0.002594
0.002073,0.000795,-0.000469
0.002070,0.001856,-0.000443
0.003075,0.002925,-0.000441
0.003071,0.002922,-0.000432
0.002107,0.004000,-0.000452
0.002144,0.006114,0.001711
0.001173,0.000748,0.004883
0.001163,0.000757,0.003814
0.000230,0.009301,0.002822
-0.000725,0.011467,-0.001427
0.001301,0.014654,0.000728
0.002358,0.014677,-0.002469
0.003427,0.013592,-0.000341
0.003500,0.007186,-0.001432
0.002528,0.003989,-0.001469
0.003527,0.000766,0.000653
0.002536,0.000731,0.003881
0.001538,0.005007,0.003896
-0.000422,0.011410,0.004996
0.000573,0.015660,0.008217
0.000632,0.017804,0.007165
-0.000257,0.015653,0.008235
0.002756,0.011424,0.003914
0.003780,0.004990,0.007080
0.002786,0.003931,0.006004
0.001783,-0.000330,0.004902
-0.000241,0.001772,0.010234
-0.000273,0.002839,0.010242
0.001667,0.000676,0.014482
0.001610,-0.000407,0.015561
0.001583,0.002799,0.014532
0.001543,0.004913,0.016695
0.003495,0.013519,0.009265
0.002601,0.018861,0.008247
0.002679,0.015681,0.005026
0.002749,0.016761,0.003956
0.003790,0.011480,-0.001463
0.001905,0.005095,-0.002608
0.002878,-0.006654,-0.002680
0.002854,-0.006629,-0.004835
0.002806,-0.011964,-0.004881
0.002741,-0.010902,-0.003814
