0.003841,0.010567,0.001329
0.002925,0.011654,-0.000797
0.002004,0.011699,-0.005021
-0.000917,0.004426,-0.006199
-0.002904,-0.004065,-0.010519
-0.002006,-0.017989,-0.005315
-0.001143,-0.028674,-0.004338
-0.001302,-0.038342,0.001951
0.000501,-0.031948,0.003039
0.000412,-0.026676,0.009451
0.001345,-0.014945,0.010599
0.001354,-0.001094,0.012836
-0.000516,0.013828,0.014001
-0.000379,0.022408,0.009831
0.000722,0.021402,0.003450
0.002777,0.013954,0.001277
0.002194,0.007650,-0.008315
0.001395,-0.001965,-0.007338
0.000942,-0.013731,-0.004238
-0.002460,-0.022213,-0.009597
-0.001768,-0.024477,0.003132
-0.003646,-0.018043,-0.000002
-0.002501,-0.007355,-0.000972
-0.001205,0.002293,-0.005111
0.000157,0.015063,-0.001837
-0.001485,0.027435,-0.060665
-0.004025,0.002302,-0.301627
0.008507,-0.022983,-0.333598
0.012404,-0.000576,-0.034404
0.005281,0.006476,0.003407
-0.000734,-0.014859,0.002196
-0.000027,-0.031866,-0.004284
0.000518,-0.039313,-0.006494
-0.000854,-0.037220,-0.002210
-0.003229,-0.030807,-0.003243
-0.000054,-0.016851,-0.011631
0.001707,-0.002981,-0.011523
0.000773,0.015114,-0.007169
-0.000054,0.025804,-0.009218
0.001126,0.030073,-0.009167
0.001349,0.024759,-0.011343
0.002380,0.008765,-0.012516
-0.000595,-0.005134,-0.009449
-0.000737,-0.020073,-0.009566
-0.002005,-0.032891,-0.008609
-0.003304,-0.030800,-0.004353
-0.002512,-0.024471,0.003115
-0.000681,-0.012700,0.000035
-0.001614,0.003304,0.000176
-0.001510,0.011873,-0.002933
0.000610,0.015030,0.001354
0.001720,0.007561,0.001303
-0.000167,-0.000983,0.002295
0.000749,-0.013735,-0.003115
0.000597,-0.028757,0.005249
0.001347,-0.035247,0.013660
0.002131,-0.029932,0.015828
0.001985,-0.026646,0.007347
0.001887,-0.013789,0.002133
0.000887,-0.000995,0.003299
0.000979,0.009697,0.001264
0.000160,0.022459,0.005613
-0.001604,0.022522,-0.000767
-0.000505,0.017188,-0.000793
-0.000461,0.004386,-0.000870
0.000478,-0.007405,0.004346
0.002336,-0.014896,0.006424
0.001227,-0.026718,0.014823
0.002056,-0.029858,0.008444
0.001867,-0.023401,0.003202
-0.001206,-0.016898,-0.006307
-0.000339,-0.006292,0.000125
0.001607,0.003307,0.000189
-0.001245,0.010745,0.003430
-0.002159,0.013922,0.005553
-0.000131,0.010774,0.000220
0.000923,0.005413,0.003361
-0.000990,-0.002078,0.005424
-0.000025,-0.007405,0.004325
-0.000095,-0.015908,0.001095
0.000760,-0.020187,0.002140
0.000625,-0.015877,-0.002088
0.000534,-0.012668,-0.003106
-0.000510,-0.006245,-0.005193
-0.001521,-0.000928,-0.003046
-0.003445,0.004407,-0.003006
-0.004377,0.006517,-0.000893
-0.002357,0.003220,0.008635
-0.000334,0.002165,0.007550
0.000684,-0.001036,0.007522
0.000718,0.000009,0.009660
0.000731,-0.002093,0.006459
0.001688,-0.004229,0.006440
0.000707,-0.003172,0.007518
-0.000276,-0.005242,0.001140
0.001629,-0.003064,-0.003072
0.001594,-0.005200,-0.003104
-0.000388,-0.006244,-0.005214
-0.002366,-0.006253,-0.004154
-0.002410,-0.011611,-0.002085
-0.002462,-0.012734,0.003204
-0.002518,-0.012712,0.001082
0.001356,-0.011735,0.010653
0.001326,-0.008514,0.008545
0.000345,-0.007481,0.011745
-0.000631,-0.006361,0.006443
0.000341,-0.002027,0.000106
-0.002570,0.002218,0.002238
0.000369,0.005442,0.000157
0.001375,0.007545,0.003373
0.002372,0.004417,-0.004089
0.001397,0.000169,-0.006248
-0.001558,-0.006256,-0.004160
-0.001608,-0.013801,0.003195
0.000275,-0.020221,0.005267
-0.000787,-0.023411,0.004192
0.000084,-0.019186,0.008473
-0.000957,-0.013819,0.005330
-0.001977,-0.008492,0.006423
0.000945,0.000024,0.008626
0.000026,0.002165,0.007564
-0.000889,0.008579,0.006573
0.003066,0.005434,0.001225
0.003112,0.007644,-0.006170
0.003107,-0.000927,-0.003047
0.002091,-0.001906,-0.011516
0.000047,-0.006143,-0.014744
-0.002019,-0.011530,-0.009458
-0.003135,-0.014633,-0.019000
-0.003297,-0.021046,-0.017988
-0.002497,-0.025452,-0.004225
0.001276,-0.030810,-0.002164
-0.000799,-0.027633,-0.000048
0.000088,-0.020218,0.005301
-0.001887,-0.007413,0.005399
-0.002830,0.000087,0.002267
-0.000835,0.012943,-0.002939
-0.003709,0.009785,-0.007197
-0.004662,0.007600,-0.001925
-0.002706,-0.005249,0.002207
-0.002719,-0.011727,0.009571
-0.002759,-0.013861,0.009559
0.000107,-0.014943,0.011691
0.000085,-0.012842,0.014886
0.001059,-0.005367,0.013878
0.001109,0.003201,0.010749
0.003126,0.006444,0.006526
0.002194,0.010849,-0.007250
0.004158,0.010831,-0.005101
0.003217,0.006562,-0.005145
-0.000700,0.002341,-0.009414
-0.001711,-0.003028,-0.006291
-0.001758,-0.008430,0.000057
-0.003738,-0.007406,0.004311
-0.002774,-0.008501,0.007511
-0.000836,-0.006366,0.007537
-0.000838,-0.005327,0.010735
-0.000810,-0.004259,0.010758
0.000177,-0.005295,0.007566
0.001146,-0.005209,-0.000915
0.003057,-0.007327,-0.003061
0.003970,-0.008439,0.001139
0.003933,-0.004137,-0.002022
-0.000984,-0.003018,-0.007338
-0.001020,0.003403,-0.009417
-0.002013,0.008695,-0.005140
-0.002950,0.014011,-0.002972
-0.002886,0.012978,-0.006144
-0.000900,0.007613,-0.002987
-0.002816,0.000081,0.003341
-0.001838,-0.005288,0.006485
-0.000880,-0.015979,0.008535
0.001004,-0.023404,0.004225
0.000886,-0.028771,0.007361
0.000807,-0.022362,0.006343
0.002645,-0.017967,-0.006372
0.000604,-0.007304,-0.005241
-0.002366,0.000154,-0.004135
-0.002347,0.009776,-0.006193
-0.002289,0.017203,-0.001891
-0.000257,0.016128,-0.000833
-0.000155,0.016064,0.005533
-0.000070,0.009683,0.003383
-0.000028,0.001115,0.006506
0.000967,-0.008485,0.006420
-0.000048,-0.007406,0.005396
-0.000088,-0.009533,0.004325
0.002788,-0.008444,0.002220
-0.000167,-0.005167,-0.005187
-0.002156,0.000211,-0.009392
-0.000250,0.000240,-0.012595
-0.001251,0.002301,-0.005128
0.000688,0.001256,-0.007253
-0.000316,-0.003055,-0.003046
-0.001321,-0.005209,-0.000944
-0.002321,-0.009519,0.003270
-0.003326,-0.008466,0.004320
-0.003342,-0.006312,0.002196
-0.000452,0.000102,0.001184
-0.000435,0.004362,0.002303
-0.001361,0.009684,0.003397
-0.002284,0.009693,0.002322
-0.000271,0.010793,-0.000845
-0.000222,0.008637,0.001245
-0.001153,0.002248,0.000148
-0.000168,-0.007376,0.002207
-0.000212,-0.010535,-0.002072
0.001665,-0.010589,0.003233
0.000652,-0.010587,0.003233
0.000619,-0.006330,0.004317
-0.000358,-0.004171,0.001141
-0.000352,0.001154,0.002248
-0.002280,0.005470,-0.001960
-0.001270,0.010826,-0.004042
0.001685,0.009727,-0.000869
0.000753,0.011869,-0.001903
0.002745,0.007550,0.003378
0.000833,0.008619,0.003401
0.000872,0.003317,0.000207
0.000875,-0.000887,-0.006190
0.000837,-0.006263,-0.001965
0.000792,-0.009476,-0.000946
-0.001238,-0.013703,-0.005220
-0.001335,-0.015846,-0.004163
-0.000463,-0.014759,-0.006297
0.000409,-0.016894,-0.006323
0.001278,-0.014788,-0.003136
-0.000750,-0.011525,-0.009502
-0.001793,0.000218,-0.010487
-0.002783,0.016201,-0.008260
-0.004639,0.022576,-0.005037
-0.002601,0.018290,-0.002910
-0.001549,0.013976,0.001305
-0.002457,0.002207,0.004406
-0.001484,-0.012742,0.005364
-0.001532,-0.023467,0.010576
-0.001637,-0.031986,0.008388
0.000200,-0.029839,0.007366
0.001078,-0.022332,0.004232
0.001979,-0.010513,-0.004209
0.000977,0.003370,-0.005148
0.000023,0.017251,-0.006123
0.000085,0.026871,-0.008180
0.000192,0.025804,-0.008190
0.000276,0.020451,-0.006087
-0.000641,0.007659,-0.007232
-0.001621,-0.008381,-0.004175
-0.002685,-0.024429,-0.000050
-0.003793,-0.030851,0.002023
-0.001990,-0.033028,0.006248
-0.002099,-0.024525,0.009506
-0.003145,-0.009543,0.005386
-0.002152,0.002151,0.009705
-0.001085,0.013922,0.006624
-0.000983,0.019289,0.003466
0.001080,0.018243,0.001335
0.003111,0.015053,0.000246
0.003162,0.005427,0.002284
-0.000733,-0.005208,-0.000993
0.000184,-0.012668,-0.002120
0.001065,-0.016949,-0.001095
0.001966,-0.014836,0.001045
0.000940,-0.007333,-0.002066
-0.000050,-0.000939,-0.000928
-0.001029,0.005461,-0.000878
-0.000025,0.010807,-0.001893
-0.000946,0.011842,0.001321
-0.001864,0.008683,-0.002944
0.000079,0.004419,-0.002975
-0.000899,-0.003071,-0.000905
0.001008,-0.010532,-0.002023
-0.000991,-0.012678,-0.001002
-0.002065,-0.018023,0.000019
-0.001170,-0.020158,-0.000020
-0.001242,-0.011634,0.001102
-0.000294,-0.005223,0.000069
-0.001275,0.004383,0.000145
-0.001252,0.010786,0.000201
-0.001178,0.018255,0.000252
-0.000110,0.018266,-0.000802
-0.001958,0.018246,0.001313
0.000043,0.009754,-0.002978
0.000087,0.005474,-0.001940
0.000080,-0.001995,-0.001991
-0.000936,-0.011611,-0.001000
-0.000022,-0.016934,-0.002086
-0.001107,-0.018003,-0.002117
0.000767,-0.016935,-0.002100
-0.001269,-0.012621,-0.006315
-0.002311,-0.006219,-0.006266
-0.003316,-0.000908,-0.004118
-0.000407,0.004437,-0.005146
-0.000397,0.008686,-0.002987
-0.000366,0.010819,-0.002982
-0.001301,0.010775,0.001269
-0.003204,0.009687,0.003396
-0.001202,0.005397,0.005474
-0.003101,0.000061,0.005427
-0.001148,-0.008462,0.004312
-0.000199,-0.012730,0.004274
-0.000249,-0.013798,0.004258
0.000678,-0.013776,0.002143
0.002584,-0.008420,0.000075
-0.000369,-0.000951,0.000119
0.000604,0.005516,-0.006212
0.000612,0.014063,-0.007213
0.000663,0.016216,-0.009308
-0.000289,0.016227,-0.010355
-0.001229,0.011929,-0.007203
-0.000241,0.003350,-0.003034
-0.003164,-0.004140,-0.000949
-0.003193,-0.008430,0.001136
-0.003236,-0.014851,0.003208
-0.003268,-0.011703,0.008541
-0.001346,-0.013841,0.008502
0.000574,-0.009562,0.007479
-0.001389,-0.002084,0.006469
-0.001379,0.006495,0.002293
0.000626,0.013964,0.002352
0.000685,0.017220,-0.002912
0.001734,0.011876,-0.001912
0.002732,0.005517,-0.006199
0.002696,-0.005116,-0.010548
0.002620,-0.010451,-0.010588
-0.000398,-0.014727,-0.009572
-0.002448,-0.010491,-0.006352
-0.002498,-0.005180,-0.004168
-0.001571,0.000177,-0.006244
-0.003536,0.004439,-0.005147
-0.001561,0.002242,0.001222
-0.001569,0.001175,0.001241
-0.001549,-0.004181,0.003330
-0.002535,-0.003116,0.003326
-0.000572,-0.004214,0.006506
0.001368,-0.002014,0.000144
0.002332,0.002306,-0.005137
0.003294,0.002325,-0.007273
0.003279,0.008792,-0.013576
0.001325,0.008847,-0.018888
0.000301,0.001356,-0.016825
-0.001723,-0.007225,-0.012655
0.000121,-0.013628,-0.012718
-0.000968,-0.016891,-0.006359
-0.002045,-0.019067,-0.002127
-0.004081,-0.015897,0.001084
-0.005099,-0.008441,0.002168
-0.005085,0.005387,0.006542
-0.004046,0.016046,0.007675
-0.002939,0.019229,0.009845
0.002049,0.016059,0.006627
0.001152,0.008647,0.001298
0.001172,-0.005205,-0.000952
0.000136,-0.017979,-0.004239
0.000023,-0.030816,-0.001161
0.000833,-0.031846,-0.005448
-0.000297,-0.023278,-0.008564
-0.000414,-0.009391,-0.009505
-0.000474,0.004470,-0.008343
-0.003368,0.015066,-0.000830
-0.005237,0.018278,-0.001870
-0.004156,0.020411,-0.001837
-0.003109,0.012933,-0.000814
-0.002106,-0.000969,0.002261
-0.002107,-0.013795,0.004278
-0.002190,-0.027702,0.007334
-0.001320,-0.029827,0.006248
0.000517,-0.027702,0.007306
-0.000534,-0.019176,0.008434
0.001369,-0.007366,0.001075
0.001379,0.004340,0.004347
0.002408,0.017185,0.000194
0.000559,0.024688,-0.002903
-0.001300,0.025778,-0.005030
-0.001186,0.020403,-0.000791
-0.002099,0.009707,0.001253
-0.001089,-0.004206,0.005404
-0.000148,-0.018099,0.007432
-0.000235,-0.029815,0.005215
0.000610,-0.031992,0.009433
0.000495,-0.027691,0.006294
0.001379,-0.020202,0.004224
0.001333,-0.007334,-0.002051
-0.000647,0.003391,-0.007284
0.000329,0.015169,-0.011453
0.000356,0.020494,-0.010346
-0.000555,0.023685,-0.009264
0.000471,0.017317,-0.012475
0.000505,0.006584,-0.006182
-0.002436,-0.001950,-0.006243
-0.001508,-0.013730,-0.002088
-0.001583,-0.020187,0.003161
-0.002649,-0.026610,0.005248
-0.001771,-0.027666,0.004171
0.000094,-0.019119,0.003170
0.000034,-0.011632,0.001094
0.000982,-0.002008,-0.000965
-0.000970,0.007626,-0.004078
-0.000937,0.014059,-0.007219
-0.002849,0.016197,-0.007194
-0.001827,0.016197,-0.007194
-0.000811,0.011911,-0.005104
-0.000790,0.003364,-0.004110
-0.000800,-0.003051,-0.003069
-0.001823,-0.011629,0.001128
-0.002862,-0.018041,0.002119
-0.001959,-0.019119,0.003170
-0.001063,-0.016986,0.003190
0.000850,-0.007352,0.000063
0.000844,-0.002034,0.002216
0.000860,0.004378,0.001204
0.000908,0.007618,-0.003003
0.001922,0.012975,-0.005079
-0.002916,0.016176,-0.005044
-0.001905,0.014086,-0.009293
-0.000924,0.004476,-0.008282
0.000018,-0.007251,-0.009431
-0.002028,-0.019002,-0.008472
-0.003133,-0.023304,-0.005347
-0.001311,-0.023341,-0.002176
-0.002383,-0.019105,0.001037
-0.004381,-0.008464,0.004270
-0.002410,0.004331,0.005450
-0.002329,0.011802,0.005522
-0.000294,0.016092,0.003444
-0.000222,0.014024,-0.002942
-0.001140,0.009777,-0.005101
-0.000146,0.004430,-0.004051
0.000804,-0.005152,-0.006243
-0.002187,-0.010496,-0.005215
-0.002292,-0.017957,-0.006362
-0.000433,-0.017992,-0.003199
-0.002478,-0.013755,0.000028
-0.000560,-0.007343,-0.001005
-0.001536,0.002229,0.002255
-0.001504,0.006487,0.003332
-0.003384,0.009668,0.005496
-0.001362,0.009654,0.006551
0.001635,0.008587,0.006535
0.000702,0.007510,0.007586
-0.001202,0.004320,0.006504
-0.001157,0.002177,0.007559
-0.001134,0.001122,0.006496
-0.000142,0.000086,0.003318
-0.000152,-0.004159,0.001187
-0.000185,-0.009476,-0.000988
-0.000220,-0.010533,-0.002065
0.001656,-0.014818,0.000010
0.000620,-0.011627,0.001092
0.001555,-0.006252,-0.003111
-0.002381,0.001251,-0.006215
-0.001429,0.006605,-0.008318
-0.001413,0.011918,-0.006163
-0.001372,0.014026,-0.004007
-0.002297,0.009726,-0.000854
-0.000299,0.007609,-0.001929
-0.002240,0.000119,0.000149
-0.002252,-0.009528,0.004316
-0.003268,-0.013774,0.002171
-0.001365,-0.014831,0.001093
-0.002400,-0.015919,0.003206
0.000459,-0.013772,0.002163
0.000416,-0.011642,0.002133
0.000381,-0.003083,0.000085
-0.001556,0.004385,0.000123
-0.000568,0.007559,0.002261
-0.002465,0.012873,0.004423
-0.003347,0.013924,0.006552
-0.000359,0.012889,0.003367
0.000681,0.007552,0.003335
-0.000258,0.002197,0.005438
-0.000249,-0.004172,0.002213
0.000714,-0.008449,0.003257
0.000668,-0.012677,-0.001017
0.000598,-0.013733,-0.002080
0.001500,-0.015857,-0.003159
0.001412,-0.016872,-0.008487
0.000333,-0.014713,-0.010613
0.000231,-0.007244,-0.010555
-0.001782,-0.005113,-0.010542
-0.003780,-0.000855,-0.009451
-0.001841,0.005507,-0.005145
-0.002802,0.007586,0.000158
-0.002777,0.006549,-0.003012
-0.002754,0.002238,0.001195
-0.002735,0.000075,0.004372
-0.001737,-0.005271,0.005387
-0.000769,-0.010615,0.006414
-0.000792,-0.012750,0.006389
-0.002781,-0.013839,0.008502
-0.001839,-0.013839,0.008509
0.000092,-0.006330,0.004303
-0.000892,-0.000952,0.000098
0.000081,0.006532,-0.000892
0.001078,0.009756,-0.002972
0.001103,0.008690,-0.002981
0.000170,0.010856,-0.006139
0.001159,0.003397,-0.007265
-0.000817,-0.000860,-0.008349
-0.000874,-0.007287,-0.006268
-0.003871,-0.012632,-0.005240
-0.001978,-0.012707,0.002180
-0.001043,-0.011663,0.004298
-0.000098,-0.010577,0.003258
-0.000121,-0.006298,0.002227
0.000855,-0.000958,0.001215
-0.001091,0.005476,-0.001919
-0.002067,0.006553,-0.002971
-0.001048,0.007610,-0.001901
-0.000062,0.003376,-0.005108
0.000882,-0.003006,-0.007293
-0.000149,-0.010497,-0.005236
-0.000227,-0.017990,-0.003193
-0.001316,-0.021211,-0.001113
-0.004328,-0.018031,0.001030
-0.002420,-0.009518,0.003220
-0.002435,-0.002016,0.000109
-0.002421,0.002206,0.004385
-0.002380,0.004329,0.005451
-0.001347,0.002222,0.003343
-0.001327,-0.003135,0.005426
-0.000346,-0.006315,0.003297
-0.000369,-0.008405,-0.000945
0.001533,-0.010504,-0.004141
0.002438,-0.009415,-0.006246
0.001390,-0.010453,-0.009452
0.000333,-0.009365,-0.011565
0.001200,-0.011487,-0.012659
-0.000833,-0.011518,-0.009462
-0.001901,-0.016876,-0.007400
-0.003966,-0.022222,-0.006386
-0.004073,-0.023342,-0.001083
-0.003190,-0.023396,0.004208
-0.003274,-0.020209,0.005298
-0.003330,-0.013807,0.005347
-0.001408,-0.004213,0.006470
-0.002346,0.001110,0.007550
-0.000361,0.005398,0.005473
-0.000308,0.006519,0.000184
-0.000296,0.001238,-0.005168
-0.000323,-0.008379,-0.004218
0.000576,-0.012637,-0.005309
-0.001447,-0.013758,-0.000028
-0.001503,-0.008444,0.002141
-0.002485,0.000072,0.004338
-0.000503,0.004362,0.002253
-0.000447,0.009698,0.002306
0.000592,0.011836,0.002345
0.000663,0.008624,0.003385
0.001665,-0.000933,-0.000923
0.000680,-0.009447,-0.003099
0.001582,-0.014765,-0.005245
0.002439,-0.019012,-0.007411
0.002292,-0.020065,-0.008483
0.000216,-0.017932,-0.008478
-0.000872,-0.013642,-0.010556
-0.001928,-0.006153,-0.012640
-0.004904,-0.004032,-0.011574
-0.003978,0.001240,-0.005168
-0.002016,0.004397,-0.000924
-0.002960,0.005421,0.003322
-0.002910,0.004344,0.004402
-0.003837,0.004323,0.006517
-0.002809,0.004299,0.008633
0.000176,0.002165,0.008614
0.001190,-0.000993,0.004349
0.001202,-0.000971,0.002241
0.002183,-0.000957,0.001172
0.003148,-0.003060,-0.002030
0.002135,-0.004086,-0.006283
0.000135,-0.006221,-0.006301
0.001054,-0.004085,-0.006276
-0.000917,-0.001971,-0.004121
-0.000961,-0.004086,-0.006261
-0.002918,0.000170,-0.005184
-0.002938,0.002264,-0.000908
-0.001950,0.002221,0.003336
-0.002915,0.000102,0.002269
0.000035,-0.000986,0.004389
0.000051,-0.005290,0.007536
0.001030,-0.003113,0.003311
-0.000913,-0.004149,0.000119
-0.000916,-0.000938,-0.000928
-0.001902,-0.001980,-0.003061
-0.002921,-0.004124,-0.002019
-0.002962,-0.008394,-0.002056
-0.002016,-0.006303,0.002193
-0.000098,-0.005256,0.004317
-0.000095,-0.003166,0.008566
-0.002012,0.000033,0.008595
-0.001936,0.004279,0.010733
-0.001856,0.008550,0.010769
0.000169,0.008592,0.006525
0.002180,0.009689,0.003360
0.000271,0.006497,0.002257
0.001272,0.005496,-0.004091
0.000306,0.003363,-0.004095
-0.000679,0.002318,-0.006206
0.000251,-0.003017,-0.006253
0.001201,-0.005237,0.002217
0.000191,-0.007305,-0.004133
-0.000819,-0.011581,-0.003125
-0.001873,-0.011590,-0.002043
-0.003875,-0.008436,0.002216
-0.000972,-0.006280,0.000120
-0.000024,-0.006256,-0.001989
-0.000054,-0.003023,-0.005151
0.001868,0.000194,-0.007271
0.000850,-0.001908,-0.010480
-0.000179,0.001291,-0.010487
-0.003124,0.006626,-0.010454
-0.004089,0.008739,-0.008321
-0.004078,0.008728,-0.007260
-0.002109,0.003321,0.000134
-0.002094,0.001156,0.003312
-0.001090,-0.005299,0.008575
-0.002059,-0.009567,0.008552
-0.001107,-0.012792,0.010661
-0.002109,-0.010604,0.005375
0.000789,-0.008448,0.003257
0.002715,-0.003060,-0.002009
0.005615,0.003364,-0.004089
0.002701,0.005550,-0.009396
0.001714,0.008813,-0.015733
-0.000256,0.009902,-0.017839
-0.003212,0.005603,-0.014694
-0.001304,0.001271,-0.008358
-0.006217,-0.006260,-0.002044
-0.003314,-0.010592,0.004299
-0.002356,-0.010665,0.011732
-0.004312,-0.010666,0.011718
-0.002341,-0.003201,0.011792
-0.002295,0.001077,0.010741
-0.001258,0.007474,0.011863
0.000765,0.011816,0.004460
0.000840,0.012923,0.000240
0.002832,0.010842,-0.005084
0.002837,0.001253,-0.006230
0.002795,-0.005096,-0.011584
0.000768,-0.011512,-0.010578
-0.002254,-0.012590,-0.009534
-0.004297,-0.014758,-0.006369
-0.004387,-0.012657,-0.003188
-0.003453,-0.007363,0.001096
-0.004444,-0.000981,0.003280
-0.003433,0.005387,0.006520
-0.001428,0.006455,0.006543
0.000586,0.007501,0.008668
-0.001298,0.006478,0.004428
0.002631,0.003322,0.000169
0.002634,0.000163,-0.004103
0.002608,0.000213,-0.009414
0.000605,-0.002979,-0.010516
-0.000441,-0.005087,-0.012652
-0.001488,-0.006165,-0.011607
-0.002551,-0.005100,-0.011597
-0.002593,-0.005164,-0.005231
-0.002626,-0.000959,0.001172
-0.004553,0.001144,0.004374
-0.003549,0.004359,0.003347
-0.002545,0.005373,0.008668
-0.001500,0.005370,0.008669
0.000505,0.001113,0.007578
0.002505,0.000038,0.008628
0.000559,0.000113,0.001201
-0.001391,-0.007367,0.002197
-0.000464,-0.011604,-0.001031
-0.000525,-0.012686,0.000008
0.001372,-0.012676,-0.001060
0.000326,-0.006265,-0.002078
0.000312,0.001186,0.000130
-0.002609,0.004384,0.000138
-0.002574,0.011875,-0.001912
-0.002519,0.014011,-0.001894
-0.002467,0.011877,-0.001913
-0.001442,0.008670,-0.000860
-0.000441,0.001202,-0.000905
-0.000436,-0.007337,-0.000964
-0.000502,-0.013750,0.000041
-0.001532,-0.018019,0.000018
-0.001615,-0.017999,-0.002118
0.000251,-0.014818,0.000032
0.000199,-0.008427,0.001135
0.000184,0.000120,0.000134
-0.000775,0.008656,0.000202
-0.000728,0.011860,0.000194
-0.001657,0.014037,-0.004032
-0.000627,0.008689,-0.003003
0.000382,0.006503,0.002298
-0.000579,0.001200,-0.000925
-0.000583,-0.002022,0.001176
-0.001570,-0.006293,0.001146
-0.003533,-0.007371,0.002198
-0.002608,-0.007407,0.005361
-0.001625,-0.006360,0.007499
0.000338,-0.002099,0.008589
-0.000623,-0.003167,0.008580
0.001365,0.002155,0.009668
0.001420,0.002179,0.007580
-0.000498,0.004380,0.001225
-0.001458,0.003323,0.000154
0.000500,0.003379,-0.005137
0.001448,0.001234,-0.004102
-0.000510,-0.003037,-0.004124
0.001393,-0.004091,-0.005167
-0.001573,-0.009397,-0.008417
-0.000667,-0.011551,-0.006293
-0.001720,-0.012620,-0.006330
-0.000829,-0.012632,-0.005283
-0.002842,-0.005174,-0.004156
-0.003841,0.002241,0.001194
-0.002842,0.008658,0.000201
-0.002803,0.007601,-0.000876
-0.001779,0.008627,0.003391
-0.001717,0.005415,0.004424
-0.001690,-0.000974,0.003320
-0.001692,-0.006321,0.004321
-0.002699,-0.007361,0.001123
0.000206,-0.005237,0.002203
0.001184,0.001166,0.002251
0.002161,0.007601,-0.000876
0.002208,0.009710,0.001238
0.000305,0.014000,-0.000833
-0.000627,0.008664,-0.000900
0.000384,0.006510,0.001224
-0.001558,0.001179,0.001175
0.002341,-0.008434,0.002173
0.000368,-0.011623,0.001105
-0.000671,-0.012694,0.001083
-0.001699,-0.006248,-0.003091
-0.003691,-0.004125,-0.002019
-0.003712,0.002287,-0.003030
-0.002743,0.006523,0.000183
-0.002688,0.009735,-0.000843
0.000286,0.007612,-0.001909
0.000308,0.004447,-0.005107
0.000303,-0.003055,-0.001996
0.001251,-0.009462,-0.002044
0.001200,-0.010530,-0.002067
0.001135,-0.009393,-0.008433
-0.000902,-0.006192,-0.008411
-0.001926,-0.000850,-0.009439
-0.000990,0.004486,-0.009392
-0.001962,0.007668,-0.007250
-0.001921,0.008702,-0.004065
-0.000923,0.003335,-0.000900
0.001035,-0.000956,0.001171
0.000058,-0.003090,0.001160
-0.000936,-0.004156,0.001164
-0.000959,-0.006271,-0.000969
0.000971,-0.006239,-0.004145
0.000942,-0.003038,-0.004152
-0.000057,-0.000882,-0.006249
-0.000080,0.001265,-0.007292
-0.002045,0.003366,-0.004097
-0.002047,0.000151,-0.003055
-0.003029,0.001197,-0.000917
-0.002045,0.002247,0.001220
-0.001043,0.002215,0.004396
-0.001013,0.001133,0.005442
0.000962,0.000077,0.004378
0.000970,-0.000968,0.002226
0.001947,-0.002003,-0.000960
0.000954,0.000152,-0.003049
0.000925,-0.003029,-0.005213
0.001863,-0.000838,-0.010493
-0.000155,-0.005063,-0.014767
-0.002169,-0.002953,-0.012626
-0.002230,-0.004000,-0.014778
-0.001319,-0.003017,-0.006267
-0.002316,-0.000859,-0.008343
-0.002321,0.003300,0.002270
-0.002312,0.003281,0.004420
-0.001289,0.005426,0.003377
-0.001264,0.004327,0.006551
-0.000242,0.004330,0.006550
-0.000195,0.000083,0.004390
0.000792,-0.000955,0.001192
0.000775,-0.006290,0.001145
0.000727,-0.008350,-0.006300
-0.001288,-0.010476,-0.007401
-0.001371,-0.007286,-0.006325
-0.000450,-0.007306,-0.004190
0.001456,-0.005161,-0.005253
-0.001501,-0.000934,-0.000958
-0.001504,0.004385,0.000123
-0.002441,0.007599,-0.000875
-0.003391,0.011867,-0.000859
-0.003312,0.013990,0.000221
-0.001315,0.009725,0.000197
-0.002250,0.002288,-0.003038
0.000653,-0.006324,0.004336
-0.001325,-0.010561,0.001109
0.002528,-0.014849,0.003200
0.000507,-0.019096,0.001041
-0.000546,-0.014813,0.000016
-0.000605,-0.006244,-0.003093
0.000331,0.001263,-0.007270
0.001287,0.008732,-0.007211
-0.000637,0.014125,-0.012464
-0.000618,0.014105,-0.010328
-0.000619,0.007712,-0.011445
-0.003535,0.000199,-0.007266
-0.002610,-0.012612,-0.007383
-0.002729,-0.023338,-0.002185
-0.002805,-0.018093,0.007416
-0.002853,-0.011735,0.011688
-0.000877,-0.003163,0.008572
-0.000847,0.005406,0.005456
-0.000797,0.007539,0.005496
-0.000721,0.008659,0.000194
0.001268,0.007636,-0.004053
0.001289,0.002302,-0.004072
0.002239,-0.003026,-0.005171
0.001201,-0.008362,-0.005225
0.001133,-0.011518,-0.009476
-0.000912,-0.010453,-0.009488
-0.000997,-0.002975,-0.010504
-0.002003,0.003406,-0.008333
-0.001035,0.006623,-0.009339
-0.002980,0.006547,-0.001933
-0.001964,0.005477,-0.001941
-0.001965,0.001209,-0.001979
-0.000980,-0.004156,0.001164
-0.001991,-0.010525,-0.002061
-0.000098,-0.012704,0.002165
-0.001122,-0.006291,0.001153
-0.000198,-0.003035,-0.004139
-0.001190,0.003356,-0.003036
-0.000191,0.005477,-0.001962
-0.001155,0.005489,-0.003010
-0.000171,0.002293,-0.003032
0.000801,0.000147,-0.002004
-0.001175,-0.006273,-0.001025
-0.001219,-0.007351,0.000020
-0.001234,0.000128,-0.000968
-0.003183,0.004407,-0.001992
-0.002181,0.010809,-0.001943
-0.001162,0.008632,0.002289
-0.000149,0.005475,-0.001955
-0.000126,-0.002005,-0.000952
-0.001123,-0.008402,-0.000988
-0.000201,-0.012670,-0.001019
-0.001249,-0.017974,-0.004241
0.000599,-0.014762,-0.005274
0.000523,-0.010481,-0.006306
0.001443,-0.003002,-0.007315
0.000429,0.002352,-0.009397
-0.000559,0.007698,-0.010418
-0.001526,0.008790,-0.012539
-0.000567,0.008737,-0.007234
-0.002521,0.006616,-0.009379
-0.001562,0.000193,-0.007292
-0.002552,-0.004116,-0.003079
-0.002604,-0.006261,-0.002044
-0.002631,-0.007349,0.000083
-0.001681,-0.006284,0.000072
-0.001702,-0.005233,0.002208
0.000231,-0.003069,-0.000977
0.001176,-0.002038,0.002210
0.000214,-0.000949,0.000104
0.000204,0.003367,-0.004104
-0.000774,0.005522,-0.006207
-0.000780,0.005532,-0.007275
0.000183,0.001264,-0.007299
-0.001800,0.000206,-0.008368
-0.003780,-0.001969,-0.004122
-0.004789,-0.005171,-0.004143
-0.004812,-0.006281,0.000085
-0.002876,-0.007377,0.003257
-0.001906,-0.003119,0.004356
-0.001889,-0.000997,0.005429
0.000090,0.001148,0.004394
0.000118,0.003312,0.001223
-0.000835,0.004410,-0.001965
-0.000808,0.004421,-0.003026
0.001130,0.003386,-0.006211
0.000137,0.002321,-0.006221
-0.000861,-0.000902,-0.004134
-0.000893,-0.000870,-0.007303
-0.000915,-0.001991,-0.002007
-0.002881,-0.000938,-0.000943
-0.005816,-0.003094,0.001161
-0.003864,-0.007425,0.007475
-0.001927,-0.006368,0.008545
-0.001895,-0.003162,0.008578
0.000084,-0.003163,0.008565
0.000103,0.001144,0.004366
-0.000832,0.002234,0.002274
0.002086,0.000142,-0.001995
-0.000822,0.000122,0.000141
0.001117,-0.004106,-0.004147
-0.000877,-0.006230,-0.005227
-0.000946,-0.010519,-0.003135
-0.001013,-0.008418,0.000046
-0.002996,-0.005227,0.001128
-0.001043,-0.000990,0.004348
-0.002971,0.003255,0.006515
-0.001930,0.004312,0.007592
-0.001876,0.002227,0.003334
-0.001844,0.004364,0.003388
-0.000845,0.000104,0.002304
0.001109,-0.001997,-0.000884
0.000111,-0.003066,-0.000885
0.000070,-0.005169,-0.004087
0.000019,-0.006257,-0.001988
-0.000012,-0.005170,-0.004122
-0.000044,-0.003024,-0.005179
-0.000052,0.001221,-0.003040
-0.001990,0.003345,-0.001961
-0.000044,0.005479,-0.001949
-0.001966,0.004400,-0.000897
-0.002941,0.001209,-0.001986
-0.002942,-0.000935,-0.000929
-0.000022,-0.006293,0.001132
-0.001986,-0.006268,-0.000984
-0.001067,-0.009501,0.002178
-0.002060,-0.005246,0.003277
-0.003036,-0.002034,0.002237
-0.002037,0.003337,-0.000872
-0.003002,0.001201,-0.000918
-0.002019,-0.002034,0.002237
0.000908,-0.006325,0.004301
0.000893,-0.004191,0.004320
-0.000083,-0.000970,0.002212
-0.001046,0.004391,0.000135
-0.002000,0.003378,-0.005172
-0.000032,0.007632,-0.004066
-0.000018,0.004431,-0.004087
0.000948,-0.001959,-0.005197
-0.000057,-0.005169,-0.004136
-0.000105,-0.010505,-0.004176
-0.003094,-0.014784,-0.003159
-0.001225,-0.011602,-0.000996
-0.002241,-0.010536,-0.001007
-0.001314,-0.008385,-0.003109
-0.000382,-0.008396,-0.002055
-0.000428,-0.009458,-0.002066
-0.002426,-0.009503,0.002157
-0.002457,-0.005182,-0.003110
-0.002482,-0.005224,0.001141
-0.003473,-0.006312,0.003246
-0.003503,-0.011669,0.005329
-0.001589,-0.017027,0.007397
0.000315,-0.012727,0.004245
-0.000703,-0.011638,0.002153
0.000240,-0.007359,0.001129
-0.000756,-0.003102,0.002228
-0.001744,-0.001993,-0.002006
0.001176,-0.000920,-0.002013
0.000174,-0.005175,-0.003084
0.000149,-0.004122,-0.002012
-0.000869,-0.007292,-0.005230
-0.001897,-0.009440,-0.004173
-0.000989,-0.009471,-0.000976
-0.000064,-0.008403,-0.000981
-0.001078,-0.007358,0.001129
-0.000118,-0.000955,0.001199
-0.001088,-0.000924,-0.001998
-0.000137,-0.000923,-0.002012
-0.002098,0.001212,-0.001987
-0.002096,0.001200,-0.000933
-0.002099,-0.000944,0.000117
-0.001123,-0.002034,0.002230
0.000821,0.000122,0.000141
-0.001120,-0.002031,0.002236
-0.002101,0.000113,0.001180
-0.002108,-0.002012,0.000115
-0.001146,-0.002034,0.002230
-0.001136,-0.002077,0.006467
-0.002077,0.000068,0.005432
-0.001102,0.000068,0.005432
0.000885,-0.000999,0.005415
-0.000070,-0.002071,0.005415
-0.000052,-0.002007,-0.000944
0.000910,-0.003023,-0.005172
-0.001095,-0.000868,-0.007282
0.000803,-0.000851,-0.009403
0.000776,-0.001907,-0.010466
-0.001242,-0.002975,-0.009397
-0.003236,-0.008311,-0.009450
-0.001354,-0.011551,-0.006300
-0.003401,-0.015841,-0.004222
-0.002513,-0.016930,-0.002123
-0.003570,-0.011661,0.004276
-0.002605,-0.004214,0.006435
-0.002572,0.004333,0.005442
-0.001545,0.009662,0.006548
0.000463,0.008626,0.003342
-0.000444,0.009679,0.004435
0.000570,0.004387,0.000151
-0.000413,-0.004133,-0.000966
-0.002395,-0.007335,-0.000994
-0.000487,-0.010547,0.000047
-0.001508,-0.008413,0.000065
0.000391,-0.008412,0.000072
0.000366,-0.005222,0.001154
0.001307,-0.004125,-0.002026
-0.000644,-0.001990,-0.002007
-0.003561,0.000134,-0.000935
-0.000649,0.003377,-0.005158
-0.004532,0.001195,-0.000931
-0.002579,0.001196,-0.000924
-0.003556,0.000134,-0.000935
-0.004544,-0.005234,0.002195
-0.000674,-0.006302,0.002193
-0.001667,-0.000988,0.004354
-0.002600,0.003248,0.007560
-0.001574,0.005373,0.008654
-0.002470,0.010772,0.002342
-0.003380,0.005434,0.002267
0.000530,-0.003125,0.004343
0.002464,-0.013799,0.004216
0.001437,-0.015929,0.004210
0.000400,-0.014821,-0.000038
0.000325,-0.006275,-0.001031
-0.000663,0.006551,-0.003055
-0.000624,0.017213,-0.001909
0.000429,0.019349,-0.001869
-0.000449,0.016170,-0.003991
-0.001403,0.004422,-0.003012
-0.002385,-0.006290,0.001152
-0.001456,-0.018037,0.002139
-0.001551,-0.027663,0.004184
-0.000684,-0.026585,0.003132
-0.001768,-0.023375,0.002079
-0.001856,-0.013750,0.000034
0.000024,-0.006259,-0.002052
-0.000001,0.000185,-0.006253
0.000987,0.012967,-0.004033
0.000055,0.012987,-0.006169
-0.001854,0.011899,-0.004056
-0.002787,0.007619,-0.003046
-0.002768,0.001194,-0.000952
-0.001777,-0.003127,0.004330
-0.001800,-0.007413,0.006421
-0.002792,-0.011681,0.006390
0.000111,-0.009515,0.003233
0.000082,-0.007369,0.002197
0.000063,-0.004153,0.001156
0.001029,-0.000920,-0.001999
0.002007,0.001222,-0.003040
0.000022,0.002342,-0.008336
-0.000969,0.000207,-0.008354
-0.000038,-0.000849,-0.009418
-0.002018,0.000196,-0.007279
-0.002042,-0.000882,-0.006227
-0.001080,-0.000900,-0.004092
-0.002072,-0.000932,-0.000909
-0.002082,-0.006307,0.003294
-0.002094,-0.006319,0.004341
-0.002095,-0.008426,0.001134
-0.002123,-0.005224,0.001169
-0.002128,-0.003078,0.000105
-0.001165,-0.002022,0.001169
-0.001186,0.000155,-0.003057
-0.001184,0.004402,-0.000905
-0.000191,0.006548,-0.001962
-0.001151,0.005460,0.000158
-0.001120,0.008667,-0.000880
-0.002077,0.008646,0.001242
-0.001063,0.005479,-0.001942
-0.001047,0.003324,0.000169
-0.000089,-0.000933,-0.000937
-0.000083,-0.004175,0.003307
-0.001077,-0.006332,0.005396
-0.000114,-0.004164,0.002253
-0.000139,-0.005201,-0.000946
-0.000161,-0.007357,0.001157
-0.000178,-0.004164,0.002224
-0.002133,-0.000920,-0.001985
-0.001170,-0.001958,-0.005183
-0.001200,0.002333,-0.007254
-0.001190,0.003390,-0.006198
-0.000235,0.002303,-0.004065
-0.003162,0.001247,-0.005128
-0.003194,-0.005189,-0.002029
-0.001274,-0.011625,0.001106
-0.000340,-0.013760,0.001080
-0.000389,-0.011684,0.006384
-0.002368,-0.009530,0.004260
-0.001404,-0.002056,0.004310
-0.001385,0.004388,0.000108
-0.002310,0.008633,0.002282
-0.000328,0.008656,0.000174
0.000684,0.006501,0.002291
0.001683,-0.001992,-0.002007
0.000676,-0.007343,0.000102
0.000622,-0.011591,-0.002057
-0.002377,-0.014782,-0.003139
-0.001488,-0.011592,-0.002064
-0.001569,-0.009446,-0.003128
0.000355,0.000179,-0.005166
-0.000621,0.010861,-0.006112
-0.000590,0.016196,-0.006065
-0.003469,0.017253,-0.004995
-0.002424,0.018275,-0.000762
-0.000397,0.006517,0.001292
-0.000374,-0.002042,0.003326
0.000589,-0.008452,0.004351
-0.001379,-0.012743,0.006429
-0.001428,-0.013767,0.002161
-0.001499,-0.009487,0.001151
-0.000556,-0.006278,0.000098
0.001373,0.002279,-0.001970
0.000399,0.006578,-0.005116
-0.000550,0.009790,-0.006149
-0.002486,0.006589,-0.006184
-0.002472,0.004400,-0.000904
-0.002473,-0.002007,-0.000980
-0.000545,-0.004205,0.005368
-0.001513,-0.000992,0.004313
-0.002491,0.000120,0.000099
-0.000529,0.001174,0.001170
-0.000514,0.002242,0.001186
-0.001496,-0.000901,-0.004134
-0.000527,-0.006259,-0.002073
0.000395,-0.011605,-0.001044
0.000340,-0.014795,-0.002126
0.001238,-0.010528,-0.002082
0.001184,-0.008385,-0.003145
0.001126,-0.004115,-0.003115
0.000135,0.001273,-0.008387
0.001073,0.003408,-0.008369
0.000103,0.006620,-0.009402
0.000077,0.004464,-0.007299
-0.000901,0.002320,-0.006249
-0.002883,-0.005150,-0.006293
-0.001958,-0.009429,-0.005270
-0.003009,-0.015860,-0.002122
-0.002130,-0.018038,0.002089
-0.002203,-0.018074,0.005259
-0.001262,-0.013784,0.003182
-0.000343,-0.010601,0.005309
0.000637,-0.003111,0.003239
-0.000345,0.001204,-0.002041
0.001604,0.004448,-0.006257
0.001604,0.007698,-0.010468
0.001595,0.005596,-0.013656
0.000574,-0.000821,-0.012642
-0.000462,-0.005078,-0.013719
-0.001518,-0.008310,-0.010579
-0.002589,-0.014710,-0.010593
-0.002714,-0.017939,-0.007432
-0.002820,-0.017961,-0.005310
-0.003888,-0.018008,-0.001065
-0.001045,-0.013740,-0.001027
-0.003025,-0.009500,0.002178
-0.001101,-0.011655,0.004288
-0.003097,-0.011634,0.002159
0.000780,-0.012668,-0.001027
-0.002225,-0.010504,-0.004197
-0.000343,-0.013717,-0.003171
-0.001400,-0.012629,-0.005277
-0.001476,-0.012651,-0.003169
-0.002522,-0.011583,-0.003160
-0.001587,-0.008382,-0.003146
-0.002631,-0.006261,-0.002058
-0.002671,-0.005194,-0.002056
-0.002696,-0.000958,0.001165
-0.001719,0.002242,0.001186
-0.002684,0.003301,0.002248
-0.001676,0.004349,0.004400
-0.000670,0.004371,0.002278
-0.001611,0.007594,0.000184
-0.002548,0.005429,0.003355
0.000415,0.003295,0.003343
0.000434,0.000106,0.002275
-0.000531,-0.004164,0.002224
0.001390,-0.006319,0.004341
-0.000565,-0.007364,0.002217
-0.001550,-0.006235,-0.004125
-0.001601,-0.006224,-0.005186
-0.000677,-0.001978,-0.003048
-0.001661,0.000092,0.003323
-0.002602,0.003325,0.000182
-0.001608,0.005479,-0.001942
-0.001587,0.006548,-0.001919
-0.000601,0.009727,0.000210
0.000410,0.004423,-0.003005
-0.000576,0.003354,-0.003035
-0.003501,0.005477,-0.001955
-0.003477,0.005478,-0.001942
-0.004450,0.004394,0.000162
-0.004410,0.001152,0.004399
-0.003426,-0.007421,0.007509
-0.001475,-0.011688,0.007493
-0.000522,-0.011663,0.005384
-0.001522,-0.011685,0.007499
-0.000569,-0.009509,0.003273
0.002320,-0.003054,-0.001996
0.001335,0.005527,-0.006174
0.002317,0.011958,-0.009349
0.001363,0.016243,-0.011425
0.001370,0.015219,-0.015678
0.000402,0.012001,-0.013565
-0.002523,0.007745,-0.014642
-0.003537,-0.004068,-0.007311
-0.003583,-0.010524,-0.002055
-0.002678,-0.012700,0.002185
-0.001726,-0.012743,0.006429
-0.001759,-0.011665,0.005391
-0.000800,-0.002020,0.001218
-0.001773,0.002273,-0.000875
0.000200,0.009730,0.000223
0.000230,0.009763,-0.002946
0.000270,0.006615,-0.008279
0.001230,0.003453,-0.012543
-0.000766,-0.000795,-0.014723
-0.000847,-0.010443,-0.010563
-0.001948,-0.016867,-0.008496
-0.003020,-0.013667,-0.008489
-0.003090,-0.000895,-0.005208
-0.003094,0.008681,-0.001935
-0.003044,0.012917,0.001285
-0.004900,0.018252,0.001353
-0.003836,0.013951,0.004492
-0.000840,0.003291,0.003359
-0.000830,-0.004178,0.003301
0.000102,-0.010555,0.001135
0.000036,-0.015838,-0.004216
-0.002000,-0.013694,-0.005287
-0.001108,-0.010461,-0.008449
0.000796,-0.000892,-0.005181
-0.000175,0.006555,-0.003014
-0.000139,0.011891,-0.002982
-0.000092,0.010802,-0.000883
-0.001008,0.009739,-0.000873
-0.001923,0.006506,0.002282
-0.001913,-0.000934,-0.000951
-0.000950,-0.003069,-0.000970
-0.000978,-0.008394,-0.002063
-0.001031,-0.008383,-0.003124
-0.003990,-0.005177,-0.003091
-0.001115,-0.001943,-0.006246
-0.002120,0.002259,0.000144
-0.002099,0.005439,0.002294
-0.001078,0.007559,0.003375
-0.001991,0.009727,0.000238
-0.000968,0.006502,0.002305
-0.000942,0.001193,0.000149
0.000036,-0.001990,-0.002000
-0.000964,-0.004113,-0.003066
0.001927,-0.008377,-0.003105
0.001873,-0.006200,-0.007330
0.001794,-0.006183,-0.009451
-0.000224,-0.005094,-0.011563
-0.003199,-0.000859,-0.008350
-0.005188,0.000165,-0.004110
-0.004234,0.002278,-0.001970
-0.001286,0.005437,0.002302
-0.001256,0.003273,0.005473
-0.002177,0.002205,0.005449
-0.001165,0.001115,0.007570
-0.000169,-0.001008,0.006497
-0.000157,-0.003109,0.003302
-0.000165,-0.004157,0.001150
0.000776,-0.008399,-0.002097
-0.000251,-0.004119,-0.003114
0.001678,-0.000925,-0.002040
0.000697,0.003334,-0.000921
-0.000254,0.003352,-0.003049
-0.001217,0.010865,-0.007221
-0.000232,0.006585,-0.006182
-0.001179,0.007653,-0.006166
-0.001180,0.003390,-0.006177
-0.002176,-0.000899,-0.004078
-0.001241,-0.004078,-0.006236
-0.001271,-0.006266,-0.000956
-0.003250,-0.005223,0.001176
-0.001316,-0.005212,0.000122
-0.000368,-0.007364,0.002217
-0.000384,-0.008410,0.000086
-0.000416,-0.007346,0.000082
-0.001425,-0.003036,-0.004132
-0.000474,0.002343,-0.008322
-0.001468,0.004476,-0.008317
0.000467,0.000187,-0.006233
-0.000544,-0.004038,-0.010514
-0.001573,-0.005138,-0.007348
-0.004579,-0.009408,-0.007413
-0.004651,-0.008401,-0.002124
-0.003699,-0.000974,0.002185
-0.004652,0.002176,0.007524
-0.003599,0.007482,0.010775
-0.003534,0.005371,0.008633
-0.001498,0.003218,0.010764
0.000510,-0.004239,0.009644
0.001488,-0.010608,0.006426
0.002403,-0.015879,0.000041
0.001362,-0.014769,-0.004200
0.001272,-0.008351,-0.006293
0.003134,-0.004051,-0.009445
0.001150,0.004509,-0.011508
0.000178,0.010911,-0.011466
-0.000794,0.011991,-0.012504
-0.000783,0.010925,-0.012507
-0.003704,0.007700,-0.010412
-0.003703,-0.000909,-0.003032
-0.003724,-0.011611,0.000072
-0.003777,-0.015922,0.004278
-0.004810,-0.019135,0.005319
-0.002925,-0.017043,0.009589
-0.003923,-0.011677,0.006410
-0.001007,0.000060,0.006506
-0.000960,0.008595,0.006560
-0.001848,0.017205,-0.000806
0.000177,0.017214,-0.001881
0.001205,0.016180,-0.005066
-0.000706,0.008689,-0.003017
-0.000701,0.004398,-0.000946
-0.001671,-0.002024,0.001134
-0.000705,-0.000947,0.000075
-0.003643,-0.005248,0.003243
-0.003639,-0.004223,0.007503
-0.003620,-0.003195,0.011769
-0.001627,-0.002095,0.008616
-0.000636,-0.004190,0.004355
0.001324,-0.003143,0.006507
0.001323,-0.005252,0.004351
0.001295,-0.005166,-0.004130
-0.000699,-0.003016,-0.006253
-0.002696,-0.000840,-0.010485
-0.000786,0.003423,-0.009389
-0.002756,0.003422,-0.009410
-0.003739,0.006588,-0.006191
-0.004701,0.004368,0.002265
-0.002722,0.002213,0.004375
-0.001699,0.001104,0.008624
-0.001651,0.001083,0.010746
-0.001598,-0.002129,0.011779
-0.000617,-0.005286,0.007506
0.000375,-0.003151,0.007532
0.001352,-0.003100,0.002220
0.002319,-0.002013,0.000087
0.001338,-0.003014,-0.006282
0.000314,-0.003012,-0.006261
0.001255,-0.000880,-0.006249
-0.000730,-0.001916,-0.009455
-0.002715,-0.004083,-0.006277
-0.002764,-0.004125,-0.002026
-0.002776,-0.004157,0.001164
-0.001833,-0.004156,0.001171
-0.001841,-0.003109,0.003302
-0.003784,-0.005263,0.005419
-0.002812,-0.004251,0.010713
-0.001822,-0.003152,0.007539
0.001127,0.000059,0.006499
0.000163,0.000091,0.003316
0.000189,0.002257,0.000130
0.000197,0.002269,-0.000917
0.000196,0.002286,-0.003051
0.001165,0.001230,-0.004122
-0.000798,0.001231,-0.004122
-0.000832,-0.003037,-0.004152
-0.000862,-0.001945,-0.006260
-0.000887,-0.001966,-0.004144
-0.003844,-0.006217,-0.006295
-0.002893,0.000165,-0.004111
-0.004861,0.000135,-0.000921
-0.003879,0.003272,0.005466
-0.001874,0.004330,0.006529
-0.000849,0.003274,0.005458
0.000167,0.002193,0.006518
-0.000765,0.001083,0.010753
0.000249,-0.003185,0.010708
0.000283,-0.003089,0.001159
0.001246,-0.001976,-0.003062
0.001224,0.001268,-0.007271
0.000205,0.002365,-0.010437
0.001151,0.001287,-0.009386
-0.002779,-0.000836,-0.010465
-0.004789,-0.007227,-0.011568
-0.004890,-0.010471,-0.007345
-0.004012,-0.014762,-0.005274
-0.004080,-0.010566,0.002175
-0.005081,-0.007431,0.008534
-0.003124,-0.002142,0.012819
-0.003061,0.004271,0.011814
-0.002970,0.009629,0.009746
-0.000943,0.010771,0.002335
0.000088,0.007570,0.002321
0.002055,-0.000923,-0.001977
0.004006,-0.005155,-0.005184
0.002951,-0.008312,-0.009436
-0.000080,-0.010437,-0.010522
-0.000170,-0.009360,-0.011587
-0.001227,-0.006181,-0.009437
-0.000330,-0.002959,-0.011538
-0.003280,0.001268,-0.007271
-0.002319,0.005495,-0.002976
-0.004248,0.003359,-0.002994
-0.002297,0.001213,-0.001966
-0.002307,-0.005237,0.002210
-0.003296,-0.009515,0.003247
-0.001380,-0.014860,0.004254
-0.000451,-0.014850,0.003172
-0.000508,-0.009504,0.002151
0.000442,-0.002003,-0.000981
-0.001502,0.006556,-0.003050
-0.002443,0.010803,-0.000891
-0.003373,0.015124,-0.006151
-0.002335,0.009779,-0.005116
-0.001358,-0.002013,0.000094
-0.000381,-0.011670,0.005329
-0.000437,-0.015959,0.007399
-0.001446,-0.013824,0.007418
-0.000481,-0.005268,0.005378
-0.002420,0.004357,0.003333
0.000536,0.008635,0.002303
-0.000392,0.007632,-0.004073
-0.000358,0.005501,-0.004071
0.000609,0.000187,-0.006233
-0.000411,-0.008349,-0.006301
-0.002435,-0.009404,-0.007357
-0.002529,-0.015805,-0.007414
-0.002636,-0.012614,-0.006325
-0.001747,-0.008403,-0.001002
-0.001768,-0.004114,-0.003094
-0.001780,0.002281,-0.001964
-0.003716,0.006516,0.001236
-0.001736,0.007595,0.000184
-0.001697,0.006538,-0.000894
-0.000698,0.002246,0.001185
-0.001661,0.000123,0.000119
-0.002642,-0.002003,-0.000960
-0.001678,-0.003091,0.001160
-0.001688,-0.003092,0.001153
-0.000729,-0.007359,0.001130
-0.000747,-0.004157,0.001136
-0.001738,-0.004166,0.002218
0.000212,-0.002021,0.001182
-0.000776,-0.000922,-0.001991
-0.002733,-0.004124,-0.002033
-0.002765,-0.001958,-0.005205
-0.003766,-0.000904,-0.004134
-0.002826,-0.000913,-0.003059
-0.002829,0.000105,0.002261
-0.003794,0.002250,0.001226
0.000134,0.002227,0.003349
-0.001793,0.002206,0.005477
-0.001751,0.006476,0.005500
-0.000734,0.005453,0.001261
0.000266,0.005470,-0.000853
0.000273,0.000155,-0.003035
0.001227,-0.001957,-0.005162
-0.000753,-0.001947,-0.006230
-0.000797,-0.006223,-0.005193
-0.002808,-0.009414,-0.006282
-0.002879,-0.011539,-0.007376
-0.001983,-0.011560,-0.005254
-0.003009,-0.010540,-0.001020
-0.003061,-0.003091,0.001174
-0.004032,0.000087,0.003303
-0.003037,0.005379,0.007573
-0.001973,0.012864,0.006590
-0.002863,0.012842,0.008705
-0.000830,0.010684,0.010795
0.001206,0.009650,0.007617
-0.000677,0.004339,0.005447
0.001293,-0.000975,0.003292
-0.000659,-0.008414,0.000066
0.000255,-0.011606,-0.001030
-0.000786,-0.012639,-0.004216
0.000132,-0.010483,-0.006312
-0.000903,-0.004090,-0.005181
-0.001910,0.000190,-0.006198
-0.002895,0.003371,-0.004042
-0.003860,0.004406,-0.000849
-0.002860,0.000148,-0.001940
-0.002870,-0.004121,-0.001992
-0.000958,-0.010511,-0.003116
-0.000053,-0.013745,0.000032
0.000836,-0.013727,-0.002103
-0.001167,-0.009460,-0.002080
-0.002203,-0.000869,-0.007325
-0.003180,0.006612,-0.008313
-0.005138,0.006599,-0.007252
-0.004155,0.005522,-0.006200
-0.003170,0.002262,0.000172
-0.003164,-0.004184,0.004353
-0.002187,-0.009565,0.008565
-0.004138,-0.013853,0.010664
-0.001239,-0.014899,0.008511
-0.000305,-0.011678,0.006403
0.001638,-0.004177,0.003272
0.000666,0.004390,0.000129
0.002631,0.010824,-0.002998
0.001691,0.014078,-0.008282
0.000748,0.011957,-0.009356
-0.001195,0.007679,-0.008311
-0.003142,-0.000904,-0.004141
-0.002193,-0.007315,-0.003108
-0.003225,-0.012683,0.000057
-0.004245,-0.012746,0.006437
-0.004283,-0.013824,0.007482
-0.002354,-0.011687,0.007499
-0.001391,-0.004185,0.004367
-0.001387,-0.002029,0.002264
0.001569,0.005492,-0.002975
0.000605,0.006559,-0.002966
-0.000377,0.008735,-0.007198
-0.000389,0.001253,-0.006223
0.000557,0.003398,-0.007265
-0.001418,0.000206,-0.008368
-0.003397,0.002331,-0.007282
-0.004370,0.001231,-0.004122
-0.004389,-0.000957,0.001171
-0.001450,-0.004167,0.002225
-0.003418,-0.008467,0.005371
-0.002456,-0.010601,0.005359
-0.002491,-0.014882,0.006383
-0.000566,-0.011670,0.005350
0.000373,-0.011628,0.001085
0.000344,-0.003081,0.000092
-0.000642,0.002308,-0.005174
0.000318,0.007675,-0.008324
-0.000629,0.013010,-0.008291
-0.000598,0.010888,-0.009350
-0.001549,0.009798,-0.007251
-0.003483,0.004421,-0.003033
-0.002501,-0.000931,-0.000952
-0.002512,-0.006316,0.004348
-0.002530,-0.010610,0.006420
-0.000577,-0.011719,0.010661
0.000381,-0.011677,0.006417
0.000359,-0.006310,0.003274
0.000334,-0.004145,0.000103
0.000316,0.002300,-0.004092
0.000293,0.003420,-0.009380
0.001235,0.008786,-0.012531
-0.000721,0.008788,-0.012546
-0.001736,0.002355,-0.009398
-0.003711,0.000185,-0.006232
-0.004702,-0.005161,-0.005218
-0.006686,-0.007358,0.001122
-0.003776,-0.008478,0.006418
-0.003807,-0.009557,0.007477
-0.002819,-0.008512,0.009608
-0.002811,-0.005310,0.009615
-0.000829,0.001093,0.009671
-0.001768,0.003291,0.003323
-0.000759,0.007568,0.002272
0.003161,0.005478,-0.001984
0.002183,0.002298,-0.004127
0.001200,0.000195,-0.007300
-0.001764,-0.003038,-0.004152
-0.003775,-0.008350,-0.006293
-0.003842,-0.012629,-0.005276
-0.005867,-0.012684,0.000043
-0.004948,-0.014850,0.003208
-0.003041,-0.013812,0.006399
-0.001131,-0.008477,0.006439
-0.003078,0.002206,0.005470
-0.001076,0.005405,0.005471
-0.001035,0.011852,0.001275
0.000007,0.012932,0.000244
0.001992,0.010837,-0.004025
0.002015,0.005481,-0.001942
0.001025,0.000198,-0.007273
0.000987,-0.006237,-0.004152
-0.002001,-0.010483,-0.006312
-0.001098,-0.013704,-0.004197
-0.000194,-0.011604,-0.001009
-0.001225,-0.009461,-0.002065
-0.002250,-0.009416,-0.006303
-0.003281,-0.006236,-0.004153
-0.003328,-0.001957,-0.005198
-0.005281,-0.000921,-0.001992
-0.002384,0.000133,-0.000913
-0.002369,-0.002011,0.000136
-0.001415,-0.007372,0.002198
-0.002424,-0.010574,0.002157
-0.001485,-0.009527,0.004280
-0.000544,-0.003114,0.003268
-0.000542,0.002243,0.001171
-0.001512,0.008689,-0.003017
-0.001471,0.015104,-0.004023
-0.002390,0.010859,-0.006154
-0.000394,0.010810,-0.001901
-0.002308,0.000120,0.000163
-0.003298,-0.008409,0.000107
-0.002368,-0.013764,0.002203
-0.000482,-0.016942,0.000052
0.000414,-0.014820,0.001111
0.000362,-0.008401,-0.000968
0.001291,-0.000910,-0.003031
0.000298,0.006599,-0.007244
-0.001637,0.007676,-0.008310
-0.000653,0.006557,-0.003015
-0.000648,0.000153,-0.003085
-0.001653,-0.006272,-0.001011
-0.004602,-0.007349,0.000047
-0.003647,-0.006314,0.003254
-0.003676,-0.006346,0.006430
-0.003667,0.000048,0.007539
-0.003626,0.003249,0.007567
-0.001614,0.009650,0.007638
-0.001533,0.012839,0.008706
-0.001458,0.008593,0.006561
-0.001390,0.006514,0.001251
-0.003316,-0.000943,0.000102
-0.009194,-0.019168,0.008452
0.000472,-0.029841,0.008360
0.002302,-0.022417,0.012628
0.001300,-0.009648,0.015882
-0.001576,0.002134,0.011754
-0.003441,0.023563,0.003416
-0.001365,0.033187,0.001365
-0.000212,0.036390,0.001399
0.003821,0.023630,-0.002915
0.003893,0.006532,-0.000913
0.002896,-0.009429,-0.005255
-0.001102,-0.019018,-0.006352
-0.003196,-0.023254,-0.009565
-0.004315,-0.024329,-0.008508
-0.003466,-0.020104,-0.004240
-0.002586,-0.008376,-0.003084
-0.001623,-0.002017,0.001209
-0.001614,0.004414,-0.001952
-0.002553,0.007626,-0.002985
-0.002516,0.009735,-0.000871
-0.001510,0.005467,-0.000909
0.000451,0.002280,-0.001999
-0.000529,0.000145,-0.002018
-0.000555,0.000141,-0.002016
-0.001545,0.002317,-0.006248
-0.001566,0.004445,-0.005170
-0.003510,0.006568,-0.004090
-0.001535,0.004402,-0.000933
-0.002483,0.003325,0.000133
-0.001487,0.002246,0.001185
-0.004394,-0.002030,0.002250
-0.002441,-0.006302,0.002207
-0.002456,-0.007379,0.003272
-0.001511,-0.008422,0.001133
-0.001538,-0.005199,-0.000954
-0.000599,-0.000933,-0.000930
-0.001587,0.005513,-0.005111
-0.000601,0.006547,-0.001926
-0.000580,0.009812,-0.008271
-0.003481,0.009802,-0.007210
-0.003489,0.003358,-0.003015
-0.004465,0.000124,0.000140
-0.002518,-0.003119,0.004363
-0.001543,-0.003143,0.006471
-0.001535,-0.002053,0.004373
-0.001508,-0.002073,0.006494
0.000440,-0.003141,0.006471
-0.000514,0.000113,0.001194
-0.000512,0.001210,-0.002000
0.000462,0.004443,-0.005148
-0.002499,0.002319,-0.006235
-0.002511,0.003388,-0.006233
-0.003487,0.004445,-0.005156
-0.001534,0.002263,-0.000921
-0.003485,0.001185,0.000137
-0.001526,-0.000966,0.002239
-0.001500,0.000049,0.007567
-0.001476,0.000058,0.006500
-0.000482,-0.003122,0.004350
-0.000475,-0.002019,0.001182
-0.000469,0.000126,0.000132
0.000507,0.001201,-0.000912
0.000499,0.001286,-0.009406
-0.000484,0.001252,-0.006223
0.000453,0.000217,-0.009422
-0.000563,-0.000885,-0.006255
-0.001566,-0.003040,-0.004137
-0.002559,-0.001971,-0.004122
-0.002597,0.000196,-0.007286
-0.001635,0.000158,-0.003037
-0.002604,0.001226,-0.003013
-0.002616,-0.001965,-0.004102
-0.000696,-0.005145,-0.006252
-0.001740,-0.012620,-0.006323
-0.000860,-0.015843,-0.004236
-0.000952,-0.015862,-0.002143
-0.002982,-0.006280,0.000049
-0.003976,0.007575,0.001205
-0.004887,0.020380,0.001317
-0.004768,0.020375,0.002376
-0.000742,0.018221,0.004507
-0.001631,0.006480,0.004434
-0.000611,-0.002044,0.003334
0.000322,-0.014787,-0.002058
0.000222,-0.023346,-0.000011
0.001057,-0.022216,-0.006360
0.000910,-0.016839,-0.010578
0.000805,-0.008248,-0.015830
-0.001233,0.004577,-0.017854
-0.002236,0.012011,-0.014633
-0.002229,0.018402,-0.013530
-0.004116,0.019403,-0.007153
-0.003091,0.008692,-0.002968
-0.003060,-0.002022,0.001183
-0.004045,-0.013792,0.004270
-0.003121,-0.018091,0.007423
-0.003197,-0.018080,0.006368
-0.002273,-0.013777,0.003215
-0.001320,-0.004174,0.003292
0.001598,0.004390,0.000150
-0.000313,0.009747,-0.001933
-0.000281,0.010867,-0.007235
-0.000248,0.008766,-0.010423
-0.000278,0.003406,-0.008347
-0.001272,-0.001973,-0.004156
-0.004229,-0.005216,0.000045
-0.003291,-0.005237,0.002181
-0.001355,-0.005232,0.002194
-0.002341,-0.003097,0.002219
-0.000391,-0.002030,0.002229
-0.000372,-0.000929,-0.000924
-0.001371,-0.001938,-0.007305
-0.001412,-0.009406,-0.007349
-0.001506,-0.009394,-0.008404
-0.000620,-0.014730,-0.008457
-0.002659,-0.010484,-0.006312
-0.001754,-0.005148,-0.006272
-0.003738,0.000157,-0.003065
-0.002761,0.004415,-0.001966
-0.001772,0.004389,0.000143
-0.002714,0.007590,0.000171
-0.001696,0.007583,0.001217
-0.001647,0.007563,0.003352
-0.000646,0.004424,-0.003034
0.000336,0.001212,-0.002001
-0.000633,-0.002012,0.000093
0.001284,-0.006269,-0.000991
-0.001670,-0.006228,-0.005241
-0.001727,-0.007316,-0.003115
-0.000786,-0.003066,-0.000963
-0.002754,-0.003088,0.001159
-0.001784,0.000132,-0.000942
-0.000795,-0.000923,-0.001991
-0.001789,-0.001976,-0.003055
-0.002772,-0.000910,-0.003053
-0.002819,-0.004101,-0.004142
-0.004803,-0.006224,-0.005221
-0.003857,-0.004140,0.000115
-0.004868,-0.005218,0.001160
-0.004863,-0.003132,0.005410
-0.004869,-0.002087,0.007521
-0.003860,0.002193,0.006497
-0.003801,0.007508,0.008672
-0.001777,0.005372,0.008647
-0.000718,0.007516,0.007605
-0.000670,0.002214,0.004375
0.000329,0.001179,0.001196
0.000337,-0.002031,0.002229
0.001291,-0.000920,-0.001992
0.000292,-0.004101,-0.004149
-0.000697,-0.003011,-0.006262
-0.001718,-0.001970,-0.004136
-0.004663,-0.000893,-0.005195
-0.003720,-0.001979,-0.003047
-0.005672,-0.000998,0.005443
-0.005631,-0.001038,0.009672
-0.003651,-0.002148,0.013907
-0.002621,-0.005339,0.012811
-0.002586,-0.001059,0.011787
-0.000591,0.000016,0.010722
0.000425,-0.001030,0.008591
0.003383,0.001173,0.002256
0.000478,0.003370,-0.004105
0.000457,0.006621,-0.009381
0.000451,0.007699,-0.010433
-0.002488,0.005569,-0.010431
-0.003501,-0.002989,-0.008370
-0.003555,-0.009428,-0.005220
-0.004606,-0.014806,-0.001023
-0.002739,-0.019126,0.004223
-0.004745,-0.017056,0.010601
-0.003796,-0.010720,0.016981
-0.003749,-0.002160,0.014961
0.000222,0.008531,0.012905
0.001294,0.009632,0.009752
-0.000578,0.008617,0.004409
0.001400,0.005448,0.001205
0.000440,-0.000904,-0.004126
-0.000578,-0.007306,-0.004182
-0.000650,-0.008356,-0.005234
-0.002663,-0.006201,-0.007344
-0.002725,-0.005172,-0.004157
-0.002755,0.000152,-0.003063
-0.004701,0.002254,0.000118
-0.004686,0.000045,0.007533
-0.003670,-0.002149,0.013879
-0.002657,-0.003229,0.014903
-0.000653,-0.001100,0.014909
-0.000592,-0.001098,0.014937
-0.002469,0.005337,0.011803
-0.000443,0.008580,0.007573
0.000602,0.009682,0.004391
0.002604,0.006503,0.002262
0.002642,0.007558,0.003340
0.000721,0.002257,0.000145
-0.000269,-0.000901,-0.004113
-0.003231,-0.008359,-0.005219
-0.003304,-0.014786,-0.003166
-0.002424,-0.016963,0.001053
-0.002484,-0.010593,0.004292
-0.001521,-0.003125,0.004343
-0.002466,0.007573,0.002306
-0.003366,0.015042,0.002364
-0.000362,0.019287,0.004517
-0.001229,0.016108,0.002374
0.000788,0.008649,0.001248
0.001782,-0.003045,-0.003071
0.002722,-0.010491,-0.005238
0.001671,-0.012605,-0.007385
0.000612,-0.013681,-0.006320
-0.000456,-0.009350,-0.012669
-0.001529,-0.003996,-0.014737
-0.002567,-0.000848,-0.009411
-0.003572,0.000179,-0.005166
-0.004564,0.000146,-0.001996
-0.004550,0.000069,0.005431
-0.003546,-0.002054,0.004359
-0.003528,-0.002074,0.006466
-0.002534,0.000029,0.009675
-0.001530,0.000061,0.006484
-0.000523,0.005418,0.004402
0.000478,0.004368,0.002258
0.000495,0.006566,-0.004083
0.002448,0.007670,-0.007244
0.001464,0.005579,-0.011506
0.000469,0.001333,-0.013631
-0.001545,-0.004003,-0.013677
-0.002602,-0.008285,-0.012645
-0.004645,-0.012584,-0.009486
-0.003756,-0.013681,-0.006306
-0.004798,-0.010522,-0.002034
-0.002916,-0.008398,-0.000940
-0.003896,-0.004163,0.002259
-0.002935,0.002282,-0.001936
-0.002900,0.006538,-0.000865
-0.002872,0.008637,0.002323
-0.001837,0.004379,0.001225
-0.000832,0.002236,0.002281
0.000138,-0.000988,0.004361
-0.000842,-0.003077,0.000091
-0.000844,-0.005244,0.003248
-0.001833,-0.004135,-0.000986
-0.001838,0.002268,-0.000930
-0.000868,0.004393,0.000156
-0.001825,0.006547,-0.001975
-0.002762,0.005493,-0.003018
-0.004683,0.004351,0.004400
-0.002687,0.002186,0.007564
-0.003624,0.000031,0.009674
-0.001641,-0.003198,0.011763
-0.001626,-0.005342,0.012812
-0.000616,-0.004238,0.009651
0.001350,-0.002040,0.003297
0.000383,0.003361,-0.003016
-0.000580,0.008719,-0.005085
0.000400,0.008704,-0.004015
-0.001532,0.005524,-0.006165
-0.001533,-0.000854,-0.008330
-0.003534,-0.009401,-0.007337
-0.003619,-0.014780,-0.003146
-0.003705,-0.013789,0.004269
-0.004713,-0.010625,0.007454
-0.003743,-0.004267,0.011733
-0.002701,0.005340,0.011809
-0.002614,0.013919,0.007632
0.000412,0.013918,0.007633
-0.001416,0.013941,0.005532
-0.001346,0.006484,0.004405
-0.000353,-0.002031,0.002222
-0.001349,-0.010569,0.002176
0.001506,-0.014804,-0.001024
0.001424,-0.014826,0.001077
0.000411,-0.008413,0.000065
-0.000609,-0.005170,-0.004165
-0.000633,0.002322,-0.006221
-0.002592,0.007636,-0.004053
-0.000609,0.011882,-0.001900
-0.000561,0.010806,-0.000842
-0.001488,0.003337,-0.000893
-0.001477,-0.000944,0.000138
-0.001506,-0.006289,0.001166
-0.001537,-0.010565,0.002189
-0.003519,-0.013755,0.001114
-0.001645,-0.013745,0.000060
-0.001714,-0.008403,-0.001002
-0.002715,-0.004132,-0.000966
-0.001725,0.002251,0.001233
-0.003667,0.001217,-0.001960
-0.002680,-0.000908,-0.003046
-0.001738,-0.007356,0.001121
-0.000793,-0.009502,0.002150
-0.000848,-0.010591,0.004263
-0.001843,-0.005256,0.004295
0.000116,0.003302,0.002234
-0.000831,0.005425,0.003307
-0.001775,0.010818,-0.002989
-0.000752,0.006561,-0.004081
0.000220,0.001255,-0.006224
-0.000786,-0.007281,-0.006284
-0.000874,-0.015818,-0.006331
-0.002924,-0.015818,-0.006331
-0.003012,-0.014758,-0.005269
-0.005045,-0.008366,-0.004152
-0.004106,-0.007367,0.002204
-0.003128,0.002203,0.005443
-0.002098,0.006484,0.004426
-0.003023,0.006483,0.004405
-0.001981,0.011853,0.001260
-0.000941,0.011863,0.000192
0.000083,0.011895,-0.002983
0.000120,0.006561,-0.003016
0.000134,0.003375,-0.005171
0.000120,0.000186,-0.006239
0.001054,-0.003013,-0.006254
-0.000948,-0.004059,-0.008386
-0.002955,-0.005134,-0.007342
-0.003006,-0.005164,-0.004138
-0.004022,-0.009415,-0.006289
-0.004078,-0.007291,-0.005202
-0.004108,-0.007320,-0.002035
-0.005130,-0.006275,0.000090
-0.004165,-0.004132,-0.000952
-0.005170,-0.003086,0.001186
-0.003223,0.002237,0.002259
-0.004145,0.005416,0.004395
-0.003133,0.004314,0.007549
-0.002094,0.006449,0.007574
-0.000088,0.004316,0.007555
-0.000040,0.000091,0.003288
-0.000039,-0.000976,0.003271
-0.000997,-0.002011,0.000079
-0.001987,-0.003068,-0.000977
-0.001033,-0.005200,-0.000968
-0.003017,-0.007291,-0.005252
-0.002086,-0.005209,0.000092
-0.001127,-0.002018,0.001181
-0.002103,-0.000960,0.002265
-0.003070,0.000115,0.001208
-0.002097,-0.002040,0.003318
-0.001128,-0.006278,0.000091
-0.001149,-0.006246,-0.003085
-0.002157,-0.005191,-0.002014
-0.002187,-0.004136,-0.000957
-0.002233,-0.004125,-0.002033
-0.003228,-0.000946,0.000103
-0.002242,0.003289,0.003324
-0.004164,0.005423,0.003329
-0.003134,0.008605,0.005450
-0.001100,0.009674,0.005487
-0.002013,0.005401,0.005465
-0.001008,0.004377,0.001212
-0.000998,-0.000976,0.003307
-0.001005,-0.000954,0.001185
-0.002950,-0.004132,-0.000938
-0.002014,-0.011580,-0.003125
-0.001105,-0.011569,-0.004179
-0.001192,-0.012637,-0.004202
-0.002220,-0.008391,-0.002071
-0.002269,-0.002000,-0.000968
-0.003243,0.006556,-0.003007
-0.002234,0.011913,-0.005083
-0.002186,0.013996,0.000240
-0.003086,0.011831,0.003411
-0.002056,0.006497,0.003378
-0.003005,-0.002061,0.005433
-0.001057,-0.007381,0.004359
-0.001108,-0.014807,0.000063
-0.000192,-0.014834,0.002173
-0.002211,-0.012626,-0.005249
-0.001316,-0.007276,-0.006279
-0.000380,0.001249,-0.005164
-0.000382,0.008717,-0.005127
-0.001351,0.010839,-0.004068
-0.000317,0.010827,-0.002999
-0.003213,0.005448,0.001198
-0.003164,0.003311,0.001209
-0.002171,-0.002056,0.004359
-0.002179,-0.007376,0.003264
-0.001235,-0.008443,0.003255
-0.001240,-0.006285,0.001158
-0.001283,-0.004119,-0.002007
-0.002256,-0.000898,-0.004100
-0.002273,-0.004132,-0.000952
-0.003270,-0.001959,-0.005162
-0.003298,-0.004104,-0.004126
-0.002340,-0.005211,0.000114
-0.000439,-0.009482,0.000043
-0.001455,-0.007347,0.000054
-0.002456,-0.003090,0.001145
-0.002463,0.006501,0.002270
-0.001440,0.014013,-0.001916
-0.000388,0.020396,0.000269
0.000662,0.014016,-0.001888
0.000709,0.008685,-0.001922
-0.001225,-0.000865,-0.007291
0.000675,-0.009400,-0.007330
-0.001362,-0.015790,-0.008426
-0.001478,-0.022228,-0.005327
-0.002600,-0.022217,-0.006381
-0.003691,-0.017962,-0.005296
-0.003761,-0.006257,-0.002031
-0.003771,0.004380,0.001225
-0.004711,0.009703,0.002305
-0.003670,0.013981,0.001267
-0.002622,0.011837,0.002316
-0.001569,0.009682,0.004427
-0.001532,0.004358,0.003333
-0.000545,-0.002002,-0.000982
-0.001547,-0.005212,0.000079
-0.000620,-0.007346,0.000075
-0.003573,-0.006290,0.001138
-0.000663,-0.004131,-0.000952
0.000308,-0.001975,-0.003048
-0.000674,0.003336,-0.000879
-0.001669,-0.000890,-0.005160
-0.002677,-0.005143,-0.006253
-0.001750,-0.005121,-0.008361
-0.001808,-0.006178,-0.009424
-0.001870,-0.007266,-0.007311
-0.002918,-0.010415,-0.012637
-0.004961,-0.011558,-0.005226
-0.005020,-0.008380,-0.003097
-0.006053,-0.004156,0.001164
-0.003106,0.000085,0.004369
-0.003076,0.000062,0.006463
-0.003033,0.003263,0.006512
-0.002003,0.007529,0.006529
-0.000951,0.006462,0.006527
-0.001891,0.006493,0.003337
-0.001878,0.004411,-0.001958
0.000100,0.002298,-0.004106
0.001071,0.001199,-0.000939
0.001047,0.000154,-0.003057
0.000048,-0.000887,-0.005182
-0.003875,-0.001954,-0.005192
-0.002929,0.001257,-0.006210
-0.002944,-0.000909,-0.003032
-0.002964,-0.001964,-0.004110
-0.003964,-0.003030,-0.004105
-0.003016,-0.004099,-0.004114
-0.003033,0.000169,-0.004084
-0.002080,-0.003056,-0.001996
-0.003063,0.000144,-0.001989
-0.000134,0.001210,-0.001986
-0.000139,0.002288,-0.003031
0.001803,0.004435,-0.004081
-0.001103,0.006557,-0.003022
