-0.001540,0.027146,0.005845
0.000538,0.020925,0.005628
0.000035,0.021572,0.004137
-0.000428,0.013310,0.001676
-0.001099,0.011483,0.001178
-0.001181,0.012098,0.003308
0.000031,0.013414,0.005019
-0.003361,0.007989,0.005859
-0.002722,0.004298,0.004642
-0.001968,0.003478,0.005101
-0.001378,-0.002341,0.004413
-0.002603,-0.002832,0.002598
-0.002728,-0.004096,0.000133
-0.000958,-0.007304,-0.002512
0.000069,-0.006390,-0.005120
-0.002410,-0.004947,-0.005758
-0.001617,-0.008435,-0.008042
0.001406,-0.003618,-0.010484
0.000573,0.002878,-0.006369
-0.002097,0.003951,-0.002346
-0.001515,0.008151,-0.004572
-0.001451,0.004772,-0.001770
-0.001849,0.000470,-0.001111
-0.002704,-0.008478,0.000099
-0.000451,-0.017310,-0.008296
-0.000533,0.041945,0.009324
-0.041627,0.153585,-0.016679
-0.068413,0.072113,0.018122
-0.021306,-0.022296,-0.004136
0.008289,-0.027907,-0.005461
-0.004433,-0.017516,-0.008011
0.000562,-0.017162,-0.004869
0.000937,-0.017087,-0.005232
0.001440,-0.019413,-0.003694
-0.002007,-0.018997,-0.002653
-0.003893,-0.021149,-0.003830
-0.003621,-0.020962,-0.006725
-0.004404,-0.018477,-0.006318
-0.002876,-0.014248,-0.005568
-0.002408,-0.011741,-0.005674
-0.003302,-0.003825,-0.006375
-0.003460,-0.002088,-0.002131
-0.002305,0.001901,-0.004623
-0.003451,0.005910,0.001291
-0.002179,0.007693,0.003844
-0.002266,0.007015,0.001618
-0.001422,0.005092,0.003503
-0.001370,0.007828,0.006046
-0.002668,0.006736,0.004133
-0.003909,0.004245,0.002031
-0.002665,0.003562,0.000957
-0.003575,-0.002102,0.000418
-0.002293,-0.004492,-0.001993
-0.002383,-0.003506,-0.001708
-0.002475,-0.005550,-0.000453
-0.003497,-0.004075,0.001777
-0.002143,0.000301,0.002641
-0.003297,0.001701,0.000336
-0.003311,0.005352,0.004973
-0.002764,0.013341,0.002640
-0.002107,0.014509,0.005514
-0.002264,0.014070,0.010660
-0.003324,0.012364,0.010157
-0.002768,0.013073,0.010056
-0.001038,0.009788,0.007208
-0.000385,0.010340,0.003198
-0.001602,0.005290,0.001797
-0.003719,0.007648,0.001306
-0.001755,0.007203,-0.001740
-0.003455,0.000518,-0.002063
-0.000861,-0.001097,-0.001760
-0.000635,-0.000898,-0.001896
-0.003106,0.002275,-0.001107
-0.002374,0.004256,0.001022
-0.002198,0.005788,0.002692
-0.005121,0.006740,0.008916
-0.003429,0.007285,0.010957
-0.004331,0.002864,0.012619
-0.004747,0.007673,0.013649
-0.005714,0.000945,0.010153
-0.003273,0.005158,0.006765
-0.002742,0.008681,0.003095
-0.002491,0.012407,0.000082
-0.001226,0.015744,0.001445
-0.000545,0.018007,-0.004818
-0.000936,0.021777,-0.005795
-0.004963,0.021580,-0.006135
-0.002676,0.018369,-0.000681
-0.003016,0.014908,0.005262
-0.004387,0.013946,0.007162
-0.005908,0.015370,0.006158
-0.004770,0.013593,0.004865
-0.002631,0.015210,0.009647
-0.002088,0.011368,0.008459
-0.003683,0.012040,0.003504
-0.002432,0.012636,0.000258
-0.000016,0.014692,-0.003717
-0.000734,0.020636,-0.000668
-0.002333,0.020989,-0.000188
-0.001597,0.024455,-0.001575
-0.002649,0.019806,0.000185
-0.002861,0.018533,0.002107
-0.003373,0.014133,0.004091
-0.002588,0.009381,0.003120
-0.002661,0.009642,0.002996
-0.002332,0.012065,0.001648
-0.002849,0.008466,0.005232
-0.001733,0.008094,0.000623
-0.001431,0.005634,-0.002778
-0.001213,0.007056,-0.002289
-0.002502,0.009118,-0.003211
-0.002809,0.009925,0.001408
-0.002826,0.010155,-0.000329
-0.003230,0.012403,-0.000432
-0.003040,0.009684,0.000504
-0.002873,0.008978,-0.002294
-0.003699,0.005094,0.000249
-0.004242,0.007175,-0.001601
-0.001689,0.007117,-0.000730
-0.003767,0.004265,0.000440
-0.002273,0.008784,-0.000519
-0.002208,0.011736,-0.002075
-0.001590,0.015239,0.000344
-0.001455,0.016686,-0.001817
-0.001309,0.018803,0.001179
-0.003764,0.016912,0.001554
-0.001591,0.018792,0.000818
-0.004301,0.015182,0.000052
-0.003895,0.013210,-0.002738
-0.003410,0.011473,-0.000686
-0.004142,0.015156,0.002842
-0.003122,0.014849,0.000160
-0.001702,0.014929,-0.001793
-0.003309,0.012537,-0.003662
-0.003067,0.012193,-0.002802
-0.004427,0.007207,-0.003047
-0.001455,0.007074,0.001787
-0.002134,0.006360,-0.001362
-0.002433,0.006618,0.000289
-0.002243,0.006644,0.003277
-0.002300,0.006733,0.004961
-0.001862,0.006751,0.000377
-0.000843,0.014227,0.003083
-0.000367,0.017948,0.000922
-0.000332,0.014809,-0.001722
-0.000892,0.011930,-0.001058
-0.002571,0.008227,-0.000172
-0.000736,0.010066,-0.000168
-0.002151,0.010625,-0.001640
-0.002845,0.005959,-0.002515
-0.002453,0.004487,-0.001801
-0.001636,0.002314,-0.004686
-0.003410,-0.000913,-0.007037
-0.002767,-0.003839,-0.007881
-0.002583,-0.003119,-0.009312
-0.002621,-0.000840,-0.004648
-0.001196,0.005463,0.000805
-0.001092,0.012345,0.001774
-0.001995,0.013631,0.008552
-0.002537,0.024620,0.009200
-0.003987,0.025708,0.015029
-0.003555,0.029321,0.013449
-0.000946,0.025918,0.015446
-0.002882,0.021491,0.014594
-0.001769,0.015791,0.010470
-0.002728,0.010416,0.008521
-0.003809,0.006175,0.007233
-0.002377,0.009391,0.006370
-0.001041,0.009947,0.001665
-0.000937,0.013414,0.004252
-0.002316,0.020425,0.005069
-0.000734,0.024814,0.004451
-0.000479,0.028407,0.005601
-0.002191,0.029660,0.004913
-0.002444,0.034212,0.009996
-0.002214,0.034086,0.004132
-0.003363,0.027612,0.003229
-0.000206,0.022916,0.006913
-0.003946,0.020627,0.009962
-0.004829,0.019281,0.002957
-0.002114,0.021305,0.003821
-0.000202,0.025214,0.001769
-0.001423,0.029968,0.000320
-0.001516,0.031294,0.001037
-0.001430,0.029314,0.002883
-0.002396,0.024166,0.002852
-0.002890,0.020326,0.002574
-0.002517,0.014504,0.002468
-0.004624,0.014081,0.003653
-0.003428,0.015843,0.003411
-0.003078,0.015673,0.008579
-0.004573,0.017461,0.002395
-0.001743,0.017434,0.004366
-0.002346,0.014672,0.001999
-0.001674,0.010892,0.002025
-0.002082,0.006847,-0.000769
0.000300,0.008818,-0.002804
-0.001371,0.008057,-0.001700
-0.001575,0.009194,-0.000132
-0.003297,0.006482,-0.002902
-0.003833,0.007447,-0.002265
-0.002559,0.006422,-0.000979
-0.000681,0.002727,-0.004755
-0.002261,0.002096,-0.005172
-0.002425,0.003432,0.000892
-0.002768,0.000991,-0.001209
-0.002584,0.002628,-0.005138
-0.002194,0.004596,-0.005236
-0.001270,0.002417,-0.005501
-0.002013,-0.000230,-0.008944
-0.001792,-0.001409,-0.007262
-0.001348,-0.002668,-0.004626
-0.001863,-0.001292,-0.006869
-0.002380,0.001295,-0.006234
-0.001561,0.001706,-0.007065
-0.003061,0.005163,-0.005832
-0.002267,0.009861,-0.005173
-0.002713,0.008537,-0.003928
-0.001868,0.005218,-0.000875
-0.002326,0.005497,-0.002024
-0.000928,0.003593,-0.006166
-0.002124,0.003036,-0.005470
-0.002114,0.004657,-0.006901
-0.005017,0.004534,-0.001056
-0.001238,0.005773,-0.002449
-0.002615,0.005758,-0.004216
-0.001251,0.010953,-0.006382
-0.002691,0.014642,0.000931
-0.002362,0.014173,0.003031
-0.003212,0.012522,0.000782
-0.001192,0.015091,-0.000360
-0.002145,0.015365,-0.003512
-0.002074,0.016282,0.001677
-0.003450,0.015067,-0.002058
-0.003778,0.009827,-0.005155
-0.002980,0.005084,-0.008843
-0.001474,-0.003386,-0.010177
-0.001772,-0.004987,-0.006389
-0.002536,-0.000352,-0.002087
-0.001312,0.002522,-0.001132
-0.000462,0.008502,-0.002504
-0.003532,0.012098,-0.001020
-0.001951,0.012784,0.003814
-0.002462,0.013671,0.007204
-0.002652,0.009866,0.007070
-0.001711,0.010064,0.003750
-0.001652,0.008921,0.008629
-0.000852,0.008866,0.005466
-0.003683,0.009806,0.007061
-0.002589,0.013396,0.003769
-0.002962,0.017156,0.007165
-0.002117,0.016583,0.002128
-0.002098,0.013389,0.001349
-0.003986,0.008990,0.001858
-0.002632,0.010180,0.000015
-0.001925,0.013469,-0.000808
-0.002171,0.013494,0.003362
-0.003696,0.017282,0.009642
-0.005004,0.021258,0.010006
-0.003753,0.027112,0.014111
-0.002625,0.030748,0.018377
-0.001920,0.026562,0.016538
-0.001085,0.025363,0.014616
0.000127,0.022065,0.010540
-0.001578,0.018868,0.008706
-0.000621,0.020328,0.010153
-0.001530,0.025315,0.010205
0.000543,0.028259,0.008760
-0.003505,0.029274,0.010816
-0.003696,0.023534,0.007389
-0.002738,0.025392,0.017889
-0.004002,0.023144,0.012670
-0.000895,0.011686,0.015087
-0.003825,0.000971,0.014279
-0.001065,-0.009092,0.011518
-0.000632,-0.012529,0.011654
-0.001970,-0.010960,0.007485
-0.002004,-0.005684,0.010404
-0.003273,0.003814,0.008993
-0.001968,0.012817,0.013009
-0.003028,0.018738,0.013534
-0.003710,0.014825,0.025669
-0.003653,0.014696,0.019089
-0.000705,0.016611,0.018342
-0.002322,0.016884,0.031733
-0.001543,0.027461,0.046884
-0.006395,0.047660,0.074673
-0.010854,0.061151,0.097998
-0.015384,0.058056,0.116536
-0.013522,0.038342,0.121704
-0.010043,0.022195,0.117428
-0.005487,-0.004439,0.111360
0.000596,-0.023847,0.082895
0.010618,-0.043256,0.062175
0.012458,-0.046188,0.034548
0.010374,-0.028634,0.013410
0.012087,-0.007127,0.000413
0.010183,0.004739,-0.019812
0.009848,0.018595,-0.026742
0.006158,0.020767,-0.032297
0.003083,0.020759,-0.037089
-0.001832,0.017385,-0.034449
-0.004348,0.014750,-0.024522
-0.006532,0.010116,-0.018573
-0.009498,0.005300,-0.009800
-0.007938,0.003857,-0.003402
-0.008017,-0.004865,-0.003629
-0.005255,-0.007296,-0.002128
-0.004400,-0.012598,-0.002069
-0.002799,-0.016314,-0.006081
-0.000937,-0.015984,-0.014295
0.002139,-0.012580,-0.017324
0.001432,-0.011164,-0.018457
0.001072,-0.008823,-0.018955
-0.000862,-0.008970,-0.018026
-0.004297,-0.008066,-0.016014
-0.002479,-0.007717,-0.013119
-0.003746,-0.009499,-0.008305
-0.003683,-0.009393,-0.006615
-0.006428,-0.008657,-0.004676
-0.005578,-0.007431,-0.003841
-0.002217,-0.012393,-0.003645
-0.001794,-0.012066,-0.002394
-0.003991,-0.011914,-0.005885
-0.001280,-0.013395,-0.009961
-0.000730,-0.013843,-0.010278
-0.001852,-0.013700,-0.007462
-0.000926,-0.013473,-0.010332
0.000076,-0.008476,-0.003684
-0.002050,-0.003627,-0.003342
-0.005286,-0.003018,-0.000417
-0.002770,0.003515,-0.000952
-0.003652,0.005913,0.001735
-0.004577,0.006057,0.001627
-0.003225,-0.004292,-0.001797
-0.002934,-0.002985,-0.003260
-0.001300,-0.007705,-0.005620
-0.001496,-0.012048,-0.009554
-0.002291,-0.010674,-0.007117
-0.000850,-0.005377,-0.007214
-0.002534,-0.002672,-0.004380
-0.001984,0.003717,-0.000884
-0.001543,0.004264,0.000822
-0.003405,0.008279,0.003242
-0.006992,0.006741,0.012823
-0.007864,-0.003169,0.014821
-0.003837,-0.005501,0.004177
0.002877,0.001289,0.002055
0.004089,0.004230,-0.005214
0.001088,0.009013,-0.004757
-0.001716,0.012538,-0.002549
-0.002064,0.012517,-0.000147
-0.003344,0.011625,-0.000320
-0.002184,0.006917,-0.001524
-0.002747,-0.000409,0.001356
-0.003813,-0.006488,0.001700
-0.003550,-0.009219,0.004143
-0.001384,-0.004654,0.003152
-0.001582,-0.002096,0.004067
-0.001556,0.006146,0.005369
-0.003420,0.010837,0.004987
-0.000706,0.012028,0.002443
-0.002858,0.008374,0.002214
-0.000956,0.009033,0.002058
0.001564,0.007242,-0.002849
-0.001766,0.006245,-0.000493
-0.003722,0.002767,-0.003290
-0.002552,-0.005879,-0.009447
-0.001614,0.013641,0.008521
-0.004332,0.011038,-0.000458
-0.001826,0.005638,0.000586
-0.004231,0.008035,0.001654
-0.002130,0.005163,-0.002775
-0.003001,0.005213,-0.000650
-0.002188,0.005040,-0.000582
-0.001727,0.002765,-0.001886
-0.001869,0.001044,0.001293
-0.002023,-0.000566,-0.001699
-0.001003,0.004250,0.001603
-0.000396,0.007869,0.001409
-0.001743,0.011976,0.006712
-0.001068,0.011818,0.008069
0.001312,0.014108,0.007969
-0.001573,0.015234,0.008221
-0.003239,0.011343,0.008456
-0.001985,0.008481,0.005372
-0.001155,-0.007606,-0.022291
0.004244,0.015739,0.013872
-0.006558,0.020434,0.003472
-0.002991,0.009882,0.003852
-0.003538,0.010273,0.003161
-0.003052,0.010893,0.001026
-0.001331,0.007412,0.003333
-0.002578,0.004409,0.001990
-0.003041,0.004604,0.001188
-0.002402,0.001491,0.001170
-0.002219,-0.002796,0.002129
-0.001133,-0.005561,0.004143
-0.001974,-0.005932,0.001702
-0.000917,-0.004589,-0.000626
-0.002635,-0.014259,-0.009333
-0.001354,-0.009752,0.002213
-0.002032,0.007443,0.000746
-0.001008,-0.002954,-0.010407
-0.002531,-0.011504,-0.007211
-0.002403,-0.014942,-0.010054
-0.000932,-0.020933,-0.006013
-0.004104,-0.017676,-0.003704
-0.003101,-0.023301,-0.004490
-0.003962,-0.024511,0.000725
-0.003254,-0.025889,0.002441
-0.002814,-0.022859,0.000143
-0.001470,-0.027785,-0.001135
-0.003671,-0.025903,-0.003581
-0.001398,-0.029522,-0.004019
-0.001773,-0.035087,-0.004952
-0.002131,-0.034604,-0.002808
-0.002168,-0.037777,-0.006125
-0.002199,-0.040112,-0.005121
-0.002572,-0.044147,-0.007601
-0.003670,-0.048003,-0.006685
-0.002542,-0.043728,-0.002303
-0.001825,-0.041602,-0.000188
-0.002346,-0.033094,0.002659
-0.003578,-0.025888,0.004327
-0.003124,-0.020441,0.005407
-0.002691,-0.012898,0.005012
-0.002171,-0.010045,0.005928
-0.003680,-0.007873,0.006096
-0.001725,-0.010949,0.002467
-0.002566,-0.016512,-0.000497
-0.003960,-0.020099,-0.004512
-0.001983,-0.020723,-0.005986
-0.001678,-0.021992,-0.001303
-0.003316,-0.021680,-0.001318
-0.002861,-0.018691,0.000681
-0.004578,-0.017062,0.002678
-0.002301,-0.013113,0.002163
-0.000838,-0.009201,0.004179
-0.001965,-0.014152,0.007746
-0.001896,-0.013185,0.003710
-0.003399,-0.016623,0.004234
-0.002496,-0.018292,0.003108
-0.000382,-0.019200,0.004797
-0.000974,-0.017743,0.000252
-0.001257,-0.016413,0.002928
-0.002145,-0.017180,-0.001437
-0.001491,-0.015263,-0.000017
-0.003205,-0.012372,0.000593
-0.002658,-0.015285,0.001652
-0.002698,-0.014379,-0.002307
-0.002963,-0.012840,-0.001215
-0.000294,-0.013312,0.002118
-0.000819,-0.012998,-0.001715
-0.001036,-0.013420,-0.001355
-0.001819,-0.009492,-0.000644
-0.000515,-0.008611,-0.000407
-0.002598,-0.007853,-0.002244
-0.003417,-0.006372,-0.002614
-0.003448,-0.010018,-0.003283
-0.003211,-0.011045,-0.003986
-0.002672,-0.009476,-0.000947
-0.001546,-0.013491,-0.003310
-0.003212,-0.007740,-0.000248
-0.001505,-0.010736,0.001004
-0.001490,-0.006097,0.001411
-0.001247,-0.005400,0.001796
0.000076,-0.007684,0.000240
-0.000446,-0.004624,-0.002066
-0.001451,-0.005348,-0.001181
-0.002693,-0.003208,-0.001238
-0.002727,-0.003493,-0.001404
-0.001268,-0.001575,-0.001442
-0.003480,-0.003716,0.000439
-0.002407,-0.005127,0.001182
-0.003709,-0.005838,-0.001422
-0.002180,-0.006601,0.004955
-0.001813,-0.001441,0.004242
-0.003097,-0.005089,0.001075
-0.001982,-0.004109,-0.000664
-0.000651,-0.003308,0.001357
-0.000119,-0.003202,0.003853
-0.001191,0.001432,0.000985
-0.000763,0.003724,0.001119
0.000752,0.001282,0.002175
-0.002422,0.003279,0.002026
-0.002968,0.002031,0.000918
-0.003740,-0.000282,-0.001101
-0.002191,-0.006282,-0.005348
-0.001884,-0.006994,-0.002679
-0.001992,-0.002998,-0.001348
-0.002919,-0.003486,0.000112
-0.003844,-0.001227,0.000918
-0.003167,-0.001864,0.003657
-0.000862,-0.001448,0.004613
-0.003043,-0.002242,0.007576
-0.002737,-0.004484,0.001355
-0.003909,-0.001703,0.002845
-0.001515,-0.003668,0.005772
-0.001640,-0.003550,0.001255
-0.001851,-0.007600,-0.000739
-0.001300,-0.006248,-0.001268
-0.000814,-0.004499,-0.000766
-0.004027,-0.004979,-0.006724
-0.002738,-0.008315,-0.003950
-0.003989,-0.006694,-0.000164
-0.002557,-0.007629,-0.000842
-0.000405,-0.012766,-0.004628
-0.002148,-0.013453,0.001910
-0.003079,-0.014986,-0.001174
-0.002513,-0.009111,0.004070
-0.001555,-0.006330,0.002024
-0.002602,-0.002087,0.000668
-0.002900,-0.002870,-0.001405
-0.001830,-0.007533,-0.003551
0.000333,-0.007558,-0.005517
-0.001015,-0.005325,-0.006260
-0.000724,-0.005082,-0.006520
-0.002321,-0.004124,-0.008383
-0.000449,-0.006681,-0.006408
-0.000198,-0.006371,-0.006971
-0.002049,-0.005314,-0.005158
-0.001116,-0.008211,-0.005533
-0.002801,-0.003923,-0.000457
-0.002022,-0.005925,-0.000038
-0.003903,-0.005440,-0.001021
-0.001968,-0.003998,-0.001071
-0.001877,-0.003649,-0.000197
-0.002364,-0.005605,-0.002214
0.000724,-0.009550,-0.002767
-0.000663,-0.012866,-0.002984
-0.001336,-0.014303,-0.006372
-0.002489,-0.015725,-0.004895
-0.002879,-0.011536,-0.003244
-0.002005,-0.008014,-0.001123
-0.003324,-0.007283,-0.002460
-0.002260,-0.002180,0.000430
-0.002631,0.001405,0.000566
-0.000707,0.003900,0.002506
-0.002189,0.003433,-0.000676
-0.001198,0.006806,0.001609
-0.001015,0.005578,-0.000219
-0.001519,0.008142,0.002262
-0.002076,0.009748,0.001074
-0.002033,0.009365,0.001372
-0.002788,0.011467,0.001226
-0.002055,0.010455,0.000394
-0.002582,0.007716,-0.000809
-0.001499,0.002486,-0.001143
-0.002948,-0.000962,-0.002732
-0.001752,-0.002458,-0.003689
-0.001871,-0.000968,-0.001122
-0.002966,0.000067,-0.000176
-0.002814,0.003110,-0.002939
-0.001470,0.004568,-0.002916
-0.002063,0.005275,-0.002617
-0.001294,0.007880,-0.001295
-0.000769,0.006225,-0.000067
-0.002670,0.006922,-0.001440
-0.001951,0.006992,0.000573
-0.002594,0.007764,-0.002858
-0.000172,0.003948,-0.000168
-0.001811,0.000324,-0.000913
-0.002202,-0.002899,-0.000365
-0.001985,-0.008454,-0.002542
-0.001169,-0.007618,-0.001867
-0.002775,-0.004501,-0.001838
-0.001280,0.000353,-0.000197
-0.001278,0.005531,-0.003503
0.000280,0.011361,-0.005750
-0.000692,0.011800,-0.006034
-0.000680,0.009044,-0.005740
-0.002469,0.010064,-0.005835
-0.000284,0.014796,-0.006314
-0.000509,0.017763,-0.001131
-0.001165,0.014069,0.003919
-0.002135,0.015933,0.005670
-0.002830,0.012855,0.006637
-0.002045,0.010524,0.006327
-0.000733,0.007422,0.007586
-0.000033,0.004134,0.009388
-0.001703,0.007840,0.007128
-0.001977,0.009042,0.009120
-0.000261,0.013312,0.004181
-0.001278,0.011018,0.004110
0.000245,0.012855,0.000823
-0.000399,0.014451,-0.000254
-0.001940,0.010942,-0.001628
-0.001178,0.012438,0.001458
-0.001612,0.014140,-0.000493
-0.000104,0.014856,0.002721
-0.002170,0.015594,0.003030
-0.003587,0.013125,0.005854
-0.002421,0.016613,0.005928
-0.001133,0.019186,0.008433
-0.000935,0.024050,0.008379
-0.000497,0.022395,0.004820
-0.002741,0.014922,0.002663
-0.002090,0.017969,-0.000490
-0.000077,0.019563,-0.001748
-0.002388,0.024766,0.000952
-0.004805,0.025765,0.002255
-0.002325,0.029879,0.000422
-0.000967,0.027369,0.002200
-0.000362,0.023270,-0.000422
-0.002201,0.016046,-0.000790
-0.002974,0.009238,-0.014358
0.000064,0.033402,0.013102
-0.003959,0.031644,0.006057
0.001670,0.030116,0.003137
-0.001573,0.011307,-0.021890
0.002314,0.041861,0.009447
-0.007132,0.053505,0.008271
-0.001586,0.046698,0.003094
-0.001051,0.042605,0.000509
0.002949,0.053745,-0.003450
0.000371,-0.011194,-0.071184
0.013753,0.099436,0.025964
0.003917,0.176305,0.009192
-0.012389,0.098730,-0.018079
-0.001119,0.026602,-0.077703
0.023241,0.156887,0.035596
-0.000599,0.166283,-0.000258
-0.012937,0.091569,0.008092
-0.012171,0.011619,-0.049491
0.015401,0.110141,0.034779
-0.006218,0.085288,0.008157
-0.019537,0.000919,0.014818
-0.014871,-0.043456,0.007364
-0.003377,-0.065455,-0.015659
0.003667,-0.072311,-0.020071
-0.002342,-0.071754,-0.012949
-0.007479,-0.074202,-0.013298
-0.003517,-0.061885,-0.010885
0.000001,-0.050333,-0.014086
0.006339,-0.041948,-0.018400
0.005489,-0.027693,-0.016284
0.001958,-0.006660,-0.010271
-0.003331,0.015875,-0.001168
-0.002196,0.034091,0.007193
-0.001596,0.035524,0.009253
-0.004156,0.030413,0.011808
-0.003611,0.013737,0.007942
-0.004726,-0.003409,0.004858
-0.003765,-0.017194,0.001646
-0.003201,-0.025772,-0.004417
-0.001372,-0.027676,-0.008063
-0.001332,-0.025287,-0.010875
-0.000950,-0.021233,-0.009770
0.000293,-0.014036,-0.008704
0.000036,-0.003482,-0.006951
-0.000144,0.004174,-0.003717
-0.000185,0.008224,-0.002896
-0.002840,0.010615,-0.001081
-0.005308,0.011255,-0.002760
-0.002993,0.004397,-0.004428
-0.003940,-0.004684,-0.004184
-0.003538,-0.008571,-0.005727
-0.002639,-0.014736,-0.007231
-0.001241,-0.017427,-0.008673
-0.000420,-0.024040,-0.009845
0.000574,-0.020951,-0.011345
-0.000406,-0.016377,-0.008747
-0.000510,-0.012132,-0.006332
-0.000645,-0.001705,-0.002586
-0.000737,-0.001748,-0.004012
-0.004290,-0.006175,0.001505
-0.003492,-0.010477,0.000183
-0.001610,-0.014966,-0.001790
0.000245,-0.016468,-0.006009
-0.002497,-0.020426,-0.006159
-0.003025,-0.020742,-0.006753
-0.002368,-0.024093,-0.008649
-0.000967,-0.017698,-0.008518
-0.002774,-0.019707,-0.007126
-0.002601,-0.013472,-0.006540
-0.001827,-0.011429,-0.003882
-0.003812,-0.009713,-0.003153
-0.002629,-0.004267,-0.001817
-0.001393,-0.003584,-0.000663
-0.002439,-0.003343,-0.001595
-0.002180,-0.000109,-0.004301
-0.003975,-0.000417,-0.005111
-0.002793,0.005920,-0.003601
-0.001811,0.009677,-0.003844
-0.001720,0.004970,-0.002247
-0.003329,-0.001224,-0.000446
-0.003193,-0.000984,-0.002948
-0.001282,-0.004002,-0.003269
-0.002793,-0.003671,-0.003494
-0.000294,0.000195,-0.001303
-0.001758,0.002147,-0.000777
-0.001802,0.005636,-0.000729
-0.002768,0.010333,0.004948
-0.001801,0.009980,0.000496
-0.001424,0.006150,0.000436
-0.000658,0.005968,0.001975
-0.000551,0.001632,-0.000388
-0.001197,-0.006246,-0.003610
-0.000833,-0.006313,-0.003533
-0.004303,-0.009771,-0.005689
-0.001871,-0.009230,-0.004371
-0.001042,-0.007256,-0.007858
-0.000914,-0.008922,-0.002115
-0.001349,-0.008295,-0.000274
-0.002662,-0.005802,0.000703
-0.002110,-0.002702,0.000312
-0.003356,0.001597,0.000190
-0.001880,0.003350,-0.000305
-0.003125,0.003981,0.001198
-0.002591,0.008804,0.001253
-0.000877,0.007374,0.001659
-0.003161,0.002760,0.001067
-0.001355,-0.002444,0.001606
-0.000971,-0.007113,0.002002
-0.001460,-0.006668,-0.000339
-0.001030,-0.003703,-0.000812
-0.003085,-0.003581,-0.002525
-0.004154,0.000135,-0.003631
-0.003354,0.001276,-0.000646
-0.003129,-0.004678,-0.003910
-0.001402,-0.007616,-0.006185
-0.000855,-0.006040,-0.004865
-0.000314,-0.007057,-0.001962
-0.000393,-0.006535,-0.002587
-0.001237,-0.002423,0.000918
-0.000343,-0.000486,0.001905
-0.001728,0.000661,0.006401
-0.002334,0.001312,0.002469
-0.001735,-0.000708,-0.001671
-0.000703,-0.007522,-0.004256
-0.000810,-0.010442,-0.001682
-0.000384,-0.016787,-0.001984
-0.002120,-0.013917,0.003197
-0.000416,-0.011245,0.000427
-0.001377,-0.006534,0.003972
-0.003850,0.002273,0.002954
-0.004787,0.003763,0.003912
-0.002510,0.004384,-0.002395
-0.001062,0.001289,-0.003487
-0.000398,0.001214,-0.004418
-0.000311,0.007147,-0.000415
0.000302,0.014053,0.004117
-0.002017,0.017158,0.001570
-0.002649,0.025075,0.005810
-0.002125,0.019219,0.004011
-0.004272,0.011004,0.005338
-0.003594,0.001681,0.003621
-0.000571,-0.007880,0.002203
-0.001951,-0.007636,0.002737
-0.002762,-0.004484,0.001956
-0.001312,0.002311,0.007315
0.000040,0.011236,0.004376
-0.000811,0.014283,0.002075
-0.000307,0.016027,0.000092
-0.001694,0.008076,-0.003039
0.000345,0.001037,-0.006189
-0.002331,-0.006300,-0.005146
-0.002918,-0.014306,-0.004182
-0.003189,-0.016104,-0.001407
-0.004600,-0.019273,-0.002423
-0.002444,-0.016667,0.001279
-0.002538,-0.010317,0.001369
-0.002013,-0.012771,0.003044
-0.001716,-0.009498,0.004571
-0.001042,-0.010602,0.001447
-0.001920,-0.004466,0.000426
-0.001598,-0.000841,-0.002005
-0.002174,0.000461,-0.003908
-0.001557,0.004700,-0.006882
-0.000870,0.004275,-0.002946
-0.001181,0.003015,0.003270
-0.002759,0.004108,0.006259
-0.001580,0.004421,0.008135
-0.004738,0.008236,0.007673
-0.002742,0.008680,0.011558
-0.002640,0.010613,0.011916
-0.003064,0.013136,0.012161
-0.002762,0.015239,0.011016
0.000674,0.012941,0.008704
0.001186,0.014481,0.003431
-0.000015,0.013875,0.004950
-0.000981,0.015045,0.004626
-0.001835,0.019969,0.005214
-0.000888,0.013807,0.003213
-0.001796,0.011091,0.009329
-0.005300,0.007068,0.014480
-0.005979,0.001788,0.019115
-0.003667,-0.001283,0.014021
-0.001634,0.002558,0.009693
0.000160,0.005885,0.008816
-0.000383,0.003962,0.005883
0.000310,0.002456,-0.001756
0.001710,-0.002568,-0.009295
0.002268,-0.011930,-0.011688
0.000809,-0.022969,-0.012343
-0.000502,-0.028957,-0.013197
-0.002040,-0.028263,-0.009309
-0.000329,-0.025333,-0.003677
-0.003095,-0.021986,-0.001386
-0.001732,-0.022443,0.002439
-0.003645,-0.020105,0.005066
-0.001839,-0.021274,0.004333
-0.002798,-0.022051,0.005206
-0.003085,-0.024264,0.006827
-0.002820,-0.019733,0.002950
-0.001312,-0.020773,0.002598
0.000867,-0.019278,-0.002900
-0.000622,-0.015787,-0.006255
-0.000775,-0.009828,-0.006943
0.000724,-0.005399,-0.004953
-0.001732,-0.000428,-0.004850
-0.000990,0.000877,0.003024
-0.001477,0.003179,0.003043
-0.002071,0.000918,0.006800
-0.001306,0.002917,0.012419
-0.001159,0.006326,0.015686
-0.002254,0.005369,0.013882
-0.002549,0.005912,0.009781
-0.002093,0.002430,0.007972
-0.001240,-0.005526,0.001027
0.000035,-0.006154,-0.005625
-0.001464,-0.012951,-0.010033
-0.001774,-0.015431,-0.009654
0.000416,-0.017451,-0.009847
0.000747,-0.015154,-0.007504
-0.001365,-0.007295,0.001926
-0.004881,-0.001154,0.009318
-0.003294,0.005464,0.013503
-0.004622,0.011274,0.019553
-0.003781,0.010991,0.023938
-0.003532,0.008467,0.023183
-0.002438,0.003345,0.021802
-0.001301,-0.005643,0.023128
-0.002015,-0.012144,0.018718
-0.002292,-0.014933,0.015291
0.000127,-0.018120,0.010983
-0.001154,-0.014493,0.007797
-0.000058,-0.009744,0.006666
-0.001011,-0.005871,0.010799
-0.002049,-0.000411,0.011863
-0.002278,0.005819,0.018516
-0.002537,0.008252,0.020713
-0.002066,0.007689,0.018976
-0.000222,0.003632,0.015253
-0.000541,0.005361,0.015533
-0.000562,0.001086,0.010683
-0.001601,-0.004961,0.008967
-0.000679,-0.012218,0.004520
-0.000223,-0.014475,0.005835
-0.001849,-0.014221,0.006091
-0.002010,-0.017760,0.007678
-0.002472,-0.016396,0.014095
-0.001341,-0.013400,0.015061
-0.001974,-0.010420,0.019523
-0.003740,-0.010809,0.022930
-0.001580,-0.011404,0.028646
-0.001804,-0.010596,0.025865
-0.003129,-0.011865,0.027736
-0.003456,-0.006054,0.027822
-0.001360,-0.008605,0.024569
-0.000807,-0.003804,0.021117
0.001448,-0.006820,0.012968
0.001525,-0.009418,0.009074
-0.000221,-0.010697,0.004477
0.000754,-0.014453,0.000798
-0.001464,-0.013053,-0.001095
-0.002326,-0.012969,0.005436
-0.001918,-0.012787,0.006315
-0.003160,-0.013826,0.006552
-0.002874,-0.020084,0.008181
-0.003231,-0.019072,0.014038
-0.004436,-0.019376,0.013165
-0.004033,-0.013273,0.014016
-0.001234,-0.012685,0.012499
-0.000867,-0.006528,0.010696
0.000130,-0.009039,0.011093
-0.001120,-0.008206,0.006732
-0.000159,-0.003333,0.004032
0.001181,-0.004319,0.001199
0.000687,-0.004465,0.001667
-0.001144,-0.007410,0.000453
-0.002319,-0.010910,-0.001580
-0.002778,-0.014177,0.001990
-0.003548,-0.014639,0.001140
-0.004394,-0.015550,0.003122
-0.002818,-0.015255,0.000264
-0.002159,-0.010231,0.003137
-0.001717,-0.004568,0.003953
-0.000918,0.001098,0.002079
-0.000754,0.002487,0.005019
-0.001643,0.004400,0.005624
-0.001801,0.003882,0.005988
-0.001271,-0.001747,0.006076
-0.001639,0.000403,0.006041
-0.001006,0.000356,0.006062
-0.001349,0.003693,0.001522
-0.002501,0.002604,0.002493
-0.001500,0.000059,0.001344
-0.000468,-0.003786,0.004278
-0.000857,-0.002000,0.002286
-0.000029,-0.001526,0.004307
-0.001106,0.002880,0.005053
-0.000518,0.003036,0.007125
-0.002869,0.002799,0.010583
-0.005261,0.004114,0.012268
-0.004364,-0.000207,0.009510
-0.002253,0.001618,0.013408
-0.002770,-0.001351,0.015225
-0.001879,-0.002062,0.012377
0.000357,-0.006270,0.016031
-0.000452,-0.006512,0.015541
-0.000551,0.000425,0.018127
0.001801,0.001222,0.011084
-0.000962,0.005896,0.009723
-0.001293,0.008004,0.009528
-0.000828,0.009141,0.005629
-0.000765,0.008477,0.007382
-0.001033,0.003513,0.005337
-0.002618,0.007929,0.002560
-0.002917,0.005782,0.002407
-0.000889,0.005962,0.001630
-0.002243,0.006396,0.001124
-0.002499,0.009028,0.002049
-0.001837,0.008719,-0.000131
-0.001284,0.009888,0.002999
0.000050,0.009729,-0.001170
0.000373,0.010891,0.001161
-0.000787,0.012216,-0.001265
-0.000104,0.007274,0.002557
-0.002564,0.011070,-0.000533
-0.001302,0.010064,0.000104
-0.001773,0.008823,-0.002306
-0.001690,0.007384,-0.002230
-0.001683,0.006951,-0.003420
-0.002074,0.004005,-0.003303
-0.001822,0.003159,-0.006227
-0.000597,0.004001,-0.004661
-0.000941,0.004046,-0.007151
0.000330,0.000162,-0.003265
-0.001569,0.003540,-0.004228
-0.000916,0.003509,-0.003506
-0.002813,0.001765,-0.002208
-0.002053,0.003843,-0.000897
-0.002554,0.006631,-0.003979
-0.000766,0.010418,-0.000562
-0.000259,0.015229,-0.001446
-0.002385,0.017164,-0.000186
-0.001847,0.018891,0.003930
-0.001635,0.016180,0.001860
-0.001238,0.008080,0.003697
-0.002635,0.001351,0.004001
0.000009,0.000467,0.000259
0.000122,0.002811,0.000169
-0.000629,0.001667,0.001418
-0.000522,0.005380,0.000036
-0.002111,0.009219,0.000711
-0.002061,0.012325,-0.000245
-0.001275,0.008394,-0.000227
-0.004355,0.005616,-0.000885
-0.001216,0.003677,0.001091
-0.001233,0.004368,-0.002026
-0.002210,0.003245,-0.001761
-0.000342,0.005859,0.000757
-0.001984,0.006730,0.001645
-0.000734,0.003962,0.000601
-0.001700,0.007030,-0.000628
-0.002207,0.007612,-0.002702
-0.000168,0.006025,-0.002152
0.000295,0.007446,-0.002113
-0.001639,0.004676,-0.003857
-0.003226,0.004798,-0.001239
-0.002175,0.000974,-0.003784
-0.002671,0.002480,-0.003331
-0.000426,0.003039,-0.001918
-0.002250,0.000264,-0.000105
-0.000855,-0.001091,0.001405
-0.000466,0.004730,0.000985
-0.000623,0.001566,-0.000691
0.000086,0.004871,-0.001186
-0.002225,0.004471,-0.004920
-0.001007,-0.001221,-0.006532
-0.002489,-0.004963,-0.006107
-0.001390,-0.003996,-0.002494
-0.002266,-0.006247,-0.006098
-0.002355,-0.006018,-0.005317
-0.001698,-0.001657,-0.005046
-0.003485,-0.006110,-0.006271
-0.003340,-0.008266,-0.006669
-0.002561,-0.011302,-0.011042
-0.000294,-0.013534,-0.011834
-0.000744,-0.007948,-0.009186
-0.001307,-0.006007,-0.004342
-0.001635,-0.001838,-0.001086
-0.001172,0.003322,-0.002897
-0.002065,-0.000899,0.002063
-0.001748,0.000753,0.003796
-0.002131,-0.001020,0.002806
-0.003624,-0.003507,0.003227
-0.001522,-0.005285,0.002383
-0.002420,-0.005230,0.000305
-0.001494,-0.009786,0.000528
-0.001030,-0.007125,-0.001060
-0.001746,-0.006510,-0.001109
-0.001146,-0.003064,0.004172
-0.001197,-0.001242,0.008518
-0.002160,-0.001196,0.010711
-0.003022,0.004106,0.010914
-0.002165,0.002898,0.011070
-0.000029,0.001903,0.012802
-0.000610,-0.001794,0.013160
0.000519,0.000692,0.012269
-0.001486,0.004809,0.009843
0.000356,0.005878,0.010409
-0.000024,0.007947,0.006685
-0.002207,0.009057,0.004046
-0.002897,0.006152,0.001128
-0.003186,0.003042,0.001238
-0.002329,-0.000799,-0.000257
-0.000063,-0.002641,-0.003673
-0.002010,-0.003182,-0.003082
-0.000654,0.003215,0.002527
-0.003700,0.010474,0.006403
-0.001698,0.009401,0.003971
-0.002861,0.010045,0.008047
-0.002498,0.008868,0.009941
-0.003028,0.005159,0.011489
-0.003453,0.001135,0.011473
-0.002876,0.000062,0.010982
-0.002014,-0.001996,0.011545
-0.000727,-0.002734,0.009534
-0.000241,-0.003527,0.005437
-0.000904,-0.004122,0.003739
0.000826,-0.005544,0.001835
-0.000409,0.000434,0.003123
-0.001686,0.001225,0.003760
-0.003520,0.002504,0.005984
-0.002403,0.002337,0.007197
-0.002731,-0.000252,0.010270
-0.001781,-0.005676,0.009832
-0.002134,-0.002564,0.009866
0.000300,-0.001724,0.005694
-0.001919,-0.000371,0.005670
-0.000939,0.001301,0.001509
0.001101,0.003814,0.000175
-0.001559,0.001217,-0.000536
-0.000080,0.001342,-0.001778
-0.002435,-0.000803,-0.003717
-0.002566,-0.000362,-0.000393
-0.001786,0.001356,0.002933
-0.002430,0.002219,0.003222
-0.001047,0.004217,0.002995
-0.002130,0.008126,0.004431
-0.002099,0.009050,0.009411
-0.002799,0.010699,0.005918
0.001102,0.006933,0.006212
-0.000240,0.006850,0.004154
-0.000408,0.005715,0.005726
-0.001845,0.004333,0.005419
-0.000515,0.005183,0.006345
-0.002708,0.002906,0.005712
-0.003526,0.003392,0.004180
-0.000266,0.004680,0.003542
-0.003086,0.003570,0.004354
-0.001357,0.000088,0.002714
-0.002880,-0.004272,0.003034
-0.001496,-0.004086,0.003230
-0.000901,-0.001745,0.002967
-0.000116,0.001579,0.001439
-0.000649,0.006812,-0.000999
-0.001428,0.012848,-0.000193
-0.001516,0.009038,-0.003618
-0.002224,0.005924,-0.007829
-0.002647,0.000143,-0.011174
-0.000637,-0.004278,-0.010716
0.000332,-0.004812,-0.008816
0.000605,-0.003855,-0.006661
-0.002212,-0.004698,-0.004078
-0.001919,-0.004144,-0.000531
-0.003496,-0.000705,0.003974
-0.002416,-0.001610,0.002381
-0.002830,-0.004485,0.002523
-0.002021,-0.002027,0.001271
-0.001663,-0.000381,0.003075
-0.001932,0.004140,0.000594
-0.000141,0.007441,-0.000157
-0.001792,0.007596,-0.001507
-0.000738,0.005953,-0.004897
-0.001704,0.005964,-0.006980
-0.002660,0.005092,-0.006514
-0.002770,0.001369,-0.003225
-0.000216,0.000143,-0.005503
-0.002235,0.000770,-0.004282
-0.001377,-0.000399,-0.002950
0.000466,-0.000365,-0.005127
-0.001963,0.008723,-0.000710
-0.000866,0.009457,-0.001197
-0.003472,0.012656,-0.000333
-0.001458,0.015303,-0.002266
0.000200,0.017198,-0.002946
-0.000452,0.012790,-0.003863
-0.002317,0.009717,-0.000523
-0.001517,0.012636,-0.003556
-0.002590,0.009947,-0.001462
-0.002838,0.007699,0.001663
-0.002320,0.005837,0.000977
-0.000460,0.006809,0.002243
-0.001213,0.010228,0.002102
-0.001414,0.011281,0.001932
-0.000951,0.010424,0.000775
-0.002525,0.004545,-0.005143
-0.000559,0.013295,0.002029
-0.001121,0.017699,0.003422
-0.000228,0.012103,-0.002405
-0.000522,0.009541,-0.004635
0.003220,0.034142,0.008484
-0.006365,0.023301,0.000522
-0.001982,0.016198,0.003114
-0.000615,0.013826,0.001724
-0.000633,0.008468,-0.000357
-0.001972,0.003431,0.000144
-0.004289,0.003397,-0.004763
-0.003792,0.001285,-0.003673
-0.002499,0.000128,-0.004559
-0.001749,-0.001927,-0.006122
-0.003107,-0.003300,-0.006574
-0.001593,0.001591,-0.008868
-0.001775,0.000448,-0.009561
-0.002503,0.004005,-0.005008
-0.001113,0.008508,-0.006567
-0.001799,0.011897,-0.005179
-0.002511,0.008862,-0.001782
-0.002946,0.009110,-0.001259
-0.002274,0.004523,-0.003228
-0.000591,-0.001303,-0.004169
-0.000816,-0.006082,-0.004501
-0.002936,-0.006866,-0.005915
0.000199,-0.007875,-0.010036
-0.001409,-0.007393,-0.010543
-0.001873,-0.005303,-0.011984
-0.001940,-0.004503,-0.007766
-0.001993,-0.003101,-0.006911
0.000085,-0.002285,-0.005931
-0.001649,-0.003798,-0.004339
-0.002838,-0.002023,-0.001280
-0.002387,0.000678,-0.004791
-0.002379,0.002746,-0.003241
-0.001387,0.002107,-0.000666
-0.002258,0.002002,0.002347
-0.001511,0.001898,0.001795
-0.001377,0.003709,-0.001175
-0.002337,0.002262,-0.003331
-0.001281,0.002544,-0.006158
-0.001447,0.000817,-0.007948
-0.002568,0.001759,-0.011638
-0.002022,0.001143,-0.013007
-0.001015,0.002712,-0.011343
-0.001030,0.004250,-0.006237
-0.000379,0.010133,-0.003274
-0.001412,0.012563,-0.000691
-0.001191,0.016065,0.003258
-0.003674,0.020097,0.006961
-0.003142,0.019890,0.009395
-0.002776,0.014041,0.008398
-0.003215,0.009540,0.007567
-0.001816,0.009695,0.002685
-0.000495,0.006473,-0.001557
-0.001295,0.006507,-0.005249
-0.000539,0.001338,-0.007108
-0.000465,0.001917,-0.006315
-0.001745,0.005625,-0.007212
-0.002147,0.009224,-0.004211
-0.000843,0.007415,-0.002123
-0.003037,0.010700,0.000891
-0.001350,0.015054,0.000673
-0.001020,0.011421,0.001704
-0.001185,0.010492,-0.000387
-0.001166,0.010579,0.003298
-0.001047,0.012001,0.000885
-0.002045,0.010552,-0.000253
-0.002214,0.006650,-0.003436
-0.002744,0.005322,-0.008933
-0.002443,0.003293,-0.006359
-0.001881,0.004206,-0.010397
-0.000935,0.006339,-0.008073
-0.001882,0.009188,-0.007650
-0.001233,0.006563,-0.004522
-0.001671,0.002669,-0.002536
-0.000956,0.001809,-0.002977
-0.001668,-0.001105,-0.003030
-0.001470,-0.002833,-0.002478
-0.003801,0.000166,-0.001591
-0.001605,-0.004923,-0.000113
-0.000845,-0.006320,-0.005969
0.000079,-0.007758,-0.006689
-0.001046,-0.015945,-0.006268
0.000195,-0.014960,-0.005521
-0.001995,-0.013439,-0.007717
-0.000564,-0.014511,-0.010175
-0.000585,-0.010571,-0.008338
-0.002967,-0.009706,-0.003702
-0.002628,-0.010910,-0.006435
-0.002556,-0.013715,-0.004693
-0.001415,-0.012626,-0.002351
-0.001476,-0.014392,-0.003809
-0.001441,-0.009319,-0.004701
-0.002424,-0.006640,-0.001834
-0.001987,-0.003654,-0.004785
0.000140,-0.006620,-0.003817
-0.000838,-0.006410,-0.003778
-0.002037,-0.009124,-0.005590
-0.001959,-0.011067,-0.002967
-0.000802,-0.010175,-0.005689
-0.000859,-0.006680,-0.003427
-0.001587,-0.007503,-0.003405
-0.001704,-0.005774,-0.003641
-0.001490,0.002185,-0.001275
-0.001144,0.002543,-0.004925
-0.000639,0.003863,-0.004168
-0.002604,0.002081,-0.003863
-0.002181,0.001003,-0.000790
0.000248,0.000977,-0.002568
-0.000677,0.000739,-0.004265
-0.001520,0.001638,-0.004604
-0.001738,-0.003067,-0.002214
-0.001558,-0.003615,-0.004518
-0.002198,-0.004608,-0.005844
-0.002503,-0.007661,-0.004614
-0.000654,-0.008137,-0.005289
0.000136,-0.006391,-0.005641
-0.000113,-0.004539,-0.008207
-0.002407,-0.007639,-0.008134
-0.001585,-0.007028,-0.003407
-0.001760,-0.004984,-0.004195
-0.001624,-0.004334,-0.003478
-0.001653,-0.005032,-0.007424
-0.002031,-0.005010,-0.010681
-0.003708,-0.005095,-0.012016
-0.001185,-0.009273,-0.013947
-0.002190,-0.011857,-0.014131
-0.002156,-0.013509,-0.013917
-0.000597,-0.010517,-0.014668
-0.002459,-0.009151,-0.011896
-0.001740,-0.006455,-0.010252
-0.002551,-0.006026,-0.006047
-0.002258,-0.003724,-0.006380
-0.001080,-0.006351,-0.004248
-0.002718,-0.003722,0.001699
-0.002364,-0.003800,0.000127
-0.001942,-0.004300,0.003086
-0.000462,0.001059,0.003748
-0.000452,-0.002867,0.001340
-0.003384,-0.001270,-0.001532
-0.001113,-0.002594,-0.004548
0.001779,-0.003900,-0.006374
-0.000955,-0.002905,-0.003896
-0.000963,-0.003213,-0.005631
-0.002918,-0.004046,-0.002931
-0.001658,0.002267,0.000391
-0.001694,0.002217,0.001252
-0.003716,0.005803,0.002120
-0.001385,0.010766,0.003498
-0.000869,0.012293,0.003058
-0.002673,0.014187,0.002509
-0.001218,0.009784,0.001163
-0.002772,0.006029,0.000990
-0.001408,0.004931,-0.002664
-0.000107,0.004827,-0.005225
-0.001700,0.002273,-0.003736
-0.000222,0.001779,-0.002953
-0.000993,0.004101,-0.002370
-0.000713,0.001055,-0.002148
-0.000541,0.004699,-0.001718
-0.002656,0.002896,-0.002006
-0.000731,0.003081,0.001283
-0.001854,0.005343,-0.000440
-0.002145,0.009253,0.001954
-0.003356,0.004047,-0.001700
-0.002338,0.002357,0.001414
-0.001649,0.002391,-0.001736
0.000363,-0.000258,-0.004731
-0.000661,0.001569,-0.003683
-0.000168,0.001646,-0.003958
-0.000922,-0.001526,-0.004626
-0.002269,-0.001998,-0.004652
-0.001394,0.000425,-0.000847
-0.001894,0.001102,-0.002804
-0.001969,-0.000554,-0.002134
-0.001464,-0.000661,-0.000103
-0.000707,-0.001756,-0.000851
-0.001109,-0.000365,-0.002277
-0.001608,0.000301,-0.004200
-0.001609,-0.003412,-0.001126
-0.000814,-0.001187,-0.003098
-0.003252,0.002380,-0.001137
-0.001103,0.002806,-0.003299
0.000334,0.005890,-0.005613
-0.001735,0.009274,-0.003213
-0.003319,0.008417,-0.000935
-0.002616,0.007891,-0.000843
-0.001165,0.007512,0.000137
-0.003070,0.009000,0.002320
-0.001885,0.010630,0.000641
-0.000213,0.006711,0.001373
-0.000966,0.007335,0.000728
-0.001270,0.010298,-0.002947
-0.002280,0.009093,0.001077
-0.002892,0.006148,-0.001410
-0.003690,0.005994,0.001616
-0.003163,0.003212,0.003113
-0.002537,0.004761,0.001817
-0.001283,0.004944,0.004095
-0.001787,0.008252,0.004959
-0.002091,0.012942,0.003978
-0.001170,0.013875,0.005024
-0.002694,0.013582,0.003162
-0.001443,0.011390,0.004042
-0.001850,0.011200,0.003484
-0.002318,0.006589,0.002877
-0.000664,0.005436,0.001628
-0.001585,0.007131,-0.001343
-0.002073,0.005704,-0.001111
-0.003011,0.006940,-0.004540
-0.003322,0.003200,-0.007900
-0.002691,0.004691,-0.007296
-0.001447,0.004287,-0.005287
-0.000881,0.009781,-0.002743
-0.001898,0.012784,-0.000797
-0.002368,0.011151,0.002187
-0.000808,0.010159,0.001472
-0.002292,0.006668,0.002803
-0.002751,0.003012,0.003258
-0.002036,0.000340,0.008010
-0.003059,0.001097,0.005712
-0.002794,0.003827,0.005724
-0.001702,0.004101,0.004839
0.000194,0.003131,-0.001513
0.000417,0.004884,-0.001581
0.000302,-0.000081,-0.004646
-0.001349,0.000787,-0.002972
-0.001379,0.000198,-0.002742
-0.000818,0.000405,-0.001425
-0.003048,0.004419,0.000436
-0.001900,0.005171,0.001468
-0.002147,0.005595,0.000546
-0.002175,0.000838,0.002235
-0.000815,0.000539,0.004113
-0.000838,0.001603,0.004454
-0.000463,0.000367,0.002382
-0.001262,-0.001470,-0.006181
-0.000781,-0.000200,-0.003118
0.000338,-0.000443,-0.007453
-0.001323,0.005280,-0.008143
-0.002247,0.003249,-0.005648
-0.002995,0.004364,-0.002420
-0.002136,0.003611,-0.000640
-0.002249,0.003488,0.001228
-0.004043,-0.001173,0.001147
-0.003036,0.002199,0.002601
-0.004071,0.001401,0.000190
-0.002210,0.004802,0.000994
0.000025,-0.003227,-0.001219
-0.000699,0.000568,-0.001127
-0.001732,-0.001627,-0.006036
-0.000733,-0.003088,-0.002972
-0.001658,-0.004910,-0.007386
-0.001054,-0.005708,-0.005711
-0.001609,-0.007810,-0.005138
-0.002188,-0.005302,-0.004124
-0.004249,-0.003973,-0.000998
-0.003204,-0.001487,-0.000016
-0.003267,0.001817,-0.000622
-0.001098,0.002831,-0.001593
-0.000791,0.000085,0.000003
-0.000367,-0.000272,-0.002863
-0.001106,-0.001413,-0.001044
-0.001688,-0.002855,-0.002496
0.000521,-0.003090,-0.004243
-0.001131,-0.002609,-0.001705
-0.000887,-0.000828,-0.003430
-0.002362,-0.000594,-0.001437
-0.000951,-0.003589,0.000436
-0.002093,-0.000241,0.000808
-0.002540,-0.000884,-0.001088
-0.001254,-0.000527,0.000942
-0.000296,0.003931,0.002319
-0.003101,0.003869,0.001519
-0.004282,0.002606,0.000605
-0.000696,-0.001301,-0.001530
-0.001499,-0.004259,-0.000574
-0.000987,-0.004807,-0.002358
-0.001943,-0.004420,-0.002691
-0.000451,-0.003190,-0.000619
-0.002346,-0.001505,0.000213
-0.002078,-0.002198,0.001189
-0.002883,-0.000237,0.003458
-0.003393,0.002219,0.004684
-0.002006,0.001951,0.003082
-0.001662,0.001820,0.003936
-0.001774,0.000716,0.004738
-0.002128,0.003553,0.006708
0.000070,0.006867,0.011267
-0.000809,0.004062,0.005260
-0.003090,0.003294,0.003934
-0.001700,0.006998,0.003157
-0.002582,0.003993,-0.000417
-0.002810,0.000742,-0.003014
-0.002009,-0.001727,-0.006946
-0.000940,-0.001148,-0.004571
0.000167,0.001217,-0.004396
-0.000672,0.006060,-0.000527
-0.002206,0.009551,0.004110
-0.001195,0.013443,0.009612
-0.002483,0.011523,0.009309
-0.001759,0.012189,0.007743
-0.002611,0.012091,0.009985
-0.002062,0.007826,0.007973
-0.002334,0.002707,0.007806
-0.001499,0.001489,0.006248
-0.000556,0.001760,0.001360
-0.001240,-0.017375,-0.039352
0.009964,0.019741,0.015318
-0.007246,0.012658,-0.004683
0.003703,0.004554,-0.001092
-0.002718,0.003993,0.000290
-0.002502,0.007655,0.002007
-0.004523,0.010866,0.007086
-0.005238,0.007123,0.005035
-0.002192,0.006753,0.006510
-0.000875,-0.002779,0.007316
-0.001008,-0.005279,0.004126
-0.001237,-0.009134,0.000687
-0.001182,-0.011087,-0.002881
-0.001581,-0.009484,-0.005305
-0.001474,-0.004798,-0.002510
0.000093,-0.004377,-0.005081
-0.001477,-0.006167,-0.007731
-0.002699,-0.003140,-0.005956
-0.002476,-0.001846,-0.009769
-0.002951,-0.002490,0.000130
-0.002197,-0.000494,0.001413
-0.001999,-0.000106,0.005881
-0.002844,0.001816,0.005372
-0.001017,0.004500,0.005069
-0.001298,0.001581,0.003208
-0.001737,-0.002057,0.000828
-0.001199,-0.002789,-0.004042
-0.001149,-0.004241,-0.003100
-0.001280,-0.004918,-0.006546
-0.000273,-0.005752,-0.006326
-0.001791,-0.009254,-0.002677
-0.002605,-0.005129,-0.001985
-0.004050,-0.003421,-0.000357
-0.003755,0.001546,-0.000624
-0.000962,0.004080,-0.000424
-0.001835,0.006982,0.002015
-0.000163,0.007734,0.002049
-0.000328,0.005899,0.002056
-0.000408,0.003699,-0.000897
-0.000653,-0.003479,-0.000676
-0.002085,-0.003928,-0.002847
-0.001692,-0.004375,-0.003026
-0.001668,-0.004692,0.002931
-0.002598,0.000492,0.003046
-0.002898,0.004973,0.002543
-0.001289,0.009188,0.003722
-0.000467,0.008965,0.002197
-0.001808,0.017593,0.001310
-0.002644,0.020129,0.001570
-0.001883,0.019873,0.003078
-0.001611,0.018715,0.001024
-0.000206,0.017467,0.001840
-0.002267,0.015332,0.003002
-0.001623,0.014161,0.002176
-0.002354,0.008796,0.002198
-0.002347,0.007225,0.000875
-0.001734,0.006784,0.003263
-0.001720,0.005332,0.002084
-0.001623,0.003303,0.000308
-0.002124,0.004257,-0.000366
-0.001650,0.004098,-0.000734
-0.001849,-0.030649,-0.029648
-0.000679,0.008756,0.022197
-0.003582,0.044080,0.010652
-0.003167,0.000795,-0.044952
0.010043,-0.049419,-0.046905
0.034766,0.124538,0.046212
-0.003550,0.147135,-0.021490
-0.013608,0.012374,-0.051732
0.003959,0.037973,0.030108
0.015752,0.173059,0.018244
-0.011559,0.130438,-0.026197
-0.020001,0.003650,-0.036772
-0.006640,0.031542,0.023003
0.007962,0.112442,0.025086
-0.032268,0.010959,0.007639
-0.018689,-0.076312,0.013642
-0.009633,-0.120262,-0.007210
0.000087,-0.140621,-0.014471
-0.004648,-0.134578,-0.009999
-0.011508,-0.130294,-0.009611
-0.002323,-0.114514,-0.013810
0.002588,-0.093088,-0.011671
0.006797,-0.074278,-0.017612
0.009870,-0.052784,-0.026762
0.008713,-0.014606,-0.019249
0.000585,0.027544,-0.000083
-0.002677,0.059898,0.012978
-0.001519,0.074892,0.016106
-0.002411,0.075095,0.023014
-0.002375,0.058853,0.021140
-0.004267,0.036248,0.017063
-0.002559,0.014954,0.009509
-0.001147,-0.005069,0.003474
-0.001083,-0.014830,-0.001991
-0.001453,-0.020289,-0.008497
-0.002567,-0.022840,-0.011867
-0.001244,-0.017241,-0.014321
-0.000947,-0.006920,-0.010624
-0.001736,0.008207,-0.005464
-0.001267,0.024611,-0.003554
-0.002535,0.028760,-0.000048
-0.000816,0.034560,0.000489
-0.001103,0.029281,0.005769
-0.002656,0.022579,0.003426
-0.002831,0.010729,0.003341
-0.003456,0.005006,-0.005204
-0.002538,-0.006342,-0.007338
-0.004537,-0.010000,-0.005631
-0.003636,-0.017332,-0.008458
-0.002391,-0.021505,-0.008028
-0.002030,-0.020691,-0.010650
-0.001598,-0.020091,-0.009295
-0.001414,-0.015630,-0.008931
-0.001257,-0.011849,-0.010217
0.000050,-0.001888,-0.007478
-0.001788,0.006025,-0.006284
-0.000780,0.005600,-0.005294
-0.002085,0.008345,-0.001258
-0.002927,0.009523,0.000039
-0.000664,0.005409,-0.001866
-0.002400,0.001891,-0.001970
-0.001814,-0.001148,-0.001153
-0.000968,-0.009719,-0.005238
-0.002213,-0.012203,-0.004182
-0.000829,-0.015118,-0.003389
-0.000015,-0.011544,-0.004754
-0.000856,-0.004668,0.000733
-0.000684,-0.000081,0.000886
-0.001301,0.003971,-0.001600
-0.001086,0.013004,0.000130
-0.001714,0.014986,0.003536
-0.002564,0.015731,0.004094
-0.002347,0.014358,0.002893
-0.002366,0.010072,0.000861
-0.002344,0.000798,-0.000137
-0.001900,-0.003406,0.001530
-0.002181,-0.008225,-0.000848
-0.002360,-0.008425,-0.002172
-0.000711,-0.010855,-0.003708
-0.003277,-0.009261,-0.001505
-0.001979,-0.009659,-0.003650
-0.001512,-0.008010,-0.001418
-0.000549,-0.007807,-0.002351
-0.000456,-0.003587,-0.002913
-0.002527,-0.000233,-0.000180
-0.001549,0.001485,0.004186
-0.003021,0.001421,0.000252
-0.002588,0.000383,0.001467
-0.001596,-0.002342,0.002135
-0.002359,-0.003826,0.000629
-0.000986,-0.008589,-0.003111
-0.001457,-0.012703,-0.006879
-0.002497,-0.016815,-0.009943
-0.003032,-0.017014,-0.012529
-0.001499,-0.019195,-0.009372
-0.000606,-0.017002,-0.008322
-0.000223,-0.009918,-0.004959
-0.002418,-0.006491,-0.001557
-0.000919,-0.003410,-0.000861
-0.000936,-0.001371,0.001240
-0.001951,-0.001857,0.005325
-0.003356,-0.001676,0.005116
-0.002855,-0.003862,0.007204
-0.002362,-0.001956,0.007876
-0.002652,-0.000471,0.005333
-0.000516,-0.006399,0.000302
0.000040,-0.004832,-0.001098
-0.001702,-0.009141,-0.002191
-0.000021,-0.007865,-0.004951
-0.001119,-0.007119,-0.003489
-0.002437,-0.005349,-0.002749
-0.000509,-0.002030,-0.002280
-0.001346,-0.000717,-0.002173
-0.001747,-0.003637,-0.000033
0.000014,0.001312,-0.001378
-0.000463,-0.001081,0.000787
0.000068,-0.000508,0.000680
-0.002149,0.003760,0.000183
-0.000543,0.002678,0.000142
-0.001329,-0.002260,-0.000978
-0.004278,-0.002481,-0.001701
-0.000971,-0.001497,0.000705
-0.001454,0.000427,-0.003829
-0.001126,-0.001254,-0.005050
-0.002403,-0.004133,-0.003399
-0.001040,-0.001576,-0.002424
-0.001738,-0.004424,-0.001331
-0.002646,-0.004768,0.000484
-0.002747,-0.006852,-0.001082
-0.003309,-0.006683,-0.001029
-0.001291,-0.009407,-0.001425
-0.002643,-0.005662,-0.002120
-0.000928,-0.007391,-0.004599
-0.001657,-0.006616,-0.003113
-0.000425,-0.002639,-0.000158
-0.001888,-0.006133,-0.001907
-0.002427,-0.008977,-0.002391
-0.000311,-0.010446,-0.004622
-0.001138,-0.012126,-0.004264
-0.001462,-0.014218,-0.003620
-0.002699,-0.012370,-0.007549
-0.001131,-0.014429,-0.005450
-0.002147,-0.009005,-0.004886
-0.002791,-0.005659,-0.005037
-0.003145,-0.001766,-0.004326
-0.002370,0.001536,-0.002806
-0.001237,0.000262,0.000783
-0.001104,-0.000390,-0.001511
-0.001547,-0.001250,-0.000045
-0.002490,0.001726,0.003093
-0.001785,0.000349,-0.000059
-0.001537,-0.003599,-0.000725
-0.001128,-0.000334,-0.001774
0.000167,-0.000063,-0.004625
-0.001899,-0.002898,-0.002838
-0.000982,-0.003213,-0.001224
-0.000875,-0.002233,0.000001
-0.002297,-0.003812,-0.001309
-0.001689,-0.001828,-0.002683
-0.001685,-0.001876,-0.001732
-0.001559,0.000290,-0.001351
-0.001254,0.000348,-0.001963
-0.001467,0.002029,0.000115
-0.001055,-0.001093,0.000416
-0.003413,0.001567,0.001178
-0.003247,0.003006,-0.000112
-0.000910,0.001818,0.000417
-0.000790,0.007065,0.002059
-0.002172,0.007791,-0.000677
-0.001860,0.006278,-0.001781
0.000144,0.000390,-0.000713
-0.002780,-0.000461,0.000160
-0.002535,-0.001224,-0.000671
-0.003207,-0.006199,-0.001153
-0.000447,-0.005527,-0.003901
-0.002489,-0.006521,-0.005505
-0.001766,-0.008108,-0.010428
-0.001732,-0.005690,-0.009795
-0.000772,-0.007202,-0.009943
-0.000268,-0.001378,-0.006902
-0.001369,0.001200,-0.008709
-0.000162,-0.000634,-0.007364
-0.001728,0.000574,-0.004613
-0.003571,0.001066,-0.001524
-0.003755,-0.002415,0.003097
-0.001341,-0.002503,0.004985
-0.002422,-0.004929,0.003227
-0.001800,-0.007415,0.003655
-0.001355,-0.007636,0.002457
-0.001682,-0.005364,0.001500
-0.001947,-0.007061,0.000513
-0.001481,-0.007092,-0.000286
-0.001571,-0.008785,0.000731
-0.001499,-0.005701,-0.000334
-0.000725,-0.006106,-0.002009
-0.001996,-0.002277,-0.001514
0.000636,0.000568,0.000801
-0.000727,0.004155,0.000032
-0.001906,0.006395,0.004282
-0.002539,0.002849,-0.000027
-0.000456,-0.001421,-0.001540
-0.000653,-0.009054,0.003572
-0.005278,-0.017285,0.020789
-0.008557,-0.028175,0.027290
-0.010037,-0.028166,0.032539
-0.005821,-0.027055,0.028693
0.001768,-0.024415,0.021491
0.000449,-0.019318,0.021644
0.001399,-0.011241,0.009016
0.004360,-0.006368,0.000999
0.002362,-0.004633,0.000088
0.003642,-0.003677,-0.002655
-0.001137,-0.002918,-0.009749
-0.002128,-0.004155,-0.008223
-0.004903,0.000732,-0.007863
-0.003431,-0.002831,-0.010165
-0.001724,-0.010436,-0.009979
-0.003692,-0.011778,-0.006913
-0.003499,-0.014670,-0.008006
-0.003109,-0.011620,-0.007938
-0.000338,-0.010466,-0.012145
-0.002339,-0.007024,-0.011297
-0.001703,-0.004047,-0.007686
-0.000595,-0.004179,-0.009039
-0.001260,-0.001742,-0.012759
-0.000404,-0.001873,-0.010899
-0.001463,-0.001086,-0.009867
-0.002548,-0.001887,-0.010168
-0.003067,-0.003089,-0.006819
-0.000700,-0.006964,-0.006940
-0.002579,-0.006961,-0.005220
-0.001665,-0.008618,-0.002060
-0.002753,-0.011538,-0.000458
-0.002425,-0.010753,-0.003816
-0.002058,-0.014429,-0.002480
0.001287,-0.015716,-0.004707
-0.001891,-0.012121,-0.006287
-0.000980,-0.007038,-0.007984
-0.001260,0.001311,-0.004445
-0.003086,0.001709,-0.004640
-0.002728,0.004601,0.000199
-0.001165,0.003000,-0.003530
-0.002702,-0.003030,-0.003993
-0.003766,-0.009101,-0.003846
-0.002693,-0.010600,-0.003899
-0.002558,-0.011558,0.000341
-0.002152,-0.007454,-0.001051
-0.001610,-0.005177,0.000063
-0.000438,-0.001438,-0.000306
-0.000295,-0.005383,-0.001795
-0.000623,-0.007875,-0.001783
-0.001225,-0.005094,-0.002682
-0.001677,-0.005130,-0.006144
-0.003113,-0.007328,-0.000256
-0.002776,-0.006171,0.002026
-0.002654,-0.005275,0.002198
-0.003351,-0.007169,0.003151
-0.002828,-0.008932,0.000370
-0.002134,-0.007958,-0.002364
-0.001728,-0.011697,-0.004598
-0.001500,-0.012751,-0.006979
-0.003458,-0.016318,-0.010722
-0.001854,-0.017600,-0.006567
-0.000974,-0.014082,-0.007501
-0.003306,-0.008592,-0.003168
-0.001062,-0.006167,-0.003165
-0.002445,-0.007089,-0.000154
-0.002388,-0.007519,-0.001853
-0.002574,-0.010742,0.000803
-0.002684,-0.010704,0.002490
-0.002847,-0.012495,0.004700
-0.002550,-0.011944,0.002253
-0.001239,-0.014200,0.001994
-0.001811,-0.009918,0.001330
-0.002226,-0.006814,-0.000437
-0.000951,-0.008557,-0.000849
-0.002977,-0.005048,-0.000803
-0.000549,-0.001595,0.001106
-0.000818,-0.002989,0.000126
-0.002397,-0.001148,0.000342
-0.001592,0.000089,-0.001789
-0.000375,0.000222,-0.001519
-0.001999,0.000071,0.001473
-0.000413,0.005062,0.002863
-0.002679,0.003512,0.006244
-0.001745,0.003704,0.008737
-0.001888,0.001849,0.005782
-0.003061,-0.002323,0.001756
-0.001708,-0.004169,0.001534
-0.001086,-0.006072,-0.002041
-0.001735,-0.010701,-0.000464
-0.002138,-0.009175,-0.001217
-0.002041,-0.008489,-0.004256
-0.001994,-0.008943,-0.003622
-0.001534,-0.007077,-0.002643
-0.001820,-0.004626,0.000644
-0.002089,-0.006004,0.002193
-0.002053,-0.003286,0.002131
-0.002593,-0.002576,0.004325
-0.003222,-0.001569,0.006939
-0.002642,-0.003544,0.005487
-0.001318,-0.002870,0.004255
-0.000913,-0.003143,-0.001097
-0.001760,-0.006589,-0.002655
-0.001513,-0.005106,-0.003129
-0.001432,-0.002396,-0.001882
-0.001313,-0.004704,0.002108
-0.002112,-0.007424,-0.001393
-0.001659,-0.005625,0.000288
-0.000318,-0.008482,0.002437
-0.001785,-0.008584,0.001533
-0.002430,-0.005083,0.003236
-0.002186,-0.005930,0.003004
-0.000990,-0.002744,0.001308
-0.001005,-0.002571,0.001128
-0.000872,-0.000529,0.002204
-0.003045,0.000852,0.001842
-0.000936,0.000944,0.001144
-0.001072,0.001406,0.000569
-0.001357,0.000752,0.001299
-0.002039,-0.000686,-0.001000
-0.003291,-0.003052,-0.001262
-0.003208,0.000752,-0.000237
-0.001631,-0.000665,-0.002674
-0.001006,-0.002321,-0.004134
-0.001255,0.001719,-0.003291
-0.000005,0.000539,-0.006345
-0.002433,-0.000742,-0.006993
-0.000964,-0.000040,0.000581
-0.002239,0.000178,-0.002700
-0.000849,0.001303,0.000599
-0.001961,0.001493,0.000112
-0.001846,0.000303,0.002604
-0.001577,-0.001670,0.002292
-0.002582,-0.004897,0.000409
-0.001718,-0.004907,0.001871
-0.001097,-0.009415,0.000622
-0.002383,-0.005110,-0.003236
-0.001512,-0.005866,-0.001679
-0.000876,-0.002102,0.000885
-0.003579,0.001137,0.001835
-0.001139,0.001159,-0.002863
-0.002099,0.002757,-0.001838
-0.001361,0.002609,-0.004247
-0.001871,-0.000480,-0.005879
-0.001271,-0.001547,-0.011239
-0.001296,-0.003321,-0.009470
-0.002121,-0.001552,-0.007433
-0.001834,0.001387,-0.004443
-0.001798,0.002720,0.002120
-0.000411,0.000847,0.003169
-0.002710,0.003271,0.005321
-0.002009,0.006728,0.006842
-0.000509,0.006776,0.009966
-0.003664,0.005851,0.012696
-0.000881,0.008487,0.011335
-0.001223,0.005138,0.007109
-0.001996,0.004490,0.005132
-0.001959,0.007045,0.005759
-0.000713,0.005958,0.002160
0.000334,0.003022,0.000826
-0.000777,0.000853,-0.001998
-0.001727,-0.001203,-0.003294
-0.002243,-0.001960,0.000292
-0.001041,-0.000174,0.002587
-0.001729,0.002612,0.005200
-0.000816,0.002483,0.003630
-0.001222,0.005812,0.005571
-0.000539,0.005113,0.004737
-0.001182,0.003306,0.004329
-0.001011,0.000909,-0.001948
-0.001401,0.000241,-0.005373
-0.001085,-0.003704,-0.005124
-0.001069,-0.002034,-0.005448
-0.000793,-0.003039,-0.004379
-0.001571,-0.006498,-0.005959
-0.001453,-0.009257,-0.003352
-0.001667,-0.005932,-0.004415
-0.002252,-0.004944,-0.001143
-0.002131,-0.002189,-0.001519
-0.001994,-0.000484,-0.000272
-0.003268,-0.001251,0.000345
-0.002447,-0.001275,-0.000823
-0.003502,-0.003201,-0.001665
-0.001269,-0.007485,-0.003355
-0.001550,-0.006346,-0.005379
-0.001871,-0.004640,-0.006425
-0.002372,-0.007314,-0.004315
-0.001393,-0.005255,-0.002339
-0.002255,-0.004086,-0.005608
-0.001225,-0.003335,0.001674
-0.001857,0.002735,-0.000198
-0.001621,0.000272,0.000544
-0.000347,0.002550,0.000276
-0.001287,0.000069,-0.001512
-0.001621,0.000403,-0.000515
-0.000727,0.003889,-0.000323
-0.001060,0.002917,-0.001193
-0.003275,0.000099,0.000997
-0.001686,-0.001870,-0.000811
-0.003020,0.002600,0.001537
-0.001798,0.001112,0.001271
-0.002075,0.000573,-0.001219
-0.001668,0.001822,-0.004308
-0.002806,0.001029,-0.001962
-0.001964,0.002518,-0.003123
-0.000438,0.003638,-0.003617
-0.002396,0.005646,-0.003677
-0.002351,0.008195,-0.003918
-0.002803,0.008483,-0.004604
-0.001933,0.007972,-0.000228
-0.002686,0.006363,-0.001413
-0.000831,0.003432,-0.001653
-0.002014,0.003674,-0.001989
-0.002050,0.002523,-0.003160
-0.002709,-0.000335,-0.003431
-0.001127,-0.000355,0.000001
-0.001912,-0.001680,-0.001835
-0.002925,-0.004785,-0.003219
-0.001970,-0.002759,-0.001941
-0.000578,-0.002932,-0.006498
-0.001316,-0.003164,-0.000490
-0.003804,-0.001405,0.000219
-0.001193,0.003686,-0.001292
-0.001653,0.005174,0.001081
-0.000948,0.008176,-0.003918
-0.002245,0.008850,-0.002941
-0.002910,0.010149,-0.004841
-0.003072,0.001370,-0.011591
-0.002716,-0.000863,-0.011735
-0.000569,0.002415,-0.013788
-0.000733,0.000034,-0.009882
-0.001755,-0.000104,-0.011051
-0.001327,0.001820,-0.006711
-0.002723,-0.001489,-0.002916
-0.004528,-0.000473,0.003077
-0.002719,0.003161,0.003909
-0.003469,0.001096,0.006990
-0.003844,0.001490,0.008838
-0.002264,0.005769,0.009319
-0.002985,0.004383,0.003977
-0.002104,0.004694,0.004159
-0.001611,0.003986,0.005087
-0.002481,0.005831,0.002940
0.000066,0.004159,0.002790
-0.000093,0.009084,0.001485
-0.001064,0.008326,-0.001171
-0.003479,0.008496,0.000808
-0.001302,0.009036,0.002417
-0.003792,0.007387,0.003687
-0.001636,0.011128,0.004820
-0.002298,0.006701,0.005230
-0.000014,0.009902,0.006464
0.000545,0.010512,0.004698
-0.000582,0.006073,0.002058
-0.001275,0.004836,-0.001540
-0.000848,0.002438,-0.001209
-0.001466,0.004690,0.000596
-0.001778,0.006499,0.002994
-0.003068,0.010857,-0.000847
-0.001396,0.014055,0.003014
-0.002162,0.015371,0.007689
-0.002769,0.013649,0.006220
-0.002029,0.010275,0.005148
-0.001478,0.005466,0.005520
-0.002710,0.007026,0.006292
-0.000844,0.006298,0.000834
0.000057,0.002971,0.000163
-0.002147,0.002416,0.000671
-0.001220,-0.001816,-0.000170
-0.002371,-0.003917,-0.000071
-0.001288,-0.001481,-0.002124
-0.002441,-0.003965,-0.002962
-0.001967,-0.002160,0.000316
-0.002666,-0.000446,0.000032
0.000080,-0.004026,0.003164
-0.002064,-0.004388,-0.002039
-0.001621,-0.002445,-0.002399
0.000444,-0.003717,-0.002135
-0.000907,-0.006258,-0.002697
-0.002533,-0.004152,-0.001545
-0.001268,-0.009054,-0.004013
-0.002034,-0.006327,-0.001712
-0.000274,-0.007175,-0.004318
-0.000184,-0.004207,0.000829
-0.002246,-0.001985,-0.001328
-0.002074,-0.000944,-0.000905
-0.001633,-0.005207,-0.004136
-0.002303,-0.002955,-0.004677
-0.002599,-0.004128,-0.002836
-0.002978,-0.003327,-0.002564
-0.002459,-0.001444,-0.000269
-0.003761,-0.004020,-0.003393
-0.001399,-0.002978,-0.001911
-0.002164,-0.009622,-0.001048
-0.003108,-0.010835,-0.000726
-0.001808,-0.009669,-0.001053
-0.002052,-0.007898,0.001132
-0.002102,-0.004207,-0.001604
-0.001914,-0.001132,-0.001941
-0.002174,0.000830,-0.000632
-0.002191,0.004570,-0.001797
-0.002163,0.002650,0.001994
-0.000618,-0.002985,0.000344
-0.001530,-0.004327,-0.001914
-0.000878,-0.004299,-0.001392
-0.001002,-0.006388,-0.001709
-0.003941,-0.002648,0.001817
-0.000714,0.001701,0.003160
-0.001838,-0.002820,-0.000199
-0.002284,-0.000998,-0.000905
-0.001715,-0.000982,0.000729
-0.000704,-0.000903,-0.003389
-0.001611,-0.002666,-0.005136
-0.002989,-0.001469,-0.005498
-0.003203,-0.002474,-0.005468
-0.000799,0.001055,-0.004061
-0.002046,0.007001,0.000242
-0.002037,0.005533,0.002772
-0.002457,0.006586,0.002069
-0.003116,0.004586,0.007630
-0.003249,0.007077,0.007129
-0.001996,0.003868,0.007440
-0.002258,0.005729,0.008529
-0.003569,0.007022,0.009701
-0.002351,0.001719,0.004056
-0.000662,0.001727,0.004957
-0.000456,-0.000896,0.000217
-0.001443,-0.002197,-0.004269
-0.001840,0.000146,-0.002143
-0.002718,0.001816,-0.002568
-0.002978,0.002645,0.000240
-0.003346,0.000416,0.001059
-0.002307,0.004456,0.002242
-0.002914,0.004312,0.003959
-0.000829,0.008458,0.002674
-0.001066,0.009273,0.003919
-0.001138,0.011440,0.002768
-0.000880,0.009922,0.004682
-0.002825,0.009189,0.001218
-0.001815,0.006818,-0.000496
-0.002570,0.001976,-0.001501
0.000092,0.001630,-0.005336
-0.002309,-0.001337,-0.004463
-0.002210,-0.000962,-0.005680
-0.002411,-0.003983,-0.004834
-0.000287,-0.005403,-0.005877
-0.000286,-0.005149,-0.004224
-0.002009,-0.001426,-0.002964
-0.001824,-0.001590,-0.001815
-0.001532,0.000834,0.000782
-0.000117,0.002979,0.000427
-0.002379,0.001656,0.001455
-0.003534,-0.002325,0.001963
-0.003209,-0.007624,-0.000267
-0.000828,-0.007110,0.002385
-0.000474,-0.008598,-0.003678
-0.000907,-0.005997,-0.000160
-0.001470,-0.002570,-0.001466
-0.000818,-0.003730,-0.000785
-0.002328,-0.002150,-0.001412
-0.001253,0.001404,-0.004809
-0.002081,-0.000090,0.000251
-0.001380,-0.000277,0.000838
-0.000804,0.006406,0.002167
-0.000242,0.004824,-0.002763
-0.001409,0.007454,0.002210
