0.002431,0.001799,-0.004977
0.001490,0.003937,-0.007061
0.001565,0.002874,-0.007079
0.000607,-0.002403,-0.008283
-0.000351,-0.012031,-0.005163
0.000607,-0.012028,-0.005172
-0.001377,-0.003543,0.001310
0.002496,0.001783,0.003471
-0.000456,0.011391,0.002496
0.003499,0.014561,0.006787
0.002578,0.013557,-0.000706
0.001664,0.010341,0.001397
0.001700,0.003935,0.000306
0.002660,-0.000371,0.003506
0.002626,-0.003614,0.008817
0.001583,-0.000416,0.008851
0.003475,0.003841,0.011010
-0.000443,0.005955,0.013173
-0.001095,0.006004,0.007814
-0.000419,0.008125,0.007867
-0.000837,0.008146,0.006767
-0.001391,0.003966,-0.002912
-0.001129,-0.002413,-0.005118
-0.000942,-0.003430,-0.010488
-0.000967,0.004056,-0.011513
-0.001033,0.004084,0.011419
0.007091,-0.043653,-0.081414
0.061195,-0.026965,-0.043659
0.039194,0.004189,-0.024411
-0.003036,-0.000452,0.014175
-0.004204,-0.015248,-0.003058
0.004550,-0.013149,0.001233
0.002561,-0.008880,0.000224
0.003479,-0.001372,-0.002952
0.002971,0.005047,-0.002938
-0.004582,0.007202,-0.005068
-0.008818,0.005078,-0.006158
-0.008570,0.006134,-0.005072
-0.007778,0.011508,-0.010359
-0.004511,0.013618,-0.008187
-0.008016,0.018914,-0.003855
-0.007729,0.015730,-0.006017
-0.006552,0.010447,-0.011427
-0.006369,0.002912,-0.005045
-0.004173,-0.005577,-0.010471
-0.002996,-0.009868,-0.008357
-0.003762,-0.009878,-0.007285
-0.002679,-0.006710,-0.001944
-0.002546,-0.000300,-0.001906
-0.000452,0.000739,0.002359
-0.002192,0.008207,0.002425
-0.003923,0.010314,0.006698
-0.000772,0.000733,0.001328
-0.003528,-0.007800,0.001244
-0.004401,-0.012074,0.001222
-0.003346,-0.016364,0.003336
-0.005306,-0.007820,0.003392
-0.006278,0.007134,0.001388
-0.007156,0.019948,0.001470
-0.006018,0.017826,-0.001717
-0.006787,0.012489,-0.002804
-0.004636,0.006094,-0.003922
-0.000542,-0.004566,-0.005086
-0.001423,-0.016262,-0.009478
-0.001370,-0.020540,-0.006352
0.000581,-0.017333,-0.005294
-0.001421,-0.009896,-0.002009
-0.000432,-0.010972,-0.000949
0.000578,-0.005663,0.003349
-0.000310,0.004958,0.007752
-0.005131,0.007139,0.004512
-0.003062,0.009264,0.004555
-0.001985,0.013520,0.005669
-0.002836,0.015683,0.001429
-0.001787,0.003973,-0.003974
-0.001764,-0.009926,-0.000884
-0.003720,-0.009919,-0.001951
-0.002729,-0.014183,-0.003043
-0.002731,-0.008869,0.000197
-0.001752,-0.002484,0.001342
0.000241,0.000730,0.002383
0.000287,0.010326,0.002485
-0.002549,0.013527,0.001467
-0.002436,0.016738,0.000423
-0.003263,0.016725,0.002548
-0.001177,0.013583,-0.003907
-0.001081,0.008269,-0.007145
-0.000035,0.005029,-0.001845
-0.001960,0.004003,-0.006143
-0.000002,-0.000297,-0.002961
-0.001948,0.000741,0.000263
-0.001946,-0.008827,-0.004095
0.001028,-0.010983,-0.000918
0.000014,-0.009924,0.000159
0.000026,-0.007841,0.005537
-0.000979,-0.004665,0.008768
-0.000995,-0.005734,0.008764
-0.000988,-0.002500,0.004523
-0.001972,0.000662,0.009881
-0.000987,-0.001441,0.005599
-0.001943,0.001792,0.001362
-0.001859,0.009274,-0.000700
-0.002810,0.017806,-0.000614
-0.002709,0.024226,-0.001651
-0.001614,0.026360,-0.001633
-0.001526,0.022085,-0.000606
-0.002424,0.012481,0.001403
-0.001401,0.002887,0.000251
-0.000379,-0.010985,-0.000915
-0.000412,-0.016345,0.002241
0.000489,-0.016353,0.003309
0.001377,-0.011011,0.002291
0.000352,-0.003531,0.001282
-0.001595,0.000687,0.006677
-0.002579,0.001775,0.004542
-0.000591,0.006068,0.001378
0.002412,0.016738,0.001471
0.001535,0.022055,0.002608
-0.000324,0.018845,0.003650
-0.001248,0.012406,0.007875
0.003659,0.009225,0.005704
0.002656,0.005996,0.008885
-0.000268,0.004924,0.008889
0.000719,0.002780,0.009941
-0.001281,0.005996,0.007839
-0.001268,0.004932,0.007821
-0.003234,0.001724,0.008860
-0.002254,0.000696,0.005610
-0.004235,0.000672,0.007764
-0.002287,0.007082,0.006754
0.001650,0.007079,0.008853
0.001663,0.011370,0.006740
0.001660,0.012403,0.009975
0.001672,0.016641,0.014274
0.001663,0.013417,0.016397
0.001681,0.003833,0.015218
0.002631,-0.006778,0.008695
0.000586,-0.017482,0.013920
-0.001473,-0.021711,0.009600
-0.001571,-0.017427,0.007504
-0.003608,-0.012109,0.008638
-0.000771,-0.001451,0.009807
-0.007596,0.012434,0.006757
-0.006564,0.028498,0.000468
-0.007433,0.034880,0.000575
-0.003392,0.022082,-0.001643
0.000672,0.006075,-0.002825
0.000680,-0.010999,-0.002967
0.004539,-0.022774,0.003306
0.005415,-0.029149,0.002134
0.003322,-0.025999,0.010662
0.002219,-0.013184,0.010743
0.003109,-0.002517,0.012936
0.001114,0.010295,0.013026
-0.001766,0.016710,0.010956
-0.002697,0.019923,0.008861
-0.003586,0.022108,0.001425
-0.003524,0.016773,0.002426
-0.003472,0.009320,-0.002911
-0.001486,-0.003506,-0.000872
0.000425,-0.012019,-0.004145
0.004307,-0.017367,-0.002067
0.001290,-0.017362,-0.001031
-0.000738,-0.019531,0.004269
0.001120,-0.024864,0.003172
0.004957,-0.021678,0.006376
0.000960,-0.019566,0.009589
0.001862,-0.013189,0.011803
-0.003067,0.001783,0.007660
-0.002068,0.014627,0.005576
-0.002042,0.015703,0.003472
-0.002924,0.010397,-0.000835
-0.003846,-0.006665,-0.003102
0.000019,-0.019521,0.002151
0.001907,-0.025916,-0.000014
0.003801,-0.013141,0.001218
0.002774,0.007073,0.005732
0.000785,0.024079,0.011281
-0.001135,0.031510,0.014585
0.001829,0.025054,0.019898
0.003847,0.014387,0.019797
0.001858,-0.000546,0.017562
0.001808,-0.013364,0.018536
0.000708,-0.023968,0.011995
-0.000395,-0.028254,0.015143
-0.000524,-0.016467,0.008840
-0.001536,0.001689,0.007905
-0.003513,0.027391,-0.000483
-0.003374,0.045571,-0.002523
-0.005117,0.046694,-0.008937
-0.003905,0.041411,-0.013300
-0.002685,0.026520,-0.017736
0.000429,0.009509,-0.025366
0.001566,0.006325,-0.027528
-0.001276,0.003115,-0.027534
-0.000202,0.006340,-0.030706
-0.002046,0.009509,-0.028502
-0.000947,0.013765,-0.028433
-0.000777,0.013796,-0.032698
0.000371,0.017028,-0.035888
-0.004357,0.018046,-0.029476
-0.001260,0.016996,-0.031622
0.000864,0.012686,-0.026319
0.000987,0.006276,-0.025309
-0.000864,-0.006545,-0.024330
-0.000833,-0.019403,-0.018025
-0.002774,-0.028997,-0.018133
0.001111,-0.028992,-0.017100
0.000117,-0.025822,-0.013854
0.002061,-0.021563,-0.011702
0.001093,-0.010938,-0.004170
0.000095,-0.005645,0.001215
0.004028,-0.004617,0.006556
0.005002,-0.008912,0.010771
0.006914,-0.019608,0.013883
0.006802,-0.030288,0.014860
0.006678,-0.028080,0.009459
0.002640,-0.015237,0.005283
0.000624,0.006090,0.006549
-0.001314,0.018936,0.001323
-0.005119,0.015795,-0.008274
-0.005985,-0.000172,-0.015833
-0.007837,-0.016133,-0.022360
-0.006826,-0.025736,-0.024536
-0.003924,-0.035295,-0.031008
-0.003947,-0.050156,-0.040751
-0.003977,-0.057621,-0.041874
-0.002070,-0.061880,-0.039842
-0.003130,-0.062920,-0.042015
-0.000229,-0.061842,-0.042034
0.000754,-0.050046,-0.049403
-0.001091,-0.023395,-0.045972
0.001993,0.008586,-0.041435
0.000228,0.029897,-0.040129
0.001488,0.034072,-0.030439
0.004699,0.023379,-0.029425
0.007836,0.004104,-0.023136
0.006947,-0.016182,-0.022233
0.006933,-0.034368,-0.015993
0.005851,-0.039707,-0.014984
0.002801,-0.043945,-0.017190
-0.001203,-0.038569,-0.021433
-0.002187,-0.017197,-0.023422
-0.005029,0.021217,-0.022047
-0.002873,0.052188,-0.023944
-0.003525,0.060785,-0.031350
-0.005089,0.053289,-0.031344
-0.002816,0.025490,-0.028299
0.003265,-0.006514,-0.030685
0.007234,-0.040674,-0.030940
0.006195,-0.056649,-0.032203
0.003089,-0.059891,-0.025851
0.001947,-0.039657,-0.017204
0.003778,-0.018348,-0.010662
0.004702,-0.002376,-0.004165
0.006708,0.010336,0.007690
0.001880,0.023078,0.015288
0.003858,0.030534,0.016433
0.004881,0.029399,0.021825
0.003921,0.022932,0.028215
0.000951,0.007950,0.030293
0.000859,-0.007011,0.032315
0.001669,-0.016608,0.031170
0.000490,-0.024068,0.030035
-0.002634,-0.037855,0.022375
-0.003830,-0.043096,0.014762
-0.005995,-0.040939,0.013674
-0.005185,-0.043032,0.009365
-0.001376,-0.036575,0.003004
-0.000484,-0.015224,0.001068
-0.002449,0.016783,0.001356
-0.003340,0.049933,-0.006911
-0.005071,0.065950,-0.008897
-0.008679,0.053200,-0.016468
-0.004475,0.026584,-0.024175
-0.002309,-0.017117,-0.028861
-0.003253,-0.058679,-0.035630
-0.001402,-0.088524,-0.038062
0.001281,-0.097117,-0.030670
0.004891,-0.089656,-0.028492
0.006572,-0.077936,-0.025207
0.004400,-0.064102,-0.020807
0.000352,-0.042812,-0.013170
-0.006531,-0.010828,-0.010731
-0.003556,0.009412,-0.007332
0.000507,0.029712,-0.010363
-0.000259,0.027557,-0.009280
0.001912,0.010508,-0.012628
0.002029,-0.017222,-0.017083
0.003992,-0.038537,-0.018380
0.005837,-0.054555,-0.015346
0.006677,-0.056694,-0.013262
0.004516,-0.039651,-0.008854
0.007272,-0.015220,0.004197
0.007170,0.014530,0.018382
0.007151,0.041127,0.027184
0.005266,0.061368,0.029535
0.006339,0.066664,0.034911
0.003524,0.057019,0.038076
0.001613,0.027129,0.037854
0.002526,-0.002758,0.036574
0.004311,-0.026262,0.040632
0.003033,-0.041185,0.037327
0.000788,-0.046500,0.036181
-0.001505,-0.038982,0.030889
-0.006675,-0.019796,0.036336
-0.005938,-0.005902,0.034305
-0.003138,-0.001602,0.031123
-0.005193,0.005897,0.026925
-0.003280,0.014377,0.031329
-0.006247,0.024022,0.025028
-0.003336,0.031457,0.028319
-0.000387,0.028268,0.025123
-0.000387,0.021864,0.025073
0.001585,0.014350,0.029308
0.004412,0.004721,0.032431
0.009201,-0.000627,0.034509
0.009050,-0.003798,0.032311
0.005990,-0.000616,0.035526
0.001942,-0.001656,0.033353
-0.000154,-0.003755,0.030109
-0.004161,-0.013274,0.019347
-0.000349,-0.023831,0.008503
-0.006266,-0.004567,0.001198
-0.014101,0.027495,-0.004933
-0.013025,0.054257,-0.013295
-0.008852,0.066042,-0.018546
-0.008534,0.053272,-0.025021
-0.001430,0.025556,-0.028470
0.003616,-0.001220,-0.017980
0.006537,-0.021527,-0.015977
0.008416,-0.036534,-0.007560
0.010254,-0.040841,-0.002265
0.009115,-0.037709,0.006310
0.006939,-0.034551,0.011676
0.005809,-0.031370,0.013847
0.002718,-0.030286,0.010676
-0.001295,-0.015409,0.015148
-0.007176,0.016647,0.009033
-0.008118,0.055038,0.011513
-0.009940,0.073194,0.010580
-0.004765,0.057280,-0.001300
-0.003540,0.030632,-0.003694
0.002400,0.011377,0.002543
0.006282,-0.012103,0.004446
0.007210,-0.025962,0.004293
0.005097,-0.022806,0.010712
0.004945,-0.020673,0.011780
0.001900,-0.017489,0.012896
-0.000165,-0.021797,0.017146
-0.003208,-0.028165,0.011775
-0.003339,-0.013244,0.012995
-0.004386,0.001740,0.005684
-0.003394,0.012388,0.006881
-0.002369,0.014532,0.005829
-0.001372,0.017739,0.004794
-0.000351,0.024128,0.006974
0.002599,0.016664,0.006898
0.004554,-0.004687,0.008832
0.007456,-0.027012,0.002147
0.006387,-0.033416,0.004186
0.002328,-0.021661,0.006332
0.002228,-0.003490,0.004319
-0.001689,0.008233,0.006548
-0.002622,0.012520,0.002353
-0.001558,0.016825,-0.003981
-0.000491,0.026418,-0.005963
-0.002350,0.025316,-0.003789
-0.001266,0.021053,-0.005931
-0.000222,0.016811,-0.010220
-0.003072,0.008224,-0.005977
-0.005985,-0.004532,-0.012488
-0.002068,-0.017307,-0.015816
-0.000100,-0.019431,-0.015859
0.002806,-0.021547,-0.015924
0.001835,-0.024743,-0.013875
0.003772,-0.024814,-0.004276
0.004689,-0.030156,-0.003258
0.004583,-0.038670,-0.006528
0.006470,-0.025929,0.001070
-0.001431,0.000745,0.001303
0.000504,0.030580,0.005855
-0.004242,0.054063,0.002896
-0.003082,0.040213,-0.000417
-0.002912,0.013600,-0.008129
-0.002825,-0.001330,-0.008280
0.008900,-0.009898,-0.004087
0.013702,-0.011010,0.003340
0.008733,-0.011069,0.010814
0.005631,-0.014355,0.021467
0.006419,-0.021854,0.025664
0.009140,-0.030448,0.033061
0.004980,-0.039002,0.034078
0.000826,-0.043252,0.030857
-0.006261,-0.030421,0.028806
-0.008389,-0.001543,0.021557
-0.004547,0.036885,0.020804
-0.008385,0.061426,0.022062
-0.007298,0.065685,0.021078
-0.002244,0.055032,0.018849
0.002751,0.028330,0.018689
0.003701,-0.002651,0.021656
0.003598,-0.029329,0.020384
0.005351,-0.041105,0.024568
0.004105,-0.047482,0.022355
0.002868,-0.050691,0.024441
0.000668,-0.049582,0.021202
-0.000528,-0.038856,0.016964
0.001271,-0.017479,0.014964
0.001182,0.012392,0.016282
-0.000732,0.039128,0.010078
0.000345,0.067976,0.006045
0.003518,0.080770,0.006184
0.001774,0.075365,0.011549
-0.005885,0.047571,0.012489
0.002052,0.015605,0.005820
0.006958,-0.000428,0.006801
0.001032,-0.008964,0.006726
-0.001977,-0.015311,0.001299
-0.002035,-0.016321,-0.004090
-0.004056,-0.015229,-0.005191
-0.003102,-0.019479,-0.004228
0.000772,-0.022649,-0.006428
0.001669,-0.025885,-0.003228
0.003533,-0.013142,0.004364
-0.001372,0.013594,-0.002884
0.002601,0.045621,-0.002651
-0.002077,0.059495,-0.003585
-0.006730,0.049897,-0.006818
-0.006521,0.027491,-0.010152
0.002428,0.008302,-0.013499
0.003500,0.002933,-0.009274
0.002528,0.005069,-0.009263
0.006510,0.010393,-0.006051
0.006543,0.015651,0.004655
-0.001259,0.014629,0.000344
-0.002203,0.007187,-0.000835
-0.002172,-0.006677,-0.002020
-0.002216,-0.013067,-0.004201
-0.004156,-0.004578,-0.000866
-0.004167,0.014629,0.000346
-0.001191,0.024267,-0.003845
-0.002063,0.019990,-0.003858
-0.001994,-0.003470,-0.007237
0.004917,-0.022650,-0.009564
0.005840,-0.032318,-0.002157
0.005681,-0.034443,-0.001154
0.005572,-0.031281,0.004206
0.003497,-0.024894,0.005344
0.003385,-0.029151,0.004233
0.000396,-0.032340,0.002084
-0.005542,-0.018394,-0.006359
-0.008487,0.012584,-0.010363
-0.006418,0.040350,-0.012276
-0.007203,0.050011,-0.019663
-0.002083,0.037223,-0.021908
0.003073,0.021202,-0.022008
0.006132,0.008357,-0.018873
0.008155,-0.001277,-0.014693
0.009192,-0.007709,-0.010486
0.008169,0.000753,-0.000808
0.002296,0.007161,-0.000768
0.004254,0.006044,0.004583
0.002316,-0.004611,0.003405
0.000363,-0.022719,-0.002062
-0.001646,-0.030152,-0.006404
-0.004601,-0.022601,-0.015965
-0.001672,0.001958,-0.018936
-0.004494,0.035019,-0.017562
-0.005271,0.058426,-0.009863
-0.003130,0.047714,-0.006707
0.002967,0.016875,-0.019799
0.009975,-0.005544,-0.017869
0.008013,-0.017290,-0.015858
0.004097,-0.022618,-0.013831
0.002079,-0.026884,-0.011781
0.001020,-0.025767,-0.017131
0.001040,-0.030034,-0.015080
0.002020,-0.023641,-0.013956
-0.000890,-0.010795,-0.021274
-0.003778,0.004108,-0.017914
0.003161,0.024282,-0.008066
-0.002563,0.036017,-0.009006
-0.000460,0.037069,-0.007911
0.003608,0.027463,-0.007990
0.002755,0.009346,-0.010295
-0.000149,-0.011024,0.002331
0.002650,-0.041983,0.003151
0.008327,-0.072915,0.003899
0.008067,-0.078307,0.011320
0.004746,-0.062332,0.016765
0.001515,-0.035703,0.023393
0.000325,-0.013320,0.025741
-0.000786,-0.002689,0.029075
-0.006653,0.005918,0.019550
-0.002750,0.016610,0.015403
-0.004722,0.024099,0.015418
-0.003701,0.022022,0.010021
-0.003627,0.011400,0.006666
-0.001681,-0.003531,0.007565
0.001191,-0.026967,0.004121
0.003020,-0.048316,0.005006
0.004777,-0.057897,0.004862
0.004520,-0.055778,0.005965
0.005269,-0.048319,0.006059
0.001214,-0.033370,0.003023
-0.000815,-0.007740,-0.000994
-0.002731,0.026392,-0.000667
-0.003623,0.048846,-0.005821
0.001454,0.048834,-0.004743
-0.002251,0.030707,-0.009118
-0.000182,0.007207,-0.007162
0.000781,-0.013051,-0.009469
0.004638,-0.025888,-0.005311
0.006501,-0.029067,-0.005395
0.002480,-0.029090,-0.002198
0.000458,-0.016292,0.000019
-0.001553,-0.007715,-0.004199
-0.000563,0.002978,-0.006255
-0.004393,0.009382,-0.008298
-0.004334,0.019003,-0.011396
-0.001265,0.021130,-0.011361
-0.000133,0.023261,-0.012379
0.000956,0.018974,-0.010275
0.002016,0.004026,-0.009334
0.003024,-0.007719,-0.009416
0.002058,-0.019421,-0.013792
-0.001877,-0.017285,-0.012734
-0.001879,-0.006598,-0.012683
-0.000857,0.005180,-0.015825
0.000246,0.015865,-0.016819
0.001365,0.022280,-0.018889
-0.000419,0.020126,-0.017806
0.000726,0.024377,-0.018769
-0.000103,0.033876,-0.009006
0.003907,0.029582,-0.006884
0.009908,0.018920,-0.008043
0.006117,0.019961,-0.004828
0.005188,0.018839,0.002625
0.008112,0.014536,0.007909
0.007154,0.016658,0.010050
0.006147,0.011310,0.012128
0.003236,0.002813,0.008816
0.002249,-0.005735,0.011911
0.001185,-0.013192,0.010767
-0.004778,-0.014193,0.004310
-0.004830,-0.017348,-0.001064
-0.003858,-0.017274,-0.009623
-0.005839,-0.003405,-0.008453
-0.005882,0.007173,0.001293
-0.002923,0.015729,-0.002869
-0.000860,0.026354,0.001525
0.000177,0.031663,0.004778
0.003217,0.025250,0.005798
0.005201,0.014512,0.013202
0.008138,-0.004706,0.014113
0.007053,-0.020742,0.017190
0.003969,-0.033542,0.018115
0.002787,-0.041006,0.019082
0.001623,-0.035657,0.018046
-0.001488,-0.018545,0.012860
-0.003489,0.011368,0.006751
-0.005372,0.036974,0.006979
-0.005280,0.046616,0.000687
-0.003123,0.040255,-0.005752
-0.000973,0.018925,-0.008054
0.002973,-0.007745,-0.009347
0.007834,-0.023745,-0.007406
0.006774,-0.023736,-0.006384
0.002762,-0.019460,-0.004277
0.001714,-0.014114,-0.003213
0.002691,-0.000240,-0.002055
0.000749,0.008300,-0.004084
-0.000133,0.014732,-0.008291
-0.001024,0.021086,-0.002877
-0.002878,0.031744,-0.003800
-0.002745,0.033867,-0.005844
-0.001611,0.025337,-0.009071
-0.001486,0.013620,-0.011315
-0.001396,-0.000250,-0.011441
0.001552,-0.015199,-0.009451
0.005417,-0.025833,-0.012776
0.005369,-0.020517,-0.007451
0.007247,-0.016290,-0.001033
0.006164,-0.006720,0.006461
0.006121,0.002851,0.010810
0.005098,0.009170,0.019448
0.005033,0.005940,0.021588
0.004016,0.005913,0.021659
-0.000890,0.012367,0.013213
-0.003807,0.020907,0.011184
-0.006674,0.033726,0.007072
-0.008530,0.039118,0.000696
-0.008378,0.041243,0.000739
-0.002369,0.027457,-0.007971
0.002676,0.011467,-0.008149
0.003715,-0.001304,-0.010439
0.003684,-0.010920,-0.005260
0.006565,-0.013095,0.002150
0.005474,-0.014179,0.005321
0.008300,-0.017429,0.011695
0.008214,-0.013145,0.009600
0.002277,-0.009974,0.011798
0.002200,-0.008905,0.010757
-0.002739,-0.004649,0.009779
-0.007641,0.002835,0.006667
-0.012481,0.011401,-0.000657
-0.010493,0.018934,-0.008080
-0.006482,0.016863,-0.014537
-0.003419,0.010458,-0.014586
0.004478,0.010457,-0.013533
0.005506,0.002950,-0.009316
0.004513,-0.006712,-0.001929
0.008368,-0.022718,-0.001021
0.012229,-0.023810,0.004266
0.006240,-0.020673,0.013873
0.002199,-0.018503,0.011707
0.002128,-0.005718,0.015003
-0.000825,0.008210,0.007654
-0.007611,0.022120,0.002445
-0.010419,0.028570,-0.004946
-0.004389,0.031817,-0.012357
-0.002267,0.028647,-0.016649
0.004723,0.023284,-0.015576
0.005825,0.008313,-0.012484
0.006841,-0.009871,-0.008340
0.004813,-0.020568,-0.004179
0.004714,-0.028038,-0.003196
0.006565,-0.024850,0.000003
0.003534,-0.013113,0.002195
-0.002367,-0.003495,0.002241
-0.002408,0.001873,0.000109
-0.002392,0.004024,-0.002009
-0.004274,0.005159,-0.010542
-0.002234,0.008332,-0.008350
-0.002161,0.016865,-0.010358
-0.002057,0.023269,-0.012398
-0.000933,0.024296,-0.011240
0.000180,0.015754,-0.011297
0.001240,0.003991,-0.009241
0.003234,-0.005637,-0.005077
0.005168,-0.005641,-0.002975
0.005132,-0.005666,0.002318
0.007043,-0.007831,0.007609
0.007965,-0.011002,0.005413
0.007899,-0.013165,0.009653
0.006809,-0.015342,0.013930
0.004727,-0.020726,0.019242
0.004593,-0.021747,0.013880
0.000570,-0.007883,0.015065
-0.005334,0.020976,0.007866
-0.005294,0.041237,0.009119
-0.009057,0.058358,0.001818
-0.009796,0.062639,-0.002360
-0.007653,0.046589,-0.000289
0.000342,0.016744,-0.004813
0.006289,-0.006694,-0.008251
0.006243,-0.016330,-0.003018
0.004198,-0.014196,0.000137
0.002128,-0.014220,0.004385
0.006939,-0.012072,0.004365
0.007847,-0.012077,0.007517
0.003904,-0.018477,0.007454
0.000882,-0.019525,0.006350
-0.001194,-0.012092,0.008602
-0.001174,0.010385,-0.000798
-0.003072,0.034871,0.003741
-0.006911,0.057308,-0.000324
-0.004699,0.060530,-0.003487
-0.003454,0.050923,-0.005654
-0.000362,0.021074,-0.010168
0.002652,-0.008806,-0.010418
0.003632,-0.031182,-0.013831
0.003535,-0.038657,-0.011787
0.003389,-0.035453,-0.010722
0.003328,-0.017288,-0.011678
-0.000610,0.002981,-0.009400
-0.000558,0.015755,-0.005026
0.000494,0.015714,0.000310
-0.002362,0.014661,-0.001826
0.000666,0.008292,-0.006153
0.000739,0.011475,-0.005032
0.000775,0.009323,-0.002912
0.003725,0.008236,0.000268
0.003736,0.001812,0.003406
0.004716,-0.007766,0.001167
0.001729,-0.012094,0.009654
-0.000352,-0.028100,0.008470
0.004417,-0.040859,0.004056
0.005255,-0.036579,0.001970
0.000234,-0.024852,0.002101
-0.001801,-0.001405,0.006558
-0.006678,0.022135,-0.003867
-0.003661,0.031716,-0.002679
-0.007423,0.032815,-0.005893
-0.000417,0.027499,-0.010173
0.001669,0.018939,-0.007044
0.000751,0.012541,-0.007112
0.003737,0.005079,-0.005101
0.006685,-0.007760,0.000108
0.007612,-0.010990,0.005384
0.008503,-0.013162,0.010693
0.007440,-0.004660,0.016082
0.004409,-0.005738,0.016101
0.001396,0.002754,0.019431
-0.002516,0.011334,0.012070
-0.005463,0.013484,0.007861
-0.005449,0.018843,0.003663
-0.008306,0.017806,0.000438
-0.002378,0.009279,-0.002798
-0.001376,0.000766,-0.003975
0.001535,-0.009928,-0.000869
0.005404,-0.012062,0.001203
0.006298,-0.011007,0.004381
0.006226,-0.005697,0.010769
0.004195,-0.014268,0.014969
0.003117,-0.016393,0.014925
0.004012,-0.016417,0.017081
0.000061,0.004959,0.011942
-0.008712,0.030605,0.005791
-0.005679,0.050902,-0.000368
-0.009359,0.049884,-0.008871
-0.005206,0.028581,-0.016474
0.001777,0.015744,-0.012316
0.005749,-0.002439,-0.008177
0.005684,-0.014212,-0.001910
0.008529,-0.022797,0.006508
0.008389,-0.025992,0.008558
0.007266,-0.030284,0.014857
0.008072,-0.028148,0.015915
0.000093,-0.028084,0.010519
-0.002933,-0.006704,0.006418
-0.008758,0.024289,0.000282
-0.008641,0.053151,-0.007972
-0.009372,0.063843,-0.012120
-0.012022,0.045691,-0.016427
-0.005910,0.011556,-0.019884
0.001065,-0.019375,-0.023320
0.008862,-0.040769,-0.017092
0.009696,-0.048292,-0.007603
0.009509,-0.049386,-0.002314
0.009294,-0.046210,0.003009
0.008136,-0.039853,0.010501
0.007953,-0.033447,0.011592
0.004888,-0.030228,0.010527
-0.000124,-0.024878,0.007398
-0.007029,-0.002428,0.001208
-0.006025,0.021070,-0.001789
-0.006910,0.038168,-0.006939
-0.007677,0.042484,-0.013300
-0.003554,0.033937,-0.012301
-0.000481,0.020037,-0.010253
0.003534,-0.001332,-0.007228
0.007439,-0.017329,-0.009480
0.009339,-0.026947,-0.006386
0.005354,-0.021613,-0.004244
0.003324,-0.010921,-0.003163
0.000377,-0.000261,-0.000952
-0.000569,0.008297,-0.005119
-0.002472,0.007217,-0.001957
-0.006329,-0.002348,-0.008414
-0.005326,-0.011921,-0.013805
-0.002351,-0.011921,-0.014852
-0.000404,-0.007667,-0.013732
-0.000378,-0.009811,-0.012683
0.003542,-0.009818,-0.010572
0.004537,-0.002361,-0.009428
0.003571,0.002939,-0.004061
0.005558,0.008260,-0.002932
0.006554,0.008223,0.002394
0.004654,0.008247,0.000239
0.002745,0.001832,0.000216
0.000777,-0.004561,0.000139
-0.003172,-0.003478,-0.003032
-0.003171,0.003985,-0.003997
-0.004105,0.007208,-0.008211
-0.001107,0.015730,-0.007051
-0.001013,0.019966,-0.003794
-0.000942,0.023163,-0.003757
0.002093,0.021011,-0.001636
0.004141,0.013593,-0.007061
0.006157,0.006112,-0.003958
0.005207,-0.000324,0.001306
0.008095,-0.011018,0.006503
0.010931,-0.018480,0.006421
0.006940,-0.016414,0.016028
0.003894,-0.013165,0.010699
0.002851,-0.003539,0.007585
-0.000130,0.009222,0.011993
-0.001124,0.025287,0.004654
-0.005893,0.035949,0.004770
-0.006771,0.032756,0.001585
-0.007620,0.023171,-0.002730
-0.003617,0.002958,-0.011428
0.000351,-0.007722,-0.011498
0.001327,-0.009858,-0.010464
0.001266,-0.003433,-0.010469
0.001290,0.005069,-0.005077
0.004244,0.008246,-0.000803
0.004299,0.003997,-0.002983
0.005320,-0.003503,0.001217
0.004345,-0.006716,0.001219
0.001407,-0.002432,0.000172
0.000432,0.014630,0.001391
-0.001478,0.027445,0.000429
-0.002365,0.036003,-0.002693
-0.001221,0.033861,-0.002690
-0.000124,0.025299,-0.001651
-0.001977,0.016785,-0.002826
0.001962,-0.001408,0.000294
0.003888,-0.016326,-0.001981
0.006781,-0.025928,-0.001023
0.007610,-0.031292,0.003191
0.002575,-0.029172,0.007429
0.001484,-0.013170,0.008622
-0.002496,0.008218,0.003452
-0.001509,0.023090,0.011075
-0.003402,0.033764,0.009066
-0.001363,0.024185,0.004739
-0.001235,0.013511,0.002564
0.000780,0.000724,-0.002823
0.003700,-0.015308,-0.000801
0.002641,-0.023836,-0.000894
0.000603,-0.019539,-0.003026
0.003487,-0.009917,-0.001945
0.000486,0.002890,-0.000796
0.000501,0.003977,-0.001885
-0.000426,-0.006667,-0.005183
0.001528,-0.017369,-0.002054
0.000503,-0.028009,-0.005361
-0.001459,-0.011982,-0.008417
-0.001454,0.016880,-0.014580
0.000584,0.042430,-0.006887
-0.000231,0.058443,-0.007814
0.000998,0.050938,-0.004647
0.003175,0.031718,-0.002685
0.004223,0.010335,0.001424
0.004223,-0.014200,0.002239
0.003186,-0.020607,0.004288
0.002071,-0.014218,0.007517
0.000977,-0.000350,0.008691
-0.000020,0.009287,0.005550
-0.000956,0.010295,0.010940
-0.001925,0.006035,0.007746
0.001031,-0.000310,0.000221
0.001048,-0.000318,-0.000803
-0.001881,0.005006,0.001362
-0.000937,0.008220,0.000309
0.001078,0.010350,0.001385
0.001094,0.007169,-0.000786
0.005042,0.007182,0.000225
0.003100,0.004013,-0.003024
0.002145,0.003990,0.000175
0.000181,0.004049,-0.006256
0.003155,0.007183,0.001269
0.000246,0.010389,0.001285
0.001272,0.016775,0.001380
0.001359,0.021070,-0.002834
0.000458,0.021024,0.001468
0.002501,0.021064,-0.003866
0.004507,0.017837,-0.001735
0.001646,0.005009,0.001354
0.003611,-0.008817,-0.004114
0.001605,-0.017395,0.002196
0.001489,-0.033413,0.004186
0.003302,-0.051493,-0.000311
0.004103,-0.051517,0.003933
-0.000008,-0.033352,0.002978
-0.002093,-0.008814,0.004244
-0.002152,0.017863,0.001335
-0.003029,0.032801,0.000422
-0.001920,0.026372,0.000436
-0.001790,0.012474,0.001430
0.000192,-0.003574,0.004539
0.004042,-0.021699,0.002254
0.005882,-0.034489,0.001059
0.004784,-0.030250,0.008494
0.000744,-0.018484,0.008522
0.003562,-0.001425,0.012887
0.002549,0.012502,0.007632
-0.000334,0.027462,0.004568
-0.001216,0.033801,0.007923
0.001826,0.028470,0.005777
0.002901,0.023132,0.002602
0.001999,0.025261,0.002632
0.002056,0.018853,0.002592
-0.000834,0.004958,0.004624
0.000134,-0.003530,-0.000804
-0.001841,-0.012042,-0.001986
0.000077,-0.017365,-0.002063
-0.000956,-0.021594,-0.006387
-0.000031,-0.017324,-0.006354
-0.001014,0.000869,-0.012612
-0.001931,0.025383,-0.009189
-0.000830,0.035012,-0.013359
-0.002611,0.028617,-0.014477
-0.001489,0.010449,-0.011422
0.001484,-0.013050,-0.008424
0.008280,-0.032294,-0.002218
0.010069,-0.039801,0.004091
0.006929,-0.044110,0.011480
0.006712,-0.035599,0.017895
0.005543,-0.020700,0.023356
0.002485,-0.009993,0.018122
-0.001403,0.007168,0.007579
-0.004261,0.018929,0.002390
-0.007124,0.017898,-0.001892
-0.003149,0.007206,-0.001929
-0.000205,-0.012034,-0.000961
0.005626,-0.013103,-0.002011
0.006464,-0.012167,0.012983
0.009223,-0.012154,0.012947
0.007159,-0.017560,0.021454
0.005024,-0.023974,0.022474
0.003860,-0.027178,0.023498
0.006615,-0.023983,0.025633
0.001567,-0.010078,0.021483
-0.002411,0.010234,0.017374
-0.005329,0.028393,0.015390
-0.006252,0.033784,0.007969
-0.005142,0.018894,0.000393
-0.002110,-0.001364,-0.002961
-0.001125,-0.016264,-0.007372
0.000762,-0.023730,-0.008490
0.005530,-0.030165,-0.003232
0.008333,-0.029155,0.004248
0.004274,-0.022800,0.009654
0.002181,-0.014326,0.015118
0.001119,-0.002604,0.016305
0.000083,0.011311,0.010036
-0.005784,0.017770,0.003671
-0.004725,0.025240,0.002687
-0.004625,0.017817,-0.003774
0.001328,0.007206,-0.008204
0.004321,0.003989,-0.004004
0.002373,0.003978,-0.001884
0.003334,0.011425,0.001374
0.005282,0.018844,0.007844
0.005314,0.018801,0.013186
0.005325,0.021942,0.018599
0.002433,0.030452,0.020832
0.003414,0.034722,0.020865
-0.001444,0.029418,0.016556
-0.004335,0.021928,0.018635
-0.001404,0.010224,0.015310
0.000545,0.000683,0.007746
-0.000450,-0.009927,0.001218
-0.002449,-0.015236,-0.000988
-0.002502,-0.012016,-0.002053
-0.001557,0.002945,-0.004074
0.000444,0.015733,-0.001830
0.000503,0.025366,-0.007054
0.000598,0.018918,-0.002807
0.002619,0.008253,-0.003958
0.004582,0.001805,0.001334
0.004548,0.002818,0.008806
0.004479,0.004915,0.013104
0.004434,0.004938,0.011999
-0.000469,-0.005718,0.009779
-0.002454,-0.006730,0.003350
-0.003445,-0.007749,-0.003059
-0.005368,-0.006659,-0.006248
-0.007281,-0.005543,-0.015777
-0.001356,0.004065,-0.016754
-0.003219,0.017902,-0.013406
-0.000206,0.023207,-0.009098
0.003788,0.005044,-0.007102
0.006746,-0.013109,-0.005132
0.007628,-0.027033,0.003253
0.008485,-0.031341,0.009596
0.009277,-0.028199,0.017097
0.005187,-0.026082,0.021344
0.003061,-0.027111,0.018096
0.000977,-0.026005,0.013820
-0.003013,-0.015264,0.005362
-0.004015,0.004028,-0.004108
-0.006866,0.015800,-0.008278
-0.007746,0.024352,-0.013474
-0.006662,0.016870,-0.013506
-0.002604,0.000882,-0.016827
0.004273,-0.010883,-0.014765
0.005216,-0.016270,-0.008403
0.007141,-0.017329,-0.007388
0.007064,-0.014190,0.001169
0.006027,-0.014174,0.000082
0.004071,-0.022684,-0.003199
0.001084,-0.027959,-0.008631
-0.002864,-0.023638,-0.013960
-0.002861,-0.004460,-0.010584
-0.004784,0.018987,-0.009261
-0.000772,0.035011,-0.013357
-0.001576,0.033907,-0.012224
-0.003355,0.016777,-0.008034
0.002593,-0.013103,-0.010375
0.009427,-0.033360,-0.011639
0.008370,-0.037660,-0.006364
0.004345,-0.031219,-0.006411
0.005238,-0.017321,-0.005317
0.000283,0.002932,0.000140
0.001279,0.014651,0.003428
0.001336,0.011473,0.001248
0.001369,0.000752,0.004426
-0.001603,-0.013092,0.000051
0.002273,-0.022717,0.001073
0.001235,-0.024828,-0.002146
0.000163,-0.017384,0.000076
0.000080,-0.015236,-0.000987
0.002023,-0.009880,-0.004134
0.001045,-0.008805,-0.005188
0.000056,-0.013068,-0.007331
0.001021,-0.015248,-0.003047
-0.000932,-0.004545,-0.007221
-0.002873,0.021079,-0.008086
-0.002783,0.039246,-0.010092
-0.000655,0.041346,-0.006848
-0.001433,0.034982,-0.012232
0.000692,0.013636,-0.013450
0.004726,-0.000200,-0.016800
0.005767,-0.007684,-0.013686
0.005767,-0.010872,-0.013747
0.004786,-0.014104,-0.009513
0.006729,-0.014110,-0.006361
0.004719,-0.015181,-0.004267
0.005669,-0.007722,-0.001039
0.003696,0.009380,-0.004106
0.000826,0.025326,0.003508
-0.003021,0.033872,0.001464
-0.002857,0.032839,-0.003861
-0.003675,0.023201,-0.002809
-0.002609,0.007225,-0.009300
0.001352,-0.009856,-0.010468
0.002332,-0.021580,-0.012697
0.004246,-0.025842,-0.013793
0.002230,-0.025827,-0.012787
0.003146,-0.019441,-0.009554
0.003117,-0.014093,-0.009540
0.002131,-0.013008,-0.009578
0.000205,-0.007666,-0.010596
0.000216,0.004019,-0.004085
-0.000757,0.021040,0.001427
-0.000638,0.032799,-0.001667
0.001431,0.029578,-0.000596
-0.000389,0.015742,-0.004991
0.001675,-0.003443,-0.007304
-0.000286,-0.014099,-0.009525
0.001618,-0.026913,-0.008564
0.004518,-0.030060,-0.012919
0.004459,-0.024723,-0.012877
0.003446,-0.016233,-0.005360
0.000481,0.006204,-0.009425
0.000512,0.017865,-0.000761
0.000587,0.023232,-0.006028
-0.000265,0.016836,-0.007143
0.002777,-0.001292,-0.009421
0.001831,-0.011980,-0.007376
0.003760,-0.022637,-0.009596
0.004664,-0.026916,-0.007511
0.001638,-0.025852,-0.005402
-0.000419,-0.028022,-0.000100
0.003393,-0.026982,0.002073
0.004298,-0.015256,0.004296
-0.000650,-0.002467,0.005491
0.001314,0.018898,0.001429
0.001388,0.029514,0.006891
0.002442,0.025227,0.006906
0.003482,0.020960,0.006863
0.002557,0.013467,0.008952
0.004441,0.009175,0.012117
0.003422,0.004921,0.010997
0.004358,0.003806,0.016341
0.004321,0.008081,0.016362
0.002332,0.009136,0.017448
0.002289,0.010213,0.016384
0.002263,0.005942,0.015309
0.001270,0.004961,0.006712
-0.002616,0.004989,0.004548
-0.001671,0.010302,0.006740
-0.002645,0.017789,0.005711
-0.003595,0.027383,0.007913
-0.000596,0.027406,0.004716
0.000465,0.024192,0.005768
0.001507,0.017805,0.003581
0.001536,0.009242,0.004622
0.002497,-0.002473,0.001325
-0.000429,-0.012073,0.001233
-0.000505,-0.018486,0.002252
0.002335,-0.019585,0.005464
0.006186,-0.014304,0.009834
0.004185,0.006004,0.006782
0.005171,0.034791,0.008137
0.003314,0.063614,0.007304
0.000568,0.075350,0.008455
0.001764,0.073239,0.006286
0.002986,0.055082,0.010357
0.002121,0.033738,0.012272
0.003118,0.009214,0.010968
0.003080,-0.008911,0.011820
0.000039,-0.014234,0.011742
0.000903,-0.010997,0.007493
-0.002083,0.005010,0.007626
-0.006000,0.023115,0.009967
-0.002991,0.042367,0.001647
-0.004753,0.059418,0.002895
0.001297,0.059392,0.004009
-0.000458,0.047645,0.003935
0.000657,0.022057,0.000521
0.005619,0.000778,-0.006098
0.004633,-0.010943,-0.006244
0.002615,-0.018442,0.000045
0.001545,-0.023753,-0.001110
0.003414,-0.018380,-0.004300
0.002390,-0.009847,-0.003174
-0.000552,0.004038,-0.004135
-0.001529,0.011444,0.002371
-0.000551,0.017832,0.003507
-0.004361,0.021032,0.002494
-0.003287,0.021062,-0.001768
-0.003222,0.017820,0.001450
-0.002155,-0.000298,-0.000856
0.003761,-0.013051,-0.007376
0.005715,-0.009834,-0.008434
0.005699,-0.000259,-0.004094
0.005697,0.002943,-0.004068
0.003730,-0.007738,-0.004132
0.001771,-0.017345,-0.003162
0.000746,-0.017343,-0.002120
0.001641,-0.021673,0.005325
-0.002347,-0.012000,-0.001050
-0.001404,-0.005543,-0.006364
0.000591,0.008333,-0.006257
0.001633,0.024296,-0.001826
-0.000206,0.036048,-0.005947
0.002825,0.035998,-0.001633
0.001955,0.025313,-0.001688
0.003988,0.007116,0.003535
0.005945,-0.012069,0.001222
0.002930,-0.027035,0.004304
0.001817,-0.032374,0.005313
0.000672,-0.035606,0.009550
0.000576,-0.036574,-0.000131
0.001443,-0.020594,0.003210
-0.003497,0.008245,0.000245
-0.000547,0.033842,0.001544
0.000529,0.042397,-0.001569
-0.001243,0.039205,-0.003711
-0.000093,0.023257,-0.010275
-0.000945,0.017902,-0.008177
0.000125,0.012574,-0.009287
0.001131,0.002964,-0.006214
0.001204,-0.001271,-0.010522
0.003197,-0.001292,-0.007331
0.005161,0.001863,-0.001953
0.005139,0.001800,0.004485
0.009037,-0.005689,0.006565
0.004125,-0.005714,0.006629
0.003084,0.004948,0.007790
-0.001848,0.017728,0.010054
-0.002811,0.023058,0.010114
-0.003744,0.019861,0.010077
-0.001761,0.008128,0.008918
0.000177,-0.001448,0.006672
0.003084,-0.005714,0.006630
0.002073,-0.011028,0.005483
0.003965,-0.012083,0.006489
0.006843,-0.002466,0.006534
0.005802,0.004980,0.009798
0.003840,0.004982,0.008747
0.001862,0.002854,0.008713
-0.001093,-0.004618,0.006563
-0.004022,0.007145,0.002415
-0.006896,0.027455,-0.001688
-0.004864,0.036026,-0.005887
-0.005684,0.028544,-0.006966
-0.001642,0.012565,-0.011355
0.007246,-0.004516,-0.010435
0.008236,-0.007762,-0.005116
0.009157,-0.008825,-0.003044
0.007147,-0.002496,0.006615
0.004139,0.004968,0.008784
0.007042,0.012429,0.010962
0.004129,0.012435,0.010945
-0.001689,0.013516,0.008825
-0.007506,0.016801,-0.001823
-0.005455,0.020044,-0.007133
-0.003374,0.025408,-0.011346
-0.004240,0.017880,-0.007074
-0.000259,0.007229,-0.009307
0.003665,-0.007762,-0.004070
0.009466,-0.018494,0.002274
0.009355,-0.026021,0.009679
0.010182,-0.026050,0.014985
0.007050,-0.027127,0.018138
0.003939,-0.027142,0.021315
-0.001092,-0.020687,0.016003
-0.005090,-0.001447,0.011898
-0.010954,0.022073,0.006754
-0.009915,0.037072,-0.001640
-0.007763,0.037111,-0.008016
-0.006567,0.020051,-0.013426
0.000380,0.001911,-0.014626
0.004320,-0.014122,-0.011556
0.010143,-0.027996,-0.010622
0.013017,-0.034405,-0.006478
0.007009,-0.032296,-0.001163
0.006855,-0.026986,0.005222
0.006743,-0.019501,0.005243
0.003726,-0.006700,0.006410
-0.002133,0.008220,0.007631
-0.006997,0.031676,0.008928
-0.001074,0.046627,0.004841
-0.000871,0.043452,-0.001526
-0.001668,0.032788,-0.003728
0.000423,0.010375,-0.007043
0.001451,-0.008796,-0.011485
0.003375,-0.022673,-0.009499
0.005246,-0.030161,-0.004286
0.009037,-0.028042,-0.000045
0.007921,-0.032321,0.003083
0.005835,-0.028079,0.007370
0.003740,-0.018542,0.015994
-0.001232,0.004968,0.010876
-0.002211,0.031611,0.015375
-0.003131,0.038047,0.009067
-0.003987,0.033737,0.012277
-0.001936,0.012443,0.004649
0.002014,-0.009949,0.001279
0.002932,-0.023805,-0.000973
0.001872,-0.019534,0.000101
0.000820,-0.005650,0.001235
0.003724,0.000791,-0.001949
-0.000179,-0.003458,-0.004126
-0.000180,-0.007686,-0.008452
-0.002132,-0.007733,-0.003100
0.000756,0.000773,-0.001902
0.000773,0.010329,0.003535
0.003698,0.011319,0.010019
0.003712,0.010254,0.008960
0.002730,-0.002562,0.008879
0.004632,-0.008982,0.012007
0.001610,-0.015388,0.013008
0.003428,-0.019675,0.018251
0.002316,-0.027095,0.013873
0.001191,-0.026025,0.013874
0.001061,-0.011103,0.016136
-0.001000,0.005982,0.016252
0.000909,0.020896,0.017491
-0.002973,0.028396,0.014337
-0.000940,0.029507,0.006910
0.000131,0.022063,0.003645
0.000171,0.012451,0.004630
0.003132,-0.005659,0.001258
0.004103,-0.016310,-0.002022
0.001075,-0.020538,-0.004254
0.001981,-0.016224,-0.007473
0.000982,-0.007708,-0.005256
-0.002943,-0.007715,-0.005238
-0.000958,-0.006676,-0.004108
0.000045,-0.002408,-0.005117
0.000053,0.011455,-0.007067
0.001111,0.023184,-0.005898
0.000243,0.022116,-0.005905
0.002305,0.003995,-0.008201
0.004306,-0.017313,-0.010563
0.006180,-0.032268,-0.006468
0.005072,-0.038691,-0.002286
0.005900,-0.038670,-0.000248
0.003804,-0.030143,0.001940
0.001745,-0.014153,0.004210
-0.004146,0.001863,0.004321
-0.005098,0.014679,0.002309
-0.006009,0.018997,-0.006147
-0.001965,0.020036,-0.006067
-0.001869,0.010408,-0.007129
0.001126,-0.001335,-0.010353
0.003131,-0.006725,-0.005029
0.003106,-0.010982,-0.006139
0.004050,-0.014206,-0.001925
0.004995,-0.020569,-0.004175
0.002983,-0.031202,-0.007501
0.001943,-0.038665,-0.006535
0.005736,-0.047212,-0.004491
0.004623,-0.047171,-0.007733
0.003528,-0.037553,-0.007688
0.001483,-0.015168,-0.004300
-0.002443,0.014700,-0.001928
-0.000460,0.042431,-0.001659
0.002655,0.056286,-0.000449
0.004839,0.048808,-0.002581
0.000164,0.038157,-0.007953
0.000313,0.024244,-0.004827
-0.002545,0.008277,-0.011340
-0.001495,-0.007720,-0.011500
-0.000496,-0.017327,-0.011573
0.000474,-0.017285,-0.013773
0.000433,-0.016237,-0.011623
-0.000572,-0.006656,-0.007301
0.003338,0.000779,-0.004010
0.005321,0.013540,0.003534
0.005357,0.026358,0.004656
0.005406,0.036977,0.010110
0.005480,0.034830,0.011169
0.004598,0.024137,0.012182
0.002689,0.014583,0.005699
-0.000239,0.008145,0.008873
-0.003180,0.000678,0.008803
-0.001228,-0.003542,0.004459
-0.002231,-0.005690,0.006569
-0.003289,-0.006709,0.002250
-0.003317,-0.001347,0.000132
-0.001358,-0.000291,0.001218
0.005455,0.000792,0.001186
0.005447,-0.006688,0.000105
0.002474,-0.009915,0.001189
0.001459,-0.014192,0.003267
0.000472,-0.001310,-0.006238
0.000489,0.010409,-0.002950
-0.003369,0.016846,-0.007170
-0.004253,0.016835,-0.005051
-0.001234,0.010479,-0.009408
0.001789,-0.000232,-0.004165
0.003745,-0.007685,-0.005317
0.008590,-0.016279,0.002080
0.008521,-0.019483,0.003105
0.009393,-0.015261,0.008491
0.008300,-0.011016,0.011727
0.004308,-0.011057,0.013928
0.003229,-0.012159,0.015054
-0.001745,-0.008909,0.007634
-0.004742,0.009231,0.006743
-0.007637,0.027391,0.004755
-0.006564,0.041308,0.000570
-0.003516,0.047702,0.000647
-0.003327,0.034937,-0.003749
0.000740,0.015784,-0.010328
0.002789,0.007248,-0.010402
0.004799,0.002973,-0.009375
0.003875,0.002964,-0.008306
0.004883,-0.003457,-0.007268
0.003914,-0.010934,-0.006266
0.004883,-0.013111,-0.001990
0.001941,-0.002420,-0.001950
0.000955,0.013558,0.001398
0.002910,0.022063,0.004690
0.001017,0.022054,0.005759
0.000095,0.011381,0.005674
0.003047,0.012423,0.009930
0.006904,0.011370,0.010933
0.003984,0.001802,0.006574
0.000038,0.000763,0.003353
-0.001943,0.000754,0.004422
-0.001977,-0.005665,0.005457
-0.000047,-0.012055,0.003279
-0.001037,-0.019532,0.002189
-0.002103,-0.020585,-0.002040
-0.001123,-0.004495,-0.011534
-0.001062,0.017901,-0.010265
0.001960,0.033879,-0.006918
-0.001813,0.038219,-0.013343
0.000295,0.023263,-0.012380
0.000414,0.005148,-0.014694
-0.000488,-0.008725,-0.013763
0.003409,-0.011978,-0.006334
0.004342,-0.016254,-0.003212
0.005233,-0.010949,0.001095
0.003238,-0.006723,0.007515
0.007059,-0.012097,0.010707
0.005094,-0.008853,0.007487
0.002126,0.005055,0.001237
0.000169,0.015661,0.007770
-0.003707,0.026332,0.005769
-0.000685,0.034876,0.004776
0.000388,0.040194,0.006960
0.000483,0.030614,0.004723
-0.001377,0.019935,0.005700
0.000606,0.007158,0.001336
0.002548,-0.004559,-0.000910
0.004513,-0.008820,0.000080
0.002530,-0.009861,-0.001042
0.000527,-0.010952,0.002148
-0.000478,-0.014118,-0.001110
-0.000492,-0.002417,0.003270
-0.002431,0.012552,-0.000862
-0.000440,0.032807,-0.001686
-0.003253,0.039232,-0.005875
-0.002115,0.031755,-0.009055
-0.001949,0.020012,-0.010187
0.002060,0.005096,-0.013511
0.005037,-0.002372,-0.013577
0.006041,-0.004488,-0.011554
0.004067,-0.004532,-0.004118
0.006004,-0.006704,0.002238
0.007905,-0.013126,0.006418
0.009806,-0.013147,0.009609
0.005793,-0.002534,0.015081
0.000861,0.024138,0.014275
-0.003967,0.040122,0.015513
-0.000939,0.051867,0.012458
-0.000769,0.055107,0.007157
-0.004555,0.029497,0.005891
-0.003485,-0.005632,-0.002994
-0.002524,-0.036539,-0.006496
0.000248,-0.052482,-0.009935
0.002017,-0.059932,-0.007958
0.000856,-0.045030,-0.000415
-0.000262,-0.022633,0.001901
0.003559,-0.003469,0.006360
0.002545,0.008179,0.012967
0.001501,0.007061,0.016228
0.006370,0.009142,0.019524
0.004363,0.006945,0.024897
0.005274,0.006955,0.022781
0.004261,0.002751,0.015258
-0.000682,-0.001500,0.014127
-0.001705,-0.002485,0.006583
0.000263,-0.004559,0.002229
0.000227,-0.003465,-0.000969
0.001197,-0.000224,-0.006276
0.001191,0.014663,-0.001831
0.000259,0.023121,0.003677
-0.000654,0.023097,0.003740
0.001385,0.018841,0.001579
0.000467,0.007116,0.000401
0.003410,0.000775,-0.005045
0.002445,-0.004555,-0.005104
-0.000495,-0.005595,-0.006228
0.002431,-0.003433,-0.008376
0.004398,-0.001330,-0.004092
0.004401,-0.003481,-0.003022
0.005368,-0.002448,0.002304
0.004375,-0.001373,0.002295
0.003363,0.003897,0.009832
0.002354,0.013474,0.013121
0.000392,0.020930,0.013218
-0.001552,0.029457,0.012270
-0.001479,0.042278,0.010247
-0.002386,0.057195,0.013569
-0.000302,0.063579,0.015762
0.003775,0.059302,0.015748
0.004856,0.048608,0.018857
0.005912,0.028359,0.016526
0.007888,-0.006872,0.018360
0.005849,-0.031383,0.015978
0.005660,-0.042053,0.015885
0.001529,-0.042033,0.014789
-0.002561,-0.021735,0.012807
-0.006557,0.004965,0.008792
-0.006602,0.025193,0.013268
-0.003677,0.022014,0.007954
0.000313,0.007087,0.003614
0.003249,-0.005760,0.007799
0.008070,-0.017522,0.009850
0.007914,-0.019655,0.010876
0.006807,-0.021800,0.014025
0.004706,-0.017525,0.015090
0.001658,-0.022843,0.013950
-0.002352,-0.016377,0.008611
-0.007311,-0.011014,0.006492
-0.003460,0.002907,-0.000836
-0.004434,0.012461,0.004602
-0.002438,0.014647,-0.002836
-0.001384,0.017839,-0.002783
0.000670,0.017851,-0.003861
0.000712,0.021029,-0.001681
0.005648,0.014621,0.000370
0.004706,0.008232,0.001329
0.003750,-0.013086,0.000041
0.001758,-0.023797,0.005282
-0.001290,-0.032303,0.001991
0.000526,-0.047245,-0.000219
0.001390,-0.036594,0.000969
-0.000674,-0.006755,0.005509
0.001243,0.020982,0.004718
0.003263,0.035939,0.002706
0.004364,0.035931,0.003774
0.004482,0.023137,0.002590
0.007454,0.011403,0.002481
0.006466,0.006037,0.007742
0.005417,-0.001425,0.007657
0.005340,-0.005732,0.012953
0.002354,-0.005711,0.010807
-0.000639,-0.008899,0.010746
-0.002669,-0.011071,0.013963
-0.006643,-0.001444,0.008756
-0.003715,0.008220,0.001358
-0.001701,0.020988,0.004702
0.003236,0.032717,0.005870
0.001380,0.033772,0.006957
0.002460,0.028423,0.007993
0.007344,0.015598,0.011074
0.008277,-0.011140,0.017280
0.006180,-0.033572,0.021332
0.011801,-0.038937,0.025548
0.006644,-0.037861,0.024490
0.003493,-0.034663,0.024524
-0.001580,-0.023946,0.018218
-0.006576,-0.012197,0.016199
-0.007602,0.015608,0.006864
-0.008519,0.039135,0.001702
-0.009359,0.044477,0.000684
-0.006282,0.032750,-0.001536
0.002669,0.008278,-0.010297
0.009533,-0.018493,0.003318
0.009386,-0.032346,0.003149
0.011174,-0.022759,0.010595
0.006133,-0.005715,0.016045
0.003068,-0.002571,0.021450
0.003992,-0.013222,0.019217
0.000988,-0.024924,0.012750
-0.006884,-0.018457,0.003223
-0.008902,-0.000281,-0.001944
-0.010890,0.015735,-0.003925
-0.003945,0.017898,-0.008165
0.001059,0.002961,-0.009346
0.005018,-0.006649,-0.007319
0.004008,-0.004549,-0.003029
0.008811,-0.000302,0.002293
0.005865,0.007149,0.005540
0.003872,-0.000315,0.003372
0.001918,-0.014181,0.004284
-0.003035,-0.024832,0.001005
-0.005069,-0.030155,-0.000118
-0.001222,-0.025850,-0.004360
0.002663,-0.016259,-0.004246
-0.000288,0.000804,-0.003027
-0.000274,0.021109,-0.007118
0.003744,0.037130,-0.009113
0.002939,0.033912,-0.007003
0.004080,0.012596,-0.011434
0.006084,-0.013035,-0.007416
0.006053,-0.031207,-0.004351
0.004920,-0.041923,0.001952
0.005714,-0.046224,0.006185
0.006489,-0.044177,0.014795
0.004356,-0.034584,0.014906
0.003214,-0.017527,0.015093
-0.001778,0.007046,0.012085
-0.001783,0.031592,0.011242
-0.003633,0.039127,0.004860
-0.004493,0.029559,0.000502
-0.001473,0.010342,0.000362
-0.001482,-0.013161,0.002325
0.003343,-0.033436,0.001109
0.005158,-0.045194,0.004199
0.002041,-0.042004,0.007394
0.002841,-0.028169,0.012834
0.003706,-0.003622,0.013033
0.001702,0.020894,0.016450
0.000711,0.037967,0.017642
0.001758,0.036908,0.016569
0.000841,0.027310,0.015426
-0.001106,0.010245,0.014211
-0.001134,-0.005773,0.014105
-0.000247,-0.021790,0.016091
0.002554,-0.030300,0.012809
0.001455,-0.028143,0.011723
0.002297,-0.021707,0.009599
0.002215,-0.010966,0.002185
0.000289,0.017900,-0.003986
-0.003462,0.056359,-0.012142
-0.002253,0.076615,-0.014014
-0.001922,0.074532,-0.023578
-0.003520,0.054280,-0.027991
-0.005203,0.032924,-0.028134
0.001814,0.014764,-0.026146
0.004844,-0.000207,-0.020961
0.007816,-0.006647,-0.014643
0.008803,-0.009864,-0.010446
0.008767,-0.009934,0.000196
0.005773,-0.015278,0.003309
0.002809,-0.016295,0.000031
0.002817,-0.009875,0.000041
-0.001143,0.002916,0.002278
-0.007938,0.015764,-0.002956
-0.008858,0.019005,-0.009307
-0.008707,0.006240,-0.017886
-0.009562,-0.009785,-0.017973
-0.007564,-0.025740,-0.024517
0.000255,-0.034299,-0.021395
0.007039,-0.035384,-0.019265
0.008903,-0.034354,-0.011839
0.005927,-0.038602,-0.011928
0.006808,-0.037557,-0.008723
0.005737,-0.034346,-0.006632
0.004680,-0.027938,-0.006591
0.003645,-0.014130,0.001014
-0.002246,0.005119,-0.005204
-0.000245,0.018940,0.000275
0.001800,0.029604,-0.001707
-0.003933,0.026386,-0.000646
-0.001851,0.012575,-0.008244
0.001171,-0.005564,-0.009447
0.003139,-0.021561,-0.009607
0.004073,-0.035342,-0.018328
0.003047,-0.039584,-0.020526
0.003008,-0.023563,-0.020427
-0.000892,-0.001167,-0.017066
0.001106,0.019080,-0.015777
-0.000685,0.036135,-0.015582
0.000471,0.038231,-0.013376
0.001619,0.031836,-0.018679
0.002777,0.016841,-0.013429
0.001935,0.005117,-0.015657
0.001018,-0.000191,-0.017865
0.002055,-0.002328,-0.014739
-0.000833,-0.004413,-0.018022
0.000216,-0.001201,-0.018025
0.002259,-0.004374,-0.018124
0.003295,-0.013963,-0.020336
0.003328,-0.022512,-0.019331
0.003310,-0.025747,-0.016132
0.004294,-0.006530,-0.018086
0.003385,0.018974,-0.006086
0.001494,0.041322,-0.000510
0.000652,0.045576,0.000610
0.001793,0.033848,-0.000561
0.000971,0.016801,-0.004959
0.000083,0.001884,-0.008278
0.002065,-0.005571,-0.008381
0.003013,-0.006639,-0.007343
0.002992,-0.007747,-0.002017
0.003940,-0.015207,-0.002103
0.005865,-0.018438,0.000036
0.001874,-0.012055,0.002233
0.001815,0.000736,0.004470
0.002769,0.008173,0.007755
0.000847,0.014588,0.005685
-0.002978,0.022064,0.005734
-0.000999,0.026348,0.002590
-0.001896,0.025291,0.001510
0.000160,0.021088,-0.007064
0.000259,0.009350,-0.008207
0.000323,-0.001294,-0.009413
0.004259,-0.004464,-0.012661
0.003331,-0.001286,-0.008389
0.001365,0.001893,-0.006213
0.004286,-0.001312,-0.004136
0.004335,0.000780,0.000174
0.001383,0.001835,0.001260
0.002377,0.002907,0.000210
0.003336,-0.004575,0.000179
0.005293,-0.014142,-0.003136
0.004279,-0.020562,-0.002099
0.004210,-0.014156,-0.002056
0.001240,-0.002453,0.002319
-0.001711,0.016755,0.002482
-0.001682,0.031722,-0.000599
0.001414,0.032825,-0.004869
0.000570,0.026429,-0.005987
-0.001283,0.015752,-0.006062
-0.002204,0.002938,-0.005101
0.001710,-0.011992,-0.007344
0.003638,-0.026908,-0.009624
0.002606,-0.024813,-0.004274
0.003476,-0.023741,-0.003233
0.004396,-0.023745,-0.002173
0.001413,-0.020557,-0.000020
-0.000608,-0.017326,-0.003207
0.000340,-0.016289,0.000016
0.001262,-0.017318,-0.005322
0.000270,-0.011998,-0.005235
0.000276,-0.005578,-0.007317
0.001262,0.003991,-0.004009
-0.001679,0.006104,-0.003936
0.000316,0.003952,-0.001816
0.002342,0.003990,-0.006097
-0.000560,0.017902,-0.009223
0.001499,0.031759,-0.005928
0.000647,0.039246,-0.004865
0.003713,0.026450,-0.006041
0.004849,0.012621,-0.009409
0.006889,-0.006600,-0.007445
0.006855,-0.015162,-0.004314
0.008747,-0.019447,-0.003262
0.006715,-0.019472,-0.001106
0.005668,-0.009923,0.004351
0.000728,0.006023,0.009873
-0.002215,0.023072,0.010080
-0.004107,0.025239,0.003738
-0.003030,0.022046,0.001599
-0.003916,0.018910,-0.006966
-0.004822,0.014656,-0.008086
0.000128,0.010367,-0.004931
0.003069,-0.001370,-0.003987
0.005018,-0.007773,-0.000903
0.004953,-0.009926,0.003312
0.007819,-0.011008,0.005432
0.008726,-0.002537,0.014044
0.006697,0.004910,0.018349
0.002756,0.009207,0.014128
-0.001180,0.009240,0.010903
-0.002134,0.003906,0.008763
-0.003106,-0.009926,0.003312
-0.002124,-0.020567,-0.002087
-0.003135,-0.020558,-0.003156
-0.001203,-0.007679,-0.011607
-0.001222,0.002987,-0.010456
0.001765,0.011543,-0.012528
0.002813,0.017893,-0.007107
0.001926,0.021050,-0.001733
0.004885,0.021022,0.000432
0.000062,0.030609,0.001602
0.003061,0.040222,0.001658
0.000266,0.038084,0.002699
0.000370,0.023156,0.001496
0.002406,0.007145,0.002417
0.001446,-0.012054,0.002232
0.003354,-0.027992,-0.004358
0.005258,-0.029063,-0.002265
0.003188,-0.022646,-0.002249
0.003133,-0.013036,-0.002183
0.002131,-0.001318,0.000061
0.001188,0.008269,-0.000861
0.000231,0.007171,0.000256
0.000275,0.007177,-0.002896
-0.001651,0.009288,-0.001773
-0.002600,0.016739,0.000431
-0.003556,0.017799,0.002552
0.003317,0.007128,0.004553
0.005271,-0.002465,0.004441
0.002304,-0.007784,0.004354
0.004178,-0.017389,0.005321
0.003092,-0.014217,0.010653
0.002042,-0.015245,0.004269
0.001971,-0.013167,0.010707
-0.000994,-0.001443,0.010843
-0.002014,0.003898,0.008783
-0.000077,0.006042,0.006685
0.001919,0.012415,0.008908
0.004854,0.008128,0.011011
0.008726,-0.001533,0.016308
0.009605,-0.017525,0.015089
0.010441,-0.027147,0.020286
0.009263,-0.026032,0.015985
0.002255,-0.015336,0.014963
0.000188,0.004893,0.021531
-0.005751,0.022001,0.016355
-0.005760,0.026266,0.015356
-0.008635,0.024149,0.011110
-0.007606,0.014550,0.008925
-0.000750,-0.002506,0.005596
0.001179,-0.021678,0.001157
0.002096,-0.027022,0.003226
0.002953,-0.019525,0.002173
0.003832,-0.003544,0.007604
0.004767,0.006063,0.006630
0.001834,-0.001383,0.003366
0.002838,-0.016307,0.001108
0.002798,-0.023738,-0.004285
0.000772,-0.013066,-0.004195
-0.003148,0.006103,-0.000795
-0.005105,0.019992,-0.003859
-0.003048,0.024260,-0.004868
-0.001921,0.025337,-0.005930
0.002064,0.023194,-0.004878
0.007065,0.014647,-0.003880
0.007125,0.011448,-0.001821
0.006170,0.008227,0.000294
0.006191,0.008220,0.002404
0.007190,0.002874,0.003434
0.007195,0.000739,0.003417
0.003271,-0.006722,0.002285
-0.001665,-0.007802,0.003355
-0.001727,-0.005690,0.004477
-0.003692,0.008207,0.002438
-0.003702,0.024185,0.004741
-0.003661,0.035962,0.000557
-0.003531,0.034884,0.000576
-0.002404,0.035945,0.003736
0.000646,0.031725,-0.000607
0.003687,0.027465,-0.000668
0.004725,0.015737,0.000254
0.005760,0.001891,-0.000977
0.007694,-0.003453,0.000045
0.006661,-0.007804,0.010681
0.007538,-0.015296,0.012766
0.004535,-0.020625,0.008522
0.001560,-0.013146,0.005426
-0.003421,-0.004668,0.010881
-0.003455,0.001766,0.004576
-0.008334,0.001797,-0.000731
-0.008299,-0.007803,-0.001870
-0.005388,-0.023767,-0.005254
0.005275,-0.040853,-0.004320
0.007085,-0.050425,-0.004485
0.007880,-0.040828,-0.000204
0.006715,-0.024879,0.009493
0.006554,-0.013202,0.017073
0.004456,-0.004747,0.025725
0.002408,-0.003665,0.020469
-0.000547,0.006989,0.021647
-0.001610,0.020832,0.022887
-0.006513,0.019770,0.019727
-0.005488,0.003814,0.013187
0.000401,-0.012132,0.005573
0.003312,-0.018484,0.001205
0.002262,-0.016317,0.000089
0.001196,-0.001333,-0.000949
0.001154,0.010374,0.003417
0.006056,0.012509,0.004479
0.008059,0.002899,0.004414
0.005095,-0.001372,0.003340
0.003085,0.001769,0.010846
-0.002856,0.003847,0.014147
-0.006771,0.003866,0.010959
0.000040,0.003879,0.008833
0.001041,0.013540,0.001444
-0.001833,0.023184,-0.002760
-0.001734,0.025336,-0.004881
0.000327,0.013635,-0.009260
0.003357,0.000823,-0.009350
0.006311,-0.010916,-0.008402
0.007213,-0.015233,-0.000990
0.007115,-0.014219,0.004387
0.006061,-0.011082,0.011902
0.002063,-0.011069,0.013961
-0.000993,-0.017489,0.014999
-0.005980,-0.015282,0.007505
-0.001142,0.000721,0.009739
0.000746,0.003931,0.008697
-0.000217,-0.002443,0.005432
-0.002194,-0.018426,0.003143
-0.002271,-0.026947,0.000939
0.001517,-0.019536,0.008477
0.005335,-0.006787,0.015006
0.009144,0.002762,0.018367
0.007123,0.002726,0.019508
0.005107,-0.003719,0.022702
0.004013,-0.009065,0.023730
0.003874,-0.006948,0.025885
0.004709,-0.011190,0.023687
0.002596,-0.012257,0.024720
0.001505,0.000577,0.022663
-0.000535,0.008125,0.016248
-0.001550,0.011373,0.011971
-0.002516,0.009285,0.006601
-0.001511,0.001845,0.002278
-0.001523,0.003946,0.004475
-0.001542,0.009308,-0.001823
-0.000548,0.011354,0.006792
0.001422,0.004951,0.003599
0.002429,-0.003584,0.002480
0.002434,-0.004625,-0.000735
0.001393,-0.004604,-0.000791
0.002356,-0.006688,-0.004077
-0.000614,-0.010941,-0.004153
0.000367,-0.013025,-0.007439
0.000353,-0.008762,-0.004250
0.003259,-0.005527,-0.007450
0.001308,-0.000229,-0.004170
0.000349,0.002915,0.001235
0.002288,-0.001389,0.003384
0.002331,0.000748,0.000258
0.001363,0.013567,-0.000715
0.001401,0.021002,0.002577
-0.000511,0.009257,0.001447
-0.000471,-0.006678,-0.006194
-0.000456,-0.015190,-0.007379
0.000485,-0.016246,-0.006372
0.000438,-0.010895,-0.006365
0.000419,-0.010886,-0.007434
0.001430,-0.004472,-0.009502
0.002468,0.005154,-0.012616
0.001561,0.010448,-0.007232
0.004546,0.009391,-0.009359
0.002699,0.006205,-0.012564
0.001805,0.006182,-0.009367
0.002805,0.006152,-0.005104
-0.000083,0.000854,-0.009429
0.004845,-0.001296,-0.008363
0.007798,-0.005569,-0.008387
0.004880,-0.002353,-0.010490
0.000999,0.002956,-0.008284
0.000033,-0.001370,-0.002940
-0.001005,-0.018426,-0.006269
0.001935,-0.035501,-0.006409
0.002894,-0.018384,-0.010561
-0.002014,0.019983,-0.002789
-0.001983,0.045595,-0.001532
0.000132,0.048815,-0.002599
0.001339,0.033913,-0.007008
0.002478,0.018987,-0.008213
0.006470,0.009361,-0.005099
0.002590,0.009364,-0.005108
0.005554,0.007220,-0.004053
0.005596,0.006151,-0.005103
0.002731,0.005072,-0.002992
-0.004134,-0.001410,0.004482
-0.003215,-0.028120,0.005390
0.003541,-0.046158,-0.007582
0.007366,-0.028035,-0.004244
0.002382,-0.000335,0.005519
0.003292,0.017816,0.004599
0.000437,0.024237,0.001469
-0.000412,0.018944,-0.003916
-0.001285,0.010441,-0.008258
-0.000262,0.000823,-0.006213
0.000734,-0.004488,-0.009460
0.002704,-0.003387,-0.012676
0.002776,0.013660,-0.008281
-0.001070,0.017900,-0.005032
0.000916,0.008279,-0.002979
0.001969,-0.001317,-0.005172
0.001991,-0.007731,-0.004150
0.001992,-0.012004,-0.004174
0.002909,-0.014217,0.003333
0.003832,-0.012089,0.003368
0.006727,-0.006721,0.000191
0.007707,0.009264,0.003521
0.008642,0.017766,0.008912
0.001824,0.016757,0.001432
-0.002015,0.014654,-0.000759
0.005861,0.010375,0.000277
0.000991,0.006106,0.000244
-0.002880,0.012553,-0.006092
-0.006736,0.021058,-0.001754
-0.005671,0.028567,-0.007022
-0.001620,0.029661,-0.011270
0.000513,0.032892,-0.013410
0.004590,0.032890,-0.014450
0.002784,0.028578,-0.008097
0.004853,0.021139,-0.009287
0.004943,0.015797,-0.006176
0.004998,0.011514,-0.003039
0.005036,0.004021,-0.000950
0.006004,-0.000259,0.001137
0.007948,-0.003509,0.006465
0.005950,-0.004610,0.009683
0.005880,-0.013190,0.012859
0.002868,-0.022716,0.001071
-0.000095,-0.009915,0.000147
-0.006957,0.023123,0.004717
-0.009902,0.044473,0.001740
-0.007747,0.043468,-0.005751
-0.004600,0.022125,-0.006975
0.001374,-0.000243,-0.010407
0.004313,-0.024800,-0.008487
0.004252,-0.030121,-0.008571
0.006062,-0.031203,-0.004359
0.005976,-0.023758,-0.001093
0.005873,-0.020612,0.005353
0.003847,-0.020570,-0.001034
-0.000092,-0.009945,0.003359
-0.004968,0.013568,-0.001766
-0.006867,0.032806,-0.005865
-0.004739,0.031797,-0.013344
-0.001631,0.017959,-0.017735
-0.000497,0.001970,-0.021054
0.003472,-0.016194,-0.016965
0.004421,-0.031139,-0.016031
0.007295,-0.042863,-0.016167
0.009204,-0.033240,-0.016132
0.003290,-0.013013,-0.009563
0.002257,0.017911,-0.005061
0.000342,0.032788,-0.000589
0.001460,0.021032,-0.000642
0.005508,-0.000254,-0.008288
0.002660,-0.010892,-0.013695
-0.003224,-0.002409,-0.005116
-0.003260,0.012578,-0.009297
-0.004185,0.028587,-0.008122
0.000869,0.030725,-0.008114
0.003958,0.014716,-0.007196
0.005033,-0.006619,-0.008440
0.006000,-0.023666,-0.012838
0.004960,-0.031190,-0.005439
0.005857,-0.020518,-0.006398
0.004844,0.007206,-0.002972
0.001976,0.038133,-0.000568
0.000120,0.057306,0.002822
-0.002614,0.044517,-0.000465
0.000519,0.015774,-0.009254
0.000618,-0.003436,-0.009412
-0.000348,-0.010884,-0.010577
0.001571,-0.002326,-0.011607
0.003530,0.006150,-0.003009
0.005503,0.007207,-0.000882
0.005555,0.002929,0.000154
0.006525,-0.000307,0.003353
0.005541,-0.006750,0.007588
0.004492,-0.003530,0.003384
0.001584,0.008191,0.004573
0.000618,0.027399,0.003690
-0.002262,0.038070,0.003780
-0.004056,0.034899,-0.000511
-0.001962,0.024265,-0.003835
-0.000893,0.014703,-0.009253
0.001107,0.005043,-0.002914
0.004986,0.000766,-0.000837
0.007903,0.000761,0.002314
0.006902,0.006054,0.009791
0.005886,0.004947,0.014070
0.005815,-0.000423,0.017253
0.004739,-0.007938,0.020444
0.002665,-0.021807,0.018227
-0.001330,-0.011146,0.017298
-0.003350,0.012376,0.013196
-0.006300,0.034814,0.010168
-0.004232,0.052972,0.009231
-0.001158,0.045578,0.001650
0.000987,0.023229,-0.004972
0.005991,0.002958,-0.004104
0.004971,-0.014082,-0.008520
0.001968,-0.021554,-0.007533
0.004841,-0.021573,-0.004345
0.006723,-0.015211,0.001041
0.004734,0.008239,0.004447
0.001808,0.029527,0.009998
0.001858,0.048726,0.010183
-0.001908,0.050874,0.005982
-0.002692,0.042366,0.001651
-0.002512,0.027422,0.000492
0.001463,0.003945,-0.000750
0.002410,-0.014182,-0.003032
0.006280,-0.026991,-0.003131
0.003242,-0.022731,0.000067
0.004097,-0.017424,0.005415
0.007923,-0.014214,0.006465
0.005873,-0.013192,0.010775
0.001869,-0.014219,0.006478
0.001830,-0.000307,0.002310
-0.000116,0.022007,0.013203
-0.004050,0.043351,0.013377
-0.004921,0.051904,0.009228
-0.006687,0.049815,0.002817
-0.005512,0.039183,-0.002605
-0.001456,0.031707,-0.002654
0.003527,0.025345,-0.005949
0.003635,0.024309,-0.008131
0.000793,0.024291,-0.004949
0.001836,0.010427,-0.004042
0.006776,-0.004485,-0.006332
0.008737,-0.015150,-0.005391
0.008685,-0.027985,-0.001236
0.006615,-0.033365,0.003015
0.005481,-0.046198,0.004025
0.006295,-0.047302,0.007250
0.003191,-0.036621,0.003134
-0.001800,-0.011093,0.012978
-0.006742,0.017776,0.006797
-0.002841,0.029512,0.005856
-0.004703,0.025273,0.001558
-0.003632,0.006083,0.000305
0.001269,-0.017375,-0.000988
0.004163,-0.029076,-0.004321
0.004992,-0.033353,-0.001197
0.006838,-0.021586,-0.002220
0.005794,-0.006705,0.005380
0.004778,-0.005689,0.010750
