-0.001429,0.013797,-0.002548
-0.000382,0.008492,-0.005784
-0.001339,0.004205,-0.003672
-0.004192,0.016070,0.003786
-0.003070,0.027797,0.004956
-0.001913,0.023476,0.010231
0.001166,0.015013,0.002715
0.001243,0.007589,-0.001552
0.006114,-0.005217,-0.001657
0.009867,-0.012801,-0.093700
-0.005972,-0.039222,-0.525747
0.000270,-0.068988,-0.536521
0.007073,-0.031086,-0.077785
0.003037,0.001063,0.009937
-0.007761,0.001114,0.007032
-0.007720,-0.015995,0.010024
-0.006338,-0.031016,0.018401
-0.005871,-0.033224,0.025817
-0.003158,-0.037490,0.024671
0.004186,-0.034313,0.026787
0.007014,-0.033152,0.017198
0.009406,-0.031927,0.001272
0.007663,-0.023345,-0.002913
0.009318,-0.013709,-0.006012
0.008974,-0.003008,-0.009094
0.007284,0.009756,-0.004717
0.004459,0.031184,-0.013047
0.000495,0.048131,-0.000166
0.001347,0.059818,0.005233
0.000352,0.065123,0.008477
0.004126,0.059769,0.010580
0.005749,0.039558,0.004043
0.007313,0.013964,0.001707
0.004839,-0.007346,-0.001656
0.003343,-0.021120,-0.011334
0.000826,-0.026403,-0.016693
-0.000664,-0.021100,-0.013491
-0.003807,-0.011518,-0.011292
-0.001902,-0.003052,-0.004885
-0.004696,0.005462,-0.002709
-0.004388,0.007567,0.000478
-0.001079,0.009627,0.007937
0.001232,0.009593,0.011128
0.003471,0.012830,0.008015
0.003617,0.008588,0.005889
0.002740,0.009688,0.002729
0.001767,0.007559,0.002766
0.002804,0.003324,-0.000427
0.001818,-0.004144,-0.000500
0.001721,-0.010505,-0.004814
0.003456,-0.016857,-0.010217
0.001260,-0.019025,-0.007073
-0.003835,-0.016897,-0.007095
-0.001118,-0.020141,-0.002886
-0.001275,-0.019071,-0.002899
-0.002339,-0.013722,-0.003878
-0.000402,-0.009503,0.000398
-0.000342,-0.013727,-0.003856
-0.000295,-0.011643,0.001474
0.001719,-0.018025,-0.000711
0.005697,-0.011620,-0.000656
0.003749,-0.014822,-0.000690
0.001752,-0.017982,-0.004969
-0.000282,-0.014770,-0.005995
-0.001375,-0.006255,-0.003798
-0.000475,-0.003075,-0.001655
0.001428,0.005487,-0.003690
-0.000512,0.010769,0.001648
0.000479,0.015053,0.000658
0.002510,0.011893,-0.003621
0.004501,0.003330,-0.001572
0.003532,-0.006252,-0.003771
0.004411,-0.016827,-0.013427
0.002249,-0.017883,-0.014498
0.001068,-0.022217,-0.008154
-0.000112,-0.019006,-0.009194
-0.005137,-0.008333,-0.009094
-0.004230,0.002274,-0.002649
-0.007095,0.014965,0.009140
-0.003983,0.015978,0.014447
-0.002762,0.015911,0.020814
-0.000625,0.004162,0.021773
0.002342,-0.012866,0.017386
0.006176,-0.025563,0.006691
0.007985,-0.032971,0.000247
0.007743,-0.031830,-0.007185
0.008526,-0.026410,-0.015633
0.007346,-0.017854,-0.017708
0.004299,-0.013540,-0.021916
0.000315,-0.012494,-0.019785
-0.001711,-0.011428,-0.019775
-0.002711,-0.001962,-0.005898
-0.004654,0.009721,-0.000476
-0.006541,0.019305,0.001737
-0.003515,0.022384,0.014530
0.000519,0.014916,0.014486
0.002540,-0.004237,0.009048
0.002489,-0.025591,0.009909
0.002342,-0.038324,0.002356
0.001126,-0.036172,0.000204
0.000880,-0.028734,0.003438
0.000727,-0.015951,0.005651
-0.000328,-0.009562,0.006777
-0.002301,-0.012773,0.007830
-0.000355,-0.014969,0.014177
-0.000344,-0.014883,0.005703
0.002604,-0.012779,0.008911
0.001661,-0.002066,0.004739
0.001684,0.010740,0.004844
0.005634,0.021496,-0.003565
0.003783,0.026795,-0.000355
0.004953,0.033219,-0.002421
0.002192,0.029005,-0.007757
0.001324,0.020459,-0.006750
0.002321,0.007654,-0.006855
-0.001617,0.001282,-0.010114
-0.001741,-0.001986,-0.003775
-0.002806,0.002251,-0.000555
-0.004806,0.011826,0.002725
-0.002786,0.019283,0.003824
0.000277,0.021419,0.003834
0.001426,0.020288,0.010191
0.000643,0.025646,0.008137
0.003769,0.019255,0.007027
0.002933,0.011880,-0.002566
0.006892,0.004433,-0.004732
0.005912,-0.001946,-0.006918
0.004852,-0.006195,-0.009098
0.002756,-0.009290,-0.019743
-0.000292,-0.006112,-0.017614
-0.003278,0.004526,-0.014359
-0.002330,0.007697,-0.011134
-0.002318,0.005549,-0.010091
-0.001350,-0.000992,0.003653
-0.001337,-0.007414,0.005733
-0.002332,-0.011651,0.002506
0.001516,-0.009544,0.005734
0.000516,-0.003067,-0.001637
0.001487,0.002293,-0.003699
0.001511,0.001160,0.002630
0.000559,0.001211,-0.002681
0.000570,-0.002022,0.000488
0.001548,-0.005244,0.002582
0.001521,-0.008487,0.006818
-0.003371,-0.003185,0.010042
-0.000416,0.004287,0.010128
-0.001338,0.011780,0.008049
-0.001258,0.015994,0.013377
0.002760,0.012800,0.012282
0.004825,0.005360,0.009013
0.007761,-0.007369,0.001467
0.007698,-0.015852,-0.003913
0.006578,-0.023261,-0.010329
0.005385,-0.016815,-0.014510
0.002353,0.000250,-0.013301
-0.001595,0.006656,-0.013210
-0.003497,0.013006,-0.007828
-0.004377,0.014010,-0.001439
-0.003354,0.002273,-0.001549
-0.002351,-0.000994,0.004768
-0.000405,-0.004209,0.005774
-0.000445,-0.007402,0.004657
-0.000502,-0.004214,0.005698
0.001414,-0.002087,0.006819
0.003322,-0.004146,-0.000635
0.006221,-0.007292,-0.005947
0.007167,-0.009426,-0.005965
0.004203,-0.009382,-0.010182
0.000249,-0.008336,-0.008050
0.000146,-0.011504,-0.011247
-0.002848,-0.008349,-0.007003
-0.000010,-0.012703,0.001441
-0.000100,-0.014849,0.002477
0.001753,-0.014818,-0.000727
0.001657,-0.009502,0.001462
0.004517,-0.008411,-0.000616
0.006421,-0.005186,-0.002690
0.003455,-0.011566,-0.004854
0.002419,-0.011545,-0.006976
0.001358,-0.012560,-0.012311
-0.001676,-0.009423,-0.005924
-0.002707,-0.002030,0.001541
-0.008544,0.002228,0.002639
-0.005600,0.008567,0.009039
-0.003580,0.011751,0.010145
0.001395,0.011729,0.012253
0.000504,0.009665,0.005873
0.003504,0.000084,0.003695
0.006443,-0.012719,0.003597
0.006348,-0.021191,-0.002837
0.005216,-0.027558,-0.006063
0.005028,-0.033971,-0.005058
0.001886,-0.036099,-0.006158
-0.001271,-0.028545,-0.014601
-0.001465,-0.021134,-0.009258
-0.000620,-0.015841,-0.004974
-0.000713,-0.012603,-0.008124
-0.000752,-0.003051,-0.002721
-0.000739,0.003318,0.000547
0.001244,0.004355,0.003760
0.000307,0.004365,0.002699
0.001350,0.003285,0.003730
0.000401,0.000140,-0.001582
0.002310,-0.004142,-0.000600
0.001298,-0.005264,0.004689
-0.001652,0.006516,0.000533
-0.001638,0.011902,-0.004745
0.000373,0.015061,-0.000473
0.000465,0.013977,0.001659
0.000547,0.006521,0.000567
0.002526,0.002286,-0.002632
0.002519,-0.003060,-0.001618
0.003490,-0.001938,-0.006936
0.002491,-0.000840,-0.010130
0.002461,0.004461,-0.006921
-0.001439,0.014053,-0.005790
-0.001350,0.020413,-0.001454
-0.002209,0.019295,0.003869
0.000846,0.011807,0.005939
0.000884,-0.005254,0.004757
0.002785,-0.018029,0.001469
0.000708,-0.029767,0.001367
0.001502,-0.034092,0.006600
0.001286,-0.034029,0.000227
0.000103,-0.028684,-0.000815
-0.002961,-0.019134,0.004560
-0.001081,-0.010582,0.002507
-0.001083,-0.001009,0.005781
-0.001993,0.002207,0.004746
0.000993,0.002210,0.004781
0.002979,-0.002059,0.004751
0.004926,-0.010533,-0.001696
0.006795,-0.015835,-0.004941
0.006679,-0.010448,-0.010234
0.003665,-0.000837,-0.011245
0.001695,0.014072,-0.007918
-0.000177,0.026869,-0.006753
-0.002947,0.028953,-0.001388
-0.002788,0.024675,-0.000329
-0.002644,0.010741,0.005951
0.001297,0.003312,0.001635
0.002271,0.000086,0.003680
-0.000660,0.005474,-0.001592
-0.003585,0.015023,0.003769
-0.000591,0.015020,0.003756
0.001458,0.017144,0.004835
0.003526,0.012858,0.006962
0.002649,0.009742,-0.001554
0.003664,0.006531,-0.000500
0.000812,0.010758,0.003795
0.000890,0.010767,0.002713
-0.000987,0.007534,0.005861
0.000991,0.000089,0.003665
0.001960,-0.004160,0.001478
0.000928,-0.007365,0.001451
0.004758,-0.009445,-0.003866
0.002736,-0.003011,-0.006993
0.002712,0.007652,-0.005811
0.002744,0.010855,-0.005776
0.002805,0.010846,-0.004695
-0.001018,0.007615,-0.001519
-0.001966,-0.002019,0.001601
-0.003910,-0.004177,0.003669
-0.003953,-0.009524,0.004677
-0.004966,-0.010678,0.013142
-0.003058,-0.009613,0.013131
0.000822,-0.004276,0.013177
0.003755,0.000064,0.005746
0.001841,0.004335,0.005803
0.003860,0.011825,0.003733
0.003967,0.011853,0.000558
0.004058,0.014010,-0.001524
0.001233,0.010788,0.000591
0.000336,0.006542,-0.001548
0.001348,0.001157,0.003703
0.002319,-0.005204,-0.000604
0.002293,-0.000946,0.000508
-0.000667,0.002276,-0.001593
0.000298,0.004388,0.000548
0.001276,0.002266,-0.000511
0.000304,-0.005242,0.003695
-0.003632,-0.014826,0.001482
-0.000831,-0.027644,0.002439
-0.001009,-0.030828,0.000241
-0.000194,-0.022310,0.002429
-0.000305,-0.012720,0.003526
0.000642,-0.003118,0.003596
-0.000304,0.007573,0.001547
0.000745,0.015054,0.000558
0.000885,0.021396,0.007014
0.000104,0.023552,0.004932
0.003168,0.016127,0.000651
0.005197,0.007604,-0.000479
0.004231,-0.000965,0.002622
0.004201,-0.008349,-0.005931
0.004119,-0.009397,-0.008090
0.003036,-0.007224,-0.012335
0.001967,-0.004034,-0.011253
-0.000048,-0.000850,-0.009091
-0.003014,0.003396,-0.006945
-0.004936,0.005489,-0.002662
-0.004915,0.004382,0.001600
-0.001958,0.000060,0.006911
0.000005,-0.004220,0.007921
-0.000979,-0.006328,0.005778
0.000950,-0.014910,0.009920
-0.000065,-0.017028,0.007767
-0.001133,-0.018085,0.006690
0.001710,-0.020232,0.007726
0.001627,-0.012751,0.006723
-0.000385,-0.010658,0.010992
0.000585,-0.008493,0.007821
-0.001383,-0.008490,0.007841
0.001523,-0.009568,0.008893
0.001522,-0.007401,0.005721
0.004447,-0.004178,0.003627
0.002479,-0.006295,0.001474
0.002458,-0.000926,-0.001649
0.000512,0.000121,0.000489
0.001476,-0.001991,-0.001638
0.000481,-0.003090,0.001550
-0.000531,-0.008445,0.003646
-0.001562,-0.013791,0.004653
-0.003592,-0.014869,0.005698
-0.000722,-0.008498,0.008930
-0.003656,0.000016,0.011099
-0.001649,0.006396,0.013270
0.001388,0.010654,0.014368
0.001496,0.008572,0.009031
0.003509,0.000046,0.007909
0.005488,-0.004168,0.002588
0.004494,-0.010526,-0.001692
0.004401,-0.017969,-0.004952
0.002316,-0.022236,-0.004969
0.001186,-0.021143,-0.007112
-0.000909,-0.012584,-0.009159
-0.001975,-0.005121,-0.009113
-0.003940,0.007630,-0.003703
-0.002920,0.012896,0.003805
-0.001837,0.010731,0.006976
0.000201,0.007490,0.011226
0.002212,-0.002102,0.010109
-0.000697,-0.009564,0.008977
-0.000712,-0.003129,0.005857
0.003161,-0.007375,0.003662
0.003115,-0.006278,0.000460
0.001125,-0.004094,-0.004853
0.001088,-0.007298,-0.004916
-0.000921,-0.001972,-0.003816
-0.001913,0.002223,0.003662
-0.003808,0.010742,0.005872
-0.001752,0.013913,0.009104
-0.000648,0.012801,0.013361
0.000458,0.010710,0.009105
0.002488,0.002187,0.007982
0.003495,0.001163,0.003736
0.005473,0.002271,-0.000512
0.004503,0.004458,-0.005799
0.002557,0.004433,-0.003704
0.000612,-0.000902,-0.003744
-0.003324,-0.010548,0.000431
-0.002467,-0.020162,0.001415
-0.003532,-0.020222,0.007801
-0.002655,-0.019208,0.013122
-0.002718,-0.016039,0.016326
-0.001743,-0.012851,0.017380
0.000205,-0.013916,0.017370
0.003116,-0.010674,0.013133
0.003087,-0.018072,0.005635
0.004963,-0.015905,0.002478
0.001958,-0.010559,0.001470
0.002888,-0.005180,-0.002720
0.001881,-0.003083,0.001562
0.003835,0.005474,-0.000492
0.000969,0.012931,0.000635
-0.000866,0.023557,0.004945
-0.003604,0.032073,0.007127
-0.000474,0.032063,0.008195
0.002671,0.029916,0.009238
0.001858,0.021400,0.007027
0.002939,0.011817,0.004829
0.003926,0.000090,0.003679
0.004881,-0.001980,-0.002720
0.006780,-0.001905,-0.010133
0.002807,-0.006152,-0.012285
-0.000177,0.004517,-0.012220
-0.004077,0.010902,-0.010029
-0.003038,0.017282,-0.007865
-0.001936,0.025702,0.003874
-0.002737,0.023547,0.005991
-0.002571,0.018179,0.009135
0.000465,0.008556,0.011201
0.002472,-0.005267,0.005761
0.005357,-0.012714,0.003595
0.007211,-0.014763,-0.004933
0.005143,-0.012566,-0.011287
0.002103,-0.005077,-0.013379
0.002065,0.003427,-0.010128
0.000118,0.004453,-0.005868
-0.000850,-0.000860,-0.008016
-0.001867,-0.008379,-0.002749
-0.001923,-0.009480,0.000411
-0.003904,-0.000965,0.002629
-0.001951,0.007519,0.008016
0.000083,0.013923,0.008064
0.001175,0.013943,0.005921
0.004204,0.007573,0.002675
0.004198,-0.001990,-0.001667
0.003205,0.001274,-0.008011
0.001233,0.006621,-0.009019
0.001269,0.015136,-0.006850
-0.002542,0.025809,-0.006729
-0.003383,0.024634,0.003879
-0.001294,0.015031,0.003802
-0.000241,0.001181,0.001572
0.003667,-0.010589,0.004653
0.002604,-0.013767,0.002509
0.001550,-0.007345,0.000422
0.001515,0.004444,-0.004800
0.002513,0.009768,-0.003707
0.003525,0.010860,-0.005792
0.003543,-0.001912,-0.009073
0.002538,-0.002992,-0.008007
-0.002360,0.006561,-0.002597
-0.004253,0.013968,0.003834
-0.002181,0.016060,0.008096
-0.002057,0.013913,0.009154
-0.000990,0.004306,0.009035
0.000968,-0.008485,0.007882
0.004803,-0.018005,-0.000703
0.004691,-0.015831,-0.004957
0.002644,-0.008352,-0.005980
0.003535,-0.007214,-0.013404
0.003442,-0.006168,-0.011272
-0.000531,-0.007220,-0.012337
-0.003503,-0.003013,-0.005906
-0.001582,-0.001987,-0.001646
-0.002536,0.004353,0.004796
-0.002482,0.007545,0.005892
0.000522,0.006476,0.005876
-0.001356,0.012869,0.007000
-0.000298,0.018194,0.008108
0.001798,0.018200,0.007034
0.002891,0.016108,0.002765
0.002978,0.010793,0.000575
0.002020,0.001222,-0.002678
0.002951,-0.006204,-0.006988
-0.001026,-0.010483,-0.005964
-0.001124,-0.013726,-0.001749
-0.000236,-0.013758,0.001434
-0.000310,-0.012715,0.003560
-0.001359,-0.014849,0.003548
-0.001406,-0.012734,0.005695
0.000485,-0.012721,0.004662
0.003369,-0.010565,0.002544
0.003327,-0.010573,0.003633
0.003267,-0.012676,0.000410
0.002238,-0.007319,-0.001666
0.001221,-0.001969,-0.003753
0.000231,0.001188,0.000498
0.001223,0.005483,-0.001574
0.000289,0.009717,0.001612
-0.003516,0.016101,0.003803
-0.002425,0.021436,0.003850
-0.000350,0.021416,0.005986
0.001712,0.019292,0.004899
0.001831,0.013968,0.003798
0.003852,0.008664,0.000555
0.004837,-0.003056,-0.001669
0.002861,-0.003024,-0.004852
0.003809,0.001253,-0.005889
0.001827,0.000217,-0.009082
0.002772,0.004500,-0.010099
0.000827,0.000210,-0.008015
-0.000173,-0.007258,-0.008052
-0.000232,-0.007291,-0.004883
-0.002222,-0.003075,0.000481
-0.002244,0.002228,0.003696
-0.002182,0.009688,0.004822
0.001791,0.008654,0.001644
0.003796,0.003306,0.002666
0.005739,-0.006254,-0.001648
0.005680,-0.014749,-0.005988
0.000714,-0.010460,-0.008087
0.000596,-0.009369,-0.010179
-0.000461,-0.004066,-0.006956
-0.003422,-0.000911,-0.002697
-0.004409,0.000136,-0.000559
-0.004393,0.000083,0.004724
-0.002413,0.004320,0.007952
0.001568,0.012834,0.010149
0.000706,0.011776,0.009065
0.002761,0.011777,0.009064
0.006758,0.006487,0.004808
0.007787,0.002276,-0.000535
0.006805,-0.002986,-0.008016
0.003859,-0.000833,-0.010118
0.000901,0.003413,-0.007980
-0.002036,0.006590,-0.005829
-0.002991,0.008713,-0.004763
-0.000056,0.003356,-0.002674
0.002868,0.001201,-0.000564
0.001898,0.004412,-0.001603
0.002864,0.005513,-0.004763
0.001923,0.004460,-0.005821
0.001918,0.002359,-0.009016
0.001896,-0.008324,-0.008048
0.001779,-0.020042,-0.010279
0.001621,-0.024320,-0.009248
-0.000518,-0.026476,-0.007145
-0.002654,-0.021162,-0.004976
-0.003749,-0.010526,-0.001742
-0.002796,0.001171,0.002619
-0.000805,0.007563,0.003736
-0.000723,0.008623,0.004798
0.001298,0.008591,0.007981
0.002348,0.008643,0.002698
0.003379,0.007597,0.000559
0.004417,0.009764,-0.002598
0.004439,0.010874,-0.006833
0.003479,0.009848,-0.011072
0.002518,0.004523,-0.012186
0.000546,-0.001859,-0.014364
0.000485,-0.006171,-0.010178
-0.000573,-0.002967,-0.010158
-0.002566,0.001236,-0.003769
-0.005497,0.003338,-0.000567
-0.005472,0.005429,0.003696
-0.000561,0.002239,0.002621
0.001403,0.001118,0.007917
0.000444,-0.004186,0.004701
0.003364,-0.005252,0.004706
0.003355,-0.005209,0.000462
0.004302,-0.003042,-0.002696
0.002319,-0.001972,-0.002680
0.001316,-0.003017,-0.004798
-0.000628,0.004407,-0.000509
-0.001581,0.007579,0.002730
-0.001502,0.008613,0.005901
0.000501,0.002223,0.004812
-0.000455,-0.007412,0.007911
0.001433,-0.016974,0.003576
0.004246,-0.023326,-0.001805
0.004095,-0.022239,-0.003939
0.003933,-0.021111,-0.010316
0.002788,-0.017892,-0.012452
0.001710,-0.007260,-0.008108
-0.000272,0.002333,-0.006970
-0.002190,0.016177,-0.003653
-0.003051,0.025718,0.002804
-0.001876,0.029909,0.010283
0.000261,0.025677,0.007125
0.003341,0.020362,0.004964
0.002461,0.008646,0.002754
0.004433,0.000121,0.001610
0.005370,-0.006219,-0.004826
0.004327,-0.004069,-0.006977
0.000377,0.002355,-0.009050
-0.001592,0.004480,-0.007978
-0.002581,0.003391,-0.005872
-0.002560,0.003325,0.000495
-0.001584,0.001172,0.002626
-0.000596,-0.000930,-0.000590
0.002338,0.000098,0.003711
0.004266,-0.006252,-0.001656
0.006180,-0.006253,-0.001663
0.003212,-0.005165,-0.003790
0.002218,0.002337,-0.006915
0.000269,0.008715,-0.004750
-0.000656,0.011875,-0.000464
-0.000592,0.006520,0.001632
-0.003479,0.007555,0.004824
-0.001474,0.004337,0.006931
0.000505,0.000089,0.004772
0.003429,-0.006295,0.002567
0.002419,-0.006265,-0.000637
0.006247,-0.014750,-0.006038
0.004180,-0.016831,-0.011368
0.002090,-0.013638,-0.010273
0.001034,-0.006168,-0.010201
-0.001932,0.004459,-0.005849
-0.001887,0.010799,0.000587
-0.003729,0.015016,0.005950
0.000277,0.010726,0.008028
0.003299,0.004377,0.002659
0.003332,0.002253,0.001580
0.004277,-0.004092,-0.004883
0.003255,-0.001947,-0.005932
0.003211,0.001263,-0.006993
0.003192,0.003431,-0.010136
0.002212,0.008769,-0.010077
-0.000710,0.005539,-0.006887
-0.001673,0.006562,-0.002626
-0.002600,0.009743,-0.000462
-0.003498,0.011837,0.003799
-0.000487,0.010718,0.009102
0.000576,0.004335,0.006903
0.001586,-0.004170,0.003639
0.002501,-0.015838,-0.003897
0.003352,-0.019041,-0.003938
0.003219,-0.015775,-0.010298
0.002152,-0.005155,-0.004872
0.000191,0.003379,-0.004803
0.000204,0.005493,-0.002649
-0.000737,0.009761,-0.002626
0.000309,0.012964,-0.002570
0.000385,0.014012,-0.000439
0.002426,0.014023,-0.001493
0.002499,0.009754,-0.001516
0.002549,0.007630,-0.002603
0.001579,0.000181,-0.004804
-0.000400,-0.003052,-0.001642
0.001474,-0.009422,-0.004896
0.000411,-0.014779,-0.002827
0.001271,-0.014779,-0.002834
-0.000770,-0.011612,0.000356
-0.001814,-0.005188,-0.001710
0.000130,0.001172,0.002590
0.002105,0.003319,0.001561
0.002157,0.005432,0.003702
0.002208,0.008654,0.001615
-0.001650,0.013992,0.001690
0.000408,0.018269,0.000666
-0.000455,0.016082,0.005967
0.002593,0.009658,0.008040
0.004609,0.001175,0.002660
0.004582,-0.011587,-0.001689
0.003534,-0.014756,-0.004907
0.002409,-0.024332,-0.008223
0.002240,-0.022188,-0.009272
-0.000849,-0.017930,-0.008195
-0.002918,-0.009438,-0.003904
-0.002959,0.002256,0.000458
-0.002925,0.007602,-0.000557
-0.000917,0.007594,0.000511
0.002051,0.003307,0.002637
0.004057,0.004407,-0.000530
0.003106,0.003330,0.000522
0.002161,0.010824,-0.001522
0.002248,0.018273,0.000672
0.000398,0.020371,0.003847
0.000534,0.015057,0.001678
0.000612,0.007600,0.000551
0.002581,0.001207,-0.000573
0.001605,0.003338,-0.000567
0.000610,0.002292,-0.002691
0.002553,0.003380,-0.004797
0.005455,0.002345,-0.007996
0.004468,0.000235,-0.010102
0.001507,0.002346,-0.007996
0.000531,0.003445,-0.011170
-0.001433,0.005545,-0.007989
-0.001418,0.009759,-0.002646
-0.000414,0.008704,-0.003703
-0.001345,0.007598,0.000545
-0.000318,0.006531,0.000549
0.000678,0.003305,0.003731
0.003622,0.000124,0.001574
0.000682,-0.003048,-0.001636
0.000661,-0.002016,0.001521
0.000641,0.000096,0.003662
-0.000309,0.003319,0.001568
0.003613,0.002275,-0.000571
0.002645,-0.001992,-0.000594
0.001644,-0.001973,-0.002723
0.002595,-0.001950,-0.004831
0.001592,0.001234,-0.003754
0.001597,0.004417,-0.001569
-0.000341,0.004435,-0.002633
0.001631,-0.000934,0.000490
0.002575,-0.005161,-0.003791
0.003491,-0.009431,-0.003842
0.001457,-0.012609,-0.005971
-0.000575,-0.010477,-0.005974
-0.000656,-0.006243,-0.002767
0.000281,0.000183,-0.004805
-0.000709,-0.000937,0.000469
-0.002645,0.004378,0.002645
-0.000671,0.003308,0.002658
-0.000622,0.004407,-0.000516
0.001364,0.006494,0.004813
0.001423,0.004381,0.002672
0.003404,0.003331,0.000521
0.002443,0.002242,0.002634
0.000517,0.002273,-0.000549
-0.001429,0.000118,0.001554
0.000540,0.000057,0.007919
0.002495,-0.007359,0.002556
0.000506,-0.007315,-0.001688
0.002411,-0.005171,-0.002738
0.003334,-0.008362,-0.003819
0.002305,-0.001963,-0.003805
0.001349,0.007663,-0.005822
0.001386,0.008688,-0.001568
0.000447,0.006534,0.000556
0.002421,0.000132,0.000514
0.001448,-0.003047,-0.001637
-0.000517,-0.003069,0.000478
-0.001522,-0.004108,-0.002720
0.000381,-0.005187,-0.001675
0.000346,-0.007310,-0.002748
-0.001646,-0.004141,0.000450
-0.001653,-0.000978,0.004727
-0.004548,0.007557,0.004774
-0.002524,0.008592,0.007988
0.001458,0.008602,0.006920
0.002520,0.004335,0.006882
0.003526,0.002214,0.005830
0.004510,-0.002004,0.000488
0.003518,-0.003028,-0.003758
0.004436,-0.009411,-0.005950
0.002423,-0.008333,-0.007001
0.000386,-0.009439,-0.002754
-0.000638,-0.007285,-0.004878
-0.002628,-0.005220,0.001523
-0.001658,0.005409,0.005853
-0.002580,0.008605,0.006940
-0.002487,0.012852,0.009106
-0.001420,0.009653,0.009099
0.002551,0.001105,0.010078
0.004522,-0.005268,0.006812
0.003524,-0.011638,0.003587
0.002495,-0.009516,0.004646
0.002432,-0.010510,-0.002804
0.000426,-0.006240,-0.002775
-0.000585,-0.003101,0.003640
0.001356,-0.004191,0.005774
-0.000591,-0.000989,0.005802
0.001369,0.000088,0.004751
0.003343,-0.000978,0.004748
0.004345,0.005447,0.002689
0.003415,0.008701,-0.002595
0.001485,0.005519,-0.004766
0.000521,0.005519,-0.004766
0.000544,0.005510,-0.003705
-0.002356,0.006546,-0.000506
-0.000372,0.004380,0.002651
0.000624,0.000102,0.003682
-0.000365,-0.005254,0.005757
0.001558,-0.012703,0.003556
0.002459,-0.013754,0.001440
0.002372,-0.015878,0.000360
0.002257,-0.014798,-0.000706
0.001199,-0.014786,-0.001760
-0.000830,-0.010550,0.001474
0.001044,-0.014806,0.000397
-0.000953,-0.010560,0.002521
-0.000003,-0.004156,0.002590
-0.000947,0.007517,0.009060
-0.001845,0.014987,0.009132
0.002193,0.018209,0.007031
0.003278,0.012864,0.008059
0.004310,0.002247,0.002668
0.003364,0.002278,-0.000529
0.002383,0.001200,0.000508
0.002368,0.003377,-0.003717
0.002378,0.004433,-0.002654
-0.000506,0.010813,-0.000497
-0.001445,0.006525,0.001595
-0.000444,0.001189,0.001548
-0.001418,0.000080,0.005790
0.000526,-0.002044,0.004710
-0.000430,-0.002058,0.005758
-0.001407,0.000056,0.007920
0.002516,-0.002054,0.005785
0.003519,0.001167,0.003671
0.004525,0.006515,0.002663
0.002603,0.007626,-0.001551
0.001687,0.008657,0.001642
0.001745,0.010781,0.002722
0.000830,0.003311,0.002664
-0.001090,0.000109,0.002629
0.000849,-0.007371,0.003611
0.000790,-0.007361,0.002543
0.000756,-0.003070,0.000436
0.000735,0.003333,0.000492
0.000779,0.010800,0.000558
0.002784,0.012944,-0.000498
0.000932,0.010846,-0.003658
0.000988,0.005458,0.001621
0.000034,0.002278,-0.000529
-0.000944,-0.005266,0.006847
0.000028,-0.006342,0.007891
0.000992,-0.006344,0.007863
0.000014,-0.002054,0.005785
0.000985,0.002244,0.002619
0.004899,-0.002033,0.003663
0.004909,0.001178,0.002616
0.001988,0.003344,-0.000541
0.002004,0.004421,-0.001592
-0.000884,0.002267,0.000518
0.000116,0.002256,0.001572
0.000153,-0.000988,0.005788
-0.000812,-0.003132,0.006844
0.003076,-0.007394,0.005754
0.002061,-0.008441,0.003602
0.002016,-0.005217,0.001515
0.003950,-0.006295,0.002560
0.003904,-0.009463,-0.000645
0.000918,-0.010518,-0.001702
-0.000127,-0.013737,0.000405
-0.001177,-0.012691,0.002537
-0.001225,-0.006346,0.007892
-0.003171,-0.001054,0.012169
-0.001192,0.002148,0.012182
-0.000150,0.006418,0.012240
0.001896,0.006420,0.012218
0.003898,0.001116,0.008982
0.004911,0.001158,0.004738
0.002998,0.001189,0.001548
0.004970,0.006587,-0.004763
0.003031,0.005541,-0.006888
0.003042,0.004460,-0.005863
0.001056,0.002347,-0.008004
-0.000893,0.003409,-0.006921
-0.000897,0.009746,-0.000520
-0.001820,0.015093,-0.001528
-0.001720,0.019308,0.003822
0.000353,0.019328,0.001715
0.003428,0.019329,0.001735
0.001571,0.013996,0.001695
0.002612,0.003315,0.002677
0.002626,-0.006267,0.000478
0.004511,-0.014754,-0.004936
0.003407,-0.018989,-0.008164
0.001295,-0.018991,-0.008185
0.000193,-0.012589,-0.008136
-0.001854,-0.006218,-0.004897
-0.002853,-0.000944,0.001522
-0.000884,0.003293,0.004749
-0.001830,0.001102,0.010058
-0.000812,-0.007423,0.008936
0.001130,-0.009543,0.007855
0.004984,-0.014825,0.002511
0.004905,-0.014802,0.000374
0.004811,-0.009404,-0.005966
0.001839,0.002328,-0.005883
-0.001073,0.013042,-0.010034
-0.001007,0.019383,-0.003612
-0.000901,0.018327,-0.004669
0.001150,0.011884,-0.000460
-0.001718,0.002269,0.000517
0.001194,-0.004134,0.000461
0.002126,-0.009459,-0.000639
0.002075,-0.008375,-0.002758
0.002010,-0.004087,-0.004877
0.000997,-0.001974,-0.002736
-0.002915,0.006572,-0.003744
-0.000922,0.007600,0.000537
0.000098,0.006501,0.003717
0.001114,0.006470,0.006915
0.000214,0.004317,0.009046
0.002207,0.003230,0.011165
0.003253,0.004339,0.006923
0.004260,0.000126,0.001587
0.005232,-0.006257,-0.000611
0.006169,-0.010475,-0.005960
0.003137,-0.014703,-0.010269
0.002042,-0.015770,-0.010286
0.000936,-0.010424,-0.011314
-0.000127,-0.000822,-0.011258
-0.002098,0.008731,-0.005841
-0.002043,0.011869,0.000581
-0.001937,0.016119,0.002768
-0.000860,0.011800,0.008070
-0.000755,0.008630,0.004852
0.001265,0.004331,0.008005
0.000331,-0.004195,0.006876
0.002268,-0.000958,0.002627
0.002253,0.000108,0.002622
0.003236,0.001194,0.000482
0.002274,0.003327,0.000480
0.003264,0.003353,-0.001630
0.001354,0.006533,0.000520
0.001377,0.002270,0.000524
0.001389,0.000166,-0.002699
0.001386,0.007648,-0.003674
0.003375,0.010817,-0.000470
0.002493,0.020430,-0.001460
0.002601,0.021454,0.002793
0.003705,0.015063,0.001690
0.001818,0.007594,0.001646
0.000886,0.001203,0.000521
-0.001088,-0.008400,0.000444
0.000798,-0.012661,-0.000646
-0.000257,-0.013739,0.000392
-0.000338,-0.010526,-0.000663
0.001544,-0.010569,0.003574
0.001487,-0.009462,-0.000674
-0.000519,-0.008427,0.002518
0.001410,-0.003090,0.002579
0.001428,0.007560,0.004787
0.001513,0.014998,0.008035
0.000669,0.017144,0.007007
-0.000163,0.017146,0.007013
0.001909,0.010733,0.008025
0.004902,0.010755,0.005910
0.004000,0.011917,-0.003643
0.003065,0.012962,-0.001519
0.003120,0.011936,-0.005786
0.004129,0.007669,-0.005810
0.004149,0.002365,-0.009046
0.003135,-0.005120,-0.008056
-0.000853,-0.010465,-0.007028
-0.000956,-0.014722,-0.008127
-0.002048,-0.014767,-0.003917
-0.003099,-0.009440,-0.002768
-0.001197,-0.005215,0.001500
-0.001211,-0.002033,0.003649
0.001732,-0.002043,0.004724
0.000774,0.002238,0.003693
0.002777,0.005430,0.004802
0.001862,0.004381,0.002679
0.002856,-0.002022,0.002624
0.001895,-0.000924,-0.000571
0.002848,-0.001981,-0.001641
0.001848,-0.000881,-0.004815
0.001831,0.006577,-0.003703
-0.001048,0.010826,-0.001508
-0.001008,0.008680,-0.000473
0.000965,0.000151,-0.000529
0.000965,-0.004118,-0.000573
0.000917,-0.011584,-0.001719
0.001824,-0.008374,-0.002779
0.001767,-0.004118,-0.001687
0.000770,0.001206,-0.000594
0.000769,0.002297,-0.002721
0.000790,0.005467,0.000503
0.001784,0.004412,-0.000560
0.000851,0.006496,0.004805
0.000899,0.010753,0.005911
0.001007,0.013955,0.005946
0.002091,0.017167,0.004913
0.004171,0.019301,0.004931
0.002356,0.015098,-0.001480
0.003405,0.008695,-0.001543
0.002453,0.001224,-0.001615
0.002430,-0.010525,-0.000656
0.001373,-0.013673,-0.005996
0.000273,-0.011498,-0.010249
0.002124,-0.009407,-0.005972
0.001077,-0.005171,-0.002766
0.001055,-0.003041,-0.002739
0.000047,-0.000905,-0.002699
-0.000920,0.002266,0.000497
0.000072,0.001191,0.001576
0.001071,-0.002011,0.001534
0.002039,-0.004143,0.001543
0.002023,-0.004145,0.001529
0.001025,-0.004114,-0.001667
0.001970,-0.000903,-0.002707
0.000012,0.000166,-0.002699
0.000992,0.001225,-0.001608
0.001970,0.000158,-0.001624
0.002945,0.001235,-0.002676
0.000981,-0.000899,-0.002687
0.000969,0.000167,-0.002699
0.000957,0.000145,-0.000584
0.001915,0.001266,-0.005866
0.000944,0.001233,-0.002696
0.000920,-0.001995,-0.000608
0.000920,-0.004107,-0.002734
-0.000079,0.001212,-0.000575
-0.001061,0.000166,-0.002706
0.000919,0.005448,0.002674
0.000946,0.002236,0.003707
0.000976,0.002258,0.001599
0.001983,-0.002034,0.003656
0.001963,-0.008413,0.001471
0.001904,-0.007324,-0.000635
0.002842,-0.008407,0.001483
0.002782,-0.010487,-0.003834
0.000770,-0.012659,-0.000661
0.000697,-0.013727,-0.000670
0.001579,-0.013724,-0.000657
0.001510,-0.012658,-0.000661
0.000472,-0.007377,0.004677
-0.001488,-0.005254,0.005750
0.000447,-0.005202,0.000445
0.001397,-0.006302,0.003605
0.003333,-0.000934,0.000454
0.002366,0.002267,0.000475
0.002380,0.005459,0.001564
0.004378,0.005503,-0.002660
0.003421,0.000202,-0.005869
0.003390,-0.004044,-0.008014
0.002364,-0.006183,-0.008053
0.000329,-0.005115,-0.008036
0.001260,0.000210,-0.006929
0.001248,0.005544,-0.006910
-0.000672,0.008722,-0.004759
-0.001596,0.017237,-0.002577
-0.001518,0.012919,0.002718
-0.000465,0.010795,0.001638
0.001548,0.005451,0.002673
0.001574,0.000136,0.000505
0.003511,-0.009500,0.003611
0.004415,-0.012616,-0.004891
0.003353,-0.010462,-0.007029
0.003263,-0.005117,-0.008050
0.002252,0.004468,-0.005845
0.000305,0.007657,-0.004777
-0.000626,0.008732,-0.005813
0.000387,0.005480,-0.000509
-0.000562,0.003329,0.001600
0.000425,-0.003073,0.001558
0.001388,-0.002012,0.001541
0.000403,-0.000943,0.001571
0.003333,-0.000908,-0.001613
0.003316,-0.000899,-0.002702
0.001355,-0.003012,-0.004835
0.004226,-0.002981,-0.008032
0.001257,-0.000871,-0.005898
0.000256,0.003430,-0.009043
-0.000699,0.009770,-0.002622
-0.001633,0.010848,-0.003673
0.001356,0.003346,-0.000549
0.002339,-0.000923,-0.000593
-0.000606,-0.004147,0.001509
0.002290,-0.004114,-0.001660
0.001279,0.000190,-0.004822
0.003213,0.004479,-0.006913
0.003235,0.005537,-0.005829
0.001288,0.005568,-0.009019
0.001300,0.002364,-0.009039
0.001272,0.001306,-0.010123
-0.000697,0.004435,-0.002661
-0.001640,0.009770,-0.002615
-0.003545,0.012931,0.001664
-0.001482,0.013955,0.005910
0.002497,0.005415,0.005829
0.002542,0.002247,0.002625
0.002554,0.000132,0.000485
0.004500,-0.001983,-0.001669
0.002511,0.001235,-0.002690
0.003465,-0.001892,-0.010152
0.001485,0.005563,-0.009039
-0.001430,0.014081,-0.006814
-0.002324,0.018338,-0.005723
-0.000279,0.016130,0.001700
0.001779,0.011864,0.001654
0.001837,0.001216,-0.000540
0.002798,-0.010516,-0.001731
0.002684,-0.015787,-0.008144
0.001574,-0.012562,-0.010238
0.002445,-0.008295,-0.010215
0.000422,0.002362,-0.009081
-0.001506,0.014060,-0.004714
-0.000456,0.011879,-0.000487
-0.001333,0.013949,0.005898
-0.001232,0.010774,0.003775
0.001752,0.006516,0.002683
0.003757,0.004393,0.001603
0.002792,0.000166,-0.002699
0.004704,-0.008349,-0.004888
0.005578,-0.014709,-0.009195
0.001558,-0.009364,-0.010217
-0.002430,-0.001917,-0.008050
-0.004384,0.007648,-0.003702
-0.003367,0.014008,0.000605
-0.002264,0.018202,0.008091
-0.000178,0.012868,0.008065
0.002851,0.003255,0.009034
0.004796,-0.012699,0.003596
0.005674,-0.022262,-0.000724
0.004537,-0.026468,-0.007141
0.005298,-0.024295,-0.011407
0.002179,-0.020017,-0.012452
-0.001831,-0.005087,-0.011303
-0.004792,0.005553,-0.008020
-0.000861,0.009800,-0.005825
-0.000803,0.012917,0.002704
-0.000706,0.015062,0.001683
0.002311,0.014007,0.000620
0.003377,0.013988,0.002748
0.004435,0.016133,0.001706
0.003536,0.009776,-0.002588
0.005515,0.005518,-0.003694
0.003561,0.003444,-0.010091
0.001587,0.004521,-0.011157
0.000606,0.005556,-0.007965
-0.002316,0.006591,-0.004779
-0.002301,0.005535,-0.005850
-0.000330,0.002249,0.002624
0.000641,-0.004113,-0.001682
-0.000358,-0.005200,0.000444
0.002531,-0.004132,0.000446
0.004453,-0.000919,-0.000580
0.004455,0.003399,-0.005847
0.003461,0.000208,-0.006942
0.002461,-0.002981,-0.008025
0.001436,-0.005094,-0.010165
-0.001544,-0.001942,-0.004827
-0.004512,-0.000897,-0.002702
-0.001576,0.003328,0.001608
-0.002534,0.001171,0.003690
0.001401,0.004382,0.002650
0.002429,0.011863,0.001655
0.004447,0.010797,0.001638
0.002560,0.010828,-0.001559
0.003586,0.005471,0.000524
0.002627,0.003390,-0.004800
0.002628,-0.002990,-0.006964
0.000629,-0.005166,-0.002732
-0.000374,0.000167,-0.002692
-0.002327,0.001203,0.000500
-0.001356,-0.000951,0.002603
-0.001332,0.005441,0.003720
-0.001265,0.008646,0.003754
0.001698,0.006511,0.003728
0.002722,0.006535,0.000527
0.002769,0.007602,0.000536
0.001830,0.014027,-0.001523
0.001887,0.014017,-0.000455
0.001021,0.020445,-0.002509
0.001114,0.016156,-0.000417
0.003137,0.004429,-0.001574
0.002154,-0.004108,-0.001648
0.003074,-0.011548,-0.004903
0.000071,-0.014740,-0.006013
-0.000042,-0.011522,-0.008126
-0.000133,-0.007296,-0.003845
-0.000173,-0.001957,-0.003793
-0.000192,-0.001978,-0.001657
-0.001169,0.002249,0.002639
-0.001156,0.001193,0.001568
0.000830,0.006508,0.003729
0.000887,0.007575,0.003746
0.004842,0.007608,0.000548
0.004879,0.006562,-0.001576
0.001975,0.005545,-0.006904
0.003928,0.005546,-0.006897
0.001961,0.006626,-0.007935
-0.001932,0.003415,-0.006888
-0.000963,0.000179,-0.003739
-0.000011,-0.003045,-0.001666
-0.001009,0.001217,-0.000576
-0.000998,0.002242,0.003684
-0.000962,0.010741,0.006922
0.000100,0.012865,0.008009
0.003129,0.009710,0.003750
0.005136,0.006497,0.004769
0.007099,-0.001947,-0.004853
0.002204,-0.001957,-0.003785
0.001207,0.004436,-0.002676
0.000254,0.015129,-0.004705
0.001312,0.017243,-0.002558
0.000421,0.016167,-0.001492
0.003432,0.007607,0.000577
0.000531,-0.000908,-0.001613
0.002431,-0.014757,-0.003849
0.002308,-0.021193,-0.000729
-0.000735,-0.020114,-0.001781
-0.000859,-0.017982,-0.001790
0.000976,-0.021188,-0.001831
0.001817,-0.020088,-0.004991
0.002683,-0.010492,-0.003854
-0.000281,-0.000931,0.000460
0.000694,0.007603,0.000522
-0.001180,0.011892,-0.001570
-0.000136,0.007576,0.003703
0.003800,0.001205,0.000464
0.002832,-0.000932,0.000482
0.004773,-0.005188,-0.000589
0.001814,-0.008386,-0.000604
0.001756,-0.005144,-0.004840
0.003674,-0.004035,-0.009075
0.002637,-0.005123,-0.006962
0.000654,-0.002989,-0.006958
-0.001349,-0.002980,-0.008039
-0.001387,0.000221,-0.008018
-0.000431,0.004395,0.001582
-0.002358,0.005485,-0.000532
-0.000377,0.003329,0.001572
0.001598,-0.000963,0.003657
0.003551,-0.004152,0.002589
0.004495,-0.010541,0.001471
0.005401,-0.012643,-0.001731
0.003357,-0.019021,-0.004988
0.002249,-0.016855,-0.008153
0.000179,-0.015816,-0.004969
-0.000894,-0.010459,-0.007044
-0.001944,-0.004101,-0.002751
-0.003908,0.001215,-0.000561
-0.000976,0.004366,0.004771
0.002003,0.005423,0.005855
0.003029,-0.002057,0.006865
0.003996,-0.008396,0.000429
0.006881,-0.008376,-0.001693
0.003880,-0.011546,-0.004911
-0.000089,-0.011532,-0.005966
0.000774,-0.011554,-0.003844
-0.003192,-0.007300,-0.002751
-0.004218,-0.000940,0.001549
-0.005156,0.005389,0.009032
-0.000196,0.007460,0.015423
0.001839,0.003203,0.014332
0.003851,-0.004247,0.012131
0.004826,-0.011652,0.005706
0.004756,-0.013712,-0.001753
0.004659,-0.013679,-0.004930
0.001663,-0.001932,-0.005909
0.000677,0.007626,-0.001558
-0.000255,0.009727,0.001629
-0.002117,0.011866,0.001661
-0.000085,0.008590,0.009067
0.000970,0.001121,0.009008
0.002953,-0.002046,0.005804
0.000994,-0.004159,0.003649
0.001958,-0.004160,0.003635
0.001924,-0.002018,0.002579
0.003836,-0.005198,0.000436
0.002831,-0.009442,-0.001696
0.002757,-0.014789,-0.000688
0.000713,-0.015844,-0.001745
0.000609,-0.016921,-0.000686
0.001480,-0.014757,-0.003850
0.000463,-0.001986,-0.000596
-0.001492,0.007598,0.001609
-0.003361,0.015015,0.006972
-0.001292,0.014960,0.012299
0.000778,0.009646,0.010137
0.003771,0.002194,0.009051
0.005739,-0.007421,0.010028
0.005702,-0.013762,0.003593
0.002733,-0.008374,-0.001679
0.003637,-0.008369,-0.002760
0.002593,-0.007250,-0.008076
0.000584,-0.005126,-0.007018
-0.001416,-0.006215,-0.004912
-0.002434,-0.003058,-0.000633
-0.002443,0.001158,0.004717
-0.001414,0.009635,0.011177
-0.000332,0.014939,0.014414
0.001764,0.015966,0.018680
0.003869,0.009637,0.011191
0.006872,0.001163,0.004765
0.004953,0.001215,-0.000554
0.005900,-0.000885,-0.003757
0.001986,0.002347,-0.006926
-0.000936,0.002326,-0.004789
-0.000948,-0.003042,-0.001660
-0.000012,-0.011620,0.002516
-0.002024,-0.008418,0.002551
-0.000132,-0.006330,0.006808
-0.002077,0.000061,0.007911
0.000899,0.008620,0.005856
0.001950,0.009676,0.006926
0.004978,0.010774,0.003746
0.005033,0.003305,0.003695
0.005056,0.000119,0.002604
0.003118,-0.003039,-0.001654
0.004060,-0.006202,-0.005924
0.003023,-0.001966,-0.002711
0.001062,0.003384,-0.003734
-0.001824,0.015111,-0.002584
-0.000767,0.019350,0.000642
0.001300,0.017173,0.004868
-0.000511,0.013944,0.006957
-0.000414,0.009666,0.008002
0.003551,0.003279,0.006897
0.002603,0.000077,0.006862
0.003601,0.000138,0.000504
0.005521,-0.004090,-0.003805
0.005451,-0.006190,-0.006993
0.003431,-0.006148,-0.011244
-0.000521,-0.000909,-0.001655
-0.002492,-0.000887,-0.003763
-0.001509,0.003326,0.001587
-0.000502,0.003283,0.005838
-0.000449,0.002208,0.006882
-0.000434,-0.004205,0.007894
0.000515,-0.005229,0.003626
0.001480,-0.006284,0.002577
0.003403,-0.004139,0.001534
0.004349,-0.004162,0.003635
0.000478,0.006540,0.000525
-0.000436,0.011855,0.002700
0.000614,0.010755,0.005882
-0.000287,0.004342,0.006894
0.000756,0.002224,0.005848
0.001755,-0.003133,0.007930
0.002685,-0.012729,0.006779
0.003597,-0.012678,0.001453
0.001594,-0.005167,-0.002746
0.002527,-0.004122,-0.000622
0.003509,0.003363,-0.001633
0.001571,0.003352,-0.000579
0.001592,0.004424,-0.000536
-0.004224,0.007615,0.000560
-0.001238,0.010757,0.005902
0.000791,0.010747,0.006963
-0.001061,0.011784,0.010169
0.000968,0.006477,0.006905
0.003939,-0.002029,0.003669
0.003911,-0.005209,0.001519
0.005820,-0.009441,-0.001731
0.002835,-0.008332,-0.005966
-0.000176,-0.001935,-0.005936
0.000767,-0.002990,-0.006986
-0.001217,-0.003010,-0.004850
-0.001223,-0.005196,0.000450
-0.000294,-0.011587,-0.000660
0.001596,-0.012688,0.002500
0.002520,-0.000927,0.000487
0.002509,0.003340,0.000504
0.001579,0.009776,-0.002617
0.003575,0.012936,0.001662
0.001715,0.014015,0.000631
0.000808,0.012928,0.002751
0.000896,0.004386,0.002685
0.001884,-0.003073,0.001558
-0.000085,-0.008419,0.002559
-0.000119,-0.007353,0.002554
0.001769,-0.007372,0.004654
0.001736,-0.006264,0.000398
0.002688,-0.001999,0.000437
0.002688,0.001203,0.000465
0.003651,-0.005194,-0.000651
0.002647,0.001210,-0.000574
0.001691,0.007643,-0.002629
0.002709,0.010855,-0.003655
0.001807,0.014044,-0.002551
0.000903,0.014032,-0.001504
0.001959,0.010832,-0.001532
-0.000923,0.008718,-0.003694
0.000090,0.004377,0.003710
0.001105,0.005444,0.003726
0.000158,0.002238,0.003685
0.000169,-0.003109,0.004693
0.001143,-0.006326,0.006807
0.004022,-0.011620,0.002516
0.000036,-0.016956,0.002484
0.001877,-0.022260,-0.000760
0.001749,-0.020104,-0.002878
0.002588,-0.019081,0.001362
0.000551,-0.015857,-0.000733
0.001440,-0.010513,-0.001782
0.001401,-0.004176,0.004641
0.000444,0.005428,0.004725
0.000526,0.017158,0.005909
-0.000295,0.028907,0.004950
0.000885,0.034233,0.006079
0.003064,0.029934,0.009253
0.004216,0.018225,0.005954
0.005281,0.008663,0.001619
0.004341,0.002305,-0.002682
0.005279,-0.002989,-0.006986
0.005248,0.005577,-0.010122
0.001333,0.009899,-0.015390
0.000350,0.013080,-0.013255
-0.000579,0.016208,-0.005786
0.001435,0.008728,-0.004769
0.000491,0.004408,0.000520
0.000508,-0.001982,-0.000577
0.000492,-0.005216,0.002572
0.001449,-0.005226,0.003625
0.003375,-0.001962,-0.002727
0.003344,-0.001944,-0.004862
0.004299,0.006585,-0.003698
0.000439,0.011899,-0.001544
-0.000471,0.014057,-0.003627
0.002529,0.011888,-0.000476
0.000664,0.009725,0.002723
0.000735,0.002245,0.003704
0.000726,-0.003089,0.003671
0.001686,-0.008430,0.003605
0.002615,-0.010534,0.000383
0.003530,-0.010501,-0.002815
0.003476,-0.000897,-0.002731
0.000523,0.005567,-0.009054
-0.002354,0.009764,-0.001548
0.000621,0.007588,0.002684
-0.000290,0.002254,0.002658
-0.002232,-0.008458,0.006822
-0.000308,-0.004211,0.008975
0.001661,0.000044,0.010046
0.000717,0.007524,0.009043
0.001782,0.009687,0.005844
0.002814,0.008653,0.002666
0.002855,0.008633,0.004816
0.003857,0.000160,-0.001625
0.003847,-0.003048,-0.000572
0.000902,0.002341,-0.005824
-0.001065,0.004455,-0.003690
-0.000073,0.005522,-0.003688
-0.001014,0.004408,0.000541
-0.000978,0.001195,0.001567
-0.000970,-0.003105,0.004706
0.001951,-0.000918,-0.000594
0.000956,-0.000927,0.000466
0.002893,-0.005196,0.000422
0.003834,-0.008374,-0.001701
0.002783,-0.007297,-0.002766
0.002739,-0.007337,0.001505
0.001734,-0.000912,-0.000554
-0.000197,0.007621,-0.000514
-0.000135,0.014056,-0.003634
-0.000054,0.017206,0.001699
0.001016,0.012938,0.001675
0.002074,0.007623,-0.000479
0.001133,0.001178,0.003716
0.001128,-0.003073,0.001537
0.000155,0.001269,-0.005867
0.000149,0.003339,0.000504
0.002120,0.003328,0.001558
0.002123,0.001212,-0.000603
0.002122,-0.000921,-0.000608
0.002104,-0.001943,-0.004869
0.002075,0.004438,-0.002691
0.002090,0.005524,-0.004789
0.001149,0.006581,-0.003712
0.001180,0.005488,-0.000526
0.001206,0.000164,-0.001619
0.001180,-0.008365,-0.002761
0.002084,-0.015844,-0.001752
0.001983,-0.011608,0.001462
-0.000997,-0.005174,-0.001679
-0.000052,-0.000961,0.003671
-0.000025,-0.000939,0.001570
0.001920,-0.006246,-0.000587
0.000912,-0.012703,0.004648
0.001795,-0.016943,0.001429
0.001700,-0.013732,0.000382
-0.000325,-0.005177,-0.001693
0.000628,0.004385,0.002635
0.001646,0.007596,0.001596
0.002694,0.008662,0.001598
0.003724,0.004417,-0.000562
-0.000151,0.006550,-0.000550
0.001837,0.011911,-0.002599
0.002881,0.011859,0.002720
0.003929,0.012966,-0.001520
0.002043,0.006565,-0.001556
0.002057,-0.000893,-0.002683
0.002001,-0.010475,-0.004888
0.000942,-0.010447,-0.008084
-0.000090,-0.001944,-0.004847
-0.001108,0.003363,-0.001612
0.000862,0.003361,-0.001633
-0.000079,0.003287,0.005802
0.000911,-0.004140,0.001499
0.002842,-0.008418,0.002558
0.001842,-0.005226,0.003668
0.002788,-0.000925,0.000515
0.004753,0.003365,-0.001570
0.003800,0.002322,-0.003702
0.003806,-0.003004,-0.004817
0.000824,-0.008334,-0.005958
0.000760,-0.006211,-0.004892
-0.003166,0.005539,-0.005844
-0.002190,0.008697,-0.001586
-0.001143,0.007579,0.003737
-0.001094,0.005435,0.004794
-0.000077,0.001145,0.006900
0.002862,-0.007382,0.005764
0.004796,-0.007373,0.004704
0.000860,-0.008409,0.001498
0.001811,-0.005218,0.002579
0.001752,-0.013723,-0.000685
0.003640,-0.010530,0.000382
0.002600,-0.012612,-0.004956
0.002496,-0.010499,-0.002808
0.002432,-0.006221,-0.003839
0.003369,0.000205,-0.005898
0.002382,0.001272,-0.005889
0.001424,0.010846,-0.002608
0.000512,0.017259,-0.003613
-0.000368,0.020431,-0.000382
0.000725,0.021488,0.000688
0.002798,0.018288,0.000667
0.002874,0.011906,-0.001525
0.003888,0.000208,-0.005871
0.003858,-0.008276,-0.011251
0.003738,-0.014673,-0.012387
0.000659,-0.018921,-0.014553
0.000509,-0.015741,-0.012410
0.000368,-0.014716,-0.008150
0.000266,-0.013660,-0.007086
-0.001760,-0.005176,-0.001693
-0.001788,0.000109,0.003665
-0.000781,0.004346,0.006899
0.001222,0.006479,0.006911
0.001299,0.005434,0.004794
0.004277,0.004398,0.001595
0.005275,0.000152,-0.000551
0.005263,0.003437,-0.009017
0.002311,0.003436,-0.009038
0.001313,0.007706,-0.009002
0.000368,0.013062,-0.011091
-0.000588,0.008739,-0.005823
-0.001523,0.007661,-0.004771
-0.001502,0.004440,-0.002678
0.002421,0.004440,-0.002678
0.000494,0.006563,-0.001612
-0.001420,0.004408,0.000505
0.001521,0.004410,0.000505
-0.000372,0.007600,0.001580
0.001607,0.006512,0.003714
0.002611,0.001187,0.002606
-0.000301,-0.002012,0.002599
-0.000314,-0.005202,0.001517
0.002569,-0.011572,-0.001723
0.005408,-0.012652,-0.000699
0.003366,-0.016899,-0.002837
0.001312,-0.020068,-0.006055
0.002167,-0.013666,-0.006006
0.000112,-0.009386,-0.007030
0.000072,0.003387,-0.003728
-0.001862,0.007625,-0.000487
-0.001813,0.010763,0.005922
0.000207,0.008618,0.006964
0.000293,0.005415,0.006929
0.003240,-0.002045,0.005789
0.001300,0.002235,0.004751
0.003268,-0.000936,0.001519
0.003257,-0.000895,-0.002739
0.002266,-0.000853,-0.006996
0.004165,-0.006165,-0.009152
0.004073,-0.006177,-0.008105
0.000122,0.004523,-0.011179
-0.001815,0.015121,-0.003652
0.000219,0.019327,0.002779
-0.002562,0.019337,0.001718
-0.000498,0.016097,0.005954
0.001564,0.009736,0.001655
0.004547,0.004398,0.001602
0.004566,0.002305,-0.002682
0.003575,0.000205,-0.005877
0.004512,-0.001920,-0.006978
0.003488,-0.001864,-0.012276
0.001477,0.000292,-0.014373
0.000446,0.002383,-0.010110
-0.002492,0.004465,-0.004779
-0.002466,0.006553,-0.000530
-0.000461,0.005465,0.001590
0.001534,0.007595,0.002667
0.002551,0.003348,0.000515
0.004514,0.004409,0.000505
0.002606,0.003363,-0.001626
0.003566,-0.004062,-0.005929
0.005455,-0.007220,-0.010187
0.003380,-0.016847,-0.008141
0.002286,-0.014722,-0.007041
-0.001729,-0.015800,-0.005989
-0.000861,-0.010486,-0.003827
-0.002856,-0.004130,0.000438
-0.003819,0.003319,0.002640
-0.001801,0.007560,0.005866
0.001196,0.006480,0.006897
0.003201,0.005447,0.003718
0.004201,0.001221,-0.000563
0.004195,0.002318,-0.003729
0.004184,0.001282,-0.006928
0.001261,0.006609,-0.005829
-0.000656,0.011913,-0.002599
0.000376,0.018305,-0.001475
-0.001460,0.018262,0.002769
-0.000387,0.013994,0.002732
0.002610,0.006513,0.003720
0.001682,-0.000927,0.000473
0.004587,-0.006243,-0.001709
0.002577,-0.003007,-0.004858
0.003499,0.000247,-0.010142
0.001502,0.002361,-0.007995
0.000524,0.003428,-0.007993
0.000506,0.000207,-0.005871
-0.000497,-0.004094,-0.002725
-0.001498,-0.003059,0.000468
0.000458,0.000100,0.004740
0.001444,0.004357,0.005831
0.002479,0.008666,0.001597
0.001575,0.012934,0.001641
0.002637,0.014001,0.001650
0.004675,0.016170,-0.001515
0.003780,0.015114,-0.002571
0.003841,0.012980,-0.002590
0.001952,0.010900,-0.007900
0.002959,0.008745,-0.005804
0.001030,0.009831,-0.007944
0.001053,0.008754,-0.006878
0.002040,0.006618,-0.006911
0.001064,0.002358,-0.008015
-0.001865,0.002306,-0.002696
0.000081,0.002338,-0.005872
0.000071,-0.000893,-0.002696
0.000056,-0.001957,-0.002707
-0.000923,0.001222,-0.000564
0.001032,0.002243,0.003683
0.001080,0.006513,0.003728
0.001147,0.009672,0.007978
0.002188,0.000069,0.007915
0.004169,-0.003085,0.002570
0.005107,-0.007320,-0.000637
0.004101,-0.006253,-0.000627
0.002105,-0.004108,-0.001670
-0.000849,0.005526,-0.003696
0.001126,0.007671,-0.004739
0.000187,0.004401,0.001608
0.000224,0.002235,0.004772
0.000240,-0.004157,0.003662
0.000210,-0.010602,0.007850
0.003070,-0.013772,0.004618
0.004950,-0.013731,0.000353
0.001949,-0.009409,-0.004929
0.001879,-0.002975,-0.008063
-0.000110,0.000217,-0.006960
-0.000119,0.004455,-0.003726
-0.001048,0.007635,-0.001569
-0.002938,0.009675,0.008020
-0.002843,0.008544,0.014384
-0.002710,0.011712,0.017588
-0.000643,0.007453,0.016483
0.004331,0.005340,0.014349
0.004395,0.004332,0.009026
0.004425,0.006521,0.003753
0.006397,0.000187,-0.003735
0.006382,0.000198,-0.004782
0.006340,-0.011475,-0.011251
0.003320,-0.012543,-0.011267
0.000288,-0.010423,-0.010200
-0.002725,-0.005141,-0.004863
-0.003745,-0.002000,0.001523
-0.004714,-0.002065,0.007875
0.000175,-0.003125,0.006792
0.002136,-0.005312,0.012085
0.002150,-0.003155,0.010010
0.003157,0.001126,0.009007
0.004159,-0.000953,0.003689
0.007106,-0.001967,-0.001625
0.003171,-0.006236,-0.001655
0.000182,-0.004070,-0.004833
-0.002750,0.003307,0.004801
-0.000760,0.008654,0.003794
0.001249,0.005388,0.010125
0.000325,-0.003138,0.008996
0.002289,-0.012747,0.008907
0.004158,-0.020165,0.003523
0.004016,-0.025457,-0.000790
0.005783,-0.024306,-0.009296
0.002697,-0.016816,-0.011367
0.000619,-0.006166,-0.009144
-0.002352,0.002326,-0.004839
-0.002330,0.007621,-0.000528
-0.003237,0.009706,0.004816
-0.001207,0.012855,0.010163
-0.000105,0.016014,0.014456
0.000047,0.014946,0.014440
0.003115,0.011755,0.013337
0.005154,0.002214,0.006880
0.008077,-0.006235,-0.001684
0.005088,-0.010441,-0.008101
0.002063,-0.006163,-0.009124
0.001010,-0.004018,-0.010159
-0.001000,0.001275,-0.005862
-0.003906,0.005480,0.000549
-0.003875,0.000050,0.010058
-0.003820,-0.003184,0.013213
-0.000877,-0.005360,0.017438
0.001089,-0.007495,0.017398
0.003064,-0.007443,0.012108
0.005002,-0.004199,0.007892
0.006940,-0.007327,0.000409
0.009821,-0.010463,-0.005964
0.008759,-0.010442,-0.008093
0.002814,-0.006097,-0.015462
0.000814,-0.001907,-0.008004
-0.002136,0.006587,-0.003685
-0.003073,0.012948,0.000593
-0.002983,0.012905,0.004837
-0.002881,0.009664,0.009052
-0.001823,0.005396,0.009015
0.002127,-0.002096,0.011093
0.002142,-0.007399,0.007864
0.003089,-0.008423,0.003610
0.004012,-0.009480,0.002540
0.002968,-0.007293,-0.002775
0.002945,-0.003045,-0.000602
0.001957,-0.001998,0.001536
0.000972,-0.002009,0.002590
0.000992,-0.003056,0.000460
0.000022,-0.000944,0.002586
0.001970,0.002265,0.001540
0.001019,0.008636,0.004786
0.002062,0.011861,0.002706
0.002153,0.018285,0.000646
0.004194,0.018278,0.001728
0.002334,0.010829,-0.000460
0.003365,0.002282,0.000555
0.004327,-0.011582,-0.000655
0.001332,-0.015832,-0.002813
-0.000750,-0.021180,-0.001820
-0.000885,-0.017981,-0.001812
-0.001954,-0.014823,0.002446
-0.002023,-0.008448,0.005705
-0.000125,-0.010583,0.005686
0.001781,-0.011634,0.004650
0.001759,-0.007399,0.007856
0.000796,-0.003143,0.008955
0.003765,0.009715,0.003748
0.002887,0.017166,0.005942
0.003013,0.021435,0.005986
0.005096,0.017211,0.001704
0.002281,0.013999,0.002744
0.001374,0.010827,-0.000459
0.000460,0.012939,0.001675
0.001499,0.010826,-0.000466
0.001564,0.007623,-0.000507
0.002550,0.002288,-0.000568
0.001581,-0.000892,-0.002718
0.002531,-0.001952,-0.003809
0.001546,0.000171,-0.002736
0.001535,0.001249,-0.003773
0.000545,0.000182,-0.003776
0.002478,-0.003026,-0.002744
0.000495,-0.003014,-0.003798
0.001453,0.001221,-0.000549
0.001459,-0.000954,0.003704
0.002475,-0.002009,0.002661
0.002467,-0.007362,0.004736
0.003382,-0.017973,-0.001751
0.003259,-0.020076,-0.004966
0.000208,-0.019011,-0.004992
0.002049,-0.012600,-0.006018
0.001014,-0.001939,-0.004871
0.000035,0.003365,-0.001641
-0.000904,0.007600,0.001594
0.000125,0.008636,0.004807
0.001175,0.008640,0.004827
0.001238,0.013945,0.008071
0.002333,0.019278,0.008111
0.004410,0.016119,0.003839
0.006462,0.011896,-0.000479
0.007468,0.003421,-0.006940
0.006464,-0.000816,-0.010167
0.004472,-0.001851,-0.013359
0.000497,0.001330,-0.011196
-0.003405,0.010881,-0.005807
-0.004333,0.017239,-0.001485
-0.004225,0.017156,0.007024
-0.002143,0.011764,0.012283
-0.001092,-0.001072,0.015375
0.001881,-0.005272,0.008978
0.005781,-0.006321,0.006812
0.006701,-0.011604,0.001432
0.006643,-0.013665,-0.006028
0.006507,-0.016815,-0.011360
0.005403,-0.008258,-0.013421
-0.000530,0.005605,-0.012225
-0.001512,0.011968,-0.007891
-0.005351,0.016154,0.000669
-0.003255,0.022515,0.004976
-0.003104,0.018181,0.011277
-0.000060,0.009611,0.014371
0.002965,0.006449,0.010079
0.004950,0.000098,0.004705
0.007858,-0.005173,-0.001715
0.007807,-0.006186,-0.007023
0.003828,-0.007200,-0.012323
0.000807,-0.008277,-0.011257
-0.002191,-0.005105,-0.008026
-0.004182,-0.004100,-0.001630
-0.004202,-0.002025,0.004753
-0.003201,0.000055,0.010056
-0.002161,-0.001071,0.015325
0.000811,0.001084,0.013215
0.004760,0.000070,0.007908
0.006751,0.003259,0.008976
0.007765,0.004424,-0.000543
0.006829,0.004457,-0.003712
0.005845,0.007705,-0.007916
0.003892,0.002402,-0.011138
-0.000032,0.001334,-0.011147
-0.000073,0.001290,-0.006917
-0.001069,-0.003027,-0.002730
-0.001083,0.000174,-0.002709
-0.003025,0.003321,0.002596
-0.002031,0.000100,0.004711
-0.001058,0.000095,0.005792
0.001874,-0.007362,0.004693
0.005730,-0.014815,0.002500
0.003675,-0.015848,-0.000672
0.001639,-0.008381,-0.000613
-0.001332,0.000166,-0.001613
-0.001299,0.009740,0.001646
-0.001212,0.009696,0.005869
0.000802,-0.000984,0.006822
0.001830,0.001139,0.007895
0.001848,0.001141,0.007915
0.003814,0.000105,0.004709
0.003847,0.010793,0.002711
0.003920,0.015115,-0.002550
0.004974,0.014085,-0.005730
0.005032,0.010927,-0.009995
0.000195,0.010932,-0.011075
0.000206,0.007688,-0.006859
0.000238,0.004431,-0.001610
-0.000724,0.001196,0.001524
-0.002660,-0.005212,0.002513
-0.000746,-0.011635,0.004593
0.002079,-0.015865,0.000320
0.004917,-0.015863,0.000341
0.003855,-0.007300,-0.001708
0.004775,-0.005131,-0.004845
0.003765,0.000198,-0.004803
0.000848,0.006569,-0.001557
-0.001061,0.009759,-0.000461
-0.000992,0.008650,0.003781
-0.000919,0.005408,0.007989
0.000117,0.004330,0.009034
0.003094,0.001140,0.007944
0.003124,-0.003097,0.004717
0.006015,-0.010526,0.000409
0.003022,-0.011520,-0.007049
0.002902,-0.010449,-0.007041
0.002826,-0.002959,-0.009104
-0.000146,0.002312,-0.002713
0.000848,0.005491,-0.000570
0.002823,0.005456,0.002629
0.002826,-0.003091,0.003622
0.000874,-0.003068,0.001507
0.001832,-0.000869,-0.004827
0.004737,0.005534,-0.004771
0.002804,0.008726,-0.003668
-0.000075,0.015144,-0.004653
-0.000007,0.014055,-0.002541
-0.001872,0.009751,0.000599
-0.002785,0.002218,0.006907
-0.000811,-0.003106,0.005778
0.001134,-0.007377,0.005713
0.004031,-0.010544,0.002501
0.005908,-0.012679,0.002475
0.004849,-0.012588,-0.007108
0.006698,-0.006141,-0.011275
0.002721,-0.000806,-0.011207
0.001734,0.007744,-0.012165
0.000794,0.015152,-0.005735
-0.002048,0.016157,0.000668
-0.001943,0.015066,0.002768
-0.000872,0.009688,0.006965
0.001132,0.002238,0.004764
0.004060,-0.003067,0.001514
0.003053,-0.007337,0.001455
0.003960,-0.007253,-0.007046
0.003908,0.001325,-0.011208
0.003854,0.003418,-0.006932
0.001895,0.001330,-0.011160
-0.002032,0.001287,-0.006923
-0.001079,-0.001942,-0.003741
-0.001084,-0.007353,0.003632
0.000858,-0.000972,0.005803
-0.000107,-0.000983,0.006850
0.000880,0.000133,0.001535
0.002835,-0.002003,0.001502
0.005744,0.000178,-0.002731
0.003798,0.006603,-0.004777
0.002855,0.012969,-0.001529
0.002925,0.015147,-0.005740
0.001070,0.017284,-0.005708
0.001166,0.014063,-0.003593
0.002200,0.005503,-0.001560
-0.000736,-0.004101,-0.001651
-0.001737,-0.006229,-0.002771
-0.000827,-0.010518,-0.000666
0.001056,-0.010490,-0.002783
0.001967,-0.010513,-0.000682
0.000933,-0.005159,-0.002749
0.000889,-0.006226,-0.002751
0.000842,-0.007355,0.003619
0.002777,-0.007375,0.005755
0.002749,-0.008413,0.002535
0.001747,-0.009481,0.002512
0.002646,-0.013726,0.000366
0.003537,-0.007305,-0.001735
0.000581,0.002325,-0.003753
0.001572,0.009773,-0.001566
0.003576,0.015084,0.000604
0.004663,0.014051,-0.002561
0.002776,0.007671,-0.004746
0.000865,0.004470,-0.004767
0.001848,0.004460,-0.003721
0.001841,0.005527,-0.003711
0.002831,0.006605,-0.004784
0.001870,0.004471,-0.004796
0.001877,0.002304,-0.001617
0.001860,-0.000898,-0.001652
0.001858,0.001239,-0.001620
0.002835,0.001230,-0.000538
0.003812,-0.000906,-0.000563
0.001847,-0.003062,0.001533
0.000876,-0.000908,-0.000577
0.001836,-0.004098,-0.001666
0.002783,-0.007323,0.000415
0.002743,-0.004113,-0.000639
-0.000199,-0.004101,-0.001686
0.002679,-0.000878,-0.003780
0.003643,0.003378,-0.002689
0.002688,0.001256,-0.003747
0.001709,0.003413,-0.005859
0.000708,-0.000897,-0.001645
-0.000292,-0.003019,-0.002697
0.003585,-0.003019,-0.002697
0.000639,-0.002996,-0.004819
0.001567,-0.003029,-0.001650
0.001539,-0.004153,0.003639
0.000552,-0.005179,-0.000635
0.002466,-0.008365,-0.001725
0.004359,-0.008388,0.000376
0.000386,-0.004106,-0.001713
0.002313,0.002275,0.000465
0.000381,0.006565,-0.001613
0.002369,0.006555,-0.000545
0.002412,0.003366,-0.001613
0.004360,0.000155,-0.000559
0.004343,-0.006219,-0.002718
0.005265,-0.008323,-0.005934
0.003282,-0.000856,-0.005903
0.001318,0.009826,-0.006871
0.000395,0.016184,-0.002591
0.001443,0.011905,-0.001560
0.001501,0.007619,0.000537
-0.000422,0.005507,-0.001590
-0.000398,0.005473,0.001601
0.001596,0.009709,0.004808
0.003607,0.008674,0.001622
0.003650,0.005493,-0.000534
0.005591,-0.004091,-0.002754
0.004560,-0.011505,-0.008090
0.004441,-0.018962,-0.009224
0.003304,-0.018931,-0.012414
0.002199,-0.011464,-0.012341
0.000175,-0.000817,-0.010167
-0.000830,0.005546,-0.005840
-0.002738,0.009782,-0.002633
-0.000750,0.005517,-0.002665
-0.001668,0.007577,0.004788
0.002252,0.002286,0.000511
0.003241,-0.000925,0.001558
0.006166,-0.001970,-0.000581
0.005160,-0.007274,-0.003810
0.006068,-0.009390,-0.005957
0.004998,-0.011492,-0.009159
0.001966,-0.009349,-0.010215
-0.002008,-0.004005,-0.011250
-0.003999,0.006602,-0.004783
-0.002987,0.012919,0.003761
-0.001925,0.011835,0.005894
0.001091,0.004345,0.007964
0.003089,-0.003150,0.010015
0.004048,-0.004183,0.006857
0.004995,-0.009475,0.002552
0.006888,-0.012613,-0.003856
0.009725,-0.012551,-0.010235
0.004735,-0.013577,-0.014509
0.001678,-0.009326,-0.012345
-0.001338,-0.002935,-0.011248
-0.002364,0.001290,-0.006931
-0.002341,0.003319,0.003711
-0.001336,0.004352,0.006897
0.000649,0.000105,0.004738
0.001625,-0.002029,0.004698
0.003574,-0.003064,0.001505
0.002606,-0.000887,-0.002727
0.004532,0.001279,-0.005885
0.005495,0.000232,-0.008030
0.002566,0.003435,-0.007981
0.001571,-0.000864,-0.004835
0.000574,0.001271,-0.004810
-0.000413,0.004450,-0.002653
-0.001367,0.008685,0.000554
-0.002276,0.016098,0.005925
0.000755,0.018234,0.005958
0.002834,0.016101,0.005924
0.004897,0.011854,0.003758
0.005928,0.004439,-0.001584
0.005918,0.002327,-0.003733
0.002984,0.004512,-0.009039
0.002975,0.004523,-0.010093
0.002956,0.002398,-0.011180
0.001951,-0.001914,-0.006987
-0.000014,0.000201,-0.004840
-0.000032,0.000146,0.000445
-0.000044,0.004437,-0.001626
0.000960,0.007639,-0.001584
0.001997,0.009773,-0.001587
0.002049,0.011921,-0.002602
0.001119,0.009787,-0.002599
0.002136,0.009797,-0.003660
0.002159,0.001259,-0.003727
0.002154,-0.005165,-0.001661
0.003076,-0.010500,-0.001708
0.002988,-0.015793,-0.005999
0.000944,-0.012616,-0.003883
0.000863,-0.008379,-0.000656
0.000826,-0.004099,-0.001687
0.002742,-0.006232,-0.001692
0.002725,-0.001945,-0.003804
0.001736,0.000159,-0.000582
0.001733,0.005486,0.000532
0.000798,0.011899,-0.000480
0.000878,0.016146,0.001694
0.000982,0.011868,0.002731
0.001051,0.011903,-0.000467
0.002108,0.007635,-0.000497
0.004069,0.003392,-0.003730
0.005022,-0.004037,-0.008060
0.003018,-0.007204,-0.011257
0.000976,-0.009339,-0.011290
0.001826,-0.014651,-0.013445
0.001720,-0.011503,-0.008112
-0.001297,-0.011527,-0.006003
-0.000394,-0.009414,-0.003870
0.000517,-0.006244,-0.000645
0.000502,0.000116,0.003655
-0.000442,0.003266,0.009002
-0.002326,0.008657,0.003764
0.001634,0.007579,0.004801
0.004616,0.005446,0.004790
0.005636,0.005466,0.002675
0.003716,0.002317,-0.002665
0.004673,-0.000845,-0.006943
0.006590,-0.001870,-0.011210
0.003587,-0.008262,-0.012341
0.002520,-0.008262,-0.012341
0.001448,-0.010408,-0.011284
-0.002535,-0.004049,-0.007005
-0.001596,0.001212,0.000490
-0.003515,0.007562,0.005851
-0.002466,0.010770,0.005876
-0.000422,0.011794,0.010130
0.003587,0.008603,0.009048
0.003671,0.006502,0.005867
0.002717,0.000101,0.005832
0.003708,-0.002023,0.004752
0.003715,0.000151,0.000514
0.006626,-0.000939,0.002613
0.004683,0.000172,-0.001637
0.002750,0.002295,-0.000564
0.001783,-0.000897,-0.001652
0.000775,-0.004067,-0.004870
0.001703,-0.006201,-0.004867
-0.000302,-0.000877,-0.003774
-0.001296,0.001226,-0.000551
0.000679,0.004405,0.001592
-0.000259,0.005464,0.002676
0.002719,0.005443,0.004798
0.001788,0.005467,0.002661
0.002811,0.005433,0.005823
