-0.003932,-0.132978,0.012330
-0.001307,-0.081750,0.014836
-0.005351,-0.022002,0.016412
-0.000458,0.029327,0.020830
0.003549,0.049525,0.028524
0.002733,0.047322,0.033914
0.001921,0.031262,0.034965
0.004912,0.000294,0.034762
0.005851,-0.027421,0.032358
-0.003007,-0.042210,0.015106
-0.005099,-0.034591,0.000138
-0.009145,-0.023801,-0.010539
-0.006280,-0.009850,-0.021085
0.000595,0.008459,-0.039150
0.007483,0.023487,-0.049713
0.004592,0.026649,-0.044354
0.006922,0.035112,-0.034676
0.009244,0.038173,-0.017552
0.009031,0.043415,-0.005758
0.008976,0.042255,0.003888
0.007452,0.037940,0.009204
0.003236,0.028314,0.012318
-0.003806,0.012292,0.012221
-0.005794,-0.003761,0.014298
-0.000924,-0.013400,0.018490
-0.000819,-0.045190,0.207624
0.006086,-0.097202,0.426776
0.016286,-0.086567,0.175273
0.008621,-0.030284,-0.014567
-0.000622,-0.020619,-0.012554
-0.007445,-0.019487,-0.016896
-0.003326,0.013529,-0.008081
-0.003229,0.007163,-0.011369
0.002720,0.019995,-0.012375
0.003615,0.021119,-0.018789
0.002887,0.018946,-0.014522
0.003030,0.015708,-0.010272
0.003002,0.013496,-0.001721
0.004939,0.010248,0.001511
0.003842,0.004925,-0.000659
0.001769,-0.001523,0.004634
-0.001268,-0.011140,0.004587
-0.000323,-0.014361,0.006704
-0.000329,-0.019686,0.003492
-0.003290,-0.024999,0.001298
-0.004304,-0.027081,-0.005130
-0.005295,-0.016408,-0.005044
-0.005328,0.001751,-0.004940
-0.003298,0.013545,-0.010215
-0.000247,0.018905,-0.011279
0.000874,0.020050,-0.020886
0.004881,0.017894,-0.018756
0.002992,0.016789,-0.014482
0.003045,0.013559,-0.012342
0.003015,0.008179,-0.009136
0.001994,0.004927,-0.002757
-0.000980,0.004894,0.002562
-0.000048,-0.001491,-0.000676
-0.001029,-0.002598,0.004649
-0.000041,-0.010042,0.002427
-0.002001,-0.015388,0.003451
-0.002030,-0.016455,0.003443
-0.001082,-0.007900,0.002424
-0.004988,-0.000418,0.002455
-0.003022,0.007061,0.001447
0.002919,0.011335,-0.000622
0.003936,0.009212,-0.001715
0.004947,0.002772,0.002510
0.001073,-0.003630,0.002457
0.000075,-0.008966,0.001365
0.002018,-0.015338,-0.001903
-0.000947,-0.016404,-0.002962
-0.001993,-0.012140,-0.002916
-0.003032,-0.009979,-0.006106
-0.003063,-0.005724,-0.003942
0.002807,-0.001447,-0.003927
0.003804,0.000686,-0.002861
0.003824,0.003841,0.002516
0.003849,0.000634,0.003550
0.002898,0.000628,0.004610
-0.000025,0.003835,0.004623
-0.000033,0.000594,0.008883
-0.001026,-0.000444,0.004614
-0.001981,0.002788,0.001424
-0.002958,0.000666,-0.000717
-0.001986,0.001728,-0.001741
-0.002951,-0.001432,-0.006058
0.000941,0.003886,-0.004921
0.001933,0.008175,-0.007032
0.001921,0.006024,-0.003869
0.002915,0.009207,-0.001702
0.001972,0.008168,-0.003875
0.000050,0.009234,-0.004909
0.000043,0.013480,-0.001678
0.001078,0.011345,-0.000646
0.002052,0.009196,0.001466
0.001094,0.005942,0.008896
0.002071,0.000607,0.007804
0.001110,-0.004690,0.005566
0.001069,-0.006946,0.017369
0.000071,-0.009131,0.021668
-0.002859,-0.005880,0.015290
-0.002888,0.001611,0.012161
-0.002861,0.006990,0.005817
-0.002849,0.012378,0.000496
0.000118,0.013449,0.000496
-0.000837,0.012387,0.000475
-0.000801,0.011339,-0.002722
0.000198,0.013519,-0.007007
0.001220,0.010366,-0.013435
0.002180,0.010335,-0.010218
0.001185,0.008178,-0.007037
0.000235,0.002797,-0.001735
0.001204,-0.001485,-0.000690
0.000219,-0.004696,0.001400
0.001185,-0.005760,0.001383
0.002158,-0.007868,-0.000796
0.002136,-0.011091,0.003418
0.000154,-0.015404,0.009772
-0.000855,-0.018615,0.010816
-0.000886,-0.016500,0.011929
-0.001857,-0.015402,0.008722
-0.001877,-0.011102,0.004493
-0.000926,-0.003636,0.003519
-0.003851,0.000645,0.003521
-0.002849,0.000714,-0.006070
-0.002837,0.000693,-0.002878
-0.001864,-0.000362,-0.003964
0.000097,-0.001424,-0.006079
0.000088,-0.001373,-0.013533
0.004002,0.003996,-0.017757
0.004963,0.006101,-0.014525
0.002995,0.008192,-0.009164
0.002046,0.008141,-0.003803
0.002069,0.005977,-0.000607
0.001075,0.000609,0.003617
0.002079,0.001712,0.001440
0.000100,-0.002596,0.005691
-0.000849,-0.004700,0.003502
-0.002823,-0.006837,0.006628
-0.002851,-0.010072,0.009828
-0.001916,-0.010069,0.009819
-0.001918,-0.005768,0.005586
-0.000933,-0.003645,0.005636
0.000030,0.002775,0.002507
0.000045,0.003851,0.001446
0.001032,0.003836,0.001485
0.002019,0.003818,0.003623
0.001052,0.003818,0.002577
-0.000904,0.002782,-0.001697
-0.000898,0.002809,-0.003861
0.000082,-0.002503,-0.006057
-0.000902,-0.003569,-0.006069
-0.000929,-0.009994,-0.001880
-0.000978,-0.007851,-0.001884
0.000001,-0.005722,-0.000808
0.000963,-0.007856,-0.001873
-0.000023,-0.006792,-0.001855
0.001918,-0.007841,-0.002955
0.000950,-0.002528,0.002375
0.001935,-0.006817,0.003440
0.002895,-0.007953,0.008839
0.002876,-0.005818,0.008856
-0.000052,-0.004714,0.003539
0.000912,-0.006820,-0.000735
-0.000059,-0.005743,0.001338
-0.001053,0.000718,-0.006078
-0.004013,0.009217,-0.002770
-0.002030,0.015623,-0.002726
0.000937,0.019859,-0.001561
-0.000930,0.027414,-0.011131
0.000093,0.028515,-0.014347
-0.000824,0.027399,-0.008998
0.000176,0.023111,-0.006894
0.001226,0.018825,-0.003746
0.002236,0.011325,0.000453
-0.001665,0.008118,0.001487
-0.002641,0.001750,-0.001796
-0.001650,0.001760,-0.001821
0.000286,0.001761,-0.002871
0.001276,-0.000388,-0.001803
0.000316,-0.003578,-0.002906
0.000295,-0.007850,-0.001886
0.002252,-0.009997,-0.000825
0.002221,-0.010021,0.002376
0.001197,-0.006809,0.002374
0.000228,-0.002560,0.003506
-0.001746,0.000604,0.007815
-0.000772,0.002755,0.006741
0.001178,0.001652,0.011008
0.002164,-0.004741,0.008837
0.002147,-0.005813,0.009889
0.000162,-0.003655,0.004614
-0.001799,0.002736,0.004700
-0.002783,0.009144,0.004740
-0.002747,0.017717,0.001581
-0.003689,0.019859,0.000531
-0.003617,0.020953,-0.002667
-0.000641,0.019919,-0.005898
0.000408,0.009273,-0.008145
-0.002504,0.003966,-0.010358
-0.004449,-0.001364,-0.010417
-0.001535,0.000748,-0.008249
0.000408,0.003955,-0.009284
0.000399,0.005005,-0.007138
0.003366,0.003918,-0.006050
0.004334,0.000666,0.000332
0.006290,-0.002526,-0.001812
0.005295,-0.007899,0.001379
0.005269,-0.010035,0.000321
0.004271,-0.010076,0.005657
0.002265,-0.006871,0.005673
0.001272,-0.003672,0.006752
-0.000691,0.000571,0.009991
-0.000681,0.001674,0.007814
0.000324,-0.002565,0.002474
0.000305,-0.002557,0.002453
-0.000676,-0.004685,0.000326
-0.001657,0.000641,0.004580
-0.000698,0.002720,0.011018
-0.001650,0.003781,0.012087
-0.001611,0.002710,0.012088
0.000340,0.002734,0.009936
-0.002577,0.002738,0.007834
-0.003569,0.002748,0.005716
-0.001597,0.004911,0.001475
-0.000615,0.001737,0.000331
-0.003573,0.000693,-0.002875
-0.002573,-0.006783,-0.002922
-0.004566,-0.004615,-0.006130
-0.000675,-0.001410,-0.007158
0.002232,0.002867,-0.009236
0.003204,0.003925,-0.007113
0.004183,0.009227,-0.002797
0.005163,0.007075,-0.000677
0.004236,0.009198,0.000417
0.003287,0.002774,0.002510
0.002328,0.002762,0.003588
0.000360,-0.000426,0.001434
-0.000589,-0.001498,0.002485
-0.001581,0.000640,0.002492
-0.002525,0.001730,-0.000696
-0.002511,-0.002537,-0.000735
-0.002518,-0.008938,-0.000794
-0.000562,-0.007868,-0.001838
0.001359,-0.009991,-0.002932
0.000318,-0.011072,-0.001860
0.001262,-0.008939,-0.002885
0.001246,-0.008905,-0.005062
0.001258,-0.013180,-0.004036
0.003144,-0.011096,0.001342
0.002130,-0.010048,0.004538
0.002109,-0.008984,0.004555
0.002096,-0.016457,0.005548
-0.000848,-0.011109,0.004511
0.001091,-0.007947,0.009870
-0.002880,-0.001556,0.012048
-0.002881,0.010170,0.015317
-0.004783,0.018717,0.013270
-0.006674,0.019840,0.006857
-0.006599,0.014525,0.003622
-0.005567,0.011390,-0.004943
-0.005529,0.007191,-0.013529
-0.005541,0.002906,-0.012475
-0.003616,0.005062,-0.013560
-0.001665,0.009427,-0.026324
0.003325,0.013768,-0.035887
0.006244,0.011594,-0.031620
0.010135,0.016834,-0.020868
0.010163,0.010389,-0.013491
-0.002511,0.003892,-0.003887
0.005367,0.002797,0.000361
0.008243,-0.004744,0.006757
0.007278,-0.004748,0.006767
0.006283,-0.003705,0.009976
0.001370,0.000581,0.008923
-0.003515,0.002687,0.013196
-0.004488,0.009065,0.018544
-0.002507,0.007970,0.021743
-0.003432,0.009091,0.015339
-0.006316,0.006997,0.009987
-0.010195,0.009177,0.003609
-0.002382,0.009190,0.001484
-0.002385,0.007041,0.001504
-0.000410,0.004919,0.000411
-0.002379,-0.002556,0.000362
0.000556,-0.003640,0.002488
0.003437,-0.011093,-0.000758
0.000483,-0.013239,0.000301
0.002392,-0.015344,-0.002930
0.004316,-0.018514,-0.005129
0.001369,-0.018490,-0.007285
-0.001620,-0.017436,-0.005150
-0.001669,-0.012064,-0.007291
-0.001694,-0.007804,-0.006187
0.000244,-0.002480,-0.005068
0.002202,-0.000375,-0.001836
0.003203,0.004969,-0.001812
0.002240,0.003888,0.000307
0.001272,0.004929,0.003521
0.001307,0.001702,0.005652
0.000333,-0.001581,0.014204
0.001288,-0.004797,0.016307
-0.001626,-0.012258,0.014130
-0.000672,-0.014371,0.010920
-0.002661,-0.017522,0.003441
-0.003688,-0.017514,0.002373
-0.002759,-0.017480,-0.000851
-0.002819,-0.015339,-0.001898
0.001063,-0.012115,-0.004020
0.001047,-0.007902,0.001387
0.000030,-0.004687,0.000334
0.001993,0.000619,0.004639
0.000993,0.008108,0.002559
0.000994,0.010262,0.002528
0.002037,0.012393,0.002554
0.000088,0.013428,0.006829
0.001095,0.007053,0.003565
-0.000834,0.007023,0.006781
0.002099,0.008087,0.006798
0.004073,0.004913,0.003562
0.001144,0.004858,0.008933
-0.000797,0.002738,0.005742
0.001167,-0.001529,0.004658
0.001149,-0.011112,0.002430
-0.003726,-0.016369,-0.006188
-0.010584,-0.015289,-0.006210
-0.011632,-0.007753,-0.013642
-0.006748,-0.006649,-0.018958
-0.001846,-0.005520,-0.024339
0.000087,-0.005504,-0.026474
-0.001846,-0.000165,-0.027483
0.001082,0.006210,-0.023172
0.003037,0.007223,-0.017793
0.007947,0.012466,-0.007049
0.006977,0.009232,-0.002808
0.005073,0.010244,0.003621
0.005118,0.007038,0.003606
0.002206,-0.000456,0.006741
0.002187,-0.005791,0.005649
-0.002691,-0.013304,0.009883
-0.003709,-0.018659,0.011980
-0.003805,-0.019712,0.010890
-0.002840,-0.013302,0.009879
-0.000945,-0.007949,0.007785
-0.001904,-0.005779,0.003527
-0.001921,0.000645,0.001436
-0.000953,0.003860,0.000383
0.001991,0.003855,0.000393
0.000052,0.007043,0.002546
0.001044,0.010273,-0.000636
0.000086,0.012374,0.002605
0.001076,0.009178,0.001517
0.003068,0.007050,0.001482
0.000126,0.000636,0.002504
0.002074,-0.000419,0.001418
0.001092,0.001705,0.003555
0.000094,0.000637,0.003547
-0.000871,-0.000401,0.001371
0.001062,-0.001482,0.003492
0.001070,-0.002564,0.004565
0.002036,-0.003612,0.003460
-0.001887,0.002786,0.004572
-0.004791,0.007075,0.001417
-0.004755,0.014584,-0.005941
-0.005667,0.014586,-0.006991
-0.003724,0.014609,-0.010190
-0.001712,0.007137,-0.010248
0.001222,0.003929,-0.011303
0.002198,0.003877,-0.003849
0.003174,0.006084,-0.009246
0.001267,0.004992,-0.007099
0.003202,0.002834,-0.002870
0.002213,0.002811,-0.001765
0.001294,-0.002551,0.000348
0.000306,-0.007892,0.000316
-0.001661,-0.006811,-0.000756
-0.001673,-0.007865,-0.000800
-0.001706,-0.008990,0.005617
-0.001763,-0.011099,0.004486
0.000162,-0.012170,0.007629
-0.000827,-0.011101,0.006586
0.001104,-0.011089,0.004463
0.000107,-0.006864,0.009840
0.000067,-0.010094,0.010936
0.002007,-0.009057,0.014159
0.000025,-0.010135,0.015223
-0.000008,-0.014381,0.011993
0.000931,-0.014355,0.008789
-0.002031,-0.013252,0.004522
-0.003049,-0.008968,0.002424
-0.004052,-0.003584,-0.002887
-0.003063,-0.000387,-0.002849
-0.002066,0.001753,-0.001800
0.000857,0.001754,-0.002848
0.001845,0.004937,0.000365
0.000881,0.009227,-0.001747
0.000911,0.009223,-0.001738
0.001918,0.010285,-0.000670
0.000928,0.013466,0.001501
0.000971,0.018788,0.003673
0.000999,0.016680,0.000451
0.000049,0.014534,0.002556
0.000100,0.012382,0.004677
0.001096,0.010278,0.000396
0.000119,0.006008,0.000363
-0.000849,0.002815,-0.000732
0.000109,-0.002549,0.002432
0.001061,-0.002559,0.003507
0.001054,0.001674,0.006773
-0.002852,0.002713,0.008946
-0.001877,0.001646,0.008938
-0.001862,0.003742,0.013239
0.000106,0.003773,0.008973
-0.001831,0.001655,0.006822
-0.002813,-0.000468,0.005728
-0.001838,-0.002549,0.000343
-0.002801,-0.002536,-0.000735
-0.002790,-0.003570,-0.005015
-0.002790,-0.003555,-0.006102
-0.002818,-0.000361,-0.005009
-0.001818,0.001850,-0.012510
0.002107,0.002970,-0.019959
0.004062,-0.001291,-0.021060
0.004060,-0.001322,-0.017844
0.004037,-0.002454,-0.010362
0.003047,-0.004601,-0.009302
0.004024,-0.000371,-0.003934
0.002036,-0.002546,0.002429
0.002038,-0.006812,0.004479
0.000081,-0.006820,0.004497
0.000062,-0.007907,0.007677
-0.003885,-0.009063,0.019403
-0.003915,-0.004828,0.023711
-0.002913,0.001596,0.019526
-0.004861,0.003715,0.020629
-0.002905,0.010152,0.015363
0.001039,0.008070,0.008934
0.002026,0.005940,0.005771
0.002054,0.007047,0.000444
-0.003774,0.008150,-0.003822
-0.002791,0.009246,-0.008071
-0.003743,0.009251,-0.010177
-0.001772,0.014733,-0.024110
-0.001689,0.019073,-0.033673
-0.000675,0.024440,-0.036846
-0.002615,0.021219,-0.033684
0.004270,0.021161,-0.026212
0.006258,0.016828,-0.018761
0.007273,0.015682,-0.009151
0.007282,0.010265,-0.000616
0.005358,0.009169,0.003632
0.004394,0.011273,0.007912
0.004418,0.008080,0.006819
0.003450,0.009124,0.011072
0.001500,0.004786,0.018538
-0.000474,0.003672,0.024923
-0.002397,0.000435,0.029173
-0.001397,-0.003781,0.023773
-0.003343,-0.006917,0.015208
-0.005311,-0.012223,0.010902
-0.006317,-0.015349,0.001268
-0.004373,-0.013193,-0.002954
-0.005412,-0.008904,-0.006109
-0.007353,-0.002459,-0.012439
-0.003479,0.001838,-0.014571
-0.000529,0.002950,-0.020955
0.003430,0.001908,-0.023118
0.002422,-0.004527,-0.019952
0.002411,-0.005628,-0.014644
0.003354,-0.005678,-0.008238
0.003346,-0.004685,0.000329
0.003340,-0.000430,0.002491
0.003321,0.002732,0.007850
-0.000595,0.010202,0.007914
0.001389,0.012358,0.007876
0.000436,0.016608,0.010050
-0.000494,0.018787,0.004723
0.003439,0.016624,0.011054
0.001521,0.012332,0.012126
-0.000405,0.011268,0.012109
-0.001326,0.010211,0.009981
-0.003250,0.009193,0.002525
-0.002268,0.000650,0.002468
-0.002260,-0.006786,-0.002909
-0.002291,-0.011065,-0.001874
-0.002318,-0.018534,-0.001940
-0.001395,-0.027088,-0.000919
-0.001450,-0.029232,-0.000914
-0.003459,-0.028164,-0.000906
-0.000595,-0.022839,0.001259
0.000299,-0.015355,0.000239
0.001255,-0.006812,0.000292
0.004177,-0.002544,0.001376
0.004166,0.006008,0.000364
0.004168,0.011358,0.000369
0.003195,0.020988,-0.002753
0.002301,0.028487,-0.004860
0.002393,0.032735,-0.003723
0.002440,0.029550,-0.005885
0.003480,0.023049,0.004774
0.000600,0.018787,0.002631
0.000646,0.007011,0.006813
0.000649,0.001690,0.005685
-0.000325,-0.004698,0.003502
-0.003262,-0.010063,0.005625
-0.005245,-0.013295,0.007771
-0.003341,-0.012239,0.009898
-0.004317,-0.016455,0.002404
-0.005326,-0.016437,0.000267
-0.006330,-0.015314,-0.005098
-0.006377,-0.009969,-0.006126
-0.002497,-0.012081,-0.007247
-0.000582,-0.005659,-0.009335
-0.000598,-0.001408,-0.007162
0.001363,0.002900,-0.009321
0.005302,0.005076,-0.013593
0.006280,0.002911,-0.010394
0.007256,0.002892,-0.009298
0.005328,0.000706,-0.003952
0.003376,0.000674,-0.000730
0.003375,-0.000415,0.001408
0.003364,-0.004727,0.005668
0.000432,-0.008980,0.004549
0.001380,-0.015413,0.006664
0.000368,-0.017553,0.007707
-0.003568,-0.016590,0.020537
-0.004655,-0.015565,0.026931
-0.004674,-0.013419,0.025872
-0.003704,-0.010164,0.019484
-0.005661,-0.009075,0.016298
-0.004713,-0.011190,0.013093
-0.002755,-0.011139,0.008778
-0.001793,-0.007853,-0.001875
-0.002778,-0.007814,-0.007206
-0.004764,-0.001410,-0.007156
-0.002818,0.002881,-0.009269
0.001109,0.006176,-0.018899
0.004103,0.011570,-0.027374
0.004131,0.010517,-0.029511
0.004112,0.012607,-0.024150
0.004135,0.011519,-0.022011
0.005130,0.011440,-0.013439
0.004169,0.012446,-0.005950
0.003200,0.013471,-0.000601
0.001299,0.013404,0.007940
0.000340,0.011301,0.005751
0.000385,0.010232,0.006793
0.000396,0.008108,0.006745
-0.001537,0.003798,0.012047
-0.000583,-0.000527,0.018434
-0.001561,-0.004812,0.019488
-0.004443,-0.009037,0.013061
-0.004455,-0.013250,0.004515
-0.001552,-0.013225,0.000267
-0.002583,-0.014248,-0.005085
-0.001617,-0.016414,-0.002931
-0.000700,-0.019598,-0.005094
-0.000743,-0.014234,-0.007214
-0.001746,-0.007828,-0.006123
-0.001775,0.002857,-0.007116
0.000178,0.006029,-0.003876
0.003171,0.006080,-0.009237
0.001237,0.008182,-0.005996
0.003209,0.003933,-0.009219
0.002245,0.003884,-0.004908
0.000276,0.006049,-0.007063
0.000261,0.008157,-0.003841
0.000268,0.017730,0.002598
0.000274,0.024137,0.002639
0.001321,0.021976,0.004781
-0.000549,0.019854,0.003687
0.001445,0.012378,0.005732
0.001485,0.005966,0.005700
-0.001445,-0.001508,0.004605
-0.001425,-0.004702,0.003512
-0.001446,-0.011117,0.003490
-0.001502,-0.012181,0.003473
-0.001511,-0.013239,-0.000741
-0.001521,-0.017504,0.000259
-0.003540,-0.018559,0.000215
0.002305,-0.013197,-0.001899
0.001272,-0.013189,-0.000873
-0.000697,-0.006772,-0.001901
-0.002655,-0.001398,-0.007189
-0.001685,0.005003,-0.007131
0.000275,0.010366,-0.010292
0.003241,0.015720,-0.012388
0.006218,0.019982,-0.012335
0.006269,0.023156,-0.010146
0.007297,0.022079,-0.009080
0.003426,0.025253,-0.006891
0.004449,0.023077,-0.001571
0.000596,0.018820,-0.002682
-0.000355,0.012375,0.002602
-0.001309,0.000639,0.003544
-0.002267,-0.008963,0.003459
-0.001302,-0.014272,0.001253
-0.003307,-0.018562,0.005454
-0.004332,-0.023986,0.014007
-0.005382,-0.025072,0.016138
-0.004453,-0.026148,0.017198
-0.003522,-0.029301,0.011816
-0.002593,-0.028242,0.010800
0.000259,-0.032519,0.010785
-0.001754,-0.026081,0.007610
0.001133,-0.020679,0.000163
0.002056,-0.008920,-0.001883
0.002021,-0.000358,-0.005016
0.002015,0.006031,-0.003880
0.004968,0.013566,-0.011308
0.003055,0.017846,-0.013394
0.005070,0.018932,-0.016572
0.002160,0.022114,-0.014401
0.002226,0.026332,-0.009007
-0.000664,0.028481,-0.011119
-0.001583,0.027373,-0.004744
-0.002496,0.023089,-0.002649
-0.001468,0.017727,0.001558
0.000540,0.010240,0.002587
0.000570,0.008106,0.004661
-0.001393,0.003881,0.002418
-0.002371,-0.001535,0.010951
-0.002390,-0.005894,0.020564
-0.002422,-0.010165,0.020534
-0.000461,-0.012302,0.019476
-0.002423,-0.015431,0.010894
-0.001500,-0.018600,0.005553
-0.002512,-0.017484,0.000206
-0.000596,-0.008934,-0.001847
-0.002577,-0.007809,-0.008264
-0.003583,-0.000343,-0.009239
0.001315,0.001897,-0.019954
0.004281,0.001930,-0.025271
0.005233,-0.002366,-0.021050
0.004221,-0.001349,-0.013588
0.004226,-0.002489,-0.005040
0.005234,0.001726,0.000364
0.004243,0.004908,0.003578
0.001321,0.009137,0.006853
-0.000597,0.015572,0.003686
-0.003495,0.018792,0.001573
-0.000516,0.018778,0.002655
-0.000481,0.016671,0.000474
-0.000424,0.013482,0.003552
0.000538,0.004948,0.004519
-0.002344,0.001703,0.007744
-0.001368,-0.007935,0.009844
-0.001382,-0.012232,0.010926
0.000547,-0.018618,0.006647
0.001494,-0.018619,0.005604
0.000447,-0.017546,0.004553
0.000387,-0.013251,0.000337
-0.001584,-0.007867,-0.004974
-0.001621,-0.004637,-0.007114
-0.001628,0.008169,-0.005962
-0.004528,0.014628,-0.011284
-0.002536,0.016803,-0.014510
-0.000538,0.020009,-0.013451
0.001465,0.021096,-0.016631
-0.000435,0.024276,-0.013410
0.001554,0.022102,-0.007051
0.002565,0.025259,-0.003771
0.003595,0.028482,-0.003800
0.003661,0.027348,0.002640
0.002743,0.022009,0.001557
0.000866,0.013451,0.005725
0.002844,0.002772,0.006703
0.000908,-0.013239,0.005534
-0.000083,-0.028214,0.007592
-0.001147,-0.036805,0.011842
-0.002243,-0.044276,0.011784
-0.003298,-0.042150,0.012870
-0.003424,-0.032518,0.009738
-0.002544,-0.016502,0.007758
-0.002577,-0.004695,0.000359
-0.001580,0.004901,0.003595
0.000394,0.011374,-0.003854
0.001417,0.015635,-0.000661
-0.001520,0.023133,-0.003809
-0.000489,0.029582,-0.008060
0.003520,0.036071,-0.018689
0.004571,0.034998,-0.017637
0.002678,0.034968,-0.014422
0.002765,0.032806,-0.011228
0.003815,0.026344,-0.005897
0.004863,0.013513,-0.003847
0.003890,0.004923,0.001449
0.000983,-0.007935,0.006705
0.000965,-0.018607,0.005572
-0.001043,-0.032463,0.004366
-0.000146,-0.046414,0.013868
-0.001260,-0.052860,0.018111
-0.002357,-0.057144,0.020206
-0.001501,-0.057131,0.017036
-0.002602,-0.044321,0.016084
-0.000776,-0.030407,0.011910
-0.001809,-0.011178,0.010972
-0.000844,0.001690,0.004640
-0.000815,0.011340,0.001463
-0.001742,0.018842,-0.001696
-0.000723,0.020993,-0.002766
-0.000674,0.023202,-0.008171
0.001384,0.029651,-0.015557
-0.001486,0.033947,-0.018734
0.000517,0.037145,-0.019742
0.003560,0.039291,-0.021849
0.000714,0.036001,-0.013279
0.001762,0.030638,-0.011158
0.001830,0.018854,-0.006956
0.002815,0.007051,0.001483
0.002811,-0.004678,0.000314
0.000866,-0.015350,-0.000819
0.001804,-0.023877,-0.001963
-0.001184,-0.033565,0.006540
-0.002265,-0.034667,0.012898
-0.000400,-0.033623,0.014012
0.000512,-0.028233,0.007641
0.000460,-0.021835,0.009798
0.000408,-0.012189,0.005589
-0.000602,-0.004715,0.005638
-0.000594,0.001737,0.000335
0.000390,0.005997,0.001439
0.000410,0.011356,0.000376
-0.000525,0.018814,0.001517
-0.000489,0.020973,-0.000622
-0.001407,0.026349,-0.003820
-0.000361,0.027439,-0.007009
-0.001277,0.029628,-0.015499
-0.000224,0.025351,-0.015514
0.001753,0.023195,-0.013380
-0.000158,0.014615,-0.008111
-0.000134,0.007101,-0.002832
-0.002099,-0.002510,-0.001846
-0.003067,-0.005723,-0.000800
-0.001114,-0.013163,-0.005123
0.001800,-0.022806,0.000126
0.000769,-0.032458,0.004354
0.003612,-0.035715,0.010746
0.004463,-0.035771,0.017168
0.001465,-0.036840,0.017165
0.003359,-0.031496,0.015096
-0.000628,-0.026124,0.009815
0.000297,-0.020778,0.008787
0.001223,-0.013224,0.000265
0.000219,-0.001500,0.002493
-0.000748,0.007085,-0.001743
-0.000720,0.018840,-0.003781
-0.002618,0.021038,-0.008114
-0.001569,0.027481,-0.012348
0.000486,0.034981,-0.017593
-0.001412,0.040322,-0.017560
0.000627,0.039235,-0.016473
0.000726,0.037049,-0.011127
-0.000168,0.030635,-0.009059
-0.000139,0.017765,-0.001677
-0.000119,0.007054,0.002521
0.000858,0.000623,0.005678
0.001834,-0.008993,0.007718
0.001806,-0.015367,0.004454
0.002736,-0.025092,0.016194
0.002664,-0.035800,0.019335
0.000622,-0.041153,0.021426
-0.000431,-0.044309,0.017100
-0.002468,-0.037842,0.010712
-0.000654,-0.022849,0.004424
0.000293,-0.007854,-0.001873
0.000289,-0.000352,-0.005030
-0.000677,0.008172,-0.002831
-0.001612,0.016707,-0.002756
0.000399,0.025260,-0.004817
0.000460,0.030679,-0.014403
-0.001372,0.036045,-0.019667
-0.000326,0.037100,-0.018581
-0.000262,0.031799,-0.021850
0.000813,0.024295,-0.019735
0.000857,0.011465,-0.014548
0.000849,0.005013,-0.007152
0.002793,0.000714,-0.003972
0.001782,-0.003591,0.000269
0.001799,-0.010009,0.001302
0.000827,-0.016420,0.001271
0.001752,-0.019642,0.004435
-0.001210,-0.024024,0.015153
-0.003257,-0.027247,0.018321
-0.002328,-0.028297,0.016175
-0.001398,-0.025079,0.014068
0.000501,-0.023936,0.004466
-0.000517,-0.019644,0.001299
-0.003495,-0.015353,-0.000814
-0.001576,-0.007860,-0.002903
-0.001600,-0.003575,-0.003957
-0.000602,0.004968,-0.003900
-0.000604,0.014639,-0.011316
-0.000547,0.020024,-0.014534
0.000493,0.018950,-0.014524
0.001499,0.018942,-0.013460
0.003485,0.013523,-0.003874
0.003505,0.008167,-0.002819
0.000586,0.002807,0.000337
0.003544,-0.000416,0.002458
0.002558,-0.003625,0.002451
0.001580,-0.010004,0.000241
-0.001374,-0.010054,0.005602
-0.001402,-0.013255,0.004527
-0.002389,-0.012159,0.000278
-0.002448,-0.015356,0.001289
-0.001486,-0.017465,-0.001934
-0.002519,-0.014257,-0.001925
-0.000599,-0.005723,-0.002891
-0.002550,0.001770,-0.004981
-0.000597,0.008161,-0.002803
0.001363,0.011347,-0.001691
0.002395,0.013491,-0.002744
0.002420,0.009232,-0.003852
0.000490,0.013479,-0.000622
0.000517,0.015620,-0.000620
0.000534,0.016705,-0.002749
0.001557,0.013482,-0.001675
0.002572,0.012409,-0.000623
-0.001301,0.007080,-0.000684
-0.003244,0.003892,-0.002837
-0.000312,-0.001471,0.001371
-0.000319,-0.005727,-0.000790
0.000647,-0.002531,0.000298
-0.002277,-0.003579,-0.000806
-0.003281,-0.007850,-0.000838
-0.001327,-0.007874,0.001317
0.000595,-0.007859,0.001281
0.002534,-0.006797,0.002349
0.004444,-0.007843,-0.000857
0.000527,-0.002537,0.001358
0.000522,0.000665,0.002432
0.000511,0.004936,0.001415
0.001523,0.013474,0.000439
-0.003312,0.018802,-0.000543
-0.005238,0.025233,-0.002654
0.001646,0.023098,-0.002671
0.000746,0.024214,-0.006972
-0.000198,0.019951,-0.007023
0.001795,0.015673,-0.005988
-0.000117,0.011382,-0.003874
0.001853,0.004954,-0.000725
0.000882,0.004942,0.000353
-0.000091,0.000668,0.001377
0.000912,-0.003610,0.000320
-0.000063,-0.012160,0.000282
-0.001057,-0.021763,0.000199
-0.002097,-0.027129,0.003372
0.000745,-0.031401,0.004389
0.000656,-0.026065,0.004433
-0.001382,-0.021799,0.006567
-0.000459,-0.012245,0.009916
-0.001453,-0.002596,0.003605
-0.000475,0.003838,0.002533
-0.000460,0.014498,0.002652
0.000552,0.021994,0.001599
-0.001339,0.023070,0.000538
-0.003244,0.023104,-0.002686
-0.002206,0.023095,-0.001618
-0.000177,0.022050,-0.003775
-0.000135,0.017815,-0.005991
0.000889,0.014585,-0.002806
-0.000055,0.004987,-0.003950
-0.000038,-0.004606,-0.005104
-0.001975,-0.014217,-0.006211
-0.002033,-0.017451,-0.004062
-0.000144,-0.020646,-0.004105
0.001756,-0.021716,-0.005152
0.003662,-0.016367,-0.006189
0.005545,-0.013201,0.000207
0.005525,-0.006804,0.000275
0.004525,0.000636,0.004598
0.003572,0.009189,0.002535
0.001614,0.019826,0.006898
-0.001256,0.029450,0.004835
-0.006018,0.035872,0.001701
-0.005925,0.032696,-0.001530
-0.001940,0.028484,-0.006940
-0.002853,0.017862,-0.011342
-0.000866,0.011457,-0.012435
0.002058,0.005023,-0.009269
0.002071,0.002867,-0.008187
0.001099,0.000706,-0.007089
0.000139,-0.002475,-0.010305
0.002068,0.005000,-0.010256
-0.000859,0.007114,-0.010186
-0.000848,0.012455,-0.010153
-0.000804,0.011396,-0.010186
0.000163,0.008133,-0.002730
0.001169,0.000688,-0.002858
0.000195,-0.000383,-0.000765
-0.000774,-0.006782,0.001264
0.002158,-0.008870,-0.004105
0.000189,-0.008887,-0.001970
0.000174,-0.009920,-0.006253
-0.000820,-0.012089,-0.001995
0.000139,-0.011034,-0.000909
-0.000855,-0.010990,-0.007299
-0.000857,-0.013186,-0.001926
0.000096,-0.016385,-0.003004
0.001041,-0.018567,0.000240
0.000041,-0.023899,-0.000859
0.000960,-0.020685,-0.001912
-0.001087,-0.015360,-0.001838
-0.003036,-0.012165,-0.001795
-0.001133,-0.011065,-0.006057
0.003732,-0.011056,-0.005033
0.002725,-0.009963,-0.006138
-0.000237,0.001762,-0.002868
-0.001224,0.014548,0.000428
0.002735,0.027370,0.000495
0.000867,0.031612,0.002688
-0.001000,0.032678,0.003747
-0.000917,0.026290,0.003656
0.000127,0.018804,0.003634
0.001160,0.011339,0.000420
0.002142,-0.000423,0.002476
-0.000808,-0.005715,-0.003959
-0.001797,-0.002586,0.004625
0.000091,0.000671,-0.001768
0.000095,0.005996,-0.000649
0.000110,0.006061,-0.008138
0.000152,0.009370,-0.019897
0.002117,0.005090,-0.017812
0.000139,0.005048,-0.009334
0.002076,0.006074,-0.002946
0.003071,0.011350,0.004576
0.003135,0.014528,0.005711
0.001224,0.018817,0.004648
-0.002623,0.016627,0.010004
-0.000604,0.010233,0.005743
-0.001509,0.002769,0.003575
-0.004441,-0.002559,0.000373
-0.004464,-0.003655,0.001484
-0.003531,-0.010011,-0.002877
-0.004541,-0.014262,-0.007141
-0.000669,-0.013182,-0.006118
-0.000745,-0.009910,-0.011504
0.000260,-0.004535,-0.015747
0.000203,-0.002456,-0.008265
0.003105,-0.000374,-0.001836
0.002156,-0.001486,0.004547
0.004117,-0.001489,0.004556
0.003144,-0.004722,0.008796
0.001207,-0.003653,0.007754
0.000217,-0.001526,0.008836
-0.000793,-0.007945,0.010914
0.001151,-0.010054,0.006648
-0.000819,-0.018616,0.009779
-0.000865,-0.023934,0.007598
-0.001914,-0.029270,0.008599
-0.000998,-0.030308,0.005377
-0.000063,-0.028135,0.001110
-0.001130,-0.020621,-0.004170
-0.000201,-0.014235,-0.001983
0.003683,-0.009984,0.000190
0.004629,-0.003640,0.005629
0.004639,0.003802,0.007856
0.003687,0.008077,0.006830
0.002741,0.014449,0.009055
0.001786,0.016613,0.005856
-0.002066,0.015572,0.002639
-0.004007,0.015583,0.002612
-0.003004,0.013465,0.002553
-0.002004,0.016674,0.004652
-0.001997,0.014563,0.001435
-0.000937,0.012425,0.001428
-0.002894,0.014604,-0.004947
-0.003859,0.013510,-0.001749
0.003014,0.013494,-0.001708
0.003996,0.010273,-0.000637
0.004029,0.008148,-0.002769
0.003039,0.008158,-0.002796
0.001088,0.009216,-0.000673
-0.003766,0.004947,-0.000706
0.000148,0.002777,0.004599
0.002129,-0.002588,0.006722
0.001162,-0.015394,0.005572
0.000143,-0.025010,0.006566
-0.001854,-0.032481,0.005461
-0.000977,-0.032520,0.009745
0.000878,-0.031443,0.008681
0.000806,-0.023948,0.005541
-0.002182,-0.019674,0.006609
0.000713,-0.013271,0.007709
0.000689,-0.008976,0.005584
0.000694,-0.003618,0.003479
0.000710,0.000683,-0.001797
-0.003181,-0.003575,-0.002908
-0.002223,-0.000350,-0.005035
-0.001255,0.006046,-0.003917
0.001677,0.008200,-0.008133
0.001734,0.013540,-0.008101
-0.000199,0.015699,-0.012330
-0.002090,0.012479,-0.010218
-0.002093,0.010315,-0.007020
0.000889,0.006013,-0.003829
-0.002014,0.001766,-0.006014
-0.001021,-0.004611,-0.008228
-0.004934,-0.007817,-0.007195
-0.005953,-0.011012,-0.007238
-0.004043,-0.012043,-0.009433
-0.000145,-0.009889,-0.010512
0.001802,-0.006700,-0.008363
0.000803,-0.007785,-0.006234
0.003719,-0.011012,-0.004103
0.005671,-0.014223,-0.003059
0.006608,-0.013206,0.001266
0.003651,-0.014293,0.002354
0.003622,-0.013262,0.005595
0.002610,-0.016482,0.007708
0.001596,-0.015392,0.003473
0.002537,-0.015420,0.007730
0.001509,-0.013283,0.007742
-0.001437,-0.013317,0.010966
-0.000503,-0.006871,0.005678
-0.001482,0.004897,0.002562
-0.007318,0.018794,0.000523
-0.005294,0.023078,-0.001572
-0.002295,0.029523,-0.004766
-0.002266,0.027404,-0.005870
0.000737,0.024249,-0.010201
0.002785,0.016776,-0.011300
0.000852,0.012467,-0.007051
-0.001083,0.006075,-0.008178
-0.000114,-0.001420,-0.005035
-0.002056,-0.006731,-0.008282
0.000861,-0.008896,-0.005083
0.001774,-0.011036,-0.004040
0.000779,-0.008903,-0.004017
0.001740,-0.011070,0.000232
0.002687,-0.007861,-0.000805
0.003660,0.000680,-0.001789
-0.000227,0.002804,-0.001748
0.000763,0.009179,0.001517
-0.002144,0.013443,0.002613
-0.003079,0.014517,0.002603
-0.003057,0.011326,0.002547
-0.002052,0.007048,0.003582
-0.002043,0.003888,0.000311
-0.000074,0.000687,-0.000764
-0.000107,-0.001460,0.000299
-0.000108,-0.002519,-0.000778
0.001824,-0.002524,0.000280
0.004749,-0.001489,0.003512
0.003778,-0.004701,0.004557
0.002783,-0.006883,0.009893
0.002744,-0.011142,0.007740
0.001753,-0.012225,0.010911
-0.001226,-0.010194,0.021655
-0.002236,-0.010159,0.017381
-0.002217,-0.006925,0.013141
-0.000287,-0.008982,0.004556
-0.001285,-0.011102,0.002410
-0.002288,-0.016360,-0.005158
-0.004265,-0.013159,-0.004087
-0.004294,-0.007804,-0.006183
-0.001410,0.005017,-0.007162
-0.000428,0.011416,-0.006053
0.000595,0.017853,-0.007135
0.003566,0.017834,-0.006039
0.005572,0.016751,-0.006005
0.005632,0.011377,-0.002813
0.003701,0.011342,0.000415
-0.000201,0.013461,0.001518
-0.004044,0.007055,0.000427
-0.001136,0.000633,0.004607
0.002783,-0.003609,0.001363
-0.000146,-0.009998,0.000227
-0.007983,-0.014238,-0.001972
-0.004136,-0.013234,0.004475
0.006541,-0.005737,0.000284
0.001667,-0.000414,0.000362
-0.005138,0.003861,-0.000665
-0.000292,0.007060,-0.000631
0.000728,0.004926,-0.000650
0.000753,0.000681,-0.002838
-0.001197,0.001745,-0.001777
-0.002168,0.002835,-0.002874
-0.001205,0.012430,-0.000675
0.000786,0.017763,-0.000625
0.001805,0.022073,-0.003835
0.003820,0.022098,-0.010175
0.000986,0.020055,-0.019843
-0.003880,0.014734,-0.020971
-0.000921,0.014754,-0.022072
0.002021,0.015809,-0.018894
-0.001876,0.018965,-0.011427
-0.003802,0.020008,-0.009263
-0.000800,0.019949,-0.003881
0.004114,0.014549,0.002517
0.006113,0.006014,0.001394
0.006145,-0.003659,0.007768
0.004175,-0.006853,0.006678
-0.000746,-0.010116,0.012042
-0.002758,-0.006950,0.015297
-0.002765,-0.005886,0.015315
-0.001777,-0.003711,0.011042
-0.002738,-0.002601,0.006757
-0.006650,-0.006819,0.000313
-0.005679,-0.006768,-0.005048
-0.003747,-0.006756,-0.006126
-0.002802,-0.003547,-0.008211
0.000154,0.004009,-0.017783
0.004089,0.008354,-0.027359
0.004095,0.009409,-0.025229
0.007976,0.010415,-0.015647
0.004079,0.007114,-0.002863
0.005065,0.004933,0.003515
0.005082,0.004893,0.008849
0.003142,0.001675,0.009911
0.000264,-0.000461,0.010941
-0.000725,-0.004734,0.008825
-0.002668,-0.009016,0.007782
-0.005650,-0.005826,0.008884
-0.005643,0.001689,0.003597
-0.004638,0.012405,-0.002706
-0.006592,0.019875,-0.002641
-0.008516,0.022040,-0.005840
-0.004544,0.019955,-0.011218
-0.001550,0.016841,-0.019837
0.002436,0.012664,-0.030570
0.003419,0.006263,-0.030628
0.002423,0.000893,-0.025354
0.003385,-0.000243,-0.015770
0.006307,0.000792,-0.011496
0.007290,0.007086,0.000346
0.007317,0.008140,0.001434
0.004447,0.010206,0.008950
0.000573,0.010205,0.008955
0.002522,0.011244,0.013220
0.002531,0.005886,0.014278
-0.004276,-0.000488,0.011013
-0.005238,-0.005821,0.010960
-0.004301,-0.013255,0.005577
-0.004331,-0.016448,0.004483
-0.005334,-0.012129,-0.001887
-0.007331,-0.003565,-0.003979
-0.004452,0.011373,-0.002804
0.000457,0.012447,-0.004904
0.002457,0.014591,-0.005956
0.003482,0.014545,-0.000608
0.003497,0.015608,-0.000591
0.002580,0.015582,0.002619
0.001644,0.014556,-0.001683
0.000689,0.009203,0.000412
-0.001237,0.008154,-0.000692
-0.001224,0.006027,-0.001777
-0.001227,0.006031,-0.001786
-0.000227,-0.001407,-0.004024
0.002705,0.000712,-0.002921
0.003664,0.010323,-0.003903
0.001701,0.008157,0.000346
-0.000225,0.020995,-0.000678
0.001760,0.027375,0.001527
0.000864,0.028429,0.002616
0.001911,0.017756,0.001483
0.003907,0.009206,0.002493
0.000028,0.007071,0.002477
-0.000961,0.000660,0.003492
-0.000963,-0.000430,0.002496
0.000050,-0.007899,-0.000708
-0.002885,-0.014303,-0.000757
-0.002973,-0.015366,0.000271
-0.001047,-0.014317,0.002416
-0.002064,-0.011102,0.001363
-0.002079,-0.005744,-0.000743
-0.001108,-0.002492,-0.005031
-0.000160,-0.002511,-0.003935
-0.000111,-0.001421,-0.006078
-0.001100,-0.000366,-0.004992
0.000861,0.001833,-0.011418
0.000879,0.006129,-0.014591
0.001870,0.012526,-0.013477
0.001876,0.018916,-0.011299
0.000959,0.019976,-0.010224
0.001959,0.017777,-0.001709
0.001008,0.011334,0.002526
0.002015,0.008114,0.004639
0.002032,-0.002547,0.003478
0.000084,-0.003606,0.004493
0.000063,-0.011147,0.011936
-0.000951,-0.015492,0.021513
-0.001991,-0.017662,0.024727
-0.000034,-0.024051,0.023590
0.001844,-0.025092,0.018284
-0.000147,-0.021825,0.010819
-0.002174,-0.016458,0.006601
-0.001226,-0.012141,0.001281
0.002664,-0.003599,0.000295
0.002618,0.001759,-0.001810
0.000694,0.009186,0.002545
-0.000259,0.014525,0.001536
-0.001216,0.020951,-0.001609
-0.000179,0.024234,-0.012254
0.000915,0.024292,-0.020770
-0.000981,0.017893,-0.021879
-0.004867,0.005089,-0.020943
-0.002898,-0.002406,-0.017803
0.002912,-0.009913,-0.013588
0.002879,-0.013177,-0.004040
0.003826,-0.017482,0.000204
0.000904,-0.022844,0.004410
0.000842,-0.027111,0.005415
0.001749,-0.035766,0.020293
-0.001307,-0.046484,0.025555
0.000598,-0.049721,0.027713
-0.001462,-0.047536,0.022369
-0.002551,-0.042173,0.017112
-0.002653,-0.037885,0.015007
-0.000766,-0.038926,0.011793
0.001092,-0.038861,0.004302
0.001007,-0.032483,0.007557
-0.000016,-0.028155,0.000117
-0.001072,-0.021745,-0.000893
-0.000144,-0.014265,-0.000858
0.001776,-0.004660,-0.001826
0.001788,-0.000413,-0.000686
0.001793,0.006022,-0.002810
0.000849,0.009265,-0.006029
0.000874,0.010368,-0.010295
0.000900,0.008220,-0.006095
0.001875,0.003916,-0.001853
-0.001038,-0.003566,-0.000838
-0.000043,-0.008921,0.001259
-0.002969,-0.015357,0.003384
-0.000062,-0.020700,0.004403
0.001830,-0.023948,0.007634
-0.001150,-0.024989,0.004420
-0.001229,-0.020722,0.004460
-0.000318,-0.013242,0.003450
-0.003280,-0.003620,0.001393
-0.002299,0.003859,-0.000659
-0.002280,0.012394,-0.001629
-0.000313,0.012419,-0.005877
0.001703,0.017761,-0.005849
0.003666,0.017844,-0.013384
0.000793,0.014658,-0.014497
-0.001103,0.014668,-0.014524
-0.000116,0.019996,-0.012369
0.002872,0.016785,-0.011325
0.002908,0.014611,-0.006010
0.002949,0.008202,-0.005000
0.002975,-0.000372,-0.001840
0.002982,-0.007877,0.001326
0.002958,-0.013228,0.003415
0.001947,-0.018586,0.005520
-0.000048,-0.017572,0.010897
-0.001080,-0.016514,0.011974
0.000866,-0.015418,0.007726
-0.000158,-0.013241,0.003449
0.000759,-0.014288,0.001294
-0.000226,-0.014242,-0.003008
-0.001255,-0.009986,-0.000847
-0.002260,-0.004651,0.000245
-0.000296,-0.000367,-0.001851
0.001670,-0.002534,0.002399
-0.000284,0.002815,0.000318
0.001672,0.000679,-0.000740
0.000698,0.001725,0.001412
0.000713,-0.002525,-0.001809
0.000708,0.000628,0.004621
-0.001245,0.001730,0.000355
-0.005140,0.010299,-0.003837
-0.005102,0.009235,-0.003855
-0.003153,0.014578,-0.004877
-0.000163,0.012459,-0.005980
0.002790,0.006074,-0.009218
0.004739,0.000731,-0.006107
0.000831,-0.005687,-0.005074
-0.000187,-0.006793,0.001293
0.001740,-0.004641,0.000219
0.000772,-0.004662,0.002365
0.003702,-0.006797,0.002348
0.001742,-0.013229,0.004463
0.004655,-0.019630,0.003360
0.001652,-0.021807,0.007636
0.002585,-0.017548,0.007696
0.001556,-0.014328,0.005584
0.000553,-0.006884,0.009897
-0.000445,-0.006861,0.006700
-0.001440,-0.005804,0.007781
0.000527,-0.006859,0.006695
-0.002412,-0.011095,0.003436
-0.004382,-0.005748,0.001358
-0.003426,-0.000366,-0.003946
-0.002458,0.009223,-0.001734
-0.002416,0.015644,-0.004864
-0.000441,0.019896,-0.002693
-0.000394,0.025271,-0.007983
0.001642,0.025280,-0.009051
0.001680,0.022109,-0.012293
0.001711,0.017770,-0.002735
0.001716,0.016700,-0.000644
0.001775,0.014553,0.000417
-0.000168,0.014573,-0.000679
0.000828,0.008165,-0.000719
0.000872,0.004958,0.000313
-0.000085,0.001756,0.000288
-0.000101,0.000653,0.003510
-0.000090,-0.001467,0.002407
-0.000112,-0.004650,-0.000805
-0.001086,-0.007859,0.001280
-0.001118,-0.008912,-0.000854
-0.002100,-0.014260,-0.000868
-0.002141,-0.013188,-0.001917
-0.000215,-0.014268,-0.000847
-0.000260,-0.018554,0.000207
0.002632,-0.018561,0.000226
0.002611,-0.018544,-0.001909
0.002568,-0.015349,-0.001866
0.002542,-0.012164,0.000296
0.002523,-0.006842,0.002465
0.001521,-0.002561,0.002472
0.001527,0.011319,0.002570
-0.002362,0.023081,-0.000533
-0.005225,0.030546,-0.000457
-0.006089,0.032821,-0.015448
-0.003035,0.031835,-0.026125
-0.001023,0.025432,-0.024089
-0.002034,0.020019,-0.012429
0.000906,0.016767,-0.003957
0.001923,0.010303,0.002424
0.002942,0.011312,0.007816
0.004917,0.007058,0.006696
0.002006,0.002753,0.007800
0.002020,0.000601,0.007829
0.001988,-0.009051,0.012056
0.000967,-0.011191,0.013099
0.000968,-0.013332,0.013099
-0.001036,-0.013316,0.012013
-0.002072,-0.010083,0.008818
-0.001134,-0.006869,0.009857
0.000797,-0.006858,0.010873
0.000792,-0.007946,0.013011
-0.000194,-0.006904,0.016223
0.001749,-0.009028,0.011995
0.002761,-0.010063,0.005629
-0.000189,-0.007904,0.001397
-0.000212,0.000657,-0.001729
-0.000232,0.007063,-0.002730
0.001739,0.009208,-0.004832
-0.000187,0.013492,-0.004835
-0.001139,0.021080,-0.017633
-0.003030,0.027534,-0.023987
-0.003955,0.039289,-0.023933
-0.002924,0.032911,-0.027188
-0.003804,0.021063,-0.014450
0.006021,0.016751,-0.006006
0.007921,0.011324,0.003600
0.003129,0.004953,0.000326
-0.000745,-0.000404,0.004519
0.000218,-0.007897,0.006608
0.000231,-0.020729,0.008662
0.001153,-0.029275,0.008614
-0.000898,-0.033546,0.007539
-0.000953,-0.035660,0.005376
0.000898,-0.036740,0.006446
0.001771,-0.035684,0.007532
0.000714,-0.029295,0.009711
-0.001313,-0.026109,0.010823
0.000591,-0.019693,0.009798
-0.000439,-0.014352,0.009830
0.003456,-0.011138,0.007730
0.001482,-0.005794,0.007753
-0.000479,0.002819,0.001354
-0.000434,0.012460,-0.002847
-0.002393,0.028472,-0.003772
-0.002313,0.035946,-0.004765
-0.000243,0.047752,-0.010072
-0.002067,0.049861,-0.008942
-0.001951,0.045631,-0.015354
0.000121,0.038137,-0.014307
0.002146,0.026378,-0.013308
-0.000752,0.017815,-0.009126
0.000252,0.006082,-0.009238
-0.000730,-0.001395,-0.008236
0.000240,-0.008875,-0.007230
0.002143,-0.014268,-0.000850
0.002114,-0.016386,-0.001956
0.002069,-0.016408,-0.000851
0.002015,-0.011082,0.000264
0.002973,-0.006814,0.001348
0.003924,-0.003628,0.003505
0.002956,-0.002582,0.005660
0.001976,0.002756,0.005701
0.000025,0.003814,0.006778
-0.001908,0.005954,0.007828
-0.001864,0.010264,0.004618
-0.000869,0.010278,0.002489
-0.003737,0.009248,-0.002845
-0.003709,0.003882,-0.000719
-0.004667,-0.000363,-0.005000
-0.005648,-0.005715,-0.002912
-0.006645,-0.006696,-0.014649
-0.005656,-0.009817,-0.024297
-0.004757,-0.007713,-0.020015
0.000062,-0.012016,-0.015779
0.003953,-0.012064,-0.008334
0.004918,-0.017425,-0.003082
0.005862,-0.019593,0.000125
0.003872,-0.017487,0.003356
0.004803,-0.011109,0.004520
0.004805,-0.000443,0.004622
0.001862,0.004863,0.006837
-0.001027,0.008076,0.004741
-0.001988,0.007060,-0.000629
-0.000012,0.001736,-0.001751
-0.000013,-0.004642,-0.002914
-0.000024,-0.006802,0.000271
-0.001998,-0.010034,0.003461
-0.001042,-0.011112,0.006617
0.002822,-0.010125,0.015202
0.001822,-0.002631,0.013111
-0.001098,0.006981,0.010033
-0.002039,0.017707,0.002661
-0.002002,0.023081,-0.000531
-0.000013,0.028386,0.003776
-0.001908,0.034829,-0.000459
-0.001826,0.034821,0.001652
-0.003722,0.040232,-0.004773
-0.001649,0.032811,-0.012285
0.000369,0.027459,-0.010196
-0.003470,0.017915,-0.016708
-0.003435,0.011489,-0.012519
-0.001489,0.007190,-0.009338
0.002444,-0.002427,-0.009385
0.003384,-0.007807,-0.005131
0.004326,-0.013184,-0.001930
0.005278,-0.011099,0.003446
0.004263,-0.011109,0.003473
0.004241,-0.011114,0.003485
0.003240,-0.012181,0.003476
0.002253,-0.011149,0.007760
0.001227,-0.004715,0.004594
-0.000736,-0.001511,0.005660
-0.002661,0.000643,0.004580
-0.003636,0.001754,0.000293
-0.002639,0.002825,0.000292
-0.000665,0.002832,0.000274
-0.000694,0.001729,0.004540
-0.001636,0.002812,0.001370
-0.001619,0.005987,0.003560
-0.006480,0.001768,-0.003926
-0.002566,0.002828,-0.003900
-0.001619,-0.003584,-0.001838
0.001309,-0.014274,-0.000834
0.003194,-0.023920,0.004425
-0.000764,-0.028170,0.003296
-0.002765,-0.020689,0.002283
-0.001866,-0.011091,0.003426
-0.000902,-0.002523,-0.000769
0.002048,0.007098,-0.002823
0.002065,0.009196,0.001474
0.003050,0.016670,0.000481
0.003087,0.019890,-0.001633
0.000214,0.023066,0.001598
0.001264,0.025207,0.001599
-0.001600,0.027425,-0.006971
0.000408,0.027445,-0.010159
0.000467,0.028518,-0.011211
-0.001429,0.025301,-0.009106
0.001535,0.019933,-0.004882
0.003552,0.011390,-0.003892
0.004528,0.003883,0.000325
0.004517,0.002799,0.002451
0.004505,0.002788,0.002478
0.003541,-0.002564,0.004570
0.004493,-0.003642,0.006681
0.003516,-0.007950,0.010932
0.002502,-0.006902,0.012036
-0.000464,-0.005854,0.014184
-0.002419,-0.004767,0.013097
-0.003422,0.003783,0.012090
-0.008289,0.008054,0.011073
-0.006312,0.008092,0.007837
-0.003341,0.009195,0.003571
-0.002346,-0.000422,0.003520
0.001546,-0.011117,0.005584
0.002508,-0.015384,0.004501
0.000503,-0.017531,0.005562
0.002404,-0.015415,0.005627
0.001397,-0.011133,0.004582
0.001359,-0.008983,0.003513
-0.001575,-0.008990,0.005623
-0.002588,-0.012169,0.004493
-0.000645,-0.014268,0.001243
-0.005551,-0.012083,-0.003053
-0.003646,-0.009918,-0.006251
-0.004631,-0.003483,-0.008377
-0.001713,0.003975,-0.006191
0.001216,0.007175,-0.006157
-0.000689,0.003953,-0.005086
0.002251,0.002852,-0.003962
0.002289,0.001772,-0.002893
0.002284,-0.007879,0.000289
0.004214,-0.015335,-0.000856
0.003188,-0.020681,-0.002967
0.002153,-0.022874,0.002396
0.002093,-0.021756,-0.002956
0.001061,-0.021780,0.001291
-0.000960,-0.016427,0.000243
0.000984,-0.008969,0.002430
-0.000000,-0.001495,0.001437
-0.000954,0.007067,-0.001694
-0.001896,0.013470,-0.002687
-0.001851,0.017743,-0.002663
-0.001827,0.020952,-0.000564
-0.000819,0.028429,0.000526
-0.001737,0.034828,0.002679
-0.004584,0.039121,-0.000486
-0.002535,0.034874,-0.001621
0.000503,0.019897,0.001488
0.002529,0.012435,-0.000691
0.000498,0.003912,-0.003936
-0.004341,-0.004638,-0.003972
-0.002401,-0.012067,-0.010415
-0.000484,-0.018461,-0.012583
0.000448,-0.022731,-0.012617
0.001343,-0.023802,-0.011567
-0.001682,-0.021661,-0.009476
0.002161,-0.016400,-0.000872
0.003123,-0.014270,0.000204
0.002163,-0.014290,0.002348
0.003127,-0.013236,0.002392
0.002126,-0.010034,0.001369
0.001127,-0.010041,0.003479
0.002097,-0.011111,0.003479
0.000123,-0.008959,0.001358
-0.000874,-0.008956,0.002395
-0.001868,-0.006795,-0.000795
-0.000902,-0.004638,-0.000834
0.001027,-0.005725,0.000253
0.001040,-0.011067,0.000224
0.000024,-0.014267,-0.000852
0.000987,-0.016375,-0.003028
0.000938,-0.015364,0.003402
0.000879,-0.013210,0.001278
0.002815,-0.004657,-0.000784
-0.000145,-0.002568,0.005627
-0.001110,0.001707,0.004600
-0.005974,0.003863,0.001422
-0.003005,0.003874,-0.000697
-0.002022,0.001745,-0.001774
-0.001011,-0.002498,-0.005013
-0.002987,-0.008896,-0.004036
-0.002044,-0.012098,-0.004061
-0.001119,-0.009945,-0.005136
0.000789,-0.009970,-0.002981
0.000781,-0.003586,-0.001833
0.002746,-0.001444,-0.003926
0.002782,0.005982,-0.000610
0.000828,0.009205,-0.002732
0.001811,0.013492,-0.002743
0.001838,0.014596,-0.005968
-0.000055,0.012449,-0.003864
-0.002009,0.014609,-0.006003
-0.001992,0.015691,-0.006033
0.000028,0.017833,-0.006035
0.000049,0.015703,-0.005019
0.000109,0.012485,-0.003957
0.002083,0.006081,-0.004006
0.003094,-0.004614,-0.001942
0.002085,-0.010003,0.003381
0.001081,-0.013225,0.004452
0.003005,-0.011128,0.006661
0.001973,-0.008997,0.006686
0.000001,-0.007922,0.004583
-0.000034,-0.007968,0.008885
-0.001033,-0.010088,0.006739
-0.002016,-0.007962,0.007825
-0.002066,-0.006905,0.009952
-0.002082,-0.005810,0.007796
-0.002061,-0.002556,0.003505
-0.002064,0.000663,0.001393
-0.002057,0.007104,-0.002840
-0.004004,0.011392,-0.004944
-0.002983,0.017819,-0.007043
-0.003919,0.019945,-0.005958
0.000033,0.022118,-0.009180
0.003027,0.023155,-0.005956
0.003067,0.016728,-0.002808
0.004082,0.009216,0.000377
0.003129,0.001765,-0.000780
0.003090,-0.007875,0.002370
0.001127,-0.017477,0.001235
0.001101,-0.021769,0.004399
0.000046,-0.024962,0.004352
-0.000008,-0.027108,0.004362
0.001887,-0.027136,0.006527
0.000812,-0.020750,0.007673
-0.000214,-0.006878,0.008835
-0.003178,0.007031,0.005718
-0.005110,0.019804,0.011140
-0.003103,0.023050,0.005821
0.000905,0.023069,0.002637
0.002939,0.013473,0.000444
0.000047,0.009213,-0.000660
0.000059,0.004934,0.000376
0.000993,0.003865,0.001419
0.002946,0.002768,0.004626
0.000018,0.004901,0.004646
-0.000953,0.004911,0.002526
0.000063,0.007040,0.001513
-0.000919,0.003875,-0.003837
0.000055,0.007101,-0.004920
-0.001868,0.002880,-0.009264
0.000053,0.002856,-0.005017
0.001024,0.004964,-0.001795
0.002022,0.001760,-0.000766
0.001066,0.001781,-0.002912
0.001080,0.000664,0.002437
0.002038,-0.003622,0.003491
0.003024,-0.001468,0.001367
0.002028,0.000662,0.002443
-0.000896,0.004943,0.000352
0.000091,0.007059,0.003556
0.001081,0.008117,0.004633
0.000117,0.008138,0.002487
0.000145,0.007074,0.003517
0.002119,0.000670,0.003467
0.001141,-0.002499,-0.000828
-0.000804,-0.006755,-0.002990
-0.000806,-0.009982,-0.000857
-0.000842,-0.012108,-0.004035
0.001076,-0.008961,0.001362
0.000071,-0.003601,-0.001794
0.001053,-0.004680,-0.002816
0.001037,-0.001434,-0.008135
0.000035,-0.000343,-0.009235
0.000025,0.000698,-0.006020
-0.001922,0.002830,-0.003904
-0.002893,0.000681,-0.001792
0.000069,0.000704,-0.003943
-0.000892,-0.001463,0.000306
0.000079,-0.000387,0.001338
0.000056,-0.002506,0.000234
-0.000923,0.001749,0.001352
-0.001876,0.006027,0.000316
0.000123,0.007117,-0.003917
0.002085,0.001748,0.000308
0.001108,-0.003563,-0.005029
-0.001824,-0.003556,-0.007139
0.000098,-0.002504,-0.006044
0.001041,-0.002533,-0.001787
0.002972,-0.004649,-0.002898
0.003954,-0.007869,-0.000786
0.002971,-0.013243,0.003454
0.000989,-0.015370,0.001327
0.000961,-0.011093,0.000294
0.000908,-0.010034,0.001371
-0.000066,-0.002551,0.000352
-0.001042,0.002795,-0.000675
-0.001038,0.012405,-0.000610
-0.001970,0.016692,-0.002715
-0.002903,0.024180,-0.002697
-0.002820,0.027427,-0.006975
-0.001783,0.029566,-0.005924
-0.001709,0.026371,-0.005967
-0.003581,0.019980,-0.007097
-0.001577,0.011436,-0.008196
0.000392,0.001858,-0.011483
0.002315,-0.006740,-0.005119
0.001307,-0.012107,-0.001944
0.003221,-0.015334,0.000187
0.003161,-0.014300,0.003421
0.005083,-0.016452,0.005542
0.005035,-0.014337,0.006653
0.005976,-0.017583,0.009879
0.002984,-0.020841,0.015230
0.001975,-0.020821,0.015175
-0.001018,-0.017632,0.018375
-0.001047,-0.014421,0.017331
-0.002983,-0.006878,0.007790
-0.003974,-0.002549,-0.000699
-0.002002,0.008167,-0.004907
-0.004931,0.018858,-0.006962
-0.004887,0.023128,-0.004836
-0.002877,0.028532,-0.012293
-0.002740,0.026443,-0.017658
-0.004651,0.019059,-0.026311
-0.001694,0.008384,-0.024298
0.000249,-0.003418,-0.015866
0.003159,-0.010923,-0.012698
0.008011,-0.011000,-0.004130
0.008953,-0.007858,0.001278
0.006969,-0.005746,0.002399
0.005982,-0.001491,0.004564
0.005970,-0.004723,0.007755
0.006007,-0.000433,0.005643
-0.001823,0.002713,0.012089
-0.005725,0.010222,0.007865
-0.005684,0.005953,0.007832
-0.006644,0.002719,0.012073
-0.004675,0.002793,0.003514
-0.007616,0.001740,0.001376
-0.004684,0.000704,-0.002898
0.001179,-0.001435,-0.003949
0.000200,-0.002544,0.000336
0.004096,-0.003630,0.002467
0.006011,-0.002566,0.002484
0.003061,0.000605,0.004682
0.002073,0.005951,0.003654
0.003080,0.012345,0.004775
0.001142,0.019854,-0.000493
-0.000758,0.021978,0.001643
-0.002679,0.027336,0.001630
-0.001638,0.027368,0.000500
-0.000584,0.023139,-0.002775
0.001421,0.016747,-0.002857
0.003414,0.007170,-0.006146
0.000488,-0.000315,-0.004076
0.001461,-0.005666,-0.004081
0.001437,-0.004649,0.000241
0.003380,-0.007846,-0.002935
0.002390,-0.007892,0.000323
0.002370,-0.013217,-0.000796
0.003320,-0.015379,0.002396
0.003257,-0.019659,0.004482
0.002222,-0.021842,0.009818
0.000202,-0.024006,0.015109
-0.000831,-0.021910,0.021502
-0.000882,-0.014410,0.017303
-0.001845,-0.007983,0.014154
-0.002817,0.001700,0.004619
-0.002789,0.010286,-0.001715
-0.003752,0.017772,-0.003785
-0.003735,0.026315,-0.004774
-0.003652,0.033917,-0.019696
-0.003505,0.032950,-0.033562
-0.000502,0.031904,-0.035717
-0.001419,0.034043,-0.035714
-0.001335,0.029801,-0.037911
-0.001277,0.024397,-0.029410
0.000698,0.013689,-0.022084
0.003611,0.003983,-0.009349
0.005563,-0.006798,0.002352
0.008527,-0.017485,0.004396
0.008496,-0.026056,0.008596
0.006462,-0.032568,0.019287
0.003447,-0.040123,0.028857
-0.001520,-0.040120,0.027805
-0.002576,-0.039032,0.025666
-0.000724,-0.036867,0.022468
-0.003730,-0.032531,0.016052
-0.001858,-0.027161,0.011823
-0.000898,-0.019629,0.003358
-0.001894,-0.013181,-0.001935
-0.000967,-0.007862,0.000243
0.001939,-0.002517,-0.001828
0.000951,0.003897,-0.004939
0.001960,0.010336,-0.009163
0.002955,0.017805,-0.008055
0.001993,0.026313,-0.003724
0.000075,0.038074,-0.004729
-0.001787,0.044471,-0.002568
-0.002644,0.048761,-0.004681
-0.004486,0.049838,-0.005742
-0.002410,0.045563,-0.004716
-0.002299,0.035943,-0.002663
-0.000283,0.027404,-0.002729
0.000755,0.020995,-0.002768
-0.000191,0.013527,-0.002834
0.000785,0.003890,-0.001785
0.002756,-0.000416,0.001415
0.003709,-0.003635,0.004574
0.003698,-0.005747,0.001360
0.002711,-0.006767,-0.004004
-0.001222,-0.007864,-0.000797
-0.002218,-0.009953,-0.006161
-0.000321,-0.006735,-0.007223
0.000623,0.001808,-0.005075
0.001609,0.003948,-0.006118
0.002613,0.006057,-0.001853
0.001684,0.009240,-0.000732
0.002677,0.009186,0.003592
0.001717,0.008131,0.002506
-0.000183,0.005987,0.003561
0.000801,0.007060,0.002510
-0.001143,0.001719,0.002479
-0.003099,-0.004659,-0.000777
-0.005063,-0.009987,-0.000843
-0.002137,-0.012101,-0.003006
-0.001199,-0.016381,-0.000920
0.000715,-0.023881,0.001187
-0.000327,-0.028148,0.002194
0.000575,-0.030327,0.005429
0.002447,-0.030396,0.011886
0.004336,-0.026146,0.015107
0.003286,-0.020832,0.017298
-0.001669,-0.006991,0.021680
-0.006542,-0.000512,0.012122
-0.000668,0.005903,0.010053
0.000302,0.005967,0.003612
-0.001564,0.004938,-0.000680
-0.003526,0.001783,-0.005010
-0.004525,0.003942,-0.007149
-0.004519,0.008280,-0.014614
-0.001554,0.014749,-0.022055
0.002434,0.019049,-0.025239
0.004375,0.017952,-0.022032
0.007335,0.017885,-0.013491
0.007393,0.017811,-0.004932
0.006435,0.018825,0.001491
0.004533,0.023093,0.002574
0.000681,0.024147,0.004709
0.000720,0.022002,0.004720
0.001789,0.014510,0.007851
-0.001095,0.007031,0.007811
-0.001097,-0.001481,0.003493
-0.002076,-0.000410,0.001400
-0.002092,0.001720,0.001429
-0.001149,0.011314,0.002581
-0.002113,0.016687,-0.002701
-0.001067,0.018880,-0.010156
0.000929,0.017839,-0.011277
-0.000042,0.010336,-0.009161
0.001943,0.001750,-0.003879
0.003881,-0.003627,0.001415
0.000922,-0.007878,0.000286
0.001914,-0.010034,0.004508
-0.001020,-0.011062,-0.001877
-0.001046,-0.004661,0.000273
-0.001070,-0.001466,0.001361
0.000893,-0.005723,0.000250
0.004790,-0.005740,0.001339
0.002809,-0.007889,0.003451
-0.001095,-0.004644,0.000229
-0.001118,-0.001465,0.003451
-0.000146,0.001702,0.007750
-0.002084,0.003844,0.007748
-0.001084,0.009213,0.004568
-0.003007,0.010291,0.002457
-0.003024,0.006042,0.000279
-0.000054,0.002876,-0.005071
-0.000062,-0.000336,-0.005069
0.001900,-0.009992,-0.000832
0.002841,-0.013169,-0.004058
0.001821,-0.016417,0.000219
0.003730,-0.016408,-0.001896
0.005638,-0.015377,0.001345
0.002696,-0.015394,0.002435
0.002682,-0.015400,0.003495
-0.000291,-0.013282,0.004602
-0.002264,-0.006842,0.002469
-0.000365,-0.000416,0.000368
-0.001318,0.009213,-0.000662
-0.003233,0.016670,0.002574
-0.003199,0.020945,0.001548
-0.002184,0.022035,-0.001643
-0.000143,0.024155,0.000502
0.000846,0.024177,-0.000599
0.000889,0.020963,0.000454
0.000940,0.019898,0.001484
-0.002917,0.017782,0.000372
-0.002846,0.008216,-0.003989
0.000066,0.003899,0.001330
-0.000908,-0.002503,0.000228
0.002037,-0.013203,0.001259
0.000021,-0.020680,0.002261
0.001885,-0.022858,0.005496
0.000863,-0.020766,0.009806
0.002770,-0.020787,0.011952
0.002737,-0.020767,0.009808
0.002696,-0.016469,0.007676
-0.000278,-0.008960,0.004500
-0.001264,0.000711,-0.002916
-0.000293,0.004956,-0.000727
-0.000257,0.013495,-0.000661
-0.004138,0.013541,-0.006009
0.001791,0.019979,-0.011276
0.005719,0.025328,-0.013356
0.004764,0.032778,-0.011151
-0.001038,0.039148,-0.005785
-0.000920,0.040214,-0.004726
0.002106,0.029520,-0.002665
0.000221,0.012415,0.000410
-0.000720,-0.004671,0.002391
0.000241,-0.009992,0.001263
-0.003737,-0.014248,0.001194
-0.004714,-0.016392,0.002247
-0.003781,-0.023978,0.013992
-0.003858,-0.029343,0.016115
-0.000998,-0.031475,0.013999
0.000924,-0.025053,0.009819
0.001847,-0.015363,-0.001829
-0.002087,-0.004638,-0.007108
-0.001135,0.003877,-0.004887
-0.002123,0.010389,-0.014529
0.000828,0.016897,-0.023119
0.002821,0.021200,-0.026310
0.004834,0.021165,-0.020988
0.002932,0.018984,-0.014610
0.004957,0.019976,-0.007086
0.005959,0.025257,-0.000624
0.005041,0.025222,0.001559
0.002181,0.024143,0.000537
-0.001657,0.019812,0.006939
-0.000638,0.014530,-0.000565
-0.001607,0.012351,0.005806
-0.003537,0.014539,-0.000590
-0.007419,0.011335,-0.000610
-0.006392,0.010321,-0.007031
-0.005413,0.007095,-0.003859
-0.003438,0.008248,-0.013488
0.000463,0.009288,-0.010269
0.001434,0.007190,-0.013519
0.004387,0.009281,-0.008158
0.008261,0.003868,0.001410
0.009237,-0.002576,0.006693
0.009258,-0.003615,0.004520
0.003417,-0.005772,0.006652
0.001428,-0.010070,0.010876
-0.000548,-0.017682,0.026873
0.000370,-0.023068,0.033235
-0.000636,-0.032704,0.033236
-0.004587,-0.042244,0.024621
-0.002749,-0.048630,0.020342
-0.003817,-0.053914,0.011796
-0.003919,-0.047461,0.004398
-0.001113,-0.034596,-0.001924
-0.002192,-0.014267,-0.008168
-0.003178,0.007203,-0.020873
-0.005092,0.028691,-0.033623
-0.004024,0.039440,-0.038965
-0.000040,0.044779,-0.035792
0.002987,0.046866,-0.028330
0.004083,0.046813,-0.019826
0.004202,0.041375,-0.009144
0.002375,0.042425,-0.008046
0.003437,0.031721,-0.007005
0.004506,0.020960,0.002553
0.004560,0.007067,0.002491
0.004540,-0.006827,0.002429
0.000605,-0.020728,0.003432
-0.000436,-0.030348,0.004439
0.000448,-0.035652,0.001174
-0.001601,-0.035669,0.003308
-0.001694,-0.034647,0.007618
-0.000795,-0.036848,0.016145
0.000097,-0.041165,0.023556
0.001954,-0.042232,0.023544
-0.000057,-0.040062,0.019285
-0.003045,-0.031443,0.009731
-0.004084,-0.015341,-0.000841
-0.001218,-0.004666,0.000284
-0.001210,0.007116,-0.004959
0.000763,0.024213,-0.006966
0.001783,0.032755,-0.004817
0.002846,0.038090,-0.004769
0.004890,0.039156,-0.005802
0.003024,0.036972,-0.000463
0.002136,0.028421,0.000549
0.000249,0.027360,-0.000522
-0.000680,0.027339,0.001624
-0.002555,0.025228,-0.001594
-0.002484,0.016740,-0.007022
-0.003416,0.010326,-0.006002
-0.000507,0.007159,-0.010302
0.002420,0.012490,-0.009198
-0.001471,0.015644,-0.003820
0.000520,0.021024,-0.009118
-0.001368,0.027416,-0.007991
-0.000348,0.032754,-0.007950
-0.002244,0.034904,-0.011113
-0.000202,0.034946,-0.015405
0.001805,0.031707,-0.010104
0.001885,0.030645,-0.009080
0.002904,0.027433,-0.005944
0.002971,0.026341,-0.003797
0.002041,0.022056,-0.002743
-0.001817,0.015608,0.002550
-0.000806,0.008131,0.003552
-0.000776,-0.001487,0.003507
0.000198,-0.014322,0.006614
0.000144,-0.023922,0.006525
0.000096,-0.028197,0.005459
0.000993,-0.035677,0.006469
-0.001092,-0.035671,0.006451
-0.002119,-0.030365,0.011802
0.001742,-0.023961,0.011852
-0.001265,-0.018608,0.008714
0.000654,-0.013259,0.007678
0.001608,-0.007909,0.007687
0.002573,0.000640,0.004592
0.001599,0.002796,0.002460
0.002583,0.008121,0.003579
0.000663,0.014520,0.002595
-0.000260,0.014523,0.000494
-0.001212,0.011323,0.000468
-0.002137,0.010291,-0.003816
-0.001138,0.010309,-0.005957
0.001793,-0.005569,-0.016886
-0.001151,0.041429,-0.028110
0.001904,0.028488,-0.017404
0.007940,0.002815,-0.009091
0.005905,-0.013202,-0.006063
0.001872,-0.011100,-0.000733
-0.001104,-0.007861,-0.001849
0.002781,-0.000385,0.001334
0.002777,0.013507,0.000354
0.000864,0.017766,0.002506
0.000927,0.019890,0.004642
0.001954,0.017729,0.008878
0.004005,0.011307,0.008874
0.002094,0.008056,0.011068
-0.000868,0.001602,0.017422
-0.003791,0.001599,0.017432
-0.003772,0.000581,0.011020
-0.000851,-0.003661,0.005684
-0.002815,-0.005757,0.001383
-0.004781,-0.005716,-0.002906
-0.005783,-0.007831,-0.004018
-0.003898,-0.002476,-0.007162
-0.000981,0.001812,-0.008225
-0.000003,0.005094,-0.014684
0.001958,0.007212,-0.012530
0.002958,0.011456,-0.007199
0.004920,0.011442,-0.005071
0.006897,0.011388,-0.000747
0.006960,0.010271,0.003556
0.003100,0.008125,0.002522
0.003116,-0.004715,0.004597
0.002156,-0.007915,0.004565
-0.000837,-0.005761,0.001393
-0.003780,-0.006818,0.000315
-0.005740,-0.002534,-0.001780
-0.006686,-0.000383,-0.003898
-0.005724,-0.001421,-0.007122
-0.001843,-0.001408,-0.008202
0.000116,-0.001421,-0.007124
0.000121,0.000725,-0.006088
0.002051,0.002833,-0.002866
0.002066,0.012449,-0.002814
0.002077,0.016687,0.001485
0.005035,0.019862,0.004717
0.005105,0.013458,0.004668
0.003185,0.010224,0.006816
0.001249,-0.000435,0.005646
-0.000715,-0.007912,0.005604
-0.002706,-0.013251,0.004521
-0.001758,-0.013253,0.005572
-0.001791,-0.016453,0.006589
-0.002814,-0.012191,0.008735
-0.002833,-0.002521,0.000277
-0.001821,0.006037,-0.002846
-0.004773,0.015656,-0.003849
