0.001652,-0.010407,0.013242
0.006417,-0.002959,0.015455
0.007216,0.004468,0.022949
0.008973,0.006774,0.017373
0.000100,0.004595,0.022701
-0.000947,-0.002814,0.016203
-0.002059,-0.014569,0.017193
0.002663,-0.018827,0.016083
-0.000487,-0.019937,0.021418
-0.002700,-0.018834,0.015059
-0.003838,-0.019945,0.021438
-0.000147,-0.013463,0.012919
0.005577,-0.018817,0.016059
0.006429,-0.030436,0.003099
0.006307,-0.035742,-0.000160
0.007162,-0.035708,-0.003385
0.007055,-0.033617,0.000927
0.007845,-0.032528,-0.003303
0.006925,-0.030430,-0.001098
0.007885,-0.025058,-0.005332
0.006180,-0.017609,-0.002077
-0.000631,-0.017540,-0.009577
-0.000998,-0.020705,-0.012836
0.003661,-0.017492,-0.014931
0.003796,-0.015373,-0.012783
0.002939,-0.009015,0.025035
0.008992,-0.017759,0.146810
0.037938,-0.012211,0.096105
0.055651,0.001825,-0.017146
0.018476,-0.001291,-0.042495
0.003561,0.001787,-0.025413
0.000664,0.010295,-0.023173
-0.000286,0.011386,-0.025320
-0.005938,0.006013,-0.024220
-0.005195,0.015563,-0.017723
-0.006699,0.020907,-0.017700
-0.009624,0.023064,-0.020877
-0.008149,0.022022,-0.022000
-0.001642,0.018877,-0.027402
0.000817,0.016747,-0.028478
-0.002560,0.014594,-0.027401
-0.004997,0.011391,-0.028467
-0.008463,0.018771,-0.020849
-0.008857,0.027261,-0.014379
-0.010357,0.030470,-0.016467
-0.008912,0.024067,-0.015475
-0.008600,0.013409,-0.018734
-0.001672,0.022880,-0.002620
-0.003451,0.022928,-0.009022
-0.010976,0.024022,-0.012220
-0.006686,0.015485,-0.014382
0.000455,0.023992,-0.010050
-0.003086,0.018697,-0.013337
0.000082,0.020841,-0.014390
0.000393,0.019750,-0.011197
-0.006209,0.017572,-0.004828
-0.006781,0.027169,-0.003682
0.000368,0.033610,-0.008958
0.006425,0.028218,-0.002581
-0.006049,0.020799,-0.009051
-0.008682,0.019707,-0.006903
-0.002732,0.017604,-0.009093
-0.002552,0.011216,-0.010230
-0.007166,0.002715,-0.014580
-0.005870,-0.002630,-0.011463
-0.003760,0.014427,-0.007092
-0.002713,0.016545,-0.003895
0.002339,0.015476,-0.007037
-0.000355,0.015443,-0.003812
-0.006041,0.016486,0.000444
-0.005929,0.018645,-0.003787
-0.002764,0.015425,-0.001674
-0.001632,0.010158,-0.007125
-0.004357,0.005907,-0.008254
-0.004211,0.003792,-0.008323
-0.002196,-0.004770,-0.005192
-0.001142,-0.006841,-0.010605
0.000995,-0.012195,-0.008509
0.001117,0.001642,-0.004117
0.003127,0.008082,-0.008342
0.002289,0.005958,-0.010480
-0.000484,0.007024,-0.011514
0.003619,0.005946,-0.009403
0.001719,0.010163,-0.002958
-0.000093,0.008054,-0.008270
-0.000930,0.012280,-0.002894
-0.001799,0.015487,-0.003929
-0.005602,0.014420,-0.003937
-0.004483,0.014438,-0.005031
-0.001451,0.017653,-0.003992
-0.000375,0.014508,-0.010441
-0.000217,0.013507,-0.016897
-0.000105,0.010312,-0.017989
0.004989,0.007084,-0.016900
0.006124,0.012376,-0.012556
0.003315,0.017692,-0.012460
0.003469,0.020855,-0.010241
0.002694,0.024071,-0.010252
0.000907,0.025154,-0.011330
0.001107,0.025127,-0.008124
-0.000690,0.021941,-0.009239
-0.001561,0.021928,-0.009203
-0.003310,0.011333,-0.018904
-0.004093,0.003881,-0.022150
0.001915,0.004911,-0.016815
0.000064,0.010247,-0.019907
-0.002699,0.021934,-0.012353
-0.002552,0.019839,-0.017704
0.000671,0.023085,-0.021977
-0.001004,0.014637,-0.030648
-0.002663,0.008299,-0.037143
0.002574,0.006224,-0.043590
0.006800,0.014779,-0.043568
0.005180,0.014767,-0.040398
-0.000399,0.011570,-0.042528
-0.003855,0.005172,-0.042596
0.001353,0.008382,-0.042590
0.001645,0.005255,-0.050132
0.000993,0.008438,-0.047964
-0.002539,-0.001193,-0.045883
-0.004194,-0.005423,-0.049158
-0.003875,-0.004321,-0.055516
-0.000573,-0.007499,-0.057695
0.002792,-0.017032,-0.064236
0.001222,-0.024451,-0.071748
-0.010977,-0.017023,-0.061121
0.001069,-0.029607,-0.086906
0.007413,-0.017916,-0.087730
-0.024891,-0.035897,-0.094574
0.018326,-0.015736,-0.085740
-0.014243,-0.024211,-0.085973
0.011620,-0.037002,-0.099712
-0.013140,-0.022142,-0.083692
0.000009,0.010900,-0.075991
0.005317,-0.042239,-0.116746
-0.001809,-0.010455,-0.083459
-0.012702,0.024786,-0.080095
0.016822,0.029141,-0.094924
0.005068,0.024872,-0.094959
-0.004902,-0.025152,-0.121866
-0.000273,-0.005155,-0.079139
0.002264,0.032205,-0.073624
0.022065,0.028016,-0.088509
0.004311,0.022695,-0.091730
-0.001639,0.021572,-0.083226
-0.004115,0.024841,-0.091742
-0.002514,0.017361,-0.090733
0.001143,0.014184,-0.095005
-0.001106,0.018395,-0.089590
-0.007245,0.023698,-0.084232
-0.006838,0.024778,-0.087393
-0.006216,0.033261,-0.082998
-0.004500,0.027985,-0.091563
-0.005738,0.030016,-0.079773
-0.008056,0.038480,-0.073238
-0.003604,0.037367,-0.066852
-0.001126,0.040553,-0.063645
-0.000462,0.049170,-0.074239
-0.002688,0.048110,-0.073222
-0.000137,0.043803,-0.067929
0.003338,0.034118,-0.060478
0.003846,0.020200,-0.056293
0.003269,0.018016,-0.050953
-0.000243,0.020134,-0.050891
-0.000823,0.028634,-0.047585
-0.003348,0.036137,-0.049701
0.000140,0.041507,-0.052883
0.005578,0.042626,-0.057195
0.003197,0.037310,-0.059381
0.001767,0.031957,-0.056243
-0.002639,0.029827,-0.056275
-0.003126,0.019190,-0.059591
0.000287,0.013842,-0.056462
-0.001248,0.009523,-0.050092
0.002058,0.012738,-0.050102
-0.000502,0.014841,-0.045820
-0.002113,0.008465,-0.049081
0.000215,0.010624,-0.051220
0.002570,0.008484,-0.050176
-0.002937,0.013810,-0.048015
-0.003546,0.024457,-0.042631
-0.001222,0.017013,-0.046945
0.003058,0.024404,-0.040401
0.000503,0.031856,-0.037156
-0.003115,0.025502,-0.044657
0.001221,0.027565,-0.037132
0.003478,0.028556,-0.030649
0.006693,0.032783,-0.026323
0.000146,0.037052,-0.025241
-0.001483,0.040263,-0.028377
-0.001191,0.044442,-0.016604
-0.004835,0.043381,-0.016631
-0.005551,0.041235,-0.014527
-0.002387,0.036966,-0.012468
-0.007076,0.029515,-0.013626
-0.003937,0.028436,-0.012556
-0.003781,0.020968,-0.012626
-0.004698,0.018785,-0.005198
-0.006573,0.017715,-0.004150
-0.003586,0.024136,-0.004146
-0.001493,0.036964,-0.005143
-0.003295,0.033783,-0.007314
-0.006974,0.021071,-0.019172
0.002089,0.014674,-0.019239
0.003252,0.007164,-0.015015
0.003322,0.014690,-0.018236
0.006466,0.015804,-0.024624
0.011518,0.034942,-0.016958
0.004894,0.030666,-0.016974
0.002214,0.032840,-0.023334
-0.001300,0.036079,-0.027588
-0.002990,0.035031,-0.028692
0.002301,0.036230,-0.044714
0.001843,0.031007,-0.058648
0.005344,0.017302,-0.081164
0.009842,0.002430,-0.088788
0.004552,-0.014599,-0.095322
0.001236,-0.023055,-0.097697
0.000782,-0.081593,-0.138332
-0.004332,-0.095512,-0.114275
0.010686,-0.087035,-0.113001
-0.003809,-0.049923,-0.090105
-0.009019,-0.006277,-0.073777
0.002957,0.004331,-0.065153
0.001457,-0.041377,-0.086920
-0.009747,-0.071264,-0.091335
-0.049132,-0.098961,-0.092740
-0.014745,-0.088283,-0.083256
0.014676,-0.079692,-0.087509
0.009098,-0.093430,-0.101573
0.002832,-0.086963,-0.106913
-0.002609,-0.091078,-0.116764
-0.001281,-0.082424,-0.125362
-0.005427,-0.085375,-0.144868
-0.010387,-0.107506,-0.172976
-0.005553,-0.124377,-0.194564
0.002212,-0.127547,-0.196764
0.003034,-0.132804,-0.205382
0.005728,-0.107327,-0.182854
-0.011158,-0.083948,-0.168806
-0.021257,-0.055332,-0.142952
-0.025586,-0.015150,-0.092498
-0.024109,0.042327,-0.070715
-0.030386,0.099877,-0.056440
-0.036544,0.142353,-0.022070
-0.037938,0.150780,-0.007069
-0.046314,0.099310,0.034979
-0.055071,0.030093,0.025648
-0.051966,-0.053906,-0.003046
-0.050966,-0.120689,-0.046605
-0.049130,-0.217318,-0.094685
-0.041395,-0.321228,-0.161103
-0.039428,-0.514726,-0.245134
-0.044544,-0.692252,-0.563560
-0.020058,-0.786085,-0.440434
-0.067567,-0.809013,-0.502720
-0.043918,-0.910177,-0.529229
-0.038614,-1.011433,-0.540854
-0.034630,-1.113552,-0.578119
-0.023182,-1.249858,-0.606156
-0.019392,-1.368007,-0.628857
-0.027036,-1.447135,-0.596681
-0.047949,-1.497851,-0.646538
-0.049339,-1.545307,-0.690247
-0.071195,-1.678777,-0.729515
-0.056274,-1.624630,-0.698010
-0.090435,-1.604015,-0.705002
-0.075727,-1.502807,-0.805855
-0.078278,-1.463495,-0.680968
-0.107957,-1.517433,-0.770537
-0.053498,-1.548496,-0.894598
-0.043482,-1.408633,-0.862233
-0.093398,-1.258086,-0.844455
-0.059516,-1.146527,-0.769031
-0.048743,-1.114673,-0.726516
-0.042878,-1.145473,-0.718794
-0.020917,-1.174197,-0.706717
-0.001562,-1.145155,-0.715442
0.014057,-1.011191,-0.612630
0.011156,-0.832566,-0.517394
0.027901,-0.719006,-0.443696
0.052062,-0.646725,-0.406789
0.075784,-0.509306,-0.373634
0.081798,-0.302870,-0.307619
0.087071,-0.037710,-0.253740
0.099105,0.230406,-0.176188
0.103786,0.393116,-0.115839
0.119257,0.520520,-0.036722
0.113825,0.614944,0.028259
0.113566,0.633571,0.096870
0.115150,0.665133,0.151652
0.104306,0.695653,0.200084
0.106147,0.726067,0.262392
0.105161,0.800321,0.312286
0.103948,0.920514,0.361382
0.097600,1.045899,0.420312
0.084214,1.150060,0.455745
0.066753,1.231922,0.476061
0.053639,1.289250,0.490916
0.045552,1.292493,0.469919
0.048938,1.235900,0.454897
0.047766,1.154664,0.454568
0.048801,1.083076,0.455248
0.044472,1.030825,0.435887
0.036090,0.998621,0.436115
0.022427,0.922606,0.442403
0.041771,0.985251,0.446896
0.045226,1.079611,0.484855
0.040207,1.151208,0.447549
0.053178,1.226246,0.500285
0.057687,1.280682,0.485022
0.067467,1.315906,0.469607
0.063400,1.316867,0.474077
0.061020,1.339769,0.423830
0.049106,1.361824,0.443768
0.041759,1.342662,0.447668
0.048014,1.309661,0.430450
0.056838,1.266765,0.435871
0.057569,1.233827,0.412213
0.065643,1.184735,0.403447
0.071328,1.138776,0.403252
0.074477,1.064487,0.469188
0.072221,1.013192,0.479407
0.090571,1.000371,0.466791
0.093174,1.004448,0.472555
0.081927,1.017488,0.437540
0.071647,1.053480,0.457426
0.050606,1.107585,0.483813
0.036595,1.121427,0.469371
0.029290,1.083435,0.416697
0.024616,1.065346,0.405951
0.010916,1.024667,0.410129
0.012655,0.971590,0.365029
0.020172,0.963270,0.328834
0.010899,0.919571,0.309505
0.015161,0.945353,0.283130
-0.014082,0.923724,0.317164
-0.014215,1.027150,0.320346
-0.029235,1.045197,0.328065
0.010994,0.982020,0.370979
0.004452,0.851702,0.404733
-0.051271,0.690001,0.361272
-0.071002,0.547869,0.268927
-0.070547,0.432096,0.215288
-0.083157,0.393372,0.132447
-0.066338,0.474584,0.117152
-0.032591,0.556650,0.116020
0.036385,0.565704,0.152051
0.077011,0.523530,0.189756
0.072720,0.436686,0.209964
0.085485,0.330782,0.222299
0.087537,0.234249,0.265655
0.075488,0.173242,0.277121
0.066416,0.135867,0.280011
0.032449,0.169964,0.290890
-0.008977,0.207605,0.260113
-0.031653,0.186559,0.228831
-0.043356,0.211993,0.140960
-0.053852,0.268863,0.113429
-0.060344,0.295671,0.108083
-0.034348,0.326626,0.110414
-0.022076,0.352024,0.135238
-0.011441,0.384052,0.137560
-0.010840,0.383724,0.172928
-0.008470,0.374254,0.162038
-0.006057,0.341972,0.198028
-0.007866,0.323948,0.183974
-0.007368,0.356096,0.173435
-0.009934,0.350655,0.188305
-0.000067,0.331387,0.199804
0.004069,0.331276,0.217871
0.000278,0.323711,0.231652
0.008207,0.283051,0.243102
0.012045,0.230514,0.271544
0.017610,0.176053,0.273278
0.022924,0.122692,0.271796
0.011690,0.070576,0.252082
0.005932,0.031075,0.251795
0.001309,0.045347,0.206946
-0.005065,0.060120,0.227376
-0.005768,0.090131,0.209505
0.004525,0.112503,0.220248
0.007742,0.157438,0.203592
0.017247,0.185214,0.203743
0.024664,0.204301,0.219907
0.022374,0.217215,0.209273
0.017249,0.189436,0.218541
0.010968,0.178959,0.199121
0.008603,0.151166,0.208425
0.000391,0.149284,0.178466
0.000151,0.121736,0.157846
0.002704,0.073874,0.137160
0.011204,0.025993,0.123843
0.011658,-0.028174,0.093434
0.023769,-0.055891,0.093128
0.009532,-0.074887,0.071497
0.003963,-0.078136,0.077869
-0.004411,-0.047099,0.066388
0.001004,-0.029185,0.089097
-0.007250,-0.019490,0.076391
0.002043,-0.016449,0.092523
-0.006231,-0.030292,0.085007
0.003167,-0.040075,0.101082
0.010418,-0.033749,0.104473
0.011013,-0.018828,0.102554
0.018268,0.001379,0.109178
0.009010,0.008814,0.117700
0.001705,0.037604,0.121138
0.012166,0.032386,0.106145
0.009998,0.005780,0.107822
0.002563,-0.007015,0.107689
0.009953,-0.026158,0.105267
0.002641,-0.041025,0.097630
0.005987,-0.046222,0.084674
-0.009269,-0.052546,0.078142
-0.016504,-0.066252,0.059812
-0.018866,-0.082180,0.054240
-0.018405,-0.093851,0.047691
-0.015960,-0.107677,0.044316
-0.009594,-0.117247,0.041008
-0.002218,-0.104345,0.030404
-0.005567,-0.106451,0.026131
-0.003911,-0.105252,0.016382
-0.003259,-0.090303,0.015438
0.005126,-0.090376,0.023996
0.003874,-0.056305,0.031805
-0.000419,-0.009575,0.055789
-0.001705,0.030683,0.087223
0.007671,0.046010,0.165474
0.005234,0.096218,0.146933
-0.002835,0.068572,0.143303
-0.029903,0.087827,0.139159
-0.018475,0.109874,0.076842
-0.004791,0.119173,0.098635
-0.018712,0.099900,0.104920
-0.006682,0.107390,0.100748
0.005731,0.096841,0.087787
0.003691,0.107325,0.113465
-0.004327,0.111063,0.050390
0.011604,0.109914,0.065236
0.001600,0.106742,0.063040
0.013437,0.115237,0.070542
0.003685,0.127155,0.049257
-0.001178,0.130176,0.067531
0.003793,0.120590,0.064268
0.002878,0.113221,0.056620
0.000733,0.110958,0.063212
0.014594,0.126029,0.047306
-0.001026,0.130223,0.054859
0.010678,0.162337,0.042318
0.000062,0.152729,0.042247
-0.006655,0.145236,0.042243
0.000329,0.129363,0.028165
0.001485,0.124089,0.017500
-0.003174,0.102828,0.009789
-0.000202,0.080399,0.009652
0.003771,0.060949,0.035218
0.003732,0.040912,0.012464
0.005652,0.035497,0.022042
0.003477,0.019350,0.028548
0.004496,0.014094,0.026203
-0.007508,0.018344,0.029424
-0.006760,0.033200,0.041270
-0.006960,0.040521,0.058455
0.001619,0.055112,0.095049
0.027753,0.092515,0.087902
0.000015,0.085059,0.089895
-0.017036,0.107577,0.073068
-0.002060,0.112788,0.089124
0.002716,0.124590,0.080692
0.007274,0.135149,0.097805
-0.012609,0.148661,0.134421
0.000019,0.150028,0.101229
0.007867,0.119217,0.085973
-0.004993,0.101126,0.080459
0.004643,0.102022,0.099741
-0.005182,0.082069,0.066308
0.010349,0.070377,0.063998
0.011065,0.055499,0.057434
0.011993,0.034192,0.054027
0.008862,0.034273,0.053816
0.000758,0.026897,0.044095
0.005563,0.026953,0.040811
0.002435,0.040722,0.052702
0.009005,0.048186,0.053826
0.001975,0.048210,0.049579
-0.003030,0.034383,0.043068
-0.008965,0.011989,0.038656
-0.010047,-0.011436,0.032051
-0.009225,-0.023155,0.030855
-0.003613,-0.017847,0.034111
0.001041,-0.013535,0.027759
0.003856,-0.002857,0.027830
0.007713,-0.008162,0.023523
0.007634,-0.012425,0.022425
0.006538,-0.015580,0.019140
0.001513,-0.016646,0.021220
-0.000603,0.000457,0.019197
-0.003691,0.010025,0.022509
-0.003845,0.014258,0.025775
0.000867,0.024870,0.032291
0.001681,0.023734,0.034556
0.003537,0.021502,0.047343
-0.001773,0.017008,0.070904
0.013684,0.033060,0.064647
0.014353,0.037145,0.085031
-0.013356,0.040682,0.048624
0.000422,0.023721,0.034589
-0.007357,0.002408,0.030149
-0.004659,0.000284,0.028014
0.002017,0.005626,0.026997
0.003808,0.022653,0.032490
-0.000250,0.030120,0.032563
0.000604,0.025833,0.034667
0.002474,0.014102,0.032457
0.005357,-0.002945,0.028059
0.004230,-0.014692,0.027985
0.003127,-0.027427,0.021419
-0.000949,-0.033844,0.023493
-0.002126,-0.020980,0.019263
-0.002260,-0.016676,0.017118
-0.000411,-0.010251,0.015021
-0.002385,0.001509,0.011924
-0.002422,0.004745,0.008725
-0.003447,0.010067,0.008804
-0.003517,0.017406,0.019667
-0.001712,0.026937,0.029349
-0.000914,0.022680,0.028238
0.000029,0.019457,0.031406
-0.003072,0.018358,0.037756
-0.002214,0.013020,0.037715
0.002514,0.010873,0.040868
0.003331,0.006668,0.037531
0.007077,0.015216,0.038620
0.005010,0.018494,0.031124
0.004908,0.037649,0.036653
0.002826,0.049200,0.057112
0.012380,0.067388,0.050867
0.012174,0.085305,0.075657
-0.021175,0.085666,0.031839
-0.003267,0.053730,0.019860
-0.008104,0.029229,0.013267
-0.000393,0.012186,0.008863
0.002535,-0.001729,0.013039
0.003394,-0.008125,0.012968
0.000332,-0.013527,0.020417
0.000188,-0.010278,0.016136
0.002094,0.001474,0.014107
0.003023,0.001440,0.016288
0.004856,-0.002814,0.015169
0.002839,-0.014537,0.012937
0.000794,-0.022005,0.012870
-0.003239,-0.028367,0.008529
-0.001418,-0.029459,0.012769
0.002325,-0.025235,0.017103
0.002149,-0.016718,0.018274
0.002984,0.000308,0.022723
-0.000060,0.018434,0.023960
-0.002079,0.029115,0.021932
-0.000189,0.033376,0.023034
0.001740,0.032313,0.024060
0.000767,0.024886,0.019701
0.004645,0.016341,0.022790
0.006542,0.014136,0.031323
0.012219,0.012006,0.030248
0.011109,0.014133,0.032375
-0.000716,0.013127,0.024886
-0.001736,0.009962,0.021628
-0.006698,0.001434,0.020486
-0.004873,0.003574,0.019443
-0.002066,-0.002802,0.016181
0.000745,-0.011359,0.018253
0.000617,-0.014573,0.019305
0.001467,-0.017768,0.019262
0.003332,-0.022056,0.020323
0.001279,-0.032711,0.017053
0.000214,-0.035898,0.014898
-0.001859,-0.036935,0.011674
-0.001917,-0.046489,0.005187
-0.001020,-0.060310,-0.000292
0.000852,-0.074140,-0.006795
0.001752,-0.078357,-0.011148
0.002640,-0.084713,-0.015507
0.004499,-0.085770,-0.015542
0.003397,-0.086818,-0.016648
0.002294,-0.075048,-0.020814
0.001279,-0.052648,-0.019554
0.001208,-0.036727,-0.009785
0.001135,-0.015405,-0.006415
-0.000840,-0.005833,-0.002066
0.001102,0.000535,0.002261
0.000101,-0.004800,0.003261
-0.000856,-0.017576,0.000985
0.002076,-0.032504,-0.000218
0.004029,-0.048479,-0.004617
0.004972,-0.064504,-0.002612
0.003961,-0.071899,-0.014378
0.004882,-0.082628,-0.009089
0.000841,-0.085817,-0.010192
-0.002147,-0.075070,-0.021802
-0.005065,-0.055861,-0.024782
-0.004104,-0.043097,-0.022473
-0.001172,-0.022866,-0.016957
0.003736,-0.016546,-0.008322
0.004699,-0.011247,-0.002954
0.001733,-0.013367,-0.005099
0.003709,-0.013391,-0.001901
0.000789,-0.014414,-0.007253
0.000799,-0.021845,-0.011598
0.002771,-0.025027,-0.011677
0.001812,-0.031402,-0.013896
0.004713,-0.035660,-0.012915
0.005678,-0.034599,-0.011841
0.005619,-0.025040,-0.006414
0.004644,-0.012213,-0.009501
0.001716,-0.006911,-0.007277
0.002735,-0.007966,-0.010453
0.001814,-0.012221,-0.012615
0.001890,-0.010063,-0.016846
0.000005,-0.014320,-0.015864
0.002980,-0.020682,-0.020207
0.003012,-0.031321,-0.022473
0.004051,-0.039807,-0.027907
0.003137,-0.039812,-0.024755
0.005098,-0.035524,-0.025816
0.001196,-0.035528,-0.023715
0.001257,-0.034434,-0.026913
0.000359,-0.029090,-0.026890
0.001377,-0.031276,-0.020500
0.001402,-0.033414,-0.020508
0.000454,-0.037740,-0.014119
-0.002482,-0.032406,-0.014069
-0.000517,-0.005744,-0.014850
-0.001440,0.006986,-0.007224
0.001467,0.012325,-0.009278
0.001551,0.002680,-0.005068
0.001636,-0.006920,-0.007253
-0.000274,-0.019719,-0.008421
0.000712,-0.021891,-0.005206
0.000709,-0.028272,-0.008453
0.003592,-0.024005,-0.006322
0.003543,-0.010122,-0.006233
0.003546,0.001549,0.001360
0.000568,0.014325,0.004684
0.001505,0.018572,0.006868
0.002512,0.018579,0.006850
0.001540,0.011098,0.008907
0.002521,0.007934,0.004598
0.003474,0.000457,0.005602
0.004414,0.003675,0.004540
0.002411,-0.001671,0.007660
-0.000538,0.004744,0.005590
0.000444,0.009024,0.004548
0.002396,0.011155,0.004574
0.002413,0.007972,0.003456
0.003417,0.007960,0.004534
0.001473,0.003718,0.001290
0.001451,0.001578,0.002333
0.001495,-0.001607,-0.000874
0.000528,-0.005825,-0.006269
0.003464,-0.010115,-0.004160
0.001473,-0.011195,-0.003090
0.001443,-0.014378,-0.003164
0.002392,-0.012224,-0.004243
0.005302,-0.009046,-0.003111
0.005272,-0.010137,-0.000963
0.001326,-0.011227,0.001176
0.001327,-0.011239,0.002254
0.001274,-0.014464,0.005428
0.000247,-0.012273,-0.000977
0.001178,-0.000560,0.003372
-0.000749,0.017622,-0.001813
0.001222,0.025018,0.006809
0.004141,0.026099,0.004689
0.004185,0.019683,0.006763
0.002265,0.010057,0.009877
0.001282,0.005824,0.004520
0.001260,0.001536,0.006625
0.002194,0.000485,0.006575
0.003137,0.000472,0.007653
0.001169,0.001587,0.003355
0.001142,0.005858,0.002338
0.001146,0.005847,0.004458
0.005044,0.005863,0.003372
0.005017,0.006899,0.006601
0.003036,0.000507,0.005473
0.002022,-0.000584,0.008661
0.002965,-0.001672,0.010799
0.003897,0.005822,0.008709
0.002875,0.006846,0.011969
0.000843,0.013200,0.016329
-0.000200,0.012149,0.015234
-0.001240,0.008930,0.017347
-0.001293,0.005734,0.017304
-0.000375,0.005772,0.011975
0.000553,0.003641,0.011949
0.001467,0.004734,0.008752
0.002426,0.004750,0.007665
0.002400,0.003666,0.009792
0.002359,0.000512,0.004414
0.002342,-0.002716,0.007592
0.002267,-0.001684,0.011875
0.004131,-0.007043,0.013985
0.005027,-0.004929,0.016148
0.004975,0.000428,0.014045
0.002960,0.006816,0.015181
0.002896,0.008932,0.017341
0.002831,0.007875,0.015213
0.003759,0.005757,0.015153
0.001715,0.005725,0.019419
0.000649,0.004668,0.018336
0.002523,0.002573,0.015078
-0.000462,-0.000624,0.015041
0.000456,-0.004879,0.012880
0.002335,-0.006989,0.010705
0.005171,-0.009129,0.011749
0.005094,-0.010206,0.012811
0.002086,-0.014456,0.011682
0.002979,-0.026178,0.010495
0.004824,-0.004828,0.007517
0.000832,0.003638,0.014048
-0.000253,0.011089,0.014160
-0.001269,0.017492,0.014213
-0.000330,0.016417,0.016315
-0.000365,0.008952,0.017288
0.001542,-0.000657,0.018265
0.003415,-0.016649,0.016001
0.003302,-0.027325,0.016969
0.004131,-0.030505,0.014797
0.003044,-0.022958,0.005245
0.004944,-0.014393,0.002106
0.000994,-0.005861,0.004282
0.002933,0.003773,0.000102
0.001938,0.014381,0.007675
0.002885,0.014371,0.008748
0.004808,0.014333,0.013032
0.003782,0.007916,0.014060
0.002756,0.008940,0.019412
0.001707,0.006847,0.014055
0.002641,-0.001699,0.016099
0.000623,-0.007023,0.013931
0.001533,-0.012333,0.010684
0.003416,-0.017689,0.013829
0.004296,-0.020871,0.010616
0.003219,-0.026150,0.005193
0.004106,-0.029358,0.006228
0.005949,-0.031500,0.006232
0.005838,-0.035756,0.006163
0.004743,-0.036837,0.008282
0.002659,-0.041100,0.008231
0.001572,-0.044323,0.010353
0.003358,-0.052874,0.011364
0.001210,-0.056078,0.010298
-0.001884,-0.041158,0.011519
-0.000978,-0.021921,0.008469
0.001811,-0.011261,0.010680
0.004690,-0.005880,0.004330
0.003698,-0.008039,0.006469
0.003668,-0.012290,0.005343
0.003611,-0.019721,0.002043
0.002603,-0.017587,0.002058
0.003546,-0.018612,-0.002243
0.002494,-0.015434,0.000982
-0.000415,-0.002583,-0.005304
0.003518,0.002769,-0.008438
0.004538,0.007028,-0.008378
0.003579,0.010196,-0.004084
0.000714,0.004865,-0.005185
-0.001178,0.000607,-0.006292
0.000813,-0.009000,-0.006366
0.003753,-0.017516,-0.008585
0.002755,-0.019673,-0.005405
0.003678,-0.021823,-0.004336
0.004658,-0.004734,-0.006323
0.005624,0.000558,-0.001982
0.003663,0.006986,-0.005130
0.002754,0.009106,-0.004028
0.004785,0.003797,-0.006234
0.004808,-0.003684,-0.004179
0.005830,-0.013200,-0.015991
0.003955,-0.011019,-0.021325
0.005015,-0.004580,-0.025550
0.004157,-0.002423,-0.028726
0.003259,0.000726,-0.022289
0.004319,0.001753,-0.016946
-0.000530,-0.000408,-0.013756
-0.000484,-0.003634,-0.010583
-0.002388,-0.011102,-0.010650
-0.005307,-0.016469,-0.007477
-0.002380,-0.027122,-0.009706
0.000564,-0.023884,-0.013957
0.002570,-0.017453,-0.017114
0.005550,-0.011046,-0.017071
0.006570,-0.012123,-0.016010
0.005662,-0.007850,-0.015986
0.003761,-0.008901,-0.017081
0.003835,-0.011040,-0.017087
0.002947,-0.012081,-0.020301
0.002081,-0.004596,-0.022370
0.004108,-0.004630,-0.019146
0.005140,-0.002495,-0.019127
0.004268,-0.001466,-0.014835
0.004363,-0.005708,-0.018076
0.003419,-0.007866,-0.014896
0.004446,-0.011054,-0.016006
0.004516,-0.012109,-0.017092
0.004554,-0.012119,-0.016019
0.003643,-0.012093,-0.019225
0.003724,-0.012044,-0.024580
0.003799,-0.014177,-0.025647
0.004847,-0.013112,-0.024587
0.003926,-0.013130,-0.022449
0.002061,-0.013110,-0.024591
0.003123,-0.009922,-0.022438
0.004163,-0.006757,-0.019181
0.003253,-0.006749,-0.020250
0.002357,-0.002493,-0.018086
0.001469,0.000709,-0.018062
0.001507,0.000675,-0.014835
0.002568,-0.007894,-0.011685
0.002641,-0.011103,-0.010649
0.001679,-0.014277,-0.012838
0.001711,-0.012143,-0.011772
0.001765,-0.011034,-0.018149
0.001845,-0.007828,-0.018134
0.001890,-0.012127,-0.014951
0.002926,-0.013178,-0.017096
0.001999,-0.014238,-0.017122
0.000065,-0.011062,-0.013892
0.001071,-0.001457,-0.014859
0.001153,0.001742,-0.014826
0.002158,-0.001487,-0.011644
0.003211,-0.002589,-0.007379
0.005191,-0.006844,-0.009541
0.005208,-0.003660,-0.007377
0.005235,-0.006838,-0.009558
0.003316,-0.003633,-0.010587
0.004349,-0.002534,-0.014844
0.003425,-0.003632,-0.010589
0.003476,-0.000426,-0.010573
0.002572,-0.001421,-0.019136
0.001657,0.001748,-0.013795
0.002700,-0.000393,-0.014843
0.001773,0.001745,-0.014835
0.002834,0.000633,-0.009497
0.005809,-0.001486,-0.010601
0.002887,0.000605,-0.006289
0.000015,0.009208,-0.014755
0.000108,0.014517,-0.011503
0.001172,0.014484,-0.008278
0.004157,0.014490,-0.009339
0.003244,0.010189,-0.005107
0.004320,0.005958,-0.009423
0.002428,0.003810,-0.008362
0.001494,0.011312,-0.013611
0.000627,0.016631,-0.011432
0.002634,0.020884,-0.010309
0.006598,0.024028,-0.002812
0.004707,0.029373,-0.003838
0.005747,0.036790,0.001590
0.004819,0.043187,0.002707
0.005871,0.046345,0.008075
0.002945,0.040954,0.014451
0.003938,0.044144,0.015554
0.003008,0.043111,0.012317
0.000117,0.033537,0.009019
0.000126,0.027202,0.002516
0.001157,0.018698,0.000267
0.002195,0.030504,-0.007131
0.003216,0.040063,-0.001704
0.006179,0.040007,0.003672
0.008203,0.063472,0.003899
0.005380,0.064495,0.009249
0.007368,0.058065,0.012406
0.003539,0.045294,0.009071
0.000682,0.020775,0.008800
-0.001253,-0.001637,0.009664
-0.000325,-0.012313,0.010632
0.002545,0.009064,0.007583
0.002525,0.044282,0.007873
0.008374,0.069936,0.004838
0.011415,0.075320,0.001619
0.008606,0.066709,0.009061
0.007760,0.058205,0.002628
0.004940,0.058304,-0.008088
0.000268,0.047702,-0.015679
-0.002515,0.030643,-0.018999
-0.003357,0.025311,-0.020100
-0.006177,0.015717,-0.023344
0.001677,0.012455,-0.013802
-0.000206,0.020937,-0.008355
0.005731,0.025180,-0.005116
0.013593,0.051865,-0.005954
0.014746,0.071120,-0.010098
0.015972,0.082901,-0.014296
0.013290,0.091519,-0.021756
0.009710,0.088442,-0.033611
0.004263,0.071458,-0.046541
0.005629,0.058669,-0.051920
0.007895,0.067288,-0.061472
0.016147,0.091824,-0.059154
0.017570,0.104608,-0.058992
0.011219,0.106791,-0.068512
0.006889,0.093968,-0.068575
0.005404,0.100338,-0.064251
0.002812,0.087472,-0.055836
0.001294,0.087432,-0.051549
-0.004141,0.088440,-0.045110
-0.006748,0.060640,-0.037881
-0.011312,0.012579,-0.033995
-0.015968,-0.038654,-0.034394
-0.013993,-0.074974,-0.030418
-0.001391,-0.100646,-0.021061
0.006197,-0.125348,0.000060
0.010782,-0.117938,0.010739
0.007608,-0.085811,-0.001838
0.006536,-0.044199,-0.002520
0.009379,-0.025007,-0.002317
0.006405,-0.019706,-0.001135
-0.003306,-0.025016,-0.008567
-0.005203,-0.041010,-0.011872
-0.009187,-0.052751,-0.011963
-0.004388,-0.061348,-0.003512
-0.003536,-0.066720,0.000721
-0.001738,-0.064559,-0.001424
-0.000868,-0.067761,0.000643
-0.001953,-0.072031,0.003749
-0.003079,-0.061333,0.001676
-0.001258,-0.027166,-0.000177
0.012375,-0.001616,0.006470
0.019129,0.022846,0.017349
0.020022,0.034548,0.021724
0.008346,0.035616,0.021731
-0.000416,0.018561,0.018402
-0.006261,0.001506,0.015072
-0.007324,-0.011315,0.016051
-0.000640,-0.023085,0.019173
-0.001735,-0.035898,0.019083
-0.003833,-0.049777,0.020031
-0.004968,-0.043355,0.017943
-0.000238,-0.048692,0.017900
0.005351,-0.043359,0.017950
0.008073,-0.031624,0.019106
0.007920,-0.015578,0.014955
0.003941,0.000447,0.013994
0.001956,0.001648,-0.000987
0.001002,0.006968,0.002236
0.002964,0.004797,0.003361
0.005890,-0.001603,0.004347
0.002938,-0.003736,0.003280
0.002910,-0.008038,0.006468
0.004815,-0.011256,0.007530
0.003732,-0.016619,0.010695
0.002699,-0.017706,0.013874
-0.002366,-0.015612,0.018181
-0.003473,-0.026315,0.022356
-0.001644,-0.031659,0.022334
0.004054,-0.039120,0.020156
0.002890,-0.046601,0.022215
0.002709,-0.043392,0.022222
0.001532,-0.032695,0.020153
0.004285,-0.025192,0.018037
0.005112,-0.020934,0.020191
0.004012,-0.017739,0.020234
0.004869,-0.017745,0.022343
0.002798,-0.021975,0.016975
0.001680,-0.026276,0.021211
0.003505,-0.025191,0.019082
0.006273,-0.030551,0.021188
0.008035,-0.043389,0.024304
0.007861,-0.059400,0.025227
0.007634,-0.061503,0.020945
0.000563,-0.060453,0.022042
0.001319,-0.048727,0.023220
-0.000872,-0.045523,0.023240
-0.000998,-0.019867,0.017062
-0.004998,-0.010212,0.010737
-0.000172,-0.001699,0.014010
0.003612,0.002601,0.009780
0.003591,0.004723,0.010874
0.003597,-0.001687,0.009794
0.003521,-0.004884,0.008710
0.002535,-0.011232,0.002238
-0.001373,-0.018665,-0.002104
-0.000465,-0.026158,0.001030
-0.003475,-0.030421,0.003071
0.002267,-0.032583,0.006265
0.005072,-0.030468,0.009470
0.007873,-0.032629,0.011613
0.008737,-0.029420,0.009528
0.006668,-0.028382,0.014843
0.007524,-0.017701,0.012815
0.006451,-0.003792,0.007606
0.005486,0.001572,0.004441
0.004507,0.000533,0.001223
0.006434,-0.002663,0.001180
0.008394,-0.011182,-0.001029
0.006444,-0.017585,-0.002129
0.004461,-0.020776,-0.003227
0.000506,-0.019709,-0.003219
-0.002433,-0.018644,-0.003203
-0.000528,-0.022931,-0.001099
0.002335,-0.023984,-0.002192
0.002264,-0.026169,0.003153
0.002219,-0.021881,0.001046
0.004135,-0.013321,-0.001034
0.002205,-0.007957,-0.005248
0.003184,-0.003719,-0.000949
0.007051,-0.000516,-0.001971
0.005116,-0.006910,-0.002047
0.003152,-0.015445,-0.002125
0.001174,-0.023993,-0.001123
0.000161,-0.025032,-0.003295
0.003026,-0.022926,-0.001114
0.005926,-0.026091,-0.004372
0.005875,-0.027216,0.001000
0.003875,-0.028293,0.002062
0.004773,-0.028304,0.002089
0.001827,-0.017638,0.003239
0.001798,-0.005896,0.001237
0.001784,0.002646,0.000250
0.006674,0.005852,0.000266
0.007640,0.000548,-0.002999
0.005709,-0.006896,-0.005221
0.001804,-0.007959,-0.005242
-0.000132,-0.010112,-0.003121
0.001809,-0.011153,-0.006332
0.002787,-0.011146,-0.006351
0.003765,-0.013256,-0.009570
0.001830,-0.019636,-0.011775
0.001866,-0.022799,-0.015039
0.000918,-0.031317,-0.017252
0.000929,-0.033415,-0.021549
0.001913,-0.035593,-0.016222
0.002872,-0.036696,-0.013003
0.003835,-0.028130,-0.016143
0.003864,-0.017473,-0.016015
0.002948,-0.014322,-0.010629
0.005862,-0.012224,-0.006333
0.004872,-0.014368,-0.005281
0.003899,-0.013318,-0.002089
0.003866,-0.007979,-0.003098
0.001915,-0.009025,-0.005255
0.002900,-0.014356,-0.004264
0.001909,-0.020727,-0.007537
0.003899,-0.020705,-0.010735
0.002959,-0.020643,-0.018217
0.003014,-0.017442,-0.017141
0.003021,-0.015308,-0.018171
0.003044,-0.018547,-0.012870
0.004032,-0.015356,-0.011769
0.005030,-0.012184,-0.008529
0.001144,-0.008985,-0.008495
0.003120,-0.006851,-0.008479
0.002151,-0.003660,-0.006331
0.002207,-0.002591,-0.007373
0.001267,-0.004749,-0.005238
0.005176,-0.003685,-0.005221
0.005219,-0.002619,-0.004162
0.005216,-0.003681,-0.005230
0.005213,-0.004745,-0.005248
0.006222,-0.004737,-0.004224
0.004248,-0.004739,-0.005265
0.005238,-0.002567,-0.008482
0.005313,0.002760,-0.006323
0.005331,0.000603,-0.005234
0.004396,0.001668,-0.006266
0.002486,-0.000453,-0.008411
0.000539,-0.007965,-0.004181
-0.001423,-0.010076,-0.006353
-0.001447,-0.012239,-0.002110
0.001444,-0.006897,-0.003128
0.002429,-0.002618,-0.004166
0.003426,-0.001536,-0.006286
0.002474,-0.002600,-0.007349
0.004459,-0.003647,-0.009504
0.006456,-0.007930,-0.007409
0.004535,-0.007936,-0.006349
0.003555,-0.004733,-0.007369
0.004543,-0.006826,-0.011679
0.004579,-0.001527,-0.007358
0.003647,-0.006841,-0.010597
0.001748,-0.007924,-0.007426
0.002756,-0.010076,-0.005305
0.003712,-0.008991,-0.006388
0.003728,-0.010050,-0.007465
0.004739,-0.007904,-0.008523
0.005706,-0.004711,-0.007429
0.009617,0.003799,-0.004149
0.007690,0.006959,0.000169
0.004804,0.005904,-0.001961
0.004815,0.001613,0.000152
0.001867,0.001592,0.002298
0.003804,-0.001591,-0.000914
0.005763,-0.004770,-0.004136
0.000920,0.000582,-0.005181
-0.000979,-0.001527,-0.007354
0.000982,-0.003671,-0.006302
0.002004,-0.011136,-0.006378
0.002996,-0.015403,-0.007462
0.005931,-0.018583,-0.007547
0.003966,-0.018564,-0.008643
0.002973,-0.018604,-0.007491
0.003924,-0.010067,-0.006375
0.006812,-0.012207,-0.006376
0.004855,-0.006865,-0.007394
0.005818,-0.013294,-0.004241
0.003892,-0.008995,-0.007423
0.003901,-0.005817,-0.005245
0.004879,-0.005852,-0.000970
0.002916,-0.002625,-0.004146
0.002934,-0.004802,0.002223
0.003876,-0.008042,0.006479
0.004814,-0.000561,0.005468
0.002869,0.004808,0.001241
0.003858,0.009069,0.002342
0.004854,0.008006,0.001275
0.004864,0.004837,-0.001974
0.006856,-0.001550,-0.002069
0.003923,-0.006869,-0.004248
0.003913,-0.008988,-0.005350
0.002925,-0.010015,-0.010693
0.004891,-0.016448,-0.008579
0.003894,-0.020735,-0.006474
0.001905,-0.027126,-0.006556
-0.001096,-0.034603,-0.005554
0.001768,-0.028241,-0.001210
0.007537,-0.016539,0.003164
0.007484,-0.012245,-0.000005
0.002613,-0.005870,0.003260
0.003563,-0.004794,0.003243
0.001613,0.001630,0.000105
0.003587,0.004853,-0.002014
0.005522,0.002704,0.000098
0.005567,0.003779,-0.000959
0.002655,0.003803,-0.003115
-0.000265,-0.001560,0.000050
-0.000220,-0.002635,0.000060
0.003673,0.000565,-0.000955
0.004651,-0.000502,-0.000963
0.005595,0.002656,0.004408
0.003608,0.003720,0.004425
0.005585,0.010154,0.001258
0.004616,0.006968,0.000147
0.003623,0.006933,0.004422
0.003607,0.001585,0.006501
0.003552,-0.003770,0.008597
0.003516,0.003730,0.004398
0.007380,0.009100,0.000168
0.004503,0.002726,-0.003097
-0.000330,0.000609,-0.004204
-0.000337,-0.005841,0.000049
0.002544,-0.009056,0.001102
0.002524,-0.000562,0.005470
0.003468,0.005799,0.010862
0.005359,0.017523,0.010998
0.003383,0.022879,0.009944
0.003411,0.018625,0.008824
0.003425,0.012242,0.007673
0.003437,0.005839,0.008665
0.005351,-0.000575,0.009685
0.008220,-0.003821,0.015004
0.011071,-0.003812,0.013935
0.007074,-0.001690,0.015029
0.004068,-0.008055,0.010695
-0.004778,-0.011247,0.010643
-0.007756,-0.011189,0.003171
-0.003899,-0.013322,0.002104
0.000872,-0.013361,0.005345
0.004701,-0.011232,0.006421
0.006594,-0.000544,0.004375
0.007508,0.002648,0.006519
0.001665,0.008005,0.003372
0.000692,0.004788,0.005476
0.001650,0.003708,0.006546
0.004574,0.005828,0.007649
0.007468,0.005812,0.010828
0.006451,0.007936,0.012964
0.007408,0.011123,0.015118
0.008320,0.010058,0.014059
0.007278,0.013245,0.015169
0.011171,0.012225,0.009808
0.004334,0.011154,0.010855
-0.000573,0.009052,0.007614
0.002342,0.001569,0.008632
0.001347,-0.006923,0.003213
0.002258,-0.006912,0.001096
0.008094,0.000567,-0.000957
0.011017,-0.000511,-0.000940
0.006169,-0.004737,-0.004224
-0.002560,-0.004730,-0.005286
-0.002574,-0.011129,-0.004303
-0.001647,-0.011182,0.000017
0.001226,-0.006953,0.003293
0.003136,-0.001597,0.002238
0.003130,0.005881,0.001236
0.002170,0.003776,-0.000951
0.003141,0.005870,0.004400
0.007034,0.004842,0.000105
0.006068,0.004804,0.004389
0.007031,0.002661,0.004392
0.008945,-0.002676,0.006443
0.006951,0.000501,0.007580
0.003987,-0.008024,0.005385
0.002046,-0.014374,-0.001081
-0.001874,-0.016497,-0.002175
-0.000946,-0.017574,-0.001110
0.000977,-0.014375,-0.001076
0.003877,-0.006947,0.003277
0.004793,-0.002658,0.002214
0.004782,-0.001636,0.005478
0.003779,0.002651,0.005466
0.005710,-0.001606,0.004355
0.001782,0.000511,0.006509
0.003743,-0.000521,0.002225
0.007584,-0.004761,-0.001023
0.005635,-0.009007,-0.004253
0.004677,-0.007917,-0.007442
0.004681,-0.013264,-0.006411
0.005678,-0.016446,-0.008583
0.004677,-0.015403,-0.006419
0.005593,-0.013308,-0.001068
0.005558,-0.012215,-0.004264
0.004578,-0.010112,0.000018
0.004544,-0.009032,-0.001053
0.004521,-0.014358,-0.003213
0.002556,-0.014361,-0.002162
0.003521,-0.018620,-0.002222
0.003490,-0.020725,-0.004407
0.003474,-0.015351,-0.009691
0.006426,-0.015346,-0.010749
0.000593,-0.018506,-0.015067
0.001616,-0.019596,-0.013972
0.001607,-0.020674,-0.013953
0.004548,-0.019660,-0.008574
0.006478,-0.016425,-0.011773
0.007477,-0.012169,-0.009612
0.007532,-0.007899,-0.009579
0.007550,-0.004693,-0.010613
0.005593,-0.001534,-0.005244
0.004649,0.002746,-0.006287
0.003750,0.004906,-0.010518
0.004754,0.004871,-0.005197
0.005745,0.003800,-0.005196
0.005792,0.001677,-0.007335
0.002928,-0.001496,-0.010575
0.001019,-0.004675,-0.011703
0.002995,-0.002565,-0.009531
0.003993,0.001683,-0.009443
0.008925,0.003821,-0.009436
0.005078,0.002762,-0.009466
0.003182,0.000650,-0.010587
0.002248,0.000619,-0.007370
0.004222,-0.010014,-0.012787
0.003270,-0.013243,-0.008557
0.003304,-0.013221,-0.011755
0.005266,-0.006841,-0.009548
0.006252,-0.004745,-0.005248
0.007247,-0.000470,-0.006274
0.002387,-0.001545,-0.006264
0.001443,-0.000508,-0.003037
0.004368,0.005930,-0.006212
0.001460,0.012326,-0.006141
0.001528,0.013397,-0.006142
0.003540,0.008089,-0.009399
0.003620,0.007003,-0.008311
0.002720,0.004900,-0.013641
0.003765,0.000599,-0.009408
0.004820,-0.002585,-0.011573
0.006774,-0.003626,-0.014787
0.006821,-0.005796,-0.010529
0.005864,-0.000480,-0.008341
0.007824,0.003801,-0.008337
0.004964,0.005939,-0.008329
0.003047,0.002734,-0.007300
0.006962,-0.002633,-0.004126
0.007017,-0.001528,-0.007353
0.007027,-0.001542,-0.005225
0.004130,0.001668,-0.006264
0.007044,0.006969,-0.001948
0.005099,0.008051,-0.003024
0.005126,0.009047,0.004493
0.004164,0.007992,0.002358
0.003199,0.005840,0.004479
0.003208,0.000508,0.004423
0.003187,-0.002648,0.000096
0.006081,-0.006948,0.003278
0.006080,-0.006939,0.002209
0.002140,-0.012254,0.001067
0.000165,-0.011174,-0.000003
0.001088,-0.013330,0.000033
0.003032,-0.012247,-0.001046
0.003952,-0.018684,0.002129
0.005856,-0.006915,-0.002037
0.003895,-0.001618,0.002294
0.002875,0.000536,0.001215
0.000930,0.002647,0.003386
0.004810,0.003735,0.003340
0.003842,0.001591,0.003348
0.007730,0.006905,0.006586
0.008667,0.012265,0.001336
0.006772,0.012272,0.001318
0.005833,0.006961,-0.000881
0.002926,0.006961,-0.000881
0.003920,0.001608,0.000167
0.004903,0.001616,-0.000902
0.005914,-0.000498,-0.003064
0.005910,-0.004787,0.000091
0.005880,-0.002638,-0.002020
0.005843,-0.003725,0.001160
0.004863,-0.009072,0.002190
0.002870,-0.009069,0.002181
0.001841,-0.000528,0.002245
0.001813,-0.004784,0.000083
0.003749,-0.004804,0.002226
0.004741,-0.003689,-0.003119
0.006662,-0.003699,-0.000999
0.006663,-0.004747,-0.004196
0.005745,-0.001497,-0.010574
0.005786,-0.001518,-0.008427
0.006769,0.001671,-0.006273
0.006792,0.002712,-0.003059
0.003872,0.002688,0.000141
0.004853,0.000574,-0.002022
0.002908,-0.003661,-0.006329
0.003922,-0.004716,-0.007415
0.004893,-0.001554,-0.003103
0.002938,-0.005785,-0.007420
0.002021,-0.004743,-0.004208
0.003939,-0.002647,0.000093
0.007822,0.002707,-0.002001
0.008826,-0.002611,-0.003138
0.005949,-0.002593,-0.005276
0.001069,0.002718,-0.002029
0.004982,0.002745,-0.005237
0.003039,0.000613,-0.005262
0.001137,-0.003665,-0.004227
0.001171,-0.001556,-0.001004
0.006062,0.000605,-0.005242
0.004112,0.000581,-0.003087
0.007084,0.000590,-0.004156
0.008047,-0.001536,-0.005241
0.008068,-0.001516,-0.006338
0.007111,0.000582,-0.003088
0.008098,-0.000460,-0.006301
0.005203,-0.004677,-0.012746
0.002374,-0.005718,-0.014917
0.003376,-0.008927,-0.014923
0.005352,-0.015318,-0.015006
0.002494,-0.016350,-0.019289
0.002530,-0.009986,-0.014952
0.003549,-0.006772,-0.016005
0.007479,-0.005765,-0.008518
0.006498,-0.000464,-0.005243
0.006497,0.001644,-0.003066
0.005551,0.006974,-0.003007
0.002644,0.005911,-0.003027
-0.000252,0.001617,-0.000905
-0.002164,0.000623,-0.008424
0.001775,-0.004739,-0.006310
0.003754,-0.006807,-0.012775
0.007727,-0.011085,-0.011740
0.009686,-0.011075,-0.012813
0.008768,-0.011045,-0.016029
0.005895,-0.013135,-0.021390
0.005928,-0.014252,-0.014995
0.003993,-0.015357,-0.010721
0.003983,-0.009028,-0.003154
0.005923,0.001634,-0.001994
0.004003,0.002710,-0.003054
0.004028,0.004842,-0.003030
0.002116,0.001639,-0.000962
0.002146,-0.003651,-0.006355
0.003146,-0.004752,-0.001047
0.008037,-0.004708,-0.007438
0.009041,-0.000438,-0.007405
0.008102,-0.000456,-0.005268
0.006147,0.001700,-0.007398
0.006173,0.001700,-0.008442
0.005294,0.000672,-0.012735
0.004362,0.008102,-0.008385
0.009253,0.012370,-0.009393
0.009325,0.005981,-0.010530
0.003545,-0.000423,-0.010579
-0.000322,-0.006821,-0.010646
-0.000313,-0.006851,-0.007430
0.001666,-0.010053,-0.006409
0.003595,-0.003677,-0.004194
0.002632,-0.001570,-0.000968
0.004570,0.002706,-0.000953
0.004562,-0.001558,-0.000999
0.001713,-0.002565,-0.009530
0.001779,0.001712,-0.011611
0.001797,0.007021,-0.007313
0.003786,0.005976,-0.009470
0.003852,0.007078,-0.013737
0.003958,0.000647,-0.010579
0.007878,0.002755,-0.007356
0.011839,0.003857,-0.011621
0.008968,0.004953,-0.015870
0.008043,0.005985,-0.011587
0.007130,0.006007,-0.012688
0.007205,-0.000444,-0.007390
0.005267,-0.007887,-0.009612
0.006264,-0.010013,-0.011742
0.007236,-0.006873,-0.004236
0.004297,-0.005809,-0.005266
0.004310,-0.005791,-0.007404
0.000442,-0.003633,-0.008494
0.001469,-0.003636,-0.008485
0.004415,-0.005738,-0.011726
0.006404,-0.006809,-0.009633
0.008419,-0.003627,-0.008510
0.007465,-0.003609,-0.010647
0.006526,-0.001446,-0.013844
0.005618,-0.009976,-0.012886
0.004670,-0.007860,-0.010730
0.003715,-0.009945,-0.017149
0.002806,-0.013192,-0.012876
0.001837,-0.009995,-0.011791
0.005747,-0.007848,-0.013898
0.006750,-0.005780,-0.005341
0.007751,-0.005754,-0.008546
0.005813,-0.006844,-0.005357
0.004891,-0.006818,-0.006472
0.003906,-0.006847,-0.003257
0.004883,-0.007918,-0.002212
0.005868,-0.007927,-0.001143
0.005829,-0.007963,0.002089
0.004819,-0.002578,-0.003223
0.003866,-0.002573,-0.004282
0.002914,-0.004704,-0.004308
0.003897,-0.011127,-0.002218
0.005800,-0.009036,0.003142
0.008657,-0.001555,0.002130
0.008632,-0.003665,-0.002135
0.001862,-0.005777,-0.004301
-0.003011,-0.005758,-0.007489
0.001879,-0.004715,-0.005325
0.005773,-0.001529,-0.004214
0.005749,0.000519,0.004395
0.006695,0.003689,0.008686
0.006660,0.005801,0.011903
0.002725,0.004749,0.010808
0.001709,0.003693,0.009723
0.003636,-0.000578,0.010740
0.007517,0.003704,0.008648
0.007528,0.002686,0.002236
0.007541,0.000539,0.003298
0.007531,0.001583,0.006503
0.009449,0.001617,0.002234
0.007481,-0.002644,0.003224
0.001570,-0.013301,0.001004
0.001523,-0.015404,-0.001186
0.002377,-0.014423,0.006368
0.003280,-0.012318,0.009600
0.004143,-0.001655,0.009711
0.004103,-0.012290,0.005344
0.003143,-0.012282,0.005321
0.004986,-0.010154,0.007447
0.006808,-0.011221,0.008485
0.006763,-0.001627,0.009637
0.006713,0.011162,0.011880
0.007672,0.013292,0.012956
0.007697,0.013318,0.008704
0.001867,0.014382,0.008721
-0.002975,0.010105,0.009753
-0.003944,0.003743,0.005410
0.004800,-0.006940,0.006397
0.008668,-0.014389,0.005234
0.009586,-0.023948,0.000851
0.005590,-0.022866,-0.001269
0.007456,-0.023945,-0.000200
0.013206,-0.016507,0.003082
0.010184,-0.004803,0.005362
0.014054,0.006913,0.006566
0.012038,0.017572,0.007732
0.005232,0.013302,0.007699
-0.003515,0.008064,-0.002013
-0.004454,0.002711,0.001125
-0.000552,-0.006905,0.002123
0.004291,-0.007929,-0.003229
0.005302,-0.012144,-0.009677
0.004330,-0.012207,-0.003238
0.006236,-0.011133,-0.003250
0.005229,-0.006900,0.000017
0.002294,-0.002667,0.003283
0.002277,0.002647,0.006521
0.002220,0.001549,0.008685
0.004144,-0.000542,0.003324
0.004125,-0.002708,0.006526
0.003111,-0.004813,0.005387
0.005050,0.005908,0.001163
0.006969,0.005894,0.003292
0.010819,0.009035,0.009750
0.010793,0.018615,0.013031
0.013663,0.023919,0.016299
0.009772,0.010071,0.011935
0.005875,0.013305,0.006646
0.004899,0.011184,0.004501
0.002013,-0.000555,0.004405
0.001979,-0.006933,0.001149
0.002881,-0.007002,0.008652
0.006725,-0.005942,0.008678
0.007630,-0.009146,0.009705
0.004635,-0.010179,0.007514
0.004564,-0.008009,0.004299
0.003538,-0.007994,0.002171
0.005462,-0.010127,0.001100
0.003473,-0.005836,-0.001013
0.003459,-0.003737,0.002237
0.005397,0.001605,0.001218
0.006368,0.003745,0.000175
0.002482,0.001596,0.002287
0.004423,0.004789,0.003383
0.005388,0.002674,0.000178
0.005392,-0.001610,0.002274
0.003431,-0.005880,0.002241
0.006339,-0.003723,0.000108
0.007277,-0.002647,-0.000953
0.004349,-0.007953,-0.004209
0.002425,-0.002594,-0.007365
0.002453,0.002715,-0.004113
0.004387,0.000580,-0.004129
0.004424,0.003780,-0.004099
0.003483,0.000571,-0.002013
0.003494,0.000597,-0.004172
0.007387,0.002667,0.003334
0.007393,0.003777,-0.003045
0.009356,0.001646,-0.003071
0.008405,-0.001550,-0.002066
0.007442,-0.010037,-0.006452
0.006453,-0.004708,-0.008482
0.002518,0.005866,0.001273
0.009345,0.014340,0.008830
0.011302,0.019711,0.003555
0.009444,0.012264,0.000293
0.000717,0.005926,-0.006205
-0.001203,-0.000471,-0.007318
0.002736,-0.009001,-0.008453
0.003759,-0.011113,-0.009575
0.004744,-0.007911,-0.009550
0.007667,0.002715,-0.005159
0.012531,0.016583,-0.003983
0.007734,0.018727,-0.006083
0.003913,0.013385,-0.005065
-0.001938,0.005916,-0.006176
0.000043,0.000581,-0.007267
0.001046,0.000569,-0.006194
-0.000864,-0.002612,-0.008365
0.002118,-0.001526,-0.010495
0.003123,-0.006830,-0.013761
0.003182,-0.001484,-0.014789
0.006131,-0.002569,-0.012660
0.010096,-0.001489,-0.014773
0.006243,0.003854,-0.014750
0.006297,0.010226,-0.009388
0.005362,0.011281,-0.008302
0.006395,0.012367,-0.009388
0.006495,0.015580,-0.011483
0.006617,0.015574,-0.010422
0.006677,0.012360,-0.009369
0.007727,0.000609,-0.008388
0.008758,0.002714,-0.005156
0.010726,0.000620,-0.009463
0.007846,-0.002570,-0.010565
0.004962,-0.005736,-0.014870
0.003058,-0.011060,-0.015989
0.004105,-0.008951,-0.012766
0.007042,-0.004699,-0.010596
0.007048,0.000649,-0.011630
0.007102,0.003839,-0.010527
0.008160,0.010244,-0.009432
0.006299,0.011350,-0.013707
0.002477,0.007083,-0.013748
-0.000359,0.004975,-0.016971
0.003639,0.003851,-0.011606
0.008537,0.002754,-0.008399
0.007561,0.001690,-0.009460
0.003718,-0.002559,-0.011639
0.002790,-0.001484,-0.011650
0.000865,-0.000424,-0.011623
0.001883,0.003821,-0.009433
0.002933,0.005966,-0.011536
0.008850,0.002717,-0.006208
0.008889,0.005938,-0.007279
0.007949,0.005906,-0.004059
0.005083,0.004831,-0.004050
0.004132,0.008033,-0.002977
0.006118,0.016566,-0.002893
0.010082,0.018706,-0.003937
0.009147,0.019773,-0.003928
0.006266,0.015497,-0.002900
0.005321,0.010146,-0.000813
0.005299,0.005890,-0.000881
0.002378,0.009080,0.000222
0.001440,0.007994,0.001307
0.001436,0.002680,-0.001931
0.003412,0.001623,-0.003013
0.004380,-0.003726,-0.001977
0.005383,-0.004779,-0.003067
0.005379,-0.003696,-0.004146
0.009303,0.001631,-0.003031
0.008321,0.009090,-0.001895
0.009361,0.012322,-0.006132
0.005509,0.013361,-0.001867
0.009436,0.011226,-0.002929
0.006520,0.008016,-0.000843
0.001663,0.004848,-0.004091
0.004622,0.001607,0.000168
0.005586,-0.000514,-0.000932
0.002673,-0.003672,-0.004208
0.000748,-0.003683,-0.003132
0.001721,0.000574,-0.002022
0.005621,0.001617,0.000139
0.008553,0.001610,0.000157
0.008586,0.005880,0.001238
0.004684,0.011229,0.000201
0.002730,0.012289,0.001275
0.004720,0.009078,0.002319
0.006645,0.009008,0.010868
0.007563,0.009050,0.006575
0.005631,0.003747,0.003310
0.000770,-0.000516,0.001166
0.001744,-0.001571,0.000081
0.006577,0.000560,0.000107
0.007514,-0.000515,0.001162
0.007510,0.001644,-0.000977
0.008497,0.004790,0.005471
0.009414,0.010100,0.008718
0.006465,0.012244,0.007668
0.008445,0.011173,0.007669
0.005514,0.006924,0.006535
0.003504,0.003717,0.007570
0.002504,0.004813,0.004364
0.003480,0.000535,0.005400
0.009279,0.004727,0.014000
0.012122,0.005784,0.014036
0.008226,0.000470,0.010797
0.000394,0.001547,0.009737
0.000360,0.003703,0.007603
0.001292,0.002615,0.009741
0.002242,0.000529,0.004372
-0.000673,0.000574,0.000070
0.001257,0.000554,0.002212
0.003209,-0.000471,-0.002090
0.006116,-0.003669,-0.003170
0.007138,-0.002589,-0.006331
0.010056,-0.000456,-0.006312
0.012020,0.002734,-0.005210
0.008087,0.003705,0.006554
0.005135,0.001568,0.007588
0.006996,0.002588,0.012950
0.007934,0.000471,0.010797
0.008872,0.000480,0.010774
0.006903,0.000508,0.008610
0.005930,0.000536,0.004353
0.008833,-0.000575,0.008640
0.009748,0.002608,0.009762
0.009717,0.000539,0.003297
0.005862,-0.001566,0.000065
0.002911,-0.005837,-0.001009
0.001900,-0.002645,0.000089
0.003836,-0.002659,0.002218
0.005746,-0.003708,-0.000976
0.005745,-0.003729,0.001171
0.003752,-0.002704,0.005472
0.004674,-0.001665,0.009737
0.009480,0.005753,0.014118
0.007465,0.012170,0.013089
0.005507,0.006879,0.008746
0.003559,0.003710,0.005497
0.003527,0.005809,0.008741
0.005438,0.003673,0.007683
0.007347,0.009015,0.006667
0.007412,0.022959,-0.000725
0.006479,0.027198,0.001479
0.003569,0.023973,0.004651
0.003614,0.018728,-0.005040
0.006625,0.011363,-0.016881
0.011691,0.004934,-0.015820
0.013703,0.008098,-0.013604
0.009864,0.001713,-0.016844
0.007041,0.002797,-0.020015
0.005222,0.002916,-0.032875
0.001554,0.007467,-0.064949
0.012690,0.008540,-0.070186
0.015946,0.027713,-0.066795
0.005551,0.035189,-0.064655
-0.000867,0.021394,-0.075432
-0.003320,0.011010,-0.108694
0.009925,-0.005987,-0.119495
0.031945,0.007696,-0.103194
0.024574,0.015143,-0.103073
-0.004148,0.000340,-0.120287
-0.009434,-0.027323,-0.130147
0.006726,-0.029425,-0.136524
0.008190,-0.015540,-0.137485
-0.005828,0.013397,-0.148028
-0.011915,0.018945,-0.169452
0.001476,0.017816,-0.161979
0.014852,0.039100,-0.153282
0.026459,0.065759,-0.150915
0.013747,0.079743,-0.164683
0.008814,0.109741,-0.175201
0.004043,0.139639,-0.177089
-0.002616,0.140791,-0.186715
-0.018118,0.135549,-0.199554
-0.002335,0.132304,-0.194236
-0.008965,0.107824,-0.202976
-0.015633,0.047019,-0.204589
0.003723,0.013257,-0.120470
0.022840,0.005056,-0.169526
0.017751,0.014673,-0.167387
-0.000052,-0.002442,-0.159058
0.001544,-0.028128,-0.151756
0.010915,-0.048491,-0.139149
0.017155,-0.046404,-0.131688
0.020556,-0.034697,-0.130459
0.013242,-0.031470,-0.134682
0.012797,-0.042212,-0.128316
0.011291,-0.059327,-0.123122
0.012556,-0.060409,-0.120999
0.007969,-0.071157,-0.110431
-0.004431,-0.070063,-0.113630
-0.005048,-0.083925,-0.115866
-0.011463,-0.090143,-0.137318
-0.004265,-0.101946,-0.127836
-0.006933,-0.115725,-0.137611
0.003186,-0.120001,-0.135534
0.009346,-0.128505,-0.137782
0.014498,-0.119026,-0.123778
0.022471,-0.096764,-0.106473
0.020720,-0.073405,-0.091329
0.013111,-0.046837,-0.078269
0.010397,-0.029822,-0.069605
0.005671,-0.013054,-0.032059
0.004764,-0.009870,-0.029897
0.009750,-0.003500,-0.026617
0.010862,-0.004615,-0.021273
0.003147,-0.005684,-0.020232
0.007189,-0.009899,-0.027728
0.004402,-0.008788,-0.035154
0.005559,-0.011892,-0.047985
0.005725,-0.023597,-0.051308
-0.000943,-0.028908,-0.054555
0.000159,-0.042813,-0.051451
-0.000740,-0.042860,-0.046098
0.004190,-0.040730,-0.043976
0.010061,-0.037600,-0.036443
0.009128,-0.025916,-0.027837
0.003322,-0.024917,-0.018238
0.003369,-0.024921,-0.016137
0.010190,-0.024954,-0.012913
0.007249,-0.018545,-0.013922
0.010214,-0.014326,-0.008527
0.014118,-0.005787,-0.009505
0.013175,-0.003644,-0.010557
0.008355,-0.007904,-0.010613
0.004460,-0.012161,-0.009632
0.006383,-0.022825,-0.010788
0.007356,-0.029198,-0.015104
0.006399,-0.024876,-0.022527
0.003540,-0.026980,-0.027851
0.004526,-0.030220,-0.025689
0.005513,-0.031340,-0.019285
0.008359,-0.026093,-0.008550
0.012202,-0.040948,-0.009943
0.009247,-0.045419,0.007285
0.005174,-0.043249,0.003026
0.005078,-0.045362,0.001906
0.000147,-0.052801,0.000716
-0.002941,-0.066611,-0.000610
0.000751,-0.081679,0.009011
0.006389,-0.097771,0.020604
0.012912,-0.104174,0.017412
0.018558,-0.095643,0.015410
0.009466,-0.098785,0.008954
0.005370,-0.106155,-0.001830
0.004138,-0.101922,0.001436
-0.002028,-0.104051,-0.000685
0.007442,-0.121222,0.008837
0.003176,-0.136316,0.030028
0.003579,-0.146094,0.045043
0.016679,-0.158970,0.052439
0.006369,-0.143938,0.041867
-0.002789,-0.144847,0.027850
-0.004208,-0.158749,0.026765
-0.008647,-0.152229,0.012918
-0.005175,-0.161893,0.023449
0.001169,-0.126637,0.016317
0.015480,-0.111807,0.024050
0.013103,-0.083025,0.027512
0.014763,-0.060580,0.022378
0.010693,-0.048809,0.021343
0.003690,-0.038025,0.011725
-0.002287,-0.025128,0.007411
-0.000470,-0.015458,0.003138
0.005314,-0.006847,-0.004302
0.004376,-0.005750,-0.005417
0.000520,-0.005699,-0.012873
0.013228,-0.005680,-0.013969
0.014233,-0.009964,-0.012918
0.008469,-0.018489,-0.015113
0.006516,-0.030261,-0.010939
0.006426,-0.034585,-0.005602
0.005359,-0.037816,-0.003459
0.004308,-0.042086,-0.003492
0.003244,-0.049579,-0.003495
0.003116,-0.049612,0.001821
0.003911,-0.036863,0.007304
0.013558,-0.027292,0.009561
0.008614,-0.014416,0.001120
0.002817,-0.011156,-0.004235
0.002757,-0.007894,-0.008550
0.000841,-0.009990,-0.010759
0.003768,-0.016381,-0.011889
0.011574,-0.020635,-0.013009
0.009639,-0.027015,-0.016257
0.004726,-0.026046,-0.005535
0.009543,-0.020722,-0.005462
0.009498,-0.015371,-0.007549
0.003708,-0.014318,-0.009592
0.004710,-0.012141,-0.013868
0.005689,-0.013220,-0.012804
0.000804,-0.018507,-0.017156
0.001822,-0.022828,-0.010780
0.004712,-0.021834,-0.002213
0.015356,-0.024015,0.002074
0.019156,-0.021903,0.003195
0.011315,-0.022936,-0.000040
-0.000417,-0.021808,-0.005420
-0.007290,-0.024976,-0.010762
-0.002471,-0.026071,-0.008605
0.005248,-0.027057,-0.009873
0.013052,-0.031396,-0.009724
0.007098,-0.037785,-0.012953
0.007115,-0.045178,-0.020537
0.006113,-0.056922,-0.019575
0.002087,-0.068609,-0.025037
0.006865,-0.067522,-0.026126
0.005881,-0.070780,-0.021821
0.003744,-0.085677,-0.026243
0.006595,-0.071849,-0.023916
0.008440,-0.065454,-0.023843
0.009331,-0.056938,-0.020580
0.005375,-0.040999,-0.012948
0.003348,-0.018627,-0.007431
0.010128,-0.007979,-0.003096
0.006235,0.001636,-0.001998
0.008269,0.003760,0.000135
0.012195,0.008012,0.002306
0.014123,0.012321,-0.000900
0.016155,0.012270,0.002370
0.014204,0.000570,-0.002011
0.007400,-0.001549,-0.003115
0.004458,-0.010084,-0.005283
0.002455,-0.025028,-0.003306
0.001425,-0.028239,-0.003310
-0.000589,-0.032503,-0.004403
0.004219,-0.026186,0.003198
0.005023,-0.018711,0.003246
0.005959,-0.018684,-0.001008
0.001023,-0.018663,-0.001062
-0.000966,-0.016485,-0.005341
0.003898,-0.012202,-0.005344
0.000962,-0.013244,-0.006465
0.005819,-0.010040,-0.005398
0.005777,-0.008981,-0.003279
0.009707,-0.014340,-0.000123
0.010675,-0.013284,0.000960
0.007723,-0.015461,0.005237
0.009616,-0.017645,0.009530
0.011493,-0.022982,0.009489
0.010425,-0.026183,0.009463
0.004465,-0.030450,0.008379
0.002398,-0.030452,0.008382
0.004228,-0.036822,0.010334
0.007944,-0.043292,0.012548
0.012642,-0.038011,0.016919
0.010422,-0.043374,0.021129
0.008342,-0.042309,0.022188
0.011063,-0.041196,0.016850
0.009962,-0.019860,0.013908
0.009850,-0.017622,0.003196
0.003007,-0.009068,-0.000958
0.003015,0.004857,-0.005160
0.003007,0.003768,-0.000930
0.002017,-0.001558,-0.001001
0.001044,-0.001542,-0.002088
0.005901,-0.007964,-0.001045
0.009810,-0.015448,-0.000025
0.009724,-0.019774,0.007408
0.008602,-0.017685,0.013819
0.010441,-0.012429,0.021393
0.012222,-0.011430,0.028900
0.009167,-0.009316,0.028971
0.006166,-0.002876,0.024746
0.007075,0.003551,0.022644
0.007007,0.004662,0.017308
0.004038,-0.000606,0.011858
-0.000870,-0.005913,0.008601
0.003944,-0.005889,0.006449
0.007766,-0.004848,0.007571
0.006726,-0.007033,0.011869
0.008602,-0.010240,0.010811
0.007495,-0.017689,0.009647
-0.000402,-0.021964,0.010674
0.003386,-0.028346,0.007429
0.005207,-0.025091,0.001041
0.002241,-0.025027,-0.006449
-0.001698,-0.019659,-0.008581
-0.000722,-0.019599,-0.015012
0.001228,-0.017472,-0.011835
0.005112,-0.013197,-0.012861
0.006090,-0.012182,-0.008532
0.011980,-0.012196,-0.008498
0.012925,-0.013281,-0.006369
0.006052,-0.013277,-0.008468
0.011882,-0.019726,-0.001082
0.013790,-0.029303,-0.001232
0.014706,-0.035581,-0.004751
0.011742,-0.036680,-0.010951
0.011694,-0.034529,-0.014113
0.011665,-0.032390,-0.013063
0.011624,-0.021725,-0.011911
0.015520,-0.017480,-0.008675
0.009638,-0.016418,-0.007608
0.005729,-0.009017,-0.001091
0.008587,-0.000511,0.002200
0.008528,0.000541,0.004339
0.003644,-0.001640,0.008624
0.001614,-0.010210,0.011779
0.000563,-0.014473,0.009636
0.003398,-0.023998,0.002029
-0.002523,-0.036735,-0.005578
-0.010340,-0.044120,-0.016319
-0.002578,-0.048346,-0.019604
-0.000714,-0.039762,-0.023838
0.003190,-0.040789,-0.029180
0.005180,-0.039735,-0.026001
0.010070,-0.046132,-0.026069
0.011992,-0.046159,-0.024953
0.019767,-0.039779,-0.022748
0.016790,-0.036626,-0.019460
0.012861,-0.040929,-0.016268
0.013776,-0.044157,-0.012041
0.013657,-0.043167,-0.003464
0.008651,-0.041057,-0.000245
0.008543,-0.042178,0.005117
0.007437,-0.028321,0.005270
0.015187,-0.030454,0.006295
0.012147,-0.034631,-0.002345
0.004243,-0.039900,-0.007794
-0.003623,-0.043064,-0.011054
-0.003733,-0.047330,-0.011096
-0.004806,-0.050540,-0.009009
-0.000063,-0.053776,-0.005809
0.003680,-0.053816,-0.003612
0.004518,-0.043141,-0.007714
0.004487,-0.029269,-0.010736
0.005385,-0.018647,-0.006333
-0.000522,-0.012219,-0.007390
-0.002483,-0.003731,0.000129
-0.001543,-0.000534,0.001213
0.005299,-0.004774,0.000057
0.010203,-0.006868,-0.003203
0.011186,-0.000476,0.000016
0.008260,-0.000461,-0.002118
0.006327,0.000596,0.000010
0.006296,0.001612,0.003290
0.011150,0.003685,0.010788
0.014038,0.002600,0.010829
0.016944,0.006836,0.014086
0.012972,0.003616,0.016199
0.007043,-0.000638,0.015079
0.009895,-0.000666,0.017244
0.007872,-0.001738,0.018295
0.008742,-0.006008,0.018263
0.005741,-0.003860,0.016151
0.006611,-0.008135,0.017178
0.005537,-0.007083,0.018273
0.008384,-0.006022,0.020391
0.010198,-0.009219,0.019306
0.008140,-0.011325,0.016078
0.004142,-0.018773,0.015956
0.002042,-0.027339,0.018052
0.007782,-0.025127,0.009500
0.005671,-0.020857,0.008489
0.005595,-0.021939,0.010610
0.006450,-0.024052,0.008444
0.009275,-0.021937,0.011649
0.008153,-0.024109,0.014869
0.006056,-0.020993,0.022438
0.017613,-0.029561,0.027675
0.015432,-0.042445,0.037185
0.012176,-0.056330,0.040237
0.013793,-0.065896,0.034828
0.010574,-0.070133,0.030529
0.002485,-0.078627,0.026161
-0.003709,-0.073308,0.028341
-0.005013,-0.066855,0.024080
-0.003378,-0.067943,0.027261
0.001234,-0.060422,0.020916
0.003909,-0.041191,0.015792
0.001806,-0.028393,0.015918
0.005537,-0.015579,0.014957
0.005372,-0.010251,0.018159
0.002272,-0.004968,0.023570
0.006057,0.006733,0.028995
0.011823,0.005661,0.030046
0.011720,0.012071,0.029036
0.007790,0.018505,0.024822
0.010711,0.024913,0.022770
0.010732,0.027100,0.019515
0.010750,0.026043,0.019480
0.011728,0.021740,0.025807
0.015562,0.018554,0.022603
0.014576,0.016397,0.024738
0.011584,0.011039,0.026844
0.009553,0.006757,0.026841
0.006540,0.011035,0.025806
0.001607,0.006750,0.024767
0.003450,0.004586,0.027965
0.004259,-0.000761,0.027950
0.006089,-0.001812,0.024763
0.007960,0.002529,0.016243
0.003976,0.000438,0.010883
0.002010,-0.002728,0.006580
0.007829,0.004758,0.004509
0.003925,0.009041,0.003462
0.004941,0.016532,0.000332
0.006924,0.021890,-0.000726
0.006986,0.019755,-0.000743
0.002170,0.014465,-0.006136
0.001192,0.000527,-0.000854
0.003110,-0.003777,0.002341
0.010940,-0.008012,-0.001967
0.021672,-0.012270,-0.004121
0.022639,-0.015484,-0.003068
0.017783,-0.008052,0.001275
0.014811,-0.001660,0.002402
0.017726,0.004711,0.004633
0.017674,0.001496,0.005686
0.013741,0.000427,0.006728
0.010771,0.000464,0.003495
0.005836,-0.005916,0.002334
0.000922,-0.014408,-0.000993
