0.001743,-0.004737,0.006587
0.001788,0.002721,0.010866
-0.000163,0.011313,0.002427
-0.003054,0.015647,0.006536
0.000928,0.010315,0.004391
0.006820,0.003990,-0.005277
0.010730,-0.006658,-0.008565
0.007730,-0.016228,-0.013964
0.003693,-0.012030,-0.005379
0.000677,-0.007769,-0.002185
0.000666,-0.005691,0.006346
0.001734,-0.003586,0.009578
0.001839,-0.000451,0.017098
-0.000005,0.008086,0.016123
0.003069,0.010258,0.010815
0.004105,0.006008,0.007594
0.003057,-0.003544,0.000056
0.000022,-0.009901,-0.005346
0.001777,-0.010870,-0.016069
0.002316,-0.007663,-0.015012
-0.001733,-0.003399,-0.013919
-0.002334,0.002962,-0.008526
0.000171,0.005061,-0.004232
0.004143,0.002868,0.001131
0.003046,0.003889,0.006488
0.003258,0.000829,-0.030507
0.000593,0.020284,-0.317185
0.010800,0.071122,-0.552459
0.020527,0.043954,-0.222333
0.009052,0.000995,-0.020484
0.002987,0.003833,0.010821
0.001989,0.012464,0.007509
0.003871,0.002828,0.007513
0.004776,-0.003580,0.007472
0.003726,-0.006769,0.006369
0.005466,-0.012104,0.005277
0.005866,-0.012130,0.008480
0.008795,-0.007801,0.002082
0.011282,0.006126,-0.005262
0.005204,0.012567,-0.008445
0.004948,0.011480,-0.008401
0.005675,0.008253,-0.006271
0.009410,0.003991,-0.007369
0.010185,-0.002406,-0.007437
0.009976,-0.003462,-0.008521
0.006834,-0.003480,-0.006384
0.007591,-0.000298,-0.005262
0.005620,-0.001360,-0.004238
0.007496,0.000738,0.002148
0.004503,0.001785,0.006395
0.001489,0.000689,0.009599
0.005272,0.001809,0.001103
0.010055,-0.000243,-0.009588
0.011872,-0.003433,-0.012783
0.008705,-0.004492,-0.014904
0.003604,-0.003475,-0.007442
0.003438,-0.004613,0.002147
0.004353,-0.004621,0.004257
0.002440,-0.005759,0.012800
0.003487,-0.006814,0.011714
0.007375,-0.007823,0.005277
0.008269,-0.004587,-0.000014
0.008193,-0.000239,-0.007505
0.006114,0.001943,-0.012841
0.004972,0.001942,-0.012838
0.005774,-0.003379,-0.013966
0.006631,-0.003427,-0.008614
0.004602,-0.000316,0.002107
0.001678,-0.001467,0.010685
0.001720,0.001700,0.014985
0.003759,0.007012,0.017181
0.003886,0.003817,0.015046
0.003979,-0.002556,0.010733
0.004989,-0.009998,0.007460
0.007857,-0.011018,0.002097
0.007788,-0.012023,-0.005392
0.006740,-0.015202,-0.007570
0.003735,-0.014131,-0.007571
0.000690,-0.008796,-0.006478
0.000637,-0.006663,-0.003318
0.002566,-0.006741,0.005251
0.005557,-0.007815,0.005260
0.002610,-0.005719,0.008514
0.001686,-0.007891,0.011731
0.001731,-0.011109,0.011748
0.005729,-0.015329,0.007404
0.003844,-0.017383,-0.000146
0.007743,-0.020562,-0.003367
0.003819,-0.022693,-0.004441
0.002760,-0.015279,0.003089
0.000800,-0.002481,0.004263
0.000883,0.008161,0.008611
0.000938,0.013452,0.014003
0.002986,0.011282,0.016169
0.005061,0.008051,0.017264
0.002215,0.002740,0.014017
-0.000660,-0.003589,0.007497
0.009162,-0.012034,-0.003274
0.014065,-0.017275,-0.011930
0.007124,-0.013022,-0.010810
-0.000770,-0.007794,0.002067
-0.002746,0.001751,0.009623
0.002204,0.003869,0.012818
0.002343,0.002730,0.020318
0.001571,0.000551,0.023557
0.001651,0.001639,0.019327
0.001730,0.009184,0.011873
0.005662,0.012532,-0.004170
0.006617,0.014777,-0.015943
0.006434,0.015906,-0.023416
0.004269,0.013759,-0.021311
0.004084,0.006273,-0.019240
0.003931,0.007280,-0.012800
0.001874,-0.000234,-0.006472
-0.000060,-0.001431,0.005363
-0.000962,-0.002576,0.013923
0.001112,-0.005775,0.013890
0.006136,-0.008963,0.011737
0.004260,-0.006783,0.006406
0.003266,-0.000378,0.006456
0.005267,0.000760,-0.001043
0.004246,0.001868,-0.004277
0.003186,0.005042,0.000002
-0.001685,0.003950,0.004241
0.000348,-0.002486,0.006367
0.006245,-0.008865,0.004162
0.006303,-0.009985,0.009518
0.003395,-0.003565,0.008480
0.000444,0.003925,0.002216
-0.002499,0.016722,0.005485
-0.001482,0.012457,0.003346
0.001522,0.002858,0.001161
0.004415,-0.005598,-0.007486
0.009252,-0.015129,-0.017170
0.010065,-0.010815,-0.021438
0.005949,-0.003324,-0.024568
0.000874,0.007263,-0.012754
-0.002143,0.011518,-0.010593
-0.002153,0.010355,0.001154
-0.000114,0.003845,0.013929
0.002966,-0.001543,0.018205
0.005053,-0.003597,0.009611
0.007037,0.001774,0.005379
0.006058,0.007169,-0.002052
0.005026,0.011465,-0.006269
0.003014,0.010377,-0.004131
0.003967,0.000758,-0.002081
0.003924,-0.008870,-0.000009
0.002990,-0.010021,0.010661
0.002066,-0.007908,0.012823
0.003140,-0.002583,0.016033
0.003254,0.002754,0.018167
0.001416,0.011367,0.006536
-0.001502,0.016744,0.003335
0.001407,0.017820,0.001228
0.001387,0.012525,-0.003106
0.001407,0.003969,-0.002083
0.005279,-0.003438,-0.007539
0.007149,-0.002270,-0.020341
0.005994,-0.003347,-0.020322
0.000895,-0.002284,-0.018213
0.001763,0.000869,-0.011785
0.000720,0.005086,-0.006385
0.001674,0.003956,0.000047
0.002668,-0.000397,0.008596
0.003770,-0.006884,0.016082
0.001954,-0.005853,0.021415
0.002101,0.001638,0.020377
0.006184,0.002745,0.016099
0.004353,-0.003582,0.007481
0.006391,-0.016397,0.008443
0.006437,-0.016346,0.003082
0.004498,-0.015251,0.001972
0.003493,-0.008824,-0.001175
-0.002447,-0.008794,-0.003345
0.001494,-0.009914,0.000967
0.003486,-0.014176,-0.001177
0.005425,-0.010958,-0.002239
0.003428,-0.000296,-0.001081
0.001402,0.012510,-0.000972
0.001425,0.016740,0.003345
0.000470,0.016732,0.002322
-0.000501,0.015681,0.001224
0.006354,0.010398,-0.006281
0.007251,0.004113,-0.018143
0.007131,-0.003354,-0.019261
0.004042,-0.007663,-0.015005
-0.000030,-0.005518,-0.015016
-0.000148,0.000853,-0.009651
0.001755,0.005061,-0.002137
0.000806,-0.000294,-0.000038
0.002798,-0.002476,0.003206
0.001856,-0.002461,0.000029
0.003771,-0.002405,-0.006393
0.004707,0.000858,-0.012801
0.004619,-0.001322,-0.006423
0.002624,-0.001361,-0.001095
-0.000300,-0.000329,0.003188
0.000685,-0.000348,0.005331
0.000763,-0.008868,0.002077
0.000845,-0.019579,0.005229
0.005768,-0.023778,-0.005446
0.006673,-0.016235,-0.012895
0.004598,-0.007692,-0.012838
0.000545,0.004029,-0.009555
-0.000509,0.013598,-0.004155
-0.000568,0.018936,-0.003072
-0.000574,0.018965,-0.007329
0.005254,0.010499,-0.015954
0.008061,0.000935,-0.022414
0.005924,-0.004404,-0.025587
0.002771,-0.008719,-0.021318
0.002657,-0.007750,-0.008503
0.001621,-0.002398,-0.007456
0.002573,0.000721,0.004290
-0.000317,0.004941,0.008634
0.001770,-0.000448,0.015006
0.002875,0.000646,0.011808
0.003910,0.000692,0.007503
0.002976,0.001800,0.000085
0.000983,-0.000296,-0.002124
0.006829,-0.010939,-0.006472
0.006787,-0.007639,-0.017161
0.003720,-0.000153,-0.019231
0.000590,0.009379,-0.009549
-0.002466,0.014653,-0.003068
-0.001495,0.012468,0.003323
0.003466,0.001804,0.001121
0.006434,-0.006723,-0.001069
0.006450,-0.011021,0.003155
0.003516,-0.009941,0.002085
0.000585,-0.000350,0.003246
-0.000381,0.006016,0.009671
-0.000212,0.004846,0.022479
-0.000032,0.001633,0.024574
0.005024,-0.000481,0.022411
0.007169,-0.003631,0.015976
0.006278,-0.003550,0.003215
0.004264,0.001836,-0.003146
0.004188,0.004028,-0.010602
0.004070,0.005192,-0.021301
0.000929,0.006243,-0.020206
-0.000227,0.006209,-0.016978
0.000614,0.018998,-0.013690
0.002401,0.021151,-0.014768
0.005238,0.017930,-0.013697
0.003213,0.005100,-0.011649
0.003045,0.007239,-0.013734
0.000944,0.011501,-0.011589
0.001891,0.003958,-0.003097
0.002868,-0.005683,0.001103
0.006860,-0.015332,0.007414
0.009872,-0.020600,0.001963
0.004056,-0.021679,0.005125
0.003152,-0.024935,0.011513
0.002257,-0.029201,0.011471
0.002384,-0.026032,0.015764
0.000566,-0.020721,0.016919
0.001647,-0.014304,0.013799
0.004678,-0.009987,0.006387
0.005675,-0.011042,0.004256
0.002785,-0.003601,0.006488
-0.000116,0.008161,0.006524
-0.003080,0.013536,0.004373
-0.000071,0.014619,0.002249
0.000921,0.009271,0.004327
0.002882,0.006113,-0.001039
0.003821,0.001978,-0.015020
0.004676,0.003043,-0.017097
0.002552,0.000905,-0.017104
0.002388,0.005178,-0.020218
0.001255,0.006263,-0.022347
0.003055,0.007298,-0.018072
0.002929,0.012575,-0.011600
0.000904,0.008231,-0.002025
0.000896,0.002873,0.000080
0.004879,-0.001459,0.007530
0.005928,-0.007899,0.011755
0.006066,-0.010041,0.014897
0.003262,-0.007905,0.015955
0.001443,-0.005760,0.014898
0.001528,-0.000393,0.011724
0.003546,0.003965,0.003163
0.003557,0.001871,-0.004280
0.004491,-0.006669,-0.006438
0.004395,-0.012010,-0.006471
0.003345,-0.008788,-0.008586
0.001304,-0.003474,-0.005348
0.000298,0.000790,-0.005301
0.001224,-0.000265,-0.006387
0.004095,0.001859,-0.004251
0.007983,-0.001349,-0.003216
0.004061,-0.002455,-0.001030
-0.000866,0.001767,0.006448
0.001195,-0.001500,0.012864
0.003328,-0.007936,0.017081
0.003475,-0.018653,0.022341
0.004667,-0.021805,0.016955
0.004808,-0.015322,0.009482
0.000933,-0.002470,0.004237
0.000907,0.008210,0.004305
-0.001067,0.011414,0.003279
-0.002010,0.016720,0.007584
-0.000994,0.016717,0.007593
0.003935,0.008224,0.002177
0.007880,0.001881,-0.005354
0.006873,-0.004511,-0.008574
0.003861,-0.003463,-0.005378
-0.000139,0.002957,-0.005368
0.000800,0.003986,-0.001076
0.003751,0.001821,0.004216
-0.000111,0.001784,0.005358
-0.000069,0.003883,0.008606
0.000987,0.002800,0.009684
0.005998,-0.000400,0.008605
0.003111,-0.001448,0.005409
0.004102,-0.004556,-0.003228
0.006044,-0.010927,-0.006502
0.005010,-0.016252,-0.008664
0.002013,-0.013103,-0.002227
-0.000999,-0.005629,-0.002175
-0.002950,0.009265,0.004343
0.000980,0.007176,-0.002065
0.002952,0.002950,-0.007442
0.005860,-0.002431,-0.004230
0.002849,-0.003519,-0.004183
0.001799,0.002945,-0.008476
0.003703,0.001860,-0.004255
0.002703,0.000803,-0.003244
-0.000235,-0.000347,0.004284
-0.000212,0.004979,0.004353
0.001769,0.005002,0.001156
0.004727,0.007201,-0.005271
0.006644,0.005033,-0.002064
0.002694,0.003989,-0.004222
0.001697,-0.000335,0.001115
0.003658,-0.005683,0.003196
-0.001175,-0.007877,0.011702
-0.003011,-0.005796,0.019177
0.001990,-0.005694,0.008454
0.004046,-0.012029,-0.002237
0.008962,-0.017346,-0.005466
0.007902,-0.017333,-0.007590
0.001917,-0.006621,-0.011791
-0.000170,0.001885,-0.008502
-0.002183,0.003943,0.000083
0.000787,0.000782,-0.004233
0.004668,-0.002397,-0.007455
0.005603,-0.006658,-0.008558
0.003566,-0.006719,-0.003169
-0.001374,-0.000350,0.003248
-0.004275,0.007120,0.004357
0.002629,0.006099,0.000042
0.004621,-0.000302,-0.000017
0.005605,-0.003520,0.001046
0.002687,-0.004593,0.000005
0.000711,-0.005680,0.003189
0.001748,-0.009931,0.002060
0.003726,-0.008841,-0.001128
0.004683,-0.003498,-0.004239
-0.001235,0.006069,0.001168
0.000679,0.009318,-0.004159
0.004604,0.002906,-0.003145
0.005575,-0.004569,-0.003194
0.004603,-0.007797,0.001031
-0.001275,-0.005644,-0.001090
-0.000297,-0.001410,0.004266
0.002683,-0.002427,-0.001104
0.003727,-0.007796,0.003121
0.002767,-0.004595,0.002104
0.001736,0.000736,0.002162
-0.000187,0.007130,0.004331
0.000780,0.007129,0.004331
0.003779,0.004975,0.005411
0.004773,0.008179,0.003341
0.002835,0.008156,0.006538
0.002881,0.008152,0.008639
0.001008,0.011324,0.013972
0.001102,0.011331,0.014998
0.002213,0.003849,0.014967
0.005320,-0.005754,0.013839
0.005418,-0.011098,0.013816
0.001598,-0.010010,0.012726
0.000632,-0.002438,0.001018
0.004550,-0.003444,-0.008564
0.004487,-0.003404,-0.013899
0.003366,0.003006,-0.013862
0.000281,0.008282,-0.008432
-0.002743,0.015717,-0.002005
-0.001798,0.018898,0.000166
0.001184,0.013535,0.002287
0.002224,0.006008,0.007600
0.004228,0.003905,0.003318
0.005207,0.005023,-0.002035
0.003210,0.005061,-0.004226
0.005142,0.005123,-0.009615
0.002125,0.006211,-0.009662
0.002021,0.001916,-0.008581
-0.000029,0.001939,-0.009687
0.001871,-0.003440,-0.005435
0.001845,-0.007692,-0.008652
0.002754,-0.013091,-0.004346
0.000765,-0.014207,-0.001093
0.000753,-0.006758,0.000069
0.001798,-0.002589,0.011867
0.001881,0.002769,0.011855
0.002962,0.005983,0.012896
0.001147,0.009154,0.017187
0.001273,0.011326,0.015013
0.003341,0.004936,0.012835
0.000493,-0.002465,0.005271
0.004434,-0.007794,0.004161
0.006425,-0.013073,-0.003350
0.005410,-0.009848,-0.006523
0.002365,-0.007667,-0.014993
-0.003601,-0.005601,-0.007477
0.001277,-0.002428,-0.004238
0.003175,0.000816,-0.006414
0.000211,0.008215,0.002201
0.000198,0.008201,0.004330
0.001233,0.003970,0.000013
0.004207,0.000732,0.004263
0.003269,-0.004561,-0.001122
0.002257,-0.005600,-0.003295
0.002249,-0.005593,-0.004362
0.003204,-0.004543,-0.002216
0.002191,-0.004565,-0.001113
0.002200,0.000723,0.005332
0.000339,0.002842,0.007483
0.000392,0.007085,0.010722
0.002437,0.008164,0.009655
0.003483,0.002827,0.009614
0.003545,-0.002500,0.007453
0.002618,-0.006731,0.003137
0.003628,-0.010980,0.000959
0.004625,-0.009874,-0.003317
0.002642,-0.006676,-0.003280
0.003576,-0.005586,-0.004377
0.001597,-0.002443,0.002075
0.000680,0.001825,0.003158
-0.000254,0.003922,0.009549
-0.000192,0.003927,0.006397
0.000833,0.001783,0.007454
0.002827,0.001769,0.007490
0.002886,-0.002515,0.009584
0.002950,-0.000387,0.009619
0.002068,-0.002553,0.013864
0.004131,-0.003578,0.011655
0.006195,0.001802,0.008447
0.002350,0.008210,0.006395
-0.001512,0.008174,0.011719
0.000514,0.004979,0.009584
0.003544,-0.000319,0.005257
0.003607,-0.004618,0.006347
0.001654,-0.007855,0.010598
0.000780,-0.005769,0.014925
0.003822,0.005987,0.013930
-0.000008,0.010266,0.012895
0.001070,0.012381,0.016100
0.002148,0.019888,0.011883
0.001248,0.026315,0.010827
0.000349,0.019956,0.002291
0.000326,0.011468,-0.004183
0.004182,0.003027,-0.019148
0.006972,-0.002210,-0.029906
0.003777,-0.007589,-0.025654
0.001574,-0.005489,-0.021361
-0.002495,-0.001287,-0.012787
0.000367,0.000767,-0.002104
0.001346,-0.000330,0.001103
0.001413,0.000673,0.007554
0.000504,0.004937,0.008647
0.002508,0.011342,0.006604
0.001539,0.014607,-0.001903
0.001545,0.013592,-0.008320
0.004424,0.007208,-0.010516
0.006326,-0.001342,-0.009508
0.003319,-0.008835,-0.007419
-0.000707,-0.000250,-0.013744
-0.002756,-0.003493,-0.008434
0.001100,-0.000361,0.001185
0.003097,-0.002510,0.003297
0.004108,-0.001422,0.002207
0.003148,-0.003575,0.004328
0.002199,0.002819,0.005450
0.002177,0.000733,0.001122
0.003151,0.008285,-0.007394
0.006050,0.005113,-0.010634
0.003994,0.001922,-0.011735
0.002916,-0.004467,-0.012871
0.002826,-0.003394,-0.011830
0.002743,-0.000206,-0.011769
-0.001270,0.007214,-0.007393
-0.002315,0.006096,-0.002039
0.000620,0.003907,0.001224
0.002631,-0.004624,0.000089
0.003611,-0.011063,0.003267
0.003636,-0.017455,0.002140
0.006662,-0.015375,0.010667
0.004747,-0.014229,0.005241
0.002826,-0.004556,0.002003
0.001819,0.015765,-0.003175
0.003700,0.018994,-0.006357
0.003672,0.014710,-0.008446
-0.001301,0.001877,-0.008481
0.002560,-0.006686,-0.008484
0.004495,-0.016328,-0.005328
0.003473,-0.023854,0.002077
0.000556,-0.021728,0.005251
-0.001344,-0.020696,0.011626
0.000753,-0.012093,0.007347
-0.000240,-0.002411,-0.002188
0.002674,0.007226,-0.005334
0.003630,0.012544,-0.006289
0.002600,0.016796,-0.005162
0.005443,0.011445,-0.005167
0.005426,0.010375,-0.004124
0.002486,0.001775,0.003291
-0.000431,-0.001466,0.010689
0.001649,-0.006823,0.015928
0.003769,-0.013176,0.012605
0.004861,-0.012082,0.007315
-0.001016,-0.007802,0.003137
-0.002928,-0.006762,0.003218
0.004916,-0.005693,0.000084
0.006859,-0.003551,-0.002010
0.005849,-0.003539,-0.002039
0.001917,0.001798,-0.001998
-0.002999,0.007130,0.001193
-0.005954,0.010344,0.002232
0.002898,0.009355,-0.004256
0.005815,0.005131,-0.008591
0.008645,0.004065,-0.009649
0.002706,0.004025,-0.006406
0.001636,0.007220,-0.007408
0.001562,0.006114,-0.005224
0.000570,0.006073,-0.001982
-0.000391,-0.005736,0.003335
-0.000300,-0.007891,0.008598
-0.001290,-0.003556,0.001141
0.005581,-0.001343,-0.005320
0.009439,0.001944,-0.012839
0.006413,0.001986,-0.018176
0.002349,0.005158,-0.012844
0.002199,0.009419,-0.010698
-0.000789,0.008297,-0.005335
-0.000808,0.001843,0.001019
-0.000738,-0.007861,0.009567
-0.000657,-0.013243,0.010685
0.001344,-0.012112,0.000070
0.004265,-0.013058,-0.012802
0.005143,-0.010896,-0.015991
0.002044,-0.006607,-0.017057
0.001886,0.001953,-0.017045
0.000803,0.005132,-0.011730
0.001696,0.004045,-0.008550
0.002642,-0.001361,-0.001090
0.001679,-0.004556,-0.003226
0.001670,-0.004635,0.005348
0.000762,-0.001433,0.005373
0.004718,-0.000317,0.000025
0.002775,0.000785,-0.004242
0.002776,0.002872,0.001128
-0.000168,0.003947,0.001118
0.000780,0.002905,-0.002096
0.003702,0.000755,-0.001026
0.003717,-0.001410,0.003220
0.000778,-0.004580,0.001021
0.001769,-0.004603,0.002127
0.002774,-0.003459,-0.004340
0.002745,-0.002360,-0.009642
0.001657,0.001920,-0.011728
0.000608,-0.002429,-0.003189
0.003497,-0.005596,-0.007489
0.003525,-0.003533,0.003172
-0.000407,-0.002449,-0.002091
-0.004356,0.006067,0.002216
-0.001407,0.008197,0.001200
0.005467,0.000751,-0.001013
0.008392,-0.007725,-0.007519
0.007371,-0.013038,-0.009717
0.004377,-0.016267,-0.004444
0.000376,-0.007704,-0.006529
-0.003638,0.005115,-0.008549
-0.002718,0.013658,-0.008492
0.002144,0.011492,-0.008427
0.002110,0.003963,-0.004154
0.004007,-0.000359,0.002226
0.004020,-0.005742,0.008579
0.002152,-0.004708,0.013903
0.000332,-0.006871,0.019188
0.002474,-0.004740,0.021305
-0.001325,0.001742,0.014878
0.001738,-0.001384,0.005244
0.005703,-0.008756,-0.008670
0.007603,-0.014039,-0.016174
0.006492,-0.011916,-0.016125
0.002384,-0.006598,-0.014987
-0.001681,0.003988,-0.006310
-0.005628,0.012464,0.000195
-0.001665,0.009184,0.008740
0.002361,0.007020,0.009847
0.002451,0.001690,0.009786
0.003455,0.006012,0.005498
0.004493,0.007194,-0.003159
0.005432,0.006220,-0.012822
0.004346,0.005198,-0.016085
0.004174,0.003112,-0.022505
-0.000899,-0.000167,-0.016054
-0.003046,-0.000196,-0.012839
-0.000174,-0.005534,-0.014971
0.003639,-0.008746,-0.017061
0.002580,-0.010959,-0.011647
0.000531,-0.008852,-0.007374
0.002407,-0.001332,-0.009533
0.004311,0.002964,-0.008522
0.006227,0.002968,-0.005393
0.004251,0.007220,-0.003222
-0.002663,0.007169,0.000045
-0.000703,0.002861,0.004296
0.001337,0.000692,0.005416
0.003342,-0.007896,0.009661
0.002426,-0.007893,0.008606
0.002521,-0.007913,0.011794
0.002572,-0.003587,0.008545
0.002630,0.000738,0.004249
0.006570,0.002965,-0.005388
0.001598,0.000888,-0.012877
-0.000473,0.003013,-0.012834
0.000418,-0.002367,-0.009624
0.003296,-0.008763,-0.011789
0.004172,-0.007704,-0.010712
0.002169,-0.002444,-0.002104
-0.000786,0.009219,0.007605
-0.000724,0.012440,0.006533
0.002267,0.009228,0.008627
0.007226,0.006108,0.000020
0.005295,-0.003487,-0.001132
0.002348,-0.011001,0.002060
-0.002518,-0.010987,-0.000068
0.001391,-0.003529,0.001070
0.004324,-0.000293,-0.002130
0.002372,-0.000324,0.002134
0.001402,-0.000347,0.003239
0.000441,0.001766,0.006451
-0.001481,0.006097,-0.000997
0.001465,0.005084,-0.008467
0.006263,-0.000245,-0.009577
0.007183,-0.006658,-0.008557
0.004173,-0.009883,-0.005385
0.002196,-0.013130,0.002030
-0.000722,-0.006758,0.006346
-0.005594,0.006038,0.008569
-0.003584,0.010331,0.005404
0.001399,0.006111,-0.003126
0.005289,-0.000298,-0.004208
0.005213,-0.006727,-0.003149
0.004232,-0.003547,0.000073
0.005178,-0.004632,0.003248
0.002283,-0.001444,0.007493
0.000411,0.003842,0.012896
-0.002425,0.010216,0.018254
0.002646,0.010203,0.019334
-0.000143,0.010224,0.017188
0.000940,0.001776,0.005380
0.004898,-0.004574,-0.002132
0.006826,-0.008778,-0.011749
0.005717,-0.009790,-0.018179
0.002573,-0.000154,-0.021315
-0.005395,0.004041,-0.010631
-0.004515,0.008248,-0.003115
-0.000609,0.010385,-0.004149
0.004281,0.006117,-0.002095
0.007183,-0.002399,-0.005358
0.005185,-0.003475,-0.007437
0.003130,-0.004497,-0.011747
0.000139,0.002951,-0.009535
0.001057,0.006111,-0.005217
0.000054,0.009240,0.004411
0.000107,0.013499,0.006563
0.001140,0.011333,0.011858
0.004150,0.009235,0.008609
0.005212,0.003938,0.004278
0.003256,-0.001383,0.001058
0.003251,-0.001380,0.000005
0.001283,-0.001364,-0.001082
0.002243,0.001879,-0.005345
0.002168,0.000773,-0.003162
0.000191,-0.004571,-0.003188
0.000148,-0.004562,-0.004256
0.001091,-0.003511,-0.000021
0.003084,-0.004584,0.001031
0.003098,-0.006701,0.000969
0.001131,-0.003503,0.001003
0.003116,-0.001395,0.004227
0.001169,0.003945,0.002167
0.002147,0.005006,0.002194
0.002185,0.007116,0.004366
0.001261,-0.001439,0.004343
0.001275,-0.001446,0.004361
0.004243,-0.003582,0.005393
0.003342,-0.005724,0.007487
0.003370,-0.005639,-0.001100
-0.000548,-0.005639,-0.001100
-0.000577,-0.001380,0.000005
0.003301,0.001915,-0.009625
0.006178,0.000851,-0.010687
0.007072,-0.003411,-0.010739
0.004073,-0.002383,-0.005401
-0.000868,-0.000313,0.000013
-0.004821,0.006059,0.005378
-0.002794,0.004995,0.001176
0.005108,0.001839,-0.004199
0.009961,-0.008757,-0.014941
0.006902,-0.014105,-0.013907
0.005781,-0.013071,-0.008582
0.001827,-0.008877,0.003149
0.000926,-0.005702,0.010564
0.001024,0.003863,0.017023
-0.002725,0.010185,0.026700
-0.007463,0.007026,0.020287
-0.001411,0.001755,0.010663
0.008468,-0.008797,-0.005424
0.011331,-0.006588,-0.016059
0.004320,-0.005538,-0.013915
0.000242,0.001867,-0.005316
-0.000767,0.007156,0.001124
0.000254,0.006071,0.003253
0.001345,-0.001523,0.019202
0.000556,-0.004777,0.025590
-0.001208,-0.002627,0.021380
0.000867,0.004938,0.009691
0.000918,0.009247,0.003348
0.000910,0.000796,-0.009497
0.005761,-0.004511,-0.012755
0.007597,-0.008726,-0.018159
0.004501,-0.010813,-0.020393
0.003360,-0.011905,-0.016153
0.002297,-0.011963,-0.008681
0.001277,-0.004527,-0.002256
-0.000684,0.000724,0.006376
0.000374,0.008126,0.012892
-0.000524,0.009160,0.014033
0.000564,0.014436,0.019464
0.003637,0.013364,0.017375
0.002794,0.012324,0.015202
0.003858,0.004933,0.006569
0.004876,0.002908,-0.003148
0.003826,-0.002356,-0.010700
-0.001181,-0.001236,-0.012920
0.001685,-0.004397,-0.018280
0.003510,-0.004427,-0.015065
0.003396,-0.003376,-0.013970
-0.000587,-0.003476,-0.004297
-0.001596,-0.003534,0.001083
0.002316,-0.003568,0.003266
0.002367,0.002823,0.004395
0.000441,0.004938,0.007600
-0.001472,0.000687,0.006473
0.003495,-0.002507,0.007471
0.006487,-0.001390,0.004215
0.003562,0.005058,0.001013
0.001581,0.010417,-0.003185
0.001542,0.008277,-0.004234
0.002480,0.002958,-0.009553
0.003425,-0.003504,-0.002131
0.002455,-0.008907,0.005322
0.000549,-0.009999,0.009561
0.005516,-0.002505,0.008512
0.001598,0.006142,-0.005297
-0.000438,0.007219,-0.006361
-0.001450,0.004068,-0.013839
0.001402,-0.001291,-0.011731
0.003256,-0.001272,-0.012827
0.005071,-0.002295,-0.015041
0.003058,-0.006654,-0.005428
0.003035,-0.004555,-0.000092
0.001082,0.002874,0.003217
0.001085,0.006093,0.003197
0.003099,0.008207,0.005360
0.004144,0.004999,0.004303
0.002186,-0.000353,0.003256
0.001227,-0.003532,-0.001014
0.002204,-0.008870,-0.004189
0.000223,-0.007800,-0.003142
0.002107,-0.007731,-0.008549
0.002078,-0.004486,-0.011775
0.003925,0.003026,-0.014959
0.001831,-0.001253,-0.013922
0.003719,-0.000244,-0.006442
0.004640,-0.004565,-0.001109
-0.000208,-0.012074,0.004159
-0.001108,-0.014300,0.013790
0.000977,-0.016483,0.015993
0.000122,-0.006871,0.015010
0.001200,0.005934,0.015118
-0.000655,0.009204,0.007646
0.002338,0.008147,0.007610
0.005305,0.003991,-0.003179
0.004315,-0.003407,-0.009704
0.003247,-0.005529,-0.008710
0.003178,-0.001237,-0.011874
0.001145,0.005073,-0.001117
-0.002808,0.010362,0.004277
-0.000778,0.009238,0.007553
0.000285,0.004925,0.010772
0.004333,-0.003665,0.015023
0.004453,-0.010066,0.012872
0.004536,-0.013200,0.006395
0.005545,-0.008885,0.002126
0.003591,-0.003494,-0.002158
0.000651,0.000781,-0.001093
0.001602,0.006152,-0.003233
0.002544,0.015810,-0.008520
0.003489,0.016850,-0.006349
0.002414,0.012568,-0.007397
0.001351,0.009329,-0.006280
-0.001621,0.007135,0.000134
0.001327,-0.000362,0.002233
0.003319,-0.007753,-0.004310
0.005235,-0.008837,-0.002182
0.003206,-0.004534,-0.005373
0.001235,0.001864,-0.003215
0.001178,0.007213,-0.006344
0.002111,0.007195,-0.004206
0.003110,0.003934,0.002200
0.005088,0.000703,0.005384
0.002153,0.000689,0.007513
-0.001697,0.004933,0.011795
-0.000578,-0.003611,0.012789
0.006392,0.000701,0.009575
0.001569,-0.003535,0.004226
0.003556,-0.002435,-0.000036
0.003444,0.000890,-0.014973
0.001413,0.001967,-0.018125
0.004219,-0.000191,-0.017036
0.004067,-0.004478,-0.014934
0.003963,-0.004515,-0.009609
0.002931,-0.006692,-0.002193
0.000971,-0.006797,0.010632
0.002050,-0.005726,0.012722
0.000224,-0.005758,0.014896
-0.000665,0.003898,0.009614
0.001344,0.013570,0.002198
0.004313,0.014670,-0.005200
0.005236,0.012542,-0.007327
0.003159,0.012559,-0.009462
0.002104,0.003951,-0.004121
-0.001830,0.002862,0.000111
-0.003797,-0.001464,0.008592
0.001206,-0.005725,0.009582
0.005245,-0.007829,0.005300
0.003310,-0.002482,0.004270
0.003289,0.003945,0.001123
0.002295,0.013574,-0.001996
0.003244,0.017850,-0.004073
0.003203,0.013547,-0.000882
0.000244,0.011396,0.000188
-0.000682,0.007102,0.005450
-0.000663,0.000719,0.003254
0.002319,-0.001357,-0.001100
0.006211,-0.009816,-0.009743
0.005191,-0.011945,-0.010819
0.002148,-0.011958,-0.009741
0.001040,-0.002338,-0.010746
0.000959,0.004015,-0.005335
-0.000025,0.005016,0.002170
0.000971,0.001782,0.004319
0.000060,0.000653,0.010744
0.000126,0.004907,0.011864
0.002180,0.003913,0.005391
0.003183,0.008245,-0.001016
0.005117,0.008299,-0.004292
0.004098,0.004016,-0.004289
0.004092,0.001847,-0.001082
0.002108,-0.007761,-0.000106
0.001190,-0.012103,0.008419
-0.000670,-0.014268,0.011618
0.001397,-0.015367,0.014829
0.002465,-0.009993,0.009545
0.001542,-0.003533,0.004220
0.001522,0.002881,-0.000983
0.001502,0.005061,-0.007359
0.004371,0.004009,-0.010547
0.004293,0.001873,-0.008468
0.004212,0.006135,-0.006325
0.003166,0.010385,-0.002059
-0.000767,0.013619,-0.004207
-0.001766,0.015755,-0.004194
0.004076,0.010422,-0.004245
0.004994,0.004060,-0.010681
0.003938,-0.000214,-0.011746
0.001850,-0.004516,-0.007512
0.000802,-0.006723,-0.000021
0.000833,-0.003536,0.002135
-0.001091,0.001780,0.006415
0.000941,0.005992,0.011828
0.002973,0.008170,0.008593
0.005001,0.007159,0.002162
0.005012,0.005051,-0.001061
0.004949,0.004026,-0.007454
0.001944,0.002952,-0.007444
-0.000099,0.000840,-0.010657
-0.001148,-0.004510,-0.009621
0.001729,-0.003491,-0.004258
0.004605,-0.001342,-0.006370
0.002629,0.000743,0.001098
0.001651,0.002864,0.003243
-0.000264,0.009288,0.000104
-0.002265,0.002943,-0.006376
0.001627,-0.005548,-0.012841
0.007404,-0.009703,-0.026767
0.009119,-0.016031,-0.035386
0.005878,-0.006419,-0.036372
0.000667,-0.002169,-0.035240
-0.004481,0.008417,-0.022378
-0.002674,0.009353,-0.006339
-0.002615,0.007059,0.012883
0.000505,0.001611,0.024635
0.000702,-0.002664,0.025662
0.004826,-0.003681,0.020293
0.006009,-0.005737,0.012750
0.004098,-0.002389,-0.004338
0.003010,0.007323,-0.017088
0.005781,0.012711,-0.024500
0.001649,0.015852,-0.019086
-0.001449,0.008305,-0.010583
-0.002463,-0.001347,-0.006355
0.000439,-0.006705,-0.003202
0.003361,-0.012062,0.002037
0.003436,-0.014222,0.006269
0.002542,-0.015298,0.007330
0.003569,-0.007804,0.004191
0.002617,-0.000266,-0.004292
0.002567,0.008294,-0.006372
0.000531,0.008254,-0.005222
0.000463,0.005018,-0.003064
0.000493,0.002860,0.000116
0.003404,-0.001393,-0.002052
0.005356,-0.002466,0.001091
0.003443,-0.003542,0.004243
-0.000413,-0.001427,0.009540
0.000650,-0.003574,0.012694
0.003729,-0.001413,0.009504
0.001831,0.000715,0.009538
0.001875,0.000712,0.005363
0.003906,-0.001429,0.003271
0.003882,-0.000354,0.001169
0.003879,-0.002521,0.004375
0.000978,-0.001445,0.003314
0.000019,-0.002476,0.003209
0.002004,0.000737,0.003207
0.002046,-0.001394,0.005271
0.003044,0.004031,-0.003283
0.003962,0.007278,-0.010694
0.003878,0.011565,-0.012799
0.002780,0.009439,-0.018068
0.001659,0.005157,-0.019115
0.001478,0.004055,-0.015896
0.001378,-0.002395,-0.009552
0.001323,-0.004561,-0.005303
0.000329,-0.004628,0.005330
0.002347,-0.006756,0.007386
0.003444,-0.009965,0.009472
0.004504,-0.004614,0.008430
0.003545,0.000788,0.000981
0.001581,0.009391,-0.007487
0.002519,0.011476,-0.004201
-0.000470,0.008274,-0.006319
0.000467,0.006124,-0.005248
0.002376,-0.000302,-0.002106
0.003347,-0.007821,0.003188
0.002423,-0.014230,0.004195
0.001471,-0.017455,0.007367
0.000534,-0.012061,0.003080
-0.001435,-0.006670,-0.004342
0.000513,0.000815,-0.006409
0.005357,0.001903,-0.010639
0.003324,0.001867,-0.006360
0.001284,0.008219,0.000102
0.000304,0.007115,0.003323
-0.000626,0.004961,0.006495
0.002415,-0.002524,0.008562
0.005454,-0.008909,0.007417
0.005515,-0.011035,0.006333
0.002603,-0.001383,0.004197
-0.001360,0.006120,-0.002103
-0.002365,0.011491,-0.007378
0.004459,0.007210,-0.007383
0.007327,-0.003439,-0.011713
0.003349,-0.005650,-0.002118
0.001370,-0.008873,0.000003
-0.000558,-0.004628,0.007420
0.000442,-0.005640,0.003083
-0.000477,0.000771,0.003117
0.002483,0.000803,-0.001149
0.006401,-0.004506,-0.005447
0.006348,-0.008728,-0.012925
0.004304,-0.002363,-0.009636
0.003216,0.005067,-0.005285
-0.000743,0.013513,0.006529
-0.002649,0.014540,0.011871
-0.002511,0.012360,0.015108
-0.003417,0.010250,0.012936
-0.000387,0.003910,0.006445
0.005559,-0.002424,-0.002155
0.009443,-0.007726,-0.007517
0.004471,-0.013056,-0.009669
0.003443,-0.009922,-0.001097
-0.000527,0.000704,0.004338
-0.000507,0.005996,0.009724
0.000600,0.001667,0.018214
0.000783,-0.000507,0.023528
0.000046,-0.006964,0.029891
0.002231,-0.010106,0.023433
0.004374,-0.007890,0.014873
0.005421,-0.007745,-0.003282
0.002460,-0.002343,-0.010731
0.003304,0.001953,-0.015996
0.002157,0.012653,-0.019120
0.000041,0.011511,-0.011616
-0.000025,0.006094,-0.003080
-0.001979,0.000695,0.004362
0.002014,-0.005765,0.010734
0.003092,-0.007867,0.007491
0.003132,0.000714,0.005356
0.004142,0.009320,0.000021
0.003174,0.012570,-0.005307
0.003119,0.008340,-0.008582
0.003039,0.005122,-0.009613
0.001001,0.001893,-0.007475
-0.001061,-0.001333,-0.007437
-0.001082,-0.006740,-0.002067
0.002809,-0.015298,-0.001037
0.004820,-0.015264,-0.003218
0.004787,-0.014178,-0.004306
0.000840,-0.000327,0.002144
-0.003133,0.015749,-0.001038
-0.000182,0.017911,-0.004232
0.003752,0.008297,-0.004288
0.004723,-0.002437,-0.000031
0.003708,-0.015280,0.002053
0.005721,-0.019594,0.007366
0.002834,-0.013216,0.010622
-0.000023,-0.005754,0.011748
-0.003850,0.003888,0.005455
-0.004790,0.007158,0.000075
0.003990,0.009386,-0.011655
0.010758,0.005259,-0.028793
0.005650,0.000950,-0.024542
0.000567,-0.009808,-0.016039
-0.000531,-0.010965,-0.004309
0.000441,-0.013185,0.006358
0.000539,-0.012150,0.012724
-0.001294,-0.006872,0.019192
-0.000134,0.003819,0.019229
0.001935,0.015639,0.009703
0.002047,0.015625,0.009739
0.002076,0.016734,0.003367
0.003046,0.007212,-0.005294
0.004946,-0.001255,-0.014964
0.005818,-0.007664,-0.018138
0.003725,-0.014056,-0.017174
0.000663,-0.011970,-0.010755
-0.003333,-0.004562,-0.002165
-0.001408,0.001800,0.004269
0.000626,0.000740,0.003197
0.002628,-0.009916,0.000977
0.004626,-0.008845,-0.000070
0.004603,-0.005608,-0.006413
0.003553,0.000744,-0.000995
-0.000374,0.003923,0.002227
-0.000324,0.007106,0.005439
-0.001238,0.010280,0.009721
0.001770,0.007084,0.008635
-0.001099,0.006002,0.010756
-0.001003,0.000669,0.010704
0.002985,-0.002499,0.005363
0.005928,-0.005576,-0.009632
0.005840,-0.008748,-0.012872
0.000870,-0.009833,-0.010742
-0.000172,-0.002424,-0.001111
0.000757,-0.000307,0.003135
0.001818,0.003924,0.009545
-0.000009,-0.002563,0.017031
-0.002796,-0.004747,0.023418
0.002307,-0.005823,0.020295
0.003443,-0.003644,0.014968
0.004488,-0.002502,0.003277
0.004528,-0.004593,-0.002083
0.004443,-0.001357,-0.006329
0.001451,0.007215,-0.007395
0.000390,0.008285,-0.006346
0.001322,0.010389,0.001070
0.001356,0.006132,0.001004
0.003340,-0.000251,-0.003284
0.001371,-0.003452,-0.004359
0.001368,-0.006673,-0.003288
0.002321,-0.009901,-0.003247
0.002289,-0.009888,-0.006417
0.001229,-0.005603,-0.008512
0.001186,-0.000305,-0.004187
0.002094,0.006089,-0.003067
-0.001836,0.009262,0.002265
-0.000809,0.008180,0.005428
0.003158,0.001805,0.004255
0.005165,-0.002463,0.004219
0.002259,-0.001360,-0.000048
0.001270,0.002920,-0.002134
0.001207,0.005090,-0.006393
0.003140,0.005087,-0.006381
0.002123,-0.001321,-0.008514
0.002077,-0.003518,-0.000003
0.002060,-0.007822,0.002146
0.000162,-0.009965,0.004242
0.002119,-0.009956,0.003173
0.004110,-0.007785,0.001003
0.003159,-0.001386,0.002113
0.000212,0.006165,-0.006403
-0.000839,0.011472,-0.005239
0.002076,0.009361,-0.010542
0.005921,0.006171,-0.011645
0.003846,0.005083,-0.009510
-0.000153,0.004005,-0.007398
-0.001177,0.005048,-0.003144
0.002732,-0.001399,0.003192
0.003729,-0.002455,0.002108
0.000836,-0.004593,0.004192
0.003778,-0.003543,0.006338
0.003848,-0.000343,0.005321
0.001932,-0.002481,0.004268
0.002941,0.000725,0.002191
0.001000,-0.002440,-0.002114
0.002927,-0.001350,-0.005303
0.001879,0.000823,-0.008521
0.000810,0.006159,-0.006388
0.000753,0.007198,-0.003166
0.000755,0.002882,0.003195
0.001794,0.000680,0.009629
0.000880,-0.002469,0.003192
0.002845,-0.005628,-0.004268
0.003785,-0.013142,-0.000033
0.002835,-0.013127,-0.002162
0.002859,-0.009884,-0.005380
0.001837,0.002927,-0.002151
0.000815,0.010399,-0.000001
-0.002100,0.016730,0.008606
-0.000072,0.012401,0.015004
0.000027,0.010268,0.011844
0.002093,0.004931,0.009710
0.004145,0.000678,0.007544
0.003188,-0.003586,0.006451
0.002260,-0.006774,0.004296
0.001330,-0.002473,0.004247
0.002321,-0.001392,0.003174
0.002362,-0.007770,0.002011
0.001424,-0.010957,-0.001192
0.000434,-0.010964,-0.001174
-0.000577,-0.003501,-0.001091
0.000385,0.000785,-0.004237
0.001296,0.009324,-0.006264
0.002230,0.009285,-0.001980
0.002207,0.013544,0.001220
0.001246,0.012460,0.004391
0.001296,0.011387,0.006488
0.003298,0.008192,0.006445
0.003383,0.004971,0.007515
0.003430,0.003919,0.006420
0.001486,0.000779,-0.002134
0.005377,-0.003453,-0.007492
0.004355,-0.004518,-0.008553
0.000316,-0.005584,-0.009612
-0.000713,-0.003496,-0.004242
0.002183,0.001852,-0.004230
0.001143,0.005079,-0.008454
0.000106,0.005053,-0.003155
0.001085,0.003951,0.000062
0.001076,0.005031,-0.001008
0.004001,0.001861,-0.003207
0.001060,0.000772,-0.001069
0.003971,-0.005627,-0.001131
0.001060,-0.000313,0.002107
0.002089,0.000733,0.005308
0.005048,-0.001384,0.001062
0.001157,-0.001445,0.007497
0.000261,0.000671,0.008610
0.001284,0.001742,0.008606
0.002338,-0.000403,0.008616
0.002368,0.001745,0.007553
0.001469,-0.000380,0.007510
-0.001394,0.001757,0.006475
0.000558,0.001798,0.003232
0.002543,-0.001355,-0.003197
0.005468,-0.003439,-0.008575
0.005408,-0.006646,-0.007541
0.002405,-0.006618,-0.009706
0.002298,-0.002313,-0.012903
-0.001698,0.001911,-0.008568
0.000223,0.001815,0.001096
0.001225,0.001815,0.001096
-0.002659,0.002797,0.009692
0.000349,0.000669,0.007566
0.001399,0.001739,0.007570
0.003417,0.001793,0.002199
0.002457,0.001791,0.002202
0.003429,0.001798,0.002184
0.003438,0.000752,0.001076
0.001513,-0.002450,0.001052
0.006434,-0.006687,-0.001160
0.003494,-0.010918,-0.007569
0.003465,-0.007744,-0.004335
0.000486,-0.008823,-0.003265
0.000461,0.000773,-0.001073
-0.000534,0.001867,-0.004271
0.002389,0.002911,-0.001062
0.001401,0.002911,-0.001062
-0.000589,0.002878,0.002160
0.000437,0.003930,0.003256
0.003373,0.003926,0.003266
0.003446,0.003876,0.009670
0.003501,0.001783,0.006408
0.000599,0.001743,0.011742
0.002680,-0.001474,0.012800
0.003773,-0.004688,0.013853
0.003858,-0.008939,0.010634
0.001039,-0.008939,0.008542
0.000118,-0.013185,0.007402
0.004084,-0.015250,0.000928
0.004082,-0.010960,-0.002230
0.003040,-0.002352,-0.009663
-0.002901,0.004005,-0.003217
0.001963,0.008279,-0.003193
0.001974,0.003980,-0.001056
-0.000971,0.007127,0.004339
0.000029,0.004954,0.007560
-0.000874,0.002872,0.001131
0.004023,0.006060,0.002238
0.005951,0.001847,-0.004216
0.003957,0.003984,-0.005252
0.001959,-0.000218,-0.012784
0.002814,0.000878,-0.013894
0.001715,-0.002342,-0.011782
0.001626,-0.003408,-0.010746
-0.000389,-0.005603,-0.004332
-0.000388,-0.003483,-0.002186
-0.000404,0.002860,0.005345
0.001586,0.003959,0.001087
0.001626,0.006077,0.001148
0.003608,0.007121,0.002263
0.002606,0.009280,0.000124
0.000659,0.010362,-0.001997
0.002592,0.005037,-0.003116
0.002571,-0.001353,-0.004249
0.003559,-0.007821,0.004233
0.001621,-0.008874,0.003142
0.000666,-0.007803,0.003141
-0.000235,-0.008906,0.006362
0.002730,-0.009938,0.002078
0.002716,-0.008825,-0.003259
-0.002281,0.005130,-0.012770
0.002525,0.015838,-0.018006
0.006307,0.016962,-0.022327
0.004184,0.008366,-0.017016
0.001147,0.001861,-0.005300
0.001107,-0.004593,0.003146
0.000175,-0.005703,0.009523
-0.001678,-0.011033,0.008417
-0.002564,-0.012140,0.011651
0.004404,-0.014222,0.003130
0.007336,-0.011992,-0.007559
0.007253,-0.007660,-0.015008
0.003191,0.012597,-0.011654
-0.001834,0.023248,-0.010467
-0.002903,0.028503,-0.000798
-0.000896,0.020963,0.004554
0.003109,0.005926,0.016185
0.004212,-0.005790,0.013934
0.000377,-0.006808,0.009615
0.001443,-0.004642,0.009550
0.001532,-0.005613,-0.000122
0.000600,-0.001273,-0.007594
0.005353,-0.000104,-0.020402
0.006137,-0.002191,-0.026816
0.003959,-0.005437,-0.025681
-0.005033,-0.010914,-0.009671
-0.004140,-0.010984,-0.003213
-0.001191,-0.007777,-0.001110
0.003695,-0.004593,0.001053
0.001785,-0.006716,-0.000038
-0.000134,-0.001414,0.004278
0.003790,0.007144,0.003248
0.003773,0.016802,-0.002040
0.001801,0.022113,0.001204
0.001821,0.016736,0.004405
0.001866,0.006028,0.006503
0.000970,-0.005750,0.011738
0.003034,-0.005782,0.014959
-0.000771,-0.012209,0.018107
-0.001583,-0.008957,0.014863
0.003418,-0.002483,0.008455
0.006407,0.009330,-0.000007
0.004383,0.017975,-0.014858
0.003256,0.016922,-0.019087
0.001096,0.008387,-0.021254
0.000933,0.003007,-0.018048
0.000795,0.000858,-0.015936
0.000718,-0.003490,-0.005307
0.002671,-0.004628,0.005327
0.004676,-0.003606,0.011732
0.002845,0.001736,0.012806
0.000980,0.011367,0.010725
0.000023,0.016762,0.003294
0.001036,0.018918,0.000117
0.001002,0.012553,-0.008401
0.003842,0.005074,-0.009485
0.002776,-0.000239,-0.013774
0.002665,-0.008773,-0.012807
0.003552,-0.005594,-0.007493
-0.001368,-0.004563,-0.001116
-0.002338,-0.003506,0.003103
0.000650,-0.004520,-0.002274
0.004545,-0.001313,-0.003309
0.004519,0.000850,-0.008593
0.003417,0.003041,-0.017090
0.002291,0.000892,-0.016022
0.002193,-0.001310,-0.009590
0.000166,-0.004583,-0.002111
-0.002754,-0.004669,0.007526
-0.000705,-0.004722,0.014989
0.002395,-0.005793,0.017082
0.002526,-0.001508,0.014982
0.002645,0.002832,0.006465
0.004611,0.000737,0.002159
0.004599,0.004010,-0.006366
0.002565,0.010438,-0.007424
0.000541,0.010447,-0.008493
0.003453,0.006159,-0.007432
0.002398,0.000799,-0.004276
0.003359,-0.002439,-0.001071
-0.002553,-0.001382,-0.003128
-0.005532,0.000744,-0.000993
0.000362,-0.000299,-0.005249
0.007238,-0.004547,-0.006386
0.009117,-0.009874,-0.006454
0.004166,-0.007709,-0.008607
0.000169,0.001868,-0.003226
0.000113,0.007192,-0.000017
0.000090,0.006123,-0.001066
-0.005806,0.007153,0.003223
0.000173,0.001834,-0.001048
0.005063,0.000843,-0.010666
0.008839,-0.000209,-0.013853
0.005779,-0.003441,-0.009616
0.001788,-0.006664,-0.007494
0.002751,-0.007742,-0.002247
0.003716,-0.009939,0.007310
0.000889,-0.008951,0.015893
-0.000949,-0.006865,0.020221
-0.002708,-0.005850,0.025594
0.000415,0.004842,0.021447
0.003482,0.011280,0.017226
0.002633,0.016645,0.013011
0.001726,0.013488,0.005547
0.002754,0.000725,-0.000946
0.000796,-0.007822,0.001102
-0.002162,-0.016335,-0.000078
0.002735,-0.021558,-0.011921
0.006586,-0.019348,-0.017330
0.005435,-0.012919,-0.018392
0.001352,-0.002257,-0.019324
-0.001719,0.006224,-0.013876
0.000158,0.003990,-0.004219
-0.000825,0.002837,0.006453
0.001208,0.000665,0.009670
0.003274,0.000663,0.009675
0.002344,0.007113,0.003330
0.003309,0.011492,-0.008427
0.005191,0.011508,-0.011606
0.007043,0.007268,-0.014852
0.002988,0.002991,-0.012775
0.000961,-0.002410,-0.005328
-0.001036,-0.003486,-0.002175
0.000917,-0.000352,0.004299
0.003874,0.002917,-0.002125
0.001886,0.006139,-0.004246
0.000843,0.006224,-0.014924
0.004686,-0.000167,-0.017098
0.005540,-0.002270,-0.021381
0.002430,-0.005476,-0.020349
-0.000675,-0.005573,-0.008593
-0.000722,-0.006680,-0.004314
0.000299,-0.009948,0.005243
0.001316,-0.008910,0.007421
0.000442,-0.007851,0.008498
0.000495,-0.003583,0.008533
-0.000442,0.006033,0.005447
0.001529,0.013550,0.000156
0.000520,0.012498,-0.003031
0.002455,0.012523,-0.005184
0.005363,0.011464,-0.006261
0.004313,0.004014,-0.007421
0.001319,-0.002419,-0.003214
-0.000667,-0.004558,-0.002175
0.001315,-0.009924,0.000999
0.003281,-0.006709,-0.000056
0.004257,-0.005675,0.003177
-0.000658,0.001807,0.002162
0.000364,0.006079,0.001145
0.000391,0.007138,0.001174
0.002337,0.007173,-0.003101
0.003305,0.003981,-0.004200
0.003252,0.002950,-0.007442
0.002253,0.000782,-0.002140
0.002243,-0.003519,0.002093
0.003258,-0.006712,0.002042
0.001344,-0.006757,0.008437
0.001391,-0.004658,0.013773
-0.002465,0.006053,0.008530
-0.002372,0.009288,0.003242
0.001622,0.006107,-0.001021
0.005480,0.005091,-0.007439
0.004395,0.008339,-0.013809
0.002271,0.002976,-0.011691
0.001214,-0.000200,-0.014922
-0.000809,-0.001321,-0.007468
0.002062,-0.000250,-0.007469
0.002059,0.001821,0.001079
-0.000853,0.001736,0.011757
-0.001766,0.004911,0.013947
-0.003604,0.005928,0.019316
-0.003436,0.002719,0.017217
0.001602,-0.005759,0.009670
0.011494,-0.014227,0.002097
0.009539,-0.014186,-0.003238
0.006535,-0.009914,-0.001121
0.001625,-0.001421,0.007431
0.000723,0.001776,0.009563
0.002796,0.003881,0.014887
0.000009,-0.001496,0.018088
-0.000788,-0.003686,0.023443
0.001308,0.007076,0.011791
0.002316,0.012519,-0.000992
0.007134,0.015834,-0.015904
0.005045,0.011577,-0.019107
0.002910,0.008345,-0.016962
-0.001149,0.004019,-0.010573
-0.002213,0.000738,0.000065
0.001768,-0.007876,0.009608
-0.001043,-0.012225,0.020241
0.001108,-0.012233,0.022352
0.000260,-0.004698,0.015969
0.000349,0.002889,0.003175
0.003337,0.008282,-0.003203
0.002300,0.006213,-0.012801
0.002182,0.001958,-0.016010
0.002000,0.001961,-0.018112
0.002838,0.001956,-0.017052
0.000746,0.002995,-0.012787
-0.001295,-0.001307,-0.008550
-0.001341,-0.004550,-0.003240
0.002566,-0.001331,-0.004305
0.002550,-0.004537,-0.004321
0.001526,-0.005635,-0.001113
0.004496,-0.008890,0.003183
0.004516,-0.011055,0.007433
0.002605,-0.004683,0.011748
-0.001207,0.002729,0.016147
0.000894,0.014463,0.018348
-0.000954,0.012353,0.015128
-0.000805,0.004935,0.009699
0.004136,0.000756,0.000020
0.006091,-0.006651,-0.007528
0.006011,-0.011911,-0.015091
0.002906,-0.007603,-0.019342
-0.001159,-0.009794,-0.012938
-0.001262,-0.009840,-0.006544
-0.000288,-0.007807,0.003151
0.000768,-0.006797,0.010632
-0.000114,-0.001505,0.014973
-0.001994,0.007045,0.010828
-0.000942,0.009246,0.000212
0.001034,0.006074,-0.003028
0.002970,0.001848,-0.007356
0.004887,-0.003433,-0.013819
0.005749,-0.006586,-0.016064
0.005596,-0.007669,-0.012893
0.002545,-0.005606,-0.001186
0.000586,-0.003515,0.004174
-0.002290,0.003926,0.008494
-0.000233,0.008168,0.010691
0.004731,0.011380,0.007553
0.004804,0.012437,0.005496
0.004801,0.007103,0.003355
0.001897,0.004974,0.002279
0.000972,0.002842,0.003302
0.000023,-0.000369,0.006438
0.002007,-0.001422,0.007436
0.002076,-0.001402,0.006340
0.004096,-0.004635,0.009532
0.003154,-0.000308,0.002093
-0.000739,0.004977,0.006454
0.000306,0.008113,0.012927
-0.000551,0.006990,0.017245
0.003516,0.002682,0.019403
0.001720,-0.002671,0.022541
0.000922,-0.002682,0.026753
0.000137,-0.000461,0.020272
0.003220,-0.000342,0.007411
0.001337,-0.003485,0.003050
0.002323,-0.011953,-0.005566
0.005204,-0.014043,-0.013023
0.004083,-0.010812,-0.017255
-0.000993,-0.002319,-0.017070
-0.002085,0.001884,-0.010589
0.000805,0.000714,0.001176
0.002795,-0.002502,0.003280
0.001860,0.004957,0.005460
0.000908,0.006001,0.008665
-0.000004,0.001783,0.003270
0.000004,-0.004557,-0.002178
0.005913,-0.008763,-0.009695
0.008724,-0.008691,-0.017203
0.004634,-0.006529,-0.020395
0.001529,-0.002308,-0.016051
0.001441,0.001870,-0.005323
-0.001506,0.007092,0.008612
-0.000438,0.008147,0.010745
0.000661,0.008079,0.018244
0.002774,-0.003649,0.013934
-0.001022,-0.011054,0.005335
0.000951,-0.013156,0.002098
0.004890,-0.008802,-0.006455
0.006784,-0.000211,-0.010709
0.003732,0.002987,-0.010675
-0.002199,0.006077,0.002192
-0.001206,0.008175,0.007534
-0.002094,0.002822,0.010674
0.003890,-0.001442,0.009581
0.006869,-0.007773,0.000973
0.005906,-0.010929,-0.005446
0.004854,-0.002390,-0.006427
0.001809,0.006182,-0.009585
0.001714,0.012568,-0.009485
-0.001283,0.006095,-0.002035
-0.001279,-0.001449,0.006460
0.000804,-0.005755,0.009660
-0.000061,-0.006859,0.014974
0.000022,0.002791,0.013889
0.002071,0.014653,0.003210
0.005058,0.015808,-0.007469
0.008877,0.006250,-0.017080
0.004789,-0.001246,-0.014983
0.000722,-0.003408,-0.012840
-0.000348,-0.007670,-0.012891
0.000549,-0.014111,-0.009711
0.000520,-0.013140,-0.000039
-0.000417,-0.010035,0.011747
0.001625,0.002826,0.007526
0.000699,0.009252,0.007520
0.003698,0.007180,0.001064
0.004729,0.000756,0.001063
0.003759,-0.006724,0.002074
0.002787,-0.015274,0.003083
0.001878,-0.014233,0.006297
0.001909,-0.008880,0.004206
-0.001982,-0.002455,0.004201
0.002951,0.006108,0.000022
0.000001,0.011421,0.002219
0.000991,0.012465,0.005423
0.002001,0.009300,0.000073
0.002973,0.002872,0.001130
0.003950,-0.004647,0.004333
0.003020,-0.007851,0.005359
0.001150,-0.006829,0.011761
0.002208,-0.003637,0.014948
0.005251,0.001781,0.008505
0.005337,-0.007799,0.005224
0.001469,-0.011020,0.006295
-0.001418,-0.013170,0.008408
0.002578,-0.009929,0.002057
0.004544,-0.006668,-0.004344
0.004490,-0.001335,-0.004294
-0.000459,0.003932,0.001157
-0.000455,0.009250,0.002294
-0.001395,0.013508,0.004451
0.001573,0.013489,0.007639
-0.000293,0.012407,0.007667
0.001716,0.013520,0.003373
0.003653,0.012543,-0.007328
0.006501,0.008345,-0.014870
0.005384,-0.003380,-0.018140
0.004270,-0.010850,-0.017157
0.001154,-0.009779,-0.017157
-0.000911,-0.007724,-0.005430
-0.002841,-0.013174,0.006327
-0.002749,-0.006805,0.012743
0.001274,-0.002509,0.009569
0.006217,0.004006,-0.002174
0.005228,0.005111,-0.009584
0.002164,0.002970,-0.011674
0.000116,0.000826,-0.010622
0.001998,-0.001321,-0.009560
0.001956,-0.005643,-0.003182
0.001955,-0.011027,0.002129
0.001068,-0.017531,0.012797
0.002158,-0.023916,0.011651
0.005221,-0.019615,0.009509
0.002365,-0.014278,0.009550
0.002401,-0.008878,0.003153
-0.000494,-0.005667,0.002109
0.001455,-0.004552,-0.004280
0.001428,0.002936,-0.007402
0.002332,0.001900,-0.012722
0.002267,0.002927,-0.009472
0.001205,0.003985,-0.006302
0.000168,0.002970,-0.010630
0.002099,0.000843,-0.009622
0.003013,-0.002394,-0.005372
0.002972,-0.002403,-0.003257
0.002940,-0.004514,-0.006471
0.002910,-0.001314,-0.006439
0.000871,0.001858,-0.005292
0.001766,0.001824,-0.003113
-0.000177,0.003922,0.000137
0.000794,0.002809,0.006526
0.002791,0.006032,0.006496
-0.000060,0.006030,0.007545
0.001961,0.002834,0.009594
0.002079,0.001741,0.012791
0.001193,-0.000360,0.007458
0.003171,0.001832,0.001050
0.004126,0.005105,-0.007475
0.002099,-0.003426,-0.010701
0.000087,-0.006674,-0.006423
-0.002887,-0.008815,-0.006423
0.000990,-0.000246,-0.007480
0.001866,0.007224,-0.005328
0.001850,0.009293,0.001137
0.001883,0.004984,0.005388
-0.001023,0.007077,0.009697
0.001004,0.001772,0.007482
0.005972,0.001800,0.003225
0.003058,-0.000318,0.002122
0.001110,0.000723,0.005336
-0.000779,0.004972,0.008558
0.003204,0.002874,0.005309
0.006207,-0.002453,0.004195
0.001335,-0.010985,0.002019
0.000403,-0.014209,0.004142
0.004324,-0.012047,-0.001140
0.005279,-0.008798,-0.006465
0.001306,-0.001324,-0.007458
-0.002678,0.002884,0.000053
0.000225,0.005065,-0.004233
0.002190,0.009287,0.002199
0.002174,0.006152,-0.006367
0.001172,0.005051,-0.002105
0.001128,-0.000269,-0.004283
0.005028,0.001874,-0.004288
0.006928,0.003010,-0.011779
0.002901,0.001915,-0.010670
-0.000115,-0.002395,-0.007460
-0.001122,-0.006718,-0.002124
-0.001158,-0.007770,-0.001127
-0.000174,-0.008872,0.003139
0.002808,-0.005621,-0.001147
0.004720,-0.000211,-0.010707
0.002684,0.001913,-0.010663
0.001592,0.008299,-0.008474
0.000526,0.014671,-0.004158
0.002469,0.010352,0.001167
-0.000424,0.002776,0.011842
-0.001318,-0.004720,0.013937
0.001743,-0.012144,0.008526
0.005707,-0.012033,-0.003269
0.007595,-0.007677,-0.012872
0.003588,-0.002333,-0.013897
0.001494,-0.002349,-0.010718
0.000398,0.000841,-0.008569
-0.002544,0.002899,0.002107
-0.001530,0.002814,0.009649
-0.001480,0.004991,0.003281
0.005407,0.002891,0.000034
0.004430,0.000825,-0.009573
0.003374,-0.000223,-0.012770
0.001270,0.001875,-0.008474
-0.001733,0.005071,-0.007389
0.000182,0.003970,-0.002081
0.003112,-0.004582,-0.000018
0.002154,-0.002463,0.003178
0.001158,-0.001324,-0.004322
0.002150,0.004041,-0.006445
0.005028,0.004098,-0.013915
0.003965,-0.001237,-0.015007
0.001885,-0.000173,-0.013945
-0.000206,0.003004,-0.011765
0.000662,0.006154,-0.004281
0.000664,0.001806,0.003212
-0.001278,-0.005720,0.007478
-0.000187,-0.003579,0.005384
0.003795,-0.002524,0.006474
0.004767,-0.002486,0.002190
0.004813,-0.004608,0.001093
0.001868,-0.003514,-0.000013
0.002856,-0.003479,-0.002197
-0.000075,0.000822,-0.002245
-0.000115,0.008300,-0.003248
-0.000141,0.010405,-0.000017
-0.001098,0.009350,-0.003195
0.001829,0.005035,-0.001019
0.000860,0.000743,-0.000993
0.002795,-0.001378,-0.003138
0.001775,-0.007771,-0.006353
0.001744,-0.015267,-0.002163
0.002719,-0.016357,0.002069
0.004703,-0.006747,0.004226
-0.000144,0.001775,0.008521
-0.000087,0.009231,0.011757
0.000067,0.011348,0.012864
0.001116,0.017809,0.006492
0.005045,0.015694,0.003286
0.003119,0.012531,-0.003114
0.000145,0.005050,-0.004196
0.002087,-0.004544,-0.005348
0.003002,-0.005591,-0.007498
0.002896,-0.001304,-0.009603
-0.000134,0.004020,-0.007438
0.000764,0.009336,-0.005250
0.002669,0.006156,-0.008471
0.002605,0.002965,-0.010615
0.002534,0.005133,-0.013821
0.001431,0.004030,-0.009554
0.003310,0.001922,-0.010687
0.003267,-0.001312,-0.006446
0.000300,-0.003481,-0.002189
-0.000688,0.000776,0.001014
0.002252,0.003959,0.002134
0.005221,-0.000312,0.001060
0.001281,-0.000312,-0.001032
-0.000711,0.001812,-0.000989
0.000292,0.001785,0.002220
0.000324,-0.000347,0.004287
0.006246,-0.003508,0.001017
0.006257,-0.002393,-0.002235
0.001315,0.004036,-0.005389
-0.000725,0.008292,-0.007412
-0.001767,0.009313,-0.003100
0.002156,0.000737,0.000067
0.002174,-0.006770,0.003239
0.003160,-0.011029,0.003179
0.000220,-0.008849,-0.001105
0.001245,-0.000265,-0.005341
0.003122,0.004079,-0.013868
0.000085,0.008296,-0.007422
0.000988,0.010484,-0.012771
0.000882,0.009413,-0.012770
0.003727,0.000807,-0.005342
0.001768,-0.005683,0.002152
0.000836,-0.007878,0.009615
0.000949,-0.005777,0.012855
0.000056,-0.004702,0.013888
0.002137,0.000665,0.010714
0.000200,0.003955,0.001097
0.004131,0.008298,-0.007429
0.004040,0.009444,-0.017036
0.004829,0.008377,-0.017044
0.001760,0.003010,-0.014916
0.000719,-0.001342,-0.005322
-0.000274,-0.003514,-0.000013
0.000717,-0.005678,0.003185
0.000709,-0.001400,0.003196
-0.001227,0.002841,0.007486
0.000795,0.009332,-0.002101
0.001727,0.005094,-0.008492
0.004588,0.001910,-0.012747
0.000599,-0.002396,-0.009547
0.001474,-0.007827,0.001112
0.002478,-0.004639,0.005358
-0.000405,0.000665,0.011762
-0.003217,-0.003612,0.013840
-0.001134,-0.001448,0.011687
0.002907,-0.006746,0.007361
0.006876,-0.009857,-0.003361
0.004865,-0.009846,-0.005480
0.004803,-0.007713,-0.005458
-0.000165,0.000800,-0.004278
-0.002160,0.005010,0.001141
-0.004089,0.004982,0.003305
-0.000124,-0.004607,0.000047
0.005795,-0.013146,-0.000019
0.007737,-0.008845,-0.003204
0.004746,0.001828,-0.001029
0.000767,0.011437,0.000083
0.001755,0.013577,-0.000960
-0.000210,0.014624,0.004333
0.001760,0.009313,0.001086
0.001762,0.006145,-0.003212
0.006640,-0.000217,-0.009647
0.004591,-0.004482,-0.013877
0.001537,-0.001311,-0.011678
-0.001533,0.004017,-0.010567
-0.000617,0.001840,-0.004198
0.000367,0.000710,0.004322
0.001380,-0.000375,0.008543
-0.001489,0.000666,0.012805
0.001515,0.002862,0.007432
0.002561,0.005049,0.001037
0.002541,0.009379,-0.007453
0.001468,0.005130,-0.011724
0.002337,0.007248,-0.013755
0.000239,0.001878,-0.009525
0.001168,-0.003498,-0.005282
0.001150,-0.004644,0.005372
-0.000772,-0.002503,0.007463
0.001249,-0.000319,0.005260
0.005222,0.000773,0.001021
0.004261,-0.002384,-0.004352
0.001268,-0.000268,-0.003239
0.003151,0.000779,-0.004226
0.001169,0.001831,-0.003131
0.002155,0.002789,0.008668
0.000256,0.003811,0.015070
-0.000579,0.008036,0.021495
0.001523,0.007022,0.018208
0.000716,0.006009,0.012830
0.000835,-0.000376,0.009592
0.004805,-0.004543,-0.002214
0.005751,-0.007720,-0.006486
0.004678,-0.009792,-0.013987
0.002589,-0.000192,-0.015987
0.000486,0.006226,-0.015972
-0.000597,0.006166,-0.009541
-0.003582,0.002888,0.000043
0.001300,0.001828,0.000017
0.001321,-0.003546,0.005300
0.003348,-0.008925,0.009552
0.001484,-0.013158,0.006285
-0.001375,-0.007815,0.005267
0.003558,-0.008796,-0.005426
0.006454,-0.000243,-0.007488
0.003429,0.006145,-0.006351
-0.000567,0.012478,0.001207
-0.002509,0.007141,0.002212
0.002459,-0.001434,0.006421
0.003513,-0.009977,0.008458
0.002607,-0.016387,0.009468
-0.000253,-0.015323,0.009486
-0.003100,-0.012109,0.006341
0.000855,-0.012044,-0.000102
0.006721,-0.013101,-0.002229
0.003800,-0.011004,0.002070
0.000871,-0.006726,0.003126
-0.002066,0.008217,0.004290
-0.002057,0.016776,0.001168
-0.000064,0.021004,0.005490
0.002886,0.007190,-0.004191
0.002905,-0.001393,0.000040
0.003860,-0.005659,-0.000003
0.004844,-0.004637,0.006399
0.001979,-0.001451,0.009603
-0.001831,-0.000448,0.018147
-0.001737,0.000692,0.010647
0.000304,0.007171,0.003180
0.004269,0.008272,-0.002129
0.004184,0.011519,-0.010588
0.002106,0.012588,-0.011630
0.002981,0.006138,-0.007378
0.001914,0.008247,-0.004155
0.000913,0.000754,-0.001022
-0.000012,-0.000371,0.006442
0.000034,-0.000383,0.008566
0.002077,-0.001425,0.007444
0.005065,0.000767,0.002082
0.003120,0.001842,-0.000020
0.003086,0.009335,-0.003154
-0.000896,0.012529,-0.006245
-0.002929,0.011471,-0.007323
-0.000029,0.001870,-0.010549
0.001844,-0.001307,-0.012733
0.005650,-0.006581,-0.019214
0.003588,-0.009822,-0.012863
0.000581,-0.007756,-0.003256
-0.001424,-0.005647,0.003104
-0.000397,0.000743,0.005282
0.002633,0.000765,0.004180
0.002655,0.002877,0.005302
0.001708,0.007134,0.003274
0.000724,0.008183,0.002286
0.000740,0.009224,0.004455
0.003748,0.003928,0.001171
0.003742,-0.004629,0.003240
0.002818,-0.008913,0.007427
0.000918,-0.012109,0.008434
-0.000956,-0.006771,0.009516
-0.000862,-0.002469,0.006328
0.003095,0.000782,-0.000050
0.003105,0.008276,-0.004231
0.002016,0.012511,-0.002015
-0.000932,0.013615,-0.007333
0.001944,0.005048,-0.005234
0.002892,-0.006695,-0.004274
0.000919,-0.010990,-0.000059
0.001932,-0.014234,0.005255
0.003930,-0.015256,0.000945
0.001986,-0.002465,0.004225
-0.000936,0.002836,0.007500
-0.002874,0.006051,0.006445
0.001132,0.007136,0.004315
0.003121,0.000776,-0.002122
0.005016,-0.000285,-0.004241
0.002985,-0.002421,-0.003209
0.001040,-0.007793,0.001025
0.000092,-0.015289,0.004168
0.001114,-0.013142,0.005199
0.001148,-0.004594,0.003149
-0.000775,0.001791,0.006387
-0.000747,0.010316,0.006492
0.001270,0.012407,0.009760
0.000359,0.009215,0.008660
0.002390,0.002788,0.011808
0.005432,-0.001458,0.008577
0.003548,-0.002512,0.008532
0.001650,-0.001407,0.005305
0.002661,-0.006749,0.006324
0.000784,-0.006761,0.009492
0.000855,-0.008862,0.004159
0.001872,-0.008860,0.003109
0.000928,-0.005677,0.004229
0.000943,-0.001476,0.009667
-0.001951,0.003912,0.004347
0.000058,0.009260,0.004359
0.004018,0.008228,0.000076
0.002038,0.008243,0.000038
0.000073,0.002950,-0.005347
0.001974,0.006160,-0.006390
0.001901,0.004054,-0.010663
0.002791,0.002956,-0.007455
0.001765,0.001834,-0.002093
0.001747,-0.001403,0.002160
0.001756,0.000725,0.002195
0.001788,0.000704,0.004341
-0.000119,0.000677,0.007546
0.000902,-0.001419,0.004291
0.001896,-0.003516,-0.001051
0.001894,-0.004548,-0.003244
0.000901,-0.003464,-0.006415
0.000850,-0.000294,-0.001080
0.001795,0.001861,-0.004252
0.003742,0.000751,0.000033
0.001781,0.005029,-0.001003
-0.000213,0.006125,-0.002114
0.002734,0.000737,0.003206
0.003778,-0.002448,0.001047
-0.000134,-0.001347,-0.002169
0.000817,-0.004585,0.002082
0.003783,-0.007772,-0.001121
0.002808,-0.003522,0.000008
0.000804,0.000752,-0.002060
0.000801,0.003924,0.001180
-0.000181,0.000722,0.001155
0.001787,0.000713,0.003270
0.001825,0.000712,0.005362
0.002852,-0.000318,0.004212
0.002876,0.002896,0.003159
0.002894,-0.000291,0.002049
0.003910,-0.004613,0.004244
-0.000002,-0.004585,0.002081
0.000995,-0.002476,0.003211
0.000039,-0.000340,0.002180
-0.001937,0.005021,0.000065
0.001988,0.008269,-0.004212
0.004893,0.010442,-0.008479
0.003815,0.010453,-0.010601
-0.000182,0.004022,-0.007445
0.000749,-0.003517,-0.001049
0.000760,-0.009944,0.002098
0.003732,-0.015386,0.014880
-0.000057,-0.014335,0.018068
0.000086,-0.001495,0.013903
0.003109,0.008176,0.008579
0.002191,0.012578,-0.006376
0.003107,0.010452,-0.007461
0.004002,0.002998,-0.009656
0.004914,-0.001266,-0.010749
0.000905,-0.003408,-0.010748
-0.001115,-0.008878,0.004200
-0.001063,-0.014301,0.012750
-0.001924,-0.013304,0.021308
0.001207,-0.005828,0.021353
0.004304,0.004939,0.011781
0.003383,0.010345,0.003278
0.003412,0.016753,0.001227
0.002415,0.011428,0.001154
0.002404,0.014646,0.000092
0.000460,0.007126,0.006433
0.001546,-0.000417,0.013883
-0.000322,-0.010020,0.014847
0.005705,-0.012159,0.014839
0.003870,-0.012118,0.008459
-0.000964,-0.001425,0.007445
0.000014,0.002848,0.005377
0.002002,0.006124,-0.003157
0.002921,0.012550,-0.006302
0.001871,0.016823,-0.008370
-0.001144,0.021031,-0.001901
-0.001216,0.023194,-0.004049
0.002701,0.013620,-0.006300
0.006607,-0.001385,0.001065
0.004653,-0.013111,-0.000111
0.001732,-0.014197,0.000976
-0.000213,-0.009971,0.007396
0.001752,-0.002422,-0.001114
0.005664,0.000815,-0.006407
0.002662,0.001909,-0.009605
0.001606,0.000810,-0.007440
-0.000407,0.002931,-0.005295
0.000547,-0.002423,-0.004248
-0.002386,-0.003526,0.000019
-0.001407,-0.004621,0.005312
0.002571,-0.003556,0.006371
0.004594,-0.005648,0.003108
0.004616,-0.000302,0.002080
0.001684,0.002874,0.003215
-0.002203,0.003940,0.002182
0.002705,0.002907,-0.002096
0.003671,-0.007808,0.003156
0.003702,-0.007786,-0.001084
0.001691,0.001864,-0.004261
-0.003274,0.008255,-0.003131
0.000686,0.003961,-0.001008
0.004589,-0.001395,0.001090
0.004588,-0.010980,-0.001131
0.004614,-0.014193,-0.000082
0.005610,-0.010989,0.000984
0.002676,-0.000344,0.005326
0.001700,0.011459,-0.002064
-0.005159,0.014633,0.001170
-0.008112,0.014670,-0.004155
0.000684,0.006174,-0.008518
0.011354,-0.003292,-0.025692
0.010200,-0.008668,-0.022493
0.002164,-0.008746,-0.013926
-0.001892,-0.000220,-0.010685
-0.000952,0.006084,0.003222
0.000097,0.005981,0.016040
0.000257,0.003798,0.020335
-0.001521,0.004863,0.020347
0.000615,0.004856,0.018273
