-0.001456,0.009379,0.015387
-0.003287,0.011365,0.030274
-0.006015,0.021983,0.035672
-0.002823,0.025381,0.035623
0.001375,0.028610,0.032455
0.006493,0.023358,0.023907
0.008635,0.020271,0.012166
0.008781,0.016104,0.001457
0.009816,0.008760,-0.011376
0.008844,0.008867,-0.021986
0.006923,0.016380,-0.026158
0.006013,0.021719,-0.026076
-0.000713,0.027017,-0.021738
-0.004479,0.025871,-0.013176
-0.011169,0.015047,0.002728
-0.012042,0.005319,0.015425
-0.015489,-0.004316,0.018545
-0.013602,-0.004368,0.023864
-0.008747,-0.003325,0.025968
-0.003274,-0.008525,0.012094
0.000859,-0.011635,0.002475
0.002898,-0.023292,-0.006170
0.007326,-0.031661,-0.023263
0.008919,-0.032644,-0.031781
0.009707,-0.031471,-0.042396
0.007262,-0.021886,-0.040162
0.011524,-0.027520,-0.002140
0.044474,-0.056545,0.023633
0.039592,-0.021170,-0.001549
-0.000623,0.012027,-0.016543
-0.008372,0.007525,0.007961
-0.005528,0.004248,0.015346
-0.005676,0.007398,0.020678
-0.002944,0.006298,0.023845
0.000786,0.004243,0.015312
0.002335,0.001123,0.006748
0.007133,-0.003125,0.004532
0.009480,-0.008371,-0.005140
0.007596,-0.007242,-0.011517
0.006568,-0.008257,-0.016845
0.004629,-0.005078,-0.014695
0.002698,0.001314,-0.013578
0.001843,0.005543,-0.009255
-0.000860,0.004416,-0.002850
-0.001747,0.003302,0.002522
-0.005644,0.006391,0.014276
-0.007528,0.008383,0.029196
-0.006487,0.012579,0.036688
-0.002481,0.017965,0.031438
-0.000456,0.026533,0.028315
0.001587,0.023384,0.022961
0.004608,0.013903,0.010083
0.007487,-0.002000,-0.000716
0.007355,-0.008301,-0.011444
0.008167,-0.010301,-0.025318
0.007015,-0.004884,-0.033801
0.004950,0.005818,-0.036926
0.001005,0.014312,-0.032614
-0.001857,0.018479,-0.021919
-0.006597,0.013052,-0.012361
-0.005507,0.001189,0.000338
-0.012205,-0.004312,0.017330
-0.014070,-0.005556,0.035406
-0.013036,-0.007720,0.038605
-0.010039,-0.001348,0.041844
-0.005069,0.002975,0.036597
0.001840,-0.001200,0.026997
0.007738,-0.017103,0.016213
0.008632,-0.026565,0.001199
0.011410,-0.025373,-0.011565
0.013219,-0.012430,-0.025303
0.014062,-0.005903,-0.038035
0.010119,0.008019,-0.043274
0.004308,0.014399,-0.041089
0.000431,0.008001,-0.042211
0.001404,0.002538,-0.029518
0.000417,-0.000771,-0.017836
0.000360,0.000165,-0.003944
-0.008475,0.009645,0.008942
-0.017237,0.022285,0.026085
-0.017071,0.031661,0.049580
-0.008012,0.025229,0.052742
-0.001860,0.017767,0.051623
0.001272,0.011504,0.037781
0.003354,0.005164,0.031303
0.007279,-0.004305,0.017384
0.011086,-0.013695,-0.005041
0.012852,-0.016699,-0.025297
0.010681,-0.009082,-0.040150
0.006608,-0.002662,-0.042278
0.000682,0.006964,-0.044331
-0.005165,0.003824,-0.050752
-0.008160,0.002615,-0.036960
-0.007176,0.001434,-0.025257
-0.004286,-0.007285,-0.006166
-0.010160,-0.009519,0.004515
-0.017992,-0.008587,0.018381
-0.016984,-0.008761,0.036508
-0.008156,-0.019452,0.038571
-0.001318,-0.025714,0.024750
0.004437,-0.032056,0.018294
0.007256,-0.031974,0.009764
0.009996,-0.032903,-0.004081
0.012714,-0.032759,-0.019004
0.015386,-0.027276,-0.033868
0.013218,-0.014432,-0.038055
0.009202,0.002662,-0.041149
0.007227,0.012264,-0.041093
0.002364,0.017507,-0.031505
-0.001459,0.020625,-0.022969
-0.000372,0.023744,-0.014404
-0.004121,0.026727,0.007967
-0.009838,0.021265,0.020709
-0.011685,0.019039,0.030295
-0.011534,0.016774,0.044116
-0.007471,0.015665,0.048365
-0.000478,0.015708,0.044106
0.003575,0.014736,0.034534
0.005642,0.013768,0.023861
0.008667,0.009612,0.012097
0.009706,0.006598,-0.007092
0.013585,0.001431,-0.024149
0.012537,-0.002742,-0.033771
0.006605,0.004768,-0.037977
0.000725,0.012206,-0.034715
-0.004141,0.018559,-0.029305
-0.008956,0.021619,-0.015447
-0.011786,0.019351,-0.001611
-0.013601,0.016012,0.013268
-0.017369,0.007373,0.023859
-0.016293,-0.004447,0.032300
-0.009433,-0.020430,0.030066
-0.001723,-0.029931,0.019352
0.002973,-0.033006,0.006571
0.006681,-0.031829,-0.005159
0.007432,-0.031736,-0.014743
0.010096,-0.029472,-0.027500
0.010855,-0.028311,-0.037060
0.008696,-0.024014,-0.040226
0.005619,-0.017643,-0.036994
0.003552,-0.016647,-0.029538
-0.002436,-0.020975,-0.023147
-0.003564,-0.022195,-0.008286
-0.007558,-0.011682,0.007743
-0.004676,-0.006393,0.013113
-0.001720,-0.003246,0.018432
-0.002669,-0.001084,0.015270
0.002219,0.001080,0.012071
0.007100,-0.001020,0.008840
0.009075,0.002222,0.004603
0.010064,0.007638,-0.003879
0.008145,0.011979,-0.011290
0.008175,0.017357,-0.015501
0.005299,0.015190,-0.012337
-0.000506,0.016250,-0.011239
-0.003362,0.015119,-0.004883
-0.007194,0.015003,0.006809
-0.007083,0.010662,0.014220
-0.005054,0.008497,0.017398
-0.005965,0.009573,0.016332
-0.005887,0.011654,0.021656
-0.002878,0.006371,0.016298
0.000097,-0.005266,0.006651
0.002977,-0.013740,0.000197
0.003836,-0.014715,-0.009374
0.001783,-0.010437,-0.010405
0.002697,-0.004026,-0.011395
0.000732,0.003466,-0.013438
-0.002189,0.007740,-0.013381
-0.004086,0.005523,-0.004870
-0.006957,-0.003087,0.002503
-0.005036,-0.020211,0.007694
-0.004193,-0.029795,0.005496
-0.005329,-0.025571,0.009763
-0.004468,-0.013873,0.014109
-0.001544,0.003263,0.007864
0.000439,0.006529,0.001505
0.004386,0.003389,-0.004917
0.006324,-0.011499,-0.010366
0.006200,-0.025298,-0.017914
0.005982,-0.032633,-0.031800
0.004740,-0.027297,-0.031753
0.005489,-0.013477,-0.026306
0.002440,-0.002857,-0.020880
-0.004392,0.005554,-0.008067
-0.007275,0.009623,0.012171
-0.007136,0.009443,0.030251
-0.009910,0.001849,0.042966
-0.008796,-0.000289,0.044049
-0.008676,0.005018,0.047320
-0.001739,0.003983,0.044141
0.008113,-0.001280,0.036647
0.008121,-0.012849,0.019519
0.006075,-0.021274,0.007718
0.007863,-0.020064,-0.007167
0.012580,-0.013509,-0.023123
0.014379,-0.006942,-0.040119
0.011320,0.002742,-0.048599
0.007320,0.009177,-0.051769
-0.000549,0.011300,-0.050689
-0.003514,0.010118,-0.039021
0.001360,0.006866,-0.033710
-0.000615,0.003621,-0.029472
-0.005520,0.008856,-0.018746
-0.010347,0.018240,0.003667
-0.010243,0.021220,0.026011
-0.005161,0.026485,0.033526
-0.004867,0.034958,0.039967
-0.010347,0.045546,0.048569
-0.003114,0.044459,0.050702
0.005047,0.027545,0.034617
0.007180,0.005229,0.024851
0.008178,-0.003172,0.010920
0.009094,-0.005183,-0.001886
0.009027,-0.003971,-0.016757
0.007945,-0.002758,-0.031651
0.005905,0.010083,-0.035830
0.002021,0.022888,-0.035725
-0.001808,0.022852,-0.031476
-0.003662,0.018564,-0.029364
-0.005579,0.012100,-0.022976
-0.005556,-0.000830,-0.010308
-0.006579,-0.006259,-0.000756
-0.009548,-0.006395,0.013071
-0.011504,-0.006518,0.025845
-0.011445,-0.000241,0.038667
-0.007438,0.005115,0.036606
-0.002438,0.002021,0.025975
0.001534,-0.008595,0.020569
0.004403,-0.025584,0.011925
0.007182,-0.033978,-0.003030
0.008876,-0.038120,-0.015827
0.008586,-0.031612,-0.026431
0.009304,-0.020859,-0.034867
0.008116,-0.009070,-0.040111
0.004090,-0.002659,-0.041144
0.004013,-0.000630,-0.030501
0.000056,-0.002847,-0.021990
-0.003874,-0.004029,-0.010301
-0.005866,-0.006329,0.006726
-0.011730,-0.006396,0.014207
-0.013659,-0.002315,0.033391
-0.007732,0.000832,0.038738
-0.002746,0.004054,0.036637
0.003213,0.006295,0.026018
0.008188,0.004221,0.019591
0.008227,0.001184,0.002526
0.010141,-0.009386,-0.008240
0.011990,-0.010338,-0.019976
0.013794,-0.010203,-0.033818
0.009728,-0.008029,-0.038071
0.003733,0.002682,-0.042263
-0.002193,0.007949,-0.035884
-0.002204,0.017482,-0.028332
-0.002110,0.024900,-0.022955
-0.000993,0.024818,-0.014433
-0.001834,0.025805,-0.005887
-0.007539,0.020312,0.010016
-0.010322,0.019109,0.023863
-0.009163,0.017927,0.035559
-0.007034,0.018942,0.040916
-0.005827,0.016765,0.045127
-0.001706,0.017911,0.037722
0.003381,0.018004,0.028138
0.005471,0.013806,0.020633
0.007554,0.015009,0.006807
0.006697,0.014034,-0.002785
0.008718,0.013081,-0.014493
0.007751,0.007886,-0.028340
0.002873,0.012239,-0.036798
-0.000071,0.009059,-0.038941
-0.004009,0.003694,-0.035770
-0.009954,-0.008113,-0.028405
-0.008148,-0.012434,-0.023116
-0.007305,-0.014631,-0.016748
-0.005479,-0.012591,-0.007152
-0.005573,-0.011661,0.006678
-0.005615,-0.012801,0.014123
-0.004703,-0.017140,0.021540
-0.004751,-0.018259,0.026857
-0.000880,-0.020417,0.028975
0.002010,-0.019255,0.019422
0.003892,-0.018107,0.012009
0.006746,-0.012709,0.005662
0.007677,-0.006228,-0.002789
0.009585,-0.004001,-0.012368
0.009508,-0.007118,-0.020941
0.007462,-0.002778,-0.028365
0.005420,-0.000628,-0.030502
0.002413,0.000386,-0.025188
0.001375,0.001453,-0.025186
-0.001595,0.006661,-0.012400
-0.001586,0.009738,0.000387
-0.006379,0.016005,0.014271
-0.008169,0.014779,0.030197
-0.006050,0.015776,0.037689
-0.003904,0.012565,0.038729
-0.001742,0.015777,0.037703
0.001375,0.022230,0.032434
0.006476,0.025514,0.023946
0.006676,0.022419,0.013266
0.007793,0.017228,-0.001683
0.009791,0.008824,-0.015585
0.007843,0.008875,-0.020917
0.006840,0.008962,-0.029448
0.002926,0.017519,-0.031510
0.000041,0.020712,-0.030393
-0.003814,0.022753,-0.020798
-0.007622,0.015179,-0.010190
-0.009494,0.006497,0.004645
-0.009472,-0.004251,0.013094
-0.011419,-0.010758,0.023675
-0.012384,-0.005486,0.030131
-0.008430,-0.000182,0.033360
-0.001525,-0.000131,0.028063
0.001485,0.001008,0.020611
0.003478,-0.006354,0.009928
0.005386,-0.017999,0.000242
0.007187,-0.030691,-0.011561
0.008912,-0.028443,-0.023255
0.008671,-0.025189,-0.028560
0.006511,-0.013409,-0.032716
0.002475,-0.003858,-0.027334
-0.000527,-0.001766,-0.023071
-0.003503,-0.001881,-0.011366
-0.004524,-0.008365,-0.002878
-0.008480,-0.012769,0.010919
-0.009495,-0.010750,0.022644
-0.008510,-0.007610,0.029065
-0.000702,-0.008646,0.025887
0.005169,-0.002165,0.018515
0.007118,-0.003162,0.011023
0.010057,-0.000871,-0.004922
0.010046,0.000256,-0.011334
0.011940,0.001438,-0.023030
0.008956,0.004701,-0.029403
0.006966,0.009009,-0.033637
0.001099,0.014301,-0.029353
-0.002787,0.010995,-0.018758
-0.002780,0.008767,-0.009200
-0.005662,0.008630,0.004614
-0.010477,0.007417,0.019501
-0.013285,0.013693,0.032316
-0.005300,0.012533,0.041891
-0.003142,0.014678,0.040848
-0.000983,0.015796,0.035525
0.006038,0.022273,0.028147
0.006225,0.015995,0.015324
0.007300,0.008695,-0.001752
0.008304,0.006686,-0.014530
0.007311,0.002513,-0.024124
0.006282,-0.000603,-0.032633
0.001316,0.001571,-0.036857
-0.002675,0.002587,-0.031515
-0.007611,0.006794,-0.025091
-0.007601,0.005602,-0.012334
-0.008559,0.001239,-0.002794
-0.012460,-0.007403,0.007762
-0.011528,-0.014932,0.014089
-0.009634,-0.020320,0.019362
-0.003866,-0.027759,0.016135
-0.000128,-0.035155,0.008636
0.004527,-0.030820,0.002285
0.008251,-0.022242,-0.001912
0.011028,-0.014692,-0.010354
0.007038,-0.007169,-0.015601
0.004080,0.002411,-0.013402
0.003109,0.005560,-0.008055
0.003154,0.002305,-0.002777
0.002196,-0.000908,-0.001758
-0.001721,-0.002029,0.003530
-0.000763,-0.003107,0.004575
-0.000766,-0.003139,0.007744
0.000196,-0.001006,0.007742
0.001174,0.000071,0.006662
0.001208,0.011861,0.001432
0.003247,0.020419,-0.000616
0.005338,0.026831,-0.001635
0.005522,0.030043,-0.002646
0.001806,0.028925,0.002677
-0.001904,0.021395,0.008984
-0.003706,0.013885,0.013197
-0.004555,0.015964,0.018543
-0.005372,0.020202,0.021777
-0.004205,0.020202,0.021791
-0.002094,0.019209,0.014348
-0.000003,0.011805,0.007909
0.001010,0.000139,0.000351
0.001958,-0.009380,-0.008242
0.001831,-0.016754,-0.017863
0.000675,-0.014504,-0.029544
0.001483,-0.009106,-0.035891
0.000359,-0.005928,-0.033726
-0.002670,-0.005990,-0.027325
-0.004723,-0.017808,-0.018899
-0.007841,-0.027495,-0.010453
-0.008051,-0.028692,0.002299
-0.007211,-0.027740,0.014007
-0.001474,-0.022473,0.021500
-0.001532,-0.016059,0.020502
-0.002512,-0.005422,0.023772
0.001424,-0.004303,0.018462
0.009241,-0.009547,0.008826
0.010176,-0.013733,0.000266
0.010072,-0.013628,-0.010394
0.008974,-0.003974,-0.015656
0.008909,0.007826,-0.021933
0.007953,0.014248,-0.024027
0.005084,0.019540,-0.019765
0.004187,0.021613,-0.013345
-0.002527,0.021519,-0.003783
-0.005319,0.021395,0.008998
-0.005118,0.026637,0.018621
-0.006860,0.025528,0.022863
-0.004668,0.026535,0.029265
-0.002483,0.022319,0.023916
0.001591,0.012765,0.018500
0.004591,0.004333,0.007794
0.005599,0.004402,0.000319
0.005637,0.014069,-0.005984
0.004708,0.021557,-0.008061
0.003851,0.029049,-0.010110
-0.003771,0.032203,-0.004737
-0.007495,0.024628,0.005822
-0.008317,0.009616,0.013167
-0.007250,-0.004298,0.017318
-0.008249,-0.014944,0.015137
-0.007335,-0.017066,0.014078
-0.001566,-0.017003,0.007698
0.001243,-0.017944,-0.005071
0.003032,-0.023196,-0.013619
0.003810,-0.020947,-0.025306
0.005570,-0.017694,-0.030576
0.005385,-0.015551,-0.031632
0.004206,-0.019894,-0.024256
0.002072,-0.018877,-0.018900
-0.003916,-0.012641,-0.001841
-0.007872,-0.009585,0.013096
-0.007865,-0.010752,0.023745
-0.007854,-0.010794,0.027995
-0.004892,-0.011917,0.033306
-0.001974,-0.015045,0.025830
0.003816,-0.021353,0.016204
0.009540,-0.027631,0.003375
0.013229,-0.031767,-0.010511
0.013915,-0.028430,-0.024324
0.007841,-0.013407,-0.032724
0.007696,0.004818,-0.041081
0.007668,0.015489,-0.040988
0.004761,0.015498,-0.042063
-0.001089,0.011126,-0.031462
-0.004993,0.003531,-0.018761
-0.005998,0.000173,-0.002818
-0.005994,-0.000999,0.007810
-0.008887,0.006336,0.021682
-0.011698,0.011578,0.031298
-0.006638,0.013677,0.034494
0.000336,0.009482,0.027022
0.006297,-0.000038,0.018401
0.008269,-0.007405,0.007670
0.010158,-0.008348,-0.005112
0.009107,-0.003955,-0.017856
0.010044,0.011035,-0.023051
0.005207,0.026016,-0.027185
0.001425,0.030263,-0.024997
-0.000376,0.025954,-0.020770
-0.005138,0.018361,-0.008055
-0.007014,0.006532,0.001461
-0.007947,0.001150,0.006767
-0.012820,-0.003202,0.015245
-0.009889,-0.006455,0.020543
-0.005021,-0.013882,0.016241
-0.000202,-0.013825,0.009863
0.001684,-0.010595,0.006666
0.003569,-0.007272,-0.004993
0.005441,-0.010413,-0.011435
0.003412,-0.012498,-0.016764
0.005218,-0.015646,-0.022097
0.005042,-0.018869,-0.020039
0.003883,-0.027436,-0.016896
-0.001217,-0.031702,-0.016898
-0.004370,-0.025360,-0.010434
-0.005507,-0.019039,-0.001878
-0.002712,-0.021193,0.000247
-0.001820,-0.014802,0.001407
0.002022,-0.007301,-0.001718
0.004917,-0.007289,-0.002794
0.006821,-0.003033,-0.001723
0.006812,0.005546,-0.005914
0.005860,0.011926,-0.003750
0.002028,0.013000,-0.004836
0.000130,0.007611,0.000416
-0.000783,0.004390,0.002524
-0.000769,-0.003090,0.003533
0.000182,-0.004157,0.003531
-0.001784,-0.003070,0.001412
-0.000847,0.000165,-0.001765
0.000119,0.001198,0.001406
0.003045,0.001291,-0.008177
0.003047,0.007725,-0.011318
0.002111,0.011982,-0.010212
-0.000743,0.015120,-0.003819
-0.001640,0.010799,0.001456
-0.000584,0.011814,0.006791
-0.005356,0.008507,0.017401
-0.008163,0.010602,0.021706
-0.008043,0.003093,0.025919
-0.005055,-0.007555,0.023731
-0.000189,-0.019239,0.018309
0.001649,-0.025514,0.005514
0.004394,-0.030757,-0.004095
0.005112,-0.035946,-0.019030
0.005763,-0.039023,-0.031817
0.005418,-0.034662,-0.041378
0.005138,-0.016470,-0.046573
0.002033,0.002707,-0.043222
-0.000935,0.009037,-0.035726
-0.001903,0.012102,-0.021877
-0.004798,0.011957,-0.006975
-0.008600,0.011782,0.011131
-0.012375,0.009436,0.032389
-0.010280,0.006113,0.045176
-0.008181,0.000747,0.048348
-0.008054,0.001815,0.048371
0.001827,0.000768,0.046219
0.007759,-0.005531,0.035525
0.010706,-0.010689,0.017365
0.010667,-0.009469,0.001376
0.011607,0.003504,-0.015566
0.015519,0.016398,-0.025093
0.014604,0.025097,-0.042055
0.009825,0.034720,-0.044128
0.003119,0.041030,-0.034545
-0.003527,0.038770,-0.021797
-0.005270,0.034386,-0.010100
-0.007981,0.032033,0.012225
-0.014563,0.030725,0.036653
-0.013289,0.028428,0.053707
-0.012972,0.020925,0.056846
-0.011722,0.019819,0.061129
-0.002681,0.013501,0.052571
0.006265,-0.000256,0.040751
0.009225,-0.016136,0.027830
0.010092,-0.020206,0.007585
0.012879,-0.015754,-0.011536
0.015673,-0.008108,-0.029564
0.013627,0.008026,-0.042198
0.008736,0.017714,-0.050616
0.003896,0.025161,-0.048435
-0.002889,0.020821,-0.041004
-0.003822,0.016454,-0.030349
-0.005749,0.002438,-0.015533
-0.009696,-0.005221,0.003542
-0.012632,-0.003253,0.020592
-0.018428,-0.000198,0.035516
-0.014429,-0.003440,0.039759
-0.004597,-0.007673,0.036552
0.003217,-0.016138,0.029016
0.008022,-0.024532,0.014047
0.008832,-0.028699,0.003337
0.010583,-0.026409,-0.012629
0.013299,-0.018826,-0.024283
0.014128,-0.003786,-0.034824
0.013078,0.011226,-0.042149
0.007239,0.020744,-0.033605
0.002457,0.026017,-0.027178
-0.003291,0.019524,-0.017637
-0.005111,0.024693,-0.000566
-0.008832,0.024544,0.014337
-0.008640,0.021167,0.032416
-0.010374,0.014698,0.039813
-0.010190,0.012534,0.043012
-0.004147,0.012531,0.043020
0.000890,0.009433,0.032347
0.007834,0.007446,0.017440
0.008864,0.005415,0.006769
0.008878,0.005540,-0.006018
0.009861,0.008897,-0.021954
0.008913,0.016471,-0.032533
0.006013,0.021849,-0.036731
0.003158,0.021798,-0.031419
0.000282,0.016423,-0.027180
-0.005539,0.006726,-0.017674
-0.009442,-0.004093,-0.002899
-0.008527,-0.011686,0.009823
-0.010539,-0.018142,0.015129
-0.012531,-0.008580,0.019450
-0.008609,0.001014,0.020608
-0.001714,0.008487,0.020651
0.002293,0.006467,0.008927
0.007222,0.001197,0.001421
0.009138,-0.008315,-0.008260
0.011002,-0.013588,-0.014701
0.011836,-0.007101,-0.023154
0.008858,0.009891,-0.014532
0.005988,0.021609,-0.012294
0.002240,0.033279,-0.005802
-0.005309,0.037433,0.005941
-0.009910,0.036265,0.016603
-0.007693,0.019131,0.022862
-0.007542,0.003130,0.022762
-0.007494,-0.005396,0.021634
-0.001659,-0.005356,0.017369
0.003191,-0.007439,0.012018
0.005086,-0.008364,-0.002886
0.005995,-0.005038,-0.015631
0.005920,0.000354,-0.020905
0.005868,0.003575,-0.023034
0.004855,0.002467,-0.018786
0.000899,-0.002940,-0.011357
-0.006935,-0.001979,-0.000716
-0.011798,0.001066,0.015269
-0.008809,-0.001177,0.025861
-0.002888,-0.005454,0.026919
0.000086,-0.005442,0.025843
-0.001847,-0.004314,0.019445
0.004022,-0.004236,0.012003
0.008865,-0.007334,0.001323
0.008827,-0.006114,-0.014616
0.009716,-0.000717,-0.020970
0.009664,0.007873,-0.026221
0.006740,0.017456,-0.024009
0.004865,0.019504,-0.015480
0.000101,0.021576,-0.009075
-0.008550,0.021345,0.014309
-0.013259,0.020134,0.029223
-0.014027,0.013598,0.043022
-0.013821,0.008213,0.048322
-0.008761,0.005013,0.048315
-0.000823,0.001909,0.038751
0.005079,-0.008604,0.022694
0.005979,-0.019141,0.008759
0.009729,-0.021123,-0.007243
0.009551,-0.017756,-0.024253
0.012301,-0.006930,-0.040116
0.011210,0.001710,-0.050700
0.006252,0.012382,-0.050643
0.002310,0.011231,-0.042150
-0.000639,0.004713,-0.030472
-0.006527,-0.002900,-0.015600
-0.011469,-0.008462,0.007750
-0.014411,-0.006556,0.031187
-0.015330,-0.008827,0.045010
-0.012310,-0.006797,0.055674
-0.005383,-0.002497,0.052542
0.004473,-0.004592,0.048224
0.009386,-0.010835,0.032210
0.012307,-0.011695,0.010912
0.016148,-0.006218,-0.003985
0.015133,0.003541,-0.019886
0.017070,0.017577,-0.036802
0.014198,0.028362,-0.048436
0.007457,0.033687,-0.047357
0.000733,0.031542,-0.046314
-0.003061,0.029280,-0.033572
-0.005860,0.022754,-0.020848
-0.008727,0.015152,-0.007044
-0.013520,0.013942,0.007877
-0.019255,0.011659,0.022769
-0.018163,0.001911,0.037601
-0.011275,-0.015138,0.035350
-0.004467,-0.019354,0.030001
0.002282,-0.018162,0.017243
0.009014,-0.019116,0.005508
0.010850,-0.017892,-0.010447
0.010690,-0.013465,-0.026339
0.010532,-0.008035,-0.035869
0.008452,-0.004855,-0.033712
0.003476,-0.002783,-0.027299
-0.001496,-0.006098,-0.015608
-0.009358,-0.005196,0.001411
-0.012285,0.001062,0.016370
-0.012220,0.003059,0.030217
-0.006255,-0.001273,0.036552
-0.001299,-0.004466,0.035457
0.003622,-0.004407,0.029036
0.008549,-0.006446,0.019418
0.012441,-0.008435,0.004490
0.011409,-0.004027,-0.010409
0.012337,0.008883,-0.020941
0.009441,0.024985,-0.030364
0.008593,0.035698,-0.034515
0.002924,0.037761,-0.027042
-0.002767,0.027010,-0.018571
-0.007524,0.020515,-0.009022
-0.013264,0.011759,0.013239
-0.013159,0.006290,0.027034
-0.013057,0.001929,0.036580
-0.011990,-0.002373,0.039755
-0.010931,-0.001328,0.041872
-0.002097,-0.017272,0.035360
0.005627,-0.033143,0.021399
0.008340,-0.040430,0.003253
0.009989,-0.037085,-0.011649
0.011690,-0.024146,-0.025371
0.013481,-0.003736,-0.039042
0.013380,0.012374,-0.049547
0.008516,0.018742,-0.046343
0.003654,0.016557,-0.041057
-0.000236,0.008963,-0.028342
-0.004132,0.004522,-0.011338
-0.008038,-0.002025,0.003529
-0.013893,-0.003286,0.023711
-0.015812,-0.002344,0.036487
-0.010851,-0.002418,0.043936
-0.002966,-0.005576,0.039677
0.003930,-0.002272,0.029076
0.008856,-0.001070,0.015250
0.008879,0.002258,0.002504
0.010850,0.006669,-0.012389
0.010856,0.011058,-0.024052
0.011857,0.016510,-0.035697
0.007973,0.014416,-0.039945
0.001156,0.011141,-0.032532
-0.004724,0.003557,-0.020885
-0.009620,-0.005094,-0.009240
-0.013599,-0.012733,0.007706
-0.015621,-0.016059,0.020452
-0.010776,-0.020410,0.028944
-0.006916,-0.020420,0.030005
-0.001158,-0.022479,0.022524
0.006549,-0.023454,0.012924
0.009344,-0.019063,0.000174
0.010197,-0.014660,-0.013637
0.011043,-0.002864,-0.019941
0.013922,0.010038,-0.029371
0.011017,0.015382,-0.030406
0.002300,0.018519,-0.024012
0.000422,0.018428,-0.014450
-0.003375,0.018272,0.001520
-0.003237,0.013910,0.011095
-0.009932,0.015951,0.020704
-0.010732,0.018015,0.028170
-0.006660,0.015882,0.028172
-0.001653,0.001005,0.021662
0.002297,-0.008516,0.013062
0.004201,-0.009486,0.003468
0.006065,-0.007227,-0.009287
0.006963,0.001401,-0.018788
0.004029,0.009948,-0.019796
0.002091,0.011016,-0.019787
-0.000790,0.007743,-0.012353
-0.004686,-0.000856,-0.006048
-0.007660,-0.012657,0.000243
-0.006786,-0.026559,0.003354
-0.005983,-0.028714,0.005471
-0.004229,-0.030852,0.005468
-0.001485,-0.028676,0.001229
0.003215,-0.028608,-0.005153
0.006873,-0.033872,-0.012661
0.010517,-0.032734,-0.020120
0.010279,-0.020963,-0.023201
0.006233,-0.003956,-0.016699
0.003283,0.007697,-0.008108
0.003363,0.017259,-0.003787
-0.002353,0.021444,0.004766
-0.006062,0.020297,0.013285
-0.007836,0.011698,0.019604
-0.004818,-0.000054,0.020585
-0.001890,-0.009614,0.016271
0.000982,-0.013850,0.013029
0.000918,-0.011676,0.008762
0.005690,-0.012628,-0.002946
0.006546,-0.016793,-0.013628
0.007361,-0.018844,-0.022155
0.005252,-0.011323,-0.027415
0.002210,-0.001779,-0.020952
0.000221,0.002406,-0.012406
-0.001748,0.003409,-0.006010
-0.005611,0.006476,0.007860
-0.008440,0.004196,0.022715
-0.009326,-0.004392,0.027973
-0.004448,-0.015042,0.025779
-0.001555,-0.017168,0.024672
0.002273,-0.018154,0.016148
0.007063,-0.016951,0.002330
0.007915,-0.015769,-0.009374
0.008722,-0.013489,-0.024251
0.008572,-0.008100,-0.029545
0.007491,0.001555,-0.034794
0.006458,0.004747,-0.033684
0.000566,0.007822,-0.020903
-0.003317,0.006630,-0.008139
-0.006190,0.008575,0.010999
-0.010969,0.009488,0.026992
-0.011793,0.010431,0.039782
-0.011618,0.008265,0.042974
-0.008517,0.001812,0.048258
-0.000627,-0.010908,0.039651
0.008124,-0.025677,0.022544
0.009902,-0.036186,0.005421
0.009604,-0.045644,-0.009559
0.010255,-0.035860,-0.027554
0.011926,-0.015485,-0.038077
0.012752,0.009151,-0.047446
0.008839,0.024079,-0.046275
0.002103,0.028240,-0.035635
-0.002670,0.022812,-0.026091
-0.008411,0.010866,-0.004911
-0.012290,-0.006408,0.015126
-0.010374,-0.019323,0.026761
-0.012384,-0.021529,0.034204
-0.012441,-0.020483,0.036364
-0.007629,-0.021519,0.033165
0.002032,-0.025691,0.023564
0.008730,-0.026601,0.007605
0.011494,-0.027505,-0.009442
0.011276,-0.023092,-0.024321
0.012051,-0.014452,-0.034905
0.011858,-0.005811,-0.045468
0.009795,0.002757,-0.048598
0.004833,0.006995,-0.045357
-0.002056,0.005806,-0.032600
-0.005014,0.002471,-0.018766
-0.007969,-0.003020,-0.002856
-0.008001,-0.008502,0.012000
-0.011929,-0.012876,0.022587
-0.009982,-0.010760,0.024769
-0.005100,-0.011852,0.026876
0.001686,-0.016038,0.018309
0.006495,-0.014841,0.005543
0.008374,-0.004088,-0.002901
0.006378,-0.000818,-0.010326
0.009266,0.004653,-0.024107
0.007286,0.006873,-0.032605
0.005306,0.007920,-0.030460
-0.000591,0.001388,-0.017755
-0.002585,-0.004040,-0.008204
-0.006523,-0.004176,0.005624
-0.009457,0.003137,0.021639
-0.010313,0.010502,0.032328
-0.007196,0.015797,0.036646
-0.004052,0.011592,0.030257
0.000953,0.005241,0.024875
0.005896,-0.001033,0.012051
0.008812,-0.007311,-0.000771
0.009719,-0.008248,-0.014606
0.011580,0.000394,-0.025169
0.008584,0.009008,-0.032537
0.006631,0.017543,-0.032490
0.001804,0.019615,-0.026085
-0.000075,0.017378,-0.015473
-0.006803,0.013977,0.004707
-0.009640,0.004238,0.018464
-0.008583,0.004132,0.029103
-0.011410,0.000869,0.035475
-0.008378,0.000783,0.043964
-0.003403,-0.004435,0.032253
0.004430,-0.011817,0.023670
0.008309,-0.014883,0.009815
0.011111,-0.022221,-0.004070
0.011895,-0.023164,-0.016852
0.013617,-0.017702,-0.029580
0.010537,-0.001645,-0.034794
0.008546,0.016497,-0.034636
0.003740,0.027073,-0.024987
-0.002927,0.033381,-0.015353
-0.005670,0.027899,-0.000504
-0.009353,0.022396,0.016452
-0.013054,0.019028,0.033449
-0.009926,0.011462,0.042954
-0.008779,0.002949,0.040785
-0.006735,-0.000207,0.036512
0.001095,-0.010793,0.027924
0.005942,-0.019185,0.012968
0.009678,-0.028642,-0.001990
0.011384,-0.034903,-0.016948
0.010133,-0.024084,-0.031736
0.009913,-0.013327,-0.040181
0.007792,-0.003714,-0.041179
0.004780,0.010128,-0.037882
-0.000085,0.011133,-0.031493
-0.002985,0.012020,-0.013412
-0.004870,0.008619,0.006747
-0.005782,0.006351,0.020577
-0.008600,0.002011,0.028015
-0.014351,0.007218,0.040830
-0.008345,0.003975,0.045066
0.002508,-0.003375,0.033322
0.008383,-0.012865,0.021526
0.011246,-0.018075,0.008712
0.010141,-0.017929,-0.006184
0.010004,-0.008203,-0.018879
0.011852,0.001537,-0.032623
0.010857,0.014384,-0.036783
0.006013,0.027198,-0.037753
-0.000732,0.022814,-0.026092
-0.004542,0.017408,-0.018663
-0.008362,0.011917,-0.002767
-0.010254,0.008559,0.013161
-0.010159,0.006308,0.024849
-0.012946,0.007292,0.033374
-0.008938,0.003004,0.035472
-0.001044,-0.007603,0.029013
0.003806,-0.017106,0.018285
0.009537,-0.027618,0.002270
0.010294,-0.029607,-0.012651
0.010091,-0.017721,-0.027423
0.008932,-0.004832,-0.035806
0.004935,0.009072,-0.038875
0.001039,0.021874,-0.037690
-0.002793,0.020680,-0.024953
-0.005661,0.004560,-0.013367
-0.005686,-0.008381,0.000363
-0.009626,-0.010638,0.012010
-0.008687,-0.010755,0.023681
-0.004767,-0.006521,0.026895
0.000138,-0.007570,0.024716
0.003061,-0.009637,0.018301
0.005959,-0.011689,0.009760
0.008819,-0.012663,0.000174
0.009686,-0.010413,-0.011506
0.010577,0.001398,-0.018837
0.009594,0.017458,-0.024009
0.003832,0.025973,-0.021805
0.002039,0.031194,-0.010053
-0.002666,0.026814,0.001636
-0.006370,0.023487,0.014360
-0.010061,0.020163,0.027112
-0.011788,0.017988,0.031365
-0.010605,0.021134,0.036706
-0.004571,0.010515,0.031301
0.001384,-0.000071,0.022699
0.004296,-0.011684,0.009829
0.007107,-0.023300,-0.003060
0.009810,-0.031679,-0.019070
0.009536,-0.029443,-0.029717
0.007305,-0.026158,-0.038205
0.005148,-0.005871,-0.039075
0.002119,0.004727,-0.031534
-0.001824,0.005705,-0.021942
-0.006703,0.002368,-0.008136
-0.006694,0.001145,0.007854
-0.008610,-0.003282,0.023746
-0.008543,-0.004422,0.031198
-0.005556,-0.001241,0.033355
-0.001587,0.002015,0.028078
0.004327,-0.001115,0.020581
0.010200,-0.007415,0.009888
0.011114,-0.016896,-0.002991
0.010979,-0.012512,-0.014659
0.010848,-0.002796,-0.026309
0.009832,0.013262,-0.031487
0.006940,0.022888,-0.033511
0.000197,0.026007,-0.024989
-0.005531,0.021635,-0.014375
-0.008350,0.018289,0.000514
-0.012126,0.012744,0.021736
-0.010029,0.008364,0.033410
-0.011828,0.008291,0.040865
-0.007758,0.008258,0.044055
-0.005657,0.001856,0.044006
0.001246,-0.004418,0.031204
0.007086,-0.022413,0.016157
0.007884,-0.036133,0.000066
0.010523,-0.038058,-0.021214
0.011184,-0.031563,-0.030762
0.012872,-0.016520,-0.041276
0.007803,-0.004720,-0.047603
0.004768,0.008065,-0.045355
-0.000158,0.008024,-0.041090
-0.003094,0.008977,-0.029362
-0.006017,0.003454,-0.010254
-0.006979,0.002187,0.009937
-0.008868,0.007381,0.024878
-0.013594,0.016848,0.038775
-0.008492,0.015739,0.043031
-0.001452,0.011522,0.037675
0.003577,0.007355,0.027023
0.007548,-0.002146,0.016280
0.010467,-0.011610,0.002346
0.011366,-0.007229,-0.009336
0.011287,-0.000693,-0.023107
0.010277,0.014330,-0.031485
0.007391,0.021843,-0.035678
0.001624,0.027181,-0.035597
-0.005077,0.022791,-0.022826
-0.006954,0.010929,-0.010141
-0.010842,-0.000945,0.003598
-0.013763,-0.005360,0.018449
-0.011774,-0.002297,0.032284
-0.009773,-0.005519,0.034378
-0.005814,-0.004487,0.037572
0.002998,-0.008642,0.025822
0.006863,-0.022412,0.015042
0.008666,-0.025511,0.004349
0.010436,-0.024281,-0.011586
0.011230,-0.017796,-0.020046
0.012030,-0.011236,-0.035918
0.008986,0.003713,-0.036855
0.003092,0.012157,-0.027211
-0.000765,0.015276,-0.018654
-0.002631,0.016174,-0.001647
-0.007383,0.016046,0.011092
-0.010139,0.022291,0.027105
-0.010880,0.022198,0.036688
-0.006727,0.022180,0.038816
-0.001629,0.014721,0.037697
0.002447,0.008412,0.028050
0.006436,0.001059,0.016300
0.011314,-0.007322,0.000276
0.009269,-0.015722,-0.013620
0.010083,-0.016661,-0.026382
0.007980,-0.006974,-0.034821
0.004944,0.004763,-0.034711
0.000060,0.017515,-0.029294
-0.004770,0.017453,-0.022886
-0.006660,0.010873,-0.004864
-0.013425,0.010736,0.008957
-0.013322,0.007322,0.030163
-0.010276,0.000872,0.035439
-0.006292,-0.003375,0.033286
-0.003339,-0.007629,0.031122
0.001541,-0.009733,0.027900
0.008335,-0.015974,0.011886
0.009194,-0.025409,-0.005202
0.014800,-0.032732,-0.020142
0.011614,-0.023014,-0.031764
0.009432,-0.009077,-0.038002
0.005414,0.007922,-0.030439
0.001561,0.023822,-0.019661
-0.003171,0.033288,-0.005770
-0.008779,0.032048,0.012298
-0.012434,0.025478,0.029259
-0.012202,0.015776,0.038753
-0.009068,0.011456,0.044035
-0.006947,0.006153,0.040812
-0.000001,0.007313,0.031238
0.005941,-0.001100,0.018390
0.009840,-0.008435,0.004490
0.013631,-0.017868,-0.012620
0.012463,-0.025191,-0.027567
0.009292,-0.018655,-0.041330
0.007146,-0.004752,-0.044420
0.002166,0.013346,-0.039996
-0.001694,0.026046,-0.029260
-0.006418,0.030176,-0.014309
-0.008213,0.020417,0.001592
-0.013913,0.010625,0.020690
-0.015763,0.002998,0.036567
-0.010806,-0.005590,0.041840
-0.006820,-0.007702,0.039706
0.000034,-0.005530,0.035439
0.006864,-0.009662,0.021574
0.010731,-0.013786,0.006628
0.011578,-0.024334,-0.006253
0.012328,-0.026288,-0.024372
0.013084,-0.017647,-0.034949
0.010965,0.000575,-0.043299
0.006024,0.013317,-0.036814
0.002164,0.024990,-0.030324
-0.003571,0.023821,-0.019668
-0.008303,0.024723,-0.002613
-0.011068,0.018122,0.017546
-0.012862,0.011597,0.030262
-0.010756,0.006169,0.039813
-0.006725,0.003002,0.036609
-0.004662,0.006171,0.039813
0.001308,0.006232,0.033398
0.007267,0.003124,0.023793
0.010221,-0.004196,0.007745
0.012140,-0.005150,-0.003983
0.013047,-0.001821,-0.016737
0.012996,0.003629,-0.028396
0.010071,0.013276,-0.032556
0.003283,0.020671,-0.025064
-0.002484,0.022689,-0.013339
-0.007244,0.018296,-0.000603
-0.010065,0.010716,0.011071
-0.014818,0.008416,0.028091
-0.014710,0.007256,0.037673
-0.010667,0.002957,0.040839
-0.004698,0.001910,0.038701
0.004160,-0.004421,0.031191
0.010022,-0.013879,0.016204
0.011894,-0.017979,-0.000844
0.012698,-0.021067,-0.012570
0.010562,-0.014520,-0.027431
0.011386,-0.002668,-0.039026
0.009377,0.013357,-0.041050
0.005493,0.028257,-0.036691
-0.001207,0.033520,-0.029189
-0.004953,0.029147,-0.018568
-0.007724,0.022620,-0.005843
-0.016347,0.021363,0.013267
-0.013260,0.015862,0.030265
-0.012108,0.010444,0.038727
-0.009030,0.005090,0.040837
-0.004996,0.005099,0.039762
0.001924,-0.001221,0.031191
0.006837,-0.012792,0.014078
0.009664,-0.023327,0.000164
0.013393,-0.023195,-0.013677
0.013218,-0.012366,-0.029526
0.011135,-0.002658,-0.040101
0.007145,0.011247,-0.043163
0.002276,0.019742,-0.038838
-0.002550,0.015371,-0.028231
-0.007392,0.008825,-0.013378
-0.010299,0.001186,0.003561
-0.014191,-0.004304,0.019484
-0.012213,-0.004431,0.032230
-0.010204,-0.005571,0.039676
-0.004322,-0.008751,0.037526
0.000562,-0.012916,0.026851
0.008344,-0.019248,0.019320
0.011157,-0.018066,0.007630
0.012996,-0.012564,-0.009354
0.011954,0.001391,-0.017777
0.012907,0.015347,-0.026158
0.012021,0.029231,-0.027119
0.005356,0.034492,-0.019653
0.001632,0.033318,-0.009030
-0.004030,0.028925,0.003713
-0.010648,0.024482,0.021781
-0.011373,0.025426,0.034578
-0.010143,0.022153,0.042019
-0.007968,0.014684,0.041960
-0.001935,0.006218,0.034460
0.004988,-0.001139,0.022675
0.008892,-0.009539,0.008773
0.008818,-0.006225,-0.002926
0.008764,0.002460,-0.017748
0.008759,0.016415,-0.026163
0.005913,0.020753,-0.033572
0.005947,0.016515,-0.036806
-0.000848,0.014362,-0.034697
-0.005741,0.005700,-0.021998
-0.007718,0.000258,-0.011406
-0.008724,0.001179,0.003499
-0.011616,0.007427,0.019504
-0.011483,0.012606,0.035500
-0.007414,0.005127,0.036517
-0.003380,0.000901,0.032235
0.001561,-0.005451,0.026868
0.006446,-0.007437,0.011989
0.009330,-0.009434,-0.001830
0.011207,-0.008251,-0.013512
0.008195,-0.003857,-0.026235
0.008091,-0.000539,-0.037885
0.007045,0.003697,-0.034678
0.002118,0.006835,-0.028284
-0.001807,0.005675,-0.018717
-0.005718,0.004419,0.000406
-0.013490,0.002120,0.017397
-0.013420,0.002028,0.026994
-0.012336,-0.000194,0.035486
-0.009327,-0.008772,0.039683
-0.001486,-0.009765,0.032211
0.005344,-0.012861,0.021553
0.011139,-0.019110,0.005555
0.012950,-0.018986,-0.007239
0.012809,-0.014571,-0.022084
0.011687,-0.005942,-0.031614
0.012566,0.006949,-0.040018
0.007672,0.016574,-0.042064
0.004745,0.013330,-0.037833
-0.002072,0.012117,-0.022947
-0.005951,0.010913,-0.009149
-0.007828,0.015015,0.007912
-0.008686,0.014816,0.028113
-0.009468,0.015800,0.036638
-0.009237,0.018961,0.040923
-0.005103,0.016848,0.038776
0.000928,0.010528,0.030225
0.006891,-0.001126,0.021628
0.009801,-0.013754,0.003423
0.011650,-0.013597,-0.012526
0.011504,-0.005982,-0.027349
0.011415,0.006915,-0.036849
0.008465,0.016602,-0.045295
0.004595,0.024049,-0.043121
-0.000212,0.027188,-0.036721
-0.005001,0.024928,-0.023980
-0.008800,0.015167,-0.008093
-0.008721,0.007519,0.009914
-0.007715,-0.003273,0.022642
-0.011561,-0.000142,0.030146
-0.013434,0.002990,0.037641
-0.007456,0.001948,0.035552
0.000434,-0.008611,0.023768
0.007207,-0.020224,0.010898
0.009011,-0.026448,-0.007229
0.008798,-0.025237,-0.022150
0.006635,-0.019775,-0.034885
0.008376,-0.013280,-0.044420
0.007224,-0.007907,-0.048629
0.002162,-0.008013,-0.038012
-0.004816,-0.014519,-0.027417
-0.005940,-0.020022,-0.010460
-0.009025,-0.025522,0.006524
-0.011103,-0.022444,0.019340
-0.012151,-0.019345,0.030033
-0.008300,-0.025778,0.033188
-0.000596,-0.031071,0.028876
0.007065,-0.032056,0.020337
0.010772,-0.035107,0.004326
0.012471,-0.034994,-0.007400
0.014143,-0.033779,-0.022294
0.011941,-0.020830,-0.037113
0.011760,-0.003693,-0.043358
0.007772,0.009111,-0.043260
0.000921,0.012215,-0.033668
-0.006859,0.011023,-0.020910
-0.010731,0.014050,-0.002798
-0.013553,0.009594,0.016325
-0.014413,0.006309,0.024863
-0.017208,0.004060,0.036543
-0.013171,0.001868,0.042923
-0.005312,-0.009828,0.038563
0.002479,-0.020386,0.026793
0.007255,-0.027729,0.013975
0.007095,-0.026536,0.001210
0.009832,-0.022110,-0.014702
0.010637,-0.010248,-0.027380
0.011504,0.003675,-0.032592
0.006600,0.013246,-0.029324
0.000769,0.017474,-0.025015
-0.004055,0.014149,-0.012277
-0.009830,0.009682,0.007893
-0.012673,0.003133,0.022747
-0.013569,0.000852,0.037617
-0.012506,-0.003498,0.046109
-0.007531,-0.004618,0.051412
-0.000647,-0.011995,0.041777
0.004230,-0.021471,0.028954
0.009968,-0.026712,0.019323
0.008811,-0.031880,0.002266
0.011506,-0.029600,-0.012604
0.012252,-0.019841,-0.028504
0.015009,-0.002640,-0.041151
0.011036,0.012319,-0.043177
0.005220,0.029355,-0.039864
0.000451,0.033551,-0.032379
-0.003273,0.032281,-0.012201
-0.006993,0.028923,0.003721
-0.008752,0.023374,0.026016
-0.014377,0.014693,0.040864
-0.015146,0.012452,0.051513
-0.012016,0.005979,0.058939
-0.004055,0.000687,0.054655
0.004817,-0.012002,0.042859
0.007719,-0.022525,0.027876
0.008586,-0.025580,0.012952
0.011335,-0.026473,-0.005163
0.016030,-0.012445,-0.021019
0.015927,0.003748,-0.040068
0.014927,0.021982,-0.049500
0.006230,0.032617,-0.046272
0.001457,0.032564,-0.040960
-0.005273,0.026088,-0.033575
-0.008086,0.021633,-0.014438
-0.009936,0.017143,0.007855
-0.012759,0.007417,0.020579
-0.016555,0.002982,0.037573
-0.015465,0.006048,0.051443
-0.005560,0.001771,0.052480
0.001420,-0.000268,0.042899
0.006388,0.000915,0.031216
0.008396,-0.001085,0.017356
0.010372,-0.004160,0.004561
0.014260,0.002419,-0.013476
0.013247,0.004719,-0.030481
0.011246,0.009090,-0.041102
0.004372,0.013422,-0.047466
0.000460,0.017606,-0.038934
-0.004385,0.016454,-0.030434
-0.005294,0.015254,-0.016581
-0.009161,0.005474,0.001434
-0.013044,-0.003237,0.019479
-0.015974,-0.011953,0.037484
-0.014969,-0.014189,0.048137
-0.009078,-0.009928,0.049256
-0.002187,-0.003463,0.042932
0.003760,-0.003382,0.034439
0.005730,-0.011751,0.017346
0.009551,-0.021232,0.004482
0.012308,-0.025313,-0.014709
0.014047,-0.025169,-0.029632
0.013802,-0.019687,-0.044474
0.010643,-0.011054,-0.053991
0.005598,0.000651,-0.050719
0.001579,-0.002591,-0.046490
-0.002413,0.000506,-0.035817
-0.004415,0.000361,-0.020907
-0.008363,-0.000883,-0.002824
-0.011282,-0.002163,0.018436
-0.013195,-0.004474,0.036510
-0.010206,-0.001353,0.045053
-0.005203,0.005048,0.045088
0.001790,0.012561,0.040887
0.008804,0.013680,0.035564
0.009920,0.008475,0.021670
0.011944,0.004373,0.004601
0.013915,0.005583,-0.010291
0.013942,0.011043,-0.023018
0.010065,0.023945,-0.032491
0.006244,0.031498,-0.040941
0.001497,0.030364,-0.034562
-0.001319,0.028083,-0.019692
-0.007042,0.019481,-0.012279
-0.010842,0.012911,0.004690
-0.015631,0.009514,0.024882
-0.012591,0.008321,0.037633
-0.010476,0.008255,0.044007
-0.003471,0.009332,0.042941
0.001545,0.006163,0.039709
0.009464,-0.002238,0.025813
0.012408,-0.009553,0.009792
0.012350,-0.010493,-0.002956
0.012256,-0.009216,-0.024208
0.013127,-0.002700,-0.035865
0.009154,0.016623,-0.047402
0.001387,0.027210,-0.038807
-0.002416,0.029252,-0.029191
-0.009117,0.023792,-0.016450
-0.012898,0.019351,0.001582
-0.014748,0.006348,0.021699
-0.015620,-0.000192,0.035478
-0.014549,-0.010946,0.043907
-0.010632,-0.014146,0.043900
-0.000922,-0.022569,0.032120
0.006790,-0.029906,0.018236
0.010505,-0.037229,0.003289
0.013145,-0.041359,-0.010606
0.014780,-0.036880,-0.031823
0.015439,-0.032424,-0.050932
0.012224,-0.014222,-0.057181
0.008126,0.001725,-0.051748
0.000250,0.012292,-0.041024
-0.002642,0.021750,-0.026052
-0.008366,0.026876,-0.004744
-0.011129,0.022424,0.014356
-0.010940,0.016944,0.029226
-0.013679,0.008295,0.040885
-0.010611,-0.000338,0.050359
-0.001754,-0.007756,0.044983
0.008015,-0.015081,0.030015
0.009909,-0.020272,0.015081
0.012707,-0.016895,-0.002991
0.013548,-0.012488,-0.016810
0.014413,0.001519,-0.030531
0.010462,0.013372,-0.042141
0.005599,0.020885,-0.046320
-0.000180,0.029291,-0.033505
-0.003010,0.020641,-0.021853
-0.007802,0.018352,-0.005902
-0.009624,0.013917,0.011086
-0.014371,0.012618,0.034488
-0.016136,0.011427,0.047267
-0.012047,0.004980,0.052555
-0.004095,-0.000302,0.047211
0.000862,-0.008798,0.042871
0.006702,-0.020340,0.022555
0.009490,-0.027698,0.010778
0.012232,-0.027543,-0.005200
0.014963,-0.016683,-0.024275
0.014820,0.000493,-0.034798
0.011844,0.014439,-0.042117
0.006020,0.026143,-0.038867
0.002235,0.028204,-0.031400
-0.004478,0.023790,-0.016542
-0.008261,0.014023,0.000433
-0.015008,0.004232,0.019509
-0.017843,0.002974,0.038641
-0.015781,0.001770,0.052445
-0.007825,0.002878,0.048218
0.000122,0.001852,0.043937
0.008020,-0.002269,0.029011
0.011947,-0.003202,0.015160
0.011934,-0.006238,-0.001899
0.013857,0.003499,-0.015685
0.012891,0.015378,-0.029397
0.010980,0.023988,-0.036763
0.006184,0.027179,-0.035660
-0.002482,0.024962,-0.027156
-0.007291,0.015218,-0.012276
-0.013105,0.002280,0.001489
-0.018957,-0.003198,0.016372
-0.017962,-0.007611,0.031244
-0.012100,-0.012966,0.033347
-0.004291,-0.013990,0.029108
0.002490,-0.018178,0.020549
0.007259,-0.022323,0.007731
0.011000,-0.025393,-0.006159
0.011783,-0.020990,-0.019977
0.013566,-0.002752,-0.029418
0.013514,0.015438,-0.034626
0.009664,0.024984,-0.029236
0.003953,0.031303,-0.020671
-0.002722,0.030056,-0.002637
-0.007388,0.026669,0.016510
-0.012023,0.020142,0.029227
-0.012808,0.011546,0.035581
-0.009718,0.005123,0.037654
-0.004750,-0.001270,0.036530
0.004080,-0.008646,0.026888
0.007002,-0.008478,0.009884
0.009862,-0.005133,-0.004997
0.009823,0.005661,-0.017691
0.012765,0.018605,-0.031429
0.011827,0.019735,-0.037799
0.008946,0.016553,-0.039935
0.002129,0.014336,-0.031431
-0.003720,0.006767,-0.020839
-0.009588,0.003367,-0.000666
-0.011504,0.002126,0.016352
-0.013386,-0.000123,0.028032
-0.015238,-0.000208,0.036534
-0.009313,-0.006631,0.038614
-0.000520,-0.018228,0.024703
0.008146,-0.027739,0.015035
0.010884,-0.031840,-0.002027
0.011648,-0.023181,-0.014753
0.012470,-0.002782,-0.027378
0.012405,0.011206,-0.038955
0.010473,0.020838,-0.042074
0.004676,0.016475,-0.032549
-0.002133,0.009984,-0.022988
-0.007972,0.005558,-0.007082
-0.013813,-0.001042,0.013098
-0.012818,-0.005465,0.029045
-0.013750,-0.004444,0.034399
-0.013695,-0.006662,0.042889
-0.005825,-0.010935,0.042854
0.003946,-0.019368,0.032134
0.009702,-0.027729,0.013989
0.008545,-0.028651,-0.000937
0.010300,-0.012486,-0.016776
0.011178,0.001531,-0.031564
0.011145,0.011238,-0.042124
0.010173,0.018761,-0.047371
0.002369,0.013366,-0.041010
-0.004511,-0.000622,-0.029433
-0.009464,-0.013560,-0.015690
-0.009591,-0.021207,0.002330
-0.010717,-0.029881,0.016112
-0.013767,-0.025685,0.023604
-0.010935,-0.023602,0.028927
-0.004185,-0.023570,0.025751
0.002539,-0.030923,0.013972
0.009157,-0.037201,0.001143
0.009880,-0.034969,-0.009517
0.012531,-0.029551,-0.017993
0.013256,-0.021967,-0.029654
0.013045,-0.013334,-0.039128
0.007055,-0.002694,-0.035845
0.003081,0.006814,-0.026212
-0.000814,0.006710,-0.015560
-0.004694,0.007662,-0.003852
-0.005605,0.010716,0.011050
-0.008404,0.010569,0.025932
-0.007284,0.010515,0.031245
-0.004211,0.010514,0.031238
-0.000186,0.006265,0.029058
0.002850,0.003157,0.019446
0.006773,-0.008472,0.008711
0.007704,-0.007301,-0.001917
0.006663,-0.006110,-0.014674
0.005612,0.003537,-0.018827
0.003641,0.007862,-0.024075
-0.000275,0.008963,-0.027228
-0.006122,0.008909,-0.021894
-0.004201,-0.001867,-0.011356
-0.006199,-0.008363,-0.001843
-0.013079,-0.010611,0.009844
-0.011189,-0.013882,0.017284
-0.007340,-0.018214,0.023619
-0.003514,-0.024619,0.023578
-0.003604,-0.026687,0.017222
0.001115,-0.030906,0.011859
0.007761,-0.028688,0.003369
0.010477,-0.032842,-0.008360
0.009264,-0.024201,-0.018930
0.009089,-0.008114,-0.026255
0.008982,0.004710,-0.028306
0.006072,0.010052,-0.029319
0.004114,0.010043,-0.028230
-0.001715,0.007781,-0.015524
-0.004625,0.008722,-0.002769
-0.003576,0.012881,0.007879
-0.005389,0.019209,0.015369
-0.006161,0.029784,0.025019
-0.002961,0.031876,0.029274
-0.002697,0.026532,0.030295
-0.000520,0.018048,0.024915
0.003527,0.007430,0.019503
0.004594,0.006480,0.007816
0.006581,0.006549,0.000362
0.007612,0.015109,-0.001672
0.006752,0.025781,-0.001607
0.005943,0.030051,-0.001556
-0.000705,0.025770,-0.000518
-0.004462,0.012915,0.004717
-0.004388,0.001159,0.006763
-0.006344,-0.007398,0.008832
-0.004411,-0.007379,0.006732
-0.003451,-0.004168,0.005685
-0.000541,-0.003046,0.000381
0.001367,-0.008308,-0.007113
0.000289,-0.011478,-0.010359
0.001134,-0.022108,-0.014703
0.001914,-0.024219,-0.016831
0.001691,-0.024263,-0.012607
0.001492,-0.021158,-0.003016
0.001359,-0.015875,0.002343
-0.001641,-0.010591,0.007701
-0.001677,-0.007484,0.017299
0.001263,-0.007421,0.010954
0.004199,-0.005256,0.007776
0.006161,0.003332,0.002525
0.008171,0.016167,-0.000588
0.008317,0.026879,-0.004766
0.008530,0.037622,-0.012135
0.007779,0.038722,-0.015330
0.006033,0.036629,-0.019607
0.000360,0.026972,-0.014364
-0.002444,0.020519,-0.009074
-0.006264,0.011930,-0.003815
-0.010096,0.005435,0.005720
-0.011015,0.006397,0.016353
-0.008969,0.005256,0.023777
-0.005972,-0.001154,0.024802
-0.004003,-0.003268,0.022655
-0.002053,-0.004332,0.022637
-0.000106,-0.009594,0.015150
0.005683,-0.013786,0.006606
0.007525,-0.019038,-0.001949
0.009330,-0.016829,-0.009386
0.010183,-0.008177,-0.021010
0.008158,0.003568,-0.022024
0.009124,0.011058,-0.024095
0.007220,0.019592,-0.024033
0.003401,0.020586,-0.016576
-0.000398,0.017300,-0.008095
-0.003226,0.017218,0.000435
-0.006029,0.014997,0.010005
-0.006856,0.021317,0.018583
-0.009554,0.027586,0.032466
-0.008316,0.025421,0.035651
-0.008067,0.022207,0.036714
-0.001995,0.015802,0.036637
0.002064,0.011566,0.033381
0.007043,0.003144,0.021608
0.009039,-0.003138,0.008786
0.009975,-0.010492,-0.002977
0.010828,-0.015723,-0.013662
0.011659,-0.009236,-0.022108
0.007691,0.001465,-0.025197
0.002774,0.009972,-0.021919
-0.002048,0.020542,-0.011189
-0.006805,0.019308,0.005826
-0.006654,0.012778,0.018530
-0.013337,0.009495,0.027032
-0.015187,-0.000201,0.036532
-0.010228,-0.005569,0.039668
-0.001412,-0.010843,0.033242
0.006365,-0.013963,0.024678
0.009233,-0.013848,0.012964
0.009124,-0.014821,0.003385
0.009047,-0.009379,-0.007214
0.010947,0.000349,-0.019910
0.013870,0.012163,-0.027249
0.011974,0.026109,-0.034562
0.005266,0.029330,-0.036648
-0.000493,0.024978,-0.028177
-0.005278,0.022728,-0.016503
-0.009076,0.017237,-0.000579
-0.005056,0.011747,0.015323
-0.011750,0.010631,0.020681
-0.015517,0.013684,0.035591
-0.012440,0.006141,0.042967
-0.003543,-0.009784,0.034333
0.002277,-0.024616,0.023606
0.006017,-0.029835,0.011874
0.006804,-0.028644,-0.000897
0.008542,-0.025263,-0.018920
0.010283,-0.017647,-0.033750
0.010108,-0.006905,-0.041118
0.005104,-0.002617,-0.043231
0.003029,-0.003689,-0.042174
-0.001984,-0.013366,-0.034810
-0.003153,-0.019934,-0.018942
-0.005275,-0.015783,-0.007233
-0.006347,-0.006289,0.004540
-0.006325,0.004223,0.020555
-0.009138,0.007292,0.033317
-0.002165,0.007272,0.035453
0.000874,-0.002311,0.033240
0.000927,-0.003334,0.029000
0.005824,-0.008597,0.021506
0.009706,-0.010583,0.006619
0.010620,-0.006230,-0.001845
0.009582,-0.002924,-0.012455
0.008605,0.007851,-0.022985
0.006661,0.012160,-0.027220
0.007667,0.020667,-0.023963
0.005811,0.023824,-0.019712
0.001041,0.020549,-0.012270
-0.004687,0.019346,0.001555
-0.008488,0.013844,0.018533
-0.009311,0.011574,0.032349
-0.009173,0.007238,0.039765
-0.007057,0.011518,0.038748
-0.002971,0.010481,0.035557
0.003008,0.005239,0.025933
0.006978,-0.003155,0.010978
0.009850,-0.012634,-0.001879
0.007781,-0.013535,-0.018913
0.009579,-0.009139,-0.031672
0.010438,0.003760,-0.041144
0.007460,0.013437,-0.048508
0.002568,0.021959,-0.047385
-0.001278,0.024022,-0.039897
-0.004170,0.016480,-0.032494
-0.004139,0.007831,-0.020835
-0.007054,-0.001940,-0.003902
-0.010010,-0.007431,0.012022
-0.012940,-0.004364,0.025877
-0.011929,-0.004458,0.035454
-0.006013,-0.006579,0.034366
0.000840,-0.012950,0.031121
0.005670,-0.022459,0.021481
0.009460,-0.027660,0.007593
0.011212,-0.028592,-0.006244
0.011030,-0.013518,-0.019955
0.012864,-0.001676,-0.030497
0.009896,0.012239,-0.034627
0.002132,0.018598,-0.030326
-0.001721,0.017448,-0.021820
-0.003604,0.013084,-0.012280
-0.006479,0.005447,0.004672
-0.010317,0.003178,0.018488
-0.008330,0.001963,0.033354
-0.008231,0.000811,0.041818
-0.004210,-0.000256,0.041816
-0.001186,0.002975,0.038640
0.002806,-0.002329,0.035411
0.008698,-0.009649,0.020470
0.010590,-0.018038,0.005520
0.008530,-0.014724,-0.006178
0.010357,-0.009304,-0.014633
0.009290,-0.000589,-0.032638
0.007322,0.016516,-0.035685
0.006392,0.022938,-0.037737
0.001581,0.021744,-0.025000
-0.004198,0.014133,-0.010185
-0.006095,0.006540,0.002544
-0.009959,0.002110,0.018465
-0.013798,-0.000160,0.032274
-0.010775,-0.002364,0.039730
-0.004847,-0.005567,0.039674
0.002036,-0.009774,0.033250
0.007868,-0.009658,0.021559
0.011736,-0.011637,0.005570
0.012654,-0.009334,-0.011409
0.013497,-0.003824,-0.029468
0.013416,0.004838,-0.042167
0.010443,0.012407,-0.051659
0.003601,0.013474,-0.051657
-0.002286,0.010197,-0.044236
-0.006240,0.007927,-0.030427
-0.005309,-0.000767,-0.014545
-0.008269,-0.005148,-0.002856
-0.011191,-0.001035,0.013145
-0.013101,0.002053,0.024885
-0.008149,-0.002217,0.024855
-0.003230,-0.007520,0.021633
0.003568,-0.013846,0.014135
0.006429,-0.014811,0.003460
0.009254,-0.014723,-0.006129
0.010095,-0.013542,-0.017832
0.009960,-0.007066,-0.025253
0.009857,-0.000644,-0.027353
0.003954,0.007828,-0.020934
-0.000895,0.013058,-0.010256
-0.005688,0.010800,0.002499
-0.008544,0.005298,0.019483
-0.010408,0.000927,0.030112
-0.009334,-0.000200,0.036524
-0.010198,-0.001329,0.042901
-0.003286,-0.005553,0.038641
0.003577,-0.009714,0.028000
0.007451,-0.014936,0.016234
0.011273,-0.010504,-0.000759
0.011186,-0.008235,-0.014589
0.012049,-0.007060,-0.025240
0.011921,-0.006915,-0.040150
0.009844,-0.003659,-0.046556
0.005830,0.001686,-0.047591
-0.002036,0.005858,-0.037997
-0.005007,0.007801,-0.018867
-0.004991,0.006609,-0.006081
-0.010803,0.005431,0.005657
-0.018545,0.004180,0.024821
-0.018445,0.000771,0.046089
-0.013447,-0.002546,0.057768
-0.002607,-0.006773,0.053473
0.002347,-0.006742,0.050275
0.004356,-0.007769,0.045987
0.006331,-0.012968,0.032113
0.012137,-0.015971,0.011878
0.017900,-0.015824,-0.003040
0.017795,-0.006022,-0.023184
0.012840,0.010116,-0.036892
0.009909,0.023006,-0.045275
0.006103,0.032611,-0.045191
0.002319,0.037913,-0.041976
-0.000421,0.038887,-0.032361
-0.004148,0.030206,-0.017512
-0.006929,0.017230,0.000487
-0.009782,0.005305,0.019552
-0.014569,0.004002,0.042907
-0.012491,0.007079,0.055708
-0.007418,0.008136,0.056793
-0.004289,0.011359,0.054706
0.002727,0.003965,0.047213
0.006702,-0.009751,0.031135
0.010556,-0.020241,0.012976
0.013366,-0.017961,-0.001908
0.015215,-0.003885,-0.023053
0.013206,0.012280,-0.038856
0.010266,0.019878,-0.051558
0.005418,0.023120,-0.055788
0.000553,0.018746,-0.045202
-0.005314,0.006873,-0.031463
-0.007338,-0.005018,-0.015610
-0.010335,-0.008366,-0.000742
-0.012335,-0.008560,0.018371
-0.010364,-0.005548,0.037525
-0.008334,-0.003463,0.042854
-0.003358,-0.001329,0.042866
0.002562,-0.003384,0.034354
0.008472,-0.008634,0.025819
0.009442,-0.009510,0.006691
0.010370,-0.002951,-0.009217
0.011308,0.006786,-0.022981
0.010354,0.018619,-0.032441
0.009411,0.016590,-0.043084
0.001633,0.011233,-0.041015
-0.003261,0.005783,-0.029385
-0.002344,0.008837,-0.014468
-0.009140,0.002272,0.002506
-0.011080,-0.001088,0.018414
-0.011984,0.003041,0.032281
-0.009935,0.000812,0.041832
-0.003996,-0.009888,0.044949
0.001923,-0.012973,0.033236
0.007732,-0.019261,0.021474
0.010561,-0.015913,0.006614
0.012411,-0.013636,-0.008276
0.014232,-0.009213,-0.024223
0.018012,-0.000562,-0.035890
0.013050,0.009102,-0.042221
0.009152,0.019740,-0.038951
0.005311,0.021768,-0.028322
0.001522,0.025891,-0.013390
-0.005158,0.028893,0.006839
-0.010770,0.029723,0.031320
-0.013401,0.027403,0.050468
-0.012127,0.021972,0.060042
-0.012782,0.019829,0.061105
-0.006666,0.014532,0.057908
-0.000622,0.001833,0.047186
0.004316,-0.017143,0.023670
0.004204,-0.032970,0.005479
0.005867,-0.044488,-0.016953
0.007421,-0.048578,-0.035069
0.006987,-0.050526,-0.054241
0.004568,-0.040819,-0.064822
0.001237,-0.032240,-0.069013
-0.004945,-0.021655,-0.060446
-0.005226,-0.018575,-0.048773
0.004322,-0.014422,-0.037037
0.000258,-0.017767,-0.022170
-0.005771,-0.020120,0.000161
-0.013688,-0.022520,0.026710
-0.014723,-0.024832,0.044777
-0.002120,-0.034571,0.058542
0.004672,-0.030208,0.049016
0.006571,-0.020558,0.044870
0.008512,-0.016258,0.041724
0.009489,-0.009730,0.028992
0.010448,-0.008548,0.017302
0.010436,-0.007366,0.005613
0.010439,0.004507,-0.008133
0.007528,0.011989,-0.009136
0.001727,0.010931,-0.010227
-0.002154,0.006643,-0.008150
-0.003114,0.001299,-0.007108
-0.007036,-0.002023,0.004536
-0.005126,-0.008424,0.004501
-0.005189,-0.014820,0.003385
-0.005295,-0.018033,0.004404
-0.001510,-0.019079,0.002280
0.002265,-0.021185,-0.000963
0.003069,-0.022166,-0.009475
0.002908,-0.024226,-0.016920
0.003669,-0.024155,-0.024368
0.004435,-0.019812,-0.031764
0.005217,-0.013357,-0.037034
0.006036,-0.005897,-0.035901
0.004965,-0.001709,-0.027349
0.000967,-0.003914,-0.019892
-0.002980,-0.006208,-0.003989
-0.006918,-0.002148,0.017317
-0.008809,0.000894,0.033309
-0.009681,0.001794,0.050329
-0.010493,0.005993,0.057827
-0.006399,0.004883,0.062069
0.001585,0.006001,0.056753
0.005634,-0.002418,0.045014
0.007637,-0.010781,0.026855
0.008564,-0.011692,0.010889
0.010450,-0.008291,-0.009269
0.012313,-0.007046,-0.027345
0.011239,0.004896,-0.047474
0.010208,0.016728,-0.056948
0.005340,0.028451,-0.055797
-0.000430,0.033745,-0.051492
-0.002288,0.029332,-0.036656
-0.004133,0.027065,-0.022819
-0.007901,0.019346,0.001548
-0.007776,0.013791,0.023831
-0.008598,0.009399,0.036574
-0.011345,0.012515,0.045090
-0.005285,0.016763,0.047249
0.002756,0.017915,0.038770
0.005867,0.007401,0.022735
0.006918,-0.003123,0.007760
0.008783,-0.014693,-0.009354
0.010580,-0.019826,-0.029553
0.010379,-0.017529,-0.045471
0.007227,-0.005728,-0.051741
0.002214,0.005964,-0.047372
-0.000774,0.012261,-0.036699
-0.006611,0.011001,-0.016482
-0.008535,0.001195,0.003593
-0.009496,-0.006453,0.021621
-0.009463,-0.006591,0.035414
-0.009401,-0.005614,0.043899
-0.002513,-0.002393,0.041784
0.005381,-0.003386,0.034312
0.009353,-0.000049,0.020512
0.012310,-0.002026,0.004537
0.011318,-0.001869,-0.011413
0.012236,-0.001719,-0.026267
0.011200,0.004811,-0.038957
0.008224,0.013378,-0.042065
0.001404,0.017624,-0.039919
-0.001493,0.014298,-0.027167
-0.004382,0.007803,-0.017618
-0.008287,0.001236,-0.000643
-0.014118,-0.001109,0.020593
-0.017033,-0.004491,0.038616
-0.013044,-0.004605,0.050322
-0.005154,-0.007763,0.046035
-0.000244,-0.010891,0.038566
0.005616,-0.015077,0.030021
0.008486,-0.019210,0.016149
0.012269,-0.019052,0.000185
0.015050,-0.016741,-0.017889
0.016860,-0.006964,-0.035889
0.013826,0.000589,-0.044333
0.008909,0.014546,-0.052713
0.004019,0.016598,-0.044208
-0.000854,0.013345,-0.038903
-0.004728,0.014223,-0.019768
-0.006643,0.005544,-0.004941
-0.012449,0.005335,0.016334
-0.017227,0.003040,0.032288
-0.015182,-0.004544,0.043935
-0.007325,-0.011990,0.041769
0.000482,-0.015140,0.036415
0.006301,-0.016112,0.026821
0.012092,-0.010609,0.009850
0.013001,-0.005140,-0.003966
0.014902,0.001408,-0.018812
0.016828,0.003658,-0.030514
0.013870,0.009077,-0.038976
0.008944,0.008077,-0.046438
0.001102,0.008036,-0.042173
-0.004810,0.006940,-0.038979
-0.006775,0.013229,-0.027211
-0.005751,0.014150,-0.012334
-0.006654,0.010782,0.004669
-0.010466,0.007457,0.017415
-0.016244,0.003000,0.036524
-0.013221,-0.005663,0.049223
-0.006284,-0.005715,0.054542
-0.000336,-0.003472,0.043936
0.006561,-0.002320,0.035450
0.006623,-0.002198,0.022684
0.009540,-0.009500,0.005602
0.012369,-0.017927,-0.006192
0.015145,-0.016704,-0.022160
0.013989,-0.009099,-0.035929
0.008980,0.001657,-0.044324
0.005979,0.009117,-0.043219
0.002060,0.013335,-0.037842
-0.000854,0.009989,-0.024061
-0.002763,0.008797,-0.011296
-0.007566,0.010793,0.003637
-0.009437,0.007413,0.021687
-0.012259,0.005209,0.029144
-0.011168,0.007218,0.041922
-0.006142,0.007186,0.045098
-0.000153,0.004003,0.042914
0.006804,0.003051,0.031213
0.006866,-0.002181,0.020521
0.006858,-0.006323,0.007703
0.011704,-0.005090,-0.009319
0.015537,-0.003876,-0.024192
0.013506,0.000486,-0.033731
0.010490,0.003768,-0.042218
0.005540,0.005942,-0.046471
0.003539,0.008028,-0.041120
-0.002328,0.012233,-0.034710
-0.000337,0.020655,-0.022908
-0.003167,0.021577,-0.007989
-0.011828,0.018169,0.013272
-0.017547,0.011633,0.027078
-0.015431,0.008268,0.044073
-0.010404,0.000748,0.049355
-0.005416,-0.003448,0.041898
-0.000471,-0.006609,0.037606
0.004434,-0.005425,0.025901
0.008335,-0.009582,0.014124
0.013155,-0.008373,-0.000796
0.013099,-0.008186,-0.019950
0.015905,-0.010140,-0.038069
0.010852,-0.008968,-0.048691
0.006789,-0.003603,-0.051847
0.000793,0.000646,-0.049667
-0.003191,0.005863,-0.037928
-0.004186,0.015324,-0.022907
-0.007035,0.016173,-0.000576
-0.011791,0.017052,0.018580
-0.015539,0.011528,0.037680
-0.015364,0.001779,0.052499
-0.007441,-0.007779,0.048184
0.001374,-0.014118,0.041762
0.007224,-0.014048,0.034301
0.009133,-0.010691,0.018351
0.012978,-0.007348,0.003478
0.016802,-0.002902,-0.014577
0.017740,0.003691,-0.033662
0.014778,0.012341,-0.045314
0.008920,0.022019,-0.052656
0.002122,0.025209,-0.051574
-0.002700,0.019770,-0.040948
-0.006567,0.016411,-0.025026
-0.007503,0.009846,-0.008080
-0.010340,0.012859,0.011087
-0.016055,0.014782,0.032361
-0.013926,0.012544,0.042987
-0.010828,0.006098,0.047182
-0.005843,-0.003461,0.042889
0.001989,-0.014038,0.033226
0.008754,-0.023463,0.015077
0.012496,-0.026527,0.001228
0.014257,-0.025302,-0.014712
0.015037,-0.013401,-0.031633
0.013904,-0.007974,-0.041191
0.009887,-0.000430,-0.048581
0.005876,-0.001518,-0.046461
-0.000094,-0.000537,-0.037935
-0.005040,0.000403,-0.025180
-0.006073,0.003471,-0.011318
-0.009932,0.006494,0.006789
-0.009849,0.007371,0.025924
-0.011684,0.005068,0.042902
-0.009569,0.006079,0.049303
-0.005500,0.007136,0.050374
0.002460,0.009362,0.040852
0.007484,0.008462,0.023832
0.009506,0.003230,0.013127
0.012473,0.002308,-0.001778
0.013458,0.004599,-0.017716
0.011451,0.001489,-0.027341
0.010426,0.002620,-0.033712
0.006480,0.011186,-0.036855
0.001588,0.013235,-0.028341
-0.003244,0.018478,-0.018704
-0.009009,0.017267,-0.003819
-0.010854,0.013910,0.012131
-0.009747,0.005250,0.024851
-0.010645,-0.003337,0.030123
-0.012546,-0.004486,0.038643
-0.008577,-0.003419,0.038652
0.000250,-0.008673,0.030112
0.007056,-0.009616,0.017322
0.009945,-0.010541,0.003504
0.010830,-0.017866,-0.011471
0.011643,-0.018814,-0.024245
0.012440,-0.014411,-0.038049
0.010298,-0.008965,-0.048635
0.005282,0.003839,-0.048544
0.000333,0.010198,-0.044215
-0.004580,0.007970,-0.034657
-0.007532,0.003536,-0.017670
-0.006591,-0.006202,-0.003906
-0.011518,-0.011726,0.015166
-0.014474,-0.009738,0.030080
-0.012490,-0.003496,0.046052
-0.005563,0.000763,0.047164
0.001396,0.002938,0.042911
0.007340,-0.001250,0.034330
0.010317,-0.003268,0.022612
0.011302,-0.004198,0.008789
0.014177,-0.004062,-0.005060
0.012211,0.004610,-0.018820
0.014155,0.012181,-0.029384
0.006377,0.018626,-0.033572
0.003517,0.023953,-0.032451
-0.000287,0.023934,-0.030294
-0.005053,0.021710,-0.020738
-0.006928,0.011949,-0.004872
-0.006874,0.003251,0.011005
-0.007796,0.000969,0.025854
-0.010659,0.002954,0.040741
-0.008574,0.007115,0.051374
-0.003526,0.009240,0.052475
0.002494,0.007169,0.046083
0.005563,0.001927,0.036467
0.006594,-0.006428,0.018369
0.009471,-0.011602,0.002385
0.013277,-0.016790,-0.012536
0.012140,-0.017692,-0.029548
0.010978,-0.014354,-0.043334
0.005955,0.000605,-0.045360
0.001974,0.009119,-0.043184
-0.001938,0.015441,-0.034642
-0.004853,0.012177,-0.028283
-0.007760,0.007698,-0.007065
-0.011626,0.003239,0.012016
-0.013529,0.002007,0.029045
-0.010500,0.001881,0.041812
-0.009402,0.003995,0.044002
-0.003409,-0.000250,0.041870
0.005429,-0.010833,0.033274
0.010276,-0.020290,0.018315
0.012103,-0.023318,0.000217
0.011928,-0.024229,-0.015762
0.014649,-0.017709,-0.027427
0.014468,-0.005848,-0.040119
0.009497,0.007052,-0.049577
0.003614,0.017688,-0.046335
