-0.003526,-0.019138,-0.007193
-0.004606,-0.005342,0.000320
-0.002627,0.011686,0.004672
-0.001504,0.023705,0.009924
-0.000303,0.022616,0.012030
-0.001111,0.010922,0.007705
-0.002045,-0.012501,0.002209
-0.000248,-0.033809,-0.001126
-0.001493,-0.043387,-0.003334
0.001063,-0.047665,-0.002296
0.001747,-0.033753,-0.006425
0.000558,-0.017790,-0.002062
0.000459,0.000402,-0.007229
0.003382,0.008970,-0.010345
0.003428,0.005750,-0.008251
0.002467,0.002529,-0.006136
0.006071,-0.000598,-0.013584
0.003581,-0.006989,-0.014680
-0.000661,-0.008032,-0.016791
-0.003887,-0.009122,-0.014699
-0.004135,-0.009179,-0.009415
-0.006215,-0.002789,-0.008332
-0.008474,-0.002901,0.003330
-0.006557,-0.006093,0.002220
-0.006581,-0.010398,0.005389
-0.006497,-0.015425,-0.023035
-0.006248,-0.004941,-0.306434
-0.000543,0.007125,-0.439341
0.010257,-0.006059,-0.100999
0.004243,-0.025603,0.031740
-0.000484,-0.015743,0.007574
-0.000225,-0.007261,0.012932
-0.000064,-0.005063,0.006592
-0.000911,-0.003998,0.006581
-0.000769,-0.002924,0.005488
0.001490,-0.007183,0.004369
0.002810,-0.012489,0.001111
0.001509,-0.013495,-0.005299
0.002066,-0.011324,-0.009550
0.000799,-0.012361,-0.012763
0.000564,-0.009209,-0.007417
-0.000526,-0.007074,-0.007392
0.000368,-0.009181,-0.009499
-0.000642,-0.009136,-0.013701
-0.002588,-0.004888,-0.011542
-0.000624,-0.002804,-0.006184
-0.000614,-0.000680,-0.005112
-0.001612,0.004687,-0.008255
-0.002601,0.005720,-0.005062
-0.001632,0.004632,-0.002949
-0.001691,-0.001789,-0.000884
0.001136,-0.011351,-0.005219
0.002948,-0.015675,0.000021
0.003751,-0.016774,0.003195
0.001653,-0.012476,0.000042
0.000601,-0.005017,0.001169
0.001545,-0.000748,0.001206
0.000584,0.003561,-0.003021
-0.000363,-0.000749,0.001206
-0.000367,-0.001795,-0.000918
-0.003344,-0.003928,-0.000923
-0.004441,-0.007108,-0.003073
-0.001624,-0.006029,-0.004118
-0.004645,-0.002848,-0.001954
-0.003755,0.000322,0.001250
-0.003769,0.002425,0.004458
-0.002770,0.005582,0.008724
0.000221,0.005594,0.007677
0.000353,0.004454,0.015108
0.000446,0.004454,0.015115
0.000507,0.002355,0.011919
-0.000397,0.001330,0.007666
-0.002320,0.003469,0.007705
-0.002298,0.004555,0.005564
-0.000351,0.004585,0.002368
-0.001329,0.008831,0.004506
-0.002301,0.013130,0.001354
-0.002265,0.013087,0.005591
-0.001210,0.012004,0.007744
-0.002116,0.005592,0.008770
-0.002052,0.000243,0.009807
-0.002040,-0.005069,0.007659
-0.001095,-0.009339,0.007636
-0.003078,-0.010439,0.010803
-0.003125,-0.010401,0.007611
-0.003158,-0.004052,0.012965
-0.001212,-0.002991,0.012948
-0.002166,-0.000837,0.010824
-0.000206,-0.000812,0.008686
-0.001157,-0.002957,0.009729
-0.000171,-0.005093,0.009718
-0.001125,-0.002938,0.007614
0.000849,-0.002929,0.006554
0.000846,-0.002917,0.005514
-0.000109,0.000306,0.003413
-0.000093,-0.000718,-0.000834
-0.001100,-0.003898,-0.002970
-0.000140,-0.007164,0.003361
-0.000169,-0.002862,0.000201
-0.001137,0.002452,0.002356
-0.000144,0.009891,0.005611
-0.002020,0.012002,0.007738
-0.003871,0.014095,0.012036
-0.001839,0.006689,0.005611
0.000159,0.001325,0.008746
0.000182,-0.001896,0.010854
0.000178,-0.001878,0.008726
0.000159,-0.003993,0.006558
0.002066,-0.000773,0.004436
0.001114,0.005607,0.006600
0.001186,0.009852,0.008753
-0.001649,0.008837,0.003418
-0.002568,0.009928,0.001297
-0.002523,0.006750,-0.000832
-0.002532,0.000337,0.000194
-0.004503,-0.005007,0.001243
-0.003585,-0.008226,0.003379
-0.003644,-0.007203,0.007619
-0.003655,-0.001910,0.011923
-0.000672,0.002305,0.017259
-0.000572,0.006574,0.017289
0.002467,0.006646,0.009834
0.001602,0.006613,0.013010
0.002664,0.002418,0.005525
0.004644,0.000314,0.002303
0.001723,0.003569,-0.002967
0.002693,0.003592,-0.005111
0.001709,0.011083,-0.007168
-0.002168,0.012127,-0.005043
-0.005045,0.014305,-0.009255
-0.004993,0.011053,-0.003957
-0.005956,0.001449,-0.004034
-0.006002,-0.007142,0.001197
-0.006056,-0.012498,0.003279
-0.005181,-0.010375,0.004344
-0.002322,-0.006127,0.006518
-0.001333,0.002419,0.005511
-0.000270,0.007733,0.007686
0.002773,0.016333,0.001388
0.002940,0.021701,-0.001755
0.000222,0.024956,-0.007026
-0.000596,0.024998,-0.011284
-0.000471,0.019643,-0.009195
-0.000414,0.010008,-0.006089
-0.000418,0.001460,-0.005116
-0.001460,-0.003907,-0.001966
-0.001521,-0.002915,0.005471
-0.002519,0.003445,0.009770
-0.001465,0.007671,0.014045
-0.000383,0.005514,0.016134
-0.001274,-0.000849,0.011814
0.000681,-0.009355,0.008550
0.000631,-0.012525,0.005332
0.001510,-0.015641,-0.003184
0.001381,-0.014532,-0.007447
-0.002648,-0.009187,-0.008475
0.000180,-0.005986,-0.008454
-0.000836,-0.000641,-0.009483
-0.001859,-0.003853,-0.008450
-0.001905,-0.005965,-0.010583
-0.001995,-0.013432,-0.010621
-0.002126,-0.019844,-0.009602
-0.005222,-0.023023,-0.011710
-0.005385,-0.023064,-0.007452
-0.005568,-0.020943,-0.006379
-0.004753,-0.018852,-0.002123
-0.007769,-0.013516,-0.002091
-0.005882,-0.010326,-0.001009
-0.004966,-0.008222,0.002192
-0.005011,-0.008200,0.000077
-0.001132,-0.010347,0.001113
-0.001177,-0.005010,0.001180
-0.000226,-0.006043,-0.001991
0.000743,-0.002808,-0.005125
0.000754,0.005721,-0.003970
0.001782,0.006789,-0.003946
0.003792,0.009967,-0.001796
0.003866,0.011067,-0.004955
0.001974,0.013163,-0.000716
0.002041,0.008893,-0.000767
0.000145,0.009991,-0.003947
0.002156,0.015327,-0.003900
-0.001660,0.022807,-0.004896
-0.002501,0.024962,-0.007013
-0.002384,0.024955,-0.005947
-0.002262,0.023887,-0.005963
-0.005049,0.023850,-0.002771
-0.005937,0.017502,-0.008104
-0.007842,0.010004,-0.004980
-0.006855,0.003559,-0.000785
-0.002932,0.003502,0.004514
-0.001921,0.006714,0.003474
-0.000866,0.014178,0.004584
0.001229,0.017303,0.012018
0.002377,0.018419,0.006710
0.003519,0.014141,0.007747
0.002676,0.007802,0.001312
0.001772,0.001441,-0.002988
0.001762,-0.003885,-0.004103
0.000713,-0.009210,-0.005203
-0.000355,-0.007054,-0.007321
-0.003358,0.000438,-0.009364
-0.005338,0.005741,-0.006134
-0.007225,0.012089,-0.000793
-0.006179,0.016379,-0.002864
-0.007039,0.013157,-0.000763
-0.006003,0.003493,0.005553
-0.005022,-0.008234,0.004396
-0.004104,-0.013557,0.003309
-0.003219,-0.017815,0.002218
-0.001366,-0.015692,0.003284
-0.000425,-0.002888,0.003375
0.001557,0.008859,0.002396
0.003614,0.015314,-0.002860
0.002769,0.019594,-0.003884
0.002916,0.015379,-0.009226
0.002993,0.010075,-0.012449
0.001044,0.003650,-0.010390
0.001021,0.001497,-0.008259
0.000018,-0.000648,-0.007216
-0.001974,0.001449,-0.002948
-0.002946,0.006700,0.005593
-0.003865,0.009878,0.007751
-0.005720,0.010903,0.012011
-0.003670,0.005612,0.007734
-0.002639,0.005622,0.006652
-0.002596,0.005587,0.009843
-0.002540,0.004561,0.005576
-0.001532,0.003527,0.002341
-0.001510,0.000327,0.002320
-0.000565,-0.001780,-0.000895
-0.002521,-0.006040,-0.002014
-0.000641,-0.007072,-0.005214
-0.001689,-0.009215,-0.004144
-0.002733,-0.010297,-0.003091
-0.000845,-0.007136,0.001209
-0.001855,-0.006091,0.003326
-0.001857,-0.000777,0.005495
-0.001817,0.004562,0.005540
-0.000766,0.001339,0.007627
-0.001689,0.001358,0.005520
0.001279,0.001368,0.004452
-0.000669,0.000387,-0.004038
-0.001666,0.003600,-0.005064
0.000299,0.003569,-0.001874
0.000305,0.008914,-0.002896
-0.000603,0.013143,0.001385
-0.002474,0.013143,0.001385
-0.003350,0.016332,0.002488
-0.002268,0.009960,-0.000764
-0.003188,0.007852,-0.002907
-0.001222,0.001451,-0.002949
-0.001246,0.002513,-0.002952
-0.001249,0.000400,-0.005086
-0.001262,-0.001767,-0.001950
-0.001282,-0.001777,-0.000882
-0.002246,0.000337,0.001244
-0.004207,-0.003910,-0.000915
-0.004228,-0.009291,0.003284
-0.004260,-0.012492,0.003270
-0.004344,-0.014623,0.003243
-0.003457,-0.008209,0.002251
-0.004476,-0.003942,0.002282
-0.003510,-0.005018,0.003362
-0.000613,-0.003931,0.001257
0.000331,-0.007143,0.002297
0.000273,-0.009257,0.000150
0.002180,-0.007198,0.007595
0.003157,-0.004014,0.009730
0.003182,-0.000792,0.007629
0.001267,-0.001851,0.006559
0.001278,-0.001831,0.004424
0.002247,-0.005029,0.004380
0.000255,-0.007131,0.001179
-0.000771,-0.007094,-0.003085
-0.000837,-0.003901,-0.001975
-0.002830,0.002534,-0.005095
-0.002834,0.007933,-0.011422
-0.002811,0.008989,-0.010351
-0.003782,0.005810,-0.012494
-0.003795,0.002620,-0.013563
-0.003850,-0.000613,-0.010414
-0.004877,-0.004922,-0.006202
-0.003956,-0.007045,-0.007274
-0.003996,-0.001774,-0.000854
-0.002053,0.000316,0.003395
-0.002000,0.005640,0.004489
-0.000958,0.006696,0.005559
-0.000898,-0.000730,0.001249
-0.000940,-0.009205,-0.005212
-0.000082,-0.015553,-0.010573
-0.000225,-0.015553,-0.010573
-0.000375,-0.013435,-0.009506
0.001457,-0.003809,-0.011544
0.000453,0.002554,-0.007238
0.001448,0.003621,-0.007229
-0.000479,0.004658,-0.004002
-0.000455,0.005748,-0.006101
-0.000432,0.006831,-0.007140
-0.002341,0.007876,-0.005016
-0.001350,0.006847,-0.009274
-0.002304,0.008947,-0.006100
-0.002281,0.007892,-0.007193
-0.006165,0.005756,-0.007239
-0.003248,0.001474,-0.006222
-0.005251,-0.006005,-0.005205
-0.003361,-0.010297,-0.003119
-0.002477,-0.009262,0.000080
-0.002548,-0.009226,-0.003111
-0.001607,0.002493,-0.000859
0.000367,0.009951,0.000275
-0.000514,0.011051,-0.002892
0.001509,0.011069,-0.005027
0.000585,0.006813,-0.006105
-0.000364,0.004721,-0.010367
-0.000386,0.004743,-0.012475
-0.000403,0.007938,-0.011402
0.000621,0.015407,-0.011351
-0.002220,0.015372,-0.008174
-0.003111,0.013236,-0.008227
-0.002077,0.011093,-0.007172
-0.004011,-0.003859,-0.006262
-0.003123,-0.012416,-0.004194
-0.004231,-0.015616,-0.004215
-0.004352,-0.013458,-0.007391
-0.003496,-0.007087,-0.004145
-0.003540,0.001465,-0.005140
0.000389,0.006747,0.000205
0.000441,0.006759,-0.000849
-0.000479,0.005703,-0.001906
-0.001414,-0.003912,-0.000950
-0.002432,-0.008137,-0.005210
-0.001538,-0.015627,-0.003147
-0.000662,-0.010260,-0.006290
-0.002700,-0.007059,-0.006247
-0.004724,-0.004904,-0.008351
-0.003794,0.001456,-0.004058
-0.002816,0.008956,-0.007189
-0.002761,0.007868,-0.005055
-0.001735,0.008946,-0.006100
-0.003625,0.005741,-0.005020
-0.000703,0.000374,-0.001876
0.000262,0.000356,0.000244
0.000285,0.001390,0.003416
0.002265,0.008825,0.006658
0.002348,0.010967,0.005581
0.001475,0.014177,0.004563
-0.000365,0.010995,0.002385
-0.001270,0.004614,0.000214
-0.000269,0.000431,-0.008304
-0.001310,-0.004878,-0.010467
-0.001397,-0.003810,-0.010444
-0.003426,0.002589,-0.010373
-0.005388,0.003647,-0.009282
-0.003434,0.012161,-0.007113
-0.006267,0.018532,-0.003867
-0.003225,0.015319,-0.002876
-0.002147,0.013153,0.000281
-0.000123,0.004647,-0.003005
0.000861,0.000390,-0.004103
-0.000133,-0.002822,-0.003070
0.000781,-0.006014,-0.004166
0.000715,-0.007040,-0.008412
0.001637,-0.001672,-0.011548
-0.004241,-0.002740,-0.011564
-0.001346,0.001531,-0.011499
-0.001371,0.003688,-0.013603
-0.001418,-0.001670,-0.011542
-0.001479,-0.004863,-0.012608
-0.003498,-0.002750,-0.010468
-0.000642,0.000433,-0.008326
-0.000638,0.005736,-0.005110
-0.000592,0.005727,-0.004021
-0.001548,0.006826,-0.007195
0.000428,0.005790,-0.010387
-0.001534,-0.001680,-0.010452
-0.002547,-0.002740,-0.011528
-0.002615,-0.004875,-0.011547
-0.002701,-0.005915,-0.013673
-0.003774,-0.008042,-0.014794
-0.003869,-0.001662,-0.012637
-0.002932,0.002574,-0.009424
-0.003916,0.005774,-0.009388
-0.003927,0.000418,-0.007299
-0.001010,-0.002802,-0.005177
-0.001054,-0.008115,-0.007325
-0.000171,-0.014504,-0.008436
-0.002267,-0.020894,-0.009518
-0.005353,-0.023062,-0.006368
-0.002579,-0.012434,-0.002044
-0.002655,-0.006014,-0.004130
-0.004675,-0.011384,-0.001021
-0.001789,-0.008233,0.004325
-0.005727,-0.006112,0.005377
-0.000913,-0.011454,0.006418
-0.004880,-0.017888,0.009545
0.000851,-0.021025,0.003179
-0.003198,-0.023158,0.003174
-0.000415,-0.019939,0.001075
0.001402,-0.015628,-0.003132
0.001321,-0.006005,-0.005176
0.001275,-0.005974,-0.008373
0.003198,-0.000644,-0.007260
-0.001682,0.001522,-0.010425
0.004125,0.000467,-0.011481
0.000210,0.003699,-0.014643
-0.000795,0.002657,-0.016762
-0.001812,0.002669,-0.017809
-0.002839,0.001600,-0.017825
-0.001924,0.003714,-0.015670
-0.001960,0.002639,-0.014598
-0.006822,0.008974,-0.008224
-0.002909,0.008960,-0.007141
-0.003804,0.013184,-0.002894
-0.003718,0.011018,0.000277
-0.002677,0.008927,-0.003972
-0.003614,0.005728,-0.003993
-0.002616,0.002494,-0.000852
0.001267,0.001426,-0.000875
0.001261,-0.005040,0.005449
0.000233,-0.013540,0.001096
0.005003,-0.016738,0.001110
-0.002886,-0.014603,0.001085
0.003852,-0.009210,-0.004118
-0.002032,-0.004915,-0.007304
-0.000123,0.004754,-0.013572
-0.003017,0.014349,-0.012442
-0.000063,0.010091,-0.013547
-0.002994,-0.002693,-0.015760
-0.005033,-0.006973,-0.014743
-0.002251,-0.019840,-0.008461
-0.006342,-0.027374,-0.002153
-0.004568,-0.018901,0.004266
-0.003644,0.002368,0.011893
-0.004514,0.015057,0.023669
-0.003298,0.025740,0.022708
-0.000061,0.033158,0.028113
-0.000704,0.030021,0.021726
0.002509,0.024760,0.014267
0.002750,0.024887,0.001521
0.003876,0.018581,-0.008085
0.002983,0.012251,-0.015595
0.002970,0.004854,-0.023087
0.002870,-0.000451,-0.026338
0.001786,-0.001490,-0.029557
0.001671,0.000620,-0.027451
-0.001333,0.003800,-0.025322
-0.002345,0.011227,-0.021013
-0.001357,0.013384,-0.023131
-0.002296,0.011229,-0.021014
-0.003293,0.007019,-0.027479
0.000570,0.012335,-0.025297
-0.001326,0.017670,-0.025257
-0.001285,0.016626,-0.027375
-0.003214,0.016635,-0.028442
-0.002239,0.009209,-0.032731
-0.002297,0.004911,-0.029579
-0.002396,-0.001494,-0.029655
-0.002510,-0.004726,-0.026479
-0.006520,-0.001568,-0.022221
-0.003653,0.001601,-0.018989
-0.005654,-0.000577,-0.014784
-0.002755,0.000493,-0.014762
-0.001796,-0.000574,-0.014771
-0.000912,-0.010159,-0.016991
0.002880,-0.012240,-0.022314
0.001724,-0.014367,-0.023400
-0.001375,-0.013302,-0.023425
0.001404,-0.005800,-0.026543
-0.002609,-0.002622,-0.024421
0.001188,-0.001555,-0.024426
-0.001841,-0.007946,-0.025529
-0.003970,-0.014320,-0.028774
-0.001269,-0.022877,-0.026712
-0.001473,-0.015421,-0.024499
-0.003590,-0.005828,-0.023354
-0.001742,0.003798,-0.025392
-0.000795,0.006956,-0.021127
0.001164,0.012236,-0.015761
0.000217,0.008011,-0.020035
0.000191,0.001643,-0.023247
0.000095,-0.007918,-0.027568
-0.001051,-0.016466,-0.026567
-0.002219,-0.011122,-0.027616
-0.003349,-0.005818,-0.024394
-0.003447,0.000585,-0.024345
-0.004517,-0.000505,-0.022260
-0.004593,-0.005865,-0.020212
-0.002776,-0.011205,-0.020271
-0.003932,-0.019762,-0.018196
-0.005122,-0.019738,-0.020312
-0.006256,-0.008020,-0.018081
-0.003415,0.001543,-0.013753
-0.002438,0.008991,-0.011580
0.000515,0.005771,-0.009480
0.001491,-0.001665,-0.012700
-0.001505,-0.013394,-0.013870
-0.000697,-0.021899,-0.017121
-0.000964,-0.038897,-0.024676
-0.002322,-0.050604,-0.027969
0.000127,-0.053827,-0.025867
-0.003233,-0.038890,-0.025779
-0.005437,-0.004767,-0.023393
-0.001569,0.018668,-0.018937
-0.000486,0.030429,-0.020956
0.000668,0.032544,-0.018788
-0.000159,0.026178,-0.022000
-0.000091,0.009106,-0.022122
0.000830,-0.002609,-0.024326
0.000695,-0.017527,-0.026578
0.000494,-0.012217,-0.024415
0.000317,-0.003692,-0.023294
-0.001701,0.006923,-0.017951
-0.003634,0.015418,-0.013626
-0.003547,0.020738,-0.012537
-0.004405,0.022874,-0.012491
-0.006239,0.021807,-0.012493
-0.007143,0.015425,-0.014678
-0.003213,0.011131,-0.011485
-0.001246,0.007940,-0.012581
-0.001277,0.001518,-0.010494
-0.002288,-0.001695,-0.009475
-0.002324,-0.007030,-0.009508
-0.002419,-0.005962,-0.009485
-0.004436,-0.004881,-0.010544
-0.005468,-0.005957,-0.009472
-0.001614,0.000431,-0.008332
-0.002603,0.000412,-0.006183
-0.003591,0.001462,-0.004039
-0.004557,-0.001760,-0.001931
-0.005569,-0.005994,-0.005145
-0.004670,-0.013462,-0.005175
-0.005735,-0.013487,-0.003073
-0.004855,-0.009231,-0.001995
-0.004904,0.000340,0.001258
-0.003918,0.006699,0.005544
-0.004793,0.009847,0.010891
-0.006659,0.004502,0.011919
-0.005617,-0.001946,0.017222
-0.007513,-0.001945,0.017229
-0.009408,-0.000921,0.021525
-0.005431,0.003340,0.022665
-0.006254,0.011845,0.025937
-0.005096,0.018247,0.025986
-0.003911,0.017150,0.029145
-0.002736,0.011825,0.028030
-0.002584,0.001111,0.032166
0.000437,-0.009563,0.032039
0.000477,-0.013875,0.036232
0.002435,-0.015967,0.031969
-0.000478,-0.018109,0.031903
0.000474,-0.020201,0.027634
-0.002508,-0.021216,0.022284
-0.001601,-0.020130,0.020144
-0.001653,-0.008329,0.013860
-0.003593,0.000250,0.009683
-0.003538,0.005609,0.007607
-0.003475,0.009921,0.003407
-0.001441,0.009996,-0.003992
-0.002390,0.005741,-0.005062
-0.001402,0.007893,-0.007143
-0.003301,0.015373,-0.008146
0.000711,0.026049,-0.008068
-0.001056,0.030273,-0.003815
-0.001800,0.030261,-0.002782
-0.001608,0.025981,-0.001772
-0.001425,0.023801,0.002433
-0.001287,0.014153,0.006586
-0.001245,-0.000805,0.008612
-0.003231,-0.011505,0.011737
-0.001376,-0.020074,0.014866
-0.001498,-0.024371,0.018061
-0.000616,-0.021212,0.022361
-0.001627,-0.015907,0.025611
-0.002582,-0.004147,0.023563
-0.003423,0.014003,0.022640
-0.001231,0.032158,0.021729
-0.000928,0.032156,0.021695
0.002304,0.027917,0.018496
-0.000394,0.022656,0.011023
0.004619,0.013098,0.006736
-0.000194,-0.000744,0.003418
0.000732,-0.006021,-0.001892
0.000649,-0.010319,0.001288
-0.000399,-0.009254,0.001291
-0.000451,-0.001816,0.004546
-0.005235,0.017315,0.012093
-0.001124,0.025767,0.020662
-0.006703,0.026780,0.025941
-0.002516,0.022492,0.028040
-0.005210,0.011787,0.031123
-0.005047,0.002205,0.028924
-0.002998,-0.002023,0.024636
-0.002009,-0.004058,0.015110
-0.002017,-0.010448,0.013992
0.002770,-0.013542,0.003361
0.001726,-0.006077,0.003428
-0.001183,0.008829,0.006714
-0.000083,0.022733,0.003645
0.001104,0.025880,0.008964
-0.001575,0.029048,0.012154
-0.001339,0.025859,0.011086
-0.004053,0.014111,0.012037
-0.001981,0.007700,0.013070
-0.002912,-0.003975,0.006615
-0.000980,-0.006120,0.007658
-0.002937,0.000344,0.001320
-0.000024,0.005678,0.001346
-0.003844,0.015343,-0.004985
-0.001796,0.019619,-0.006050
-0.000698,0.022841,-0.008151
-0.002531,0.012139,-0.005047
-0.002516,0.000359,-0.000899
-0.003525,-0.009253,0.000112
-0.004581,-0.019985,0.006420
-0.003747,-0.027519,0.012720
-0.002882,-0.023246,0.012770
-0.001029,-0.018987,0.013883
-0.003025,-0.013613,0.009665
-0.000133,-0.007180,0.006518
0.001840,0.009926,0.003484
0.000003,0.018460,0.003524
0.001114,0.021658,0.003532
-0.000672,0.021702,-0.000699
0.000429,0.014232,-0.000764
0.000489,0.004684,-0.006111
-0.002458,-0.003849,-0.006144
-0.000569,-0.005929,-0.011454
-0.001643,-0.007056,-0.005085
-0.000704,0.004681,-0.005003
-0.003581,0.015278,0.002503
-0.001442,0.030174,0.006871
-0.005102,0.032300,0.006835
0.000013,0.029101,0.006828
-0.003677,0.019462,0.009914
-0.000625,0.009902,0.005600
-0.003497,-0.002866,0.002331
-0.001620,-0.013528,0.001163
-0.003686,-0.014544,-0.004158
-0.002828,-0.015665,0.001124
-0.002932,-0.012452,0.000112
-0.006892,-0.013540,0.002232
-0.004046,-0.012514,0.006471
-0.006039,-0.013613,0.009651
-0.002220,-0.015775,0.012843
-0.003237,-0.015790,0.013855
0.002526,-0.014703,0.011771
0.001477,-0.014707,0.011723
0.002399,-0.014664,0.007479
0.003320,-0.012477,0.002179
0.001271,-0.017803,0.001078
-0.000818,-0.019882,-0.004217
-0.001939,-0.016657,-0.006319
-0.001058,-0.007075,-0.004113
-0.002040,0.007767,0.005560
-0.003839,0.026922,0.011033
-0.005517,0.036495,0.014285
-0.006167,0.035397,0.017473
-0.003949,0.026881,0.015297
-0.002781,0.014067,0.016274
-0.002699,-0.002980,0.014037
-0.001732,-0.009372,0.012927
-0.001783,-0.007216,0.010838
-0.001787,-0.000847,0.014063
-0.001697,0.010878,0.015192
-0.002513,0.020502,0.013133
-0.000353,0.024769,0.013178
-0.001103,0.022665,0.009955
-0.000912,0.018443,0.005687
0.000201,0.019573,-0.000677
-0.003616,0.009969,-0.000760
0.001328,0.015350,-0.004923
0.000413,0.013216,-0.004942
0.002478,0.022808,-0.003811
-0.004214,0.022830,-0.005940
0.000803,0.021752,-0.004888
-0.004907,0.014258,-0.002831
-0.003869,0.004611,0.001322
-0.002850,0.005682,0.001359
-0.006708,0.004561,0.006641
-0.005713,-0.005044,0.006536
-0.003758,0.000260,0.009772
-0.002736,0.003448,0.010827
-0.004608,0.006650,0.010862
-0.002577,0.005594,0.009769
-0.003494,0.004505,0.011868
-0.001499,0.001310,0.010788
-0.001459,-0.004035,0.011816
-0.001475,-0.008238,0.005426
-0.000531,-0.007191,0.007579
-0.001527,-0.002875,0.003392
-0.000532,0.003516,0.004502
-0.000460,0.009931,0.003503
-0.000341,0.014176,0.005635
-0.000214,0.018474,0.002497
-0.000077,0.015316,-0.001768
0.000027,0.012113,-0.001810
-0.000896,0.003597,-0.004020
0.001046,-0.001717,-0.006217
-0.002916,-0.003820,-0.009419
-0.003008,-0.007048,-0.007337
-0.000180,-0.010260,-0.006304
-0.002227,-0.005996,-0.005215
-0.002269,-0.002794,-0.005173
-0.003287,0.001484,-0.006190
-0.003269,0.005688,0.000200
-0.003203,0.006755,0.000216
-0.003152,0.004609,0.001245
-0.001167,0.003501,0.005493
-0.004016,0.002435,0.005498
-0.004003,-0.000800,0.008661
-0.003990,-0.001865,0.008679
-0.002987,-0.000776,0.006573
-0.002009,0.001401,0.002355
-0.002956,0.004595,0.003450
-0.002900,0.007806,0.002410
-0.003786,0.012030,0.006671
-0.004645,0.013110,0.005647
-0.003557,0.010963,0.006675
-0.003493,0.004542,0.008783
-0.005407,-0.000847,0.014034
-0.002464,-0.004068,0.016142
0.001452,-0.004080,0.017197
0.002462,-0.001957,0.018269
0.003506,0.001297,0.012985
0.001632,0.002382,0.010838
0.000720,0.005654,0.003384
0.000759,0.003541,0.001243
0.000790,0.005705,-0.001949
-0.002113,0.006761,-0.000886
-0.002122,0.000373,-0.002004
-0.003109,0.001452,-0.003035
-0.004077,0.003519,0.003365
-0.005029,0.000318,0.003351
-0.005004,0.000308,0.004419
-0.004996,-0.006062,0.001194
-0.004067,-0.010342,0.002204
-0.003164,-0.012422,-0.003113
-0.004213,-0.007089,-0.003094
-0.002332,-0.003878,-0.004134
-0.000442,-0.000676,-0.004127
-0.000446,0.003583,-0.003022
0.000559,0.004651,-0.002999
-0.001355,0.002539,-0.005126
-0.002356,-0.007051,-0.006257
-0.003398,-0.011339,-0.004145
-0.000582,-0.014539,-0.004180
-0.003624,-0.013502,-0.000960
-0.002736,-0.008179,0.000155
-0.001802,-0.001819,0.004448
-0.001767,0.006726,0.003462
-0.001676,0.014153,0.007765
-0.001534,0.016311,0.005675
-0.002378,0.013109,0.005640
-0.000310,0.010963,0.006683
-0.001210,0.002469,0.002371
-0.001205,-0.001778,0.000183
-0.002212,-0.008203,0.002235
-0.002268,-0.008150,-0.003091
-0.002311,-0.002825,-0.001984
-0.003322,-0.001770,-0.000920
-0.003303,0.003502,0.005507
-0.004231,0.005646,0.004465
-0.004175,0.000323,0.003378
-0.003195,-0.005043,0.006521
-0.002248,-0.009300,0.005430
-0.002303,-0.007124,0.001197
-0.001385,-0.004978,0.000162
-0.001416,-0.003903,-0.000903
-0.000458,-0.001781,0.000156
-0.001433,0.007829,-0.000841
-0.000392,0.008918,-0.002947
-0.000313,0.011043,-0.001875
-0.001257,0.005729,-0.004029
-0.001242,0.002542,-0.005105
-0.000285,-0.001746,-0.003000
-0.001285,-0.002834,-0.000859
-0.001315,-0.003890,-0.001915
-0.003325,-0.002810,-0.002989
-0.002363,0.000379,-0.001921
-0.004280,0.003562,-0.000858
-0.003273,0.004627,-0.000876
-0.001295,0.003552,0.000182
-0.002239,0.001405,0.001204
-0.002227,-0.001808,0.002258
-0.002255,-0.005019,0.003305
-0.003258,-0.009271,0.002226
-0.002350,-0.008194,0.001168
-0.002367,-0.006099,0.005443
-0.002392,-0.004990,0.001202
-0.000462,-0.004970,-0.000913
-0.002422,-0.001769,-0.000885
-0.002453,-0.002794,-0.005138
-0.005412,-0.001714,-0.006169
-0.002523,-0.000668,-0.004045
-0.004484,0.000389,-0.002967
-0.002533,0.003527,0.003427
-0.000554,0.001328,0.009774
-0.000513,-0.001894,0.011861
0.000496,-0.002984,0.013953
0.002453,-0.005080,0.009706
0.001485,-0.007184,0.006483
0.000488,-0.006073,0.002248
0.000446,-0.004983,0.000149
0.001368,-0.001760,-0.001973
-0.001591,-0.003851,-0.006229
-0.003570,0.001441,-0.001917
-0.005520,0.004641,-0.001910
-0.005476,0.008871,0.002384
-0.006367,0.007815,0.001321
-0.006297,0.005649,0.004507
-0.006270,-0.001832,0.005510
-0.004329,-0.007174,0.006508
-0.002438,-0.013533,0.002229
-0.002539,-0.016729,0.001114
-0.000701,-0.012471,0.002219
-0.002726,-0.009261,0.001158
-0.000799,-0.002871,0.002247
-0.000784,0.004630,-0.000870
0.000225,0.005708,-0.001915
-0.001689,0.003596,-0.004049
-0.000736,-0.002804,-0.004077
-0.000774,-0.004907,-0.007278
-0.000854,-0.009175,-0.007302
-0.000948,-0.007079,-0.003040
-0.001941,0.003558,0.000208
-0.001908,0.009929,0.003426
-0.000825,0.015264,0.003465
-0.000702,0.010990,0.003459
-0.001596,0.006743,0.001299
-0.001592,-0.004982,0.000142
-0.001643,-0.009217,-0.003058
-0.001733,-0.013482,-0.003089
-0.003763,-0.008158,-0.001988
-0.001865,-0.001787,0.001251
-0.002829,0.004584,0.004490
-0.002739,0.009874,0.008767
-0.003623,0.007739,0.008748
-0.003546,0.003495,0.006588
-0.001543,-0.000794,0.008687
-0.001548,-0.007133,0.002272
-0.002556,-0.012459,0.001158
-0.000693,-0.010296,-0.002027
-0.000770,-0.007062,-0.005175
-0.000835,-0.000645,-0.006188
0.001092,0.004689,-0.006163
0.001114,0.007889,-0.006120
-0.000788,0.011100,-0.007167
-0.002693,0.010028,-0.007153
-0.002620,0.011086,-0.006069
-0.003546,0.007890,-0.006099
-0.001570,0.002565,-0.007207
-0.002542,-0.001749,-0.003006
-0.002574,-0.000683,-0.003003
-0.000656,-0.002835,-0.000908
-0.001629,-0.001768,-0.000906
-0.003589,0.000319,0.003358
-0.002610,0.000320,0.003365
-0.003580,0.000325,0.003356
-0.000639,-0.001850,0.007609
-0.001598,-0.000798,0.008667
-0.002551,-0.002909,0.006547
-0.001574,-0.002898,0.005478
-0.002538,-0.002876,0.003356
-0.000590,-0.002883,0.003345
-0.000577,-0.001762,-0.001937
-0.002540,-0.000679,-0.002998
-0.004490,0.001455,-0.002979
-0.003521,0.001454,-0.003000
-0.002561,-0.001705,-0.007265
-0.002591,-0.001746,-0.002993
-0.004566,-0.001736,-0.004068
-0.006555,-0.001801,0.002306
-0.003632,-0.000765,0.005505
-0.002651,0.000261,0.009779
0.000321,0.001306,0.011903
0.001362,0.001275,0.015093
0.001416,0.002395,0.009791
0.001493,0.001340,0.008720
0.002527,0.002448,0.004457
0.000611,0.002489,0.000193
0.000640,0.004653,-0.003000
-0.003234,0.008938,-0.005097
-0.003210,0.006835,-0.008312
-0.006120,0.002529,-0.004100
-0.006161,-0.003852,-0.006264
-0.006221,-0.007096,-0.002013
-0.006306,-0.010285,-0.003088
-0.005422,-0.012434,-0.000951
-0.002580,-0.009264,0.002273
-0.002618,-0.001788,0.001265
-0.002597,0.005672,0.002391
-0.000576,0.009932,0.003475
-0.000487,0.006730,0.003440
-0.001408,0.002479,0.001289
-0.000432,-0.003892,-0.001950
-0.002451,-0.011306,-0.007314
-0.002554,-0.010219,-0.009455
-0.002654,-0.004906,-0.007293
0.000208,0.001466,-0.004040
0.000206,0.005723,-0.002956
-0.001699,0.008905,-0.000792
-0.000654,0.008862,0.003459
-0.001577,0.003539,0.002365
-0.001548,-0.001789,0.001280
-0.001560,-0.007103,-0.000889
-0.003549,-0.002842,0.000201
-0.002582,-0.001808,0.003380
-0.003561,0.002532,-0.004030
-0.002563,0.005701,-0.000819
-0.002528,0.005670,0.002363
-0.004445,-0.000700,-0.000869
-0.005437,-0.002859,0.001229
-0.005439,-0.003958,0.004402
-0.003520,-0.007199,0.008617
-0.002570,-0.009282,0.003266
-0.003593,-0.010390,0.007507
-0.002638,-0.003978,0.006495
-0.001689,-0.002888,0.004389
-0.000723,-0.002835,-0.000923
-0.001724,-0.003896,-0.001984
-0.000761,-0.000681,-0.002990
0.001162,0.002572,-0.008273
0.001166,0.004673,-0.005079
0.001198,0.008977,-0.008218
0.000277,0.010042,-0.008230
-0.000653,0.011131,-0.010342
-0.001594,0.004738,-0.011466
-0.002576,0.000460,-0.010457
-0.003609,-0.002731,-0.011546
-0.002698,-0.003810,-0.010501
-0.003717,0.001473,-0.005142
-0.002755,0.004674,-0.005114
-0.002751,0.010020,-0.006122
-0.001736,0.011078,-0.005030
-0.002640,0.011078,-0.005023
-0.001624,0.007892,-0.006092
-0.000629,0.004680,-0.005059
-0.000628,0.001488,-0.006120
-0.002578,0.003579,-0.001864
-0.003524,0.003560,0.000236
-0.002514,0.002512,-0.001916
-0.001527,0.000351,0.000161
-0.003462,0.002495,-0.000895
-0.003455,0.001470,-0.005149
-0.003494,-0.004932,-0.005198
-0.002603,-0.007011,-0.010522
-0.001737,-0.010201,-0.011604
-0.002829,-0.009108,-0.013690
-0.002906,-0.000603,-0.010425
-0.001982,0.001517,-0.009366
-0.001998,0.002551,-0.006180
-0.000052,0.003608,-0.005117
-0.001012,0.002499,-0.000875
0.000965,0.000344,0.001242
0.000026,0.001433,-0.000864
-0.000950,0.001454,-0.002986
-0.001928,-0.000669,-0.004065
-0.000975,0.001516,-0.009351
-0.001988,-0.000618,-0.009377
-0.002018,-0.001663,-0.011516
-0.004005,0.005816,-0.012532
-0.005958,0.007909,-0.008256
-0.004935,0.015379,-0.008184
-0.005815,0.017430,0.000337
-0.003716,0.017440,-0.000724
-0.003586,0.014186,0.004546
-0.001540,0.007774,0.005572
0.000441,-0.000733,0.002315
0.000418,-0.007074,-0.004142
0.001339,-0.003871,-0.004108
-0.001644,-0.003808,-0.010494
-0.000720,0.001557,-0.013651
-0.002664,0.009028,-0.013572
-0.002660,0.012263,-0.016721
-0.002636,0.012264,-0.016707
-0.002634,0.010076,-0.011413
-0.001624,0.008988,-0.009294
0.000353,0.007921,-0.009296
-0.001571,0.003630,-0.007225
-0.002516,0.005755,-0.006139
-0.001528,0.004676,-0.005108
-0.001515,0.003618,-0.006185
-0.002508,0.000437,-0.008349
-0.001566,0.001544,-0.012597
-0.000652,-0.001645,-0.013672
-0.003616,0.000512,-0.015755
-0.003682,0.001569,-0.014677
-0.004689,0.003683,-0.012523
-0.003722,0.005838,-0.014633
-0.004712,0.006862,-0.010387
-0.003704,0.005754,-0.006131
-0.002711,0.002519,-0.002997
-0.002681,0.002519,-0.003004
-0.003643,0.002502,-0.000869
-0.002677,-0.000700,-0.000904
-0.001715,-0.000647,-0.006209
-0.002705,-0.000656,-0.005134
-0.002715,0.001479,-0.005109
-0.000777,0.004704,-0.007182
-0.001718,0.011102,-0.007132
-0.001662,0.015352,-0.004938
0.001362,0.016408,-0.003875
-0.001447,0.012150,-0.004973
-0.002362,0.005779,-0.008219
-0.003342,0.002576,-0.008268
-0.002395,-0.001716,-0.006218
-0.002440,-0.003852,-0.006264
-0.003499,-0.007034,-0.008421
-0.003582,-0.009188,-0.006304
-0.002708,-0.013466,-0.005287
-0.002852,-0.016656,-0.006363
-0.002979,-0.016667,-0.005266
-0.003093,-0.015631,-0.002067
-0.002200,-0.006010,-0.003032
-0.002195,0.004597,0.003420
-0.003092,0.012079,0.002431
-0.001041,0.013135,0.003495
-0.000929,0.011015,0.001371
-0.000858,0.004645,-0.001861
-0.003788,-0.000688,-0.001916
-0.002853,-0.007080,-0.003033
-0.002910,-0.004953,-0.001940
-0.002950,0.001427,0.000224
-0.004890,0.004583,0.004483
-0.003847,0.008853,0.004534
-0.001811,0.008821,0.007710
-0.002703,0.002366,0.012980
0.000269,-0.004068,0.016107
-0.001682,-0.011527,0.014987
-0.001669,-0.006201,0.016066
-0.001646,-0.004034,0.012909
-0.000643,-0.004006,0.009706
-0.002599,-0.002874,0.003363
-0.001650,-0.003901,-0.000904
-0.002665,-0.006026,-0.001997
-0.003710,-0.002791,-0.005146
-0.003753,-0.004988,0.001215
-0.004749,0.000305,0.005492
-0.004714,0.001373,0.005522
-0.003677,0.003420,0.014044
-0.002615,0.001297,0.012978
-0.002550,0.001309,0.011917
-0.001541,-0.005104,0.012922
-0.000543,-0.001864,0.008693
-0.000529,-0.000797,0.008695
-0.000480,0.004598,0.003427
-0.001406,0.006762,0.000235
-0.002352,0.004674,-0.005093
-0.003306,0.003618,-0.006156
-0.003317,-0.002769,-0.007261
-0.002395,-0.006034,-0.000923
-0.002442,-0.003943,0.003354
-0.003433,-0.002908,0.006539
-0.002452,-0.003996,0.008680
-0.001448,-0.002919,0.007615
-0.003376,0.001360,0.006598
-0.001385,-0.002888,0.004432
-0.000416,-0.001799,0.002305
0.000561,-0.002845,0.000174
-0.002393,0.000378,-0.001928
-0.001403,0.003611,-0.005083
-0.003351,0.005727,-0.002929
-0.002323,0.006782,-0.001872
-0.005212,0.003529,0.003426
-0.004234,-0.000728,0.002327
-0.003242,0.001382,0.004476
-0.001274,-0.002896,0.005506
-0.000283,-0.000772,0.006579
-0.000276,0.001320,0.010848
0.000759,0.005609,0.008743
-0.000125,0.008798,0.009811
-0.000005,0.010950,0.007709
0.000080,0.007769,0.005545
-0.000827,0.000346,0.001241
-0.002805,-0.008148,-0.003077
-0.002869,-0.010315,0.000073
-0.003911,-0.004980,0.000106
-0.003935,-0.002889,0.004354
-0.005905,-0.002931,0.008605
-0.005899,-0.007199,0.008603
-0.004929,-0.010462,0.014969
-0.005910,-0.014750,0.017096
-0.004991,-0.015859,0.021344
-0.004031,-0.013743,0.023498
-0.003035,-0.009497,0.025644
-0.002044,-0.007323,0.021398
-0.000063,-0.003024,0.018245
0.001931,-0.004007,0.009720
0.002890,-0.009292,0.004334
0.001845,-0.015613,-0.004223
0.002687,-0.020938,-0.005338
0.002515,-0.016596,-0.012749
-0.000571,-0.014472,-0.011669
-0.002595,0.000481,-0.012572
-0.003597,0.004760,-0.013603
-0.004579,0.003685,-0.012531
-0.006525,0.004690,-0.006135
-0.008458,0.000402,-0.004029
-0.008459,-0.001783,0.001292
-0.006517,-0.000791,0.008742
-0.005523,0.002390,0.010899
-0.002540,0.005549,0.015157
-0.000506,0.003362,0.020457
0.003467,-0.001963,0.019350
0.002556,-0.000863,0.016183
0.002578,-0.002927,0.008732
0.002595,-0.002897,0.005535
0.002605,-0.000720,0.001288
0.000642,-0.000701,-0.000868
0.001624,-0.000710,0.000171
-0.002263,0.002501,-0.000883
-0.005176,0.006746,0.001270
-0.006102,0.006746,0.001270
-0.007051,0.001408,0.001231
-0.007042,-0.001823,0.004407
-0.007022,-0.000741,0.003375
-0.005082,-0.005052,0.007574
-0.003153,-0.005043,0.006521
-0.002201,-0.008266,0.008601
-0.001248,-0.005043,0.006514
-0.000296,-0.006047,0.000139
0.000660,-0.003912,0.000164
0.001629,0.004647,-0.001869
0.000692,0.005771,-0.007159
-0.000254,0.010050,-0.008183
-0.000230,0.006879,-0.011386
-0.000212,0.005792,-0.009245
-0.003144,0.003627,-0.006103
-0.002177,-0.001729,-0.004013
-0.003163,-0.002870,0.003383
-0.003151,0.000311,0.005554
-0.003141,-0.001815,0.004461
-0.004086,0.001407,0.002360
-0.003088,0.002458,0.003411
-0.001119,0.004624,0.000232
-0.000102,0.005704,-0.000820
-0.000085,0.002534,-0.004038
-0.000082,0.005767,-0.007186
-0.001062,0.002588,-0.009322
-0.001081,-0.000600,-0.010391
-0.003081,-0.004870,-0.010442
-0.004111,-0.004883,-0.009380
-0.005161,-0.005972,-0.007274
-0.005212,-0.003880,-0.003040
-0.005245,-0.000710,0.000178
-0.004259,-0.000732,0.002286
-0.004241,0.001391,0.003366
-0.003266,-0.000732,0.002286
-0.001293,-0.001809,0.003351
-0.000311,0.002482,0.001280
0.000706,0.007839,-0.000802
0.000771,0.007809,0.002387
-0.000124,0.007863,-0.002918
-0.000092,0.005726,-0.002921
-0.001056,-0.000657,-0.005113
-0.001109,-0.003849,-0.006180
-0.001144,-0.001705,-0.007243
-0.001168,0.002557,-0.006146
-0.003111,0.008948,-0.005043
-0.003033,0.012106,-0.000771
-0.002968,0.004605,0.002361
-0.001970,-0.004999,0.002262
-0.002986,-0.014603,0.002178
-0.004082,-0.019951,0.003200
-0.005191,-0.016761,0.004275
-0.003314,-0.007177,0.006467
-0.002330,0.001393,0.003372
-0.003278,0.002481,0.001267
-0.002264,0.003559,0.000222
-0.003225,0.001448,-0.001891
-0.004202,-0.002809,-0.002975
-0.006200,-0.007067,-0.004066
-0.005258,-0.003899,-0.000869
-0.003342,-0.006087,0.004425
-0.002398,-0.006140,0.009730
-0.002409,-0.009391,0.014998
-0.000463,-0.011547,0.017102
0.001473,-0.012636,0.019222
0.001438,-0.012562,0.011795
0.003351,-0.013566,0.005406
0.003297,-0.007133,0.002258
0.002293,-0.000680,-0.003026
0.001323,0.006831,-0.007232
0.000381,0.007942,-0.011475
-0.001525,0.013287,-0.012510
-0.003444,0.009016,-0.012539
-0.003430,0.005825,-0.013635
-0.007346,0.000450,-0.009396
-0.007424,-0.003840,-0.007305
-0.007466,-0.000679,-0.003026
-0.005553,-0.003911,0.000150
-0.004586,-0.000753,0.004443
-0.002607,0.002437,0.005525
-0.001581,0.003515,0.004488
0.001394,0.002427,0.006607
-0.000529,0.002448,0.004471
0.001466,0.002502,-0.000820
0.000521,0.004637,-0.000823
-0.000398,0.011072,-0.003950
-0.001312,0.014291,-0.006071
-0.001268,0.012177,-0.008225
-0.003178,0.007912,-0.008271
-0.003143,0.004733,-0.010414
-0.004152,0.002626,-0.013607
-0.004201,-0.002697,-0.014694
-0.001343,-0.006994,-0.011528
0.000518,-0.009140,-0.010493
-0.001540,-0.013453,-0.006299
-0.004561,-0.011372,-0.000969
-0.005592,-0.007126,0.001170
-0.004662,-0.001811,0.003345
-0.003684,-0.001823,0.004378
-0.003674,-0.002858,0.001186
-0.002708,-0.000725,0.001183
-0.002730,-0.001780,0.000127
-0.001780,-0.000701,-0.000918
0.000166,0.001467,-0.004069
0.000171,0.003602,-0.004029
0.000186,0.004671,-0.003999
-0.000781,0.000373,-0.000819
-0.001771,-0.007077,-0.003020
-0.002793,-0.008173,0.000167
-0.002828,-0.000727,0.002320
-0.003789,0.001415,0.001271
-0.003748,0.004594,0.003407
-0.000779,0.003558,0.000208
-0.001735,0.001455,-0.003000
-0.001761,-0.002770,-0.007268
0.000123,-0.004905,-0.007300
-0.001886,-0.002715,-0.012595
-0.000969,0.002597,-0.010447
-0.000977,0.009008,-0.011465
-0.000951,0.010055,-0.009320
-0.002854,0.005767,-0.007229
-0.002858,-0.000624,-0.008339
-0.003879,-0.007059,-0.005198
-0.003975,-0.013470,-0.004172
-0.002131,-0.010282,-0.003096
-0.002202,-0.009225,-0.002019
-0.002246,-0.001779,0.000155
-0.001259,0.004602,0.002333
-0.001197,0.008904,-0.000813
-0.001147,0.006801,-0.004022
-0.002081,0.002569,-0.007201
-0.000160,-0.000589,-0.011473
-0.003117,0.003657,-0.009328
-0.005042,0.007915,-0.008215
-0.006008,0.005767,-0.007186
-0.004996,0.007838,-0.000795
-0.004966,0.003570,-0.000832
-0.003994,-0.002905,0.006560
-0.001089,-0.010431,0.011807
-0.001131,-0.009351,0.010777
0.000810,-0.008296,0.011819
0.001800,0.002374,0.011884
0.001876,0.008841,0.005538
0.001962,0.009970,-0.000846
0.002004,0.003637,-0.008349
0.000039,0.001599,-0.017916
-0.001980,-0.001582,-0.020088
-0.005001,-0.004728,-0.025393
-0.005117,-0.003689,-0.022188
-0.004236,-0.003719,-0.018977
-0.007266,-0.003749,-0.015752
-0.008304,0.000456,-0.009335
-0.006342,0.008898,0.000310
-0.004312,0.014223,0.001418
-0.002253,0.015288,0.001428
-0.002129,0.014221,0.001419
-0.001051,0.007840,-0.000781
0.001931,0.005778,-0.008254
0.000938,-0.001630,-0.014706
0.000849,-0.004757,-0.022161
-0.001244,-0.005780,-0.026408
-0.002369,-0.007895,-0.028569
-0.001564,-0.009005,-0.024341
-0.003638,-0.000489,-0.022145
-0.003689,0.006899,-0.013571
-0.003674,0.011082,-0.005039
-0.003589,0.013206,-0.003967
-0.001556,0.005696,0.000240
-0.002488,0.001436,-0.000858
-0.003474,-0.003879,-0.003026
-0.002560,-0.012351,-0.009460
-0.000765,-0.018722,-0.012699
0.000053,-0.014424,-0.015879
-0.001045,-0.001621,-0.015802
-0.000114,0.013303,-0.014623
-0.000043,0.021828,-0.013515
-0.000909,0.022875,-0.011377
0.000174,0.018587,-0.009258
-0.001707,0.011114,-0.008229
-0.001663,0.005813,-0.011424
-0.003634,0.001514,-0.008272
-0.002662,0.005750,-0.005051
-0.004568,0.012128,-0.002894
-0.006416,0.023843,-0.000704
-0.003302,0.029178,-0.000650
-0.002108,0.035558,0.001500
-0.003828,0.031332,-0.002767
-0.001690,0.021751,-0.004952
-0.001588,0.014315,-0.008187
-0.001556,0.003677,-0.011449
-0.001583,0.002602,-0.010370
-0.001607,-0.000557,-0.014649
-0.002618,-0.000611,-0.009351
-0.002659,-0.004859,-0.011524
-0.003677,-0.001649,-0.012599
-0.005690,0.000492,-0.013690
-0.003784,0.003690,-0.013682
-0.003809,0.003666,-0.011588
-0.002878,-0.000571,-0.014808
-0.002956,-0.005925,-0.012698
-0.003076,-0.014416,-0.016982
-0.002256,-0.018726,-0.012761
-0.003385,-0.014477,-0.010546
-0.003508,-0.011285,-0.009443
-0.003599,-0.007014,-0.009378
-0.004615,-0.001678,-0.009325
-0.004618,0.005732,-0.002881
-0.004546,0.009978,-0.000728
-0.006424,0.008888,0.001385
-0.004403,0.005633,0.006662
-0.003382,-0.000780,0.007646
-0.002399,-0.005048,0.007608
-0.002442,-0.013658,0.014960
-0.000560,-0.016836,0.012831
-0.001613,-0.015751,0.010727
0.000292,-0.010416,0.010766
-0.000705,-0.003982,0.007625
0.000309,0.003509,0.005569
-0.000616,0.005673,0.002384
-0.002509,0.007849,-0.001856
-0.001509,0.002566,-0.007236
-0.004446,0.001488,-0.006184
-0.004466,0.002533,-0.004066
-0.004470,0.000399,-0.004085
-0.006436,-0.001755,-0.001975
-0.006457,-0.002884,0.004402
-0.004501,-0.005000,0.002263
-0.002559,-0.002874,0.003384
-0.002547,0.001406,0.002353
-0.001550,0.002505,-0.000828
0.001414,0.005716,-0.001868
0.000507,0.013228,-0.006053
0.000605,0.018583,-0.008156
-0.002233,0.017556,-0.012437
-0.002160,0.012211,-0.011452
-0.003143,0.004762,-0.013646
-0.003201,-0.002699,-0.014786
-0.005255,-0.009099,-0.014814
-0.004428,-0.014394,-0.019076
-0.003627,-0.012269,-0.017975
0.000152,-0.010244,-0.006253
-0.000901,-0.006017,-0.001951
-0.004813,0.002442,0.005566
-0.006675,0.013061,0.010972
-0.005553,0.015153,0.015227
-0.004389,0.011929,0.017314
-0.006192,0.004481,0.015105
-0.005157,-0.002958,0.011843
-0.004220,-0.013546,0.003234
-0.001413,-0.020983,-0.000007
-0.001559,-0.016708,-0.001065
0.000265,-0.011329,-0.005256
0.001166,-0.001734,-0.004111
0.000202,0.008917,-0.001882
0.001223,0.011037,-0.000808
0.000328,0.008946,-0.005057
0.000378,0.004646,-0.001890
-0.002548,-0.002823,-0.001942
-0.002578,-0.001741,-0.003002
-0.003582,0.000362,0.000214
-0.004529,0.004574,0.005557
-0.005453,0.006686,0.007684
-0.004381,0.009869,0.009833
-0.002357,0.004534,0.009786
-0.002301,-0.000788,0.008671
-0.002275,-0.006103,0.006502
-0.000368,-0.006054,0.001192
-0.000416,-0.007111,0.000121
-0.002399,-0.000709,0.000163
-0.002395,0.008925,-0.002963
-0.002332,0.013184,-0.001866
-0.001269,0.011028,0.000238
-0.002180,0.005672,0.002334
-0.002140,0.000370,-0.000882
-0.004138,-0.012458,0.001143
-0.003266,-0.017784,0.000022
-0.003386,-0.015637,-0.001014
-0.003477,-0.008136,-0.004146
-0.002527,0.001472,-0.004064
-0.003490,0.008941,-0.004012
-0.003420,0.015343,-0.003942
-0.004290,0.014267,-0.002869
-0.004231,0.005731,-0.002916
-0.004237,-0.003851,-0.005101
-0.002340,-0.008151,-0.001934
-0.001431,-0.007169,0.006570
-0.000478,-0.002943,0.010838
-0.000432,0.005560,0.014061
-0.001308,0.006592,0.017240
-0.001166,0.011938,0.016218
-0.001057,0.005556,0.014040
-0.001967,-0.001902,0.012921
0.001923,-0.010354,0.004358
-0.001073,-0.014591,0.001131
-0.001181,-0.009224,-0.001991
-0.001235,0.000412,-0.005097
-0.003171,0.006786,-0.001859
-0.003117,0.014255,-0.001794
-0.003003,0.014233,0.000329
-0.004865,0.005715,-0.001889
-0.004840,0.000367,-0.000888
-0.004838,0.000335,0.002295
-0.001911,0.001395,0.003372
-0.002871,-0.001809,0.003316
-0.000925,-0.002854,0.001199
-0.000934,-0.002856,0.001178
0.000992,-0.002793,-0.005174
0.000962,0.002618,-0.012547
-0.000995,0.004774,-0.014651
-0.001023,0.007996,-0.016759
-0.001016,0.009043,-0.014628
-0.000996,0.009043,-0.014628
-0.001971,0.007919,-0.009338
-0.002943,0.000440,-0.008321
-0.003930,0.000410,-0.005118
-0.002953,-0.000720,0.001253
-0.002979,-0.003951,0.004428
-0.002993,-0.006107,0.006532
-0.002967,0.000267,0.009755
-0.002901,0.005624,0.007673
-0.001851,0.003504,0.005513
-0.002761,0.004571,0.005523
-0.001761,0.000347,0.001219
-0.002761,-0.003910,0.000128
-0.000836,-0.004956,-0.002010
-0.000908,-0.010300,-0.000961
-0.001965,-0.011346,-0.003099
-0.002977,-0.001795,0.002296
-0.001977,0.005651,0.004471
-0.000949,0.004572,0.005508
-0.001875,-0.000738,0.003338
-0.003816,-0.001785,0.001193
-0.001891,-0.001757,-0.001982
-0.000936,-0.001724,-0.005158
-0.001927,0.001455,-0.003015
0.000032,0.008978,-0.008261
-0.001873,0.014297,-0.006066
-0.003762,0.013230,-0.006068
-0.002729,0.011085,-0.004997
-0.001708,0.006807,-0.003946
-0.002677,-0.000664,-0.004004
-0.002690,-0.001773,0.000231
-0.001700,0.002479,0.002403
-0.003605,0.002456,0.004504
-0.003543,0.004586,0.004496
-0.001541,0.001362,0.006569
-0.002494,0.002430,0.006557
-0.003440,0.000305,0.005463
-0.001489,-0.002888,0.004382
-0.001510,-0.005012,0.003296
-0.002518,-0.007176,0.006488
-0.001576,-0.005008,0.003337
-0.001599,-0.003928,0.002306
-0.001612,-0.001782,0.001277
-0.003555,0.001483,-0.005054
-0.003534,0.008931,-0.002873
-0.005407,0.014242,-0.000710
-0.004324,0.016366,0.000376
-0.004196,0.012054,0.004569
-0.004122,0.003486,0.007684
-0.002165,-0.005079,0.010805
-0.000239,-0.010436,0.012874
-0.000253,-0.006179,0.013972
0.000718,-0.002989,0.015061
0.000774,0.005557,0.014076
0.002822,0.008737,0.016226
0.000989,0.006647,0.011962
0.001067,0.002408,0.008714
0.000123,-0.003969,0.006528
-0.000879,-0.003918,0.001202
-0.004805,-0.003899,-0.000947
-0.004850,-0.001733,-0.004105
-0.003901,0.002512,-0.001951
-0.005846,0.003558,0.000180
-0.005825,0.001404,0.002304
-0.004830,0.001383,0.004433
-0.004831,-0.001824,0.005500
-0.003864,-0.006112,0.007605
-0.002907,-0.008227,0.005472
-0.000979,-0.005048,0.007609
-0.000022,-0.006094,0.005484
-0.000997,-0.002897,0.005457
0.001936,0.000334,0.002296
0.000005,0.003599,-0.004049
-0.000960,0.004711,-0.008299
0.000007,0.004742,-0.011489
-0.001972,0.001529,-0.010449
-0.000077,-0.003815,-0.009407
-0.001118,-0.003847,-0.006223
-0.001156,-0.000664,-0.004032
-0.004083,0.002548,-0.005086
-0.002086,0.006721,0.004507
-0.002031,0.002478,0.002368
-0.001017,0.004622,0.001311
-0.004876,0.002463,0.003394
-0.001923,0.001396,0.003385
-0.002886,-0.001819,0.004398
-0.002898,-0.002842,0.000166
-0.003902,-0.005000,0.002241
-0.002973,-0.007124,0.001155
-0.004963,-0.006105,0.006488
-0.003054,-0.003896,-0.000920
-0.003031,-0.000762,0.005483
-0.001083,0.000316,0.004445
-0.000082,0.006732,0.003439
-0.001009,0.007831,0.000265
0.000023,0.008897,0.000282
-0.002832,0.005717,-0.001868
-0.001827,0.005720,-0.001862
-0.002796,0.000383,-0.001922
-0.000852,-0.000687,-0.001924
-0.001842,0.000358,0.000187
-0.001859,-0.000688,-0.001959
-0.002836,0.001446,-0.001940
-0.002853,0.000356,0.000138
-0.000888,0.000357,0.000159
-0.002832,0.001424,0.000154
-0.000902,-0.002810,-0.003039
-0.001902,-0.002813,-0.003031
-0.000960,-0.000647,-0.006202
-0.001946,0.002568,-0.007236
-0.002884,0.007861,-0.002946
-0.003824,0.005714,-0.001910
-0.002825,0.003568,-0.000881
-0.004759,-0.002836,-0.000936
-0.004798,-0.007124,0.001176
-0.003898,-0.014620,0.004306
-0.003958,-0.009326,0.008610
-0.004971,-0.005040,0.006520
-0.003957,0.001342,0.008705
-0.002920,0.007734,0.009836
-0.000865,0.007767,0.006667
-0.000812,0.005709,-0.000786
-0.001756,-0.000683,-0.001896
-0.002753,-0.001730,-0.004020
-0.002804,-0.004921,-0.005123
-0.001884,-0.001752,-0.001926
-0.000944,-0.000718,0.001252
0.000027,0.001395,0.003357
0.001073,0.006700,0.006601
0.000174,0.008831,0.006620
0.001219,0.005642,0.005545
-0.001651,0.000319,0.004437
-0.001644,-0.003929,0.002263
-0.001655,-0.003933,0.002272
-0.002644,-0.002900,0.005444
-0.004585,0.002472,0.002320
-0.005508,0.005673,0.002341
-0.005454,0.007774,0.005550
-0.004407,0.008863,0.003437
-0.003381,0.003538,0.002330
-0.003361,0.000328,0.003390
-0.002372,-0.001805,0.003371
-0.003356,-0.002872,0.003355
-0.000422,0.000350,0.001261
0.001517,-0.000717,0.001252
-0.000442,-0.000700,-0.000890
-0.000432,-0.001756,-0.001960
0.001500,0.002528,-0.002986
-0.000432,0.003680,-0.011472
-0.001419,0.002578,-0.008297
-0.001424,0.004723,-0.009339
-0.003388,0.000463,-0.010451
-0.002443,0.003654,-0.009369
-0.003431,0.002539,-0.004047
-0.003406,0.003563,0.000206
-0.004343,0.004604,0.002347
-0.004306,0.005672,0.002370
-0.003280,0.001355,0.007650
-0.002285,-0.001793,0.002317
-0.002283,-0.002837,0.000206
-0.002289,-0.001772,0.000195
-0.001324,0.002526,-0.002957
-0.000337,0.003582,-0.001893
-0.000334,0.001441,-0.000860
-0.002287,-0.001718,-0.005139
-0.004248,0.001462,-0.002989
-0.003272,0.004631,0.000215
-0.002284,0.004616,0.001271
-0.004195,0.003538,0.002315
-0.003205,0.000335,0.002288
-0.003197,-0.000733,0.002265
-0.002225,-0.001798,0.002269
-0.003211,-0.000720,0.001217
-0.001274,-0.001785,0.001207
-0.001270,0.000371,-0.000889
-0.002246,-0.000663,-0.004054
-0.000292,0.001462,-0.002960
-0.000284,0.003616,-0.005070
-0.002210,0.008941,-0.003962
-0.003106,0.009973,-0.000783
-0.003037,0.009971,-0.000804
-0.002983,0.006793,-0.002962
-0.002945,0.000379,-0.001964
-0.002009,-0.006021,-0.002020
-0.001104,-0.011334,-0.004168
-0.002183,-0.011359,-0.002038
-0.003224,-0.004945,-0.003029
-0.002291,-0.002818,-0.001957
-0.003235,0.009945,0.002405
-0.003155,0.011019,0.001348
-0.002089,0.008896,0.000275
-0.002988,0.006740,0.002379
-0.002967,0.002472,0.002349
-0.002944,-0.000738,0.003388
-0.001967,0.001386,0.004474
-0.004862,0.001402,0.003412
-0.003874,0.001402,0.003412
-0.001880,0.001420,0.001312
-0.002861,0.000362,0.000221
-0.003821,0.002531,-0.002937
-0.004796,0.001471,-0.004042
-0.003819,0.001460,-0.002966
-0.002853,0.000370,-0.000868
-0.001890,-0.001825,0.005486
-0.001904,-0.006105,0.006503
0.000007,-0.009321,0.007530
0.000929,-0.010377,0.006467
0.000891,-0.010363,0.005419
0.000882,-0.001827,0.005480
-0.000082,0.000318,0.004423
-0.001031,0.002441,0.005488
-0.001973,0.002448,0.004421
-0.003889,0.000326,0.003356
-0.005843,-0.003930,0.002271
-0.005877,-0.007108,0.000149
-0.005922,-0.003905,0.000176
-0.004024,-0.006059,0.002293
-0.005031,-0.002859,0.002329
-0.002093,0.002443,0.005537
-0.001060,0.005628,0.007686
-0.000014,0.005626,0.007665
0.000037,0.000337,0.002323
0.001010,-0.007092,-0.002007
-0.001016,-0.011313,-0.006304
-0.000134,-0.007003,-0.010525
0.000770,0.001551,-0.012599
-0.000225,0.006919,-0.015722
-0.004109,0.013298,-0.013557
-0.003113,0.012232,-0.013553
-0.003080,0.005779,-0.008283
-0.004074,-0.000664,-0.004053
-0.003139,-0.006069,0.003354
-0.004153,-0.009290,0.005469
-0.003188,-0.000811,0.010857
-0.002138,0.007704,0.013047
-0.002039,0.007704,0.013011
0.000011,0.007756,0.007692
-0.000884,0.005631,0.006606
0.000118,0.001436,-0.000872
-0.001862,-0.004921,-0.005166
-0.002919,-0.003834,-0.007299
-0.002008,-0.000657,-0.005141
-0.002987,0.004646,-0.001919
-0.003929,0.005703,-0.000834
-0.003903,0.001403,0.002318
-0.002925,-0.006082,0.004387
-0.001964,-0.011427,0.005423
-0.002022,-0.011396,0.002233
-0.002079,-0.008205,0.003329
-0.001147,-0.002874,0.003356
-0.001136,0.003549,0.001276
0.000848,0.005696,0.000233
-0.000075,0.003603,-0.004044
-0.000074,-0.000652,-0.005136
-0.000107,-0.007043,-0.006239
-0.001167,-0.005990,-0.005189
-0.002198,-0.003854,-0.005150
-0.002226,0.001480,-0.005110
-0.002211,0.008918,-0.001861
-0.003115,0.008884,0.001323
-0.003066,0.003569,-0.000846
-0.002093,-0.002830,-0.000903
-0.002127,-0.007129,0.002263
-0.002191,-0.011397,0.002226
-0.003246,-0.009273,0.003299
-0.002326,-0.007152,0.004372
-0.001371,-0.002905,0.006524
-0.001366,-0.001816,0.004404
-0.001345,-0.000770,0.006535
-0.000369,-0.003949,0.004399
0.000608,-0.003897,-0.000913
-0.004298,-0.004974,0.000132
-0.002395,-0.002809,-0.003039
-0.003399,-0.002823,-0.001984
-0.003428,-0.004944,-0.003036
-0.005416,-0.005987,-0.005176
-0.004512,-0.004929,-0.004092
-0.001624,-0.002805,-0.003019
-0.003570,0.004622,0.001297
-0.003528,0.006766,0.000270
-0.002494,0.008880,0.002431
-0.001451,0.008873,0.003505
-0.001410,0.004604,0.003461
0.000572,-0.001830,0.006602
0.003494,0.000324,0.004477
-0.000374,0.001376,0.005542
0.000651,0.001385,0.004454
0.000693,0.004567,0.006596
-0.000220,0.002463,0.003373
-0.002155,-0.002875,0.003299
-0.002166,-0.003930,0.002250
-0.003187,-0.007080,-0.003076
-0.006186,-0.008156,-0.002003
-0.005302,-0.009217,-0.001993
-0.003406,-0.006015,-0.001951
-0.004418,-0.001769,0.000201
-0.004398,0.004644,-0.000811
-0.003367,0.007813,0.002379
-0.001332,0.006723,0.004471
0.000666,0.001386,0.004425
-0.000299,-0.003919,0.001181
0.001585,-0.010267,-0.004159
-0.000485,-0.015562,-0.008463
0.002317,-0.007013,-0.009471
0.000301,-0.002713,-0.012624
-0.001680,0.007964,-0.013590
-0.001643,0.015424,-0.012450
-0.001590,0.015403,-0.010335
-0.001538,0.008992,-0.009309
-0.002511,0.000396,-0.002991
-0.004450,0.000386,-0.001916
-0.005414,0.002464,0.003430
-0.002456,0.003520,0.004493
-0.002378,0.006679,0.008751
-0.002294,0.009911,0.005575
-0.000261,0.005663,0.003402
-0.000235,0.001415,0.001236
-0.002179,-0.003866,-0.004131
-0.003209,-0.009190,-0.005224
-0.001345,-0.007045,-0.006267
-0.002380,-0.003855,-0.005192
-0.003388,0.002545,-0.005135
-0.003386,0.004649,-0.001920
-0.002403,0.001439,-0.000873
-0.001443,0.001471,-0.004049
-0.001425,0.000391,-0.002990
-0.002428,0.001492,-0.006149
-0.000482,0.002580,-0.008269
-0.003387,0.005759,-0.006126
-0.000452,0.005750,-0.005073
-0.002384,0.002538,-0.004033
-0.004321,0.003605,-0.004037
-0.004318,-0.000695,-0.000885
-0.003364,-0.003920,0.001217
-0.004344,-0.001807,0.003365
-0.002405,-0.001797,0.002290
-0.002400,0.000359,0.000194
-0.002381,0.001387,0.004439
-0.001382,0.003566,0.000241
-0.000381,0.003597,-0.002956
-0.000372,0.002585,-0.008250
0.000603,0.002587,-0.008250
-0.000381,0.000441,-0.007222
-0.001373,-0.001676,-0.009375
-0.002382,0.001493,-0.006178
-0.003331,0.004668,-0.004055
-0.003331,0.003601,-0.004071
-0.003331,-0.000699,-0.000905
-0.002383,-0.003911,0.000129
-0.001436,-0.004983,0.001199
-0.001457,-0.003948,0.004399
-0.001493,-0.006051,0.001205
-0.002465,0.002486,0.001279
-0.000491,0.007834,0.000278
-0.000400,0.014246,-0.000741
-0.001273,0.011077,-0.003952
-0.001207,0.010053,-0.008205
-0.003160,0.004779,-0.014610
-0.002201,0.001546,-0.011455
-0.004175,0.001558,-0.012509
-0.006153,0.005804,-0.010357
-0.003210,0.010033,-0.006069
-0.004142,0.012112,-0.000766
-0.002116,0.009902,0.006642
-0.000089,0.006669,0.009797
-0.000956,0.003439,0.012980
0.000080,-0.001887,0.011865
0.001050,-0.009305,0.006489
0.001007,-0.012477,0.003250
0.000937,-0.011356,-0.002053
-0.001115,-0.008114,-0.006297
-0.001185,-0.004880,-0.009459
-0.002226,0.002611,-0.011523
-0.005162,0.006860,-0.009343
-0.006128,0.003649,-0.008289
-0.006134,0.002575,-0.007210
-0.005168,-0.000679,-0.001919
-0.004224,-0.001749,-0.001906
-0.005181,0.000311,0.005540
-0.001257,0.000331,0.003397
-0.000251,0.002463,0.003387
0.000770,0.002487,0.001229
-0.000206,-0.002797,-0.004144
-0.000266,-0.008086,-0.009521
0.001604,-0.002718,-0.012651
-0.001415,-0.000550,-0.015808
-0.002453,0.003751,-0.018940
-0.003466,0.004779,-0.014653
-0.003477,0.007940,-0.010360
-0.003464,0.006779,-0.000785
-0.002444,0.005672,0.003484
-0.005314,0.003516,0.005580
-0.003302,0.001341,0.009833
-0.003245,0.001336,0.009793
-0.002215,0.002422,0.007652
-0.002165,0.002431,0.006570
-0.001178,-0.000718,0.001217
-0.002148,-0.002832,-0.000945
-0.002191,-0.004978,0.000083
-0.003227,-0.009204,-0.004184
-0.002348,-0.009223,-0.002034
-0.002418,-0.011364,-0.000993
-0.004410,-0.007105,0.000126
-0.003472,-0.002841,0.000172
-0.003464,0.002484,0.001273
-0.003414,0.005648,0.005557
-0.002349,0.009905,0.006649
-0.000309,0.006712,0.005568
-0.001224,0.002464,0.003401
-0.002188,-0.000728,0.002313
-0.001230,-0.003908,0.000163
-0.000315,-0.004932,-0.004083
-0.000368,-0.003887,-0.001959
-0.002358,-0.002778,-0.005129
-0.001404,-0.000655,-0.004056
-0.002362,0.005731,-0.002951
-0.003292,0.007854,-0.001879
-0.002249,0.011046,-0.000797
-0.001189,0.013138,0.003465
-0.003077,0.004621,0.001291
-0.003060,-0.001771,0.000174
-0.002114,-0.010338,0.003288
-0.002188,-0.013528,0.002220
-0.002294,-0.013536,0.003280
-0.001371,-0.004999,0.003355
-0.001376,0.001412,0.002351
-0.001341,0.004623,0.001304
-0.001277,0.006766,0.000248
-0.001240,0.002498,0.000211
-0.002201,-0.000694,-0.000892
-0.002231,-0.009240,0.000108
-0.003268,-0.009239,0.000114
-0.003312,-0.006058,0.002264
-0.003332,0.000288,0.007620
-0.003279,0.006712,0.005553
-0.002235,0.008843,0.005566
-0.002165,0.004609,0.002373
-0.002155,0.000387,-0.001888
0.000740,-0.002806,-0.002998
-0.003177,-0.002763,-0.007228
-0.004177,-0.003873,-0.003000
-0.003258,-0.003870,-0.002994
-0.005241,-0.004960,-0.000902
-0.003328,-0.002875,0.004420
-0.001384,-0.001861,0.009728
0.000562,-0.004066,0.016070
-0.000374,-0.002986,0.015046
0.000613,-0.007232,0.012893
0.000639,-0.004011,0.010779
-0.000325,-0.006100,0.006515
0.000635,-0.006058,0.002264
0.001581,-0.001752,-0.001955
-0.001372,0.000404,-0.004051
-0.003315,0.005743,-0.004006
-0.004271,0.003620,-0.005072
-0.004242,0.003620,-0.005078
-0.006184,0.001423,0.001290
-0.006184,-0.002901,0.006573
-0.006194,-0.005015,0.004425
-0.004254,-0.005061,0.009728
-0.000377,-0.007164,0.006519
-0.001375,-0.002855,0.002299
-0.000384,-0.000732,0.003364
0.000581,0.001409,0.002317
0.001564,0.001483,-0.005117
0.000600,0.001513,-0.008314
-0.000395,0.001526,-0.009355
-0.003361,-0.003779,-0.012591
-0.002468,-0.003780,-0.012605
-0.004494,-0.001688,-0.008321
-0.005520,-0.001765,-0.000921
-0.004553,-0.002881,0.004408
-0.003566,0.001365,0.006561
-0.004479,0.001311,0.011887
-0.003450,0.000245,0.011892
-0.000482,-0.002930,0.009755
0.000512,-0.006078,0.004428
0.001474,-0.002879,0.004457
0.001477,-0.000692,-0.000843
-0.000481,0.003630,-0.006146
-0.001438,0.007887,-0.005055
-0.001425,0.007893,-0.006129
-0.003339,0.003623,-0.006187
-0.003340,0.000405,-0.004080
-0.006278,-0.002860,0.002272
-0.004380,-0.008183,0.001164
-0.004434,-0.008246,0.007537
-0.003477,-0.005035,0.006511
-0.001520,-0.001821,0.005499
-0.001500,0.001388,0.004452
0.001439,0.000362,0.000185
-0.000511,0.000364,0.000185
-0.000503,0.001464,-0.002982
-0.000488,0.002520,-0.001919
-0.001483,0.002564,-0.006156
-0.001488,-0.000660,-0.004062
-0.001498,0.000386,-0.001930
-0.003452,0.000395,-0.002984
-0.003447,0.002505,-0.000871
-0.002441,0.004613,0.002343
-0.002418,0.003556,0.001266
-0.001426,-0.000717,0.001223
-0.001436,-0.001783,0.001228
-0.002451,-0.007073,-0.003057
-0.004458,-0.007084,-0.001996
-0.000618,-0.001758,-0.000867
-0.003565,-0.000702,0.000203
-0.002576,0.005702,0.000266
-0.003474,0.010995,0.004564
-0.003387,0.012027,0.007743
-0.002338,0.004588,0.004481
-0.002294,-0.001793,0.002310
-0.002329,-0.006074,0.003320
-0.002368,-0.009250,0.001162
-0.002448,-0.011364,-0.000986
-0.001536,-0.006085,0.004381
-0.002537,-0.002811,-0.003039
-0.002514,0.002474,0.002327
-0.001530,0.003584,-0.001901
0.000429,0.000365,0.000206
-0.003461,0.002553,-0.005067
-0.004442,-0.000647,-0.005095
-0.003490,-0.002781,-0.005107
-0.003495,0.001476,-0.004022
-0.002515,0.002500,0.000231
-0.002532,-0.000745,0.004426
0.000400,-0.002934,0.009692
0.000407,-0.005035,0.006511
-0.000584,-0.007202,0.009662
0.000351,-0.010380,0.007525
-0.000663,-0.010326,0.002220
-0.000716,-0.008195,0.002233
-0.000779,-0.007097,-0.000955
-0.000810,-0.000704,0.000176
-0.001779,0.004621,0.001276
-0.004651,0.006755,0.001323
-0.003620,0.009956,0.001351
-0.004535,0.007823,0.001346
-0.004490,-0.000733,0.003415
-0.004498,-0.003934,0.003393
-0.004507,-0.005011,0.004445
-0.003558,-0.005003,0.003356
-0.002610,-0.001793,0.002296
-0.001640,-0.000716,0.001223
0.001276,-0.000729,0.002256
0.000309,-0.002810,-0.003060
0.003184,-0.003846,-0.006252
0.000231,-0.000621,-0.008340
-0.001785,-0.001645,-0.012579
-0.001823,0.002634,-0.013581
-0.001838,0.004779,-0.014617
-0.000883,0.004718,-0.008231
-0.002828,0.005774,-0.007160
-0.005722,0.004646,-0.000783
-0.003755,0.002467,0.003422
-0.003697,0.003494,0.007681
-0.002686,0.000280,0.008686
-0.001685,-0.001823,0.005478
-0.001666,0.000289,0.007612
-0.000697,-0.002868,0.003332
-0.002648,-0.002868,0.003332
-0.001688,-0.003871,-0.003029
-0.001742,-0.005995,-0.004109
-0.003723,-0.004941,-0.003030
-0.002794,-0.001760,-0.000880
-0.003767,0.001400,0.003384
-0.004717,-0.002869,0.003347
-0.003716,0.003511,0.005504
-0.004662,0.000310,0.005483
-0.002709,-0.003927,0.002263
-0.000766,-0.002839,0.000150
-0.000789,-0.001727,-0.004092
0.000153,-0.002763,-0.007299
0.000102,-0.000632,-0.007265
0.001038,0.003681,-0.011451
0.000065,0.005796,-0.009325
-0.001903,0.004751,-0.011449
-0.003839,0.007926,-0.009291
-0.002820,0.008953,-0.005010
-0.002765,0.005721,-0.001862
-0.002740,0.003587,-0.001874
-0.005642,0.001451,-0.001899
-0.005647,0.000372,-0.000868
-0.004672,0.002496,0.000197
-0.002688,0.003552,0.001253
-0.002649,0.003521,0.004436
-0.001641,0.002476,0.002318
-0.001631,-0.002861,0.002280
-0.001662,-0.007117,0.001209
-0.002675,-0.009262,0.002244
-0.001776,-0.012408,-0.003068
-0.002846,-0.013475,-0.003077
-0.000955,-0.004940,-0.003024
-0.002915,0.001440,-0.000895
-0.002901,0.006753,0.001260
-0.003815,0.009964,0.000213
-0.002796,0.003542,0.002314
-0.001805,-0.002880,0.004401
-0.002812,-0.006027,-0.000918
-0.000909,-0.008150,-0.001970
-0.002915,-0.004917,-0.005125
-0.002948,0.001472,-0.004021
-0.000980,0.011065,-0.002890
-0.002847,0.017469,-0.002835
-0.004666,0.019603,-0.002823
-0.003600,0.010000,-0.002900
-0.002620,-0.004949,-0.001956
-0.001751,-0.016729,0.002200
-0.000873,-0.013559,0.005417
-0.000918,-0.006113,0.007584
0.000075,0.000259,0.010830
0.001103,0.002422,0.007645
-0.000788,0.005644,0.005537
-0.000734,0.000330,0.003347
-0.001733,-0.007097,-0.000955
-0.003740,-0.008177,0.000090
-0.002821,-0.006042,0.000123
-0.003812,0.001420,0.001248
-0.004770,0.002489,0.001278
-0.004715,0.003546,0.002348
-0.004707,0.001424,0.001282
-0.001785,-0.004946,-0.001928
-0.001822,-0.007103,0.000168
