0.001839,-0.002645,0.001060
0.000877,0.001618,0.003203
0.000892,0.001651,-0.000021
0.002846,0.001752,0.003977
0.001889,0.001778,0.001818
0.001858,0.000680,0.003983
0.001872,0.000721,0.000738
0.000908,0.006095,-0.004547
-0.000034,0.012512,-0.005575
0.002928,0.018896,-0.003379
0.001023,0.018114,-0.062696
0.003082,-0.012327,-0.371389
-0.008815,-0.007523,-0.417722
-0.030549,-0.000866,-0.081233
-0.010784,0.017832,-0.000260
0.001363,0.007160,-0.005578
0.000271,0.006087,-0.005572
-0.000395,-0.001423,-0.001346
0.000783,-0.002509,0.000784
0.000493,-0.006828,0.007154
-0.001507,-0.013260,0.010316
0.001450,-0.006869,0.010402
0.001108,-0.007920,0.010352
0.001138,-0.005791,0.011428
0.001161,-0.003649,0.011424
0.002126,0.000615,0.012517
0.002153,0.002798,0.007181
0.003153,0.001750,0.006077
0.002232,0.003938,-0.000322
0.002191,0.003977,-0.006698
0.002171,0.009365,-0.013064
0.003132,0.004004,-0.010950
0.000159,-0.001336,-0.010983
0.002034,-0.007744,-0.011023
0.000018,-0.014145,-0.013174
0.001893,-0.016318,-0.008907
0.001870,-0.017370,-0.011046
0.000844,-0.015256,-0.008883
0.000767,-0.013175,-0.002453
0.000747,-0.005712,-0.001326
0.002723,-0.001489,0.006149
0.001769,0.002802,0.004035
0.000865,0.005971,0.008328
0.001887,0.012360,0.011557
0.000955,0.017706,0.011572
0.002964,0.018833,0.005150
0.002972,0.015594,0.010451
0.001997,0.009211,0.008255
0.000023,0.004968,0.003968
0.000967,0.000751,-0.002477
0.000934,-0.003507,-0.005676
-0.000083,-0.004565,-0.008845
0.000848,-0.009902,-0.010978
0.001748,-0.014190,-0.008873
0.000676,-0.019554,-0.006752
-0.000331,-0.015274,-0.006746
0.002570,-0.012110,-0.002438
0.000597,-0.006791,-0.000259
0.002580,-0.002514,-0.000243
0.001631,0.000647,0.005116
0.002651,0.005998,0.005122
0.003680,0.010278,0.005127
0.002729,0.010303,0.002971
0.003744,0.012388,0.009391
0.000860,0.010320,0.002926
0.001848,0.009244,0.003987
0.000854,0.005003,0.000743
0.000834,0.000717,0.001797
0.002751,-0.002451,-0.003547
0.000763,-0.007791,-0.003579
-0.000268,-0.009952,-0.001434
-0.000320,-0.012054,-0.006767
-0.000385,-0.009954,-0.003521
0.001567,-0.008867,-0.006701
0.000581,-0.006776,-0.001343
0.000554,-0.006771,-0.002403
0.000531,-0.006802,-0.000229
0.001522,-0.005738,0.001880
0.000539,-0.002537,0.002954
0.002536,-0.001489,0.006150
0.002567,-0.001446,0.002902
-0.000392,0.006020,0.006111
0.001560,0.008172,0.003991
0.002568,0.007099,0.005042
-0.000366,0.007110,0.003968
0.000638,0.008197,0.000788
-0.000329,0.006070,-0.001338
0.000673,0.007122,0.001849
-0.000314,0.003913,-0.000255
0.000675,0.000692,0.000817
0.000666,-0.003562,-0.000301
-0.000336,-0.012112,-0.000340
-0.000386,-0.007840,-0.001358
0.000574,-0.005740,0.002933
0.001504,-0.006796,0.001848
0.000523,-0.006838,0.006141
0.002446,-0.004659,0.001859
0.001461,0.000670,0.002969
0.001504,0.003874,0.002988
0.001520,0.010252,0.008336
0.001562,0.013483,0.006193
0.002590,0.014563,0.005123
0.000671,0.016694,0.006193
0.002683,0.013499,0.006151
0.000752,0.015636,0.005116
0.001738,0.010294,0.006134
-0.000184,0.007107,0.001887
0.000775,0.003875,0.005078
0.000762,0.001755,0.002932
-0.000210,-0.000382,0.001874
-0.000242,-0.003575,-0.000267
-0.001246,-0.005720,-0.000257
0.000706,-0.007848,-0.000292
0.001665,-0.006727,-0.006696
0.001677,-0.002477,-0.002429
0.001700,-0.002458,-0.003525
0.001674,0.000762,-0.004592
0.001664,0.001789,0.000751
0.002628,0.009236,0.005056
-0.000270,0.012431,0.007191
0.001727,0.016691,0.008294
0.000808,0.019857,0.011552
0.000861,0.017725,0.011526
0.001880,0.016672,0.009389
0.001967,0.018867,0.001928
0.001993,0.017784,0.003006
0.001068,0.011399,-0.000231
0.001078,0.007113,0.000823
-0.000884,0.000746,-0.003504
0.000086,-0.002469,-0.002451
-0.001888,-0.011007,-0.002522
0.000009,-0.009897,-0.008899
0.000955,-0.011005,-0.004617
-0.000051,-0.009948,-0.004581
-0.000085,-0.007778,-0.008838
0.000891,-0.007798,-0.005650
0.000873,-0.005652,-0.006711
0.001840,-0.000355,-0.001335
0.001847,0.008197,-0.003393
0.001880,0.011362,0.001957
0.000944,0.015604,0.006246
0.000995,0.020911,0.009502
0.002059,0.020923,0.009470
0.000160,0.021985,0.010538
0.001204,0.018806,0.008363
0.002231,0.014543,0.006220
0.000311,0.009248,0.002932
0.001306,0.003913,0.001841
0.001305,0.001817,-0.002460
0.000296,-0.004606,-0.001413
-0.000720,-0.004633,-0.000298
-0.000729,-0.006764,-0.002415
-0.000772,-0.011015,-0.005636
0.000199,-0.014212,-0.006720
0.000151,-0.014212,-0.004628
0.000108,-0.013117,-0.006784
0.000085,-0.004562,-0.008850
0.002028,-0.000317,-0.004569
0.002018,0.006080,-0.003455
0.000115,0.010368,-0.004518
0.002126,0.015687,-0.001291
0.002174,0.014628,-0.000276
0.002222,0.013562,-0.000289
0.003238,0.012509,-0.002426
0.001328,0.007157,-0.001382
0.000373,0.005037,-0.003527
0.000373,-0.000300,-0.003569
0.000342,-0.004619,0.000709
0.001308,-0.008887,-0.001418
0.000276,-0.015309,-0.001423
-0.000749,-0.018506,-0.002508
0.000167,-0.022781,-0.001482
0.001084,-0.023843,-0.002546
0.000050,-0.021724,0.000649
0.001968,-0.008919,0.001802
0.000958,-0.005737,0.005015
0.001917,0.000701,0.001843
0.000972,0.006078,-0.001358
0.002000,0.009291,-0.001361
0.000087,0.011441,-0.004523
0.001103,0.013543,-0.000238
0.001139,0.010332,0.000806
0.001168,0.011423,-0.002385
0.002186,0.009312,-0.005599
0.001225,0.007189,-0.006693
-0.000734,0.001838,-0.006698
-0.000728,-0.004583,-0.005655
0.000204,-0.006736,-0.003535
0.000183,-0.006779,-0.000284
-0.000833,-0.008933,0.000796
0.000131,-0.011077,0.001849
0.002040,-0.008974,0.006131
0.000077,-0.008933,0.001841
0.002016,-0.002550,0.006129
0.001043,0.001731,0.007176
0.000063,0.002799,0.007184
0.001068,0.007076,0.007199
0.001082,0.008132,0.009326
0.001112,0.006006,0.008242
0.001123,0.004952,0.006106
0.001173,0.007142,-0.001340
0.001201,0.000744,-0.003500
-0.000767,-0.000326,-0.003500
0.001164,-0.000333,-0.003482
0.000166,-0.000343,-0.003456
0.001134,-0.003513,-0.007747
0.002111,-0.002459,-0.005611
0.000139,-0.003539,-0.004541
0.001094,-0.004639,-0.000282
0.000111,-0.000373,-0.000240
0.000116,0.001739,0.000882
0.001132,0.001771,-0.003384
-0.000807,-0.003545,-0.003482
0.001136,-0.004609,-0.003499
0.001124,-0.004624,-0.001368
0.001079,-0.003559,-0.000309
0.003020,-0.004630,0.001786
0.000075,-0.004645,0.003914
0.001024,-0.000371,0.004985
0.002009,0.001709,0.012464
0.000060,0.002787,0.011398
0.002020,0.004950,0.007158
0.001059,0.006043,0.003964
0.002081,0.006074,-0.000302
0.001119,0.008206,-0.001324
0.003110,0.008211,-0.002384
0.001162,0.006129,-0.008812
0.000202,0.001835,-0.006690
0.000208,-0.002416,-0.009906
0.000191,-0.004572,-0.007776
-0.000799,-0.005637,-0.007792
0.001129,-0.004603,-0.004559
0.001112,-0.001375,-0.007738
0.000168,0.000787,-0.009886
0.002128,0.000784,-0.007785
0.000177,0.006101,-0.004556
0.000196,0.007160,-0.002433
0.001181,0.008215,-0.001347
0.000230,0.007137,0.001811
-0.000711,0.006058,0.002880
0.002252,0.007130,0.001831
0.001274,0.005006,-0.000305
0.000311,-0.001421,0.000746
0.000302,-0.005699,0.001782
0.001257,-0.008876,-0.000398
0.001239,-0.009931,-0.003576
-0.000744,-0.007810,-0.001434
0.000196,-0.005663,-0.002495
0.002105,-0.003550,-0.000328
0.001128,0.001784,-0.000278
0.000159,0.002826,0.001885
0.002117,-0.001450,0.001870
0.001144,0.000670,0.004018
0.001168,0.003919,-0.001309
0.000210,0.006003,0.005114
0.002176,0.004969,0.001881
0.002210,0.007116,0.001867
-0.001692,0.008213,-0.001340
0.003226,0.010338,-0.000252
0.002286,0.006086,-0.002423
0.000335,0.003947,-0.001381
0.000356,0.000755,-0.003525
0.000332,-0.006734,-0.001446
-0.000670,-0.010986,-0.003616
0.000272,-0.012075,-0.001478
0.000230,-0.016351,-0.001493
0.000170,-0.016373,-0.000390
0.001114,-0.016356,-0.002527
0.001042,-0.014233,-0.002480
0.001992,-0.008924,-0.000275
0.001973,-0.005704,-0.001339
0.000994,-0.000394,0.001908
0.001970,0.007066,0.004089
0.001021,0.012411,0.005153
0.001080,0.017763,0.005156
0.002128,0.020993,0.003017
0.001214,0.024162,0.006263
0.001272,0.022043,0.005159
0.001341,0.020997,0.003005
0.002384,0.019919,0.005116
0.000473,0.013555,-0.000266
-0.000465,0.007170,-0.003504
0.000518,0.000776,-0.005672
0.000514,-0.004572,-0.003594
-0.000495,-0.006703,-0.005711
0.001412,-0.013081,-0.011059
0.001390,-0.017377,-0.008929
-0.000640,-0.017398,-0.006783
0.000281,-0.015282,-0.005671
0.001245,-0.008878,-0.005622
0.001227,-0.006754,-0.002441
0.001210,0.003934,-0.002394
0.000269,0.007133,-0.001317
0.002236,0.014603,0.001883
0.002286,0.019959,0.001876
0.002349,0.023143,0.004038
0.003403,0.022055,0.006177
0.001512,0.022085,0.002962
0.000588,0.017798,0.001926
0.001614,0.011404,-0.000243
-0.000314,0.002829,0.001879
-0.001299,-0.003570,0.000769
0.001619,-0.011007,-0.004609
-0.000379,-0.017411,-0.004659
0.000530,-0.020613,-0.004684
0.000473,-0.021714,-0.001468
0.000382,-0.020648,-0.000407
0.000332,-0.016370,-0.001443
0.001251,-0.006747,-0.002460
0.002239,0.000730,-0.001369
0.002260,0.009247,0.001893
0.002301,0.015674,0.000837
0.001376,0.017789,0.002998
0.001461,0.019938,0.002978
0.001515,0.017850,-0.002390
-0.000372,0.015724,-0.003475
0.001617,0.011424,-0.001338
0.001625,0.010348,-0.000277
0.000659,0.001778,0.002873
-0.000340,-0.002507,0.001835
0.000613,-0.009987,0.003891
-0.000414,-0.012143,0.003928
-0.000446,-0.013228,0.005013
0.000500,-0.015390,0.007161
0.000470,-0.013237,0.005037
0.000410,-0.016427,0.003934
0.001328,-0.014303,0.005025
0.002281,-0.014265,0.000741
0.001273,-0.009987,0.001798
0.001272,-0.002457,-0.003524
0.002261,0.007157,-0.002425
0.002290,0.009346,-0.007779
0.001319,0.011437,-0.002418
0.001364,0.010366,-0.002418
-0.000545,0.007169,-0.003501
0.000435,0.006085,-0.002422
0.000449,0.005009,-0.001359
-0.000538,0.000724,-0.000305
0.000419,0.000699,0.000805
0.000417,0.000693,0.001864
-0.000564,0.001724,0.006153
0.001391,0.003822,0.009403
0.002381,0.005982,0.007263
0.001424,0.010223,0.009460
0.000471,0.009138,0.012635
0.000512,0.009150,0.011557
0.001543,0.011291,0.010513
-0.000374,0.005979,0.008316
0.001605,0.002805,0.006125
0.001626,0.001794,0.001788
0.001606,-0.001417,0.002830
0.000611,-0.000318,-0.001427
0.001571,0.000761,-0.002494
0.000592,-0.001402,-0.000346
0.000611,0.002920,-0.006724
0.001568,0.002895,-0.004569
0.001562,0.002871,-0.001366
0.001598,0.009242,0.001907
0.001619,0.014589,0.000875
0.002638,0.015642,0.003012
0.000718,0.022023,0.006262
0.001769,0.022023,0.006262
0.000870,0.024159,0.004182
0.000939,0.017762,0.004114
0.000974,0.011330,0.006228
0.000006,0.008126,0.005161
0.000033,0.004941,0.003000
0.001026,0.000684,0.001889
0.000058,-0.001437,0.000791
0.001983,-0.006768,0.001782
0.000982,-0.004593,-0.002492
-0.000008,-0.002491,0.002841
0.000953,0.000699,0.002895
0.001934,0.002832,0.003963
0.001945,0.006051,0.002898
0.000987,0.008198,-0.000255
0.000042,0.011389,-0.000201
0.002038,0.010304,0.001928
-0.000884,0.007102,0.001903
0.001097,0.001753,0.000847
0.000111,0.003901,-0.000217
0.000116,0.002874,-0.003467
0.001119,0.001807,-0.003475
0.001111,0.002864,-0.001348
0.002093,0.001756,0.002932
0.000146,0.002828,0.001880
-0.000816,0.007109,0.001884
0.001173,0.006066,-0.000279
0.001187,0.004990,0.000782
0.002189,0.002860,0.001798
0.001221,0.002881,-0.000349
0.001198,0.001823,-0.001426
0.001229,0.000743,-0.000357
0.000237,-0.003516,-0.000417
0.000229,-0.001388,-0.000382
0.001202,0.000771,-0.004613
0.000232,0.001853,-0.006734
0.000234,0.007167,-0.005588
0.001220,0.005005,-0.001348
0.001215,0.003927,0.000763
-0.000732,0.001819,-0.003508
0.000263,-0.000362,0.000778
0.001228,0.002804,0.005082
0.000270,0.002816,0.004004
0.000269,-0.000371,0.001850
0.000279,-0.001454,0.002929
0.001269,0.001755,0.002935
0.001267,-0.001446,0.003952
0.001251,0.000695,0.003953
0.002230,-0.000371,0.002894
0.000272,-0.002491,0.002841
0.001268,-0.003525,-0.002484
0.002221,-0.000322,-0.001417
0.000265,-0.001375,-0.003553
0.000287,0.001860,-0.005706
-0.000676,0.002954,-0.008904
0.001285,-0.000246,-0.009979
0.000315,-0.000222,-0.012135
0.000288,-0.003441,-0.010023
0.002236,-0.003504,-0.003583
-0.001708,-0.004587,-0.002508
0.000236,-0.004611,-0.000353
-0.000769,-0.006790,0.002882
-0.000767,-0.001493,0.006166
0.000191,0.001714,0.005135
0.002168,0.003873,0.002996
0.001234,0.003894,0.000849
0.003214,0.006036,0.002940
0.000297,0.004989,0.000784
0.000286,0.007118,0.001860
0.001298,0.009249,0.002933
0.002330,0.008227,-0.001377
0.001369,0.003951,0.000698
0.001359,0.001834,-0.001456
0.001361,0.002876,0.000711
-0.000589,0.000773,-0.003572
0.000389,0.001839,-0.005651
-0.000581,-0.000280,-0.008846
0.000393,-0.003518,-0.004594
-0.000627,-0.006715,-0.003586
-0.001624,-0.008871,-0.002500
0.000303,-0.009939,-0.002509
-0.000713,-0.007828,-0.001385
0.000228,-0.006804,0.003967
0.000210,-0.004690,0.005084
0.001180,0.002764,0.007279
0.003175,0.004894,0.007308
0.003209,0.008108,0.006255
0.002260,0.012406,0.004124
0.002290,0.011322,0.007295
0.002320,0.010248,0.008349
0.001388,0.004934,0.007203
0.000413,0.000693,0.005002
-0.000590,-0.004633,0.002842
0.000368,-0.005678,-0.000362
0.000349,-0.008905,0.001768
0.001294,-0.009965,-0.000350
0.000277,-0.014271,0.002851
0.000246,-0.016373,-0.001435
0.000168,-0.018513,-0.000392
0.000121,-0.017461,0.000704
0.002015,-0.012103,-0.001402
0.001021,-0.008909,-0.000309
0.000004,-0.009975,0.000724
0.001921,-0.005720,0.001842
0.001911,-0.002523,0.002926
0.003894,0.000701,0.000801
0.000956,0.002839,0.000808
0.001945,0.004969,0.001883
0.001969,0.006069,-0.001333
0.000030,0.007105,0.002943
0.002988,0.003916,0.002882
0.002966,0.002857,-0.000285
0.000057,0.001767,0.000811
0.000073,-0.001452,0.002922
0.001034,-0.007837,0.001777
-0.000963,-0.011006,-0.002517
0.000967,-0.013155,-0.000405
0.000926,-0.016367,-0.000407
0.000874,-0.010989,-0.005700
0.000842,-0.012066,-0.003592
0.001782,-0.015242,-0.006823
0.001754,-0.009921,-0.004647
0.000738,-0.009954,-0.001423
0.001680,-0.005669,-0.002476
0.001668,-0.003566,0.001806
0.000694,0.002870,-0.000318
0.001706,0.010313,0.003997
0.001742,0.015651,0.004038
0.002756,0.024212,0.002999
0.000890,0.029543,0.003057
0.000967,0.029515,0.005222
0.002036,0.028461,0.004132
0.000156,0.026333,0.002005
0.002187,0.019941,0.000877
0.000279,0.015677,-0.000215
0.001292,0.011413,-0.000261
0.001327,0.003958,-0.002456
-0.000646,0.002896,-0.003524
0.000345,0.006070,-0.001334
0.001336,0.004998,-0.001331
0.000359,0.005007,-0.002400
0.001351,0.003921,-0.001314
0.000394,-0.001428,-0.000277
0.001364,-0.003549,-0.001376
0.000389,-0.006765,0.000728
0.000372,-0.004637,0.001808
0.000341,-0.004606,-0.000366
0.002287,0.001801,-0.000322
0.001319,0.007160,-0.001386
0.003299,0.011413,0.000786
0.001364,0.013556,-0.000266
-0.000532,0.016730,0.004016
0.001471,0.018891,0.000826
0.000548,0.018874,0.000869
0.001603,0.016741,-0.000198
0.002610,0.006082,-0.001364
0.000666,-0.000302,-0.003560
0.000656,-0.007771,-0.005715
0.000633,-0.013098,-0.007876
0.000576,-0.018461,-0.004711
0.000490,-0.020624,-0.002562
-0.001540,-0.021738,0.001734
0.000370,-0.017488,0.004955
0.000310,-0.015304,-0.000385
-0.000683,-0.008928,0.003921
0.002228,-0.005695,0.000732
0.001257,-0.001440,0.002894
0.003221,0.006078,-0.001354
0.003265,0.012472,0.000815
0.002317,0.015712,-0.002398
0.001384,0.015682,0.000817
0.000443,0.011456,-0.003512
0.000497,0.006125,-0.004613
0.001472,0.002933,-0.006757
0.000513,-0.003461,-0.008926
0.000481,-0.009893,-0.006812
-0.000536,-0.017390,-0.005756
-0.000627,-0.023837,-0.002560
-0.000680,-0.025980,-0.003600
0.001208,-0.031294,-0.005792
0.001105,-0.030265,0.000592
-0.000950,-0.021717,-0.001458
0.000937,-0.014268,0.001797
0.001900,-0.006800,0.005004
0.000908,0.005985,0.008300
0.001916,0.016683,0.006229
0.001986,0.022024,0.006261
0.002069,0.026315,0.004143
0.000205,0.027379,0.006252
0.001266,0.025294,-0.000168
0.000350,0.019953,-0.000200
0.001388,0.013572,-0.002400
-0.000541,0.005024,-0.003489
-0.000542,-0.004579,-0.004617
0.000404,-0.008852,-0.004641
-0.000600,-0.006749,-0.001408
-0.000626,-0.009932,-0.004621
0.001276,-0.014212,-0.003580
0.001205,-0.016382,0.000679
0.000188,-0.015327,0.000721
0.001115,-0.012134,0.001815
0.001122,-0.008918,0.000758
0.001122,-0.005715,0.000783
0.001097,-0.001420,-0.000297
0.002090,0.000713,0.000770
0.001136,0.004984,0.001845
0.002132,0.007196,-0.006706
0.001164,0.007176,-0.003517
0.000229,0.007170,-0.002458
0.001213,0.007188,-0.004596
0.001234,0.007190,-0.005646
0.000279,0.007159,-0.002429
-0.000709,0.008187,0.000822
0.001279,0.006067,-0.000281
0.001293,0.004960,0.002953
-0.000667,0.004982,0.000803
0.001312,0.003871,0.006139
0.003274,0.003885,0.001918
-0.000626,-0.000396,0.002963
0.000361,-0.002542,0.004020
0.000332,-0.004682,0.005063
0.000342,-0.008925,0.000777
0.000318,-0.005709,0.000765
0.001292,-0.007796,-0.002513
0.001268,-0.008853,-0.002548
0.002208,-0.007763,-0.004691
0.001202,-0.005620,-0.005743
0.001193,-0.003512,-0.002520
0.001187,-0.000288,-0.004642
0.001187,-0.002446,-0.002507
0.000199,0.001852,-0.006730
0.003153,0.001819,-0.001415
0.001174,0.002878,-0.002430
-0.000769,0.004973,0.001875
0.000225,0.004985,0.002890
0.000249,0.012414,0.004104
0.000279,0.010253,0.007293
-0.000678,0.007033,0.008358
0.000322,0.003838,0.006223
0.000317,-0.002604,0.010455
0.000323,-0.001498,0.006180
0.000330,-0.001508,0.007254
0.002277,0.000669,0.002977
0.002290,0.001758,0.002929
0.002290,0.001779,0.002875
0.001299,-0.001414,0.002825
0.000314,0.004994,0.002865
0.001301,0.003935,0.002836
0.000330,0.000775,-0.001482
0.000334,0.001787,0.002851
0.000331,-0.000363,0.001829
0.000320,-0.002525,0.003977
0.000290,-0.003579,0.001841
0.000297,-0.001430,-0.000270
0.001281,-0.003551,-0.002415
0.000302,-0.001425,-0.000286
0.000266,-0.003572,0.000775
0.000276,-0.002470,-0.003487
-0.000694,-0.005659,-0.003548
0.001263,-0.005646,-0.004627
0.001253,-0.003536,-0.000362
0.003170,-0.001412,0.000728
0.001196,0.001786,0.002854
0.000210,0.003914,0.004981
0.000206,0.008168,0.008193
0.001204,0.010291,0.008238
0.000253,0.009187,0.011463
0.000283,0.008110,0.012527
-0.000646,0.011291,0.012606
0.001340,0.010258,0.008326
0.002353,0.008144,0.006163
0.002383,0.004996,-0.000277
0.000438,0.001795,0.000740
0.002393,-0.003505,-0.002534
-0.000559,-0.004580,-0.000432
0.001402,-0.002399,-0.005763
0.001385,-0.000294,-0.002532
0.001381,-0.003486,-0.006768
0.000378,-0.007781,-0.005687
0.000350,-0.013130,-0.006746
-0.000682,-0.017445,-0.002477
-0.000746,-0.015309,-0.002463
0.002142,-0.011058,-0.001334
0.002103,-0.004674,0.002950
0.001104,0.002817,0.001912
0.002127,0.011358,0.004065
0.002136,0.018817,0.007293
0.002209,0.024148,0.010490
0.003276,0.030547,0.011599
0.002414,0.031648,0.009428
0.000534,0.026292,0.010482
0.000604,0.017769,0.008281
-0.001337,0.010273,0.008286
-0.001297,0.001761,0.003965
0.000652,-0.008918,0.002850
-0.001364,-0.019571,-0.001470
-0.000452,-0.023835,-0.002563
0.000437,-0.025989,-0.000439
-0.000621,-0.020612,-0.005732
0.001285,-0.014212,-0.003580
0.001237,-0.003539,-0.002447
0.002217,0.003927,-0.001327
0.002246,0.013550,-0.001297
0.001318,0.018877,0.000863
0.001388,0.019955,0.000844
0.000472,0.022100,-0.000211
0.003496,0.022110,-0.002331
0.000621,0.016758,-0.000240
0.000664,0.013569,-0.002393
0.000677,0.007176,-0.004562
0.000719,-0.001346,-0.006765
0.001692,-0.005604,-0.008920
0.000679,-0.010955,-0.006833
-0.000367,-0.017362,-0.006875
0.001539,-0.018473,-0.003632
0.000493,-0.020637,-0.001482
0.000453,-0.019587,0.000664
0.000400,-0.017473,0.002825
0.000327,-0.013207,0.002867
0.001306,-0.008917,0.001802
0.001272,-0.003575,0.002876
0.002270,0.004972,0.002922
0.002294,0.011395,0.001876
0.001352,0.013537,0.002921
0.002384,0.015698,-0.000269
0.001454,0.014614,0.001856
0.002472,0.014650,-0.002419
0.002506,0.010384,-0.002460
0.001585,0.007170,-0.001407
0.000593,0.005018,-0.001380
0.002552,0.001857,-0.005698
0.000607,0.001868,-0.007818
0.000610,-0.003497,-0.005694
0.001585,-0.002398,-0.008903
-0.000383,-0.002446,-0.005643
-0.000406,-0.002492,-0.001339
0.000544,-0.004641,-0.001319
0.000547,-0.004631,-0.002391
0.000550,-0.003569,-0.001323
0.001524,0.000715,-0.000279
0.001529,0.002862,-0.001340
0.001539,0.002853,0.000774
0.002545,0.008242,-0.003505
0.002556,0.011416,0.000777
0.002575,0.014613,0.001861
0.001641,0.015677,0.001879
-0.000243,0.013574,-0.002404
0.000780,0.009290,-0.000309
0.000804,0.007178,-0.003522
0.000820,0.001845,-0.003573
0.000824,0.000767,-0.003554
0.000807,-0.003482,-0.006777
0.000779,-0.005671,-0.001423
-0.000209,-0.005668,-0.002479
0.001715,-0.005704,0.000755
0.000723,-0.006767,-0.000313
-0.000267,-0.005720,0.001842
0.000695,-0.005704,0.000755
0.001656,-0.005731,0.003961
0.001653,-0.005731,0.003961
0.001636,-0.005722,0.002892
-0.000334,-0.005726,0.002901
0.001599,-0.008933,0.003936
0.002572,-0.004659,0.005003
0.001568,-0.001467,0.007147
0.001547,0.000651,0.009296
0.000581,0.000656,0.010329
0.001554,0.002799,0.009281
0.001572,0.002818,0.006093
0.001584,-0.002496,0.002855
0.001553,-0.007828,0.001754
0.000564,-0.011008,-0.002511
0.001509,-0.012091,-0.001432
0.002449,-0.016314,-0.006815
0.000447,-0.019523,-0.006822
0.001357,-0.020603,-0.005754
0.000310,-0.022737,-0.005771
-0.000739,-0.020603,-0.005754
0.001169,-0.015302,-0.002480
0.002091,-0.013209,0.000781
0.002050,-0.016390,-0.001390
0.000059,-0.012137,0.001826
0.000057,-0.009992,0.001815
0.000997,-0.005718,0.002882
0.002943,0.000665,0.007170
0.001953,0.004959,0.005048
0.001983,0.008163,0.006114
0.002982,0.012424,0.006168
0.001078,0.014556,0.006193
0.000132,0.010306,0.004018
0.001136,0.010303,0.004027
0.000197,0.008175,0.001900
0.002191,0.001760,0.003970
0.000224,-0.001413,0.000731
0.002187,-0.003516,-0.003551
0.000193,-0.004580,-0.003568
0.000163,-0.007796,-0.003557
0.000133,-0.006736,-0.003530
0.000108,-0.013195,0.001792
0.000078,-0.010000,0.001836
0.002004,-0.009981,-0.001352
0.001977,-0.007856,0.000781
0.000027,-0.003565,-0.001332
0.002953,0.001755,0.002934
0.002979,0.006044,0.001871
0.002998,0.015684,-0.000231
0.001099,0.024224,0.000877
0.001172,0.026370,-0.000183
0.001245,0.025298,0.000869
0.001311,0.021047,-0.001305
0.001396,0.015721,-0.003466
0.000445,0.011436,-0.002412
-0.000492,0.005061,-0.005677
0.000483,0.002919,-0.005674
0.001466,0.000791,-0.007801
0.000473,-0.001394,-0.001411
-0.000488,-0.000295,-0.005668
0.000469,-0.002473,-0.000343
-0.000545,-0.003533,-0.002462
-0.000538,-0.000379,0.002917
0.001394,-0.003597,0.003979
0.001406,0.000659,0.006139
0.002400,0.001762,0.001873
0.002406,0.002821,0.005040
0.000464,0.007113,0.003968
0.000479,0.006065,0.001819
0.002465,0.006084,0.000724
0.001511,-0.000342,0.002819
0.000526,0.003939,0.000733
0.001502,0.001828,-0.003531
0.001539,0.002892,-0.003514
0.000553,-0.000296,-0.007759
-0.000402,0.000780,-0.006727
0.001540,-0.001347,-0.007808
-0.000431,-0.001377,-0.004593
0.000545,-0.002439,-0.004614
0.002467,-0.001392,-0.002459
0.001490,-0.000354,-0.000285
-0.000494,-0.000370,0.000802
0.001519,-0.000383,0.001883
-0.000436,-0.000388,0.002942
0.000541,0.002801,0.004046
0.002494,0.000664,0.005080
-0.000420,0.000689,0.003972
0.001516,0.000723,0.001789
0.000559,0.003902,0.003968
0.000569,0.006049,0.002907
0.002533,0.006052,0.001851
0.001586,0.006091,-0.002433
-0.000338,0.002879,-0.001387
0.001610,0.001829,-0.003533
0.002587,-0.000313,-0.002483
0.000620,-0.001403,-0.001386
0.000602,-0.002473,-0.000342
0.001563,0.000736,-0.002428
0.000586,0.000735,-0.002423
0.000591,0.001769,0.000809
-0.000381,0.000724,-0.002396
0.001588,0.000716,-0.001327
0.002573,0.002863,-0.001345
0.001607,0.003910,0.000809
0.001638,0.003957,-0.003496
0.000703,0.002938,-0.007815
0.001675,0.003985,-0.004617
0.001669,0.001861,-0.004660
0.000685,0.001846,-0.003574
0.001672,0.003970,-0.001438
0.000666,0.001798,0.001779
-0.000329,0.000711,0.002867
-0.000303,-0.001439,0.002889
-0.000313,-0.004663,0.003969
-0.000331,-0.005723,0.002897
0.000643,-0.005732,0.003966
0.001590,-0.002520,0.002917
0.001618,0.000737,-0.004521
0.001622,-0.000346,-0.001351
0.001635,-0.001401,-0.002437
-0.000354,-0.001375,-0.004596
0.001636,-0.000313,-0.003528
-0.000345,-0.000308,-0.003543
0.001609,0.000777,-0.005673
0.002629,-0.001353,-0.004655
0.000625,-0.001362,-0.005678
0.000619,-0.006708,-0.004650
0.000609,-0.009884,-0.007881
0.000589,-0.005634,-0.004657
0.000540,-0.008869,-0.003549
0.000526,-0.002474,-0.001386
0.000506,-0.000357,0.000768
0.001487,0.003915,0.000794
0.002494,0.009227,0.005083
0.003500,0.015633,0.006175
0.001609,0.020975,0.005156
0.002625,0.018850,0.004070
0.001689,0.011366,0.002998
-0.000228,0.003886,0.002963
-0.001179,-0.006754,-0.002436
-0.001212,-0.013181,-0.000336
-0.000297,-0.018523,-0.001410
0.001618,-0.016356,-0.002524
0.002550,-0.015245,-0.007860
0.002526,-0.014191,-0.004679
0.002455,-0.006717,-0.003580
0.001457,0.000771,-0.004610
0.002427,0.005042,-0.003536
0.000498,0.009275,-0.000271
0.000531,0.012470,0.001864
-0.000407,0.013538,-0.000220
0.003559,0.016717,0.003002
0.000695,0.011371,0.002986
0.002673,0.010297,0.002996
0.000738,0.004953,0.004017
0.001722,-0.000373,0.001857
-0.000236,-0.003536,-0.002451
0.000735,-0.011036,-0.000345
0.000670,-0.013187,-0.000319
0.000627,-0.017441,-0.001439
-0.000381,-0.016389,0.000700
0.000549,-0.017413,-0.004652
0.002449,-0.011027,-0.000368
0.001448,-0.007820,0.000689
0.002396,-0.001422,0.001800
0.001408,0.004935,0.007202
0.002392,0.002822,0.006082
0.000476,0.003888,0.007141
0.001480,0.007103,0.006086
0.001489,0.010327,0.001872
0.000544,0.014579,0.004042
0.001569,0.011386,0.002948
-0.000365,0.013533,0.000839
0.001635,0.012426,0.004073
0.001645,0.008168,0.002963
0.001662,0.007092,0.004023
0.000699,0.004940,0.004052
-0.000271,0.002812,0.004017
0.000689,-0.000391,0.002950
-0.000283,-0.002537,0.002961
-0.000299,-0.004720,0.009347
0.001636,-0.005772,0.008252
0.000664,-0.000403,0.005071
0.001651,-0.000383,0.003975
0.000654,0.002821,0.006087
0.002602,0.008152,0.007188
0.001662,0.011362,0.007191
0.002670,0.013501,0.007199
0.001726,0.013487,0.008282
0.000778,0.009210,0.008267
0.001790,0.007132,0.002872
-0.000165,0.003886,0.006099
0.000829,0.001749,0.005044
-0.000164,0.002829,0.001882
-0.001142,-0.001444,0.001857
-0.001148,-0.000352,-0.002382
-0.000160,-0.002561,0.005117
-0.000171,-0.006791,-0.000250
0.002728,-0.007842,-0.000300
0.000755,-0.005695,-0.001362
0.001730,-0.003575,0.002877
0.002698,0.001804,-0.001375
0.002687,0.003915,0.002886
0.000732,0.007133,0.001824
0.000773,0.011386,0.003992
0.000787,0.009272,0.001829
0.000844,0.010345,0.001825
0.001836,0.000758,-0.001437
0.000875,-0.001399,0.000695
0.000879,-0.005655,-0.001467
0.000830,-0.007788,-0.001485
0.001775,-0.004583,-0.003561
0.000768,-0.005674,-0.000370
0.000751,-0.004600,-0.000380
-0.001213,-0.001469,0.006105
0.000702,0.000624,0.010415
-0.000275,0.003799,0.012602
0.000709,0.005936,0.011568
0.000751,0.007024,0.009429
0.000794,0.007058,0.006205
0.001802,0.006020,0.004026
0.002799,0.009278,-0.000279
0.001865,0.009288,-0.001350
0.002874,0.011472,-0.005644
0.001914,0.007214,-0.006753
-0.000027,0.007217,-0.006763
0.000008,0.006173,-0.008922
0.000011,0.004020,-0.008894
0.000023,0.000790,-0.005707
0.000007,-0.002413,-0.006773
-0.000961,-0.007718,-0.010035
0.000972,-0.009872,-0.008956
0.000913,-0.008875,-0.000397
-0.000093,-0.009921,-0.004644
0.000838,-0.011041,0.000716
0.001788,-0.008910,0.000741
-0.000189,-0.008942,0.002913
0.000787,-0.004665,0.000836
0.000779,-0.001466,0.002961
-0.000190,0.006018,0.001941
0.002779,0.009229,0.002989
0.001838,0.014583,0.002985
0.001898,0.017823,-0.000226
0.001932,0.019965,-0.000227
0.001010,0.018894,0.000819
0.002033,0.017839,-0.000267
0.002072,0.012483,-0.000259
0.002104,0.009271,-0.000257
0.001163,0.005025,-0.002444
0.000192,-0.001372,-0.004604
0.002157,-0.001393,-0.002460
-0.000817,-0.007816,-0.001414
0.000152,-0.008870,-0.002504
0.000115,-0.006747,-0.001410
0.001071,-0.006725,-0.003557
-0.000913,-0.004624,-0.000317
0.002004,-0.005676,-0.001412
0.001033,-0.001378,-0.003543
0.002026,0.001820,-0.002461
0.002035,0.000782,-0.005685
0.002042,0.000795,-0.006763
0.003025,0.002928,-0.007788
0.001087,0.003962,-0.003509
0.000122,0.001818,-0.002457
0.001096,0.006133,-0.007770
0.000120,0.003945,-0.001374
0.002107,0.006127,-0.006709
0.001146,0.013553,-0.000257
0.001173,0.008233,-0.002433
0.002159,0.009316,-0.003512
0.001233,0.005014,-0.000325
0.000293,0.003945,-0.001375
0.000311,0.001807,-0.001381
-0.000691,0.000685,0.003981
0.000282,-0.003550,-0.000326
0.001264,-0.003544,-0.001386
0.000280,-0.002482,-0.000319
0.001247,-0.003540,-0.001396
0.001241,-0.000338,0.000720
0.001241,0.003932,0.000753
0.001252,0.004989,0.002879
0.001269,0.008223,0.000730
0.001278,0.009279,0.000768
-0.000635,0.010374,-0.001389
0.001350,0.006084,0.000724
0.001355,0.000776,-0.002532
-0.000608,-0.000283,-0.004652
0.000371,0.000746,-0.002452
0.001366,0.000756,-0.004570
0.000371,-0.002474,-0.002430
0.001339,-0.005656,-0.004597
0.001325,-0.007795,-0.004605
0.000331,-0.009947,-0.003533
0.001269,-0.007819,-0.001406
0.001233,-0.004631,0.000748
0.000231,-0.001457,0.002938
0.001232,-0.001458,0.001893
0.001241,-0.003578,0.001840
0.000256,-0.001449,0.002916
0.001210,-0.002510,0.002890
-0.000735,-0.001461,0.005041
0.002173,-0.000383,0.005022
0.001207,-0.000356,0.002858
-0.000736,-0.000344,0.001781
0.001212,-0.001418,0.001790
0.001192,0.000750,-0.001418
0.001211,0.002904,-0.003544
-0.000746,-0.003507,-0.003576
0.001195,-0.007767,-0.004679
0.001169,-0.012043,-0.004694
0.001134,-0.014200,-0.004654
-0.000882,-0.020615,-0.004676
0.000002,-0.023871,-0.000376
-0.000088,-0.028202,0.004980
-0.001150,-0.031440,0.009232
0.001711,-0.026108,0.010333
0.001623,-0.021812,0.008206
0.000599,-0.016493,0.012477
0.000555,-0.007950,0.013577
0.001511,-0.002578,0.011436
0.002515,0.003859,0.009309
0.001528,0.004944,0.009272
0.002563,0.005006,0.001787
0.002585,0.001809,0.002795
0.000648,-0.000294,-0.000441
0.001617,-0.003462,-0.005783
0.000610,-0.005608,-0.005771
0.000559,-0.011959,-0.012233
0.001518,-0.015214,-0.006893
0.001461,-0.019469,-0.011146
0.000402,-0.019520,-0.007877
0.000348,-0.020624,-0.004651
0.001247,-0.020622,-0.005702
0.000187,-0.017471,-0.000316
0.001120,-0.011133,0.006183
0.001086,-0.007922,0.005139
0.000090,-0.003631,0.004071
0.002053,0.003845,0.007253
0.001106,0.010273,0.006197
0.003079,0.017700,0.013691
0.003151,0.026247,0.013736
0.003249,0.026300,0.009415
0.003351,0.029532,0.007270
0.002445,0.025296,0.004013
0.000561,0.018879,0.006086
0.001566,0.013569,0.000746
0.000610,0.003962,-0.000371
-0.001344,-0.006712,-0.002546
0.000578,-0.013149,0.000628
-0.001425,-0.017399,-0.002593
0.000464,-0.017364,-0.007915
0.001394,-0.017385,-0.007860
0.001348,-0.013114,-0.008877
0.000317,-0.006731,-0.006681
0.001269,-0.002504,-0.001306
0.000276,0.001721,0.004070
0.000318,0.007074,0.003025
0.002295,0.008180,0.000841
0.002341,0.012452,0.002959
0.002400,0.018914,-0.002372
0.005389,0.023175,-0.001271
0.002508,0.021030,0.000832
0.002597,0.019974,0.000795
0.000694,0.016801,-0.002445
-0.000226,0.012524,-0.002458
0.000779,0.005045,-0.002497
0.001733,0.001838,-0.002508
-0.000227,-0.006726,-0.000418
0.001703,-0.008861,-0.002526
0.001677,-0.008852,-0.003594
0.000664,-0.005688,-0.000334
0.000645,0.000713,-0.002368
0.001633,0.004972,-0.001260
-0.000322,0.000683,-0.000197
-0.000322,0.001751,0.000855
0.000665,-0.001488,0.006156
0.001655,0.000697,0.000814
0.001682,0.003920,-0.001307
0.001714,0.006073,-0.002384
0.000747,0.008195,0.000803
0.000773,0.009283,-0.001334
0.002754,0.012478,0.000801
0.000850,0.009290,-0.000308
-0.000107,0.005034,-0.002469
-0.000081,-0.000300,-0.002518
0.001861,-0.001341,-0.005733
-0.000113,-0.003530,-0.000379
0.001823,-0.007803,-0.000403
-0.000153,-0.008865,-0.002516
0.001772,-0.012067,-0.002541
-0.000217,-0.013161,-0.000389
0.000703,-0.011017,-0.001441
0.000664,-0.006781,-0.000277
0.002608,-0.001412,-0.004501
0.001646,-0.000387,-0.000196
-0.000308,0.000652,0.004069
0.000646,0.004932,0.004074
-0.000288,0.008144,0.004072
0.002668,0.012420,0.004092
0.001742,0.015641,0.003021
0.000832,0.011403,0.000812
0.001842,0.010351,-0.000283
0.001866,0.007206,-0.005684
0.002863,0.002943,-0.007827
0.001894,0.000816,-0.008910
0.000914,-0.007762,-0.004692
0.000860,-0.010971,-0.004698
0.000821,-0.015244,-0.004722
0.000780,-0.018456,-0.003674
0.000707,-0.013114,-0.004693
0.000680,-0.009941,0.000635
0.001638,-0.004607,0.000686
0.001613,-0.000356,0.000766
-0.000323,0.000705,0.000793
0.001634,0.001747,0.004004
0.000664,0.004958,0.002960
-0.001275,0.007070,0.005126
0.000691,0.005957,0.011512
0.000705,0.007060,0.008292
0.000738,0.009207,0.007230
0.000773,0.006021,0.005070
0.001793,0.002840,0.002899
0.001802,0.001825,-0.002472
0.000813,-0.003475,-0.007839
0.002795,-0.002390,-0.008924
0.002776,-0.004541,-0.007854
0.001762,-0.003480,-0.007828
-0.000201,-0.003484,-0.005727
0.002720,-0.004558,-0.003623
0.001721,-0.004553,-0.004683
0.000737,-0.004557,-0.004675
0.000692,-0.005687,0.001756
0.000689,-0.006793,0.001848
0.000679,-0.009977,-0.000315
0.001632,-0.016384,0.000688
-0.001342,-0.015301,-0.002483
0.002510,-0.012112,-0.001376
0.002485,-0.008915,-0.000292
0.000511,-0.005694,-0.000318
0.002436,-0.003550,-0.001370
0.001488,0.002863,-0.000299
0.002459,0.006094,-0.002438
0.001504,0.010332,0.000815
0.002517,0.013559,-0.001316
0.002552,0.013534,0.000841
0.000651,0.014613,-0.000229
0.000705,0.012459,0.000849
-0.001233,0.010345,-0.001314
0.001715,0.004977,0.001865
0.000749,0.002861,0.000753
-0.000222,0.000711,0.001823
0.000733,-0.005690,-0.000328
0.001705,-0.007846,0.001803
0.001664,-0.007844,0.000753
0.001649,-0.013171,-0.001408
0.000632,-0.015297,-0.002493
0.001581,-0.016341,-0.004654
0.000566,-0.011002,-0.003572
0.000522,-0.010973,-0.006786
0.001468,-0.004562,-0.006754
0.001465,-0.001371,-0.004606
0.001465,0.000753,-0.002470
0.000497,0.003979,-0.004600
0.001463,0.007172,-0.003506
0.001507,0.011423,-0.001331
0.001543,0.013545,-0.000236
0.001581,0.012460,-0.000197
0.001609,0.010297,0.004043
0.000654,0.008143,0.005120
0.000684,0.004937,0.005105
0.000690,0.002783,0.007231
0.000683,-0.003600,0.005035
-0.000311,-0.005754,0.006113
-0.000336,-0.007889,0.006097
0.001602,-0.012125,0.002842
0.002595,-0.009966,0.000703
0.002557,-0.005669,-0.002473
0.001552,-0.003521,-0.002493
0.002518,0.003948,-0.001381
0.000551,0.008212,-0.000289
0.000577,0.008216,-0.000296
0.001580,0.011418,-0.000271
-0.000334,0.010304,0.005070
0.000667,0.008186,0.002916
0.001666,0.011379,0.004013
0.001708,0.010298,0.004041
0.000759,0.010295,0.004049
0.000777,0.003906,0.002912
0.000784,0.003910,0.001856
0.000804,-0.001411,-0.001365
0.000797,-0.003571,0.000775
0.000763,-0.006769,0.000741
0.001716,-0.010002,0.003934
0.000693,-0.007844,0.000753
0.001675,-0.008888,-0.000363
0.000678,-0.006785,0.003919
0.002600,-0.003549,0.001765
-0.000349,0.000713,0.001816
0.000637,0.006034,0.005036
0.001635,0.012451,0.004008
0.001657,0.016697,0.006194
0.001721,0.018821,0.006238
0.000791,0.016675,0.006252
-0.000117,0.013478,0.005167
-0.000085,0.010304,0.002977
-0.000035,0.006077,-0.001349
0.000956,0.006090,-0.002428
0.000962,0.005077,-0.007807
0.002931,0.005050,-0.004602
0.000017,0.005017,-0.001377
0.000976,0.003955,-0.002445
0.000959,-0.003533,-0.001416
0.000953,-0.000325,-0.002451
0.000956,-0.006741,-0.001423
0.000936,-0.008896,-0.000343
0.001904,-0.007802,-0.003541
0.001898,-0.008863,-0.003567
0.001866,-0.006709,-0.004646
0.000864,-0.001382,-0.001439
0.001819,-0.000334,0.001758
0.001806,0.000720,0.003890
0.000830,0.002832,0.007104
0.000835,0.004965,0.007123
-0.000128,0.008139,0.009312
-0.000090,0.012424,0.007216
0.000931,0.011381,0.002960
0.001005,0.009300,-0.002424
0.001983,0.005008,-0.001352
0.001013,-0.000323,-0.003502
0.001006,-0.005656,-0.005645
0.000987,-0.010987,-0.004656
0.000947,-0.008845,-0.004658
0.001890,-0.006702,-0.006755
0.001867,-0.000329,-0.002440
0.001867,0.000762,-0.003540
0.001878,0.003980,-0.004602
0.000925,0.007175,-0.003514
-0.000026,0.010358,-0.000301
0.001973,0.010406,-0.004608
0.001029,0.009309,-0.001401
-0.000900,0.007151,0.000733
-0.000884,0.005019,0.000708
0.001070,0.005019,-0.000336
0.001095,0.002842,0.003941
0.000100,-0.000359,0.001821
0.000109,0.000717,0.000761
0.001093,-0.006744,-0.002464
0.002056,-0.002472,-0.003481
0.001054,-0.004618,-0.002422
0.002005,-0.003565,-0.000285
0.001021,-0.001441,0.001850
0.001020,0.000694,0.001867
0.001005,0.000699,0.001854
0.001015,0.009215,0.005117
-0.000895,0.014574,0.004054
0.002091,0.017783,0.004061
0.003116,0.018864,0.004036
0.001234,0.021034,-0.000223
0.001286,0.017819,0.000832
0.001335,0.017843,-0.001324
0.002367,0.013570,-0.001345
0.001418,0.007185,-0.004582
0.001432,0.000767,-0.003553
0.001432,-0.002393,-0.007871
0.000448,-0.004495,-0.011110
0.000419,-0.008778,-0.011106
0.000396,-0.014100,-0.013281
0.001325,-0.014138,-0.008997
0.000312,-0.014161,-0.007892
0.001238,-0.014172,-0.005773
0.001211,-0.010980,-0.004676
0.001176,-0.006730,-0.003547
0.000207,0.001785,-0.000278
0.001175,0.004973,0.001875
0.001213,0.013502,0.004059
0.002229,0.016748,0.000832
0.002264,0.019910,0.006191
0.000357,0.019945,0.001916
0.001420,0.023128,0.004085
-0.000462,0.019961,0.001877
0.000577,0.016776,-0.001333
0.001588,0.010369,-0.001374
0.001611,0.005039,-0.003525
0.000643,0.001849,-0.006720
0.000623,-0.004561,-0.006753
0.001583,-0.008822,-0.007855
0.000564,-0.013114,-0.006784
-0.000450,-0.016342,-0.003602
0.000480,-0.016334,-0.005718
0.000439,-0.014224,-0.001454
0.002335,-0.013198,0.002846
0.001292,-0.011077,0.004991
0.001280,-0.005709,0.001813
-0.000676,-0.003604,0.007137
0.001263,-0.004638,0.003905
0.000315,0.002829,0.005022
0.002259,0.003936,-0.000305
0.004242,0.006081,-0.000316
0.003270,0.008215,0.000752
0.000376,0.006098,-0.001402
0.000379,0.006079,-0.000310
0.001368,0.003922,0.000779
0.000398,0.000732,-0.001369
0.002352,-0.001392,-0.003505
0.001395,-0.004616,-0.001381
0.000367,-0.011029,-0.000362
0.000343,-0.011016,-0.002488
-0.000673,-0.006738,-0.003524
0.001275,-0.007796,-0.004603
0.001240,-0.009939,-0.003551
0.001223,-0.014201,-0.003603
0.001173,-0.013136,-0.002544
0.002112,-0.013162,-0.001430
0.000125,-0.012082,-0.002499
0.003038,-0.011020,-0.000388
0.001056,-0.008887,0.000679
0.001990,-0.009952,0.001712
0.002924,-0.007844,0.004935
0.002922,-0.005721,0.004984
0.001916,-0.001468,0.008196
0.001916,0.003846,0.010388
0.002903,0.007020,0.012578
0.000952,0.011265,0.014768
-0.000946,0.012353,0.012629
0.001046,0.009163,0.010483
0.000085,0.005983,0.007261
0.001096,-0.000395,0.004007
0.001074,-0.004656,0.002905
0.001064,-0.009956,-0.002462
-0.000922,-0.015307,-0.002467
0.000988,-0.016330,-0.006772
0.002862,-0.019565,-0.003573
-0.000116,-0.017419,-0.005680
0.001807,-0.016355,-0.003570
0.000773,-0.015286,-0.002521
0.000740,-0.010994,-0.003593
0.001658,-0.007810,-0.000382
0.000665,-0.001425,0.002856
0.002634,-0.000354,0.001808
0.000675,0.007105,0.002943
0.002677,0.007118,0.001866
0.001723,0.007102,0.002952
0.001724,0.006050,0.001857
-0.000220,0.002853,0.000773
0.000777,0.002879,-0.002431
0.000791,0.001819,-0.002457
0.000778,0.001781,-0.000266
0.000761,-0.001404,-0.002428
0.000752,-0.003558,-0.001348
0.002706,-0.005719,0.001842
-0.000260,-0.007865,0.002899
-0.000281,-0.004668,0.003983
0.000699,-0.002534,0.005047
0.000693,0.001764,0.002915
0.002635,0.002804,0.006131
0.002645,0.006024,0.004018
0.002694,0.006031,0.006093
0.003674,0.008223,0.000729
0.003701,0.011424,0.000758
0.002779,0.013605,-0.005620
0.002817,0.011419,-0.000277
0.000896,0.010385,-0.003509
0.001902,0.007165,-0.002441
-0.000030,0.007177,-0.003518
0.000973,0.008297,-0.009921
0.002940,0.008251,-0.005618
0.000994,0.006107,-0.005610
0.001009,0.003964,-0.004558
0.001012,-0.003513,-0.004605
0.000027,-0.004608,-0.002448
0.000990,-0.004634,-0.000288
-0.000000,-0.004651,0.001849
0.001922,-0.005714,0.000782
-0.000014,-0.002524,0.001885
0.000957,-0.000407,0.005084
0.001921,0.003867,0.006150
0.002915,0.009220,0.006151
0.001981,0.013523,0.002960
0.002006,0.016717,0.006144
0.001106,0.017823,0.001868
0.003089,0.016774,0.000766
0.001183,0.016761,0.001844
0.001244,0.014622,0.001838
0.001293,0.009289,-0.000305
0.000297,0.001785,-0.000278
0.001306,-0.000320,-0.003510
0.001298,-0.004602,-0.001418
0.001252,-0.006728,-0.002503
0.001238,-0.005666,-0.003528
0.003178,-0.005645,-0.005674
-0.000758,-0.008871,-0.002499
-0.001757,-0.007833,0.000724
0.001142,-0.003585,0.002905
0.001158,0.002810,0.004023
0.002141,0.003879,0.002982
0.000234,0.007102,0.002953
0.002208,0.011405,0.000807
0.003202,0.012452,0.002962
0.002266,0.009256,0.003965
0.002279,0.010324,0.003974
0.001323,0.008201,0.000786
0.001357,0.004990,0.001830
0.000406,0.002876,-0.001377
0.001375,0.000725,-0.000306
0.000397,-0.004598,-0.002474
0.000389,-0.006724,-0.003559
0.000388,-0.007767,-0.005723
0.002311,-0.005610,-0.008904
0.003262,-0.005629,-0.006760
0.001298,-0.005636,-0.006742
0.000289,-0.008869,-0.003551
0.000259,-0.012104,-0.000351
0.002183,-0.008909,-0.000309
0.002143,-0.008912,0.001793
0.004075,-0.004624,-0.000317
0.002120,0.003917,0.000790
0.002166,0.008236,-0.002442
0.003170,0.010355,0.000753
0.002229,0.015674,0.002933
0.001293,0.014619,0.001847
0.000365,0.019966,0.000816
0.001409,0.016766,-0.000259
-0.000536,0.014607,0.000833
-0.000518,0.001779,0.001829
-0.001482,-0.002538,0.005057
-0.000508,-0.006807,0.005024
0.000445,-0.009974,0.000721
0.001384,-0.013204,0.002861
0.000379,-0.017417,-0.003592
0.000295,-0.020632,-0.002539
0.002210,-0.020624,-0.003606
0.003119,-0.018456,-0.006813
0.003078,-0.014214,-0.003572
0.002069,-0.012051,-0.005720
0.001067,-0.009918,-0.003606
0.001048,-0.006717,-0.002531
0.001983,-0.002454,-0.001436
0.000046,-0.000325,-0.000360
0.002000,0.002891,-0.001416
0.001027,0.003947,-0.000330
0.002029,0.003934,-0.000300
0.002051,0.002860,-0.000290
0.002040,0.002876,-0.002422
0.000108,0.001817,-0.003499
0.002047,-0.000339,-0.001367
0.001054,-0.000332,-0.003478
0.002045,-0.000350,-0.000293
0.002035,-0.003598,0.003985
0.001032,-0.003578,0.000795
0.001981,-0.003576,-0.000256
0.001015,-0.008916,0.000757
0.002958,-0.006772,-0.000295
0.001947,-0.003590,0.002919
-0.000032,-0.004647,0.000792
0.000947,-0.003557,-0.001353
0.001915,-0.003562,0.001799
0.001887,-0.002500,0.002867
0.000907,0.001762,0.005010
0.000918,0.006050,0.002904
0.002905,0.009258,0.001869
0.000993,0.010332,0.000813
0.000049,0.010358,-0.002393
0.002033,0.010326,0.000830
0.002057,0.008205,0.000777
0.001087,0.009263,0.000810
0.001121,0.006101,-0.004549
0.000143,0.000738,-0.001386
0.000143,-0.000339,-0.001367
0.002090,-0.004614,-0.001388
0.000123,-0.005709,0.000769
0.000088,-0.008932,0.001845
0.001043,-0.008936,0.001854
0.000044,-0.005724,0.001853
0.001981,-0.004656,0.001861
0.002955,-0.002546,0.006124
0.000991,-0.000395,0.005054
0.003909,0.007077,0.006155
0.002961,0.009184,0.010428
0.002008,0.011383,0.004004
0.002040,0.012475,0.001856
0.001116,0.007100,0.006094
0.001115,0.006063,0.000779
0.000157,-0.003551,0.000723
0.000145,-0.006718,-0.003576
0.002076,-0.010988,-0.003608
0.001060,-0.007805,-0.002487
0.001026,-0.005661,-0.003541
0.001991,-0.003540,-0.001396
0.002948,-0.001425,0.001809
0.000975,0.000671,0.006109
0.000978,0.003859,0.007217
0.000015,0.005991,0.007243
0.000026,0.004919,0.006201
0.002965,0.004898,0.008348
0.000089,0.002809,0.002980
0.001077,-0.003572,0.001826
0.002040,-0.002501,0.001824
0.001055,-0.002492,0.000756
0.002018,-0.004626,0.002829
0.001019,0.000707,0.002879
0.001020,0.001830,-0.002485
0.001985,0.000766,-0.002502
0.001989,0.001813,0.000696
0.002002,0.007143,0.000755
0.001028,0.006046,0.001871
0.001047,0.010291,0.004059
0.001086,0.008182,0.002929
0.000112,0.007066,0.007232
0.002081,0.008179,0.001891
0.000183,0.007094,0.004020
0.002141,0.008171,0.002957
0.001196,0.007086,0.005086
0.001189,0.002825,0.002940
0.002177,-0.001429,0.001820
0.000218,-0.002495,0.001807
0.000211,-0.002484,-0.000312
0.000220,-0.003523,-0.002487
0.000195,-0.003545,0.000710
0.000187,-0.004579,-0.003570
0.002130,-0.002439,-0.002521
0.001120,-0.001394,-0.000362
0.001135,-0.002441,-0.002517
0.002131,0.001826,-0.001431
0.003134,0.006101,-0.002457
0.001189,0.010331,0.000817
0.000232,0.014620,-0.000246
0.001229,0.015652,0.002993
0.000275,0.012463,0.002932
0.002254,0.011343,0.009335
0.001302,0.010273,0.009336
0.000378,0.008112,0.011478
-0.000591,0.003839,0.011454
0.002366,0.000685,0.005028
0.000386,-0.003581,0.002893
0.002340,-0.007828,-0.001383
0.001382,-0.014185,-0.006785
0.001328,-0.016280,-0.010041
0.002230,-0.018430,-0.006879
0.002177,-0.012009,-0.007918
0.003100,-0.006681,-0.004716
0.004059,-0.001330,-0.005759
0.002129,0.005061,-0.003581
0.003140,0.006101,-0.000366
0.002156,0.010337,0.002891
0.001234,0.008190,0.002908
0.000262,0.006073,-0.001338
0.002242,0.002846,0.000795
0.000292,-0.001419,-0.000298
0.000285,-0.004635,0.000761
-0.000692,-0.005688,-0.001376
0.002183,-0.007866,0.003949
0.001193,-0.011038,0.000709
0.000190,-0.006801,0.003963
0.002125,-0.005676,-0.001409
0.004066,-0.002491,0.001800
0.002127,0.000727,0.000738
0.002112,-0.001384,-0.001436
0.002111,-0.001380,-0.001446
0.002109,-0.001378,-0.001449
0.000137,-0.000320,-0.000372
0.002115,0.005022,-0.000342
0.002117,0.009235,0.006113
0.000186,0.009270,0.001839
0.002190,0.007132,0.001831
0.000242,0.008205,0.000776
0.001259,0.009257,0.001871
0.003236,0.009283,-0.001335
0.001307,0.008216,-0.001343
0.001340,0.003984,-0.005657
0.001344,-0.000327,-0.001397
0.000334,-0.005631,-0.006756
0.000331,-0.012062,-0.005692
0.001268,-0.017417,-0.003592
0.001217,-0.020596,-0.006814
0.002127,-0.020628,-0.002549
0.001089,-0.016316,-0.006809
0.001053,-0.012078,-0.002511
0.002981,-0.005666,-0.002479
0.001996,-0.001387,-0.002472
0.002003,0.002886,-0.002448
0.000063,0.006080,-0.000311
0.000083,0.008158,0.006127
0.001095,0.009262,0.003951
0.001118,0.008212,0.001805
0.002131,0.005020,-0.000337
0.001164,0.003928,0.001810
0.000192,-0.002455,-0.001432
0.000168,-0.001377,-0.003543
0.001149,-0.006705,-0.004655
0.002088,-0.008839,-0.004671
0.002049,-0.009940,-0.003550
0.001039,-0.014227,-0.001445
0.000041,-0.013166,-0.001419
0.000952,-0.011042,0.000717
0.001890,-0.004658,0.001864
0.001898,0.000665,0.004033
0.000927,0.004935,0.005114
0.000959,0.010271,0.007247
0.002946,0.008166,0.004016
0.000998,0.008141,0.008264
0.002986,0.007095,0.005063
0.001063,0.004959,0.006098
0.000110,0.002869,-0.000312
0.001085,-0.001385,-0.001432
0.001080,-0.002454,-0.002482
0.002046,-0.007754,-0.005756
0.001049,-0.010968,-0.004704
0.001966,-0.010965,-0.004713
-0.000021,-0.012080,-0.001459
0.001876,-0.006757,0.000711
-0.000076,-0.003571,0.000776
0.001854,-0.001450,0.000828
0.001829,-0.002542,0.004022
0.000862,-0.000423,0.005126
0.002825,0.000668,0.001936
0.001866,0.001743,0.001926
0.000878,0.002763,0.007286
0.002824,0.004910,0.006224
0.000888,0.001727,0.005103
0.000906,0.002826,0.002938
0.000939,0.001778,0.002879
0.001905,0.001813,-0.001395
0.000947,0.000762,-0.002493
0.002902,-0.003456,-0.007888
0.000949,-0.008763,-0.011146
0.000910,-0.011996,-0.006905
0.001842,-0.010943,-0.004768
0.002774,-0.009913,-0.001527
0.001740,-0.009939,0.000631
0.001709,-0.011030,0.002779
0.001652,-0.006808,0.008163
0.000657,-0.004702,0.009303
-0.001303,-0.004712,0.009329
-0.000349,-0.005801,0.011467
0.001613,-0.005787,0.008295
0.001629,-0.003647,0.007252
0.000644,-0.000397,0.001920
0.003574,0.000686,0.000842
0.001641,0.001809,-0.003478
0.001647,-0.000296,-0.004618
0.000707,0.001890,-0.008916
0.000702,0.001905,-0.010003
0.002648,-0.000211,-0.011114
-0.000296,-0.005546,-0.012206
0.001647,-0.006620,-0.012196
0.001616,-0.009826,-0.012212
0.000589,-0.008768,-0.012180
0.001558,-0.010933,-0.008981
-0.000447,-0.007750,-0.006814
0.000518,-0.002470,-0.001393
0.000498,-0.001430,0.001823
0.000478,0.001700,0.009356
0.001474,0.005947,0.011541
-0.000464,0.010197,0.012670
0.001512,0.010211,0.010542
0.001599,0.012348,0.009508
0.001637,0.008121,0.006226
0.001686,0.006025,0.001925
0.000722,0.001812,-0.003485
0.000715,0.000774,-0.004617
0.001700,0.002919,-0.005671
0.001691,-0.002399,-0.006808
0.002648,-0.003449,-0.008955
0.001667,-0.003449,-0.008955
0.001648,-0.003464,-0.007868
0.001645,-0.001340,-0.007824
0.001637,0.003969,-0.003527
0.001631,0.003950,-0.002431
-0.000319,0.011361,0.004059
0.001665,0.011361,0.004059
0.001710,0.012407,0.006215
0.001764,0.017753,0.005188
0.000838,0.012370,0.010496
0.000861,0.008162,0.002982
-0.000072,0.002801,0.004047
0.000927,-0.004635,-0.000285
-0.000070,-0.010988,-0.005698
0.001862,-0.016329,-0.005730
0.000830,-0.018416,-0.011098
0.003702,-0.019475,-0.010083
0.003624,-0.017345,-0.009008
0.001605,-0.012043,-0.004692
0.000601,-0.009879,-0.006844
0.001550,-0.003497,-0.003597
0.002532,0.006075,-0.000296
0.000584,0.010316,0.003993
0.000616,0.016686,0.008314
0.001655,0.020914,0.012640
0.000744,0.019857,0.010512
0.000812,0.020945,0.008374
0.001859,0.020929,0.009464
0.000941,0.013503,0.003012
0.000968,0.007084,0.003002
-0.000978,-0.002476,-0.002425
0.000991,-0.008876,-0.003529
-0.000007,-0.019512,-0.007895
0.001891,-0.024839,-0.007962
0.001783,-0.022687,-0.010082
0.002678,-0.025878,-0.011184
0.002619,-0.020527,-0.011179
0.001564,-0.016273,-0.009013
0.001530,-0.009858,-0.008991
0.002475,-0.003500,-0.002545
0.003423,0.003919,0.003925
0.000508,0.009230,0.006125
0.001546,0.012390,0.010443
0.001576,0.014560,0.007232
0.001633,0.019871,0.008387
0.000703,0.017727,0.008393
0.000767,0.017694,0.011617
0.000824,0.018788,0.008417
0.000860,0.012416,0.004102
0.000895,0.003899,0.000840
0.002864,-0.002493,-0.000288
0.000907,-0.008862,-0.003566
0.001835,-0.014167,-0.007873
-0.000155,-0.015215,-0.011073
0.001757,-0.017334,-0.012176
0.002680,-0.017331,-0.011138
0.002600,-0.014155,-0.007907
0.001600,-0.004576,-0.003576
0.000602,-0.002454,-0.002482
0.001569,0.007126,0.000797
0.001610,0.010330,0.001863
0.003598,0.016707,0.006169
0.000712,0.017780,0.005118
0.001769,0.019895,0.008324
0.000854,0.017795,0.004033
0.001892,0.013539,0.002917
0.000946,0.009284,0.000756
-0.000032,0.001790,0.001800
-0.001014,-0.005678,-0.000359
-0.000046,-0.008919,0.001811
-0.000101,-0.015317,-0.000349
0.000828,-0.018488,-0.004635
-0.000197,-0.017452,-0.000361
0.002685,-0.014227,-0.002490
0.001658,-0.013170,-0.000362
0.002606,-0.006736,-0.003527
0.003569,-0.003522,-0.002488
0.003557,0.004979,0.002907
0.002607,0.012472,0.000819
0.002650,0.018868,0.002982
-0.000207,0.022068,0.004057
0.003737,0.017826,0.000812
0.001846,0.014621,0.000797
0.000917,0.010347,0.000776
-0.001022,0.001773,0.002892
-0.000051,-0.004601,-0.002465
-0.000068,-0.015313,-0.000356
-0.001098,-0.023846,-0.002530
0.001759,-0.029164,-0.005760
0.001657,-0.030228,-0.004731
0.001562,-0.027059,-0.001482
0.001480,-0.021703,-0.002536
0.003388,-0.012090,-0.000388
0.000436,-0.004608,-0.000354
0.002384,0.009269,0.000795
0.001449,0.019915,0.005135
0.001524,0.023143,0.001953
0.002564,0.025254,0.004124
-0.000294,0.017786,0.004058
0.002705,0.012428,0.006163
0.000776,0.006066,-0.000272
-0.000176,0.000705,0.002885
0.000779,-0.002457,-0.002474
0.000768,-0.004599,-0.002472
0.000719,-0.009957,-0.000366
-0.000273,-0.013178,0.001752
0.000634,-0.013167,-0.000368
0.001576,-0.011063,0.002866
0.001552,-0.007854,0.002873
0.001546,-0.004653,0.002899
0.002493,-0.002506,0.001838
0.002505,-0.000394,0.005052
0.002505,0.002824,0.003990
0.002501,-0.001451,0.005015
0.002494,-0.000362,0.002877
0.001538,-0.006743,0.000673
0.000542,-0.005675,0.000681
0.000522,-0.005687,0.001758
0.000489,-0.006730,-0.000406
0.001450,-0.003540,0.001741
0.001429,-0.000348,0.001793
0.001434,0.005025,-0.000350
0.002432,0.010370,-0.001377
0.001497,0.010350,-0.000279
0.002472,0.009293,-0.000315
0.002499,0.012454,0.004002
0.000578,0.012414,0.007244
-0.000356,0.010303,0.004029
0.001605,0.008133,0.006195
0.001637,0.006030,0.001912
0.002639,0.002821,0.001905
0.003606,0.003864,0.004067
0.002653,0.004958,0.002961
0.001697,0.002839,0.001856
0.001704,0.002883,-0.001395
0.000739,0.002905,-0.003544
0.001727,0.005008,0.000738
0.001739,0.006110,-0.002481
0.001748,0.000782,-0.003591
0.000790,-0.001337,-0.007831
0.001734,-0.004534,-0.008916
0.001726,-0.005612,-0.007849
0.001712,-0.008839,-0.005718
0.000699,-0.007794,-0.002515
0.001643,-0.004592,-0.002490
0.001615,-0.003573,0.002875
0.001609,0.001773,0.001848
0.001609,0.002811,0.005067
0.001638,0.011353,0.004083
0.002658,0.012390,0.007307
0.001717,0.014530,0.006264
0.001757,0.013465,0.006249
0.000847,0.013505,0.003007
-0.000116,0.009228,0.004039
0.000893,0.003954,-0.002442
0.000931,-0.001344,-0.005720
0.000928,-0.004543,-0.005754
0.001889,-0.010899,-0.011160
0.000862,-0.008815,-0.005782
0.001798,-0.010930,-0.008987
0.000778,-0.008841,-0.002577
0.001721,-0.008807,-0.006849
0.001714,-0.006711,-0.002548
0.002661,-0.003527,-0.000385
0.000704,-0.000305,-0.003548
-0.000284,0.001777,0.001835
0.000731,0.002868,-0.001354
0.000743,0.007098,0.002964
0.001720,0.007114,-0.000215
0.000772,0.003912,-0.000240
0.002750,0.001797,-0.001353
-0.001157,-0.001413,-0.000311
0.001769,0.000693,0.003963
0.000775,0.003908,0.002909
0.000786,0.004979,0.002908
0.001768,0.003881,0.007160
0.001775,0.004991,0.002876
0.001821,0.006101,-0.002456
0.003810,0.006138,-0.005690
0.001861,0.006129,-0.005668
-0.000078,0.001846,-0.003572
0.001867,0.000792,-0.005709
0.000911,0.000785,-0.003598
0.001876,-0.000267,-0.005738
0.000884,-0.000298,-0.003564
0.000881,-0.004570,-0.003593
-0.001092,-0.011004,-0.002519
0.002802,-0.012090,-0.001432
0.000819,-0.013114,-0.006784
0.001761,-0.013149,-0.002506
0.001719,-0.007777,-0.006739
0.001669,-0.005692,-0.000321
0.000706,0.002870,-0.003452
0.000721,0.009230,0.002989
0.001728,0.013510,0.002995
0.002745,0.016706,0.005127
0.001812,0.016713,0.005109
0.001864,0.020989,0.005126
0.000956,0.022086,0.001919
0.001999,0.015693,0.000794
0.003032,0.014627,-0.000265
0.001113,0.010373,-0.002430
0.001146,0.001832,-0.001446
0.001146,-0.003534,-0.001411
0.001099,-0.007788,-0.002531
0.001076,-0.011021,-0.000382
0.000070,-0.008922,0.003910
0.001961,-0.009989,0.002853
0.000954,-0.010001,0.003931
0.000943,-0.006777,0.001808
-0.000056,-0.007832,0.000722
0.001895,-0.003535,-0.002453
0.001872,-0.002479,-0.000325
0.001864,-0.002499,0.001819
0.002830,-0.003550,0.000724
0.001859,-0.003550,0.000724
0.001849,-0.003517,-0.002500
0.002815,-0.004598,-0.001428
0.001811,-0.005655,-0.001464
0.001798,-0.005655,-0.001462
0.000808,-0.004570,-0.003591
0.003732,-0.001397,-0.000354
0.000801,0.000760,-0.003534
0.001782,0.000758,-0.004575
0.000812,0.002876,-0.002421
0.002768,0.000739,-0.001387
0.000800,-0.002487,0.000743
0.000790,-0.004627,0.001786
-0.001179,-0.006802,0.005012
-0.000227,-0.006808,0.003981
0.002696,-0.006800,0.002913
0.001698,-0.006804,0.002923
0.000720,-0.005734,0.001880
0.001681,-0.002530,0.003992
0.002638,0.000693,0.001871
0.002644,-0.002520,0.003967
0.000692,0.000703,0.001845
0.002634,0.001744,0.005060
0.001677,0.002827,0.003981
0.001680,0.000706,0.002883
0.000700,-0.002492,0.002849
0.000707,-0.003559,0.001793
0.002652,-0.005655,-0.002508
0.000664,-0.009921,-0.003596
0.001610,-0.013132,-0.002552
0.001577,-0.013110,-0.005749
0.001552,-0.017397,-0.005737
-0.000475,-0.016364,-0.002499
0.002425,-0.015281,-0.003578
0.001363,-0.011063,0.002862
0.001336,-0.005734,0.003972
0.002325,0.004952,0.002977
0.002341,0.009214,0.005120
0.002373,0.014548,0.006217
0.002416,0.019890,0.007291
0.001504,0.020924,0.011569
0.002529,0.016689,0.007261
0.002586,0.014611,0.000825
0.002653,0.012461,0.001895
0.000731,0.001830,-0.004576
0.001707,-0.004575,-0.004626
0.000699,-0.008776,-0.013202
0.000658,-0.013043,-0.013244
0.001604,-0.012000,-0.010036
0.002521,-0.013078,-0.007924
0.001507,-0.008811,-0.006837
0.002456,-0.005632,-0.003615
0.000475,-0.001401,0.000703
0.000487,-0.001413,0.001781
0.000490,0.002855,0.000773
0.000506,0.008162,0.004029
0.001520,0.012425,0.005123
0.000577,0.014558,0.006191
0.000614,0.015601,0.008355
0.000671,0.017734,0.009422
0.002667,0.017745,0.009394
0.000765,0.013487,0.008283
0.001788,0.011339,0.009346
0.000832,0.006006,0.007203
0.001846,-0.000335,-0.000334
0.000867,-0.004550,-0.007830
0.000884,-0.007727,-0.010008
0.001796,-0.009857,-0.011084
0.001756,-0.011967,-0.014304
0.001738,-0.007701,-0.012170
0.002684,-0.007721,-0.008981
0.001668,-0.003463,-0.007870
0.000688,-0.002435,-0.002533
0.001648,0.000764,-0.002499
0.001633,-0.000350,0.001800
0.000651,-0.000413,0.006147
0.000657,-0.003626,0.006150
0.000673,-0.003605,0.004003
0.001655,-0.002523,0.002927
0.003600,0.000680,0.002952
-0.000310,0.000713,0.000771
0.001651,0.002836,0.003957
0.003604,0.008204,0.000783
0.002651,0.008230,-0.000331
0.000754,0.011431,-0.001352
0.000772,0.011412,0.001836
0.001763,0.009290,-0.001350
0.002792,0.008206,-0.000271
0.001813,0.000769,-0.004603
0.002811,0.000761,-0.003535
0.000852,-0.004551,-0.006777
0.001788,-0.003507,-0.003572
-0.000192,-0.005685,-0.000340
0.001732,-0.001452,0.002927
0.001729,-0.000387,0.003988
0.000754,0.001719,0.005127
0.000773,0.001711,0.007238
0.000793,0.003860,0.005126
0.001779,0.003887,0.002963
0.000828,0.003910,0.001858
0.000844,0.007136,-0.000272
0.001871,0.006088,-0.001377
0.001887,0.006142,-0.006746
0.001885,0.001870,-0.005728
0.000921,0.004004,-0.006754
0.002879,-0.002378,-0.010000
0.000901,-0.006668,-0.008934
0.000891,-0.012021,-0.007889
0.001808,-0.012036,-0.007847
0.000783,-0.013121,-0.005718
0.000752,-0.012077,-0.002511
0.000713,-0.007857,0.003925
0.002669,0.000674,0.006103
0.001679,0.004931,0.007214
0.001680,0.009201,0.006201
0.000753,0.008130,0.006202
0.000762,0.004915,0.008304
0.000789,0.008100,0.010466
0.000826,0.011322,0.007300
0.003798,0.010282,0.005127
0.001886,0.008197,-0.000247
0.002892,0.002892,-0.002462
0.000934,0.006118,-0.004592
0.002896,0.000755,-0.001427
0.001891,-0.002396,-0.007861
0.001890,-0.002424,-0.005696
0.001869,-0.003476,-0.008881
0.002850,-0.006704,-0.005700
0.000867,-0.003550,-0.001369
0.002787,-0.007837,0.000735
0.000836,-0.003537,-0.002447
0.000813,-0.001390,-0.003508
0.001802,0.001760,0.003972
0.000816,0.003924,0.000774
-0.000151,0.003921,0.000782
0.000821,0.002829,0.002929
0.000854,0.000681,0.002949
0.000865,-0.000362,0.000785
0.000848,-0.000354,0.000766
0.000886,-0.003555,-0.000310
0.001820,-0.004589,-0.003542
0.000830,-0.004624,0.000733
0.000797,-0.005688,0.000716
0.000787,-0.002470,-0.000346
0.001767,0.002848,0.001834
0.001777,0.004997,-0.000278
0.001785,0.003948,-0.001378
0.000823,0.007139,0.000766
0.001830,0.003958,-0.002451
0.000857,0.009258,0.000823
0.000883,0.009246,0.001901
0.001865,0.006044,0.001876
