-0.004873,-0.002738,0.016491
-0.003938,0.000483,0.015420
-0.002960,0.004809,0.009032
-0.004894,0.011351,0.006698
-0.002833,0.015606,0.008860
0.000199,0.012456,0.004515
0.000228,0.003896,0.006596
-0.000746,-0.006785,0.006532
-0.000821,-0.019591,0.004333
-0.001970,-0.032410,0.004261
-0.003240,-0.039871,0.003130
-0.002560,-0.039893,0.006327
-0.001891,-0.032409,0.008443
0.000814,-0.022844,0.015944
0.002584,-0.016434,0.020164
0.003419,-0.006859,0.028688
0.009551,-0.003626,0.027584
0.010914,-0.001497,0.032845
0.009798,-0.004710,0.038078
0.009062,-0.010028,0.041125
0.005881,-0.026088,0.048449
0.007342,-0.043215,0.054720
0.006906,-0.063504,0.056673
0.007486,-0.088085,0.058657
0.005366,-0.114815,0.062752
0.004228,-0.135109,0.060539
0.004279,-0.138617,0.303589
0.005901,-0.151306,0.513033
-0.011930,-0.172074,0.203196
-0.014150,-0.153986,0.005133
0.001275,-0.132842,0.033022
-0.003153,-0.115713,0.025700
0.000541,-0.092192,0.021596
-0.000531,-0.065491,0.022807
0.000992,-0.052654,0.020740
0.000476,-0.045126,0.016469
0.000866,-0.054745,0.019566
0.003925,-0.070711,0.012006
0.002312,-0.108064,0.004382
0.003486,-0.160374,-0.007507
-0.000705,-0.201983,-0.023564
-0.006986,-0.224448,-0.028837
-0.008403,-0.227614,-0.036278
-0.007678,-0.202986,-0.042564
-0.001718,-0.166626,-0.041420
0.006480,-0.122813,-0.038074
0.013151,-0.087506,-0.038018
0.014309,-0.053380,-0.028262
0.016731,-0.026721,-0.022759
0.014394,-0.013928,-0.021573
0.009852,-0.007547,-0.021462
0.005980,-0.008677,-0.017123
0.004724,-0.014110,-0.007501
0.007113,-0.032344,0.000954
0.008279,-0.054861,0.010457
0.008340,-0.078452,0.018925
0.010154,-0.102016,0.025232
0.008083,-0.109547,0.029512
0.006066,-0.123474,0.033719
0.005113,-0.129893,0.032664
0.005127,-0.136227,0.025110
0.004195,-0.128716,0.020884
0.002421,-0.120167,0.021968
0.003680,-0.108356,0.017693
0.006981,-0.096548,0.015519
0.009414,-0.084732,0.010185
0.010916,-0.079358,0.006992
0.010472,-0.075033,-0.000438
0.005145,-0.078176,-0.006894
0.001687,-0.082364,-0.017596
0.001172,-0.082337,-0.018712
0.004516,-0.079126,-0.019756
0.009822,-0.071686,-0.016480
0.012180,-0.066377,-0.012182
0.010652,-0.057917,-0.003543
0.010181,-0.050480,-0.001303
0.009824,-0.046275,0.004127
0.006551,-0.046313,0.006318
0.006177,-0.048483,0.007440
0.003827,-0.048541,0.010728
0.005285,-0.057108,0.010737
0.005732,-0.064616,0.009729
0.003221,-0.068872,0.001291
0.002607,-0.075291,-0.001856
0.001041,-0.074140,-0.016707
-0.000469,-0.062350,-0.026153
-0.001799,-0.038786,-0.036642
-0.000929,-0.009895,-0.039742
0.003122,0.016909,-0.047169
0.007378,0.049012,-0.048180
0.008949,0.080025,-0.047046
0.010669,0.099207,-0.035313
0.015287,0.087483,-0.030222
0.013021,0.094867,-0.017385
0.013619,0.091586,-0.008837
0.014997,0.055179,0.001642
0.015130,0.012412,0.002544
0.007122,-0.020766,0.007750
0.000806,-0.038971,0.010900
0.000325,-0.046434,0.009774
0.002722,-0.040043,0.011950
0.004306,-0.021875,0.013078
0.009981,0.004778,0.019641
0.011908,0.026145,0.020803
0.010194,0.044322,0.017723
0.011623,0.049658,0.016722
0.005238,0.057151,0.011496
0.002710,0.056098,0.009360
0.000113,0.050778,0.006137
0.001311,0.041155,0.007150
0.001416,0.028363,0.003869
0.001393,0.015521,0.006994
0.005176,0.006978,0.007984
0.005063,-0.000467,0.004720
0.004990,-0.001518,0.003622
0.003963,-0.004772,0.007918
0.006885,-0.002603,0.002616
0.004964,0.003810,0.001597
0.005088,0.021970,0.000653
0.004372,0.040170,-0.000393
0.004733,0.060463,0.002868
0.009085,0.076491,0.005039
0.008671,0.089266,0.011500
0.013228,0.093530,0.014685
0.012845,0.093504,0.018936
0.009512,0.090237,0.024309
0.008020,0.077417,0.023195
0.006417,0.054955,0.026282
0.005604,0.042088,0.028424
0.001730,0.020722,0.027263
0.004609,0.014280,0.029404
0.005490,0.014264,0.030490
0.001516,0.013195,0.028392
0.003496,0.031375,0.025308
0.002681,0.038887,0.020030
0.001991,0.053796,0.022329
0.005307,0.074122,0.017137
0.001993,0.085893,0.014013
0.003637,0.113691,0.008879
0.001516,0.125478,0.004668
0.004374,0.145766,0.005852
0.003446,0.157525,0.003806
0.009388,0.164991,0.004924
0.005651,0.170337,0.003896
0.008684,0.160741,0.000659
0.007844,0.152132,0.004958
0.008709,0.126495,0.000626
0.004644,0.107235,0.001646
0.002273,0.085866,-0.001603
0.001755,0.072017,-0.007009
0.001163,0.063455,-0.004923
0.002516,0.067786,-0.010279
0.001990,0.085929,-0.005948
0.004531,0.109448,-0.004815
0.006298,0.127599,0.001584
0.010181,0.148975,0.001677
0.008345,0.158588,0.002779
0.009462,0.155357,0.004919
0.006609,0.141465,0.004856
0.002595,0.106213,0.000472
0.000361,0.088040,-0.002733
-0.004109,0.055979,-0.003923
-0.002979,0.025069,-0.011601
-0.005842,0.018670,-0.012710
-0.004875,0.013353,-0.012802
-0.000915,0.012325,-0.016052
0.001182,0.027309,-0.018132
0.001427,0.030504,-0.015997
0.004714,0.047615,-0.016996
0.000338,0.057222,-0.016922
0.001825,0.060423,-0.017942
0.002359,0.056195,-0.022268
0.001868,0.060471,-0.022250
-0.000606,0.060492,-0.024396
-0.000125,0.058344,-0.021240
0.003182,0.052982,-0.017034
0.003522,0.048744,-0.018194
0.002872,0.039079,-0.012888
0.005054,0.030521,-0.010813
0.004263,0.020895,-0.009791
0.006305,-0.001545,-0.007806
0.005316,-0.002655,-0.005613
0.002336,-0.015489,-0.006690
0.005142,-0.021867,-0.012038
0.001123,-0.019785,-0.009793
-0.000079,-0.044301,-0.015299
-0.002224,-0.028268,-0.016280
-0.005237,-0.013256,-0.023664
0.002528,-0.004687,-0.025768
0.003619,0.007135,-0.032162
0.000861,0.024210,-0.028886
0.001131,0.041352,-0.033101
0.001544,0.046725,-0.034202
0.001940,0.045661,-0.032127
0.003310,0.042448,-0.028985
0.005599,0.032840,-0.028009
0.003853,0.020020,-0.025989
0.002984,0.002870,-0.016520
0.003952,-0.007802,-0.016610
0.002873,-0.017477,-0.007093
0.004682,-0.020689,-0.003954
0.003542,-0.020727,0.002423
0.003402,-0.018593,0.003484
0.003252,-0.014380,0.012031
0.004130,-0.007958,0.012035
0.003115,0.002673,0.018503
0.002156,0.010191,0.015302
0.003184,0.017656,0.019562
0.003306,0.024098,0.017422
0.004404,0.021959,0.019507
0.004512,0.019863,0.017299
0.002622,0.015590,0.019367
0.001664,0.014487,0.025727
0.001685,0.011319,0.023520
0.002640,0.004949,0.020243
0.003546,-0.001484,0.024450
0.003435,-0.008996,0.028682
0.003276,-0.012214,0.029744
0.003095,-0.016515,0.030837
0.001923,-0.023998,0.029765
0.000702,-0.027184,0.025516
-0.000521,-0.020775,0.024506
-0.001718,-0.016521,0.026671
-0.000893,-0.009030,0.025633
0.000986,0.001661,0.026717
0.001927,0.004895,0.024569
0.000952,0.009166,0.026689
0.000985,0.004907,0.026629
0.002932,-0.000465,0.030861
0.002843,-0.011102,0.025452
0.000725,-0.024977,0.023251
0.002403,-0.035679,0.023241
0.002085,-0.042092,0.023216
0.000708,-0.047480,0.028537
0.003247,-0.047465,0.025359
0.001898,-0.044290,0.027548
0.002556,-0.031490,0.028712
0.001330,-0.020826,0.028822
0.004121,-0.014406,0.025696
0.003043,-0.009031,0.021453
0.001005,-0.007951,0.019337
0.002898,-0.007948,0.017236
0.002791,-0.006865,0.015114
0.000775,-0.006868,0.015123
0.000668,-0.012197,0.014016
0.001541,-0.011089,0.008689
0.000435,-0.014304,0.009742
0.000281,-0.022830,0.006506
0.002072,-0.019593,0.001208
-0.000045,-0.020672,0.002278
0.001768,-0.021772,0.004446
0.001602,-0.021744,-0.001903
0.001461,-0.020685,-0.002919
0.001330,-0.020684,-0.005011
0.001223,-0.015349,-0.007059
-0.001793,-0.015331,-0.011288
-0.000870,-0.011059,-0.011263
0.001060,-0.007837,-0.014426
0.001074,-0.004576,-0.020828
0.002072,0.000738,-0.017589
0.001170,0.001839,-0.019760
0.003178,0.001850,-0.021879
0.003244,0.003953,-0.017597
0.004297,0.000760,-0.018691
0.003367,0.003944,-0.018621
0.003415,0.004983,-0.016448
0.002524,0.008182,-0.014320
0.003595,0.014583,-0.014262
0.003746,0.022030,-0.011003
0.005883,0.029470,-0.006680
0.005169,0.038041,-0.008789
0.006428,0.045520,-0.008749
0.003855,0.050869,-0.008738
0.004216,0.054053,-0.004484
0.003604,0.052997,-0.004524
0.003946,0.051909,-0.002385
0.003293,0.044424,-0.001363
0.004542,0.036959,-0.001439
0.002797,0.034828,-0.001465
0.003010,0.038018,-0.000363
0.002250,0.032689,-0.001469
0.003427,0.035907,-0.002531
0.003692,0.040152,0.000702
0.002017,0.046550,0.000770
0.003315,0.050827,-0.000262
0.002696,0.051899,0.000779
0.003059,0.054043,-0.000273
0.003442,0.054038,-0.000262
0.003826,0.052958,0.000808
0.002206,0.048720,-0.003490
0.001536,0.044440,-0.002448
0.000842,0.040160,-0.002454
0.002056,0.039083,-0.001392
0.002296,0.035837,0.001835
0.003472,0.032636,0.000760
0.001743,0.033709,-0.000292
0.001003,0.034797,-0.002426
0.003189,0.033729,-0.002434
0.002459,0.034823,-0.006678
0.000775,0.034849,-0.009884
0.000046,0.032732,-0.010992
0.002226,0.031640,-0.008845
0.002454,0.030609,-0.012088
0.000714,0.026341,-0.011079
0.000908,0.025265,-0.008972
0.002066,0.021020,-0.011160
0.003184,0.017777,-0.005851
0.002317,0.013504,-0.005875
0.002396,0.009231,-0.004852
0.003432,0.006013,-0.003790
0.002475,0.003881,-0.003813
0.002533,0.007055,-0.001624
0.003538,0.005961,0.000528
0.002627,0.005994,-0.002696
0.002684,0.010256,-0.001595
0.001787,0.010262,-0.001613
0.002855,0.014526,0.000527
0.002005,0.016691,-0.002671
0.002117,0.014563,-0.003754
0.001232,0.011370,-0.004848
0.002297,0.010287,-0.002722
0.001349,0.003900,-0.004909
0.003325,0.002849,-0.004960
0.001386,0.004975,-0.003875
0.002407,0.003897,-0.002810
0.003389,0.001769,-0.002844
0.003405,0.000691,-0.000733
0.003442,0.000690,-0.001774
0.002467,0.000679,0.000343
0.001499,0.002787,0.001474
0.002496,0.000660,0.001441
0.001523,0.001716,0.003569
0.002500,0.001712,0.003580
0.002494,0.001727,0.002493
0.003472,0.000659,0.001442
0.003486,0.001767,-0.001792
0.000560,0.004930,0.002518
0.001566,0.004959,-0.000697
0.002562,0.004963,-0.001751
0.003605,0.006013,0.000395
0.002693,0.009206,0.001487
0.002745,0.009206,0.001487
0.003794,0.008133,0.002541
0.003818,0.003879,0.001421
0.002858,0.002806,0.002473
0.001888,0.000661,0.002484
0.002858,-0.001489,0.003550
0.002830,-0.001487,0.002499
0.000841,-0.001497,0.002526
0.001803,-0.001510,0.003604
0.003752,0.001681,0.004705
0.000815,0.002781,0.000447
0.001801,0.005964,0.001567
0.001891,0.008144,-0.004810
0.001954,0.011338,-0.003717
0.001070,0.011380,-0.008010
0.001152,0.012413,-0.003729
0.002230,0.010294,-0.004832
0.003296,0.011403,-0.009115
0.001444,0.008190,-0.007021
0.002459,0.002834,-0.003876
0.002463,-0.000365,-0.003909
0.003399,-0.005706,-0.002892
0.004367,-0.004654,-0.001797
0.002351,-0.004684,0.002462
0.003293,-0.002574,0.004635
0.003285,-0.001516,0.005713
0.004243,0.001697,0.003619
0.001326,0.004887,0.004721
0.000391,0.009153,0.004763
0.000439,0.011283,0.005838
0.003465,0.015576,0.002673
0.002618,0.015597,0.000527
-0.000227,0.010284,-0.001670
0.000793,0.006036,-0.003849
-0.000155,0.001769,-0.003891
0.001793,-0.000357,-0.004975
0.001818,0.000698,-0.003889
0.002797,0.000705,-0.004951
0.001824,-0.001465,-0.000693
0.001790,-0.001447,-0.003880
0.002796,-0.000392,-0.002794
0.002795,0.000641,0.000445
0.001821,-0.000392,-0.003838
0.003793,0.003831,0.000499
0.000900,0.005989,-0.002682
0.002895,0.008106,-0.000526
0.001013,0.010265,-0.002665
0.003064,0.011348,-0.003745
0.001185,0.010267,-0.001625
0.002228,0.006059,-0.008092
0.001320,0.004974,-0.005963
0.002312,0.000717,-0.008121
0.001365,-0.001421,-0.008129
0.002348,-0.001418,-0.008137
0.003312,-0.000375,-0.005973
0.002352,0.001764,-0.005967
0.003358,0.006026,-0.005916
0.003397,0.008148,-0.004817
0.002503,0.011364,-0.004828
0.002615,0.015618,-0.002665
0.000775,0.013485,-0.003732
0.001866,0.013500,-0.004816
0.001966,0.011358,-0.002723
0.003015,0.010290,-0.001683
0.002067,0.003896,-0.001760
0.002105,0.002822,-0.001752
0.003092,0.001753,-0.000710
0.002106,-0.000379,-0.000734
0.002095,0.000668,0.001421
0.002103,0.000661,0.000391
0.003062,0.000633,0.002555
0.002099,0.000637,0.001499
0.000151,0.002765,0.001534
0.002120,0.005984,-0.000575
0.003162,0.007055,-0.000576
0.000302,0.011338,-0.001626
0.002350,0.009230,-0.004848
0.002409,0.007115,-0.005963
0.002470,0.003916,-0.005997
0.000501,-0.001434,-0.003912
0.001469,-0.003565,-0.003938
-0.000492,-0.005698,-0.005004
0.001427,-0.004636,-0.003936
0.003333,-0.003575,-0.003910
0.002347,-0.004660,-0.001781
0.002338,0.000673,-0.002778
0.000392,0.001725,-0.001683
0.002355,0.004946,-0.001706
0.002388,0.006038,-0.003853
0.005389,0.009206,0.000445
0.004491,0.008161,-0.002761
0.003542,0.004937,0.001454
0.002602,0.001749,-0.000699
0.001619,0.001728,0.000400
0.001632,0.002799,0.000400
0.002636,0.003852,0.001493
0.002657,0.003859,0.001474
0.003654,0.004926,0.001482
0.002687,0.004907,0.002578
0.002723,0.008109,0.002604
0.000842,0.010256,0.001543
0.000902,0.012403,-0.000566
0.002948,0.010256,0.002588
0.003024,0.010265,0.001519
0.003080,0.010256,0.002587
0.001209,0.004964,-0.000709
0.001239,0.003895,0.000334
0.001219,0.002829,0.000320
0.001239,-0.000396,0.001400
0.002201,0.000662,0.002482
0.001229,0.002772,0.004654
0.002217,0.003874,0.000388
0.003211,0.004899,0.004690
0.003245,0.007018,0.005793
0.003313,0.009166,0.002639
0.002382,0.011322,0.000508
0.001479,0.010255,0.000500
0.002540,0.010272,-0.001638
0.000631,0.010279,-0.001656
0.001709,0.010295,-0.002742
0.002752,0.009229,-0.001708
0.000844,0.007100,-0.002788
0.002863,0.008143,0.001468
0.004859,0.006036,-0.000712
0.001972,0.001740,0.002461
0.001968,0.000687,0.000325
0.002969,-0.000391,0.000344
0.001956,0.000661,0.002482
0.001944,-0.001477,0.002475
0.002919,0.000663,0.001433
0.001935,-0.000416,0.003544
0.002894,-0.001477,0.002475
0.002870,0.000654,0.002501
0.001900,0.000638,0.003588
0.001886,0.003837,0.003622
0.001910,0.001729,0.000399
0.000941,0.001738,-0.000670
0.000006,0.000712,-0.006015
0.000973,0.002824,-0.002802
0.001981,0.000722,-0.004994
0.002967,0.002856,-0.004977
0.002990,0.000693,-0.001784
0.003977,-0.000362,-0.002870
0.003017,0.000673,0.000362
0.002994,-0.002510,-0.000759
0.002977,-0.002526,-0.000717
0.001012,-0.002514,-0.001794
0.001967,-0.001471,0.001415
0.000971,-0.003588,-0.000739
0.000939,-0.003625,0.002493
0.001892,-0.002519,-0.001783
0.003839,-0.000401,0.000370
0.003830,0.004922,0.004632
0.000930,0.008137,0.005669
0.001954,0.009222,0.005632
0.002000,0.007101,0.006623
0.002043,0.004986,0.007602
0.002054,0.000680,0.014982
0.001038,-0.003572,0.016996
0.001912,-0.012125,0.021149
0.003672,-0.026019,0.023179
0.003364,-0.050615,0.025200
0.001977,-0.073061,0.020924
0.000436,-0.083761,0.017773
-0.003108,-0.079484,0.013603
-0.002727,-0.066643,0.009437
0.001748,-0.063351,-0.000184
0.002435,-0.040887,-0.008507
0.000206,-0.029120,-0.007438
0.000988,-0.017366,-0.003198
0.001969,-0.003427,-0.007438
0.002978,-0.004507,-0.003229
0.003929,-0.018379,-0.003345
0.005683,-0.048327,0.003903
0.002352,-0.069709,0.006962
0.002713,-0.096442,0.010019
0.005862,-0.125319,0.010991
0.004899,-0.149918,0.007793
0.002821,-0.161729,0.007884
0.000691,-0.160721,0.005957
-0.001363,-0.145732,-0.002414
-0.004225,-0.117919,-0.009675
-0.003910,-0.085838,-0.015858
-0.000429,-0.056961,-0.021013
0.000322,-0.035531,-0.028384
-0.000705,-0.020513,-0.035782
-0.001656,-0.012966,-0.045334
-0.004525,-0.008635,-0.050691
-0.003518,-0.007538,-0.051806
-0.003491,-0.011803,-0.048712
0.000401,-0.020351,-0.045617
0.004242,-0.031064,-0.039323
0.007944,-0.047161,-0.031902
0.007645,-0.065360,-0.026675
0.004262,-0.068636,-0.018141
0.002865,-0.062302,-0.007450
0.005373,-0.061265,-0.004227
0.008902,-0.058102,-0.004098
0.008541,-0.054912,-0.002996
0.003279,-0.048515,-0.000835
0.001036,-0.030368,0.000347
0.000890,-0.014283,-0.005995
0.001848,-0.000383,-0.006999
0.004857,0.012461,-0.009080
0.004023,0.017798,-0.009039
0.004173,0.015686,-0.012254
0.002349,0.014636,-0.014400
0.001482,0.013563,-0.013347
0.001559,0.012496,-0.013355
0.002632,0.018877,-0.009063
0.003720,0.023159,-0.008015
0.003910,0.031668,-0.000551
0.007061,0.040147,0.010130
0.006345,0.047604,0.016501
0.008578,0.043308,0.021766
0.006865,0.035800,0.028076
0.006060,0.021873,0.031238
0.005125,-0.001635,0.031123
0.002061,-0.019813,0.030023
-0.000147,-0.034735,0.023575
-0.001468,-0.037940,0.021467
-0.000801,-0.035781,0.016193
0.000882,-0.025077,0.010968
-0.000264,-0.012244,0.006819
0.001631,0.004871,0.003718
0.002710,0.018781,-0.000445
0.000963,0.028448,-0.008893
0.000231,0.033803,-0.013084
-0.000471,0.034877,-0.015186
-0.002143,0.030677,-0.021673
0.000043,0.023198,-0.019620
0.001200,0.014663,-0.018652
0.003259,0.002937,-0.017738
0.004232,-0.004579,-0.011404
0.004175,-0.014189,-0.009377
0.006030,-0.017422,-0.003049
0.005883,-0.020674,0.005422
0.004737,-0.021773,0.008632
0.005550,-0.025030,0.016071
0.006314,-0.026110,0.016099
0.003175,-0.027190,0.017169
0.002945,-0.029348,0.018259
0.001735,-0.025065,0.016164
0.000546,-0.025043,0.011925
0.001344,-0.023976,0.009842
0.000180,-0.023948,0.005587
0.000990,-0.019626,-0.000793
0.001846,-0.015351,-0.002865
-0.000231,-0.015329,-0.007104
0.001614,-0.016370,-0.010321
-0.000413,-0.013150,-0.012434
-0.000442,-0.008892,-0.011326
0.002453,-0.005681,-0.010277
0.001474,-0.006698,-0.014600
0.001448,-0.009921,-0.010386
0.004331,-0.014232,-0.004039
0.002287,-0.019574,-0.000928
0.004092,-0.027070,0.002213
0.003860,-0.037740,0.000029
0.003561,-0.045240,0.003183
0.002256,-0.048468,0.006364
0.003877,-0.042080,0.007501
0.002571,-0.039968,0.010715
0.002312,-0.032484,0.009695
0.004999,-0.027172,0.011892
0.004820,-0.018635,0.011964
0.001745,-0.016456,0.006637
0.002626,-0.007933,0.006743
-0.000345,-0.003633,0.003561
0.001607,0.002790,0.001471
0.000676,0.007077,0.001459
0.003653,0.007093,0.001415
0.004669,0.003888,0.001399
0.002722,-0.001428,-0.001837
0.001691,-0.008924,0.000261
0.001613,-0.013180,-0.002943
0.000514,-0.015326,-0.002932
0.003351,-0.011062,-0.001836
0.004242,-0.007871,-0.001784
0.005179,-0.005722,-0.002850
0.004188,-0.001482,0.000399
0.003222,-0.000362,-0.006007
0.003255,0.004960,-0.004879
0.003313,0.008187,-0.010150
0.002411,0.011390,-0.012217
0.000582,0.019921,-0.011084
0.002718,0.028478,-0.013156
0.001975,0.034886,-0.011025
0.004184,0.041308,-0.011021
0.005505,0.043469,-0.013166
0.005830,0.044510,-0.009952
0.005165,0.040251,-0.008964
0.003487,0.032756,-0.007917
0.004664,0.024207,-0.006910
0.000881,0.016729,-0.006950
0.002958,0.011381,-0.004873
0.002038,0.004980,-0.004932
0.002083,0.004934,-0.000629
0.002086,0.007090,-0.002759
0.003127,0.012415,0.000451
0.003251,0.017805,-0.005920
0.003397,0.023107,-0.003698
0.000629,0.021006,-0.009031
0.002768,0.022064,-0.008997
0.001968,0.023144,-0.012159
0.000199,0.026362,-0.013221
0.002347,0.024229,-0.012196
0.002570,0.032771,-0.012137
0.003796,0.037066,-0.011126
0.005063,0.042385,-0.006856
0.006361,0.043458,-0.005815
0.006645,0.042385,-0.003716
0.007920,0.041289,-0.001559
0.007190,0.031663,-0.000539
0.005441,0.030549,0.004805
0.003642,0.027348,0.004777
0.003806,0.029469,0.006922
0.003944,0.034770,0.012285
0.005124,0.036926,0.012247
0.005377,0.043324,0.015451
0.005634,0.044366,0.019707
0.004935,0.046556,0.014351
0.004223,0.043300,0.019697
0.003476,0.033747,0.013208
0.002719,0.030543,0.012141
-0.000062,0.026235,0.017437
0.000041,0.027297,0.018505
0.002134,0.023067,0.015232
0.002240,0.024117,0.017378
0.003352,0.024120,0.017369
0.003478,0.024129,0.016300
0.002623,0.023051,0.017365
0.002742,0.021976,0.016333
0.003824,0.016627,0.016321
0.001918,0.012358,0.014195
0.000994,0.009138,0.014216
0.001005,0.008087,0.011029
0.002014,0.005948,0.011023
0.001042,0.007027,0.009954
0.002040,0.011313,0.006808
0.001131,0.012387,0.006798
0.004168,0.014574,0.001449
0.003281,0.013487,0.002537
0.002402,0.012439,0.000387
0.002477,0.010310,-0.000689
0.002541,0.004981,-0.002842
0.002578,0.004954,0.000364
0.003612,0.006045,-0.002825
0.002671,0.006020,0.001423
0.003668,0.011358,0.002506
0.005698,0.013496,0.004606
0.004808,0.014538,0.008864
0.004897,0.015595,0.010991
0.006923,0.012387,0.012026
0.004052,0.010234,0.013105
0.003064,0.003807,0.014159
0.001107,-0.004755,0.015198
0.002995,-0.005848,0.016303
0.002898,-0.005830,0.012074
0.003829,-0.003702,0.010017
0.002819,-0.000444,0.001528
0.002849,0.011281,0.001664
0.001951,0.019852,-0.004628
0.002138,0.032672,-0.006650
0.002433,0.046569,-0.008689
0.002814,0.056230,-0.015033
0.003242,0.058356,-0.013947
0.002713,0.059437,-0.015021
0.002171,0.056247,-0.016123
0.003538,0.049830,-0.013003
0.002888,0.044494,-0.012003
0.005157,0.040226,-0.010992
0.003433,0.028453,-0.006817
0.003617,0.022002,-0.000468
0.003747,0.018763,0.002740
0.002896,0.016630,0.002719
0.003977,0.019814,0.006973
0.003140,0.030492,0.009137
0.003331,0.037979,0.012292
0.005553,0.042251,0.014410
0.006787,0.035839,0.016471
0.005039,0.024098,0.017427
0.001218,0.015544,0.018447
0.001260,0.007014,0.017310
-0.000717,0.008072,0.020479
0.000251,0.005944,0.022535
0.003138,0.009146,0.024652
0.005098,0.010188,0.029958
0.005059,0.003765,0.034138
0.005993,0.002712,0.034093
0.003983,-0.004786,0.035149
0.003861,-0.018694,0.033033
0.002656,-0.036842,0.026625
0.000373,-0.049629,0.018102
-0.001962,-0.051773,0.013928
-0.001385,-0.047486,0.007640
-0.000721,-0.036759,-0.000782
0.000060,-0.018548,-0.008132
-0.000008,0.001745,-0.009053
0.002019,0.013563,-0.017529
0.003200,0.026410,-0.021714
0.001471,0.022163,-0.023896
0.001691,0.018952,-0.024944
-0.000101,0.003997,-0.025031
-0.002033,-0.006680,-0.025104
-0.000129,-0.022714,-0.023076
0.001675,-0.030193,-0.021024
0.002471,-0.029148,-0.016774
0.005246,-0.023806,-0.013608
0.006057,-0.017413,-0.010390
0.006970,-0.006757,-0.006078
0.007940,0.004970,-0.001767
0.007051,0.010289,0.002504
0.006176,0.017726,0.007881
0.007281,0.019862,0.008939
0.005470,0.018778,0.012111
0.005576,0.017683,0.016359
0.003677,0.011294,0.015223
0.003694,0.004886,0.015183
0.003707,0.001694,0.014086
0.002684,0.000662,0.007711
0.001663,0.002784,0.008806
0.002653,0.010281,0.004616
0.001757,0.017741,0.005750
0.002856,0.026301,0.003670
0.003042,0.034836,0.004792
0.002303,0.037007,-0.000517
0.001596,0.038058,0.002675
0.000892,0.035940,0.000521
0.002098,0.030614,-0.000595
0.002311,0.026318,0.002579
0.001436,0.016716,0.004584
0.003435,0.008151,0.007725
0.002463,-0.001458,0.008701
0.003376,-0.011089,0.010782
0.004207,-0.018584,0.013922
0.004037,-0.026091,0.016047
0.002832,-0.032471,0.010707
0.002574,-0.035711,0.012874
0.001328,-0.030345,0.007610
0.000173,-0.024977,0.003385
0.000031,-0.017473,-0.001867
0.003854,-0.008940,-0.000742
0.002846,-0.002487,-0.006047
0.003848,0.002858,-0.008116
0.002915,0.003928,-0.009163
0.002986,0.005029,-0.014471
0.002056,0.000747,-0.012379
0.004024,0.000719,-0.010215
0.005038,-0.002494,-0.008119
0.004036,-0.003571,-0.007059
0.003014,-0.006802,-0.002825
0.003941,-0.004691,-0.000653
0.005831,-0.010055,0.002513
0.003775,-0.012203,0.003575
0.002712,-0.011138,0.002546
0.002630,-0.013291,0.004667
0.002540,-0.012207,0.001497
0.001487,-0.010060,0.000436
0.002426,-0.002553,-0.002737
0.000492,0.006017,-0.004845
0.002501,0.011414,-0.010186
0.001654,0.016731,-0.006957
0.002742,0.014621,-0.009130
0.004836,0.013531,-0.005941
0.003925,0.008196,-0.007032
0.002043,0.000703,-0.004944
0.003001,-0.006796,-0.002840
0.003942,-0.011081,-0.001786
0.001884,-0.016453,0.000355
0.002754,-0.016442,-0.001764
0.002628,-0.014308,-0.000701
0.002519,-0.011100,-0.001736
0.002483,-0.004689,-0.001705
0.002462,-0.001436,-0.007042
0.002479,0.001758,-0.004904
0.003487,0.003938,-0.009190
0.002576,0.006061,-0.006005
0.003591,0.002875,-0.007117
0.004584,-0.001390,-0.007161
0.002614,-0.009952,-0.004030
0.002541,-0.013162,-0.001943
0.003384,-0.018556,0.004437
0.003238,-0.021754,0.004404
0.003067,-0.023895,0.005447
0.003865,-0.021803,0.009758
0.003681,-0.021780,0.006561
0.002515,-0.021802,0.008711
0.004324,-0.018621,0.010882
0.004183,-0.014343,0.009848
0.003115,-0.016436,0.005539
0.002021,-0.012153,0.003445
0.000958,-0.011036,-0.000858
0.001838,-0.011058,0.001290
0.000793,-0.013172,-0.000873
0.001670,-0.016357,-0.001988
0.002534,-0.018507,-0.000918
0.001418,-0.021702,-0.003053
0.003231,-0.027088,0.001217
0.002059,-0.030250,-0.005189
0.003807,-0.029203,-0.003035
0.003605,-0.030286,-0.004049
0.003422,-0.029231,-0.002963
0.003238,-0.028146,-0.006137
0.001104,-0.021745,-0.006078
0.002949,-0.016412,-0.006027
0.001905,-0.007857,-0.007047
0.000886,-0.003566,-0.009165
0.003817,-0.000341,-0.010245
0.003834,-0.000340,-0.008154
0.003850,-0.000352,-0.007076
0.003858,-0.004597,-0.008218
0.002848,-0.003551,-0.003971
0.002800,-0.005716,0.000272
0.003708,-0.008909,-0.000821
0.002664,-0.010015,0.004500
0.004527,-0.013248,0.008741
0.005376,-0.016436,0.007631
0.005267,-0.018579,0.008683
0.002191,-0.017502,0.007618
0.003031,-0.018581,0.008687
0.004858,-0.017490,0.005497
0.003738,-0.018568,0.005516
0.002597,-0.020720,0.005544
0.002443,-0.021773,0.001315
0.001338,-0.024972,-0.001855
0.000188,-0.026012,-0.009254
0.001006,-0.023867,-0.012400
0.000862,-0.022806,-0.016558
0.000778,-0.018485,-0.025027
0.001703,-0.013139,-0.026054
0.002687,-0.001349,-0.032366
0.002757,0.012558,-0.034433
0.001967,0.023248,-0.034390
0.003207,0.029666,-0.034377
0.004509,0.036054,-0.030099
0.004824,0.033931,-0.029101
0.004135,0.031809,-0.028108
0.004430,0.029667,-0.023922
0.004677,0.028586,-0.018667
0.004875,0.030687,-0.011242
0.007044,0.039213,-0.002774
0.005338,0.046642,0.007854
0.007563,0.057264,0.019574
0.009852,0.059323,0.031293
0.011197,0.056078,0.039746
0.009541,0.049626,0.045049
0.008774,0.038947,0.047071
0.006967,0.028246,0.050195
0.003098,0.017573,0.050111
0.002133,0.009018,0.051132
0.003022,0.004791,0.045758
0.001956,0.004782,0.044735
0.000895,0.007993,0.043694
0.000832,0.016523,0.044829
0.001836,0.025077,0.043810
0.001924,0.029340,0.041769
0.002086,0.024067,0.030056
0.001195,0.018682,0.032233
-0.000717,0.012268,0.028026
-0.002680,-0.000496,0.018399
-0.003728,-0.012244,0.013097
-0.002870,-0.020737,0.002453
-0.004013,-0.025001,-0.001780
-0.003208,-0.027093,-0.010274
-0.002359,-0.030213,-0.022016
-0.001510,-0.025887,-0.030496
-0.000621,-0.019412,-0.040044
-0.001578,-0.005451,-0.048522
0.000451,0.003151,-0.053852
0.001652,0.014927,-0.055944
0.005789,0.015999,-0.054900
0.005022,0.007437,-0.051769
0.002235,-0.004385,-0.044329
0.007118,-0.019370,-0.042243
0.006102,-0.029037,-0.037979
0.005933,-0.039770,-0.033723
0.006664,-0.037690,-0.027289
0.005492,-0.024894,-0.021928
0.004411,-0.005682,-0.016548
0.006378,0.013513,-0.010078
0.009476,0.030593,-0.007859
0.009740,0.045527,-0.004582
0.009111,0.058329,-0.001327
0.005588,0.066835,0.004056
0.006053,0.068960,0.005143
0.004586,0.074274,0.008381
0.004059,0.069942,0.016878
0.010274,0.044366,0.014479
0.007596,0.034719,0.019737
0.005779,0.030450,0.019704
0.004913,0.025108,0.021767
0.005001,0.014408,0.022798
0.005003,0.003738,0.019569
0.002996,-0.006945,0.015330
-0.000978,-0.011207,0.011093
-0.003049,-0.010106,0.005785
-0.003100,-0.002614,0.002650
-0.002121,0.002779,-0.001638
-0.000075,0.008169,-0.006965
0.000990,0.003954,-0.014461
-0.001875,-0.004568,-0.017709
-0.001872,-0.022685,-0.024198
-0.003930,-0.039740,-0.031711
-0.005163,-0.055728,-0.039216
-0.003521,-0.069602,-0.043508
-0.003941,-0.077105,-0.043484
0.000492,-0.078175,-0.045579
0.000071,-0.066423,-0.047608
0.002684,-0.051453,-0.049654
0.002494,-0.031162,-0.047432
0.002429,-0.010870,-0.045216
0.004457,0.007272,-0.040882
0.005609,0.015789,-0.033436
0.007758,0.014717,-0.029251
0.010816,0.000834,-0.025157
0.006938,-0.010953,-0.016762
0.004879,-0.029110,-0.014779
0.003715,-0.038707,-0.012788
0.006354,-0.045131,-0.008605
0.007996,-0.040881,-0.003292
0.009696,-0.027025,0.002098
0.009509,-0.009970,0.007520
0.011428,0.007067,0.014034
0.009541,0.026258,0.017380
0.006800,0.037973,0.021721
0.006074,0.040081,0.024944
0.006303,0.033666,0.025969
0.004530,0.024032,0.025967
0.002657,0.010158,0.024808
0.000664,-0.001567,0.021538
0.000545,-0.007957,0.020403
-0.000574,-0.010084,0.018277
0.001239,-0.012175,0.012916
0.002106,-0.007918,0.014027
0.000087,-0.000417,0.008779
0.002024,0.004940,0.005632
0.001098,0.010286,0.003559
-0.000762,0.017772,0.001489
0.003281,0.016716,-0.001689
0.003408,0.014575,-0.001687
0.001565,0.012437,-0.001698
0.000674,0.010283,-0.000619
0.003653,0.002813,-0.001725
0.002678,-0.003619,0.000391
0.005564,-0.007890,-0.001732
0.002596,-0.010033,-0.002772
0.004482,-0.007900,-0.002750
0.004437,-0.002516,-0.008061
0.002515,0.004964,-0.008026
0.005504,0.015645,-0.007962
0.005660,0.026336,-0.007924
0.005889,0.035946,-0.007859
0.005193,0.040222,-0.006796
0.005496,0.039148,-0.006786
0.004817,0.035928,-0.005721
0.004065,0.027374,-0.004700
0.004262,0.024120,-0.000406
0.004397,0.014501,-0.001495
0.000586,0.013460,-0.005757
0.002636,0.017730,-0.005724
0.002771,0.023093,-0.009933
0.001019,0.029495,-0.008833
0.004215,0.041264,-0.011949
0.003557,0.048747,-0.010877
0.002961,0.058390,-0.014035
0.004399,0.061611,-0.013014
0.003860,0.058423,-0.012028
0.004261,0.051994,-0.007830
0.004600,0.041298,-0.002627
0.002874,0.030617,-0.000600
0.004009,0.023098,0.007830
0.005093,0.016679,0.012001
0.006110,0.007014,0.021494
0.004124,0.000575,0.025719
0.005001,-0.004791,0.029934
0.003930,-0.011225,0.033099
0.003768,-0.015482,0.030943
0.001649,-0.018693,0.031987
0.000489,-0.017587,0.029805
0.001312,-0.014364,0.025591
0.000198,-0.010077,0.024532
0.002042,-0.002605,0.026682
0.002017,0.004919,0.023464
0.003987,0.015645,0.019227
0.002082,0.020966,0.024540
0.004107,0.023098,0.027699
0.004177,0.014506,0.034046
0.004174,0.008054,0.039349
0.004069,-0.008003,0.044577
0.005833,-0.020852,0.047720
0.005505,-0.037970,0.047691
0.004146,-0.050809,0.048715
0.002675,-0.055058,0.045493
0.000262,-0.047546,0.042308
0.000869,-0.031479,0.037057
0.003559,-0.018598,0.031740
0.005362,-0.004707,0.031807
0.007276,0.002828,0.025425
0.006317,0.001766,0.023309
0.003342,-0.005695,0.021132
0.002256,-0.011047,0.020084
0.002147,-0.021717,0.015808
0.000949,-0.036662,0.012561
0.000643,-0.042031,0.011560
0.000277,-0.045302,0.015896
-0.000117,-0.043220,0.018140
0.001496,-0.034699,0.018257
0.002218,-0.026151,0.013070
0.002045,-0.014430,0.011122
0.001007,-0.004772,0.001650
-0.000942,0.002700,-0.002475
-0.000891,0.011313,-0.013060
-0.002705,0.017754,-0.018336
0.000423,0.026339,-0.022571
-0.000322,0.030647,-0.025777
0.001882,0.028559,-0.029054
0.004078,0.027492,-0.026972
0.004291,0.021065,-0.023824
0.003459,0.010383,-0.020748
0.004521,0.001790,-0.013351
0.004516,-0.012131,-0.009159
0.005408,-0.020684,-0.007097
0.003324,-0.024981,-0.002877
0.004124,-0.027100,-0.001889
0.003927,-0.023905,0.001292
0.004740,-0.021786,0.004488
0.005602,-0.015358,0.003428
0.004529,-0.012126,0.002330
0.004508,-0.006772,0.002326
0.003484,-0.007836,0.002309
0.002451,-0.007847,0.004429
0.003380,-0.007842,0.005462
0.004276,-0.012121,0.007546
0.005127,-0.013215,0.010744
0.004996,-0.015352,0.010735
0.005816,-0.019673,0.016064
0.003683,-0.017548,0.016107
0.005457,-0.018638,0.017204
0.003348,-0.016514,0.017249
0.003188,-0.018646,0.017223
0.002059,-0.020775,0.016146
0.000907,-0.019678,0.012939
-0.000231,-0.018591,0.011848
-0.000401,-0.018555,0.007573
0.001424,-0.016386,0.004364
0.001297,-0.016388,0.003322
0.004127,-0.018507,0.000127
0.002078,-0.015323,-0.000845
0.002928,-0.012140,-0.000770
0.002857,-0.010007,-0.003887
0.003790,-0.005758,-0.002755
0.001818,0.000631,-0.003710
0.003789,0.007023,-0.004675
0.002881,0.012360,-0.006726
0.002982,0.014508,-0.007786
0.001170,0.017747,-0.010995
0.002294,0.020980,-0.013145
0.003430,0.024207,-0.013184
0.002656,0.023174,-0.014328
0.004799,0.019982,-0.012287
0.007885,0.012528,-0.011344
0.006002,0.005056,-0.009309
0.006080,0.000767,-0.007201
0.005108,-0.004584,-0.005114
0.006046,-0.006755,-0.000855
0.005983,-0.004686,0.005610
0.004985,-0.002562,0.005654
0.005908,-0.001551,0.009991
0.003940,0.006994,0.008998
0.002997,0.010180,0.010110
0.003047,0.012316,0.009077
0.001159,0.011267,0.004839
0.001258,0.011274,0.003775
-0.000630,0.005999,-0.003748
-0.001555,0.004971,-0.008045
-0.000550,0.001820,-0.013431
-0.000519,-0.001376,-0.014518
0.002434,-0.002405,-0.018810
0.001485,-0.001335,-0.018809
0.003444,0.000804,-0.018802
0.003467,-0.001344,-0.016692
0.003505,0.001816,-0.012374
0.005516,0.001767,-0.007019
0.004556,-0.000387,-0.005940
0.005519,-0.005767,-0.000639
0.004497,-0.008941,-0.002828
0.005412,-0.013263,0.003551
0.003337,-0.014287,0.000291
0.004208,-0.013235,0.004522
0.004100,-0.016416,0.002351
0.003985,-0.017484,0.005483
0.004822,-0.015320,0.002284
0.003722,-0.014242,0.002264
0.003610,-0.014259,0.004402
0.003493,-0.017468,0.004392
0.003360,-0.016411,0.006520
0.003245,-0.015347,0.007586
0.003100,-0.010057,0.012980
0.004955,-0.007923,0.011948
0.004874,-0.007926,0.011957
0.004843,-0.000459,0.012027
0.003847,-0.000475,0.013114
0.004802,0.001674,0.009957
0.003809,0.001679,0.008897
0.001845,-0.004685,0.004559
0.000825,-0.005768,0.005638
0.002723,-0.006796,0.000301
0.001682,-0.004648,-0.001811
0.000682,-0.004604,-0.005063
0.001650,-0.002460,-0.006115
0.001652,0.000706,-0.002860
0.001649,-0.001429,-0.002877
0.001665,-0.001420,-0.002899
0.002642,-0.006755,-0.003991
0.002591,-0.008893,-0.003998
0.002527,-0.011039,-0.003987
0.002435,-0.013136,-0.008286
0.003329,-0.013179,-0.005035
0.004238,-0.010004,-0.001803
0.004172,-0.010020,-0.000716
0.005062,-0.008946,-0.001769
0.003055,-0.003620,0.000392
0.004023,-0.001495,0.002526
0.005011,-0.000398,-0.000681
0.004031,-0.002514,-0.002836
0.003040,-0.005705,-0.001846
0.003008,-0.006739,-0.005081
0.002964,-0.007819,-0.001919
0.004847,-0.009980,0.000226
0.005755,-0.012106,-0.000859
0.006662,-0.012129,0.002341
0.004621,-0.011076,0.002386
0.004536,-0.012148,0.001341
0.002500,-0.010018,0.000325
0.001439,-0.006845,0.003562
0.001404,-0.000416,0.001456
0.002402,0.001729,0.002492
0.001451,0.004940,0.001448
0.002453,0.001720,0.003561
0.002481,0.000684,-0.000713
0.002490,-0.004612,-0.005042
0.002449,-0.005671,-0.006118
0.000448,-0.009946,-0.007184
0.002350,-0.009937,-0.008252
0.003281,-0.006746,-0.007155
0.005199,-0.001432,-0.003916
0.004205,0.004990,-0.006004
0.006224,0.008168,-0.001731
0.003352,0.010266,0.001518
0.005419,0.011360,-0.001680
0.003539,0.009200,0.001506
0.004549,0.004931,0.001473
0.003582,-0.001483,0.002494
0.003571,-0.004673,0.001391
0.003518,-0.007865,0.000295
0.002497,-0.008920,-0.000791
0.004388,-0.005719,-0.000763
0.003377,-0.000372,-0.002841
0.002406,0.003858,0.001478
0.005373,0.002809,-0.002760
0.003469,-0.000392,-0.004879
0.002521,0.000682,-0.009073
0.003512,-0.001473,-0.007989
0.001556,0.002792,-0.008989
0.001592,0.007075,-0.012131
0.002644,0.007084,-0.013199
0.001752,0.013495,-0.014211
0.001878,0.013489,-0.013152
0.001050,0.016739,-0.016388
0.003143,0.013545,-0.017481
0.003288,0.018915,-0.017525
0.004429,0.023230,-0.019702
0.003669,0.026427,-0.016527
0.005803,0.025355,-0.012342
0.006990,0.025342,-0.008123
0.006196,0.021047,-0.003908
0.008293,0.012475,0.001340
0.007395,0.011359,0.005643
0.007438,0.007049,0.010944
0.005521,0.009156,0.013125
0.006516,0.009141,0.015255
0.004602,0.015535,0.017424
0.004660,0.018715,0.022736
0.005717,0.024052,0.022777
0.005835,0.025102,0.025966
0.005969,0.026200,0.022759
0.002174,0.020879,0.019539
-0.000633,0.019801,0.019558
0.001377,0.010227,0.015216
-0.001518,0.009185,0.010960
0.001434,0.004935,0.006690
0.001482,0.004958,0.003493
0.002454,0.004966,0.001382
0.001511,0.010296,0.001441
0.001607,0.012446,-0.000673
0.003656,0.014584,-0.002758
0.003744,0.012410,0.000468
0.001907,0.012403,0.000486
0.003928,0.007087,-0.002749
0.002025,0.002800,-0.002737
0.002039,0.001725,-0.001679
0.002047,0.001748,-0.004876
0.003048,0.001761,-0.007003
0.004043,0.007084,-0.004833
0.004096,0.009249,-0.009076
0.005157,0.016685,-0.004744
0.005340,0.024200,-0.008983
0.006485,0.024188,-0.007905
0.006701,0.028456,-0.007869
0.004948,0.028451,-0.006810
0.004186,0.032684,-0.001452
0.006365,0.029483,-0.002527
0.005555,0.020894,0.001723
0.004704,0.014481,0.000650
0.001852,0.011270,0.001694
-0.000072,0.007018,-0.000477
0.000948,0.009128,0.003787
0.001985,0.014480,0.004834
0.003047,0.013433,0.004774
0.003124,0.010247,0.001570
0.003211,-0.002598,0.000518
0.003215,-0.016447,-0.009072
-0.000841,-0.035649,-0.015521
-0.003013,-0.034562,-0.020793
-0.004126,-0.022764,-0.030263
-0.003202,-0.008860,-0.034412
0.001707,0.003946,-0.033261
0.000870,0.025320,-0.034210
0.005067,0.042438,-0.034181
0.004504,0.056337,-0.035178
0.004988,0.065940,-0.030914
0.005501,0.066998,-0.025653
0.007977,0.059528,-0.023625
0.009370,0.045629,-0.016350
0.009640,0.024186,-0.004760
0.009774,-0.001472,-0.001716
0.006778,-0.026050,-0.002880
0.006539,-0.036766,-0.000762
0.004285,-0.040001,0.002438
0.005900,-0.044250,-0.001833
0.002782,-0.017601,0.002651
0.003665,0.000562,0.000654
0.004698,0.011273,-0.003542
0.003845,0.023039,-0.005607
0.000131,0.035909,-0.012991
-0.002439,0.050894,-0.015077
-0.001062,0.056293,-0.020423
0.002283,0.055251,-0.019453
0.003668,0.044595,-0.018537
0.002986,0.031781,-0.015484
0.004150,0.011511,-0.013578
0.003206,-0.008811,-0.009442
0.003117,-0.025917,-0.007411
0.003898,-0.034489,-0.004252
0.004609,-0.039874,0.001057
0.005295,-0.034554,0.003236
0.004108,-0.024961,0.005436
0.006874,-0.012163,0.007655
0.007790,0.003827,0.010972
0.006849,0.016602,0.016388
0.005976,0.021978,0.011101
0.003198,0.025203,0.007929
0.004350,0.017705,0.008982
0.003439,0.007047,0.005720
0.002477,-0.004698,0.004595
0.000439,-0.006801,0.002404
0.002300,-0.009974,-0.000835
0.003198,-0.006756,-0.001897
0.005101,-0.001416,-0.001865
0.005080,0.007092,0.002467
0.005143,0.013483,0.003595
0.005259,0.018789,0.007903
0.005397,0.018791,0.006851
0.004539,0.017731,0.004732
0.003682,0.013440,0.006846
0.002789,0.005965,0.006797
0.002829,0.000635,0.004648
0.002832,-0.005736,-0.000718
0.001785,-0.008925,-0.003916
0.002704,-0.004648,-0.005994
0.002664,-0.001450,-0.005959
0.000735,0.008180,-0.009082
0.002765,0.016710,-0.007946
0.004883,0.026306,-0.007844
0.005114,0.027418,-0.013181
0.003393,0.029505,-0.007811
0.004582,0.028449,-0.008893
0.002846,0.025287,-0.012160
0.003027,0.018888,-0.012226
0.004123,0.012473,-0.010156
0.005184,0.009268,-0.008083
0.005228,0.009280,-0.007068
0.004306,0.008199,-0.004949
0.005342,0.012428,0.000418
0.004462,0.016674,0.003652
0.005526,0.016656,0.005789
0.005650,0.019849,0.006885
0.003803,0.020884,0.011159
0.004905,0.024083,0.013286
0.004062,0.023052,0.010044
0.003208,0.019823,0.013224
0.003321,0.017712,0.013144
0.003399,0.014532,0.012021
0.003456,0.005975,0.012001
0.003482,0.001712,0.009860
0.003479,-0.001448,0.003450
0.002461,-0.004663,0.005551
0.001459,0.003888,0.004539
0.002460,0.008155,0.005622
0.005453,0.013483,0.006732
0.005534,0.015646,0.004587
0.004634,0.013444,0.011019
0.004707,0.009176,0.009934
0.003763,0.003815,0.012048
0.001815,0.001684,0.010976
0.002756,-0.003662,0.012004
0.003646,-0.010072,0.013017
0.002589,-0.008990,0.010897
0.003455,-0.014288,0.006570
0.002373,-0.011110,0.008750
0.004218,-0.010019,0.004513
0.004153,-0.007845,-0.001847
0.002158,-0.006816,0.000350
0.000147,-0.004677,-0.001735
0.002085,-0.004671,-0.003841
0.002091,-0.000371,-0.009115
0.002116,-0.001456,-0.009078
0.004111,0.000712,-0.014378
0.001220,0.003953,-0.020731
0.002286,0.005041,-0.022869
0.002365,0.003989,-0.023961
0.002445,0.006118,-0.020793
0.001537,0.003993,-0.020834
0.005526,0.002924,-0.019792
0.005584,-0.002428,-0.017704
0.006561,-0.012043,-0.016710
0.005514,-0.019557,-0.012472
0.003419,-0.024892,-0.013564
0.005224,-0.023872,-0.007158
0.003112,-0.021751,-0.005014
0.002956,-0.016433,-0.001786
0.006767,-0.012148,-0.000748
0.005729,-0.006817,0.000354
0.005701,-0.005751,0.001413
0.005674,-0.008946,0.000322
0.004617,-0.010022,0.001382
0.003567,-0.015344,-0.000788
0.002490,-0.020662,-0.004018
0.003320,-0.023848,-0.006177
0.005100,-0.027038,-0.007280
0.002973,-0.027058,-0.006182
0.003790,-0.024902,-0.008312
0.003646,-0.022787,-0.007195
0.003494,-0.016396,-0.003976
0.003401,-0.015306,-0.008211
0.004332,-0.013203,-0.003928
0.003256,-0.015349,-0.003913
0.003159,-0.019612,-0.003964
0.002044,-0.024924,-0.007208
0.002867,-0.029190,-0.009342
0.004625,-0.032418,-0.006163
0.001502,-0.030251,-0.010412
0.002280,-0.030252,-0.010408
0.003086,-0.023832,-0.011445
0.002967,-0.017409,-0.012494
0.003858,-0.014200,-0.012487
0.004787,-0.007791,-0.012448
0.002814,-0.005677,-0.010285
0.003768,-0.005707,-0.006022
0.004762,-0.003576,-0.005997
0.004772,-0.002506,-0.004948
0.004725,0.000713,-0.004968
0.005695,0.001735,0.003523
0.006688,0.001770,0.001340
0.006706,0.003882,0.005601
0.008612,-0.002560,0.010877
0.007613,-0.000427,0.011944
0.005598,-0.000466,0.016228
0.005536,-0.005772,0.014015
0.005469,-0.004736,0.018289
0.004414,-0.002616,0.019390
0.006302,-0.002602,0.019354
0.005288,0.000593,0.020444
0.003312,0.009141,0.019441
0.003311,0.013407,0.019483
0.002404,0.015572,0.016285
0.002479,0.018783,0.015240
0.001590,0.013420,0.018405
0.004549,0.001688,0.015149
0.002550,-0.014298,0.008685
0.000445,-0.029250,0.009638
-0.002760,-0.031379,0.008562
-0.002030,-0.029231,0.008542
0.001672,-0.023857,0.005350
0.003474,-0.021704,0.006365
0.004295,-0.016353,0.006370
0.003193,-0.011042,0.009617
0.003108,-0.007809,0.007468
0.003047,-0.005696,0.011725
0.003008,-0.002505,0.013869
0.004917,-0.005719,0.015969
0.005822,-0.010004,0.017023
0.007669,-0.013205,0.014902
0.004575,-0.010053,0.020289
0.002510,-0.004712,0.019272
0.005371,0.003817,0.021457
0.006353,0.015544,0.022631
0.007406,0.024092,0.021628
0.007533,0.032637,0.022724
0.007725,0.034784,0.021663
0.006925,0.030490,0.023785
0.005103,0.023024,0.020575
0.002255,0.016625,0.018419
0.003291,0.010228,0.014167
0.003315,0.005977,0.011994
0.003303,0.000619,0.012008
0.003280,-0.000440,0.009887
0.002282,0.003827,0.007836
0.001300,0.002760,0.005735
0.003271,-0.000401,-0.001716
0.000375,-0.000403,-0.005896
0.000414,-0.002546,-0.006936
0.000406,-0.002539,-0.010092
0.000408,-0.003590,-0.013279
0.001378,-0.008920,-0.015431
0.000355,-0.008890,-0.020738
0.000292,-0.015281,-0.022915
0.002186,-0.012075,-0.022899
0.002173,-0.013128,-0.023989
0.002155,-0.012029,-0.026155
0.003085,-0.014170,-0.024067
0.003061,-0.010969,-0.020899
0.003037,-0.009865,-0.023080
0.003978,-0.010962,-0.017781
0.006853,-0.015251,-0.013583
0.007776,-0.018465,-0.010438
0.006687,-0.018491,-0.007233
0.007517,-0.022783,-0.004069
0.006387,-0.026022,0.001230
0.005201,-0.028200,0.006557
0.005990,-0.023928,0.007630
0.004829,-0.020725,0.008696
0.004645,-0.016479,0.011928
0.005490,-0.012178,0.009788
0.003452,-0.009005,0.014072
0.002388,-0.010043,0.010849
0.002290,-0.006831,0.010850
0.001253,-0.007857,0.006549
0.002175,-0.006778,0.005482
0.002125,-0.006772,0.005464
0.004005,-0.006731,0.001177
0.005930,-0.006723,0.000109
0.002960,-0.003541,0.002278
0.003880,-0.002484,0.004406
0.003856,0.000693,0.005541
0.003819,-0.000385,0.007652
0.005771,0.000669,0.008740
0.005775,0.007063,0.010909
0.006757,0.007088,0.009799
0.006778,0.008118,0.015132
0.006786,0.009181,0.016197
0.007805,0.010245,0.018307
0.005882,0.007056,0.017201
0.005881,0.005959,0.020408
0.005864,0.001687,0.019334
0.002901,0.001682,0.018302
0.003838,0.003813,0.017283
0.002829,0.003789,0.017347
0.003815,0.010222,0.014184
0.001934,0.016637,0.010022
0.003995,0.021969,0.010078
0.001197,0.028371,0.009086
0.002375,0.033722,0.005955
0.002628,0.038048,-0.000433
0.001911,0.038055,-0.001496
0.002158,0.034884,-0.005786
0.002388,0.029550,-0.005837
0.002617,0.025305,-0.010118
0.002763,0.017834,-0.009131
0.002904,0.014601,-0.006982
0.003991,0.011433,-0.010233
0.003084,0.012486,-0.008096
0.004147,0.014566,-0.002711
0.005229,0.019900,-0.002661
0.006354,0.024142,-0.000464
0.004563,0.023055,0.000624
0.004746,0.026277,-0.001493
0.002972,0.025214,-0.003603
0.005105,0.025209,-0.003591
0.004330,0.027349,-0.004634
0.004540,0.028440,-0.007825
0.003777,0.030603,-0.009973
0.004930,0.028436,-0.006769
0.004187,0.031664,-0.009951
0.003457,0.033846,-0.014238
0.003708,0.034897,-0.013143
0.003985,0.033856,-0.017401
0.003277,0.031698,-0.016313
0.004502,0.024220,-0.017398
0.002730,0.017800,-0.018453
0.002896,0.015691,-0.021676
0.002019,0.012473,-0.020614
0.001208,0.014652,-0.026987
0.001346,0.013608,-0.028100
0.002485,0.015768,-0.029197
0.002661,0.017947,-0.032432
0.001867,0.023285,-0.029257
0.002076,0.028653,-0.027205
0.003324,0.030794,-0.023021
0.006505,0.028637,-0.014615
0.009653,0.021158,-0.009423
0.010742,0.009348,0.000077
0.012725,0.000753,0.008521
0.009722,-0.013192,0.018005
0.009581,-0.014305,0.025437
0.007420,-0.015392,0.030709
0.008222,-0.010126,0.041394
0.010044,0.004778,0.047886
0.010958,0.013298,0.052185
0.009981,0.025011,0.056533
0.011987,0.027143,0.056556
0.009152,0.028200,0.056592
0.007229,0.017550,0.051220
0.002361,0.012246,0.043770
0.002341,0.000522,0.036316
-0.001666,-0.012284,0.032024
-0.000864,-0.014389,0.025657
-0.003936,-0.011123,0.017150
-0.003046,0.002796,0.011914
-0.000140,0.012456,0.005576
0.001933,0.021024,0.002428
0.002162,0.038111,0.001491
0.000462,0.034882,0.002584
0.002649,0.028503,-0.001713
-0.000102,0.019923,0.000417
-0.001954,0.008175,-0.001747
-0.001905,-0.003558,-0.003953
-0.000992,-0.018503,-0.005110
0.000803,-0.028106,-0.007284
0.001559,-0.037717,-0.008391
0.002280,-0.044102,-0.010582
0.001982,-0.043029,-0.011634
0.002681,-0.044074,-0.016932
0.004391,-0.039838,-0.013675
0.001279,-0.039775,-0.023252
0.004012,-0.036553,-0.028507
0.002868,-0.028024,-0.028414
0.004737,-0.018393,-0.030495
0.003745,-0.007713,-0.030429
0.007695,0.005101,-0.031390
0.006836,0.014696,-0.028147
0.008960,0.021088,-0.024927
0.009176,0.023185,-0.020629
0.007413,0.025288,-0.016346
0.008593,0.022054,-0.012104
0.007762,0.015653,-0.012163
0.005914,0.014541,-0.005783
0.006008,0.013432,0.000594
0.007079,0.015586,-0.000485
0.008159,0.018782,0.002691
0.007314,0.024098,0.006971
0.005514,0.025169,0.006970
0.005691,0.030496,0.008082
0.004896,0.029422,0.008092
0.004116,0.026208,0.008099
0.004266,0.021962,0.002776
0.002469,0.018745,0.003837
0.002560,0.015597,-0.003651
0.001691,0.015566,-0.002524
0.002760,0.016661,-0.004680
0.001892,0.017744,-0.006803
0.002975,0.017738,-0.005743
0.002154,0.019891,-0.008912
0.005230,0.014553,-0.007903
0.003384,0.012435,-0.009010
0.002516,0.009233,-0.009035
0.001627,0.007107,-0.009074
0.002648,0.006073,-0.012307
0.003683,0.003949,-0.011306
0.004723,0.002869,-0.008144
0.004737,0.001813,-0.008184
0.002816,0.002849,-0.003910
0.005771,0.000714,-0.003926
0.004817,-0.001447,-0.000737
0.005783,0.000664,0.002478
0.003819,-0.001462,0.001393
0.004782,-0.003559,-0.000811
0.006738,-0.005681,-0.003997
0.002769,-0.011057,0.001289
0.003606,-0.014280,0.005503
0.003480,-0.015272,-0.003069
0.002435,-0.015313,0.000174
0.003297,-0.014225,-0.000917
0.003183,-0.016398,0.003351
0.004026,-0.018472,-0.003099
0.002876,-0.022766,0.001116
0.002704,-0.025934,-0.002135
0.002501,-0.031278,-0.000066
0.002304,-0.032356,0.003088
0.004984,-0.036636,0.005175
0.005701,-0.037669,0.000893
0.002549,-0.029160,0.006266
0.005170,-0.046232,0.005073
0.004851,-0.051573,0.007133
0.002527,-0.048378,0.009268
0.005086,-0.048407,0.010391
0.007712,-0.051642,0.010450
0.007360,-0.053787,0.008369
0.004033,-0.044168,0.006321
0.002730,-0.032417,0.008477
0.002483,-0.018522,0.010629
0.005315,-0.002528,0.016024
0.008266,0.006009,0.018187
0.012129,-0.001453,0.018102
0.006179,-0.016378,0.016892
0.004020,-0.023897,0.024279
0.002839,-0.027097,0.024250
0.005529,-0.038831,0.024141
0.005242,-0.054889,0.027274
0.007699,-0.061332,0.029416
0.005259,-0.067711,0.025120
0.002815,-0.060259,0.023140
0.002385,-0.050641,0.017954
0.001059,-0.035676,0.011739
0.000803,-0.022866,0.007650
0.000648,-0.009010,0.007811
-0.000402,-0.005803,0.004685
-0.001407,-0.002599,0.001567
-0.001428,-0.005753,-0.004857
-0.004399,-0.008930,-0.007037
-0.000544,-0.015317,-0.009225
-0.000644,-0.025942,-0.015710
-0.000763,-0.033381,-0.021080
0.001982,-0.034410,-0.025372
0.001790,-0.033312,-0.029628
0.003622,-0.017278,-0.030609
0.003620,-0.000191,-0.030501
0.008595,0.020031,-0.022872
0.010760,0.031731,-0.018489
0.012042,0.039166,-0.015198
0.013360,0.042270,-0.006550
0.008783,0.038994,-0.002200
0.004143,0.037893,-0.002120
0.001462,0.029326,-0.002113
0.001636,0.020777,-0.004244
0.002769,0.017562,-0.003191
0.002893,0.022940,-0.008485
0.005029,0.033662,-0.013755
0.003363,0.048641,-0.017918
0.000856,0.061480,-0.021034
0.008216,0.063662,-0.028462
0.004841,0.075414,-0.030491
0.002511,0.086138,-0.037858
0.005160,0.091533,-0.045288
0.003887,0.092614,-0.044271
-0.000231,0.108590,-0.039873
0.007485,0.122484,-0.041902
0.011327,0.135240,-0.033298
0.012290,0.139477,-0.024815
0.008419,0.145821,-0.014150
0.006508,0.140516,-0.016368
0.009416,0.125572,-0.010207
0.007296,0.111692,-0.006121
0.004076,0.092435,-0.000926
0.005635,0.075378,-0.001115
0.007066,0.068992,0.001924
0.004523,0.073203,0.015706
0.005922,0.072208,0.015507
0.008331,0.067907,0.024968
0.009690,0.054073,0.024752
0.007025,0.032736,0.026651
0.005190,0.004959,0.028592
0.002193,-0.027068,0.026265
0.000884,-0.064414,0.020714
0.002196,-0.102836,0.016225
-0.002488,-0.118922,0.017342
-0.001493,-0.146623,0.003396
-0.003405,-0.140269,0.002531
-0.003408,-0.129564,-0.005832
-0.001295,-0.108194,-0.011998
-0.002904,-0.085712,-0.020366
0.000550,-0.059002,-0.024408
0.001251,-0.039720,-0.032805
0.000144,-0.029023,-0.035920
0.003939,-0.025797,-0.037004
0.001928,-0.027895,-0.042346
0.002783,-0.036422,-0.043488
0.002605,-0.046036,-0.041452
0.004266,-0.052445,-0.037304
0.006888,-0.052456,-0.031001
0.007526,-0.046069,-0.023588
0.011145,-0.038699,-0.008622
0.014799,-0.032342,-0.003220
0.015556,-0.032426,0.005366
0.012413,-0.028208,0.006578
0.011228,-0.027170,0.007709
0.006202,-0.020806,0.011002
0.006036,-0.012241,0.009954
0.005951,-0.006887,0.009950
0.007852,-0.003656,0.007810
0.007833,-0.005693,-0.002921
0.005838,-0.009936,-0.008252
0.003799,-0.021659,-0.011530
0.000731,-0.032271,-0.019093
0.000604,-0.023719,-0.021153
-0.000527,-0.036463,-0.026650
0.001227,-0.041807,-0.023535
0.001939,-0.047142,-0.022534
0.001654,-0.059947,-0.024737
0.001276,-0.074880,-0.029065
0.001813,-0.089838,-0.033324
-0.000713,-0.098404,-0.035410
-0.003277,-0.101632,-0.038505
-0.000924,-0.106975,-0.044805
-0.001550,-0.109091,-0.051144
-0.002172,-0.104802,-0.056391
-0.002743,-0.098395,-0.060533
-0.003238,-0.085529,-0.068948
-0.002612,-0.072674,-0.076289
0.001976,-0.058729,-0.083681
-0.003952,-0.022374,-0.089844
0.000033,-0.004179,-0.091923
0.004162,0.003343,-0.095134
0.004494,0.024664,-0.087578
0.003816,0.021450,-0.081297
0.011981,0.035330,-0.079107
0.003680,0.029912,-0.068481
0.016592,0.035235,-0.064220
0.006334,0.052157,-0.041719
0.017337,0.041496,-0.037653
0.010007,0.073373,-0.014019
0.012342,0.056257,-0.002549
0.015652,0.052910,0.019763
0.012045,0.048575,0.033497
0.010266,0.031465,0.040770
0.012289,0.006853,0.050153
0.010239,-0.018822,0.056379
0.005993,-0.041253,0.057292
0.004616,-0.055124,0.055080
0.003115,-0.060453,0.052928
0.003565,-0.059344,0.047598
0.003127,-0.042222,0.042386
0.003781,-0.017593,0.032958
0.004671,0.011285,0.025709
0.004765,0.035840,0.022746
0.004096,0.055091,0.015477
0.005465,0.065765,0.012422
0.003935,0.064728,0.005015
0.001471,0.058318,0.000795
0.000899,0.046593,-0.006659
-0.000794,0.031650,-0.007820
-0.000578,0.023099,-0.008901
0.000516,0.019943,-0.014275
0.001614,0.017812,-0.014301
0.003688,0.022078,-0.014260
0.005794,0.025293,-0.015313
0.006008,0.028467,-0.012078
0.009166,0.029536,-0.013120
0.006489,0.034875,-0.013081
0.004789,0.032733,-0.013079
0.005033,0.031676,-0.014161
0.003352,0.028475,-0.013144
0.002593,0.023142,-0.013195
0.004738,0.019953,-0.013256
0.004872,0.016764,-0.013314
0.005978,0.016762,-0.012263
0.006100,0.016744,-0.010125
0.007191,0.015661,-0.009046
0.005359,0.014587,-0.009038
0.005472,0.015641,-0.008994
0.005584,0.017738,-0.003652
0.005729,0.018804,-0.002593
0.003908,0.015579,-0.001510
0.005989,0.012400,-0.004732
0.003156,0.009192,-0.004744
0.002228,0.007082,-0.006916
0.002282,0.002847,-0.011224
0.003277,-0.000371,-0.010161
0.003280,-0.000349,-0.013353
0.003308,-0.000351,-0.014395
0.003349,0.001772,-0.013301
0.004373,0.003935,-0.016498
0.004459,0.005002,-0.016488
0.003530,0.007110,-0.013265
0.003617,0.007152,-0.017557
0.004662,0.004994,-0.014376
0.004734,0.002889,-0.017607
0.003795,-0.001384,-0.015539
0.005749,-0.006764,-0.011286
0.004746,-0.009961,-0.012371
0.004694,-0.008906,-0.012329
0.004638,-0.008929,-0.009132
0.004628,-0.003560,-0.012313
0.005621,0.001797,-0.013367
0.006663,0.005004,-0.012311
0.004761,0.007102,-0.006969
0.003865,0.009292,-0.011280
0.004953,0.011405,-0.007025
0.005040,0.009277,-0.006011
0.006087,0.008234,-0.008175
0.005169,0.001789,-0.001842
0.007148,-0.002499,0.000262
0.005157,-0.011020,-0.001941
0.005043,-0.011041,0.000206
0.004946,-0.009988,0.002342
0.005826,-0.007890,0.005592
0.005781,-0.002557,0.006687
0.005776,0.007041,0.007830
0.005797,0.009183,0.007828
0.003907,0.011314,0.009946
0.006890,0.010265,0.006752
0.003035,0.008120,0.008855
0.004024,0.004935,0.006692
0.004017,-0.000407,0.007711
0.003008,-0.004642,0.004450
0.004903,-0.007886,0.008718
0.003851,-0.007873,0.006592
0.004765,-0.010013,0.007635
0.005643,-0.010016,0.006596
0.005549,-0.007882,0.005571
0.004520,-0.003603,0.005580
0.004497,-0.003613,0.005607
0.004468,-0.002504,0.000278
0.005424,-0.001470,0.003510
0.003444,-0.002545,0.003519
0.003432,-0.001444,0.000303
0.006344,-0.001442,0.000299
0.005346,-0.001453,0.002419
0.004350,-0.003563,0.000246
0.005310,-0.004658,0.002402
0.005275,-0.003586,0.001352
0.004255,-0.005725,0.001345
0.004218,-0.003610,0.003507
0.004196,-0.003600,0.001387
0.005152,-0.001460,0.000344
0.005154,0.002821,-0.001742
0.004191,0.004960,-0.002783
0.005231,0.011364,-0.002734
0.004316,0.012433,-0.002731
0.005400,0.014559,-0.001646
0.005503,0.015629,-0.001643
0.005599,0.013498,-0.001669
0.004708,0.006039,-0.003852
0.002775,0.003885,-0.002773
0.003798,-0.000404,-0.000661
0.003792,-0.000378,-0.003868
0.004751,-0.001472,-0.000669
0.003770,0.000684,-0.002799
0.004767,0.004970,-0.002807
0.004822,0.011399,-0.004913
0.004933,0.016722,-0.003792
0.006036,0.018825,0.000491
0.004227,0.019902,-0.000571
0.004352,0.020939,0.002653
0.005457,0.014529,0.003664
0.005532,0.009185,0.003641
0.004590,0.005971,0.004694
0.005583,-0.000442,0.005713
0.003581,-0.003644,0.005688
0.003550,-0.005760,0.002483
0.002516,-0.005752,0.000373
0.004441,-0.000398,-0.001723
0.004455,0.007071,-0.002705
0.003503,0.007101,-0.005920
0.003593,0.015664,-0.008008
0.004703,0.020999,-0.006916
0.006836,0.019936,-0.005889
0.005025,0.019961,-0.008044
0.004191,0.013515,-0.002761
0.007185,0.008189,-0.002829
0.005263,-0.001466,0.002450
0.005240,-0.007875,0.003461
0.005151,-0.013193,0.000233
0.005035,-0.018584,0.005562
0.004893,-0.017509,0.003457
0.003817,-0.008975,0.004583
0.004741,-0.001492,0.002520
0.004740,0.005975,0.003637
0.004791,0.013507,-0.001692
0.004903,0.020966,-0.000556
0.005039,0.019917,-0.001659
0.004185,0.017800,-0.003813
0.005273,0.013509,0.000394
0.003402,0.006047,-0.000733
0.005367,-0.002522,0.001367
0.003383,-0.006792,0.001334
0.004253,-0.013210,0.003414
0.005141,-0.013213,0.003423
0.005995,-0.013194,0.001283
0.004927,-0.008939,0.003445
0.003900,-0.001494,0.005662
0.005853,0.001747,0.001403
0.004893,0.004939,0.002501
0.004960,0.009232,-0.000663
0.004034,0.008159,0.000385
0.005075,0.009225,-0.000648
0.004156,0.006019,-0.000661
0.004202,0.006040,-0.002808
0.003248,0.002827,-0.002807
0.003251,0.000684,-0.001754
0.003259,-0.001464,0.000355
0.005189,-0.002517,-0.001782
0.006150,0.000693,-0.001778
0.005184,0.001759,-0.000719
0.005202,0.001750,-0.000697
0.005207,0.002819,-0.001739
0.005246,0.003889,-0.000691
0.005269,0.004958,-0.001733
0.005307,0.001735,0.000389
0.004367,0.003873,0.000397
0.003407,0.001740,0.000377
0.003413,0.003894,-0.002795
0.004405,0.001752,-0.000700
0.004430,0.006000,0.001480
0.006407,0.007104,-0.002792
0.003550,0.008140,0.001482
0.003572,0.007102,-0.002786
0.004615,0.008166,-0.002768
0.003692,0.005995,0.000447
0.003713,0.002798,-0.000637
0.003744,0.002817,-0.001730
0.004740,0.000678,-0.001737
0.002795,0.003915,-0.005988
0.003780,0.004996,-0.006016
0.005815,0.011401,-0.005966
0.005899,0.011362,-0.001682
0.006950,0.009228,-0.001700
0.006995,0.009216,-0.000623
0.004126,-0.000403,0.001425
0.005084,-0.003610,0.000368
0.004085,-0.005752,0.000373
0.005020,-0.006809,0.000338
0.004976,-0.004680,0.002457
0.003939,-0.002522,-0.000723
0.004914,0.001766,-0.001784
0.004931,0.002828,-0.000716
0.004981,0.004945,0.001438
0.005013,0.008165,-0.000675
0.004085,0.006035,-0.000704
0.004143,0.002816,-0.000683
0.004152,-0.000384,-0.000714
0.004158,-0.002517,-0.001781
0.005100,-0.003579,-0.001806
0.004108,-0.000400,0.001416
0.005069,0.000691,0.000319
0.005078,0.001779,-0.001819
0.005080,0.006015,0.002485
0.005104,0.007064,0.003590
0.005135,0.007074,0.002515
0.004207,0.005982,0.004662
0.005225,0.002785,0.004626
0.004244,0.001740,0.001421
0.004251,-0.001473,0.003516
0.005205,-0.003585,0.000303
0.004179,-0.006782,0.001311
0.005116,-0.005724,0.000296
0.004100,-0.003580,-0.001802
0.002128,-0.002535,0.001404
0.003094,0.001757,-0.001760
0.004104,0.001766,-0.002829
0.005118,0.008167,-0.001726
0.007137,0.012467,-0.004909
0.007204,0.015650,-0.001698
0.004377,0.011333,0.003622
0.004428,0.008141,0.002526
0.004465,0.003852,0.003589
0.003480,-0.001493,0.003569
0.002497,-0.004707,0.004622
0.004418,-0.002569,0.004628
0.005352,-0.004686,0.004566
0.005333,-0.005713,0.000271
0.006260,-0.003593,0.002416
0.004304,-0.001415,-0.002910
0.004298,0.000734,-0.005022
0.003344,0.002849,-0.003907
0.004357,0.003904,-0.002821
0.002471,0.007119,-0.003875
0.005460,0.012452,-0.003824
0.006566,0.018856,-0.001681
0.004706,0.017770,0.002541
0.004817,0.016726,0.001426
0.006857,0.007107,0.004521
0.006857,-0.002512,0.005526
0.006779,-0.017505,0.009721
0.006642,-0.032429,0.004327
0.006402,-0.035621,0.002183
0.004214,-0.023845,0.000091
0.004046,-0.005661,0.000132
0.004995,0.017834,0.005512
0.010036,0.037034,0.013015
0.011283,0.051953,0.020513
0.012600,0.054082,0.023681
0.009994,0.047661,0.027859
0.007280,0.035856,0.038392
0.005416,0.014477,0.042492
0.005316,-0.008001,0.050850
0.006066,-0.027244,0.056007
0.005682,-0.049719,0.062264
0.009076,-0.065754,0.062205
0.005554,-0.080716,0.056909
0.002913,-0.083897,0.049507
-0.001687,-0.067858,0.045375
-0.003178,-0.044325,0.040197
-0.000565,-0.018653,0.035024
0.004210,-0.009012,0.032916
0.007040,-0.007901,0.029673
