-0.130190,-0.230554,0.163814
-0.068278,-0.304809,0.143203
-0.042101,-0.570815,0.060504
-0.068566,-0.709116,-0.080501
-0.062350,-0.643951,-0.197970
-0.026444,-0.382692,-0.274426
-0.030038,-0.078191,-0.295847
-0.046698,0.176150,-0.346956
-0.025464,0.415924,-0.559165
0.076977,0.417579,-0.663176
0.135947,0.312153,-0.309757
0.172130,0.153416,-0.060436
0.172059,0.065174,0.017097
0.115512,0.125613,0.052084
0.092694,0.224500,0.082083
0.074606,0.251930,0.103011
0.017446,0.227312,0.087310
-0.028861,0.093994,0.051490
-0.025062,-0.148338,0.040291
0.000622,-0.420426,0.031655
0.024496,-0.568989,0.052982
-0.000243,-0.616053,0.061241
-0.060054,-0.500612,0.048114
-0.095825,-0.197363,0.033440
-0.148962,0.226514,-0.002290
-0.193995,0.496487,-0.003136
-0.142570,0.527539,-0.003148
-0.046069,0.370784,0.006742
0.005048,0.240824,0.004005
0.037010,0.148157,0.009047
0.057551,0.065090,0.012090
0.079475,-0.005206,0.006962
0.082756,-0.022466,0.017763
0.101299,-0.032555,0.040911
0.133738,-0.077057,0.093746
0.078235,-0.115330,0.177415
-0.005614,-0.070022,0.221143
0.095160,0.141685,0.293648
0.242625,-0.145750,0.325692
0.165514,-0.494867,0.217914
0.111281,-0.458697,0.127874
0.028554,-0.189254,0.080648
-0.100474,0.208733,-0.000246
-0.267765,0.565251,0.005627
-0.199697,0.667436,0.035401
-0.074292,0.432649,0.073219
-0.025061,0.223521,0.082891
-0.022312,0.194420,0.118960
-0.006299,0.257886,0.171162
0.000581,0.346914,0.210112
-0.026871,0.391373,0.211430
-0.067158,0.348761,0.204606
-0.076976,0.125970,0.190607
-0.097708,-0.041794,0.117970
-0.116235,-0.056003,0.067831
-0.116218,-0.114197,0.030479
-0.124262,-0.363437,-0.021989
-0.046607,-0.559704,-0.044774
-0.019704,-0.572210,-0.100041
-0.065894,-0.392676,-0.142083
-0.095146,-0.198742,-0.131348
-0.091265,-0.155185,-0.129424
-0.053772,-0.175504,-0.134710
-0.013649,-0.146938,-0.111863
0.037480,-0.186669,-0.084356
0.068291,-0.279429,-0.085346
0.060417,-0.270001,-0.062844
0.064114,-0.154056,-0.024294
0.062866,-0.148982,-0.009971
0.056138,-0.071166,0.006590
0.041677,0.034399,0.050563
0.051455,0.076143,0.071499
0.036145,0.115153,0.036804
0.013214,0.148910,-0.016974
0.002238,0.083328,-0.076560
-0.061828,0.042215,-0.130518
-0.081716,0.078447,-0.136355
-0.102717,0.113191,-0.120187
-0.074285,0.035993,-0.106284
-0.030136,-0.021063,-0.070946
-0.000502,-0.063026,-0.049479
-0.005918,-0.103788,-0.042991
0.015489,-0.249950,-0.059996
-0.001134,-0.360921,-0.065138
0.022221,-0.422025,-0.032502
0.072614,-0.338496,0.045524
0.076609,-0.196520,0.152918
0.090871,0.015605,0.176225
0.172009,0.435724,0.233946
0.120236,0.764319,0.264103
-0.014634,0.945290,0.222149
-0.048960,0.917533,0.143855
-0.098908,0.807525,0.056718
-0.143384,0.569418,-0.032422
-0.133404,0.261906,-0.124133
-0.135609,0.081032,-0.180394
-0.105412,0.028886,-0.193755
-0.067945,-0.031974,-0.195221
-0.029188,-0.132465,-0.181996
-0.000987,-0.284671,-0.119806
0.071739,-0.506255,-0.070710
0.156890,-0.713748,-0.038800
0.108832,-0.668468,0.016507
0.002337,-0.368853,0.145868
0.177371,-0.233712,0.297212
0.494512,-0.103984,0.338206
0.251022,0.572329,0.371714
0.099965,1.347220,0.366305
0.000621,1.817448,0.305690
-0.241792,1.661907,0.184825
-0.289102,1.112461,0.039052
-0.234381,0.477732,-0.090937
-0.245988,-0.035490,-0.206975
-0.270203,-0.232732,-0.353069
-0.244260,-0.150043,-0.394523
-0.168957,-0.059358,-0.379067
-0.060925,-0.023356,-0.345612
0.036619,-0.043956,-0.318788
0.090839,-0.061650,-0.259795
0.132406,-0.134979,-0.187294
0.154856,-0.195348,-0.125549
0.201699,-0.251539,-0.047843
0.251090,-0.202123,0.037125
0.218830,-0.068631,0.141170
0.236932,0.006307,0.230769
0.225618,0.057960,0.295614
0.159726,0.156890,0.318181
0.067389,0.180429,0.296255
-0.005570,0.161711,0.231022
-0.104763,0.079129,0.172142
-0.172225,-0.086343,0.062512
-0.190273,-0.236050,-0.018118
-0.185579,-0.299380,-0.088454
-0.207127,-0.349793,-0.167338
-0.193536,-0.313969,-0.219876
-0.138848,-0.278375,-0.247762
-0.082257,-0.306128,-0.239607
-0.009675,-0.475911,-0.222968
0.063281,-0.605840,-0.140376
0.095252,-0.630225,-0.053492
0.075893,-0.492146,0.120531
0.176494,-0.670197,0.315588
0.453315,-0.659386,0.364128
0.374352,0.272736,0.401620
0.129844,1.328805,0.449146
0.025542,1.993667,0.443113
-0.109499,1.772115,0.406713
-0.186752,1.063786,0.257198
-0.195123,0.316250,0.105586
-0.238623,-0.170988,-0.039448
-0.295503,-0.439431,-0.198418
-0.305985,-0.493496,-0.336468
-0.276613,-0.334726,-0.394844
-0.235023,-0.155019,-0.414334
-0.166162,0.042812,-0.436758
-0.087696,0.100247,-0.414865
-0.023227,0.080488,-0.364434
0.055825,0.059261,-0.281592
0.139181,-0.017619,-0.193564
0.194584,-0.105932,-0.122121
0.235821,-0.054690,-0.018553
0.241360,0.007196,0.089359
0.252481,0.079942,0.186411
0.259586,0.172244,0.267030
0.203990,0.237097,0.305854
0.120456,0.208422,0.304209
0.064537,0.079763,0.264266
0.032251,-0.034035,0.222563
-0.027226,-0.127565,0.174776
-0.074605,-0.189092,0.126241
-0.104083,-0.264412,0.067968
-0.126495,-0.304358,-0.005064
-0.114822,-0.300787,-0.052019
-0.129889,-0.259908,-0.089137
-0.183133,-0.180616,-0.124879
-0.168963,-0.114245,-0.137418
-0.106958,-0.114161,-0.135545
-0.013044,-0.018438,-0.085804
0.021573,0.181373,-0.011940
0.049889,0.381876,0.091149
0.072448,0.464096,0.171890
0.117890,0.412098,0.249828
0.103435,0.289306,0.258400
0.052147,0.187141,0.236940
0.009589,0.070447,0.181864
-0.006450,-0.022603,0.111906
-0.029788,-0.124234,0.041991
-0.054433,-0.168293,-0.026256
-0.049330,-0.234804,-0.090395
-0.019905,-0.293035,-0.131832
-0.025781,-0.318437,-0.163966
-0.073301,-0.326720,-0.205486
-0.083324,-0.347348,-0.193232
-0.049422,-0.387245,-0.173657
-0.031224,-0.371699,-0.138852
-0.015265,-0.259182,-0.095554
0.012389,-0.079560,-0.028364
0.035253,0.105485,0.033420
0.070520,0.212793,0.084708
0.053675,0.298127,0.102251
0.013208,0.319634,0.105136
0.016617,0.274056,0.091395
-0.001125,0.144421,0.049116
-0.024379,0.053344,-0.013082
-0.027612,0.014423,-0.057762
-0.018550,-0.043748,-0.103537
-0.037553,-0.116965,-0.144977
-0.034687,-0.192476,-0.175560
-0.002051,-0.265052,-0.185552
0.037614,-0.362371,-0.173270
0.057629,-0.437445,-0.149909
0.073830,-0.485033,-0.096356
0.089917,-0.469752,-0.028442
0.086722,-0.289400,0.073105
0.069038,0.011607,0.169208
0.061421,0.286029,0.261709
-0.002405,0.376293,0.307546
-0.038104,0.346580,0.291175
-0.062046,0.307861,0.217732
-0.089835,0.298393,0.101557
-0.112620,0.220578,-0.017150
-0.114194,-0.002420,-0.135891
-0.164591,-0.152788,-0.253147
-0.191496,-0.114567,-0.332500
-0.183134,-0.079862,-0.388050
-0.094447,-0.140731,-0.379037
-0.014556,-0.178295,-0.351599
0.037954,-0.130825,-0.294331
0.071849,-0.082223,-0.240361
0.133079,-0.070989,-0.185611
0.190018,-0.068549,-0.098889
0.213560,-0.023539,-0.000003
0.201839,0.090816,0.096376
0.195467,0.258224,0.218048
0.183843,0.335092,0.321792
0.165233,0.402836,0.379234
0.095495,0.433792,0.383653
-0.004454,0.384009,0.341475
-0.071770,0.242986,0.249029
-0.117956,0.054305,0.116541
-0.167657,-0.104638,-0.009056
-0.185830,-0.245740,-0.103387
-0.217249,-0.382714,-0.187903
-0.228898,-0.427131,-0.238480
-0.170234,-0.413164,-0.251161
-0.100793,-0.326830,-0.239705
-0.062945,-0.207488,-0.219422
-0.002806,-0.076498,-0.185203
0.072655,-0.009753,-0.126899
0.115868,0.029387,-0.082794
0.156054,0.078125,-0.036502
0.174407,0.149207,0.010151
0.173935,0.220154,0.063432
0.173173,0.354754,0.152741
0.146497,0.491565,0.228273
0.098143,0.534696,0.267909
0.045895,0.480088,0.277346
-0.006354,0.336124,0.266468
-0.058975,0.138137,0.214352
-0.113794,-0.090353,0.121074
-0.168961,-0.269515,0.004573
-0.177963,-0.389007,-0.095507
-0.205333,-0.396460,-0.191487
-0.201385,-0.374311,-0.256161
-0.170020,-0.338560,-0.298050
-0.109458,-0.252016,-0.302834
-0.027713,-0.147854,-0.259036
0.037166,-0.060910,-0.209777
0.033558,0.077052,-0.141776
0.163389,0.116192,-0.004937
0.322402,0.057870,0.047642
0.228579,0.159136,0.049830
0.165083,0.480093,0.069905
0.126377,0.692998,0.125346
0.113694,0.705264,0.166602
0.094966,0.726001,0.221697
0.071017,0.731747,0.289352
0.037654,0.548193,0.299335
-0.032889,0.335398,0.240471
-0.104701,0.151752,0.151688
-0.145069,0.008887,0.044864
-0.162640,-0.098871,-0.053015
-0.185817,-0.165135,-0.137669
-0.181084,-0.260370,-0.217969
-0.145485,-0.381478,-0.276885
-0.102015,-0.481786,-0.280867
-0.036030,-0.569791,-0.236372
0.022200,-0.553496,-0.164128
0.062725,-0.545708,-0.090986
0.155566,-0.354046,-0.062130
0.160826,0.025212,0.008612
0.159291,0.227366,0.064170
0.122687,0.333506,0.112575
0.125710,0.383992,0.181859
0.114536,0.493374,0.232280
0.080374,0.599556,0.286850
0.019779,0.518285,0.311710
-0.029319,0.298871,0.276363
-0.050222,0.061634,0.207614
-0.106785,-0.117701,0.109345
-0.159250,-0.201063,0.017286
-0.182034,-0.251505,-0.055249
-0.213322,-0.264686,-0.126193
-0.183042,-0.294191,-0.162978
-0.109063,-0.181782,-0.196445
-0.067806,0.032373,-0.150886
0.038582,0.001025,-0.113495
0.093220,0.140712,-0.114135
0.051612,0.348640,-0.104645
0.047711,0.388804,-0.086562
0.040693,0.218831,-0.072561
0.075620,0.069851,-0.021912
0.083833,0.074576,0.024695
0.060653,0.111232,0.085385
0.041359,0.076568,0.133505
0.008631,0.051831,0.165178
-0.005353,0.029584,0.172929
-0.034737,-0.054300,0.153347
-0.078476,-0.060952,0.095723
-0.090214,0.018840,0.040896
-0.100149,0.130643,-0.023067
-0.112364,0.277361,-0.061895
-0.038290,0.129909,-0.142824
0.010293,0.260602,-0.197426
-0.019888,0.448346,-0.196712
0.046364,0.395626,-0.177200
0.062421,0.295143,-0.179680
0.006983,0.221099,-0.148894
0.020346,0.012442,-0.125105
0.094411,-0.259309,-0.063848
0.122789,-0.426517,-0.004761
0.108237,-0.438048,0.068509
0.103312,-0.358011,0.172367
0.123410,-0.242453,0.255849
0.094041,-0.105133,0.304951
0.048414,0.052882,0.325935
0.004592,0.218755,0.315641
-0.015779,0.216560,0.235598
-0.050462,0.119578,0.126030
-0.056404,0.031145,0.006047
-0.073178,0.166395,-0.069141
-0.142118,0.307687,-0.118236
-0.132740,0.222598,-0.150015
-0.083584,0.012556,-0.177354
-0.035900,-0.104758,-0.194209
-0.021493,-0.134843,-0.185555
-0.003409,-0.169469,-0.152171
0.018819,-0.254378,-0.105283
0.015922,-0.300821,-0.069701
0.011849,-0.216382,0.003514
0.022653,-0.086139,0.090926
0.055531,-0.043102,0.166365
0.060030,0.049701,0.182927
0.010365,0.247210,0.202124
-0.031002,0.230151,0.219719
0.109076,0.012137,0.149003
0.093998,0.206083,0.076384
-0.032480,0.529882,0.035022
-0.141105,0.724770,-0.047715
-0.203402,0.690014,-0.100455
-0.137184,0.436343,-0.141030
-0.077780,0.154012,-0.192705
-0.024624,-0.001693,-0.215178
-0.053385,-0.051810,-0.228245
-0.064209,-0.279305,-0.222317
0.022645,-0.552017,-0.184354
0.095114,-0.690332,-0.134647
0.130147,-0.636356,-0.103741
0.084297,-0.572905,-0.047314
0.062637,-0.430017,-0.012371
0.037854,-0.223930,0.014113
0.050475,-0.030567,0.037136
0.009888,0.097802,0.037389
0.033496,0.166614,-0.004171
0.033722,0.275565,-0.011892
0.049899,0.213574,-0.009020
0.023147,0.150716,-0.033867
-0.096399,0.142282,-0.058260
-0.076825,0.075030,-0.065041
-0.017002,-0.073535,-0.038483
0.023547,-0.127062,-0.019661
0.048776,-0.131488,0.009995
0.074484,-0.157122,0.022388
0.058822,-0.102777,0.030372
0.053242,-0.012533,0.067897
0.074486,0.060561,0.111750
0.070826,0.171066,0.167259
0.026614,0.189738,0.233660
0.040260,0.188640,0.242099
-0.040972,0.276298,0.226745
-0.068513,0.224260,0.189047
-0.040630,0.096010,0.093656
-0.125272,0.091457,0.002679
-0.170647,0.191672,-0.097331
-0.295287,0.312115,-0.196002
-0.334258,0.246487,-0.283706
-0.221666,-0.000786,-0.316896
-0.120149,-0.269472,-0.352170
-0.044839,-0.317308,-0.368744
0.013569,-0.263306,-0.319080
0.065103,-0.244725,-0.254533
0.119645,-0.203025,-0.164801
0.138665,-0.157216,-0.065207
0.193668,-0.234091,0.039540
0.281284,-0.253029,0.127225
0.353801,-0.102058,0.218849
0.277957,0.034456,0.276670
0.178696,0.195853,0.287798
0.107836,0.293422,0.271723
0.040778,0.272760,0.215386
-0.039767,0.208490,0.132161
-0.102638,0.149341,0.063137
-0.149878,0.101638,0.013799
-0.144070,0.014174,-0.014230
-0.136714,-0.105390,-0.037075
-0.157441,-0.225045,-0.055498
-0.146478,-0.345707,-0.078270
-0.101045,-0.413952,-0.099892
-0.052084,-0.355221,-0.111005
-0.004534,-0.196566,-0.078437
0.031349,-0.009393,-0.014531
0.086167,0.173393,0.064290
0.127160,0.313800,0.119995
0.090455,0.449118,0.167687
0.074602,0.564403,0.211434
0.032414,0.622325,0.219506
-0.048643,0.650879,0.164294
-0.127410,0.629657,0.049106
-0.180478,0.516602,-0.068789
-0.248940,0.401234,-0.170548
-0.247445,0.199150,-0.257660
-0.214951,-0.073799,-0.312856
-0.134800,-0.291562,-0.340645
-0.117532,-0.494728,-0.337088
-0.045093,-0.635921,-0.336356
0.057475,-0.515885,-0.289984
0.135452,-0.255552,-0.171941
0.196016,-0.011214,-0.060335
0.233386,0.225873,0.034950
0.254601,0.343875,0.099863
0.282479,0.347092,0.133315
0.241622,0.415314,0.185323
0.204510,0.460197,0.227361
0.111030,0.479579,0.231250
0.036465,0.408410,0.206786
0.018080,0.298796,0.172660
-0.055596,0.215680,0.141322
-0.085969,0.104858,0.099190
-0.100169,-0.078608,0.062930
-0.135431,-0.271857,0.037516
-0.159052,-0.597497,0.010121
-0.120729,-0.930205,-0.056035
-0.075417,-0.967387,-0.088156
-0.051820,-0.661143,-0.081348
-0.013218,-0.209272,-0.010124
0.027010,0.207690,0.033861
0.080992,0.575203,0.029568
0.050141,0.727408,0.005028
-0.023984,0.749638,-0.046267
-0.073543,0.773826,-0.080347
-0.105533,0.700718,-0.118937
-0.115627,0.576465,-0.186390
-0.106282,0.498860,-0.211868
-0.106594,0.384601,-0.220993
-0.106312,0.221971,-0.205551
-0.043624,-0.013544,-0.168965
0.018119,-0.266232,-0.120765
0.015079,-0.485917,-0.065806
0.056795,-0.657362,-0.024611
0.182734,-0.756083,0.027233
0.271885,-0.590285,0.110913
0.222183,-0.317688,0.197356
0.206912,-0.076901,0.266264
0.204608,0.098039,0.313927
0.173869,0.379034,0.323758
0.082825,0.564208,0.305016
-0.013989,0.578111,0.208139
-0.193275,0.427467,-0.000084
-0.343530,0.260884,-0.211755
-0.448532,0.005449,-0.423439
-0.423563,-0.224153,-0.560530
-0.405615,-0.472481,-0.651276
-0.335435,-0.624467,-0.653454
-0.217143,-0.653333,-0.577554
-0.121023,-0.646678,-0.511567
-0.043753,-0.521782,-0.402208
0.090460,-0.274306,-0.272636
0.262661,0.136992,-0.070269
0.295802,0.407366,0.135269
0.320397,0.291133,0.252952
0.498996,0.152407,0.280020
0.487235,0.289807,0.345643
0.388675,0.295932,0.417535
0.346560,0.210702,0.438412
0.269955,0.162097,0.418958
0.115124,0.159251,0.383493
0.031970,0.042456,0.304627
-0.060345,-0.137433,0.230812
-0.162858,-0.293617,0.115815
-0.251385,-0.387979,0.010934
-0.268596,-0.401323,-0.082589
-0.308411,-0.412575,-0.166575
-0.328806,-0.312750,-0.249879
-0.324264,-0.139547,-0.284842
-0.290417,0.080362,-0.286343
-0.240773,0.290371,-0.250554
-0.169094,0.396963,-0.210651
-0.097344,0.398147,-0.191080
-0.003842,0.363126,-0.177242
0.078096,0.252160,-0.147886
0.175613,0.037760,-0.140517
0.235637,-0.161797,-0.123358
0.244028,-0.190948,-0.074610
0.249273,-0.150992,-0.006831
0.245722,-0.080427,0.091369
0.196393,-0.020575,0.181223
0.140590,-0.063965,0.225586
0.078574,-0.169536,0.186856
-0.029281,-0.267030,0.076538
-0.121168,-0.250293,-0.027720
-0.158729,-0.206027,-0.098758
-0.199710,-0.057571,-0.126077
-0.244211,0.084398,-0.144864
-0.192239,0.213528,-0.139617
-0.167228,0.253242,-0.137797
-0.178497,0.264153,-0.150884
-0.082590,0.102194,-0.147656
0.019632,-0.011663,-0.153647
0.110267,-0.150769,-0.087937
0.209600,-0.312376,-0.025314
0.278615,-0.423768,0.032345
0.289637,-0.307180,0.125345
0.253300,-0.123398,0.217958
0.212909,-0.076087,0.277734
0.173833,-0.013597,0.318182
0.114053,0.023748,0.307005
0.038401,0.057445,0.222011
-0.085516,0.062411,0.120877
-0.149774,-0.026223,-0.013219
-0.202105,-0.122492,-0.126033
-0.256080,-0.076318,-0.174504
-0.276368,0.028176,-0.177590
-0.232262,0.079547,-0.179640
-0.208781,0.108489,-0.174508
-0.140285,0.080990,-0.171200
-0.048056,0.043670,-0.156953
0.061077,-0.049282,-0.131295
0.127575,-0.093242,-0.096610
0.105198,-0.115819,-0.058715
0.115037,-0.039530,0.011329
0.134008,0.012238,0.066464
0.156733,0.053265,0.125873
0.143413,0.041120,0.154029
0.110927,0.007933,0.146708
0.105701,0.012993,0.166296
0.089423,0.056525,0.180835
0.014329,0.085567,0.141784
-0.035291,0.032608,0.084874
-0.031113,-0.076084,0.053229
-0.015629,-0.046291,0.053704
-0.068128,0.051680,0.069703
-0.073841,0.082612,0.066863
-0.038362,0.055974,0.074900
-0.026242,0.001920,0.056745
-0.023959,-0.004341,0.078283
0.035191,-0.056579,0.103854
0.069715,-0.153645,0.111293
0.055769,-0.170484,0.092758
-0.010225,-0.087007,0.074001
-0.045422,0.113715,0.075417
-0.034201,0.326101,0.082356
-0.063380,0.476874,0.046215
-0.106281,0.522370,-0.028380
-0.132705,0.470684,-0.102553
-0.140316,0.291751,-0.154108
-0.134817,0.092425,-0.195068
-0.122842,-0.091170,-0.204849
-0.091158,-0.178793,-0.205273
-0.086141,-0.155630,-0.185432
-0.038960,-0.189164,-0.156289
0.056346,-0.261222,-0.112547
0.093039,-0.292772,-0.066261
0.114030,-0.248613,0.006952
0.226024,-0.357901,0.072026
0.295165,-0.340078,0.127390
0.220188,-0.113044,0.185411
0.140888,0.075875,0.208860
0.101668,0.141098,0.216392
0.025277,0.192728,0.182288
-0.049140,0.283060,0.117437
-0.124863,0.263595,0.030445
-0.153370,0.122355,-0.056206
-0.190089,-0.086184,-0.141142
-0.174608,-0.290659,-0.206688
-0.135321,-0.419759,-0.225609
-0.107889,-0.358477,-0.180615
-0.100791,-0.190128,-0.068017
-0.063520,-0.148504,0.019822
0.033788,-0.137340,0.071618
0.102124,-0.024701,0.131328
0.146640,0.062788,0.154065
0.160880,0.103619,0.153673
0.140866,0.099851,0.140824
0.128838,0.089896,0.110627
0.078803,0.131358,0.039565
0.022665,0.225762,0.002452
-0.049123,0.265795,-0.051986
-0.121471,0.226794,-0.118416
-0.160300,0.065926,-0.179031
-0.150942,-0.143211,-0.217439
-0.128575,-0.290793,-0.215752
-0.133356,-0.396906,-0.200774
-0.109404,-0.526452,-0.181927
-0.053032,-0.577883,-0.169263
-0.007928,-0.400413,-0.097854
0.034979,-0.103370,-0.026636
0.093713,0.180859,0.049725
0.140712,0.215625,0.109755
0.234660,0.156947,0.125961
0.249412,0.214656,0.153415
0.206382,0.197699,0.174924
0.202782,0.101798,0.199894
0.157664,0.082999,0.189250
0.081310,0.128262,0.163368
0.038145,0.139114,0.159846
0.015825,0.062533,0.134490
-0.057954,0.072433,0.090924
-0.113167,0.041754,0.046043
-0.127332,-0.070044,0.000525
-0.151206,-0.157509,-0.034822
-0.174003,-0.217465,-0.049446
-0.131927,-0.334020,-0.059213
-0.068201,-0.403719,-0.055782
-0.011782,-0.194162,0.004198
0.000368,0.053559,0.092350
0.038671,0.153291,0.139669
0.100623,0.150030,0.154441
0.085811,0.228114,0.157752
0.068033,0.255347,0.135608
0.035581,0.234638,0.105537
-0.054128,0.174601,0.047537
-0.078929,0.154932,0.001860
-0.075047,0.081885,-0.045254
-0.094479,-0.022364,-0.079411
-0.091960,-0.069206,-0.099964
-0.084241,-0.137540,-0.114033
-0.074350,-0.226213,-0.123925
-0.048838,-0.281112,-0.094902
-0.011559,-0.352266,-0.042358
0.043317,-0.341032,-0.003295
0.067364,-0.121871,0.069313
0.092440,0.037656,0.132728
0.063449,0.159241,0.133925
-0.003856,0.317487,0.106200
-0.071717,0.399019,0.064974
-0.170815,0.247201,-0.027239
-0.222018,0.005177,-0.162304
-0.257089,-0.162512,-0.261279
-0.219345,-0.365907,-0.306981
-0.186620,-0.577630,-0.376307
-0.174981,-0.583601,-0.406769
-0.111901,-0.488776,-0.366890
-0.030364,-0.366130,-0.345797
0.020768,-0.199021,-0.296209
0.157494,-0.198775,-0.205163
0.257965,-0.155780,-0.129615
0.254497,0.075848,-0.019411
0.278850,0.214408,0.117797
0.378077,0.191859,0.236851
0.451915,0.177090,0.332150
0.360194,0.255604,0.360143
0.238216,0.251205,0.361495
0.177834,0.182016,0.332220
0.092327,-0.022416,0.289571
-0.044854,-0.071606,0.189371
-0.228758,-0.049472,0.113231
-0.275740,-0.112803,0.033488
-0.320233,-0.175077,-0.048313
-0.310588,-0.257574,-0.129375
-0.269538,-0.262344,-0.188414
-0.262894,-0.232119,-0.225669
-0.235802,-0.219224,-0.235206
-0.177266,-0.237545,-0.213974
-0.111842,-0.300635,-0.204752
0.000591,-0.230649,-0.166396
0.133047,-0.073425,-0.090010
0.144585,0.108915,0.025534
0.218272,0.199544,0.138053
0.342456,0.244476,0.235051
0.405678,0.441317,0.310374
0.335373,0.570083,0.369907
0.245741,0.483549,0.395576
0.152918,0.351537,0.385285
0.016098,0.205831,0.345128
-0.036328,0.095563,0.279587
-0.087137,0.049250,0.208498
-0.169989,-0.004300,0.110596
-0.235120,-0.020505,0.016153
-0.261794,-0.111282,-0.098070
-0.245415,-0.223771,-0.172814
-0.208358,-0.294929,-0.211948
-0.177219,-0.270331,-0.223387
-0.132509,-0.235242,-0.218580
-0.025412,-0.141733,-0.186426
0.074294,-0.043485,-0.085736
0.125536,0.081641,-0.018809
0.153172,0.211878,0.072803
0.230213,0.248473,0.146200
0.200852,0.268327,0.196622
0.146503,0.121049,0.219475
0.093348,0.048546,0.230209
0.036526,0.041264,0.233837
0.023747,0.027741,0.215028
-0.019228,0.061319,0.171131
-0.086717,0.109785,0.129585
-0.154902,0.028289,0.043478
-0.161780,-0.091524,-0.050535
-0.181547,-0.201922,-0.119919
-0.172004,-0.260249,-0.168425
-0.167163,-0.358216,-0.200123
-0.115150,-0.407182,-0.226994
-0.006613,-0.347848,-0.180414
0.047407,-0.161753,-0.107076
0.040255,0.064956,-0.034610
0.102102,0.202239,0.023998
0.197850,0.283013,0.069457
0.181102,0.276550,0.095706
0.157125,0.357718,0.110852
0.051219,0.436107,0.086178
-0.048667,0.362642,0.056888
-0.042092,0.168553,0.039236
-0.042130,0.061804,0.034253
-0.109392,0.090623,0.015655
-0.143078,0.053561,-0.042925
-0.162856,-0.074277,-0.091629
-0.169850,-0.212806,-0.137232
-0.140454,-0.319500,-0.160137
-0.139247,-0.371735,-0.184769
-0.053090,-0.410471,-0.158111
0.052141,-0.359769,-0.106126
0.096401,-0.114651,-0.063487
0.092245,0.108097,-0.021141
0.140467,0.137818,0.021356
0.215012,0.053605,0.057014
0.264276,0.052928,0.060167
0.221194,0.219244,0.102755
0.157355,0.325838,0.129059
0.064716,0.248849,0.139279
0.007911,0.089583,0.155368
-0.009677,-0.017409,0.164613
-0.062767,-0.078181,0.128406
-0.109701,-0.136697,0.080394
-0.150681,-0.186748,0.044146
-0.140966,-0.206900,0.016465
-0.148889,-0.215185,-0.016685
-0.164702,-0.154122,-0.041891
-0.122205,-0.077392,-0.023199
-0.070536,0.011152,-0.014018
-0.052664,0.251432,-0.021874
-0.039440,0.472491,-0.013128
-0.003105,0.409599,0.014398
0.080639,0.096701,-0.045849
0.096523,0.218183,-0.113064
-0.005385,0.396801,-0.128323
-0.022353,0.309144,-0.126563
-0.070652,0.130869,-0.138348
-0.092196,0.033328,-0.121300
-0.060584,-0.015022,-0.119797
-0.092086,-0.133727,-0.133720
-0.088307,-0.262046,-0.144564
-0.043014,-0.311201,-0.157349
-0.033168,-0.266398,-0.161114
-0.012049,-0.139648,-0.131188
0.052711,-0.043034,-0.063198
0.156797,-0.067888,-0.008215
0.214799,0.022578,0.029774
0.196045,0.195013,0.089892
0.246014,0.166461,0.182747
0.321391,0.106251,0.238849
0.299037,0.242605,0.273036
0.213791,0.367408,0.289904
0.063863,0.243489,0.297578
-0.025294,-0.037671,0.231000
-0.121442,-0.227970,0.150138
-0.174406,-0.349010,0.076401
-0.196652,-0.478525,-0.008021
-0.239957,-0.510744,-0.104670
-0.265758,-0.492897,-0.188116
-0.256611,-0.365220,-0.252644
-0.222704,-0.140016,-0.245630
-0.132634,-0.041144,-0.207224
-0.051371,0.024481,-0.166572
0.013002,0.101525,-0.085250
0.073106,0.085785,-0.013218
0.162601,0.125799,0.028264
0.191250,0.209518,0.092197
0.196305,0.180400,0.134584
0.194641,0.164221,0.183006
0.199021,0.111954,0.217017
0.139260,0.080364,0.210412
0.083256,0.115944,0.204525
0.032155,0.153735,0.169174
-0.036200,0.125493,0.109925
-0.094695,0.077932,0.047667
-0.158790,-0.036821,-0.036169
-0.179340,-0.186824,-0.119163
-0.168339,-0.354012,-0.185276
-0.153431,-0.496942,-0.220111
-0.110103,-0.544155,-0.210413
-0.049153,-0.483596,-0.194564
0.003639,-0.311115,-0.157573
0.027250,-0.032135,-0.082528
0.077110,0.217888,0.019843
0.125629,0.295398,0.072759
0.146938,0.333808,0.091921
0.131578,0.443607,0.122424
0.059406,0.459635,0.148648
-0.008694,0.348416,0.157752
-0.030122,0.084175,0.107409
-0.049199,-0.058372,0.056933
-0.060312,-0.169073,0.018668
-0.061190,-0.293560,-0.026216
-0.085940,-0.343173,-0.089753
-0.087070,-0.342412,-0.169129
-0.077934,-0.335463,-0.220698
-0.037113,-0.257395,-0.227803
-0.005260,-0.132737,-0.196963
0.037271,-0.049871,-0.160788
0.109748,-0.001313,-0.101474
0.145268,0.152507,-0.004717
0.138334,0.313668,0.094533
0.141030,0.387506,0.183163
0.097438,0.364424,0.242250
-0.014569,0.339615,0.252149
-0.105577,0.127532,0.199452
-0.156459,-0.169401,0.100754
-0.169147,-0.439491,-0.004423
-0.174988,-0.531300,-0.104107
-0.189318,-0.512227,-0.193190
-0.140105,-0.442248,-0.244414
-0.096083,-0.300095,-0.245900
-0.061805,-0.197448,-0.249754
-0.014910,-0.102533,-0.231024
0.064693,0.012271,-0.174513
0.118497,0.153308,-0.082104
0.172131,0.180218,0.000837
0.185775,0.150752,0.053546
0.192549,0.182143,0.114005
0.158533,0.258306,0.176009
0.131996,0.288546,0.245046
0.116594,0.133969,0.220331
0.008616,0.066392,0.142583
-0.082957,0.096085,0.056864
-0.204613,0.025496,-0.035002
-0.260201,-0.186019,-0.136243
-0.212621,-0.320933,-0.188128
-0.166791,-0.465838,-0.218170
-0.136051,-0.555053,-0.268134
-0.110278,-0.469659,-0.266434
-0.069566,-0.225735,-0.211968
0.002887,0.023152,-0.115701
0.113145,0.201577,-0.022032
0.191080,0.307518,0.062447
0.210216,0.335643,0.137689
0.270298,0.342398,0.227465
0.310646,0.318327,0.296796
0.354937,0.346742,0.338861
0.307036,0.390381,0.339525
0.210992,0.389534,0.314886
0.033920,0.213957,0.257723
-0.104212,-0.045405,0.145167
-0.177378,-0.216543,0.084460
-0.239640,-0.303421,0.013067
-0.273979,-0.346323,-0.080504
-0.320019,-0.262277,-0.167675
-0.349618,-0.175176,-0.235613
-0.312107,-0.143935,-0.273768
-0.242316,-0.095746,-0.291583
-0.189360,-0.054395,-0.270666
-0.146034,-0.098544,-0.234441
-0.060434,-0.166267,-0.190837
0.094489,-0.073183,-0.105283
0.209732,0.022108,-0.017809
0.228113,0.132455,0.043342
0.280723,0.179778,0.117727
0.378120,0.126052,0.156938
0.353033,0.227130,0.206675
0.329442,0.242704,0.282190
0.247630,0.164678,0.314284
0.126173,0.122039,0.330537
0.046768,0.083887,0.313837
-0.065505,-0.000058,0.266179
-0.161690,-0.071921,0.171709
-0.253850,-0.142548,0.052754
-0.306688,-0.258980,-0.078300
-0.326013,-0.386153,-0.199849
-0.321863,-0.461269,-0.287939
-0.285809,-0.423710,-0.311180
-0.224597,-0.308388,-0.318767
-0.146105,-0.057810,-0.291050
-0.085241,0.244668,-0.225273
0.030582,0.437038,-0.131678
0.158861,0.491039,-0.082013
0.221537,0.654820,-0.021663
0.240759,0.726011,0.025753
0.152773,0.619882,0.072140
0.137279,0.233575,0.079377
0.179282,-0.040863,0.125665
0.184310,-0.149755,0.155196
0.137791,-0.060113,0.163262
0.122561,0.103644,0.214261
0.047642,0.106650,0.220028
-0.000749,0.079728,0.220444
-0.004192,0.011295,0.219182
-0.034058,-0.081546,0.199581
-0.038244,-0.262956,0.179230
0.007764,-0.401314,0.125858
-0.041174,-0.375199,0.065148
-0.097592,-0.269143,0.015814
-0.062469,-0.146924,-0.023340
-0.009365,0.020395,-0.082718
-0.050340,0.145110,-0.144760
-0.121626,0.191008,-0.240275
-0.152372,0.093467,-0.296092
-0.164036,-0.197587,-0.350490
-0.089061,-0.435766,-0.327886
-0.013700,-0.581623,-0.246680
0.064843,-0.594432,-0.134174
0.086548,-0.584441,-0.062243
0.117078,-0.441982,-0.005264
0.111651,-0.233356,0.068993
0.122337,-0.162359,0.136785
0.175778,-0.020781,0.195360
0.148462,0.171113,0.237204
0.101122,0.322469,0.261943
0.040881,0.365038,0.281428
0.003672,0.300645,0.296486
0.123625,0.293874,0.308898
0.091870,0.342044,0.243032
-0.142862,0.348655,0.171431
-0.267839,0.196649,0.068206
-0.318939,0.012980,-0.040385
-0.329862,-0.113054,-0.130745
-0.326481,-0.270716,-0.261073
-0.319468,-0.372705,-0.397684
-0.283193,-0.433121,-0.530693
-0.233970,-0.504477,-0.620218
-0.081953,-0.592784,-0.619563
0.056523,-0.550620,-0.562415
0.139597,-0.351256,-0.442416
0.215271,-0.154442,-0.280561
0.287337,-0.061318,-0.107608
0.364337,-0.041842,0.085688
0.407019,0.158276,0.259847
0.360058,0.513381,0.413731
0.294467,0.516868,0.513065
0.223329,0.283662,0.475301
0.122040,0.200483,0.380674
-0.038992,0.187680,0.257497
-0.183262,0.116149,0.126606
-0.250821,-0.086748,0.028360
-0.250664,-0.193888,-0.045328
-0.255023,-0.193391,-0.117741
-0.245649,-0.193123,-0.169683
-0.223545,-0.253830,-0.208150
-0.191498,-0.309244,-0.238097
-0.153735,-0.235787,-0.221336
-0.113553,-0.037628,-0.184306
-0.037396,0.115400,-0.114420
0.018130,0.198818,-0.024601
0.081353,0.244031,0.048657
0.184229,0.386713,0.096687
0.208568,0.434491,0.153149
0.189723,0.346805,0.211451
0.235376,0.202890,0.230774
0.210275,0.179832,0.194971
0.136799,0.139761,0.128540
0.045857,0.076028,0.083312
-0.015806,-0.027117,0.025013
-0.067923,-0.192053,-0.053939
-0.101067,-0.259900,-0.125750
-0.157858,-0.285218,-0.170654
-0.137782,-0.197698,-0.177281
-0.147286,-0.079515,-0.148397
-0.141321,-0.037997,-0.143602
-0.117625,0.023834,-0.136647
-0.119164,0.182592,-0.107484
-0.094922,0.322866,-0.033658
-0.025789,0.298280,-0.010747
0.029660,0.388451,-0.024979
0.049469,0.491311,-0.018933
0.108790,0.319562,0.007705
0.235535,-0.113495,0.004601
0.254016,-0.094711,0.030969
0.204511,-0.108104,0.078411
0.193657,-0.237768,0.108025
0.116691,-0.353478,0.137541
0.092646,-0.263121,0.145488
0.021455,-0.048959,0.150245
-0.052389,0.105774,0.121218
-0.101004,0.075795,0.118093
-0.099205,-0.150957,0.042601
-0.089269,-0.235567,-0.035397
-0.103602,-0.221308,-0.072894
-0.099510,-0.204141,-0.087636
-0.069981,-0.162624,-0.078655
-0.041773,-0.167763,-0.070848
-0.013962,-0.028851,-0.044026
0.015846,0.220865,0.004061
0.002160,0.489729,0.052468
0.036275,0.388549,0.093978
0.119854,0.104176,0.059821
0.044375,0.325773,0.074144
-0.013862,0.126197,0.049523
-0.018633,-0.151133,-0.005415
-0.059585,-0.326006,-0.034429
-0.071617,-0.270560,-0.042213
-0.131234,-0.375777,-0.138337
-0.101861,-0.463728,-0.214951
-0.097793,-0.429540,-0.212676
-0.060709,-0.272617,-0.215689
-0.053012,-0.092166,-0.215499
0.010546,0.046392,-0.182523
0.045301,0.155764,-0.120574
