-0.030135,-0.070527,-0.008591
-0.032175,-0.066515,-0.004629
-0.035494,-0.067243,-0.000380
-0.031582,-0.068153,0.000843
-0.025291,-0.064868,-0.018953
-0.026324,-0.046929,-0.041208
-0.028578,-0.025593,-0.060883
-0.024734,-0.013969,-0.075762
-0.016234,0.005761,-0.070468
-0.010933,0.033747,-0.041825
-0.001813,0.066347,0.265693
0.011133,0.069137,0.528227
0.001319,0.026266,0.202498
-0.014488,0.028712,-0.033588
-0.018967,0.066190,-0.004205
-0.009232,0.050287,-0.007504
-0.003289,-0.004648,-0.019543
0.001800,-0.043883,-0.026680
-0.002311,-0.072508,-0.024521
-0.005619,-0.086913,-0.035877
0.002237,-0.074366,-0.060821
0.005282,-0.060427,-0.078037
0.002578,-0.056351,-0.094866
0.007499,-0.060611,-0.107815
0.009410,-0.047608,-0.120391
0.011393,-0.031797,-0.120753
0.007713,-0.011334,-0.116006
0.011295,0.002814,-0.106779
0.012949,0.020602,-0.076721
0.011336,0.039137,-0.054061
0.008659,0.074943,-0.006452
0.010925,0.099237,0.052802
0.027614,0.139679,0.139328
0.027980,0.194527,0.172580
0.017177,0.190244,0.107006
0.009389,0.133222,0.020766
0.012190,0.077431,0.048129
-0.005768,0.015832,0.120160
-0.001322,-0.081145,0.138937
0.022267,-0.155816,0.136783
0.027225,-0.143336,0.117479
0.021957,-0.088698,0.085302
0.011216,-0.062288,0.033082
0.003275,-0.070994,-0.044466
-0.000666,-0.096245,-0.091260
-0.004633,-0.120327,-0.117541
-0.013410,-0.153062,-0.143019
-0.017860,-0.153699,-0.164461
-0.017982,-0.125671,-0.166574
-0.012592,-0.062969,-0.139720
-0.008992,0.024661,-0.111069
-0.009168,0.095243,-0.070724
-0.016657,0.156390,-0.022779
-0.025597,0.179898,0.008118
-0.025828,0.148203,0.014044
-0.010321,0.108520,0.050545
-0.012054,0.054990,0.103347
-0.007091,0.014300,0.143346
-0.003075,-0.005212,0.141847
0.002411,-0.006019,0.128881
0.000301,0.007590,0.104247
-0.004215,0.026584,0.081432
-0.015249,0.014876,0.059060
-0.004633,-0.025629,0.051684
0.011334,-0.080908,0.053957
0.024324,-0.113545,0.034481
0.037381,-0.096740,0.003873
0.035840,-0.029542,-0.039341
0.021870,0.039328,-0.085357
0.020916,0.058806,-0.117510
0.018852,0.051353,-0.121604
0.006785,0.031870,-0.116511
0.002904,0.019825,-0.112526
-0.002639,0.009154,-0.102607
-0.006592,0.000938,-0.080894
-0.025218,-0.010969,-0.042363
-0.032277,-0.034293,-0.019849
-0.028996,-0.039899,0.015658
-0.031211,-0.030526,0.057502
-0.025453,-0.023994,0.069525
-0.006975,-0.015306,0.079533
-0.001299,-0.000421,0.080341
0.000739,0.001674,0.068935
0.006240,0.003857,0.046570
0.007295,0.005703,0.029423
0.008822,-0.006094,0.023798
0.010820,-0.013725,0.015858
0.014788,-0.020661,0.004735
0.031354,-0.002264,0.006921
0.027300,0.033896,-0.000148
0.021533,0.067420,-0.012703
0.013448,0.106163,-0.025968
0.004760,0.115152,-0.021638
0.002034,0.081547,-0.011253
-0.003855,0.064465,-0.020140
-0.008764,0.044296,-0.015900
-0.018043,0.006525,-0.003369
-0.017817,-0.033523,0.002946
-0.019444,-0.052976,0.004516
-0.021593,-0.051898,0.013758
-0.023406,-0.043730,0.023394
-0.025320,-0.036892,0.021986
-0.022384,-0.025996,0.034445
-0.020264,-0.022352,0.043578
-0.013283,-0.012427,0.059512
-0.009190,-0.001269,0.070663
0.006815,0.034002,0.090240
0.001238,0.058541,0.072804
0.009156,0.030187,0.019951
0.012620,-0.000503,0.007838
0.008877,-0.014037,0.022536
-0.002731,-0.031787,0.013883
0.004963,-0.069142,-0.005940
0.015233,-0.064129,-0.029606
0.017236,-0.029798,-0.029196
0.008058,0.006285,-0.037569
0.010605,0.022385,-0.045302
0.001246,0.019488,-0.072301
-0.004506,0.006729,-0.077538
-0.017473,-0.023205,-0.064928
-0.019265,-0.071191,-0.043605
-0.017885,-0.087567,-0.024303
-0.011221,-0.065007,-0.003369
-0.008849,-0.013278,0.015927
-0.008371,0.029015,0.017235
-0.008491,0.058554,0.015925
-0.012515,0.068923,0.030526
-0.018815,0.073616,0.048711
-0.007603,0.087353,0.071550
-0.005334,0.086833,0.078725
0.002977,0.070952,0.014873
0.002399,0.038927,-0.036878
0.000806,-0.005109,-0.040038
0.003025,-0.038425,-0.010649
0.001092,-0.080311,-0.005022
0.011364,-0.095924,-0.030456
0.021651,-0.066015,-0.034583
0.015911,-0.036864,-0.023716
0.013459,-0.034316,-0.007405
0.011051,-0.042376,0.004414
0.009822,-0.065189,0.006270
0.013914,-0.070553,-0.011102
0.014272,-0.048364,-0.023484
0.013368,-0.028335,-0.022075
0.013730,-0.021980,-0.023009
0.009697,-0.028448,-0.020643
0.007424,-0.028907,-0.017102
0.008157,-0.014526,0.000662
0.017590,0.003032,0.029886
0.021434,0.029466,0.056237
0.018632,0.047421,0.067930
0.016061,0.068981,0.074993
0.001437,0.105110,0.063273
-0.010277,0.112869,0.055335
-0.006390,0.078716,0.050791
0.001549,0.016503,0.081027
-0.007142,-0.049046,0.086281
-0.009189,-0.061014,0.075254
-0.014705,-0.026987,0.055237
-0.019106,-0.002656,0.040033
-0.025846,-0.018357,0.019437
-0.027515,-0.046340,-0.005553
-0.024826,-0.071456,-0.027765
-0.024575,-0.093647,-0.046130
-0.020199,-0.086977,-0.053640
-0.019932,-0.062158,-0.046543
-0.019064,-0.033460,-0.037451
-0.015496,-0.006254,-0.028749
-0.010625,0.020121,-0.016204
-0.006983,0.030504,0.002159
-0.003044,0.039993,0.011952
-0.004713,0.054685,0.019139
-0.005006,0.061198,0.017874
-0.010536,0.066762,0.016641
-0.009597,0.043677,-0.000212
-0.004041,0.015084,0.009722
-0.009741,-0.010585,0.022287
-0.012547,-0.033468,0.017709
-0.008929,-0.030211,-0.006824
-0.006717,-0.005989,-0.025613
-0.010856,-0.005368,-0.028179
-0.013355,-0.034599,-0.042243
-0.011362,-0.063295,-0.058917
-0.008481,-0.069170,-0.072555
-0.008114,-0.063217,-0.089940
-0.004383,-0.046029,-0.104449
0.002099,-0.029478,-0.109791
0.007691,-0.022532,-0.100862
0.012525,-0.028030,-0.089893
0.015712,-0.031953,-0.065292
0.020245,-0.012376,-0.028144
0.017378,0.018407,0.005718
0.022164,0.050987,0.039708
0.016932,0.088334,0.054159
0.005132,0.089765,0.038691
0.012636,0.085386,0.063265
0.005146,0.051843,0.109754
0.008399,-0.010410,0.112885
0.005382,-0.046680,0.085173
-0.001044,-0.048406,0.060124
-0.000678,-0.043946,0.055318
-0.004761,-0.052415,0.023227
0.000344,-0.064625,-0.020196
0.001167,-0.066750,-0.052537
-0.005885,-0.062544,-0.085173
-0.004322,-0.051709,-0.120581
-0.008828,-0.034502,-0.133407
-0.013589,-0.027417,-0.133287
-0.012305,-0.033772,-0.130527
-0.006321,-0.026397,-0.102899
-0.007661,-0.009509,-0.083302
-0.000301,0.023879,-0.048465
-0.001670,0.060674,-0.030811
-0.006658,0.072356,-0.003166
-0.011849,0.043109,-0.005789
-0.011992,0.008313,0.002295
-0.010305,-0.048181,0.061707
-0.009743,-0.090495,0.122386
-0.008340,-0.070902,0.118741
-0.001193,-0.040886,0.114498
0.010918,-0.003958,0.120559
0.010638,0.006524,0.121335
0.005976,-0.021364,0.108006
0.002839,-0.046467,0.069233
0.013719,-0.055499,0.022434
0.025864,-0.045059,-0.005854
0.020216,-0.035705,-0.034645
0.016072,-0.002173,-0.067685
0.011650,0.030603,-0.096980
0.006019,0.045521,-0.115444
0.006370,0.044218,-0.112362
0.004419,0.039659,-0.098555
0.003139,0.049731,-0.086494
0.000280,0.058914,-0.074707
-0.000631,0.045536,-0.055955
0.002405,0.025649,-0.031839
-0.000312,0.006178,-0.016777
-0.002202,-0.007673,-0.005775
0.002946,-0.008796,0.024742
0.006992,-0.004463,0.073699
0.009812,-0.009107,0.098911
0.022249,0.009183,0.107994
0.031006,0.035415,0.125522
0.037283,0.031494,0.132319
0.037763,0.016269,0.119898
0.032301,0.000420,0.097482
0.038737,-0.011015,0.082028
0.037708,-0.007988,0.073740
0.028303,0.006074,0.055218
0.032091,0.037775,0.036720
0.025247,0.040429,0.022650
0.025412,0.009630,0.017776
0.031341,-0.027438,0.019306
0.038011,-0.065191,0.036301
0.046505,-0.101773,0.057556
0.060588,-0.139180,0.069286
0.078829,-0.169147,0.079165
0.093506,-0.204837,0.079770
0.122577,-0.241881,0.083709
0.146330,-0.271319,0.086078
0.174108,-0.282324,0.102181
0.190065,-0.269106,0.119975
0.202182,-0.244220,0.153452
0.202252,-0.213996,0.192035
0.202114,-0.170424,0.254899
0.189753,-0.106476,0.336508
0.190164,-0.056508,0.431504
0.201409,-0.020897,0.545261
0.218654,0.007156,0.628571
0.246383,0.029667,0.708350
0.256871,0.068929,0.828404
0.258408,0.138696,0.892296
0.285159,0.225696,0.927478
0.296605,0.257123,1.002279
0.274065,0.146230,1.110264
0.249953,-0.127374,1.216125
0.197229,-0.400776,1.263220
0.098563,-0.475695,1.170148
0.024766,-0.294054,1.038006
-0.052968,0.015746,0.848227
-0.100419,0.250081,0.691124
-0.105987,0.163221,0.644602
-0.094447,-0.045409,0.641443
-0.080838,-0.425665,0.737938
-0.095039,-0.740573,0.821631
-0.117716,-0.807843,0.944463
-0.144000,-0.645838,0.948771
-0.151820,-0.422025,0.910624
-0.165486,-0.288464,0.885969
-0.163076,-0.290865,0.844787
-0.198237,-0.309336,0.862537
-0.211727,-0.320101,0.893417
-0.249890,-0.265961,0.906905
-0.293135,-0.165909,0.889056
-0.327411,-0.032731,0.794689
-0.346118,0.141613,0.634268
-0.385393,0.318282,0.421126
-0.407617,0.410175,0.164798
-0.430207,0.383720,-0.088622
-0.462697,0.244517,-0.342940
-0.495194,0.024062,-0.550081
-0.518078,-0.243419,-0.681036
-0.518738,-0.482042,-0.722577
-0.512876,-0.633519,-0.700603
-0.499552,-0.675981,-0.675248
-0.481867,-0.569750,-0.652268
-0.458687,-0.372211,-0.654202
-0.432561,-0.137064,-0.697079
-0.409286,0.081194,-0.778327
-0.355176,0.208965,-0.878111
-0.277223,0.270129,-0.945982
-0.230641,0.225544,-1.000479
-0.179928,0.109221,-1.073779
-0.117257,0.048173,-1.159545
-0.082546,0.142406,-1.253396
-0.047064,0.302889,-1.374973
-0.001923,0.427117,-1.506721
0.011862,0.495434,-1.609273
0.017641,0.501960,-1.703399
0.024962,0.481822,-1.749576
0.041431,0.463419,-1.743066
0.068875,0.468331,-1.689204
0.080376,0.474924,-1.599565
0.094122,0.454183,-1.464152
0.103140,0.415460,-1.293024
0.110354,0.371817,-1.075856
0.108847,0.303773,-0.856955
0.125079,0.262828,-0.649517
0.156025,0.306908,-0.472497
0.184542,0.400068,-0.325583
0.198289,0.483370,-0.199897
0.204690,0.514991,-0.155788
0.243075,0.530859,-0.127890
0.294419,0.536265,-0.113063
0.338138,0.520306,-0.112488
0.342928,0.533740,-0.196717
0.342802,0.633277,-0.346441
0.322639,0.744731,-0.491345
0.255571,0.746888,-0.665579
0.224847,0.631749,-0.803017
0.207865,0.515075,-0.830633
0.181960,0.347397,-0.782672
0.182754,0.167680,-0.669999
0.172501,0.064367,-0.547655
0.162507,0.036816,-0.402070
0.145498,0.063282,-0.266938
0.139600,0.109175,-0.148443
0.140569,0.171340,-0.023027
0.135171,0.232318,0.101612
0.126571,0.281594,0.225317
0.109928,0.292280,0.302063
0.124207,0.272938,0.350904
0.144804,0.239428,0.381803
0.161791,0.184750,0.361193
0.170066,0.083875,0.299426
0.188036,-0.001252,0.252481
0.176130,-0.022207,0.202800
0.163664,-0.023878,0.176399
0.131215,-0.039955,0.138298
0.079172,-0.053039,0.093377
0.047131,-0.076017,0.048458
0.034017,-0.081800,0.003637
0.021486,-0.106745,0.019239
0.002852,-0.174412,0.058419
0.002041,-0.213372,0.099818
-0.004302,-0.175651,0.141982
-0.017675,-0.113004,0.179100
-0.031299,-0.057512,0.185945
-0.048577,0.005203,0.194353
-0.054430,0.050904,0.209828
-0.061596,0.047813,0.206624
-0.053770,-0.000132,0.202709
-0.046868,-0.049334,0.213346
-0.042191,-0.089324,0.192295
-0.028757,-0.103889,0.153489
-0.019921,-0.084618,0.123638
-0.023640,-0.069207,0.091695
-0.023144,-0.098638,0.055925
-0.023355,-0.135254,0.049703
-0.029690,-0.136914,0.036412
-0.023446,-0.086485,0.029290
-0.028946,0.012359,0.012817
-0.033801,0.101787,-0.044260
-0.042791,0.129129,-0.132268
-0.037788,0.082604,-0.178476
-0.045393,-0.011050,-0.173407
-0.045138,-0.111265,-0.152442
-0.031131,-0.172000,-0.119552
-0.027291,-0.173224,-0.084944
-0.027025,-0.137532,-0.055931
-0.015318,-0.084956,-0.028166
-0.007752,-0.024510,0.010057
-0.001809,0.016812,0.044632
0.009008,0.029667,0.087257
0.029346,0.038537,0.135816
0.049203,0.058388,0.208583
0.048433,0.059906,0.241013
0.056658,0.031241,0.234823
0.051386,0.052890,0.256697
0.033002,0.081504,0.284152
0.017124,0.051429,0.282949
0.027167,0.013143,0.248446
0.031376,0.000607,0.208051
0.022743,-0.012110,0.177720
0.012535,-0.024068,0.127084
0.004575,0.005077,0.060217
-0.011854,0.045771,-0.021245
-0.026045,0.041549,-0.107368
-0.033081,-0.013382,-0.171118
-0.042459,-0.107434,-0.182999
-0.054038,-0.209058,-0.174198
-0.049329,-0.250888,-0.167593
-0.033779,-0.238981,-0.158608
-0.015093,-0.188189,-0.115784
-0.012301,-0.126037,-0.087455
-0.010002,-0.060456,-0.037469
-0.018921,-0.006999,0.022124
-0.018641,0.004783,0.076164
-0.010551,-0.011521,0.155303
-0.000651,-0.026698,0.249406
0.004857,-0.010026,0.313676
0.015012,0.041102,0.334346
0.027648,0.098545,0.326643
0.023004,0.119189,0.279807
0.021470,0.099315,0.229944
0.016023,0.051201,0.186625
0.013287,-0.006091,0.121292
0.009460,-0.035996,0.038821
0.006294,-0.035886,-0.054913
-0.013773,-0.043363,-0.135924
-0.023771,-0.082480,-0.205143
-0.026558,-0.119290,-0.249406
-0.034021,-0.132674,-0.249515
-0.042267,-0.112405,-0.243551
-0.025743,-0.069670,-0.230796
-0.014722,-0.012014,-0.201825
-0.019202,0.025763,-0.187834
-0.019977,0.044918,-0.129743
-0.028527,0.064832,-0.052349
-0.035665,0.061156,0.024972
-0.028127,0.056847,0.090860
-0.023114,0.040976,0.140470
-0.016444,0.004757,0.186492
-0.014544,-0.025890,0.211722
-0.007538,-0.030509,0.214891
0.000009,-0.007537,0.203758
0.004798,0.007855,0.179630
0.004958,0.007859,0.142623
0.009069,-0.011138,0.097278
0.023269,-0.039898,0.052422
0.031300,-0.047291,0.002646
0.023827,-0.017912,-0.051840
0.014909,0.022068,-0.121085
0.006092,0.058564,-0.163627
-0.003835,0.061492,-0.182000
-0.003141,0.016510,-0.162767
0.007798,-0.015725,-0.140938
0.020589,-0.005570,-0.122988
0.014914,0.015309,-0.090635
0.012918,0.016865,-0.069061
0.005900,0.020915,-0.023990
-0.005708,0.018611,0.032153
0.003112,0.007399,0.097370
0.002572,-0.000230,0.149062
0.009028,0.005992,0.191438
0.015511,0.015310,0.215067
0.018084,0.036636,0.216704
0.016246,0.055173,0.206816
0.007400,0.052914,0.174001
0.003978,0.023453,0.123578
0.001896,-0.024765,0.075729
0.007672,-0.056617,0.038022
0.013956,-0.058279,0.020329
0.012373,-0.050230,-0.008214
0.012292,-0.020191,-0.035565
0.004926,0.018542,-0.066701
-0.001328,0.051166,-0.071206
-0.009384,0.047072,-0.069380
-0.010485,0.052398,-0.069535
-0.020970,0.052077,-0.045550
-0.026454,0.022771,-0.037952
-0.016830,-0.019887,-0.023629
-0.013734,-0.053455,-0.008959
-0.010065,-0.068546,0.025060
-0.013088,-0.056801,0.039716
-0.010793,-0.026126,0.045253
-0.007669,-0.009825,0.048465
-0.004312,-0.002534,0.068494
-0.005627,-0.018472,0.090639
-0.001243,-0.021313,0.094979
0.006289,-0.002740,0.099104
0.005790,0.028645,0.079564
0.006411,0.046926,0.045649
0.002373,0.040586,0.020005
0.007604,0.014789,0.006166
0.009495,-0.010310,0.005967
0.008048,-0.030709,-0.007867
0.010659,-0.033980,-0.013641
-0.002818,0.000072,-0.009624
-0.016997,0.034681,-0.011159
-0.018247,0.069587,-0.020613
-0.013779,0.079389,-0.026524
-0.017764,0.035995,-0.012789
-0.024201,-0.015544,-0.025731
-0.024572,-0.050389,-0.050031
-0.026152,-0.077362,-0.051094
-0.023345,-0.096441,-0.044368
-0.025830,-0.093618,-0.045149
-0.016706,-0.078223,-0.044532
-0.010506,-0.067051,-0.022230
-0.007884,-0.055707,0.000846
-0.001125,-0.042088,0.020006
0.008823,-0.025334,0.027800
0.014607,-0.006419,0.037034
0.015582,0.006965,0.033865
0.025045,0.021842,0.059585
0.019037,0.025235,0.072797
0.028590,0.009385,0.060633
0.035244,-0.017108,0.071654
0.023820,-0.031883,0.083758
0.007107,-0.038127,0.083530
0.000517,-0.017291,0.070938
-0.004508,0.012956,0.066840
-0.003990,0.011337,0.071575
-0.000347,-0.005159,0.035655
0.006846,-0.019483,-0.001291
-0.009776,-0.040424,-0.041748
-0.017462,-0.057715,-0.091172
-0.023692,-0.075935,-0.120483
-0.028313,-0.102924,-0.128951
-0.028391,-0.109716,-0.136786
-0.027663,-0.095654,-0.130562
-0.025079,-0.070253,-0.107565
-0.022134,-0.041532,-0.078741
-0.013473,-0.014722,-0.058687
-0.008163,0.007338,-0.029097
0.007181,0.025098,0.005687
0.009717,0.037191,0.058053
0.004534,0.032042,0.086324
0.006817,0.045600,0.083931
0.006215,0.062306,0.120289
0.003471,0.042167,0.150338
0.002548,-0.006957,0.153569
-0.000535,-0.038932,0.122983
0.010078,-0.033283,0.091813
0.006070,-0.033861,0.064427
0.006445,-0.047005,0.035572
0.002682,-0.060524,-0.007403
-0.002941,-0.060468,-0.058699
-0.006914,-0.063444,-0.127223
-0.004447,-0.073946,-0.169073
0.001513,-0.098083,-0.194027
0.009404,-0.122704,-0.195846
0.017105,-0.113333,-0.180539
0.016385,-0.076155,-0.158911
0.015930,-0.031110,-0.125898
0.013855,0.023187,-0.076065
0.007156,0.056310,-0.037589
0.010594,0.077386,-0.001924
0.011744,0.103063,0.051972
-0.005602,0.077395,0.122305
0.001517,0.020703,0.161165
0.006495,-0.016250,0.220508
-0.004625,-0.044586,0.270060
-0.005976,-0.054327,0.256551
-0.000593,-0.037573,0.224591
0.005738,-0.017122,0.189204
0.001790,-0.037325,0.157313
0.001341,-0.073748,0.112930
0.003053,-0.079934,0.062161
0.000708,-0.062859,0.005005
-0.007981,-0.024150,-0.065717
-0.021729,-0.002460,-0.131735
-0.019583,0.002053,-0.164628
-0.019529,-0.013475,-0.186687
-0.018771,-0.042720,-0.179774
-0.012294,-0.057018,-0.162841
-0.011118,-0.064063,-0.122792
-0.006042,-0.043166,-0.072180
-0.004874,-0.002695,-0.054256
-0.003416,0.051676,-0.025891
-0.006853,0.071086,-0.019114
-0.001633,0.065869,0.014010
-0.006045,0.039659,0.069928
-0.010040,-0.008723,0.140017
-0.005883,-0.016094,0.189266
-0.002092,0.022756,0.193430
0.006088,0.056870,0.176322
0.014131,0.084446,0.155015
0.011517,0.073627,0.124562
0.010972,0.019032,0.083903
0.010020,-0.037742,0.033553
0.008900,-0.068119,-0.008688
-0.000865,-0.077891,-0.063086
0.005486,-0.064992,-0.092753
0.005550,-0.044409,-0.108767
-0.004038,-0.011954,-0.107899
-0.013125,0.021940,-0.101665
-0.015605,0.048374,-0.086087
-0.019903,0.073914,-0.067812
-0.019840,0.084812,-0.043097
-0.021971,0.079731,-0.034052
-0.029608,0.074448,-0.033945
-0.031600,0.029005,-0.011368
-0.022565,-0.032495,0.007534
-0.016743,-0.086309,0.037800
-0.018242,-0.103900,0.060358
-0.015852,-0.066740,0.069508
-0.007549,-0.014327,0.072216
0.000415,0.031957,0.061587
0.004679,0.034934,0.046952
0.012364,0.021710,0.022462
0.013630,0.004128,-0.001323
0.019927,-0.015702,-0.024694
0.025257,-0.025893,-0.040837
0.022828,-0.018001,-0.059692
0.020353,-0.000735,-0.071478
0.018076,0.011656,-0.066758
0.008263,0.027177,-0.044216
0.005268,0.046334,-0.019469
0.012281,0.068340,0.018581
0.014283,0.077864,0.050669
0.007703,0.078650,0.054860
0.002475,0.093171,0.042662
-0.007601,0.109763,0.042109
-0.017151,0.059133,0.024533
-0.003102,-0.032741,0.007087
0.000213,-0.105773,0.034979
-0.008361,-0.146405,0.053020
0.005659,-0.132370,0.056541
0.007921,-0.056098,0.038454
0.009845,0.015400,0.028213
0.010326,0.035900,0.025711
0.013818,0.023712,0.030097
0.011460,0.013263,0.025425
0.007543,0.016949,0.035518
0.003699,0.020776,0.037847
0.004795,0.015856,0.027258
0.003721,0.005162,0.011719
0.003595,0.008353,0.000741
-0.002025,0.013900,0.010250
-0.012638,0.014015,0.016772
-0.016173,0.004081,0.018220
-0.015880,-0.007805,0.019116
-0.015211,-0.032199,0.016140
-0.022473,-0.066258,-0.003417
-0.020613,-0.083653,-0.015588
-0.019111,-0.091991,-0.010992
-0.015638,-0.097119,-0.015685
-0.012009,-0.090967,-0.031577
-0.006123,-0.068482,-0.048551
-0.001991,-0.045505,-0.053501
0.003451,-0.031295,-0.057046
0.010283,-0.022498,-0.056042
0.020222,-0.002853,-0.044807
0.019936,0.021012,-0.029075
0.025712,0.050240,0.001752
0.020748,0.069402,0.034402
0.018585,0.090877,0.044393
0.017224,0.109149,0.053206
0.012765,0.117911,0.062628
0.008417,0.113661,0.072887
-0.000672,0.078448,0.069310
0.001805,0.041596,0.079142
-0.006298,0.008064,0.088229
-0.008573,-0.035805,0.084573
-0.004930,-0.064844,0.070535
-0.003974,-0.072123,0.062503
-0.008905,-0.067223,0.059138
-0.013106,-0.062635,0.037780
-0.010756,-0.049101,0.019038
-0.010738,-0.038570,-0.004598
-0.008351,-0.034690,-0.026177
-0.004249,-0.030420,-0.030360
-0.006755,-0.030158,-0.043713
0.007143,-0.023151,-0.035917
0.012798,-0.016206,-0.029161
0.020128,0.006598,-0.031005
0.008475,0.034421,-0.036859
-0.000617,0.061987,-0.033595
-0.006479,0.087182,-0.021405
-0.002950,0.045461,0.006389
-0.001457,-0.032103,0.019868
-0.000930,-0.076966,0.049382
-0.002431,-0.078983,0.085397
0.000005,-0.055342,0.112378
-0.002006,-0.032193,0.114440
-0.001632,-0.028270,0.098113
-0.006210,-0.035708,0.085970
-0.014423,-0.045579,0.070392
-0.016892,-0.072308,0.034014
-0.014344,-0.102139,0.003431
-0.015086,-0.123976,-0.017059
-0.013486,-0.132388,-0.035939
-0.012933,-0.102982,-0.043981
-0.022364,-0.061829,-0.062881
-0.015834,-0.031138,-0.074950
-0.013484,-0.003761,-0.066161
-0.012144,0.013612,-0.060753
-0.003536,0.033368,-0.055804
-0.005706,0.046015,-0.050050
-0.007575,0.055750,-0.070527
-0.010182,0.080867,-0.078732
-0.009284,0.036743,-0.037678
-0.002856,-0.031078,-0.003594
-0.005110,-0.075828,0.016948
-0.004916,-0.057861,0.043278
0.001508,-0.002088,0.082052
0.003424,0.063761,0.093914
0.001153,0.101002,0.075974
-0.001099,0.090202,0.051548
-0.004417,0.045388,0.022788
-0.005354,-0.017537,0.000911
-0.002966,-0.070308,-0.019223
-0.002515,-0.085259,-0.045789
0.000285,-0.071340,-0.063627
-0.004831,-0.052670,-0.066426
-0.005807,-0.029901,-0.052856
-0.003205,0.000273,-0.032086
0.006437,0.039613,-0.003884
0.009170,0.052977,0.003204
0.008611,0.058089,-0.032300
0.003420,0.096571,-0.061513
-0.008262,0.136764,-0.044413
-0.016397,0.100246,-0.036222
-0.000255,-0.014548,-0.050469
0.013675,-0.116241,-0.036741
0.003436,-0.146618,-0.009636
-0.005268,-0.129100,0.017209
-0.000491,-0.095898,0.030778
0.005060,-0.063458,0.010327
0.010980,-0.039457,-0.006836
0.006652,-0.026740,-0.004000
0.003975,-0.023161,-0.005358
0.010746,-0.017697,-0.009565
0.014741,0.002834,-0.017603
0.011245,0.025080,-0.020644
0.006168,0.024255,-0.020056
0.005186,0.003484,-0.017990
0.003896,-0.012945,-0.011707
0.007388,-0.007830,0.004277
0.007115,0.011774,0.024042
0.003563,0.027212,0.027242
-0.001264,0.039247,0.030472
-0.006346,0.041122,0.037026
-0.007453,0.021940,0.038938
-0.010300,-0.014270,0.029173
-0.010464,-0.039187,0.026567
-0.016029,-0.047541,0.021811
-0.019348,-0.051562,-0.007880
-0.012618,-0.047332,-0.043503
-0.009606,-0.043405,-0.060351
-0.009699,-0.055052,-0.070371
-0.009478,-0.061410,-0.068963
-0.012526,-0.058653,-0.062965
-0.010999,-0.038977,-0.045149
-0.008527,-0.005416,-0.027850
-0.005855,0.020000,-0.026707
0.001797,0.033880,-0.011433
-0.003196,0.039410,0.005992
0.001167,0.036290,0.026732
-0.001802,0.039548,0.038317
-0.005972,0.042905,0.025724
-0.001250,0.034364,0.027003
0.001258,0.000041,0.036119
-0.001429,-0.049174,0.037975
0.000447,-0.069673,0.032380
-0.002547,-0.047522,0.030512
-0.003193,-0.020895,0.027216
0.002856,-0.005909,-0.003349
0.010531,-0.005616,-0.042717
0.013219,-0.008264,-0.067269
0.009541,-0.018621,-0.085581
0.009115,-0.031516,-0.099260
0.014394,-0.039044,-0.106465
0.013696,-0.047225,-0.100730
0.017934,-0.045001,-0.077929
0.018610,-0.022865,-0.041395
0.028495,0.003671,0.003189
0.023733,0.036576,0.057937
0.010467,0.043578,0.055728
0.017642,0.091249,0.057167
0.002903,0.108717,0.098777
0.004059,0.052077,0.123595
0.000303,-0.014314,0.138017
-0.004526,-0.036275,0.130174
-0.001698,-0.041759,0.144890
-0.006036,-0.056399,0.123412
-0.004051,-0.082757,0.087186
-0.002968,-0.095155,0.059733
-0.004582,-0.086750,0.035870
-0.010773,-0.063697,0.010288
-0.010932,-0.038553,-0.021605
-0.014118,-0.012520,-0.050061
-0.018475,-0.009583,-0.063921
-0.018240,-0.021820,-0.072464
-0.013332,-0.026111,-0.075513
-0.011386,-0.003799,-0.056385
-0.005961,0.024935,-0.033499
0.005332,0.048665,-0.012566
0.008782,0.070882,0.009042
0.002069,0.077422,0.036341
-0.003205,0.073406,0.064218
-0.000609,0.046898,0.090703
0.003109,0.029378,0.143014
-0.009090,0.030524,0.155497
-0.009523,0.046876,0.145747
-0.013072,0.062863,0.121139
-0.012060,0.051224,0.111876
-0.016221,0.024738,0.076589
-0.019188,-0.018460,0.039976
-0.011580,-0.065964,-0.004807
-0.006457,-0.078863,-0.049253
-0.006870,-0.081885,-0.092932
-0.008421,-0.081321,-0.133395
-0.010360,-0.072987,-0.141384
-0.011610,-0.057919,-0.137046
-0.002792,-0.034590,-0.114356
-0.003441,0.016798,-0.075862
-0.005874,0.082140,-0.035682
0.000298,0.132096,-0.009434
-0.002004,0.163000,0.017301
-0.007480,0.167736,0.035443
-0.015376,0.141991,0.059121
-0.010563,0.076498,0.063301
-0.008608,0.012042,0.110446
-0.010495,-0.030579,0.130546
-0.000486,-0.032066,0.125836
0.002749,0.007481,0.123523
0.005662,0.050340,0.098648
0.007481,0.079550,0.043600
-0.001022,0.063035,-0.013111
-0.002228,0.017801,-0.067679
-0.006933,-0.035577,-0.123121
-0.005836,-0.083546,-0.159524
-0.006205,-0.120174,-0.175400
-0.007541,-0.139537,-0.173433
-0.007674,-0.119021,-0.158202
-0.010793,-0.075690,-0.124047
-0.004529,-0.022225,-0.087501
0.005525,0.039575,-0.047494
0.010437,0.090818,-0.002915
0.005655,0.134205,0.022762
-0.004113,0.145551,0.031353
-0.014661,0.121160,0.038411
-0.011634,0.049241,0.042471
-0.000173,-0.036511,0.073446
0.001364,-0.092607,0.092971
0.016818,-0.103834,0.068410
0.028191,-0.049062,0.057553
0.025982,0.004080,0.040345
0.024462,0.020721,0.001637
0.024554,0.003164,-0.023552
0.019160,-0.034113,-0.034494
0.014861,-0.057111,-0.038432
0.014270,-0.050539,-0.047799
0.014785,-0.018997,-0.046257
0.008704,0.020980,-0.048572
0.006772,0.055351,-0.054253
0.008408,0.062725,-0.050121
0.006416,0.045701,-0.027587
0.003168,0.015510,-0.016588
-0.001949,-0.003412,0.004974
-0.007043,-0.009133,0.028092
-0.007211,-0.017861,0.039169
-0.012859,-0.040633,0.044613
-0.010914,-0.066369,0.056337
-0.014205,-0.078785,0.077254
-0.010362,-0.073504,0.077438
-0.004299,-0.050209,0.062913
-0.003222,-0.033555,0.044130
0.003882,-0.038065,0.013741
0.005193,-0.051968,-0.002039
0.006285,-0.068842,-0.013042
0.005041,-0.065248,-0.013611
0.002670,-0.030563,-0.017968
0.000566,0.016049,-0.014434
-0.000495,0.060804,-0.008032
-0.000562,0.094254,0.006692
-0.003774,0.113670,0.026302
-0.003470,0.116075,0.035934
-0.007423,0.110793,0.027574
-0.014049,0.100765,0.012100
-0.013282,0.091298,0.020300
-0.019818,0.048542,0.015117
-0.016255,-0.020059,-0.001895
-0.009643,-0.054621,0.008485
-0.020340,-0.075328,0.008284
-0.018574,-0.083717,-0.000238
-0.017481,-0.059480,-0.013994
-0.020718,-0.044406,-0.027553
-0.021703,-0.047222,-0.034916
-0.018137,-0.052585,-0.050580
-0.009465,-0.054156,-0.062226
-0.003989,-0.045567,-0.076320
-0.000097,-0.035601,-0.086930
0.000880,-0.026993,-0.100146
0.001557,-0.023455,-0.097673
0.001934,-0.017720,-0.079436
0.006390,-0.003296,-0.041264
0.013227,0.022821,-0.008483
0.023579,0.058568,0.031699
0.020337,0.092895,0.046731
0.008585,0.141504,0.038352
0.002307,0.188646,0.063806
-0.005481,0.190173,0.099565
-0.003607,0.121653,0.095134
-0.002124,0.033108,0.068345
-0.000963,-0.023505,0.053548
-0.005105,-0.061051,0.046350
-0.005064,-0.088194,0.025489
-0.003718,-0.106574,0.000219
-0.001833,-0.121586,-0.028197
-0.000128,-0.120632,-0.054525
0.003651,-0.095050,-0.066970
0.005454,-0.058613,-0.079815
0.007501,-0.025385,-0.079219
0.006802,-0.011634,-0.074161
0.012406,-0.006331,-0.064602
0.010431,-0.002156,-0.045958
0.011090,0.006648,-0.036482
0.018183,0.039524,-0.027280
0.009682,0.080009,-0.010197
-0.002651,0.107722,-0.012899
-0.006014,0.105948,-0.013279
-0.002716,0.070822,-0.010420
-0.006126,0.011604,0.022848
-0.009557,-0.036403,0.062115
-0.004932,-0.046371,0.074054
-0.000229,-0.033944,0.078143
-0.004390,-0.018536,0.073544
-0.007444,-0.024085,0.063284
-0.012698,-0.044991,0.042220
-0.007212,-0.059907,0.017363
-0.005587,-0.084750,-0.022077
0.000203,-0.113062,-0.052871
0.004272,-0.133579,-0.069532
0.006242,-0.127017,-0.075992
0.003605,-0.098915,-0.060130
-0.002020,-0.051784,-0.045673
-0.002946,-0.003529,-0.034661
0.001241,0.032490,-0.025139
0.000215,0.062328,-0.004545
0.000495,0.096688,0.008548
-0.002105,0.120407,0.013432
-0.013275,0.134571,-0.000894
-0.017586,0.146647,-0.019913
-0.021625,0.133011,-0.009527
-0.021321,0.045062,-0.004431
-0.008198,-0.059515,0.013292
-0.012559,-0.111602,0.026911
-0.008289,-0.096868,0.049706
-0.005413,-0.064785,0.056944
0.007192,-0.040908,0.032702
0.013768,-0.039594,0.004000
0.011593,-0.054916,-0.018482
0.010803,-0.074202,-0.028150
0.013472,-0.073933,-0.037347
0.015873,-0.060126,-0.038376
0.016758,-0.044268,-0.041372
0.018784,-0.031213,-0.037487
0.020161,0.000476,-0.033836
0.011781,0.030092,-0.023310
0.009031,0.044115,-0.007575
0.005998,0.057794,0.009229
-0.005503,0.058834,0.011363
-0.010810,0.057561,0.023854
-0.010575,0.047634,0.032733
-0.009152,0.004503,0.035600
-0.007041,-0.046913,0.035878
-0.003888,-0.063550,0.036593
-0.002119,-0.059152,0.028487
0.003507,-0.052850,0.008587
0.007160,-0.054138,-0.002108
0.006559,-0.062102,-0.006574
0.005231,-0.061562,-0.000528
0.009042,-0.041005,0.017292
0.010221,-0.020449,0.033613
0.017467,-0.001513,0.044701
0.021271,0.020541,0.059344
0.015542,0.060832,0.080674
0.007173,0.091667,0.075727
0.000155,0.121407,0.047243
-0.008765,0.135022,0.029533
-0.021817,0.112304,0.021297
-0.022851,0.061573,0.001464
-0.022788,0.002899,-0.016298
-0.021258,-0.019644,-0.043364
-0.026474,-0.017033,-0.070348
-0.029291,-0.005116,-0.084653
-0.036508,-0.021001,-0.098257
-0.036099,-0.066621,-0.112873
-0.033076,-0.117417,-0.116049
-0.035105,-0.153200,-0.099108
-0.026894,-0.154602,-0.076623
-0.009050,-0.129909,-0.059931
0.002738,-0.098199,-0.034117
0.013304,-0.064345,-0.008630
0.020485,-0.025318,0.017192
0.025531,0.000779,0.061060
0.029323,0.026087,0.103631
0.029750,0.032089,0.147691
0.025317,0.022660,0.180962
0.014612,0.018459,0.204968
0.016833,0.012601,0.216778
0.028519,0.014564,0.227089
0.042762,0.043354,0.216024
0.050567,0.111208,0.188790
0.043025,0.190603,0.157223
0.023657,0.231806,0.079345
0.006237,0.210341,-0.024801
-0.007169,0.155389,-0.141289
-0.018934,0.077976,-0.217059
-0.041738,-0.039843,-0.263666
-0.056172,-0.140724,-0.294994
-0.075659,-0.206053,-0.295514
-0.076097,-0.232730,-0.282202
-0.062309,-0.225010,-0.245568
-0.055171,-0.185796,-0.182414
-0.043955,-0.099548,-0.121603
-0.030849,-0.004935,-0.075085
-0.030298,0.037795,-0.038899
-0.027300,-0.004834,-0.025416
-0.012889,-0.047415,0.016825
