0.000636,0.020793,-0.010985
-0.003910,0.015415,-0.007074
0.002468,0.001789,-0.003845
0.010046,-0.009313,-0.003805
0.014929,-0.022660,0.001283
0.016296,-0.020104,0.006180
0.009914,-0.009018,0.009432
0.002559,0.005823,0.011929
0.001859,0.010672,0.014980
0.005997,-0.002042,0.013010
0.007845,-0.016193,0.010402
0.002600,-0.013651,0.014794
0.001652,-0.016187,0.003788
0.006929,-0.007673,0.008618
0.002604,0.010417,0.012956
0.004996,0.010745,0.012599
0.010732,0.006129,0.013769
0.011446,0.000209,0.016028
0.003920,-0.015789,0.015057
0.001832,-0.030281,0.016766
-0.000671,-0.038035,0.020129
-0.006748,-0.026511,0.015912
-0.011580,-0.000132,0.013185
-0.009455,0.021728,0.016464
-0.006148,0.026511,0.016049
-0.000919,-0.022545,0.291160
0.030959,-0.096902,0.582873
0.028068,-0.086584,0.215166
0.000142,-0.044481,-0.000833
-0.008254,-0.011393,0.017046
-0.001516,0.018546,0.006666
-0.003361,0.020613,0.011977
-0.006797,0.014783,-0.000265
-0.007777,0.011096,-0.004455
0.001871,0.005795,-0.002953
0.011729,0.002673,0.001612
0.013307,-0.006255,0.004099
0.009005,-0.015795,0.003135
0.003950,-0.011411,0.007484
0.001470,-0.000692,0.012414
-0.000596,-0.001781,0.014162
-0.001921,-0.005877,0.008553
-0.003019,-0.007898,0.008728
0.001128,-0.000933,0.006464
-0.000565,0.002640,-0.005998
0.000001,0.010910,-0.007017
-0.003867,0.004679,-0.003178
0.001355,-0.001266,0.001150
0.002222,-0.012462,-0.000856
-0.003179,-0.019569,-0.001522
-0.010149,-0.009774,0.003656
-0.015708,-0.005709,-0.004084
-0.013387,0.000065,-0.006315
-0.004962,0.004597,-0.001763
-0.002342,0.017751,0.002838
-0.004009,0.028393,-0.008246
-0.003186,0.036917,-0.005534
-0.006719,0.029380,-0.006331
-0.001913,0.014411,-0.004657
-0.000755,0.009968,-0.018452
-0.004564,0.006317,-0.020772
-0.005950,0.005128,-0.023217
-0.000487,0.010819,-0.025794
0.003603,0.016837,-0.019060
0.009059,0.024981,-0.016815
0.018393,0.026858,-0.010383
0.017398,0.014047,-0.005614
0.011897,0.000443,0.000627
0.009374,-0.010183,0.002340
0.009250,-0.006178,0.008834
0.012935,0.004716,0.013438
0.015051,0.010327,0.015100
0.022051,0.024132,0.023550
0.019993,0.035615,0.022286
0.013244,0.027601,0.016484
0.002935,0.004183,0.011609
0.003752,-0.021458,0.011847
0.003248,-0.042474,0.011085
0.004433,-0.050104,0.005787
0.004480,-0.038499,0.008916
0.007327,-0.012013,0.012002
0.006805,0.004836,0.010847
0.005299,0.017465,0.016378
0.004098,0.012811,0.014184
0.002369,-0.011194,0.019860
0.002040,-0.032318,0.019951
0.000709,-0.041591,0.020201
-0.004835,-0.035452,0.021935
-0.007896,-0.017195,0.020780
-0.002650,0.000433,0.021062
-0.001293,0.005990,0.010376
-0.002694,0.006691,0.004240
-0.010067,-0.006780,-0.000186
-0.006750,-0.010603,0.002432
-0.003784,-0.006336,0.009230
-0.004953,-0.004676,0.008600
-0.002665,-0.001865,0.010022
0.002320,0.000039,0.005978
-0.000137,-0.005561,0.007275
-0.002605,-0.012869,0.005888
-0.001257,-0.010661,0.009451
0.001262,-0.014993,0.014992
0.000006,-0.025947,0.009837
0.003534,-0.024257,0.004532
0.004532,-0.018258,0.006762
-0.001510,-0.001311,0.012276
-0.005443,0.007535,0.008799
-0.002519,-0.001088,0.008801
-0.005575,-0.019130,0.000757
-0.011052,-0.013847,-0.007045
-0.010939,-0.002864,-0.005669
-0.003726,0.001721,-0.002927
-0.003497,0.014941,-0.007179
-0.005512,0.024287,-0.000489
-0.002401,0.016985,0.003869
-0.001926,-0.000404,0.003013
-0.004516,-0.010908,0.004684
-0.005831,-0.019123,-0.002943
-0.005788,-0.016381,-0.005823
-0.005332,-0.001288,-0.011615
-0.000875,0.021177,-0.016306
0.003252,0.015896,-0.016191
0.005774,0.005176,-0.014410
0.006213,0.002697,-0.012448
0.001653,0.000374,-0.005733
-0.002254,-0.001406,-0.004698
0.000820,0.005071,-0.002805
0.005479,0.003948,-0.001185
0.004963,0.003660,-0.000842
0.009585,0.003136,-0.002453
0.009818,0.004047,0.000653
0.009941,0.002839,0.004799
0.004286,0.001389,0.006719
0.003213,-0.019536,-0.001135
-0.000466,-0.027408,-0.006800
0.000364,-0.017492,-0.007005
-0.000534,0.001112,-0.009949
0.002706,0.011881,-0.003440
0.004371,0.011923,-0.002207
0.003417,0.015025,0.008766
-0.000774,0.022687,0.014308
-0.001446,0.009618,0.016760
0.001244,-0.009930,0.010292
0.005514,-0.014432,0.012716
0.006334,-0.008354,0.009383
0.006770,-0.001880,0.002909
0.007120,0.004865,0.000638
0.008427,-0.000291,0.003491
0.003101,-0.009668,0.008374
-0.003197,-0.017467,0.000423
-0.002045,-0.005603,0.002637
-0.000441,0.002889,0.012130
0.002057,0.011526,0.020215
0.006852,0.006791,0.021469
0.004236,-0.001295,0.018391
-0.000694,-0.010825,0.017138
-0.003281,-0.013369,0.014813
-0.003584,-0.014431,0.014483
-0.005262,-0.014912,0.007523
-0.009610,-0.010676,0.001023
-0.010012,0.002852,-0.000677
-0.010360,0.017424,-0.006101
-0.010259,0.017092,-0.006465
-0.009163,0.005809,-0.012257
-0.007997,-0.015471,-0.012627
-0.009203,-0.026820,-0.005030
-0.003445,-0.019692,-0.003988
0.000748,-0.007683,-0.007755
0.004039,0.013289,0.003560
0.001757,0.032951,0.003503
-0.003537,0.037382,-0.005148
-0.004570,0.033386,-0.005074
-0.004622,0.023902,-0.009586
-0.003438,0.005672,-0.009095
0.001338,-0.001723,-0.006170
0.001705,-0.001761,-0.002961
-0.000438,0.006739,-0.003216
-0.000838,0.019346,-0.012934
0.002199,0.021441,-0.016706
0.005927,0.012529,-0.017622
0.014074,-0.002648,-0.013706
0.014038,-0.018048,-0.009595
0.011573,-0.017147,0.008131
0.002248,0.002540,0.015839
-0.005658,0.014350,0.020082
-0.002786,0.013474,0.016935
0.003040,0.013915,0.013890
0.006495,0.008133,0.008755
0.011354,0.009099,0.003452
0.008317,0.001250,-0.001434
0.006526,-0.011210,-0.004178
0.002341,-0.015128,-0.000010
0.004904,-0.016291,0.004582
0.000481,-0.006401,0.007827
-0.002725,-0.006296,0.012685
0.000548,-0.016560,0.015642
0.003957,-0.022975,0.016418
-0.003060,-0.009761,0.012563
-0.001869,0.010316,0.015068
-0.001270,0.014783,0.015166
-0.001166,0.010639,0.013360
-0.001458,-0.008452,0.010776
0.001345,-0.013125,-0.000161
-0.003925,0.000246,0.001038
-0.009239,0.006100,-0.003437
-0.010239,0.010505,-0.006085
-0.008219,0.009267,-0.006951
-0.004190,0.018192,-0.007695
0.000358,0.020586,-0.010794
0.001934,0.011611,-0.004378
-0.000678,-0.000683,-0.003118
0.001862,-0.007503,0.000527
0.000740,-0.006642,0.002471
-0.001372,-0.016014,0.001999
0.002722,-0.020539,0.006045
-0.002091,-0.009536,0.005682
-0.004601,-0.001771,0.010102
-0.005123,0.008751,0.005714
-0.007039,0.010143,0.009571
-0.008824,0.000714,0.005848
-0.003349,0.004172,-0.004286
-0.000843,-0.000140,-0.006840
0.000900,-0.003900,-0.005181
0.003887,-0.006107,-0.004431
0.002280,0.000109,-0.004340
0.003273,0.006552,-0.005002
-0.004618,0.005485,-0.005316
-0.007498,-0.001299,0.000961
-0.003581,-0.015980,-0.000500
-0.003302,-0.022227,-0.002187
-0.004710,-0.008675,-0.006635
-0.003851,0.004846,-0.005498
0.002055,0.018564,-0.000092
0.002559,0.019963,-0.000890
0.003134,0.017511,-0.005559
0.002996,0.004533,-0.005439
0.000754,0.005825,-0.008081
0.002811,0.004224,-0.001083
-0.000013,0.008295,-0.006674
0.001127,0.007491,-0.004030
-0.000161,0.000010,-0.006730
0.002183,-0.004195,-0.005021
0.001861,0.002737,-0.004395
0.001297,0.010279,0.002135
0.000417,0.010387,-0.000651
-0.003226,0.006898,-0.004238
-0.001255,-0.001301,-0.007252
0.000176,-0.000804,-0.004731
0.000166,-0.001693,-0.000495
0.000464,-0.007668,0.000029
-0.000068,-0.015157,0.001490
-0.001453,-0.013611,-0.000972
-0.003787,-0.004460,-0.000130
-0.006320,0.013112,-0.003422
-0.006496,0.017096,-0.002168
0.000277,0.008154,-0.001892
-0.002359,-0.006424,-0.003484
-0.001535,-0.025092,-0.003245
0.003812,-0.028013,-0.011270
0.004460,-0.017409,-0.008466
0.002477,-0.008757,-0.008261
-0.000230,0.008254,-0.004669
0.000388,0.025148,-0.005886
0.000973,0.035467,-0.005919
0.001518,0.028036,-0.005538
0.006503,0.009719,-0.005890
0.008427,-0.016662,0.000507
0.006751,-0.039577,0.003267
0.003775,-0.016604,0.001017
0.004335,0.016174,0.007987
0.004503,0.023895,0.010524
0.010532,0.022042,0.010881
0.007020,0.013682,0.007570
0.005828,0.006204,0.005718
-0.001357,-0.003415,0.008095
0.001519,-0.013386,0.009672
0.000539,-0.010596,0.008871
0.002333,0.001393,0.009006
-0.000280,0.009625,0.016881
-0.000224,0.009704,0.022517
-0.004476,-0.006571,0.015478
-0.003479,-0.016082,0.005821
-0.007532,-0.016587,-0.006143
-0.011974,-0.016436,-0.008716
-0.007357,-0.017749,-0.006023
-0.003596,-0.011984,-0.004902
-0.005572,0.001466,-0.007145
-0.007184,0.015278,-0.000837
-0.002146,0.017464,0.005744
-0.001074,0.004538,0.001150
0.003245,-0.003704,-0.002703
0.006516,-0.008444,0.000394
0.003439,-0.011153,-0.001566
-0.005255,-0.016237,-0.004521
-0.008242,-0.012896,-0.009063
-0.006683,-0.005436,-0.013585
-0.003012,0.000449,-0.007141
-0.003517,0.010447,-0.008019
-0.000624,0.011225,-0.008122
-0.000948,0.011293,-0.006458
0.002705,0.009760,-0.004207
0.007914,0.003969,-0.000955
0.008381,-0.009773,0.001178
0.006076,-0.006088,-0.000199
0.002186,-0.000554,0.006263
0.000552,0.008379,0.007974
-0.002776,0.003979,0.006191
-0.000746,0.003599,0.004006
0.004560,0.004281,0.001620
0.002195,-0.000671,-0.008619
-0.004744,-0.009506,-0.011030
0.000706,-0.016088,-0.009169
0.002252,0.000111,-0.009273
-0.002852,0.013496,-0.001421
-0.009607,0.011787,-0.010229
-0.006791,0.003656,-0.006136
-0.001731,-0.003433,-0.006057
0.001601,-0.008808,-0.003786
0.002656,-0.009631,-0.001725
0.001329,-0.010824,0.003431
-0.001728,-0.004478,0.001355
-0.003453,0.002844,0.000001
-0.008218,0.007648,-0.003738
-0.004172,0.002818,-0.004425
-0.002626,-0.000423,-0.011987
0.002409,0.003813,-0.007742
0.001905,0.003163,-0.008013
0.000083,-0.005402,-0.013542
0.003287,-0.010772,-0.010179
0.001561,0.001885,-0.009032
0.002313,0.008221,-0.004275
0.002939,0.009314,0.001406
0.003200,0.004936,0.008875
0.004001,0.003055,0.010473
0.004668,-0.002878,0.012044
0.003268,-0.014651,0.006917
-0.001700,-0.020887,0.002307
0.000758,-0.013295,-0.006161
-0.000692,0.006652,-0.001516
-0.000017,0.021917,0.001277
0.003514,0.014787,0.003004
0.002076,-0.001026,0.002287
0.001906,-0.013105,0.003476
0.008787,-0.013376,0.007744
0.011839,-0.010372,0.010427
0.008973,-0.008102,0.010925
0.004849,0.003991,0.020206
0.003913,0.010286,0.021948
0.000269,0.002842,0.023595
-0.001930,-0.020735,0.018402
-0.003410,-0.022504,0.006451
-0.003125,-0.009005,0.003837
-0.003481,0.003390,0.000986
-0.004947,0.006507,-0.003109
-0.005323,0.000559,-0.003477
-0.004433,-0.006580,-0.001399
-0.005287,-0.016170,0.004999
-0.006045,-0.020292,0.008210
-0.003550,-0.021536,0.008839
-0.002869,-0.011373,0.011454
-0.002253,0.005255,0.008582
-0.004687,0.010407,0.005381
-0.004437,0.015714,-0.000185
-0.010927,0.008430,-0.004638
-0.008484,-0.009530,-0.003720
-0.011001,-0.028522,-0.010682
-0.009137,-0.020627,-0.017373
-0.011471,-0.004673,-0.017791
-0.006295,0.011247,-0.012902
-0.001596,0.020552,-0.008490
-0.004946,0.019670,-0.001335
-0.005175,0.016389,-0.000593
-0.005380,0.013186,-0.000274
-0.000843,-0.014617,-0.006725
0.001144,-0.022797,-0.008276
0.006450,-0.012264,-0.004827
0.009389,-0.001346,-0.008226
0.007271,0.017967,-0.004092
0.001583,0.023017,-0.006234
0.007107,0.011982,-0.004475
0.005550,-0.003228,-0.002785
-0.000599,-0.008282,-0.006105
0.003135,-0.008591,-0.005663
0.007743,-0.007715,-0.007245
0.008265,0.002712,0.000355
0.007525,0.013922,0.006241
0.010815,0.010205,0.008878
0.009657,0.000934,0.006138
0.006577,-0.003126,0.012290
0.004841,-0.005647,0.012947
0.003835,0.002461,0.013735
-0.000542,0.005548,0.014600
-0.006578,-0.002171,0.012393
-0.004563,-0.003981,0.008481
-0.000178,-0.003333,0.005583
-0.002937,-0.006355,0.006182
-0.000131,-0.014385,0.006890
-0.001755,-0.016260,0.007696
-0.000915,-0.007766,0.007629
-0.005259,0.004302,0.008724
0.000798,0.016912,0.010703
0.000580,-0.002616,0.010257
-0.000113,-0.021783,-0.000949
-0.002529,-0.028380,-0.003522
-0.005975,-0.014026,-0.003618
-0.003190,-0.001862,-0.003013
-0.002719,-0.000888,0.002235
-0.005375,-0.007263,0.004739
-0.009193,-0.008106,0.003318
-0.009403,-0.008478,-0.000359
-0.012786,-0.003283,0.004514
-0.007797,0.009642,0.003766
-0.004656,0.011191,0.002787
-0.006366,0.012887,-0.005112
-0.003128,0.006588,-0.004327
-0.001966,0.003219,-0.010345
-0.000391,-0.001563,-0.009425
-0.003677,-0.000054,-0.015764
-0.008700,0.006870,-0.008321
-0.011824,0.024116,-0.016946
-0.009272,0.029239,-0.011437
-0.004756,0.011425,-0.011566
-0.000912,-0.001998,-0.015757
-0.000839,-0.012065,-0.012621
0.001226,-0.001631,-0.012689
0.001001,0.004170,-0.010847
0.001016,0.016802,-0.005654
-0.000798,0.024712,-0.004975
-0.002905,0.017037,-0.006619
-0.000554,0.001351,-0.011678
-0.001270,-0.001246,-0.016291
-0.001346,-0.002440,-0.008471
-0.000243,0.001816,-0.011144
-0.000600,0.006767,-0.009668
-0.001148,0.002834,-0.012398
-0.004704,0.000155,-0.010516
-0.003389,0.007985,-0.012632
-0.001629,0.011156,-0.014387
-0.001475,0.007070,-0.007837
-0.000798,-0.002239,-0.012728
-0.002818,-0.004220,-0.017073
-0.002247,-0.000884,-0.019046
0.000695,-0.002649,-0.018043
-0.000479,0.000896,-0.008282
-0.002039,0.006517,-0.013563
0.000573,-0.004933,-0.011797
-0.000619,-0.020447,-0.019448
-0.004527,-0.018329,-0.019388
-0.010801,-0.005785,-0.018805
-0.004410,0.019095,-0.017553
0.000687,0.024153,-0.014176
0.002971,0.024595,-0.011654
0.007562,0.021047,-0.013428
0.008623,0.018443,-0.018033
0.006819,0.008498,-0.009791
0.006526,-0.008987,-0.011523
0.003070,-0.011377,-0.009657
-0.001107,-0.001216,-0.010577
-0.000871,0.007770,-0.005838
-0.002880,0.000989,-0.010623
0.000540,0.001478,-0.010402
0.005921,0.001510,-0.002803
0.003934,0.001282,-0.002980
0.006839,-0.001658,-0.002176
0.007701,0.000710,-0.004330
0.002266,0.005266,-0.000655
-0.002601,0.004955,-0.003259
0.002097,0.007843,-0.006479
0.001471,0.013795,-0.002017
0.003530,0.014611,-0.000985
0.006546,0.010892,-0.003998
0.010615,0.010560,0.003941
0.009717,0.010108,0.008959
0.004917,0.006518,0.013246
-0.001771,-0.008584,0.011553
-0.002363,-0.026060,0.012132
0.002884,-0.034097,0.016146
0.003753,-0.024094,0.005329
-0.003461,0.000639,0.000074
-0.008110,0.012424,-0.003423
-0.004262,0.010606,-0.008278
0.000978,-0.003059,-0.012667
0.004088,-0.015678,-0.007379
0.003045,-0.016140,-0.004068
-0.000746,-0.008472,0.003884
0.001369,0.002942,0.004039
0.004310,0.011637,0.007467
0.001672,0.019044,0.011180
0.002717,0.020348,0.016456
0.003902,0.010013,0.011570
0.002753,-0.011850,0.009246
0.000767,-0.014156,0.004226
-0.002720,0.003513,-0.000297
0.001272,0.017852,0.004148
0.006768,0.016908,0.003958
0.007552,0.006305,0.002431
0.005246,-0.012018,-0.002630
0.008598,-0.013892,-0.002166
0.004895,-0.002764,0.001000
-0.002004,-0.004758,0.009149
-0.003597,0.001722,0.006752
-0.006547,0.004340,0.009180
-0.006392,-0.001427,0.011311
0.001636,-0.001604,0.013873
-0.000864,-0.012183,0.014143
-0.002380,-0.010309,0.007209
-0.002306,-0.007003,0.005616
-0.002538,0.002378,0.001656
-0.007443,0.014057,0.004926
-0.004069,0.012929,0.004461
0.003064,0.007213,0.001546
0.000447,0.008415,-0.001955
-0.003919,0.009105,0.003718
-0.004508,0.007821,-0.006091
-0.005400,0.003900,-0.014073
0.001173,0.008570,-0.001003
-0.001195,0.009565,0.001021
-0.006592,0.009638,0.001069
-0.003893,0.002865,0.007675
0.000666,-0.005742,0.001804
-0.004201,-0.006436,0.000878
-0.004437,-0.005770,0.003839
-0.001052,-0.002331,-0.000068
0.002379,0.008544,0.006037
0.003858,0.007988,0.003744
0.000074,0.009447,-0.001362
-0.004783,0.000879,-0.001687
-0.002390,-0.009400,-0.006161
0.001396,-0.005332,0.001646
-0.000544,0.009990,0.009806
0.001233,0.004087,0.013707
-0.002339,-0.000481,0.003390
-0.003905,0.002340,-0.003075
-0.002118,0.012885,-0.003320
0.001292,0.004063,-0.000217
0.003215,0.007927,-0.007699
0.000158,0.009500,-0.003136
0.000722,0.003886,0.003649
0.000026,0.000500,0.000898
-0.001780,0.000367,0.000283
-0.003068,-0.003786,0.002916
-0.003377,0.002169,-0.003793
-0.002486,0.009080,-0.001003
0.001981,0.007381,0.001310
-0.000064,0.008119,-0.000050
-0.001241,0.011200,-0.000619
-0.002191,0.004341,0.002997
0.000332,-0.001374,-0.003193
0.009663,-0.001634,-0.000665
0.007980,0.002620,0.000273
0.002467,-0.001377,-0.004260
-0.006261,-0.002050,-0.005656
-0.001995,-0.000255,-0.003614
-0.003415,-0.002571,-0.003950
0.000052,0.009047,0.003267
0.003981,0.005411,0.001926
0.005428,0.001384,0.002732
0.002464,0.001997,0.001793
0.006392,0.000786,0.002406
0.005956,-0.004202,0.004969
0.001892,-0.011972,0.001525
-0.003386,-0.014634,0.004022
-0.000370,-0.012175,0.006148
0.000022,-0.005408,0.009719
-0.000137,-0.008022,0.003109
0.004194,-0.003205,0.002803
0.002907,0.003983,-0.002239
0.000141,0.010889,0.001163
-0.003566,0.001350,0.003574
-0.003527,-0.003586,0.004718
-0.002935,0.001765,-0.000180
-0.002107,-0.001845,0.002128
0.002996,0.004487,0.004889
0.003315,0.023149,0.003829
0.008461,0.026478,0.008445
0.001084,0.009986,0.007033
-0.005033,-0.010520,0.001430
-0.008921,-0.012682,0.002133
-0.008552,-0.010219,0.012774
-0.008063,-0.009907,0.008941
-0.001344,-0.002014,0.004791
-0.003562,0.018356,0.007623
-0.007061,0.022900,0.009179
-0.002715,0.018761,0.002483
-0.002795,0.016500,-0.003607
-0.003526,-0.000141,-0.006029
-0.001386,-0.014124,-0.006663
0.002418,-0.011225,0.000484
0.004434,-0.010991,0.004674
-0.002023,-0.004943,-0.000046
-0.003522,0.006609,-0.001880
-0.001435,0.026558,0.005641
0.000026,0.025586,0.005939
0.003552,0.008672,0.005010
-0.000323,-0.010147,-0.002197
0.003189,-0.012754,-0.002600
0.004392,-0.002428,-0.001829
0.007143,0.006148,0.008374
0.004586,-0.013328,0.007486
0.003219,-0.041435,-0.003344
0.001664,-0.029532,-0.007065
0.001084,0.002727,0.002407
0.002315,0.024791,0.000744
0.004384,0.020504,0.003498
0.004344,0.005030,0.006482
0.003410,-0.007057,0.007468
0.002200,-0.013482,0.013465
0.007622,-0.019415,0.006999
0.005229,-0.018753,0.005068
-0.003633,-0.011410,0.007138
-0.009002,-0.003597,0.012956
-0.004584,0.001592,0.007679
-0.002599,0.003911,0.014496
0.000250,-0.001745,0.014396
0.002568,-0.006612,0.010667
-0.002975,-0.011406,0.006229
-0.005995,-0.010142,0.007945
-0.004140,0.002453,0.002191
-0.002272,0.007678,0.008134
-0.002288,0.003905,0.006192
-0.002142,0.016791,-0.002021
-0.000775,0.029672,0.006928
-0.002859,0.020201,0.001294
-0.000672,-0.004044,0.002128
-0.004720,-0.024730,0.004276
-0.002344,-0.024051,0.003849
-0.003502,-0.010395,0.002062
-0.002198,0.007097,0.003990
-0.004462,0.017450,0.004746
-0.000996,0.013556,0.001787
-0.002204,-0.005493,0.000910
-0.003523,-0.020962,-0.004489
-0.006822,-0.022380,-0.008236
-0.006513,-0.011132,-0.005110
-0.003762,-0.004289,-0.000939
-0.004073,0.008872,-0.002637
-0.006041,0.015309,-0.004298
-0.001673,0.021314,-0.000454
0.006658,0.022684,0.008990
0.008565,0.013014,0.003147
0.004872,0.002949,-0.002503
-0.002142,0.001248,-0.008276
-0.002334,0.004246,-0.009516
-0.003854,-0.006060,-0.005363
-0.005011,-0.004008,-0.001436
-0.003313,-0.000122,-0.000886
-0.000384,0.000225,-0.001378
0.003638,0.003698,-0.004299
-0.000174,0.009360,-0.008256
-0.001135,-0.000100,-0.007500
0.000981,-0.005526,-0.011618
0.003592,0.001946,-0.003262
0.003029,0.006671,0.002336
0.001644,0.012563,0.001310
0.004392,0.007355,0.001210
-0.001314,-0.005876,-0.001792
-0.005412,-0.006416,-0.005719
-0.004967,0.005110,-0.001070
0.001598,0.006473,-0.002878
0.002725,-0.000607,-0.000164
0.002245,-0.003912,-0.002551
-0.000674,-0.004616,-0.002679
0.000823,-0.002289,-0.001260
0.005566,0.000160,-0.004734
0.002228,0.000015,-0.004422
0.001507,-0.012729,-0.004334
-0.003348,-0.021770,-0.001976
-0.004446,-0.017064,-0.008416
-0.002078,0.006893,-0.000301
-0.000946,0.015763,-0.000795
-0.002864,-0.000774,-0.001699
0.000835,-0.012256,-0.003825
0.004410,-0.002518,-0.004387
0.002289,0.005583,-0.000327
-0.001409,0.016440,0.004244
-0.006387,0.012206,0.004983
-0.002819,-0.001938,-0.001360
-0.003930,-0.003051,-0.004681
-0.002381,-0.006785,-0.005114
-0.001845,0.001115,-0.014041
-0.003621,0.012074,-0.016217
-0.004726,0.016836,-0.010152
0.002469,0.012788,-0.009972
0.011005,0.011181,0.002899
0.003513,0.006730,0.002075
0.003134,0.004573,0.000737
0.002899,0.006741,0.001624
0.005212,-0.000369,0.002620
0.004307,0.006478,0.002050
0.003286,0.015403,0.002113
0.002805,0.021193,0.007490
0.002493,0.013640,0.006362
-0.002764,0.007970,-0.000923
-0.002796,-0.009188,-0.001333
0.003624,-0.011464,-0.000127
0.006146,-0.014167,0.005915
0.000596,-0.014732,0.006769
-0.005472,-0.002281,0.005689
-0.003889,0.007042,0.005408
-0.001676,0.004688,0.003438
0.000447,-0.002346,-0.000738
0.001776,0.001025,-0.004697
0.000344,0.013964,-0.000848
0.000456,0.014999,0.000952
-0.001738,0.003265,-0.001036
0.001182,-0.004133,0.007158
0.002853,-0.015368,0.006066
0.003549,-0.020098,0.005299
-0.001301,-0.005332,-0.002704
-0.005956,0.011122,0.001587
-0.008198,0.007060,0.001583
-0.005526,0.010396,0.000904
-0.001427,0.014969,0.000582
-0.003325,0.014394,0.000819
-0.002984,-0.000104,0.002414
-0.004826,-0.015262,0.000052
-0.004078,-0.020109,-0.001662
-0.005236,-0.009101,-0.001807
-0.005165,-0.006584,-0.005243
-0.009224,0.007243,-0.006149
-0.006635,0.020146,-0.010112
-0.004769,0.022569,-0.008846
-0.004217,0.004094,-0.012819
-0.001152,-0.004954,-0.014675
-0.002548,-0.005951,-0.015586
-0.005165,-0.004454,-0.014666
-0.003472,0.002829,-0.014082
-0.002363,0.013643,-0.010910
-0.002316,0.012862,-0.009171
0.001709,0.005129,-0.011321
0.001957,-0.009835,-0.014559
0.004871,-0.009784,-0.013733
-0.000376,0.005339,-0.015178
0.004162,0.009525,-0.007288
0.007197,0.002636,-0.008765
0.009166,-0.008078,-0.008854
0.002702,-0.016264,-0.008044
0.004841,-0.014936,-0.005000
0.003877,0.000350,-0.006717
0.006001,0.011063,0.001899
0.006736,0.012078,0.008742
0.006358,-0.000375,0.006666
0.011060,-0.012264,0.005519
0.009574,-0.013618,0.002051
0.003720,-0.002758,-0.001045
-0.001280,0.011203,-0.000164
-0.001976,0.014267,0.002884
-0.002270,0.005694,0.005972
0.005086,-0.009452,0.007816
0.006684,-0.006997,0.009038
0.001508,-0.000724,0.013077
-0.002065,0.001363,0.010475
-0.002569,0.005744,0.006424
-0.001520,0.009513,0.012778
0.000080,0.006859,0.013948
0.000526,-0.010239,0.008911
-0.004766,-0.017158,-0.001353
-0.010412,-0.007957,-0.002576
-0.010219,-0.005499,-0.003974
-0.007155,0.011722,-0.006850
-0.006956,0.012594,-0.005483
-0.007591,0.001737,0.000927
-0.000892,-0.005997,-0.004177
-0.001122,-0.008303,-0.004722
-0.002358,0.004083,-0.004018
-0.003203,0.003298,-0.005156
-0.004422,-0.000671,-0.001753
-0.005121,0.003781,-0.002743
-0.001428,0.007071,-0.003241
-0.000715,0.006839,-0.008571
0.000334,-0.001632,-0.010857
0.004196,-0.000324,-0.007140
0.003145,0.010415,-0.007492
-0.000075,0.014405,-0.005787
-0.000723,0.010704,-0.003546
-0.000061,0.000976,-0.001326
-0.001685,0.001722,-0.002697
0.000185,0.002088,-0.004130
0.004106,0.011371,-0.000997
0.003520,0.017369,-0.004423
-0.000110,0.013752,-0.000024
-0.002392,0.007520,-0.006088
0.002221,0.003972,0.004287
0.004036,-0.005438,0.005179
0.006292,-0.004571,0.000095
0.007759,-0.002454,0.005398
0.006400,0.005487,0.004859
0.003457,0.001360,0.001447
-0.004605,-0.002941,-0.003211
-0.001032,-0.001317,-0.003535
0.002108,0.002545,0.001914
0.002594,0.001061,0.009264
0.004012,0.006314,0.006201
0.005713,0.004909,0.006109
0.004201,0.004922,0.008832
0.002186,0.000008,0.009253
-0.000064,-0.000566,0.007435
-0.002564,-0.001807,0.005909
-0.003880,-0.003877,0.007497
-0.000005,-0.008728,0.008158
0.000970,-0.003133,0.008513
0.001936,-0.004162,0.008068
0.006662,0.004597,0.007156
0.007997,0.014916,0.008283
0.003584,0.008680,0.009832
-0.000591,-0.007416,0.007311
0.002259,-0.008445,0.009226
0.000813,-0.003747,0.009819
-0.003717,-0.002506,0.011730
-0.005426,-0.005486,0.012075
-0.005541,-0.011937,0.014442
-0.008103,-0.011993,0.008415
-0.004410,-0.008620,0.013986
-0.003936,0.000818,0.012179
-0.006553,0.012889,0.004782
-0.007619,0.017114,0.004548
-0.008082,0.008033,0.000461
-0.009169,0.003129,0.001031
-0.006005,-0.001138,0.002085
-0.003321,-0.000823,-0.003928
-0.004795,0.005304,-0.005119
-0.006826,0.001738,-0.009499
-0.011225,-0.003292,-0.013754
-0.010156,0.002104,-0.016815
-0.005249,0.002293,-0.007305
-0.005308,-0.006600,-0.002902
0.002371,-0.015315,-0.005273
0.002557,-0.004046,-0.004592
0.001175,0.010828,-0.005611
0.004620,0.008787,0.000180
0.003435,0.000008,-0.002476
0.001871,0.008085,-0.005027
-0.001731,0.009373,-0.005492
-0.000304,0.000442,-0.003951
0.004351,-0.007847,-0.003502
0.002122,0.000690,-0.004479
-0.001546,-0.003662,-0.003243
-0.000802,-0.002011,-0.006855
-0.001701,0.011067,-0.007167
-0.001229,0.015436,-0.009507
0.001547,0.002590,-0.002905
0.005344,-0.005154,-0.004782
-0.000480,-0.004636,-0.006979
0.003992,-0.007844,0.002097
-0.002850,-0.007261,-0.000237
-0.004690,-0.005297,-0.001672
-0.004381,0.003966,0.004767
0.000690,0.008865,0.001194
0.003295,0.009264,-0.000998
0.001389,-0.000323,-0.004791
-0.002262,-0.000955,-0.015226
-0.010838,-0.000410,-0.013693
-0.007342,0.004817,-0.009203
0.001225,0.001059,-0.009966
-0.003977,-0.000403,-0.011955
-0.003435,-0.005145,-0.008672
0.001144,-0.004808,-0.013025
-0.000259,0.013008,-0.009742
-0.002330,0.018104,-0.004179
-0.001476,0.012235,-0.001881
0.005423,0.000601,-0.000713
0.007426,0.001367,-0.007588
0.011197,-0.001544,-0.003707
0.007873,-0.002406,-0.003019
0.009284,0.009854,-0.005715
0.007286,0.023839,0.001160
0.004062,0.021574,0.001899
-0.001721,0.007087,0.008393
0.002240,-0.006667,0.007946
0.003185,-0.014123,0.003803
0.002032,-0.019766,0.005746
0.002599,-0.009767,0.001320
0.007086,0.018033,0.013630
0.004117,0.034287,0.017322
0.003998,0.019567,0.020006
0.000276,0.006879,0.020945
-0.003584,-0.004162,0.009414
-0.003962,-0.015268,0.009156
-0.007296,-0.017908,0.001362
-0.012879,-0.008766,-0.006799
-0.011197,0.003418,-0.004318
-0.007929,0.003172,-0.005656
-0.003408,0.009417,-0.007346
-0.004102,0.016926,0.001610
-0.004561,0.014590,-0.001116
-0.002212,-0.003368,0.003381
0.002608,-0.015549,-0.001659
0.002723,-0.006171,-0.002260
-0.000544,0.007970,0.001046
-0.001941,0.009022,0.006684
0.000608,0.020258,0.003077
0.001885,0.022416,0.004042
-0.002783,0.000024,-0.000517
0.001889,-0.013119,-0.001349
-0.001793,-0.023554,-0.005657
-0.002990,-0.022383,-0.006187
-0.003176,-0.005587,-0.009923
-0.002157,0.008717,-0.005244
-0.003244,0.009301,0.000856
-0.000150,0.009940,-0.002835
0.002520,0.008538,0.001751
0.004285,0.006657,-0.002014
0.001359,-0.012471,-0.003801
0.001203,-0.012597,-0.006739
0.000625,0.002954,-0.007957
-0.002539,0.011744,-0.002274
0.000020,0.013330,0.002210
0.005309,0.010808,0.005436
0.006714,-0.000978,0.001588
0.003015,-0.007766,0.000123
0.002707,-0.005394,0.000097
0.003564,0.005857,0.002771
-0.000097,0.008612,0.003385
-0.000081,-0.000159,0.005256
0.001552,-0.001395,0.007789
0.004297,-0.003210,0.012403
0.005825,-0.003570,0.005712
0.003234,-0.003046,0.008151
0.001382,-0.006109,0.004663
-0.001749,-0.001284,0.005262
-0.002736,-0.004277,0.004850
0.002153,-0.006282,0.004746
0.000681,-0.005199,0.003471
-0.001136,-0.007360,0.002055
-0.000669,0.002288,0.004145
-0.001512,0.002884,0.010685
0.000998,0.003741,0.011091
-0.000748,-0.000448,0.013358
-0.001906,-0.007562,0.011275
-0.005215,-0.007937,0.003902
-0.006861,-0.002370,0.001925
-0.003971,0.002299,0.001532
-0.006925,-0.008626,-0.002287
-0.001818,-0.006375,-0.001303
-0.001903,-0.003844,0.000696
-0.004530,0.002285,0.001195
-0.004725,0.015379,0.001931
-0.003387,0.012946,0.004352
-0.002037,0.007490,-0.001024
-0.003841,-0.005195,-0.003918
-0.002105,-0.015145,-0.002188
0.001090,-0.015864,-0.007862
0.001078,-0.005843,-0.007093
-0.005145,0.002529,-0.009313
-0.002834,0.011516,-0.002215
0.006585,0.016421,-0.005334
0.006132,0.008341,-0.007659
0.004824,0.000083,-0.002650
0.005468,-0.005436,-0.000669
0.004366,0.005102,0.000715
0.001639,0.010148,0.004065
0.001711,-0.001554,0.006959
0.006624,-0.006331,0.010062
0.006181,0.002142,0.012009
0.006549,0.003707,0.006984
0.005973,-0.003053,0.003424
-0.000324,0.001581,0.003472
-0.005140,0.003569,0.006190
-0.002992,-0.009365,0.007595
-0.000737,-0.006395,0.009236
-0.001545,0.000398,0.014480
-0.003408,-0.002378,0.008504
-0.001037,0.002700,0.006457
-0.001396,0.008952,0.004251
-0.003291,0.012051,-0.001084
-0.001205,0.004129,0.000377
-0.003954,0.002568,-0.001675
-0.001786,0.003656,-0.000078
-0.001173,-0.005730,0.003156
0.001219,-0.008940,0.002265
0.000659,0.003426,0.006656
0.000097,0.011599,0.005752
-0.000287,0.004005,0.006034
0.002299,0.006851,0.012414
-0.002851,0.011684,0.013394
-0.005519,0.012062,0.017164
-0.005137,0.002567,0.013976
-0.002898,-0.010179,0.005792
-0.006925,-0.016734,-0.004112
-0.002045,-0.020411,-0.008457
0.001344,-0.000036,-0.011324
-0.002555,0.021721,-0.011395
-0.008426,0.019937,-0.005694
-0.003711,0.016196,-0.002412
0.001304,0.005528,-0.001712
0.001282,0.000267,0.002186
0.001546,-0.005664,0.002126
-0.000605,-0.001758,-0.002412
-0.000279,0.003291,-0.001424
0.000042,0.006211,-0.001478
0.002960,0.006529,0.000016
0.001239,0.009430,0.006453
0.002121,0.013846,-0.001138
0.002949,0.009084,0.003136
0.000773,-0.000422,0.004978
-0.001010,-0.001435,-0.001077
-0.001065,-0.005561,0.001678
0.001231,-0.005028,-0.000739
0.000129,0.000282,0.003542
-0.005346,0.005054,-0.003533
-0.002836,0.004227,-0.004265
-0.002403,0.001384,-0.003556
-0.004230,0.005930,-0.004277
0.000198,0.002074,0.001865
0.002951,-0.012536,-0.000832
0.007037,-0.008136,-0.000735
0.006516,-0.000615,-0.005116
0.008064,0.004320,0.002734
0.001249,0.009441,0.002759
0.002034,0.003629,0.003218
-0.000168,0.002511,0.002274
-0.004065,-0.004109,0.002674
0.000281,-0.013916,-0.000886
-0.000209,-0.012691,0.000998
-0.004362,-0.007617,-0.001631
-0.000777,-0.005697,-0.003190
0.001321,-0.000780,0.003802
0.002703,0.008352,0.007047
0.000609,0.008678,0.007817
0.001653,-0.000183,0.011327
0.006427,0.004410,0.005947
0.002877,0.000363,0.002132
-0.000649,-0.005873,0.000484
-0.001154,-0.005758,0.002707
