0.002244,0.003375,0.014197
0.000223,0.003363,0.015244
-0.005645,0.006556,0.016361
-0.001792,0.004476,0.013144
0.000139,0.007659,0.015285
0.002037,0.008090,0.074185
0.000709,0.004619,0.201946
-0.012346,0.022779,0.199961
-0.008978,0.034192,0.028079
-0.003856,0.039529,0.028139
0.000763,0.055586,0.025325
0.001668,0.067433,0.013645
0.003451,0.076000,0.011637
0.001396,0.083479,0.010621
0.000290,0.076025,0.008393
0.002142,0.065322,0.011483
0.008543,0.059921,0.017760
0.005975,0.054552,0.020883
0.004301,0.054566,0.019884
0.003241,0.065238,0.019985
0.001975,0.073756,0.022209
0.001531,0.073727,0.025426
0.004160,0.066259,0.025360
0.006709,0.055633,0.021058
0.005380,0.034309,0.018722
0.010249,0.017255,0.016437
0.011299,0.005558,0.012055
0.005510,0.023695,0.012158
-0.000279,0.036508,0.011182
-0.001307,0.043953,0.013327
0.001564,0.048243,0.011278
0.004461,0.047280,0.000631
0.011192,0.028076,0.000462
0.015925,0.020597,0.001479
0.012729,0.031231,0.004735
0.010612,0.031195,0.007863
0.009540,0.038707,0.003663
0.007481,0.053691,-0.000430
0.007384,0.062293,-0.006715
0.006219,0.075099,-0.006603
0.004041,0.071934,-0.009787
0.000856,0.052685,-0.005690
-0.000274,0.020638,-0.002765
0.004506,-0.007138,0.000197
0.005456,-0.025317,0.004338
0.004555,-0.032745,0.000021
-0.002226,-0.018901,0.003338
-0.007128,0.009879,0.006759
-0.000333,0.026948,0.006867
0.002551,0.035507,0.004820
0.000539,0.030178,0.003685
-0.001492,0.023819,-0.000601
-0.001532,0.012117,-0.003888
0.000352,0.002473,0.000300
0.005242,-0.002873,0.001307
0.009221,-0.010345,0.001214
0.012264,-0.008147,-0.005091
0.008445,0.001456,-0.005021
0.008468,0.011052,-0.003891
0.008456,0.021734,-0.004859
0.010365,0.022810,-0.005910
0.007393,0.024958,-0.006918
0.006380,0.026038,-0.007963
0.002417,0.028183,-0.008998
0.002356,0.023873,-0.004764
-0.000612,0.020672,-0.004792
-0.000658,0.020671,-0.004799
-0.000653,0.011023,-0.000659
0.002209,0.004597,0.001365
0.004113,-0.008179,-0.001958
0.003135,-0.029547,-0.000035
0.002189,-0.036994,-0.002201
-0.000653,-0.028417,-0.006363
-0.003522,-0.008152,-0.005125
-0.008401,0.007836,-0.002892
-0.007462,0.018539,-0.005989
-0.008458,0.021753,-0.007037
-0.006552,0.016352,-0.000738
-0.002719,0.007766,0.003419
-0.001779,0.004522,0.007635
0.003067,-0.004002,0.006527
0.007919,-0.005077,0.007613
0.010876,-0.005085,0.008702
0.011870,-0.006148,0.008734
0.008977,-0.001836,0.004534
0.007015,0.001441,-0.002858
0.009930,-0.000642,-0.008217
0.011910,-0.004880,-0.011465
0.013878,-0.010185,-0.014751
0.012923,-0.002695,-0.016822
0.014890,0.005869,-0.019957
0.012943,0.021909,-0.022979
0.009058,0.020906,-0.029333
0.007152,0.012382,-0.030434
0.003321,0.004858,-0.025173
0.000422,0.002745,-0.027313
-0.001465,-0.011156,-0.024260
-0.001395,-0.024010,-0.019011
0.000645,-0.032534,-0.020141
0.005643,-0.032553,-0.017984
0.003800,-0.028287,-0.017946
0.002908,-0.018649,-0.021031
-0.000936,-0.003660,-0.026261
-0.002873,0.005928,-0.025186
-0.003762,0.004868,-0.026298
-0.006625,0.007008,-0.027402
-0.006578,0.009139,-0.027439
-0.004619,0.014433,-0.023142
-0.002658,0.013301,-0.016778
0.001231,0.016516,-0.017762
0.002186,0.016530,-0.018767
0.008037,0.016533,-0.018733
0.008010,0.012239,-0.015568
0.004085,0.005880,-0.019847
0.001175,0.004823,-0.020889
-0.000783,0.003714,-0.016640
-0.002747,-0.000576,-0.014562
-0.001770,-0.001623,-0.016693
-0.001759,-0.001570,-0.022005
-0.001727,0.004841,-0.023031
0.000293,0.009101,-0.021948
0.001313,0.011193,-0.017678
0.002308,0.014414,-0.019793
-0.001561,0.007980,-0.016652
-0.001514,0.000468,-0.012466
-0.005359,-0.001656,-0.013546
-0.008238,0.006879,-0.013506
-0.010155,0.018627,-0.014485
-0.014034,0.029273,-0.012290
-0.013058,0.037839,-0.015426
-0.007237,0.038908,-0.015417
-0.002366,0.027149,-0.013391
-0.003356,0.013227,-0.008187
-0.004335,0.004647,-0.004018
-0.001418,0.000378,-0.004033
-0.003333,-0.003964,0.003370
-0.002332,-0.003981,0.005541
-0.003311,-0.002935,0.007665
-0.006259,0.000259,0.008795
-0.007273,0.001329,0.008832
-0.010194,0.007755,0.006772
-0.005365,0.015203,0.008953
-0.001474,0.014177,0.004686
-0.001490,0.008832,0.005714
-0.001508,0.004532,0.008867
0.001437,0.006666,0.008885
0.004353,0.008790,0.009965
0.004342,0.008810,0.007822
0.002376,0.016246,0.011078
0.001367,0.017281,0.014263
-0.000660,0.015128,0.016401
-0.000712,0.022623,0.014393
0.000190,0.023662,0.017620
0.006949,0.021582,0.012310
0.014693,0.008814,0.009027
0.016633,-0.003962,0.005705
0.015649,-0.000755,0.004659
0.013678,0.009958,0.000494
0.012685,0.022816,-0.004727
0.012668,0.031394,-0.008917
0.013621,0.039981,-0.014168
0.009698,0.042113,-0.014177
0.004799,0.047505,-0.019422
0.003777,0.042147,-0.017353
0.005695,0.033601,-0.016339
0.004714,0.026122,-0.015330
0.004704,0.014373,-0.014343
0.004700,0.001533,-0.011306
0.007649,-0.016586,-0.013594
0.008678,-0.017653,-0.013603
0.006753,-0.005900,-0.015649
-0.000040,0.011237,-0.021880
-0.005897,0.026163,-0.020723
-0.005922,0.036843,-0.021711
-0.004002,0.034756,-0.025997
-0.004020,0.026175,-0.021834
-0.003057,0.029390,-0.022861
-0.000151,0.036837,-0.020687
-0.001164,0.045332,-0.016355
-0.001216,0.055983,-0.014119
-0.003210,0.051726,-0.015196
-0.004194,0.039986,-0.015319
-0.001277,0.016487,-0.013416
0.000678,0.001558,-0.014607
0.000708,-0.012285,-0.017932
-0.002193,-0.014441,-0.015836
-0.004094,-0.008058,-0.013651
-0.005051,0.005815,-0.013530
-0.006998,0.017531,-0.011291
-0.011893,0.026038,-0.008006
-0.011926,0.030330,-0.010084
-0.002204,0.021753,-0.005880
0.002678,0.003603,-0.004957
0.003666,-0.001753,-0.002868
0.002698,-0.003877,-0.003940
-0.001198,0.001437,-0.001771
-0.001214,0.006760,-0.000670
-0.003192,0.023822,0.000526
-0.006139,0.041897,0.007044
-0.008146,0.047254,0.004969
-0.005302,0.049409,0.003952
-0.000473,0.034504,0.000673
0.003381,0.024928,-0.002586
0.005280,0.011046,-0.001625
0.006232,0.002482,0.001474
0.002338,0.002416,0.007806
0.000386,0.003454,0.009926
0.004263,0.012058,0.003683
0.003275,0.016340,0.002658
0.002294,0.004602,0.002563
-0.000668,0.004608,0.002596
-0.000691,0.001398,0.003650
0.005155,-0.017848,0.006638
0.011033,-0.027432,0.004412
0.011058,-0.033815,0.002206
0.009156,-0.019891,-0.003013
0.004313,0.002503,-0.001783
0.002367,0.017466,-0.003754
0.004304,0.024968,-0.006879
0.006228,0.018599,-0.010104
0.009142,0.014330,-0.010148
0.008188,-0.004848,-0.013527
0.005305,-0.015533,-0.012586
0.002432,-0.014511,-0.008361
0.000510,-0.011333,-0.006231
0.000523,-0.003842,-0.008288
-0.000430,0.005783,-0.010319
-0.002372,0.007886,-0.007110
-0.005350,0.014306,-0.008104
-0.004408,0.010048,-0.009202
-0.001487,-0.000634,-0.008248
0.000482,-0.004869,-0.011441
0.000487,-0.000614,-0.010334
-0.002412,0.004731,-0.011376
-0.001452,0.011095,-0.008164
0.000491,0.014274,-0.006035
-0.003430,0.015307,-0.002884
-0.006330,0.016387,-0.003908
-0.009241,0.009934,0.001347
-0.007323,-0.009281,0.002281
-0.006303,-0.025307,0.004284
-0.007271,-0.028538,0.007460
-0.007228,-0.028530,0.006378
-0.005230,-0.033889,0.008433
-0.004206,-0.026381,0.004213
-0.003225,-0.014675,0.007499
-0.006131,-0.000816,0.008668
-0.007122,0.010900,0.010878
-0.008161,0.031197,0.008933
-0.007242,0.036585,0.003661
-0.004398,0.039758,0.006871
-0.001546,0.036558,0.006857
0.000317,0.033355,0.006801
-0.003677,0.032203,0.015286
-0.006730,0.044986,0.017528
-0.007809,0.047101,0.019689
-0.004022,0.041754,0.020711
-0.002181,0.031084,0.020639
0.003606,0.009759,0.019453
0.005531,-0.008402,0.021430
0.009404,-0.014774,0.018206
0.009406,-0.017931,0.013961
0.008427,-0.009384,0.012947
0.006482,-0.005064,0.007652
0.006482,-0.001841,0.005565
0.008420,0.005671,0.001379
0.008425,0.009991,-0.003902
0.010376,0.013161,-0.000678
0.008421,0.013205,-0.004908
0.003546,0.003592,-0.003903
0.004515,-0.007132,0.001323
0.009397,-0.011400,0.001293
0.009409,-0.012441,-0.000834
0.008448,-0.009229,-0.001874
0.006517,0.007829,-0.000640
0.003600,0.017476,-0.004807
0.000675,0.017496,-0.006957
0.000647,0.007912,-0.009177
0.001652,-0.004957,-0.002930
0.004580,-0.001745,-0.003956
0.007493,-0.003868,-0.005050
0.007532,-0.008161,-0.003000
0.003653,-0.008129,-0.006190
-0.000206,0.002543,-0.006090
-0.000222,0.013246,-0.009187
-0.002183,0.023915,-0.009121
-0.003217,0.032445,-0.007966
-0.002269,0.023863,-0.003824
-0.002322,0.017450,-0.002783
-0.001366,0.002490,-0.000778
-0.004276,-0.014624,0.003359
-0.004286,-0.011474,0.008712
-0.004320,0.004509,0.010982
-0.007276,0.017336,0.008965
-0.008300,0.026920,0.011149
-0.004504,0.035467,0.010156
-0.002622,0.035452,0.011182
-0.000743,0.029082,0.007943
-0.001777,0.031219,0.007968
-0.000881,0.029061,0.010044
-0.001918,0.028016,0.007912
-0.001990,0.038622,0.014358
-0.001113,0.037607,0.009023
0.001747,0.029081,0.007894
-0.000241,0.024822,0.006782
-0.001305,0.019497,0.005674
-0.004263,0.013097,0.005653
-0.003307,0.015220,0.006726
-0.001412,0.017344,0.007798
0.003412,0.018441,0.004596
0.007264,0.018428,0.005658
0.008212,0.016294,0.005647
0.008166,0.003482,0.006644
0.004292,-0.011433,0.004433
-0.001552,-0.016778,0.005476
-0.000574,-0.011461,0.007672
-0.001545,-0.002884,0.003482
-0.002530,0.004562,0.005641
-0.000608,0.017378,0.004664
0.001278,0.022733,0.002561
-0.000697,0.021625,0.006802
0.002166,0.017359,0.006799
0.001211,-0.003971,0.005580
0.002222,-0.022121,0.006503
0.001263,-0.026399,0.007548
0.000299,-0.014650,0.006589
0.000286,-0.001865,0.008780
-0.000713,0.013062,0.009944
-0.001733,0.014115,0.010994
0.001150,0.013046,0.010964
0.007962,0.003493,0.005576
0.011850,-0.005043,0.005508
0.010877,-0.007114,-0.000834
0.009886,-0.004967,-0.001848
0.005991,0.002528,-0.003913
0.007946,0.014310,-0.008034
0.004028,0.018586,-0.009085
0.001110,0.017497,-0.006979
-0.000872,0.020699,-0.006987
0.000058,0.016388,-0.002787
0.001015,0.002496,-0.000766
0.000061,-0.009252,0.000199
-0.003803,-0.018848,-0.000931
-0.003782,-0.022091,0.003292
-0.003765,-0.019967,0.004386
-0.004727,-0.012510,0.005485
-0.001773,-0.007175,0.005510
-0.002768,0.002459,0.002383
-0.002768,0.002416,0.006663
-0.004741,0.014142,0.007813
-0.004765,0.007741,0.007778
0.002038,-0.000855,0.014139
0.002943,0.003445,0.010972
0.002952,-0.002969,0.011970
0.004890,-0.006172,0.011893
0.004864,-0.001874,0.008712
0.004833,0.004548,0.006597
0.005764,0.017382,0.003484
0.007667,0.029151,0.000398
0.008587,0.029226,-0.007023
0.007577,0.026060,-0.010213
0.007550,0.015401,-0.011340
0.004610,0.020682,-0.005988
0.004563,0.026060,-0.010185
0.005515,0.019667,-0.011330
0.007489,0.012156,-0.007131
0.009407,0.014353,-0.013492
0.009397,0.006894,-0.014611
0.009436,-0.000544,-0.017852
0.005579,0.000525,-0.017822
0.003671,-0.001621,-0.016801
0.002732,-0.008085,-0.010449
-0.002130,0.006858,-0.010277
-0.005092,0.021774,-0.008045
-0.009022,0.028164,-0.006934
-0.011976,0.019564,-0.000629
-0.008111,0.010004,-0.004936
-0.003252,0.005747,-0.006027
-0.005227,0.010000,-0.003842
-0.006192,0.018548,-0.004821
-0.007179,0.020670,-0.003741
-0.004276,0.021725,-0.002699
-0.001383,0.014253,-0.002763
-0.004341,0.021665,0.002552
-0.005356,0.034462,0.003731
-0.005436,0.041908,0.005891
-0.001608,0.036618,0.001621
0.001248,0.035516,0.004767
-0.000785,0.034429,0.006893
-0.000858,0.031273,0.002656
0.000031,0.035513,0.005889
0.000923,0.038693,0.008039
0.005735,0.036565,0.006947
0.003665,0.037620,0.007996
0.003585,0.038667,0.010141
0.005443,0.034421,0.008003
0.003405,0.030135,0.010100
-0.002533,0.024779,0.012183
-0.005496,0.011931,0.016322
-0.009466,0.003350,0.020485
-0.007550,0.009783,0.017337
0.001142,0.023641,0.018471
0.000068,0.045026,0.013256
-0.000056,0.071729,0.010216
0.008556,0.082519,-0.001411
0.014271,0.077251,-0.007769
0.014144,0.061332,-0.016348
0.010159,0.045339,-0.017500
0.003265,0.047446,-0.014257
-0.002689,0.057003,-0.009985
0.000142,0.066596,-0.008839
0.000053,0.069774,-0.006710
-0.003968,0.068741,-0.009903
-0.007000,0.059136,-0.010001
-0.006087,0.036732,-0.011256
-0.008045,0.011123,-0.011452
-0.005111,0.002570,-0.009399
-0.008010,-0.000622,-0.010495
-0.008009,0.004723,-0.011473
-0.006043,0.011128,-0.011397
-0.004063,0.004696,-0.008271
-0.000120,-0.009203,-0.005133
-0.001049,-0.007053,-0.006106
-0.002026,0.003653,-0.009154
-0.003975,0.017527,-0.009054
-0.004015,0.030352,-0.011085
-0.002108,0.040999,-0.008876
0.001718,0.044211,-0.009909
0.004589,0.036737,-0.010030
0.004570,0.021735,-0.003767
0.001613,0.005676,0.001377
-0.003269,0.002436,0.005641
-0.003304,0.005640,0.005740
-0.000438,0.014150,0.009059
0.001446,0.010951,0.009030
0.004333,0.001361,0.007927
0.008236,-0.006086,0.005768
0.009229,-0.009305,0.007910
0.005350,0.000269,0.011205
0.003385,0.003459,0.012287
0.006309,-0.007203,0.011098
0.007276,-0.010416,0.012117
0.006302,0.000305,0.006885
0.007235,0.013160,0.001644
0.003317,0.020679,-0.003609
0.001359,0.014297,-0.005794
0.002335,0.016443,-0.006837
0.005227,0.017516,-0.007944
0.010106,0.015411,-0.011180
0.011049,0.008932,-0.003829
0.006143,0.011026,0.000447
0.005142,0.012097,0.000504
-0.001736,0.004531,0.010002
-0.006654,0.010965,0.006861
-0.010583,0.017344,0.008969
-0.011620,0.014111,0.012124
-0.010685,0.009863,0.009965
-0.005860,0.012027,0.006773
-0.001031,0.004544,0.007748
-0.002056,0.002386,0.009824
-0.003052,0.002385,0.009789
-0.001121,0.001274,0.014017
0.002744,0.010876,0.014080
0.002650,0.033283,0.014241
0.002556,0.042875,0.015401
-0.000482,0.040741,0.015382
-0.000593,0.025762,0.019501
0.001266,0.014024,0.019406
0.004152,0.003356,0.019326
0.002158,-0.005191,0.020319
0.000190,-0.006271,0.021379
-0.004724,-0.004143,0.022514
-0.007716,0.007583,0.023699
-0.004866,0.022514,0.024911
-0.002051,0.034245,0.026052
-0.000241,0.041701,0.027130
0.002563,0.030968,0.032274
0.009293,0.013967,0.024684
0.014079,0.007617,0.019316
0.018869,0.012019,0.005505
0.016878,0.018484,-0.000840
0.010013,0.025953,-0.000788
0.004107,0.027027,-0.000732
-0.002773,0.019488,0.006692
-0.002830,0.015168,0.012009
-0.002890,0.018350,0.014187
0.001903,0.022688,0.006763
0.006702,0.027060,-0.003858
0.006661,0.033493,-0.007035
0.009544,0.026053,-0.010311
0.007629,0.012233,-0.015751
0.000864,-0.001628,-0.016919
-0.000044,-0.015515,-0.015978
-0.000945,-0.021910,-0.017137
0.000103,-0.020831,-0.018196
0.004062,-0.013317,-0.022347
0.001195,-0.000497,-0.023311
-0.000701,-0.010079,-0.025503
0.000340,-0.025074,-0.020285
0.001406,-0.032563,-0.018201
0.007326,-0.043192,-0.022517
0.010378,-0.037857,-0.022470
0.009539,-0.030384,-0.022406
0.007667,-0.020770,-0.023383
0.003853,-0.009054,-0.021186
-0.000992,0.001636,-0.023257
-0.002889,-0.004774,-0.022217
-0.004772,-0.009092,-0.016901
-0.004739,-0.003787,-0.013644
-0.000809,-0.008077,-0.011566
0.003172,-0.027295,-0.010630
0.010052,-0.028393,-0.007436
0.008174,-0.027320,-0.007386
0.003352,-0.015612,-0.004079
-0.003432,-0.005966,-0.008247
-0.003409,-0.000621,-0.009282
-0.002412,0.004724,-0.010288
-0.000438,0.005868,-0.017678
0.001556,-0.001647,-0.013520
0.000618,-0.015558,-0.009342
0.000678,-0.024093,-0.009425
-0.000243,-0.028415,-0.004164
-0.001167,-0.027404,0.001151
-0.001099,-0.021005,0.001152
0.000875,-0.011370,-0.001996
-0.000998,-0.008074,-0.011531
0.000022,-0.012338,-0.011506
-0.003845,-0.010265,-0.005094
-0.009679,-0.006010,-0.004023
-0.010620,0.003582,-0.002899
-0.008683,0.011006,0.001411
-0.004838,0.014182,0.003499
-0.006820,0.007811,0.000238
-0.000004,-0.000686,-0.004115
-0.005845,0.001450,-0.004090
-0.006845,0.009952,-0.000874
-0.005910,0.012055,0.002335
-0.001041,0.009918,0.002275
0.002839,0.003484,0.005416
0.001852,-0.005081,0.008580
-0.002063,-0.005140,0.014994
-0.006014,0.000196,0.015047
-0.004098,0.002339,0.014034
-0.004119,-0.004062,0.013999
-0.006091,0.002324,0.016182
-0.007104,0.004448,0.017269
-0.009101,0.006481,0.026803
-0.009136,0.000034,0.030977
-0.004313,0.002143,0.033070
-0.004405,0.001054,0.035175
-0.003528,0.008569,0.031003
0.003212,0.017131,0.029004
0.009942,0.024666,0.022724
0.006946,0.019344,0.021665
0.003005,0.010855,0.017394
0.002003,-0.006245,0.020504
0.001981,-0.024551,0.036256
0.001006,-0.033023,0.029829
0.004886,-0.018062,0.027802
0.003865,0.000118,0.023668
0.002798,0.030007,0.022819
-0.001185,0.043900,0.020811
-0.001305,0.042846,0.018633
0.000564,0.031128,0.016387
0.004421,0.013034,0.011997
0.005346,-0.001958,0.017186
0.002389,-0.003046,0.019298
-0.002525,-0.000952,0.023596
-0.001619,0.014012,0.021624
0.001235,0.020436,0.019565
0.004086,0.019398,0.016338
0.003047,0.015086,0.020524
0.000995,0.013961,0.025821
0.002849,0.012905,0.024751
0.002767,0.032175,0.018511
0.005535,0.051409,0.015413
0.005417,0.049317,0.011086
0.007271,0.034345,0.014139
0.008134,0.025818,0.013039
0.005122,0.014105,0.010863
0.007014,0.014097,0.011965
0.008909,0.021590,0.009936
0.013716,0.033401,0.002620
0.020451,0.034511,-0.001615
0.023275,0.039885,-0.004711
0.018319,0.028138,-0.003732
0.008547,0.027060,-0.002659
0.000716,0.024929,-0.002643
-0.004178,0.015294,0.000477
-0.005205,0.014175,0.005786
-0.004288,0.015255,0.004741
-0.001424,0.021689,0.001600
0.002427,0.029209,-0.003667
0.003358,0.027126,-0.009026
-0.000524,0.011098,-0.007029
-0.004414,0.013191,-0.002746
-0.011297,0.021699,0.000561
-0.010353,0.017366,0.006889
-0.011396,0.013011,0.015334
-0.012427,0.009735,0.022740
-0.010542,0.016150,0.021699
-0.011612,0.014004,0.022727
-0.009731,0.005445,0.024782
-0.012718,-0.005268,0.028946
-0.008847,-0.013816,0.029933
-0.007901,-0.008482,0.029952
-0.003073,0.002208,0.027888
-0.000205,0.004370,0.024676
0.001726,0.007558,0.026880
0.000606,0.031023,0.028139
0.002379,0.052354,0.029401
0.001221,0.067282,0.030586
0.003938,0.070484,0.030607
0.005691,0.056622,0.029431
0.009402,0.044925,0.025078
0.006376,0.024678,0.021684
0.008257,0.010840,0.018386
0.007231,0.006603,0.015159
0.009126,0.011991,0.009893
0.004219,0.012075,0.001392
0.000334,-0.001723,-0.006157
-0.002545,-0.029371,-0.015934
0.000490,-0.042003,-0.033023
-0.002232,-0.049254,-0.054240
-0.001063,-0.025472,-0.084788
-0.006702,0.005765,-0.113130
-0.009449,0.027100,-0.111834
-0.001529,0.053747,-0.109604
0.003436,0.058964,-0.099113
0.009443,0.026813,-0.086757
0.013525,-0.011691,-0.077490
0.014679,-0.032122,-0.061696
0.013814,-0.028049,-0.042588
-0.004597,-0.013322,-0.021224
-0.009401,-0.009162,-0.010597
-0.002546,-0.002889,0.002163
0.002288,0.024730,0.015173
0.006036,0.065228,0.020839
0.003876,0.078041,0.020969
0.013423,0.076974,0.020960
0.013294,0.054608,0.015413
0.018069,0.014087,0.011848
0.013183,-0.032940,0.018864
0.008333,-0.049983,0.016711
0.003526,-0.040313,0.010478
-0.004264,-0.011504,0.010695
-0.013064,0.013025,0.011915
-0.011200,0.029072,0.007769
-0.004490,0.047298,-0.000575
0.000284,0.038803,-0.004900
0.002135,0.029224,-0.007065
0.003045,0.021765,-0.008191
0.004007,0.004708,-0.009368
0.005041,-0.011185,-0.021213
0.011982,-0.016532,-0.020163
0.016942,-0.027218,-0.018051
0.011112,-0.028264,-0.020182
0.003397,-0.029362,-0.016995
-0.000381,-0.031539,-0.012741
-0.003201,-0.039005,-0.012751
-0.001123,-0.033661,-0.012679
-0.001030,-0.022980,-0.013667
0.000045,-0.021952,-0.010494
0.000127,-0.022998,-0.012625
-0.001728,-0.027297,-0.009473
-0.006548,-0.021972,-0.008365
-0.007444,-0.020915,-0.007309
-0.007362,-0.020973,-0.000860
-0.012217,-0.011400,0.002471
-0.017116,-0.005017,0.004662
-0.019018,-0.013613,0.010995
-0.016081,-0.018993,0.015164
-0.013167,-0.013668,0.016251
-0.012215,-0.002987,0.015269
-0.008350,0.011893,0.020650
-0.012325,0.019326,0.023836
-0.011401,0.016130,0.023827
-0.009515,0.006515,0.024797
-0.007632,-0.002066,0.028981
-0.002807,0.004357,0.026902
0.002007,0.018278,0.021656
0.002906,0.018262,0.022654
0.000888,0.016152,0.020520
0.003739,0.008704,0.018346
0.003651,0.006567,0.018336
0.003579,0.006589,0.016228
0.001617,-0.001948,0.016132
0.003534,-0.000914,0.019311
0.004468,0.003384,0.016151
0.004417,0.006594,0.015091
0.004336,0.005527,0.015046
0.003332,0.000202,0.013938
0.003309,-0.006193,0.012801
0.007186,-0.014706,0.010639
0.007198,-0.014682,0.008544
0.006208,-0.005054,0.006534
0.005208,0.012024,0.006689
0.004180,0.021650,0.004657
0.005130,0.016314,0.004632
0.004125,0.010955,0.006680
0.003131,0.005634,0.005592
0.004069,0.007807,0.001325
0.004050,0.005661,0.002383
0.004996,0.008883,0.000282
0.007905,0.013131,0.002483
0.003001,0.015255,0.003563
0.004917,0.018486,0.000416
0.007837,0.017388,0.003596
0.011643,0.014244,-0.001731
0.012583,0.017436,-0.000635
0.008655,0.014212,0.001445
0.003755,0.013123,0.003551
0.000812,0.009945,0.001421
0.001773,0.001410,0.001367
0.000800,-0.009294,0.004450
-0.000177,-0.013517,0.000203
0.000820,-0.018875,0.002286
0.003770,-0.016750,0.003380
0.001863,-0.012466,0.002361
0.000900,-0.006064,0.002403
0.002858,-0.001790,0.001396
0.001878,0.001391,0.003545
0.001882,0.005670,0.002515
0.002840,0.009948,0.001470
0.001875,0.007822,0.000356
0.002836,0.006763,-0.000742
-0.000107,0.005675,0.001363
-0.001105,0.015299,-0.000689
-0.001135,0.017454,-0.002792
-0.000192,0.019587,-0.002794
0.000733,0.014227,-0.000732
0.001667,0.009916,0.003482
0.002627,0.005641,0.004511
-0.005196,0.001299,0.011915
-0.009125,0.002334,0.015129
-0.009166,0.000147,0.020429
-0.006236,-0.009448,0.019285
-0.002357,-0.011571,0.018212
-0.000432,-0.010441,0.011820
-0.001424,-0.010434,0.010718
-0.005338,-0.005088,0.009661
-0.006352,0.002329,0.015045
-0.007392,0.014077,0.014115
-0.006484,0.019424,0.013115
-0.005572,0.022617,0.014225
-0.005650,0.017282,0.014192
-0.004751,0.018306,0.018438
0.001041,0.006555,0.019383
0.001005,-0.009434,0.017080
0.002946,-0.023350,0.021189
0.000042,-0.028672,0.020080
0.000044,-0.019047,0.018042
-0.001913,-0.007307,0.018158
0.000006,0.005519,0.016141
-0.001008,0.012988,0.016214
-0.000075,0.015155,0.013063
0.000849,0.007699,0.011943
0.000806,0.005544,0.014061
-0.001155,0.006652,0.009819
0.002697,0.010940,0.007707
0.002662,0.010940,0.007657
0.003627,0.004560,0.005500
0.008455,0.007744,0.006584
0.005468,0.018438,0.004576
0.001539,0.013066,0.008793
-0.003351,0.001331,0.008732
-0.007222,-0.013664,0.013921
-0.007241,-0.017985,0.019196
-0.004357,-0.015894,0.023459
-0.003403,-0.004063,0.013971
-0.000528,0.004432,0.018289
-0.000629,0.024683,0.020554
-0.002701,0.045001,0.016480
-0.001861,0.043922,0.017510
-0.002949,0.027906,0.018417
-0.003011,0.015102,0.018326
-0.000141,-0.000898,0.017148
0.001771,0.001205,0.020356
0.004644,-0.004138,0.021355
0.014347,-0.001992,0.020320
0.010416,0.010843,0.017249
0.003497,0.023689,0.013089
0.002394,0.031137,0.015270
0.005239,0.023669,0.015232
0.007100,0.023670,0.015246
0.008952,0.016224,0.013094
0.009905,0.003434,0.011940
0.010863,-0.010451,0.012859
0.007935,-0.015800,0.013889
0.004045,-0.013685,0.016043
0.004018,-0.000844,0.012978
0.006904,0.005582,0.010932
0.006874,0.006700,0.005616
0.004939,-0.000716,0.000253
0.005901,0.000336,0.001318
0.003954,0.005669,0.001337
0.004917,0.006783,-0.002914
0.004946,0.004649,-0.002925
0.002030,0.003568,-0.001880
-0.000929,0.012103,-0.001826
-0.003878,0.021688,0.000380
-0.001993,0.023865,-0.003846
-0.001072,0.028111,-0.001693
-0.001131,0.031355,-0.005902
-0.002165,0.026009,-0.004888
0.002652,0.022798,-0.003841
0.003583,0.016337,0.001410
0.005467,0.023776,0.004672
-0.000457,0.023801,0.002563
-0.002446,0.021615,0.007863
-0.000549,0.013094,0.006754
0.001358,0.014151,0.007824
0.003219,0.020523,0.011070
-0.001744,0.028047,0.005844
-0.008667,0.029068,0.010105
-0.010700,0.029016,0.015424
-0.010799,0.023647,0.018547
-0.004030,0.002324,0.016211
0.003786,-0.017940,0.014972
0.010616,-0.037150,0.014784
0.008724,-0.023263,0.013878
0.007747,-0.003958,0.004504
0.001889,0.016356,0.000438
0.001856,0.027028,0.000531
-0.001164,0.043079,-0.003559
0.006542,0.040955,-0.004639
0.004514,0.031375,-0.006853
0.004501,0.015347,-0.004864
0.004517,-0.009239,-0.000813
-0.000325,-0.025265,0.001190
0.001679,-0.029545,0.002242
0.002737,-0.025209,-0.004045
0.001855,-0.017641,-0.013551
-0.002972,-0.002662,-0.017706
-0.007816,0.006993,-0.022926
-0.010731,0.021965,-0.025972
-0.015634,0.034838,-0.032213
-0.018547,0.039136,-0.035393
-0.021472,0.031548,-0.024951
-0.024433,0.040060,-0.022803
-0.022556,0.042078,-0.012306
-0.005052,0.037754,-0.007066
0.001684,0.034430,0.005651
0.007370,0.042912,0.011002
0.010163,0.044992,0.016334
0.016901,0.019439,0.010867
0.014901,0.009797,0.015075
0.014849,0.003325,0.022516
0.014770,0.006451,0.029971
0.007854,0.007440,0.037359
-0.001003,0.009512,0.043736
-0.000121,0.004211,0.040548
-0.000211,-0.000059,0.040561
0.000667,-0.000015,0.036324
0.003506,0.000045,0.029938
0.010298,-0.003073,0.021394
0.013196,-0.015823,0.015955
0.015142,-0.016837,0.010640
0.016127,-0.021085,0.008474
0.012237,-0.013572,0.004309
0.010296,-0.006083,0.002261
0.013210,0.003536,0.001339
0.010272,0.001407,0.001354
0.008298,0.002540,-0.004975
0.003449,0.002517,-0.002838
0.005405,0.003627,-0.007073
0.004478,-0.001673,-0.010290
0.006443,-0.000576,-0.013491
0.010393,-0.006912,-0.019892
0.011432,-0.005846,-0.019897
0.009523,0.000583,-0.023058
0.003709,0.014424,-0.019754
0.001769,0.023997,-0.016480
-0.001153,0.023967,-0.013283
-0.002146,0.018569,-0.006950
-0.002170,0.011079,-0.004873
-0.006049,-0.004926,-0.004985
-0.003100,-0.022053,0.000171
-0.002063,-0.036963,-0.003142
0.000941,-0.029505,-0.002029
-0.005851,-0.011353,-0.002974
-0.010719,0.003562,-0.000764
-0.011711,0.018465,0.002530
-0.010791,0.029178,-0.001634
-0.006935,0.026018,-0.005927
-0.004041,0.013234,-0.008196
0.001797,0.003629,-0.008309
0.003747,-0.007084,-0.004151
0.003751,-0.003861,-0.006238
0.000836,0.003589,-0.004037
-0.003077,0.016355,0.000353
-0.008021,0.023824,0.000405
-0.011990,0.022713,0.004668
-0.012034,0.010944,0.007762
-0.010082,-0.006142,0.008653
-0.004216,-0.020059,0.012755
-0.001251,-0.032854,0.011561
0.003653,-0.030712,0.010484
0.004666,-0.024254,0.005249
0.003712,-0.010339,0.001126
0.000797,0.003601,-0.005077
0.001770,0.014297,-0.007057
-0.000196,0.019610,-0.004867
0.000756,0.015312,-0.001694
0.005605,0.004610,0.001381
0.006599,-0.009284,0.003382
0.006617,-0.010331,0.001237
0.008562,0.004606,0.001333
0.007549,0.017463,-0.003881
0.004605,0.017515,-0.009200
0.007496,0.014260,-0.003929
0.007500,0.004731,-0.011433
0.006569,-0.012344,-0.011561
0.001742,-0.026262,-0.007480
0.003768,-0.024120,-0.007450
0.001875,-0.019894,-0.003168
0.001907,-0.006079,0.002252
0.002880,0.005700,-0.001910
0.005783,0.004632,-0.001926
0.003803,-0.003896,-0.003090
0.003806,-0.008152,-0.004153
-0.000084,-0.014583,-0.000977
0.000923,-0.010280,-0.004081
-0.001955,-0.012391,-0.006194
-0.003845,-0.016667,-0.005157
-0.005704,-0.018813,-0.004122
-0.000803,-0.017778,-0.000972
0.001154,-0.014591,0.000069
0.000227,-0.011354,-0.004188
-0.003602,-0.001737,-0.005137
-0.003622,0.013191,-0.003967
-0.008547,0.027010,0.001446
-0.014439,0.023776,0.004636
-0.011533,0.013094,0.005597
-0.007615,-0.002899,0.004402
-0.001751,-0.009334,0.007522
0.000179,-0.011506,0.010653
0.001116,-0.002981,0.011768
0.001048,0.013004,0.014037
-0.003917,0.032199,0.015238
-0.007953,0.040761,0.013182
-0.003197,0.036505,0.012105
-0.004293,0.020502,0.011999
0.000517,-0.002993,0.013958
0.002509,-0.033958,0.015865
0.007450,-0.047891,0.022158
0.011378,-0.050059,0.025331
0.011400,-0.036165,0.023330
0.005554,-0.026526,0.020216
0.002662,-0.012589,0.013978
0.002675,0.001283,0.014120
0.001665,0.017339,0.008900
0.004531,0.020569,0.005710
0.007436,0.004604,0.001305
0.013314,-0.009263,0.000082
0.016263,-0.014589,-0.001046
0.012411,-0.009208,-0.005231
0.007570,0.000364,-0.001971
0.004648,0.008879,0.000247
0.001717,0.007836,-0.001849
0.000742,0.005716,-0.002930
0.001731,-0.000687,-0.003000
-0.000219,-0.002828,-0.003045
-0.003144,-0.001785,-0.000955
-0.002181,0.001442,-0.004158
-0.000247,0.010008,-0.007308
-0.000253,0.010022,-0.008384
-0.001246,0.008984,-0.011618
-0.003217,0.011105,-0.010538
-0.004213,0.007882,-0.008444
-0.003275,0.003553,-0.002081
-0.001349,0.002488,-0.002069
0.000589,0.009946,-0.000929
-0.000415,0.012145,-0.007269
0.001517,0.022811,-0.006060
0.002439,0.029246,-0.009173
0.002368,0.035663,-0.010158
-0.003501,0.029251,-0.009125
-0.004503,0.015390,-0.010322
-0.003515,0.012202,-0.011383
-0.006448,0.014324,-0.010281
-0.006442,0.017525,-0.010246
-0.010337,0.016406,-0.004937
-0.015252,0.017409,0.001432
-0.019205,0.019505,0.005700
-0.021209,0.025886,0.007871
-0.019364,0.030094,0.014315
-0.020465,0.032228,0.014320
-0.022549,0.030021,0.020635
-0.023648,0.019310,0.024820
-0.023734,0.002221,0.026798
-0.021842,-0.006411,0.036293
-0.022898,-0.009679,0.042640
-0.020068,-0.009689,0.043715
-0.019154,-0.009794,0.054331
-0.020246,-0.006634,0.058617
-0.020329,-0.005586,0.060769
-0.015540,0.001863,0.062963
-0.008862,0.015704,0.066274
-0.003196,0.028510,0.066393
0.000473,0.037020,0.068577
0.002192,0.039195,0.064317
0.006872,0.034971,0.060042
0.012549,0.027543,0.055719
0.012375,0.021167,0.053553
0.009268,0.017955,0.054586
0.004224,0.019031,0.053557
0.003090,0.011543,0.055655
0.005871,0.009434,0.053527
0.010620,0.003020,0.054526
0.014397,-0.001270,0.056610
0.013273,0.001932,0.056645
0.009233,0.003020,0.054526
0.011049,0.004109,0.052420
0.013827,0.014844,0.046175
0.013677,0.021268,0.044109
0.013505,0.023413,0.043074
0.012381,0.029850,0.039968
0.017118,0.033096,0.035758
0.021829,0.033180,0.027263
0.020755,0.025760,0.021873
0.018700,0.019420,0.015437
0.014677,0.023730,0.011216
0.012645,0.024819,0.009104
