0.021633,-0.028388,0.015313
0.024794,-0.125133,-0.029328
0.022816,-0.170670,-0.061999
0.023627,-0.149171,-0.062214
0.033203,-0.077649,-0.042854
0.030127,0.039534,0.002579
0.040675,0.132078,0.044918
0.043578,0.187157,0.080968
0.027145,0.225251,0.095727
0.003913,0.178104,0.096886
0.000241,0.082010,0.077393
0.002454,-0.037458,0.051163
0.005551,-0.155815,0.029004
0.027128,-0.229457,0.020047
0.039884,-0.274370,0.027239
0.039926,-0.230628,0.041226
0.040955,-0.070464,0.059055
0.046234,0.099304,0.083236
0.047152,0.249832,0.100019
0.025962,0.338471,0.104771
0.004911,0.349205,0.103651
-0.016025,0.322559,0.094977
-0.039423,0.256444,0.082795
-0.062827,0.162684,0.057569
-0.074771,0.040054,0.035393
-0.072584,-0.077251,0.240921
-0.087505,-0.140525,0.494988
-0.097611,-0.162256,0.288060
-0.084095,-0.138503,0.021206
-0.072605,-0.066668,-0.012540
-0.064999,0.019991,-0.036446
-0.061202,0.095006,-0.061743
-0.074238,0.157203,-0.082930
-0.074603,0.173523,-0.109760
-0.059358,0.178992,-0.124703
-0.042989,0.157622,-0.125856
-0.025730,0.088163,-0.119914
-0.013130,0.037901,-0.113781
0.005444,-0.016527,-0.112134
0.029844,-0.038951,-0.101829
0.053252,-0.012330,-0.080537
0.077680,0.060141,-0.055630
0.095337,0.142160,-0.025272
0.092380,0.209189,0.008234
0.089263,0.222849,0.034007
0.083244,0.140528,0.041033
0.083333,0.014493,0.031912
0.075724,-0.158477,0.017116
0.073981,-0.323971,0.002364
0.068333,-0.418054,0.006220
0.065561,-0.430114,0.038335
0.063792,-0.359861,0.063442
0.053199,-0.210597,0.091189
0.043560,-0.018519,0.112682
0.034832,0.152232,0.136048
0.011474,0.260106,0.139843
-0.007176,0.264586,0.124686
-0.018040,0.207339,0.089751
-0.033823,0.122299,0.051570
-0.038904,0.035022,0.018868
-0.039998,-0.046095,0.005678
-0.042845,-0.114555,0.004489
-0.055346,-0.157446,0.014080
-0.068743,-0.146932,0.022948
-0.072395,-0.106470,0.028750
-0.075127,-0.060560,0.025935
-0.074984,-0.030411,-0.000663
-0.079764,0.002110,-0.048780
-0.089627,0.043209,-0.100067
-0.086975,0.080956,-0.136350
-0.071820,0.097082,-0.148028
-0.054655,0.116114,-0.136947
-0.030501,0.094393,-0.106857
-0.014991,0.059879,-0.074815
0.001666,0.033975,-0.047075
0.023285,0.023127,-0.026833
0.033206,0.025223,-0.016258
0.036232,0.018921,-0.019713
0.032349,-0.004402,-0.025539
0.033316,-0.048964,-0.041229
0.024339,-0.112571,-0.075286
0.015264,-0.131368,-0.112079
0.005181,-0.098032,-0.132338
0.013741,-0.051001,-0.137372
0.039015,-0.013928,-0.114377
0.051660,-0.006917,-0.081742
0.058567,0.011622,-0.024406
0.072517,0.019512,0.032783
0.075771,-0.012947,0.070281
0.065325,-0.032467,0.099169
0.051873,-0.025148,0.119498
0.031452,0.018654,0.122871
0.005109,0.083957,0.113461
-0.018319,0.152684,0.082580
-0.035049,0.180828,0.048307
-0.040204,0.171603,0.011679
-0.043410,0.142061,-0.026055
-0.040752,0.082569,-0.059675
-0.030321,0.034679,-0.080288
-0.026734,0.007955,-0.083529
-0.029995,0.010830,-0.058598
-0.021329,0.045540,-0.013059
-0.034000,0.048449,0.012831
-0.034802,0.080443,0.013151
-0.038569,0.135068,-0.003650
-0.047419,0.197203,-0.023630
-0.052451,0.228391,-0.043871
-0.037979,0.206214,-0.065582
-0.018511,0.137022,-0.082300
0.012632,0.048559,-0.090648
0.049551,-0.004956,-0.073949
0.070843,-0.045716,-0.049691
0.096158,-0.041760,-0.008055
0.113795,-0.006839,0.036932
0.121677,0.019586,0.078604
0.111997,0.056703,0.116127
0.094536,0.056585,0.137350
0.072206,0.052195,0.144952
0.043214,0.033963,0.134581
0.021097,-0.018346,0.114323
0.004770,-0.087735,0.097077
-0.007631,-0.136737,0.072388
-0.018116,-0.148246,0.041361
-0.032631,-0.118073,0.012610
-0.065934,-0.045223,-0.007396
-0.090572,0.015803,-0.015774
-0.083001,0.036294,-0.027670
-0.074421,0.035446,-0.044986
-0.067810,0.026091,-0.062448
-0.052467,0.015542,-0.074359
-0.026334,0.001528,-0.068881
-0.006962,-0.019128,-0.041912
-0.000211,-0.028140,-0.004139
0.011603,-0.022155,0.030472
0.015702,-0.005433,0.063956
0.017901,-0.005605,0.083229
0.025974,-0.021683,0.091646
0.016433,-0.040818,0.086063
0.000039,-0.059663,0.052533
-0.002727,-0.078350,0.002906
-0.002802,-0.093935,-0.035981
-0.008951,-0.084040,-0.056529
-0.012245,-0.043410,-0.056396
-0.011556,0.023761,-0.046267
-0.007803,0.081190,-0.024357
0.012621,0.100076,0.002790
0.016478,0.073050,0.031711
0.006783,0.046122,0.052010
0.008016,0.034224,0.063834
0.010335,0.016073,0.062661
0.008643,-0.017901,0.042050
0.001976,-0.034670,0.017057
0.002053,-0.010955,0.004080
-0.000948,0.040414,0.000990
-0.010009,0.086348,0.004387
-0.010282,0.123652,0.010047
-0.011372,0.135322,0.012417
-0.012365,0.081917,0.002685
-0.005460,-0.029069,-0.019149
-0.004389,-0.133729,-0.031316
-0.018970,-0.199897,-0.041267
-0.019879,-0.172137,-0.041071
-0.024771,-0.081418,-0.033024
-0.024866,0.023246,-0.027143
-0.028916,0.123667,-0.024500
-0.031038,0.206129,-0.043400
-0.026392,0.253346,-0.059380
-0.024778,0.273885,-0.080815
-0.023159,0.233513,-0.097309
-0.010736,0.140701,-0.107574
-0.000103,0.029654,-0.113561
0.007637,-0.080446,-0.110861
0.023266,-0.137399,-0.083112
0.029218,-0.149534,-0.047663
0.030321,-0.129670,-0.005635
0.029552,-0.091614,0.038507
0.034608,-0.047028,0.071912
0.028886,0.022334,0.080863
0.016283,0.106905,0.062047
-0.000361,0.139328,0.024644
-0.011186,0.092822,-0.019797
-0.013256,0.003664,-0.070956
-0.014414,-0.066379,-0.111252
-0.006847,-0.085475,-0.121119
0.016372,-0.060094,-0.099387
0.023040,-0.050995,-0.054064
0.025882,-0.033301,-0.016139
0.024943,0.027066,0.028448
0.015257,0.095048,0.060166
0.008584,0.129068,0.075429
0.003888,0.092956,0.056902
-0.013507,0.011298,0.003636
-0.019276,-0.078863,-0.051885
-0.031130,-0.121114,-0.093117
-0.034321,-0.130463,-0.113733
-0.021919,-0.120865,-0.110498
-0.002484,-0.105073,-0.090978
0.017985,-0.112854,-0.064082
0.040478,-0.086580,-0.029340
0.054197,-0.016517,0.005676
0.063059,0.080140,0.055778
0.067013,0.144805,0.105552
0.061292,0.135017,0.128957
0.046884,0.078553,0.124055
0.025644,0.029760,0.097773
0.011118,-0.004981,0.052315
-0.012367,-0.015230,0.016615
-0.028159,-0.017003,-0.014675
-0.040018,-0.015652,-0.040506
-0.044996,-0.016563,-0.058701
-0.042180,-0.007893,-0.080939
-0.041414,0.012376,-0.088073
-0.026016,0.035641,-0.076866
-0.018324,0.025685,-0.050929
-0.006652,0.007188,-0.024006
-0.013457,0.011143,0.001948
-0.011405,0.040827,0.022580
-0.008299,0.067435,0.031355
-0.014015,0.060090,0.021553
-0.020799,0.039004,0.001879
-0.011125,0.031775,-0.013453
0.001400,0.051058,-0.015578
0.011892,0.061643,-0.001671
0.023413,0.071101,0.014480
0.028183,0.072012,0.031629
0.032043,0.045277,0.034692
0.030169,-0.000642,0.033344
0.023460,-0.063512,0.015848
0.027514,-0.108287,0.000714
0.027659,-0.114722,-0.001346
0.025809,-0.095621,0.009555
0.027901,-0.042396,0.029169
0.027018,0.000307,0.039937
0.027084,0.032401,0.044179
0.023245,0.053854,0.041978
0.007540,0.069936,0.040870
-0.003341,0.075274,0.044046
-0.008289,0.062535,0.037489
-0.017049,0.016686,0.028641
-0.016989,-0.064379,0.015315
-0.014956,-0.129563,0.010818
-0.025583,-0.140259,-0.001754
-0.022514,-0.111599,0.006205
-0.018473,-0.056196,0.017358
-0.009571,-0.004043,0.038022
-0.004608,0.044971,0.054314
-0.002536,0.079213,0.049126
-0.008345,0.111371,0.038559
-0.029902,0.124386,0.020343
-0.037844,0.095873,-0.011009
-0.051685,0.053482,-0.041420
-0.059659,-0.011266,-0.077382
-0.064718,-0.059014,-0.105683
-0.050219,-0.082472,-0.110113
-0.013191,-0.113636,-0.096210
0.015114,-0.149229,-0.071467
0.033673,-0.140002,-0.046350
0.050423,-0.081789,-0.000683
0.069184,-0.023538,0.049070
0.085027,0.009193,0.092093
0.080393,0.014330,0.120889
0.068932,0.004787,0.121694
0.045632,0.039126,0.114164
0.004497,0.075675,0.099130
-0.023062,0.094193,0.064834
-0.037811,0.101954,0.033808
-0.051559,0.078858,-0.009214
-0.057507,0.051461,-0.052187
-0.064436,0.028256,-0.081330
-0.051963,0.003905,-0.094589
-0.031676,0.016778,-0.092566
-0.032934,0.061586,-0.081704
-0.030234,0.121301,-0.068537
-0.025532,0.159565,-0.048993
-0.027668,0.124301,-0.048117
-0.033560,0.059100,-0.052569
-0.036413,-0.023142,-0.065614
-0.039243,-0.119242,-0.081953
-0.037131,-0.169454,-0.093727
-0.024283,-0.170566,-0.097802
-0.005745,-0.122660,-0.084552
0.005879,-0.037440,-0.062526
0.029334,0.037203,-0.047114
0.054758,0.100219,-0.039408
0.075243,0.138772,-0.037356
0.078947,0.181551,-0.030966
0.068782,0.218778,-0.001051
0.066410,0.218607,0.023448
0.059364,0.190641,0.041569
0.037811,0.115823,0.041254
0.030976,0.008954,0.035539
0.026280,-0.093738,0.035326
0.007972,-0.170713,0.031915
0.013137,-0.192127,0.029830
0.018219,-0.131404,0.041069
0.009484,-0.029025,0.061968
-0.001336,0.082981,0.084982
-0.024879,0.193044,0.087607
-0.041653,0.258509,0.064177
-0.061380,0.292071,0.021367
-0.081208,0.264751,-0.023899
-0.079578,0.161597,-0.073807
-0.065096,0.009121,-0.107827
-0.044641,-0.166847,-0.138869
-0.014394,-0.307867,-0.132315
0.019817,-0.336013,-0.094898
0.031575,-0.271360,-0.043000
0.038522,-0.120177,0.007289
0.050444,0.069509,0.057676
0.064178,0.211191,0.104476
0.059226,0.291028,0.140173
0.042632,0.276127,0.145175
0.026092,0.206052,0.111236
0.014453,0.123338,0.051658
-0.008970,0.027807,-0.015318
-0.027635,-0.045437,-0.068192
-0.041379,-0.111431,-0.094286
-0.023827,-0.154080,-0.105195
-0.018040,-0.134040,-0.085586
-0.030838,-0.084148,-0.060427
-0.016183,-0.017161,-0.036222
-0.016103,0.027447,-0.011241
-0.016066,0.022103,-0.007080
-0.012160,0.009210,0.001406
-0.009213,-0.020742,0.006573
0.006448,-0.041106,0.008726
0.014384,-0.063579,0.006614
0.010573,-0.092445,0.010693
0.018591,-0.093450,0.004248
0.026579,-0.068829,0.005298
0.030438,-0.031440,0.012829
0.025316,0.040051,0.029132
0.016241,0.124270,0.060385
0.001397,0.206491,0.072441
-0.015321,0.254579,0.073714
-0.022216,0.222724,0.047934
-0.026030,0.135381,0.002853
-0.017083,-0.016012,-0.043749
-0.005257,-0.153625,-0.080579
-0.007086,-0.241232,-0.090458
0.007642,-0.254235,-0.074361
0.034155,-0.211858,-0.032414
0.047040,-0.141565,-0.000089
0.040244,-0.034969,0.034574
0.023480,0.101392,0.083383
-0.000232,0.218627,0.115085
-0.025828,0.276347,0.111137
-0.041542,0.265910,0.086383
-0.056223,0.190637,0.027984
-0.063172,0.089809,-0.038092
-0.071195,0.021960,-0.091075
-0.067458,-0.026756,-0.133244
-0.038277,-0.086346,-0.155100
0.006601,-0.104703,-0.141094
0.033886,-0.101979,-0.101126
0.055425,-0.071706,-0.037406
0.068288,-0.020024,0.027366
0.074379,0.022187,0.083342
0.069654,0.066720,0.123159
0.049208,0.102847,0.147921
0.026876,0.117912,0.137261
0.010443,0.078798,0.098318
-0.010003,-0.007112,0.044972
-0.028613,-0.084427,-0.014727
-0.046358,-0.098858,-0.063245
-0.057366,-0.057009,-0.080231
-0.053669,0.002869,-0.086314
-0.044975,0.048816,-0.090270
-0.029430,0.073251,-0.077230
-0.004195,0.072015,-0.067385
0.011241,0.076867,-0.027383
0.005190,0.056183,0.001750
0.001336,0.023876,0.016890
-0.006232,-0.025332,0.016791
-0.008827,-0.100989,-0.000864
-0.016350,-0.186952,-0.051980
-0.022041,-0.239793,-0.098741
-0.021034,-0.201012,-0.123423
-0.013439,-0.128296,-0.123212
0.002824,-0.050499,-0.103463
0.018118,0.017491,-0.067580
0.031556,0.085325,-0.021875
0.039172,0.115755,0.029929
0.050762,0.133466,0.070944
0.047883,0.141614,0.104454
0.040350,0.139253,0.120713
0.024142,0.079502,0.111824
0.018641,-0.024852,0.082123
0.008311,-0.105548,0.037507
0.009579,-0.148821,-0.008035
0.015506,-0.137764,-0.037190
0.017392,-0.082068,-0.041443
0.021139,0.001273,-0.033698
0.016941,0.076965,-0.011955
0.027401,0.130045,0.017452
0.027185,0.143483,0.051125
0.013299,0.124882,0.076226
0.003580,0.090364,0.087365
-0.001108,0.022971,0.084091
-0.013606,-0.076248,0.071694
-0.019308,-0.105934,0.054206
-0.033877,-0.085401,0.040107
-0.038692,-0.019961,0.019881
-0.042664,0.050789,0.001859
-0.048648,0.088414,-0.015282
-0.042015,0.114255,-0.028216
-0.035454,0.125141,-0.039146
-0.025026,0.125259,-0.045730
-0.015538,0.108311,-0.054568
-0.010815,0.075381,-0.066742
-0.005966,-0.008771,-0.086670
0.024409,-0.120958,-0.087247
0.037228,-0.208731,-0.074729
0.050079,-0.211259,-0.043390
0.042380,-0.108087,-0.011311
0.026864,0.049360,0.044625
0.005509,0.162235,0.072349
-0.021659,0.213418,0.072881
-0.033170,0.182635,0.050232
-0.033076,0.089047,0.012009
-0.038982,-0.023748,-0.026383
-0.039158,-0.126893,-0.059581
-0.037412,-0.169383,-0.068815
-0.027747,-0.164985,-0.073301
-0.010244,-0.107177,-0.085845
-0.009427,-0.016458,-0.075705
-0.015525,0.060229,-0.045399
-0.002021,0.085724,-0.025013
0.035068,0.108056,-0.020439
0.039941,0.142094,-0.025093
0.011518,0.115175,-0.019458
0.028211,0.009201,-0.009027
0.027466,-0.166035,-0.003627
0.050190,-0.270792,0.005373
0.061108,-0.229532,0.048490
0.056345,-0.132694,0.090795
0.049646,-0.041074,0.119155
0.040074,0.045303,0.138862
0.022649,0.114900,0.125237
0.014887,0.174889,0.109451
0.011912,0.180499,0.082635
0.010944,0.097590,0.043436
0.028648,-0.014293,0.013828
0.021860,-0.125341,0.007843
0.006187,-0.173637,0.026983
0.000349,-0.124907,0.062839
-0.007340,-0.033454,0.100004
-0.026665,0.057167,0.114581
-0.041068,0.095729,0.104063
-0.057514,0.084319,0.074872
-0.070178,0.030451,0.020675
-0.072229,-0.004180,-0.034483
-0.077335,-0.003781,-0.068990
-0.081584,0.018939,-0.092619
-0.075999,0.036191,-0.105490
-0.054704,0.024507,-0.116186
-0.034344,-0.003404,-0.107622
-0.015966,-0.046408,-0.087275
0.012346,-0.059731,-0.048384
0.029043,-0.061277,-0.013677
0.040921,-0.063812,0.020817
0.055826,-0.028772,0.037256
0.059998,0.024410,0.062213
0.055350,0.067083,0.075151
0.052633,0.071625,0.059832
0.056700,0.054953,0.032493
0.042968,0.032925,0.007256
0.031887,0.037337,0.000642
0.019776,0.058675,0.002922
0.008782,0.056469,0.006230
0.015586,-0.001362,0.014653
0.014697,-0.089153,0.025125
0.005113,-0.158857,0.040074
-0.005353,-0.168770,0.059626
-0.010865,-0.127356,0.075148
-0.011500,-0.050582,0.083268
-0.021998,0.032715,0.082761
-0.030621,0.087351,0.074297
-0.019880,0.124977,0.058198
-0.023845,0.119923,0.040686
-0.017232,0.090422,0.005984
-0.016488,0.057562,-0.016833
-0.023589,0.017240,-0.042871
-0.022802,-0.042461,-0.057119
-0.018977,-0.104356,-0.066001
-0.004333,-0.142890,-0.061833
-0.001395,-0.112199,-0.037896
0.000524,-0.020710,-0.003965
0.004482,0.083628,0.033095
0.018319,0.135741,0.062228
0.026264,0.126153,0.068381
0.021424,0.102789,0.063707
0.018477,0.079506,0.048361
0.004754,0.062539,0.041663
-0.011841,-0.006701,0.029258
-0.021481,-0.123783,-0.009119
-0.028143,-0.229125,-0.047399
-0.031893,-0.266270,-0.073347
-0.021998,-0.264169,-0.072195
-0.007292,-0.236523,-0.066474
0.008341,-0.163175,-0.038970
0.018101,-0.040738,-0.008966
0.007339,0.093539,0.011459
0.004393,0.249285,0.010816
-0.019117,0.367671,0.013027
-0.037029,0.418032,-0.012189
-0.059836,0.358484,-0.038340
-0.053209,0.225423,-0.081106
-0.035840,0.084923,-0.121924
-0.028327,-0.014197,-0.130399
-0.017990,-0.059126,-0.111666
0.028641,-0.050039,-0.049578
0.050988,-0.054874,0.009384
0.068575,-0.018092,0.068697
0.070556,0.050820,0.119608
0.064862,0.151840,0.161130
0.051441,0.175212,0.176242
0.044916,0.096593,0.137021
0.034546,-0.029793,0.070592
0.020146,-0.131664,0.007578
0.009499,-0.168632,-0.031376
0.010448,-0.173882,-0.040013
0.005434,-0.149533,-0.021519
-0.002421,-0.110304,0.003530
-0.007215,-0.079576,0.025275
-0.008977,-0.073203,0.029591
-0.006886,-0.060288,0.024182
-0.015672,-0.026074,0.027435
-0.020651,0.035885,0.031964
-0.036401,0.111713,0.035575
-0.045300,0.170400,0.037130
-0.045281,0.180884,0.047120
-0.039333,0.095419,0.035148
-0.052867,-0.033745,0.014305
-0.061459,-0.146785,-0.015079
-0.050460,-0.228799,-0.044407
-0.051242,-0.281912,-0.072681
-0.051218,-0.278339,-0.102906
-0.052289,-0.172353,-0.117550
-0.044743,-0.000372,-0.108196
-0.035364,0.175735,-0.089024
-0.027989,0.316687,-0.088079
-0.033243,0.373352,-0.097297
-0.018861,0.294507,-0.118151
0.023958,0.132236,-0.129789
0.041384,-0.074016,-0.123422
0.059818,-0.207894,-0.092943
0.078411,-0.230887,-0.043502
0.105017,-0.187707,0.017971
0.108179,-0.104915,0.076299
0.089851,-0.005877,0.117406
0.072491,0.108364,0.134946
0.055075,0.193032,0.110645
0.025857,0.216877,0.077461
-0.001558,0.155462,0.025496
-0.016331,0.055553,-0.023454
-0.029172,-0.060472,-0.063887
-0.032268,-0.131778,-0.089039
-0.044247,-0.126520,-0.083564
-0.048449,-0.068973,-0.077647
-0.052558,0.023761,-0.062994
-0.058557,0.129398,-0.057902
-0.060672,0.203007,-0.053043
-0.043245,0.211438,-0.046420
-0.031621,0.161317,-0.060523
-0.032664,0.070601,-0.068580
-0.022940,-0.032875,-0.075813
-0.016061,-0.120289,-0.087241
-0.008261,-0.169301,-0.093080
0.000404,-0.155533,-0.079097
0.012932,-0.104571,-0.048706
0.018726,-0.047226,-0.016117
0.039348,0.008091,0.003624
0.040469,0.041165,0.004967
0.042459,0.063739,-0.008870
0.050252,0.084127,-0.013178
0.039475,0.079953,-0.017642
0.030662,0.050300,-0.033125
0.015908,0.039800,-0.043076
0.001845,0.070767,-0.036596
0.000460,0.104757,-0.016024
0.001212,0.106746,-0.004124
0.003161,0.057627,-0.005501
0.013039,-0.008610,-0.007951
0.021918,-0.084610,0.001437
0.036678,-0.138339,0.022879
0.038859,-0.134358,0.043536
0.042049,-0.060968,0.074066
0.048175,0.063632,0.113426
0.049371,0.139268,0.139498
0.047571,0.148804,0.156490
0.037010,0.110426,0.160250
0.030315,0.042467,0.126375
0.006882,-0.003027,0.081043
-0.034220,-0.026148,0.039133
-0.058721,-0.073873,0.003448
-0.066527,-0.138740,-0.033249
-0.055607,-0.186715,-0.054687
-0.045647,-0.223083,-0.062089
-0.037750,-0.213649,-0.056336
-0.028879,-0.151958,-0.037508
-0.016995,-0.055084,-0.006796
-0.006138,0.030154,0.019363
0.004531,0.112205,0.045458
-0.003493,0.194250,0.072614
-0.005656,0.224160,0.081150
-0.006708,0.220098,0.062797
-0.027235,0.151131,0.019348
-0.029245,0.046986,-0.032860
-0.015646,-0.062772,-0.063471
-0.009888,-0.151402,-0.070335
-0.005056,-0.187876,-0.060726
0.003779,-0.143310,-0.035635
0.003824,-0.050649,-0.008243
0.003775,0.060214,0.017049
0.001725,0.170109,0.034754
-0.010101,0.237447,0.037124
-0.026835,0.245211,0.010273
-0.035790,0.207180,-0.033933
-0.030180,0.141306,-0.069749
-0.001149,0.023827,-0.069441
0.029958,-0.111999,-0.054106
0.051603,-0.228674,-0.028001
0.067610,-0.251421,0.009295
0.080724,-0.184544,0.057837
0.084959,-0.095164,0.100048
0.066666,-0.039903,0.137714
0.039658,-0.037681,0.133320
0.012667,-0.037239,0.085107
-0.037053,-0.011169,0.033925
-0.076337,0.029741,-0.005366
-0.106893,0.037482,-0.040522
-0.122702,-0.004785,-0.093214
-0.115967,-0.051292,-0.143925
-0.109303,-0.049916,-0.174005
-0.091062,-0.024129,-0.189938
-0.054247,-0.006095,-0.181140
-0.004647,0.004222,-0.152936
0.023459,0.002634,-0.105566
0.056537,0.025543,-0.046369
0.058509,0.067800,0.005305
0.064413,0.095212,0.051375
0.074132,0.117357,0.084674
0.058618,0.123763,0.085765
0.037291,0.080224,0.061833
0.032573,0.028267,0.023924
0.027733,-0.013087,-0.006397
0.017803,-0.022521,-0.023652
0.008804,0.013792,-0.022384
-0.000239,0.068168,-0.010298
-0.000405,0.110746,0.003934
0.002488,0.136198,0.013977
-0.000448,0.121020,0.031205
0.001515,0.082327,0.049384
0.004544,0.026630,0.060963
0.011484,-0.042874,0.068070
0.023289,-0.092064,0.076289
0.019459,-0.092048,0.084613
-0.002992,-0.036365,0.079347
-0.020544,0.026930,0.061222
-0.037150,0.089143,0.041037
-0.053797,0.119445,0.005674
-0.049951,0.096318,-0.029950
-0.032430,0.050609,-0.059034
-0.018873,-0.025223,-0.069952
0.005528,-0.099180,-0.057172
0.029069,-0.132671,-0.032325
0.040009,-0.120234,0.002209
0.047106,-0.081090,0.043168
0.054988,-0.037624,0.080885
0.046233,0.023016,0.110118
0.025888,0.070094,0.111233
-0.000304,0.098245,0.081124
-0.031493,0.091351,0.029360
-0.046242,0.063081,-0.021450
-0.054235,0.033697,-0.070054
-0.064246,-0.007582,-0.101618
-0.053792,-0.023470,-0.114612
-0.033532,-0.025606,-0.114626
-0.024980,-0.013888,-0.111338
-0.023250,-0.010658,-0.111384
-0.007787,0.010536,-0.098268
0.021431,0.015364,-0.058204
0.020420,-0.029981,-0.024786
0.021557,-0.060376,0.007680
0.026855,-0.062923,0.038023
0.039053,-0.074934,0.058508
0.042321,-0.085701,0.065988
0.037736,-0.062110,0.061704
0.038908,-0.033112,0.058323
0.051580,-0.005201,0.056034
0.050429,0.035481,0.058123
0.049244,0.074050,0.061182
0.040191,0.110426,0.068563
0.034174,0.135097,0.064252
0.036093,0.125558,0.051452
0.042923,0.098711,0.050624
0.034151,0.024696,0.072969
0.047010,-0.054809,0.106131
0.046494,-0.117179,0.138230
0.038238,-0.130336,0.165186
0.018198,-0.087799,0.179527
0.000915,-0.035498,0.185161
-0.016395,0.013842,0.165044
-0.038654,0.022801,0.127413
-0.063950,0.016976,0.074607
-0.068848,-0.004810,0.019454
-0.071031,-0.019122,-0.033554
-0.089987,-0.006939,-0.071220
-0.089402,0.026404,-0.091497
-0.090715,0.068141,-0.097733
-0.090979,0.074762,-0.114982
-0.083390,0.076051,-0.134377
-0.073882,0.082588,-0.143040
-0.049685,0.071807,-0.135522
-0.024524,0.014900,-0.112077
-0.021765,-0.037863,-0.078859
-0.011027,-0.044840,-0.037672
-0.007909,-0.016546,-0.000518
-0.016376,-0.045594,0.005082
-0.004233,-0.097847,-0.016363
-0.002865,-0.126440,-0.045415
0.006143,-0.138892,-0.080958
0.018836,-0.122563,-0.104673
0.040224,-0.102109,-0.106014
0.060581,-0.062497,-0.098699
0.066137,-0.014411,-0.079641
0.062745,0.057002,-0.048493
0.058426,0.133568,-0.005322
0.064038,0.181299,0.027211
0.059019,0.173505,0.047865
0.048274,0.153868,0.074969
0.028829,0.104548,0.083531
0.023234,0.031794,0.089689
0.024634,-0.056824,0.083840
0.027953,-0.142071,0.061887
0.019352,-0.165469,0.049980
-0.001136,-0.122782,0.053471
-0.006965,-0.061959,0.062354
-0.014719,0.003231,0.061608
-0.034248,0.047261,0.039288
-0.048044,0.072083,0.019942
-0.055987,0.075533,-0.004734
-0.055013,0.023561,-0.041556
-0.055021,-0.043313,-0.081740
-0.045305,-0.084702,-0.104650
-0.036689,-0.076152,-0.104611
-0.030073,-0.047610,-0.076474
-0.029332,-0.001034,-0.040583
-0.035358,0.049798,-0.003579
-0.038268,0.076318,0.012745
-0.045958,0.077570,-0.009690
-0.051809,0.065035,-0.045016
-0.055749,0.042863,-0.077197
-0.057719,-0.000584,-0.117055
-0.041110,-0.069585,-0.160413
-0.026631,-0.107685,-0.192936
-0.015260,-0.091648,-0.189741
0.001971,-0.051399,-0.153057
0.018243,-0.026183,-0.111024
0.030804,0.011858,-0.067889
0.039577,0.056506,-0.038832
0.045314,0.095926,-0.013237
0.056885,0.128948,0.006021
0.068577,0.134210,0.020895
0.075499,0.099943,0.028239
0.080529,0.050840,0.022642
0.091442,0.016704,0.018139
0.099349,0.010203,0.028800
0.096456,0.018622,0.043819
0.086772,0.031256,0.063200
0.080029,0.046010,0.082635
0.066396,0.073577,0.096929
0.042863,0.095847,0.108985
0.026106,0.126693,0.113692
0.003541,0.154344,0.118353
-0.022921,0.145910,0.102325
-0.037631,0.090660,0.070902
-0.046475,0.025811,0.037296
-0.054289,-0.016598,0.003799
-0.052408,-0.046394,-0.001898
-0.042757,-0.040057,0.010877
-0.048692,-0.030620,0.034401
-0.047715,-0.004114,0.061217
-0.047694,0.047076,0.073235
-0.058445,0.096263,0.071296
-0.077014,0.116797,0.046737
-0.089686,0.099038,-0.002519
-0.094463,0.039773,-0.067056
-0.091520,-0.051504,-0.132913
-0.080875,-0.115227,-0.176078
-0.064426,-0.141844,-0.186917
-0.043070,-0.143974,-0.184856
-0.014811,-0.120550,-0.170926
0.016361,-0.081192,-0.150397
0.036829,-0.041826,-0.128843
0.056231,-0.011074,-0.100885
0.069799,0.011053,-0.064402
0.061899,0.015098,-0.038685
0.055961,0.010772,-0.032297
0.054988,0.018145,-0.024661
0.051142,0.025570,-0.021342
0.044264,0.018063,-0.019216
0.053995,0.026549,-0.014829
0.063702,0.067993,0.008983
0.062638,0.105065,0.042439
0.071413,0.118668,0.073588
0.076410,0.110943,0.101381
0.058888,0.069101,0.121487
0.044279,0.037954,0.138483
0.026842,0.022948,0.141667
0.000671,-0.019642,0.126420
-0.015621,-0.088731,0.090613
-0.018219,-0.166259,0.041926
-0.013119,-0.218196,-0.002310
-0.006207,-0.178588,-0.013806
-0.006302,-0.074164,0.009436
-0.008509,0.031008,0.066987
-0.014517,0.110589,0.117995
-0.024136,0.142385,0.138702
-0.026820,0.140267,0.134458
-0.041315,0.120197,0.110744
-0.061708,0.072586,0.067441
-0.065586,0.015497,0.011177
-0.073443,-0.041556,-0.041000
-0.060840,-0.049612,-0.082067
-0.066924,0.012626,-0.106502
-0.065377,0.085269,-0.102961
-0.062915,0.138566,-0.092943
-0.056452,0.148006,-0.080932
-0.040040,0.097616,-0.068188
-0.028379,0.019510,-0.065168
-0.022459,-0.067082,-0.066534
-0.017390,-0.142988,-0.066803
-0.001453,-0.196396,-0.071300
0.014537,-0.219772,-0.081173
0.019672,-0.191910,-0.088564
0.031497,-0.120287,-0.090384
0.049041,-0.037042,-0.072976
0.059679,0.049332,-0.045942
0.061352,0.119698,-0.024268
0.054189,0.172881,0.003823
0.045080,0.210028,0.023488
0.022345,0.202380,0.031210
0.003611,0.158625,0.020393
-0.008157,0.068061,-0.006882
-0.004220,-0.025722,-0.033092
-0.001260,-0.107950,-0.038854
-0.001266,-0.175349,-0.032701
0.014515,-0.183110,-0.005860
0.039225,-0.158776,0.017905
0.061011,-0.109882,0.044967
0.077765,-0.035409,0.083828
0.077770,0.042262,0.121682
0.061113,0.098648,0.150842
0.033754,0.140217,0.164913
0.012328,0.140412,0.149767
-0.023722,0.104461,0.113041
-0.058750,0.034532,0.053620
-0.077147,-0.057741,-0.013477
-0.088783,-0.135118,-0.075106
-0.087825,-0.152853,-0.120242
-0.075217,-0.119652,-0.132829
-0.047016,-0.073983,-0.114097
-0.034486,-0.048649,-0.090150
-0.016949,-0.025443,-0.070423
-0.004296,0.034015,-0.037761
-0.012276,0.089285,-0.006393
-0.015346,0.110606,0.003257
-0.023163,0.110732,-0.005437
-0.030000,0.068317,-0.033694
-0.030031,0.006789,-0.075953
-0.024214,-0.049566,-0.104148
-0.014552,-0.101822,-0.115131
0.005837,-0.126545,-0.103366
0.022404,-0.115121,-0.072119
0.033158,-0.051412,-0.036239
0.044870,0.025121,0.002839
0.052615,0.090997,0.042834
0.056485,0.111195,0.059937
0.049713,0.089958,0.055301
0.051761,0.044319,0.029170
0.057741,-0.005711,0.012736
0.053866,-0.060088,0.003792
0.064634,-0.087061,0.030483
0.059822,-0.096024,0.073356
0.048226,-0.093231,0.114190
0.045607,-0.052964,0.142462
0.026518,-0.027441,0.153362
0.009283,-0.019747,0.132969
-0.007120,0.015758,0.105319
-0.019768,0.033139,0.076423
-0.032521,0.064429,0.046503
-0.041451,0.095613,0.026274
-0.040660,0.102047,0.023109
-0.030101,0.105064,0.034074
-0.030185,0.066425,0.044794
-0.029177,0.002281,0.044561
-0.029964,-0.053200,0.035704
-0.040523,-0.078641,0.021449
-0.060035,-0.048516,0.005372
-0.074820,0.025381,-0.010388
-0.088665,0.115242,-0.025904
-0.089757,0.161462,-0.055673
-0.072337,0.143711,-0.097629
-0.056024,0.115226,-0.131145
-0.036855,0.083343,-0.149534
0.000950,0.005250,-0.138181
0.030064,-0.103952,-0.114115
0.036833,-0.180145,-0.077033
0.046685,-0.155990,-0.035025
0.039008,-0.076294,0.008361
0.036269,0.009988,0.032500
0.023737,0.071865,0.041429
0.012097,0.107263,0.028697
0.008227,0.090405,0.007072
0.008170,0.060738,-0.016740
0.005150,0.020417,-0.039642
0.003958,-0.014545,-0.064651
0.005694,-0.003796,-0.072086
0.000637,0.015402,-0.068759
0.014236,-0.000753,-0.058051
0.037727,-0.025548,-0.044004
0.043597,-0.040867,-0.016994
0.048514,-0.028542,0.026200
0.051573,-0.006600,0.071532
0.054726,-0.015488,0.104797
0.056897,-0.023166,0.131421
0.039427,0.010912,0.148622
0.025828,0.066454,0.157320
0.004444,0.101949,0.137015
-0.020834,0.079975,0.091765
-0.039222,0.014390,0.028005
-0.046946,-0.058683,-0.033682
-0.064687,-0.087109,-0.076763
-0.069880,-0.066729,-0.086279
-0.063356,-0.016593,-0.080581
-0.062626,0.040958,-0.071540
-0.069634,0.082558,-0.065914
-0.063914,0.079465,-0.076680
-0.044483,0.048521,-0.081132
-0.022131,-0.003858,-0.081337
-0.023229,-0.063710,-0.080548
-0.010487,-0.077813,-0.065422
0.000374,-0.069494,-0.045955
0.008326,-0.055748,-0.032960
0.024062,-0.026950,-0.026404
0.025042,0.006125,-0.016702
0.028903,0.040265,-0.006979
0.033769,0.057364,-0.004809
0.035674,0.047866,-0.012489
0.037536,0.014873,-0.018224
0.035484,-0.021414,-0.017475
0.049099,-0.042912,-0.004697
0.052058,-0.045378,0.023343
0.046235,-0.026425,0.046135
0.041488,0.025621,0.072305
0.040689,0.050051,0.089540
0.029152,0.052309,0.080869
0.002857,0.040795,0.059268
-0.012743,0.030396,0.034415
-0.025455,0.029676,0.000035
-0.037296,0.014010,-0.035501
-0.042416,0.029153,-0.054731
-0.051443,0.049544,-0.064275
-0.048722,0.034608,-0.066501
-0.029279,-0.002854,-0.066519
-0.011720,-0.025515,-0.056639
-0.003968,-0.026971,-0.029486
0.009705,-0.001791,0.009503
0.013701,0.018096,0.048332
0.018725,0.031756,0.070965
0.013950,0.035964,0.085800
0.008163,0.047836,0.082413
-0.006400,0.066278,0.062955
-0.025950,0.063526,0.025153
-0.032868,0.045785,-0.013693
-0.034031,0.004537,-0.051610
-0.036175,-0.011180,-0.084923
-0.031488,-0.001412,-0.104094
-0.017109,0.015638,-0.102842
-0.016420,0.019761,-0.089875
0.000952,0.031308,-0.072544
-0.000067,0.037472,-0.047814
-0.007908,0.028808,-0.033961
-0.000051,0.018061,-0.025485
0.002984,0.018067,-0.025499
0.003990,0.003174,-0.028884
0.004007,-0.015949,-0.034497
-0.001889,-0.003030,-0.042005
0.000891,0.031090,-0.033280
0.003621,0.064184,-0.031992
0.009345,0.068382,-0.030726
0.017141,0.039529,-0.039227
0.020061,-0.014986,-0.043629
0.027923,-0.081263,-0.042837
0.038750,-0.124212,-0.023680
0.038902,-0.129798,0.002027
0.045897,-0.090591,0.036545
0.043079,-0.008612,0.068056
0.031450,0.075652,0.086645
0.026491,0.151392,0.105128
0.010680,0.192061,0.103064
0.002689,0.175219,0.084538
0.002665,0.124345,0.044506
-0.000215,0.043632,-0.002158
-0.014959,-0.031743,-0.046694
-0.027811,-0.062480,-0.068417
-0.023058,-0.062405,-0.073842
-0.018311,-0.035888,-0.056464
-0.020391,0.005317,-0.018434
-0.016519,0.033651,0.018615
-0.014442,0.037554,0.041570
-0.014172,0.009638,0.048057
-0.007054,-0.027682,0.038253
0.003859,-0.062834,0.032565
0.007848,-0.078645,0.017278
0.015769,-0.069889,0.007363
0.026576,-0.049355,-0.005689
0.037349,-0.025737,-0.005861
0.041184,-0.002250,0.003719
0.042955,0.027296,0.042488
0.037946,0.043950,0.080332
0.032156,0.040395,0.106328
