0.002874,-0.016257,-0.023206
0.004785,-0.003422,-0.026305
0.004815,0.010438,-0.025151
0.001009,0.015802,-0.026157
-0.000807,0.012585,-0.025122
-0.003668,0.006173,-0.024096
-0.001690,-0.008767,-0.023134
-0.002702,-0.018420,-0.017851
0.000146,-0.023850,-0.008306
-0.000004,-0.022834,-0.002971
0.000852,-0.019678,0.001288
-0.000244,-0.021833,0.003398
-0.002336,-0.023999,0.006570
-0.001487,-0.026070,0.000178
0.004248,-0.020677,-0.005082
0.003182,-0.009901,-0.015620
0.005864,-0.001313,-0.020892
0.003523,-0.000279,-0.017713
0.003051,-0.002416,-0.017752
0.004773,-0.006639,-0.021992
0.007605,-0.008793,-0.019861
0.008547,-0.011949,-0.024091
0.007238,-0.012929,-0.032582
0.000891,-0.010786,-0.033645
-0.001620,-0.004396,-0.032563
-0.000049,0.005219,-0.033526
0.001069,0.016957,-0.234848
0.024217,0.008620,-0.461290
0.022142,0.005818,-0.195398
-0.004617,-0.005780,-0.001900
-0.008658,-0.015191,-0.018691
-0.003705,-0.024867,-0.012512
-0.006923,-0.025924,-0.013547
-0.006200,-0.013113,-0.014565
-0.005527,0.006123,-0.017657
-0.008711,0.017847,-0.016549
-0.011294,0.024252,-0.016508
-0.008943,0.024229,-0.014407
-0.008140,0.015691,-0.014453
-0.004927,0.000754,-0.014542
-0.005537,-0.012046,-0.014620
-0.003465,-0.017400,-0.012517
-0.003407,-0.029172,-0.009414
-0.002470,-0.037666,-0.013726
-0.001438,-0.026984,-0.014715
-0.000354,-0.012060,-0.013586
0.000865,0.005010,-0.013478
-0.000797,0.018859,-0.011270
-0.003393,0.020984,-0.010183
-0.005083,0.013547,-0.013411
-0.003948,-0.002433,-0.015604
-0.002899,-0.019524,-0.013575
-0.002934,-0.024854,-0.013567
-0.004086,-0.027019,-0.010389
-0.004302,-0.021729,-0.006111
-0.007337,-0.007845,-0.007037
-0.008298,0.002807,-0.004844
-0.007251,0.001802,-0.011240
-0.006180,-0.004573,-0.014470
-0.006108,-0.009939,-0.011306
-0.006051,-0.019530,-0.012445
-0.007036,-0.025955,-0.010392
-0.007134,-0.018466,-0.012491
-0.007200,-0.002475,-0.011360
-0.009071,0.014564,-0.008076
-0.007909,0.026236,-0.001642
-0.009630,0.025118,0.003674
-0.008451,0.004869,0.001437
-0.009308,-0.018624,0.003395
-0.010251,-0.037808,0.001140
-0.010364,-0.036742,0.001185
-0.009551,-0.037827,0.003332
-0.008668,-0.024999,0.001293
-0.006744,-0.011153,0.003460
-0.007643,0.001590,0.008816
-0.010402,0.009056,0.008833
-0.010166,0.016525,0.008841
-0.007951,0.021858,0.008846
-0.005788,0.016466,0.014077
-0.005684,-0.000606,0.013963
-0.001778,-0.018784,0.018082
0.000064,-0.034724,0.011618
0.001826,-0.042262,0.017955
0.001609,-0.049721,0.016829
0.003367,-0.040135,0.019013
0.003191,-0.025208,0.020183
0.003099,-0.012419,0.021316
0.004098,-0.008140,0.020292
0.007035,-0.010251,0.018158
0.013841,-0.016576,0.010709
0.015701,-0.028238,0.003215
0.015576,-0.034554,-0.005315
0.012498,-0.024866,-0.013755
0.009405,-0.020589,-0.014806
0.005404,-0.005653,-0.014710
0.006352,0.000727,-0.012553
0.003445,0.002840,-0.010434
0.003404,-0.002517,-0.008365
0.002375,-0.012146,-0.006305
0.004187,-0.019599,-0.007362
0.004002,-0.029155,-0.011620
0.002813,-0.034425,-0.018005
0.003560,-0.036608,-0.012706
-0.000557,-0.033439,-0.009509
-0.003636,-0.023884,-0.005186
-0.006661,-0.016439,-0.003047
-0.009635,-0.013245,-0.002003
-0.007734,-0.011115,-0.002039
-0.008739,-0.003626,-0.004138
-0.006818,-0.000401,-0.006204
-0.007813,-0.003624,-0.004103
-0.006878,-0.014260,-0.007331
-0.006020,-0.024918,-0.008415
-0.006152,-0.034540,-0.006335
-0.006333,-0.038869,0.000042
-0.006514,-0.031421,0.002216
-0.007618,-0.019704,0.004419
-0.006724,-0.003743,0.008754
-0.008659,0.007950,0.013045
-0.007631,0.010071,0.014090
-0.002701,0.004755,0.011936
-0.002689,-0.000558,0.009795
0.000183,-0.012319,0.012958
0.000082,-0.028289,0.009697
-0.003041,-0.042153,0.008544
-0.004275,-0.041085,0.008553
-0.001587,-0.028270,0.007548
-0.005639,-0.018720,0.012923
-0.004731,-0.002750,0.016219
-0.002777,0.003617,0.019416
0.001129,0.004663,0.021519
0.005026,-0.000650,0.019364
0.007932,-0.006999,0.014003
0.008858,-0.012259,0.006543
0.009731,-0.015365,-0.003034
0.008659,-0.015342,-0.005135
0.006631,-0.019526,-0.013653
0.006578,-0.010988,-0.013557
0.004584,-0.002547,-0.003955
-0.001279,0.005949,0.000384
-0.004158,0.009132,0.002526
-0.006088,0.000563,0.005635
-0.007116,-0.005871,0.008769
-0.004279,-0.012262,0.007673
-0.002468,-0.026132,0.007558
-0.002648,-0.035682,0.002190
-0.003857,-0.035685,0.002205
-0.000181,-0.027142,0.001163
-0.003228,-0.016463,0.000154
-0.002299,-0.001526,0.000243
0.001645,0.011240,0.004576
0.000726,0.006973,0.004560
0.003686,-0.001566,0.004536
0.003675,-0.011146,0.002357
0.005542,-0.020694,-0.002983
0.004451,-0.021770,-0.001904
0.006250,-0.013228,-0.001809
0.006190,-0.004638,-0.007033
0.001301,0.007103,-0.006924
-0.000593,0.009235,-0.006933
-0.002502,0.008174,-0.008044
-0.002448,0.011385,-0.009098
-0.000452,0.011383,-0.009119
0.001560,0.009226,-0.007029
0.000583,0.010293,-0.007013
-0.000361,0.010228,-0.000654
-0.001335,0.001699,-0.001817
-0.000370,-0.002525,-0.006077
-0.002380,-0.011094,-0.002955
-0.000532,-0.023949,0.002280
-0.000681,-0.029258,0.000131
-0.000852,-0.035629,-0.003108
-0.001041,-0.029228,-0.003066
0.001778,-0.013254,0.000243
0.001743,-0.001551,0.003516
0.002743,0.001650,0.003537
0.001787,0.001631,0.005651
0.003758,-0.004687,-0.002900
0.004721,-0.006781,-0.007162
0.005682,-0.005640,-0.014579
0.005674,-0.004550,-0.016700
0.005662,-0.000260,-0.018784
0.003713,0.007222,-0.019766
0.003762,0.005024,-0.013419
0.000874,-0.000293,-0.015608
0.002817,-0.007741,-0.017788
-0.000174,-0.017408,-0.011485
0.000669,-0.025944,-0.011546
0.000547,-0.026978,-0.014732
-0.000584,-0.028058,-0.013708
-0.002674,-0.021732,-0.006224
-0.003765,-0.014254,-0.007254
-0.003819,-0.004674,-0.005083
-0.005751,-0.000394,-0.006100
-0.005729,-0.000392,-0.006094
-0.005704,-0.000369,-0.008202
-0.004726,-0.005633,-0.014582
-0.004731,-0.005663,-0.011385
-0.004735,-0.002498,-0.008152
-0.004748,0.003874,-0.004899
-0.003749,0.004951,-0.005971
-0.003697,0.004931,-0.003828
-0.000730,0.004997,-0.010174
0.000281,0.000729,-0.010204
-0.000698,-0.005651,-0.012390
0.000241,-0.005617,-0.015545
-0.002671,-0.005621,-0.015558
-0.001707,-0.000287,-0.015532
-0.000745,0.004931,-0.003822
-0.003632,0.005966,-0.000636
-0.002625,-0.000480,0.003545
-0.002640,-0.006904,0.005611
-0.003677,-0.016474,0.002351
-0.000880,-0.027134,0.001203
-0.000050,-0.032395,-0.006242
0.003641,-0.041978,-0.008441
0.005357,-0.038690,-0.016880
0.007119,-0.039747,-0.017957
0.010854,-0.029043,-0.021083
0.011748,-0.016231,-0.022080
0.007830,-0.002335,-0.025203
0.003982,0.012622,-0.027243
0.000221,0.018003,-0.031477
-0.000601,0.017973,-0.028280
0.000498,0.007259,-0.024087
0.003420,-0.018388,-0.019983
0.009093,-0.044017,-0.018022
0.011723,-0.058953,-0.018097
0.010404,-0.053553,-0.024410
0.005330,-0.027969,-0.022147
-0.000581,0.001926,-0.024127
-0.001483,0.016849,-0.023012
-0.003261,0.014837,-0.035824
-0.002188,0.000973,-0.037027
-0.002176,-0.016118,-0.035020
-0.007121,-0.024697,-0.030830
-0.009220,-0.027934,-0.026566
-0.006463,-0.023730,-0.020163
-0.005602,-0.004568,-0.015792
-0.005619,0.006084,-0.013550
-0.003585,0.010351,-0.013505
-0.000575,0.003992,-0.017791
0.002380,-0.009867,-0.018931
0.009150,-0.024737,-0.025352
0.009993,-0.036453,-0.027520
0.008809,-0.039640,-0.028560
0.007645,-0.035314,-0.033829
0.009441,-0.017142,-0.036868
0.007401,-0.006454,-0.038924
0.005437,0.001047,-0.042062
0.006456,0.009585,-0.041981
0.007512,0.009586,-0.041960
0.007570,-0.001082,-0.041997
0.003656,-0.018140,-0.043138
0.003507,-0.033062,-0.044283
0.000399,-0.038437,-0.040044
-0.000803,-0.036332,-0.036814
0.000968,-0.027837,-0.032482
0.001825,-0.017166,-0.032403
0.003685,-0.008610,-0.034478
0.005593,-0.009658,-0.036623
0.009469,-0.011803,-0.035580
0.008440,-0.022421,-0.040957
0.008301,-0.039462,-0.044275
0.007118,-0.053258,-0.051810
0.000979,-0.062865,-0.051936
-0.001273,-0.057507,-0.054026
-0.006402,-0.038345,-0.049662
-0.008473,-0.015004,-0.036787
-0.011401,-0.004367,-0.033538
-0.011343,0.005214,-0.031346
-0.013202,0.005245,-0.034543
-0.012166,-0.007577,-0.032541
-0.014103,-0.013927,-0.037902
-0.018045,-0.023523,-0.039039
-0.018163,-0.035294,-0.035965
-0.017344,-0.028934,-0.031672
-0.017456,-0.020466,-0.025294
-0.019459,-0.014129,-0.018886
-0.018472,-0.003481,-0.016698
-0.018429,-0.002476,-0.010345
-0.017431,-0.001398,-0.011382
-0.018355,-0.002460,-0.012472
-0.013476,-0.007816,-0.010383
-0.011517,0.001737,-0.004995
-0.012464,0.008003,0.008875
-0.017259,0.014352,0.014236
-0.016185,0.011095,0.019486
-0.011276,0.001426,0.025768
-0.007394,-0.007110,0.025700
-0.004488,-0.003886,0.023592
-0.000583,0.000435,0.018310
-0.003479,0.006912,0.010932
-0.003422,0.014464,0.002475
-0.004253,0.023017,0.000386
-0.005065,0.027273,0.001457
-0.007821,0.032536,0.008930
-0.006653,0.032484,0.014249
-0.006481,0.021763,0.019488
-0.006432,0.003572,0.024676
-0.004515,-0.012489,0.029862
-0.000795,-0.028481,0.028717
0.003889,-0.023168,0.030879
0.006661,-0.011419,0.029920
0.007591,0.003530,0.028969
0.009526,0.012108,0.024779
0.010574,0.013221,0.020572
0.011640,0.008965,0.019501
0.012632,0.002640,0.012060
0.013604,-0.001561,0.005698
0.013564,-0.013297,0.005616
0.016382,-0.013232,-0.000736
0.016314,-0.002498,-0.007023
0.016269,0.001824,-0.012298
0.017262,0.006133,-0.016497
0.014422,0.022181,-0.020622
0.012629,0.028647,-0.026946
0.007942,0.024430,-0.032302
0.005142,0.015893,-0.032376
0.006177,0.005235,-0.033496
0.004235,-0.007569,-0.033594
0.005148,-0.016169,-0.027296
0.005064,-0.018322,-0.025172
0.001050,-0.019399,-0.024113
-0.003920,-0.016240,-0.019856
-0.006931,-0.009883,-0.015590
-0.007925,-0.003485,-0.015561
-0.010850,-0.002476,-0.010309
-0.006941,-0.004621,-0.009281
-0.004023,-0.004614,-0.010383
-0.004053,-0.012031,-0.015747
-0.002145,-0.015209,-0.017869
-0.000272,-0.022699,-0.015812
0.001534,-0.024822,-0.016885
-0.000542,-0.022675,-0.017921
-0.003548,-0.021567,-0.022177
-0.006545,-0.019449,-0.021130
-0.004651,-0.017337,-0.018997
-0.004716,-0.018410,-0.017947
-0.004774,-0.022689,-0.016923
-0.004868,-0.020579,-0.014796
-0.007900,-0.017432,-0.009476
-0.009912,-0.008938,-0.005158
-0.009936,-0.004745,0.002293
-0.010933,-0.006889,0.003335
-0.009996,-0.011125,0.000121
-0.011016,-0.017519,-0.001009
-0.007179,-0.015374,-0.002051
-0.007232,-0.007928,0.000108
-0.005335,-0.003641,-0.002011
-0.006313,-0.004709,-0.002034
-0.007297,-0.004699,-0.003109
-0.007311,-0.001474,-0.005197
-0.008278,0.003799,0.001229
-0.008252,0.008025,0.005546
-0.009191,0.006960,0.005565
-0.006227,0.005865,0.008773
-0.005249,0.002613,0.014091
-0.002324,0.001545,0.014125
-0.001366,-0.001684,0.017335
-0.002367,-0.007014,0.017315
-0.003396,-0.008038,0.013062
-0.001498,0.002657,0.011025
-0.000526,0.010104,0.013198
0.002451,0.015380,0.018517
0.000598,0.018644,0.012172
0.002628,0.016559,0.007921
0.000747,0.005899,0.006774
-0.000230,-0.004756,0.004575
-0.002231,-0.006881,0.003474
-0.001330,-0.009046,0.006653
0.000561,-0.005877,0.009864
0.001484,-0.005896,0.011985
-0.001499,-0.005940,0.016222
0.000363,-0.011300,0.018306
0.003217,-0.015571,0.018234
0.007040,-0.011207,0.008680
0.009936,0.001626,0.005553
0.011919,0.015561,-0.000727
0.011048,0.020929,-0.003863
0.007269,0.020947,-0.006005
0.005415,0.009231,-0.008216
0.005446,-0.004605,-0.011501
0.003451,-0.015295,-0.009444
0.004328,-0.014214,-0.010469
-0.000602,-0.002487,-0.009319
-0.002551,0.007072,-0.005026
-0.003491,0.012374,-0.001810
-0.003429,0.011309,-0.001784
0.001512,0.004898,-0.000745
0.001515,-0.004684,-0.002915
0.001488,-0.012139,-0.003993
0.002384,-0.014252,-0.006141
0.001309,-0.010999,-0.011432
0.002243,-0.004590,-0.012464
0.003226,0.002909,-0.015630
0.001323,0.006109,-0.015630
-0.000566,0.006087,-0.013522
-0.002440,0.010304,-0.008166
-0.003358,0.006005,-0.005000
-0.004319,0.000618,0.000293
-0.009241,-0.010073,0.002343
-0.007400,-0.023943,0.002221
-0.006576,-0.023974,0.005411
-0.004819,-0.023954,0.003325
-0.003966,-0.021799,0.001215
-0.001132,-0.012174,-0.000852
-0.001171,0.001716,-0.002908
-0.005016,0.015564,-0.000699
-0.005868,0.024087,0.000395
-0.006700,0.022957,0.006751
-0.001724,0.010198,0.002450
0.002191,-0.003701,0.005589
0.004094,-0.012224,0.004502
0.004936,-0.022869,0.002342
0.007715,-0.024988,0.001317
0.005638,-0.015344,-0.002856
0.006558,0.000692,-0.005941
0.003664,0.012430,-0.005860
-0.000126,0.020975,-0.006881
-0.003881,0.017762,-0.005854
-0.004777,0.008167,-0.007013
-0.007669,-0.002520,-0.006043
-0.007693,-0.003629,-0.001809
-0.005816,-0.006866,0.002426
-0.003923,-0.007942,0.003498
-0.003979,-0.009000,0.002443
-0.004007,-0.002610,0.003539
-0.004987,0.003824,0.000384
-0.006916,0.005966,-0.000686
-0.005903,0.009157,0.000396
-0.006804,0.009156,0.000389
-0.002862,0.008081,0.001461
-0.001856,-0.002652,0.007769
0.000066,-0.008037,0.013076
-0.001974,-0.014514,0.020454
-0.002092,-0.018835,0.025735
-0.002204,-0.019859,0.021489
-0.001326,-0.010246,0.020448
-0.003336,-0.004849,0.014087
-0.001411,0.005847,0.010964
0.001560,0.013391,0.003596
0.003636,0.020901,-0.000603
0.004716,0.018841,-0.008049
0.005826,0.017824,-0.012291
0.003024,0.015624,-0.005957
-0.000799,0.010283,-0.006009
-0.001738,0.008118,-0.002831
-0.003666,0.006978,0.004586
-0.002670,0.002669,0.008821
0.000230,-0.008020,0.010898
0.004041,-0.020801,0.008706
0.007794,-0.028266,0.008689
0.011520,-0.026108,0.006620
0.010411,-0.016541,0.009867
0.007422,-0.003718,0.007802
0.001567,0.009095,0.006804
0.000673,0.020903,-0.000590
0.000829,0.027314,-0.001651
0.000983,0.024175,-0.008073
0.000141,0.013502,-0.008158
0.000191,0.001796,-0.011430
-0.000805,-0.004553,-0.016756
0.001085,-0.007795,-0.012519
0.001036,-0.005664,-0.011413
-0.000932,-0.000338,-0.010292
-0.001885,0.009246,-0.008072
-0.000822,0.017783,-0.007991
-0.001672,0.016712,-0.008020
-0.003516,0.011417,-0.012331
-0.005413,0.002848,-0.009201
-0.006413,-0.008953,-0.002917
-0.006498,-0.022845,-0.000888
-0.005678,-0.027206,0.008665
-0.004900,-0.027274,0.016139
-0.004095,-0.024093,0.018296
-0.002276,-0.011313,0.020475
0.000596,0.002589,0.017378
0.001601,0.010152,0.007874
0.003631,0.013447,-0.001682
0.004697,0.011428,-0.013378
0.007684,0.000766,-0.014539
0.004779,-0.000278,-0.016685
0.003822,-0.000299,-0.014563
0.002843,0.001749,-0.006063
-0.000084,0.000649,-0.002903
-0.003015,-0.002586,0.000245
-0.001101,-0.004697,-0.001882
-0.000151,-0.005740,-0.004000
-0.001161,-0.000413,-0.002865
0.001765,0.002769,-0.000673
0.000784,-0.004721,0.001398
-0.000249,-0.017514,0.000260
-0.000365,-0.028141,-0.004057
0.001446,-0.023836,-0.008283
-0.002558,-0.017467,-0.005071
-0.002616,-0.004670,-0.003942
-0.004574,0.007053,-0.002841
-0.002545,0.013452,-0.002819
-0.000531,0.009182,-0.002877
0.000498,0.007002,0.001342
0.001485,-0.003636,-0.001927
0.001439,-0.012157,-0.003022
0.001365,-0.014269,-0.005149
0.002250,-0.014203,-0.011523
0.001208,-0.010970,-0.014678
0.000178,-0.005636,-0.014624
-0.000818,-0.004609,-0.010342
0.001134,0.002839,-0.008105
0.000175,0.001700,-0.000660
-0.004696,0.000560,0.006771
-0.006664,-0.003716,0.007837
-0.007660,-0.007976,0.006732
-0.003818,-0.006865,0.002504
-0.001906,0.000631,0.000424
0.000048,0.010266,-0.002682
0.003058,0.019907,-0.006847
0.005128,0.019939,-0.010037
0.002338,0.021022,-0.011076
0.000528,0.013606,-0.016440
0.000604,0.006122,-0.015450
-0.004256,-0.003473,-0.016616
-0.002331,-0.006695,-0.014515
-0.004352,-0.002502,-0.007071
-0.002398,0.002796,-0.002754
-0.000430,0.001719,-0.001695
0.003466,-0.002564,-0.000656
0.003446,-0.012157,-0.001794
0.002397,-0.013252,0.001399
0.000367,-0.017500,-0.000760
-0.001668,-0.014287,-0.001822
-0.002708,-0.007865,-0.003915
-0.003713,-0.001479,-0.002832
-0.003677,0.002817,-0.006033
-0.003628,0.006036,-0.008161
-0.002609,0.006025,-0.007107
-0.005493,0.006013,-0.006067
-0.006443,-0.000401,-0.005069
-0.006441,0.002770,-0.001858
-0.007416,-0.001477,-0.004011
-0.007431,-0.004708,-0.000842
-0.008434,-0.004750,0.003416
-0.004586,-0.004783,0.006621
-0.003619,-0.002613,0.003505
-0.002680,-0.005817,0.004563
-0.001739,-0.009049,0.007732
-0.000835,-0.016520,0.007710
0.002948,-0.022940,0.009838
0.006710,-0.019692,0.005657
0.007594,-0.012235,0.006762
0.004622,0.004823,0.007946
0.005636,0.015492,0.008004
0.002836,0.023003,0.003769
0.001039,0.032668,-0.002554
0.001202,0.024179,-0.007961
-0.003553,0.014626,-0.013370
-0.000570,0.007143,-0.011267
0.001403,0.001809,-0.011292
-0.000522,0.001754,-0.005937
-0.001501,0.004872,0.002600
-0.004402,0.003764,0.006841
-0.004410,-0.000505,0.006797
-0.001512,-0.005816,0.004634
-0.002515,-0.006840,0.000388
-0.000628,-0.009989,-0.004959
0.000344,-0.004631,-0.007021
0.003256,0.004928,-0.002706
0.002294,0.011342,-0.003711
-0.000541,0.015592,-0.001546
-0.002391,0.010222,0.001563
-0.003302,0.010212,0.002609
-0.002274,0.005951,0.001476
-0.001301,0.000644,-0.001780
-0.001298,-0.000446,0.000319
0.000666,0.000662,-0.003922
0.000669,0.007052,-0.002833
-0.003199,0.007009,0.001411
-0.005142,0.001641,0.004533
-0.006100,-0.002638,0.005535
-0.003209,-0.003758,0.010838
-0.000321,-0.001645,0.013000
0.002585,-0.001610,0.009859
0.003535,-0.006913,0.006650
0.006424,-0.004736,0.002418
0.007374,-0.003646,0.000312
0.007366,-0.000413,-0.002843
0.006416,0.002811,-0.004945
0.004498,0.004933,-0.003893
0.000631,0.002784,-0.002871
-0.000352,0.001670,0.001309
-0.003296,-0.002611,0.002304
-0.003308,-0.006847,-0.000916
-0.002388,-0.006868,0.001220
-0.000504,-0.007913,-0.000904
0.000400,-0.008946,-0.004062
0.004254,-0.009979,-0.007227
0.002264,-0.006787,-0.006103
0.003227,-0.004577,-0.013497
0.002264,0.004994,-0.010230
0.000380,0.014628,-0.013350
-0.002431,0.019947,-0.011197
-0.002293,0.022100,-0.013342
-0.002158,0.016741,-0.011230
-0.004003,0.012482,-0.012342
-0.006868,0.009210,-0.004923
-0.007832,-0.002568,-0.000747
-0.007899,-0.011149,0.003458
-0.007025,-0.017581,0.006627
-0.006185,-0.021876,0.009792
-0.004378,-0.026123,0.007640
-0.003559,-0.022911,0.006593
-0.001717,-0.006906,0.006705
-0.003677,0.009116,0.004696
-0.003594,0.015525,0.003629
-0.002505,0.019771,0.005753
-0.000481,0.016580,0.004671
-0.002365,0.008077,0.001441
-0.001350,-0.001515,0.000324
0.001540,-0.004764,0.005642
0.001477,-0.010129,0.008806
0.002379,-0.010157,0.012037
0.005226,-0.013317,0.007752
0.009041,-0.012219,0.004543
0.008016,-0.007921,0.001369
0.006056,0.000610,0.001418
0.005095,0.008099,-0.000674
0.002226,0.001704,-0.001826
0.003178,-0.004655,-0.006119
0.002171,-0.007877,-0.004004
0.003071,-0.014267,-0.005093
0.003008,-0.013228,-0.001873
0.004886,-0.013144,-0.010382
0.001916,-0.006724,-0.012490
-0.000023,0.006069,-0.011344
-0.002883,0.016726,-0.010232
-0.004701,0.023138,-0.011251
-0.005537,0.018871,-0.011274
-0.005415,0.009280,-0.012391
-0.004425,-0.002520,-0.006100
-0.004457,-0.011054,-0.006140
-0.004538,-0.017471,-0.004034
-0.004641,-0.018557,-0.001894
-0.002804,-0.018602,0.002372
-0.003893,-0.017599,0.008748
-0.002043,-0.019735,0.008723
-0.002159,-0.015502,0.011901
-0.004195,-0.010181,0.012989
-0.004258,-0.002693,0.010891
-0.000379,-0.002711,0.012990
0.002541,-0.002638,0.005543
0.006436,0.000617,0.000272
0.006442,0.005944,0.001408
0.004553,0.009208,-0.004951
0.002655,0.007073,-0.004977
0.001709,-0.000369,-0.008238
0.000717,-0.007839,-0.008303
0.001652,-0.003576,-0.007185
0.000673,-0.000395,-0.005021
-0.002228,0.003838,-0.001814
-0.002212,0.001681,0.000262
-0.000262,0.001675,0.001342
-0.002225,-0.002581,0.000272
-0.000315,-0.013274,0.002343
0.002511,-0.016494,0.004472
0.002405,-0.017557,0.004504
0.003269,-0.018644,0.006637
0.001213,-0.013273,0.003507
-0.000791,-0.001526,0.002521
-0.001741,0.012382,-0.001649
0.000293,0.017736,-0.003766
0.000381,0.017769,-0.006943
0.002435,0.008216,-0.012359
0.002489,0.001869,-0.017707
0.000533,-0.007779,-0.013560
0.000470,-0.017387,-0.013629
0.001328,-0.017398,-0.012568
0.001221,-0.014236,-0.008290
0.001177,-0.009944,-0.010347
-0.000792,-0.006741,-0.010334
-0.000822,-0.003538,-0.010285
-0.004754,-0.009923,-0.012447
-0.004781,-0.008938,-0.003915
-0.003873,-0.012178,0.000321
-0.004914,-0.009028,0.005681
-0.005958,-0.008039,0.014212
-0.006980,-0.005928,0.016332
-0.006053,-0.004863,0.016327
-0.005114,-0.007995,0.008803
-0.004168,-0.010091,0.004478
-0.001298,-0.010020,-0.002990
-0.003287,-0.002521,-0.006128
-0.005242,0.004957,-0.007152
-0.007133,0.010248,-0.002889
-0.007069,0.015519,0.003517
-0.006040,0.014410,0.007766
-0.004988,0.006912,0.010939
-0.004982,-0.002719,0.014086
-0.000153,-0.005971,0.019405
0.000755,-0.009119,0.014093
0.004597,0.000527,0.009919
0.000711,0.007993,0.009943
-0.000182,0.020808,0.008973
0.001876,0.017587,0.011045
0.002921,0.005810,0.015228
0.004864,-0.008062,0.015163
0.006733,-0.017643,0.012985
0.007568,-0.020822,0.010835
0.009377,-0.017600,0.008734
0.010281,-0.004722,0.001384
0.008296,0.002851,-0.009209
0.007374,0.014583,-0.009155
0.008456,0.017835,-0.014466
0.004673,0.014647,-0.015542
0.002803,0.007126,-0.010267
0.003777,-0.005664,-0.011392
0.006667,-0.014229,-0.008235
0.005577,-0.022797,-0.005099
0.007377,-0.030287,-0.003028
0.007193,-0.030255,-0.006204
0.010922,-0.028134,-0.005152
0.010804,-0.016337,-0.011492
0.004911,-0.003505,-0.014632
0.002994,0.000824,-0.021024
0.002067,0.007275,-0.026335
-0.001768,0.008301,-0.022089
-0.002702,-0.001300,-0.022125
-0.000739,-0.006676,-0.017878
-0.003709,-0.012063,-0.012599
-0.002824,-0.018495,-0.009437
-0.003906,-0.020638,-0.008367
-0.005026,-0.035613,-0.005328
-0.005225,-0.039832,-0.010712
-0.002550,-0.043066,-0.007585
-0.004745,-0.046237,-0.010816
-0.003997,-0.034457,-0.014993
-0.004151,-0.024875,-0.012801
-0.005238,-0.010984,-0.014829
-0.002346,0.001811,-0.013649
-0.003247,0.009293,-0.014645
-0.003148,0.015676,-0.012447
-0.001069,0.023118,-0.009164
-0.003830,0.023098,-0.007022
-0.005631,0.020932,-0.003836
-0.006525,0.005972,-0.001824
-0.011380,-0.003661,0.001296
-0.010469,-0.011132,0.001210
-0.007642,-0.013258,0.000131
-0.006736,-0.014325,0.000128
-0.006842,-0.013299,0.004396
-0.006922,-0.003707,0.005527
-0.005974,-0.001613,0.009803
-0.003063,0.003701,0.011965
-0.001112,0.002657,0.009897
0.001822,0.001602,0.008847
0.007662,-0.000524,0.008890
0.006694,-0.001514,0.001495
0.005712,-0.004637,-0.005940
0.006669,-0.003550,-0.008060
0.006670,0.003906,-0.006925
0.002841,0.013467,-0.002597
-0.000990,0.015581,-0.000499
-0.001871,0.008100,0.000483
-0.002826,0.002699,0.006788
-0.002845,0.004801,0.009983
-0.005772,-0.001631,0.013130
-0.004826,-0.003734,0.009915
-0.005868,-0.007987,0.007729
-0.004981,-0.014348,0.003408
-0.003108,-0.007976,0.006646
-0.003145,-0.002610,0.003489
-0.004117,0.002699,0.005660
-0.003118,0.003735,0.008859
-0.002115,0.002683,0.007794
-0.000154,-0.003720,0.007731
0.002745,-0.001564,0.005606
0.002724,-0.003731,0.008757
0.003685,-0.000470,0.002406
0.003667,0.001642,0.004533
0.008567,0.005921,0.003523
0.009575,0.005920,0.003510
0.008612,0.000553,0.006688
0.007607,-0.006905,0.005576
0.006562,-0.013259,0.001309
0.004533,-0.016450,0.000220
0.000551,-0.014328,0.001279
-0.000506,-0.006800,-0.005098
0.000455,0.001787,-0.010362
0.000501,0.010281,-0.006051
0.003482,0.010300,-0.008179
0.002567,0.002819,-0.007190
0.003535,-0.007847,-0.007250
0.004443,-0.018527,-0.006261
0.005284,-0.029229,-0.003143
0.007060,-0.032365,-0.009517
0.003941,-0.030157,-0.016939
0.002832,-0.023735,-0.019033
0.002771,-0.008788,-0.020012
0.000781,0.004013,-0.019955
0.002817,0.013582,-0.016730
0.000949,0.010372,-0.015669
0.002976,0.008229,-0.014606
0.002058,0.004988,-0.010356
0.001101,0.002824,-0.007142
-0.001821,-0.005710,-0.007182
-0.000905,-0.011012,-0.010391
-0.000985,-0.014179,-0.013568
0.000894,-0.012064,-0.011428
0.000847,-0.012073,-0.010346
0.001777,-0.013121,-0.012455
0.002675,-0.016334,-0.011436
0.000634,-0.015256,-0.012516
0.001520,-0.020550,-0.016821
0.001420,-0.023732,-0.018998
0.002249,-0.026912,-0.021155
0.003092,-0.020539,-0.019010
0.002010,-0.020548,-0.017935
0.002882,-0.014141,-0.017853
0.000877,-0.010960,-0.015696
-0.000135,-0.005643,-0.013535
-0.001148,-0.005675,-0.010359
-0.003120,-0.014222,-0.009366
-0.004156,-0.017379,-0.013617
-0.005232,-0.020583,-0.013637
-0.007262,-0.015228,-0.015740
-0.007335,-0.007716,-0.019933
-0.006374,-0.000227,-0.022018
-0.007313,0.007219,-0.019844
-0.009176,0.017835,-0.014473
-0.009065,0.022043,-0.008028
-0.005989,0.018822,-0.005907
-0.006903,-0.002536,-0.003930
-0.007925,-0.024955,-0.003044
-0.007152,-0.039936,0.001090
-0.008398,-0.051695,0.003124
-0.007769,-0.052785,0.005244
-0.003170,-0.047505,0.010568
0.000483,-0.031513,0.011735
0.001319,-0.009063,0.007652
0.002275,0.002720,0.003495
0.001371,0.012304,0.005722
0.001461,0.012327,0.003607
-0.000420,0.002768,-0.000694
-0.000419,-0.014254,-0.006148
-0.000516,-0.019581,-0.007283
-0.000621,-0.009992,-0.006186
-0.001642,0.001667,0.001281
-0.002583,0.018698,0.005639
-0.004435,0.019742,0.007743
-0.002405,0.010119,0.009808
-0.000457,-0.013386,0.012842
0.004259,-0.034698,0.009523
0.006929,-0.045342,0.007383
0.010534,-0.048526,0.006356
0.011239,-0.036785,0.006493
0.012013,-0.026100,0.005524
0.012868,-0.027073,-0.004055
0.013739,-0.023778,-0.013589
0.009756,-0.018394,-0.018917
0.006764,-0.009863,-0.018869
0.000911,-0.001329,-0.018836
-0.002964,0.006084,-0.013521
-0.005873,0.003904,-0.009344
-0.006863,-0.002542,-0.005177
-0.005936,-0.013220,-0.004161
-0.005063,-0.023912,-0.002112
-0.004262,-0.035624,-0.004274
-0.001543,-0.034476,-0.011658
-0.002726,-0.032363,-0.009517
-0.005832,-0.022716,-0.013678
-0.008842,-0.009935,-0.011485
-0.012730,-0.000369,-0.008259
-0.011731,0.004889,-0.000813
-0.011686,0.008047,0.003445
-0.011660,0.001602,0.007633
-0.009740,-0.013407,0.014992
-0.005988,-0.024086,0.016001
-0.004207,-0.027304,0.018137
-0.000509,-0.026191,0.013950
0.002285,-0.015519,0.014065
0.003187,-0.004835,0.013118
0.004148,-0.001612,0.011002
0.001226,-0.001594,0.008838
-0.001684,0.001655,0.003542
-0.005572,0.000594,0.002416
-0.007547,-0.006917,0.006581
-0.006641,-0.014377,0.005440
-0.001869,-0.019748,0.008535
-0.000061,-0.013389,0.012828
0.001777,-0.011276,0.014990
0.000733,-0.002730,0.013983
0.001711,0.009045,0.010908
0.001774,0.016537,0.008865
0.004800,0.020859,0.003626
0.004921,0.017660,0.003626
0.002101,0.010194,0.003623
0.003096,-0.004783,0.007799
0.001091,-0.014395,0.008825
0.002916,-0.025079,0.009765
0.002768,-0.017588,0.007694
0.004613,-0.009075,0.009849
0.000690,0.011172,0.012093
-0.002147,0.020803,0.008918
0.001853,0.018703,0.005666
0.001940,0.010207,0.001326
0.001990,0.001685,-0.000861
0.002943,-0.004746,0.002315
0.002866,-0.013289,0.003342
0.003748,-0.020799,0.007562
0.007524,-0.014403,0.008707
0.008421,-0.011149,0.003423
0.007405,-0.001506,-0.000743
0.004481,0.004927,-0.003898
0.007460,0.008197,-0.010224
0.009465,0.005051,-0.015529
0.009509,-0.000328,-0.011296
0.007537,-0.013131,-0.011373
0.006463,-0.026989,-0.012542
0.006286,-0.036616,-0.010518
0.007061,-0.035529,-0.012658
0.004937,-0.017435,-0.008318
0.001939,0.000666,-0.005052
0.001001,0.010320,-0.010315
0.001068,0.006114,-0.016760
0.001084,-0.002379,-0.021065
0.002039,-0.017282,-0.024317
0.002933,-0.024746,-0.024313
0.000817,-0.032202,-0.025390
-0.001305,-0.029021,-0.023226
-0.003389,-0.013090,-0.015673
-0.008313,0.001804,-0.011333
-0.010211,0.014609,-0.011228
-0.009121,0.016744,-0.011196
-0.005121,0.010335,-0.010178
-0.004086,-0.000334,-0.010237
-0.000200,-0.009937,-0.010278
-0.000256,-0.016350,-0.009266
-0.001336,-0.019565,-0.008260
-0.003384,-0.007839,-0.007118
-0.004366,0.001774,-0.008144
-0.004315,0.016677,-0.004886
-0.006130,0.023056,-0.002757
-0.004069,0.018766,-0.000672
-0.003984,0.007098,-0.008200
-0.002965,-0.006765,-0.009389
-0.001089,-0.014242,-0.008394
-0.000202,-0.014253,-0.007333
0.000688,-0.010027,-0.003045
0.001616,-0.001489,-0.002956
0.000672,0.002770,-0.001858
0.001683,-0.002558,-0.003001
0.003624,-0.003606,-0.005152
0.002615,-0.005719,-0.007300
0.000638,-0.010991,-0.013720
0.001562,-0.013083,-0.017989
0.000536,-0.004590,-0.013663
-0.001418,0.003948,-0.013575
-0.004300,0.006051,-0.010352
-0.004260,0.002809,-0.006108
-0.005233,-0.001476,-0.003990
-0.006228,-0.005816,0.003435
-0.002394,-0.017560,0.004427
-0.000549,-0.020749,0.003359
0.000316,-0.016495,0.004458
-0.001729,-0.011224,0.010871
-0.001805,-0.005853,0.007755
-0.001835,-0.009024,0.004523
0.000036,-0.012185,0.000266
0.001900,-0.017456,-0.006140
0.002802,-0.019568,-0.008259
0.003668,-0.019528,-0.012538
0.000669,-0.012025,-0.015699
-0.002304,0.001834,-0.014565
-0.002270,0.011378,-0.009231
-0.000238,0.017757,-0.007081
0.000840,0.018773,-0.001738
0.002899,0.012363,-0.000685
0.002927,-0.001575,0.006667
0.004838,-0.017587,0.007658
0.003700,-0.033549,0.003337
0.003443,-0.045286,0.003256
0.004140,-0.042022,-0.003096
0.005863,-0.034514,-0.007330
0.006700,-0.015278,-0.010394
0.004730,-0.000352,-0.009251
0.006745,0.008203,-0.011340
0.006829,0.013536,-0.011328
0.008853,0.008232,-0.014572
0.009890,-0.000239,-0.020985
0.007940,-0.003414,-0.024243
0.006920,-0.005507,-0.028520
0.004960,-0.003328,-0.032739
0.004968,0.002092,-0.041187
0.004052,0.006371,-0.042218
-0.003656,0.006298,-0.034763
-0.007507,0.004068,-0.025204
-0.012374,-0.007795,-0.012526
-0.010493,-0.026010,-0.004129
-0.006768,-0.036719,0.000084
-0.006052,-0.041106,0.011754
-0.004363,-0.043207,0.008566
0.000257,-0.038877,0.002216
-0.000924,-0.035575,-0.008442
-0.000117,-0.023735,-0.019033
-0.003099,-0.004481,-0.024274
-0.005009,0.013701,-0.028416
-0.002924,0.023292,-0.027306
-0.003732,0.023257,-0.024114
-0.003613,0.009292,-0.014631
-0.002613,-0.005664,-0.012563
-0.001693,-0.018464,-0.012606
-0.000839,-0.025960,-0.009447
0.001911,-0.022799,-0.005155
0.003728,-0.018493,-0.009374
0.004631,-0.008847,-0.013548
0.005615,0.007169,-0.014519
0.003748,0.015695,-0.013397
-0.000034,0.015673,-0.011282
0.001036,0.009305,-0.014479
0.003983,-0.009890,-0.015687
0.005847,-0.021604,-0.017863
0.008646,-0.026919,-0.020010
0.008512,-0.020496,-0.022097
0.005507,-0.008722,-0.026307
0.003562,0.004100,-0.028380
