-0.003673,-0.047438,0.017759
-0.002557,-0.066585,0.011162
-0.000452,-0.080471,0.011082
-0.000436,-0.078281,0.008876
-0.000414,-0.062229,0.004710
-0.002351,-0.034474,0.004916
-0.003290,-0.005640,0.003011
-0.003321,0.015648,0.009607
-0.003297,0.015653,0.010641
-0.005208,0.014532,0.013911
-0.005188,0.004915,0.017001
-0.002184,-0.006827,0.016910
0.001774,-0.014287,0.016823
0.000796,-0.023871,0.013552
-0.000151,-0.027060,0.010357
-0.000119,-0.023878,0.013570
-0.004989,-0.018508,0.008297
-0.005082,-0.005689,0.008369
-0.008045,0.004956,0.012709
-0.011162,-0.000373,0.010557
-0.003228,-0.012058,0.004044
0.004622,-0.013037,-0.006652
-0.002196,-0.002385,-0.002328
-0.011948,-0.003481,0.001921
-0.012909,-0.000125,-0.014144
-0.000815,0.014922,-0.213699
0.041645,0.019662,-0.106475
0.031210,0.006080,0.001068
0.005746,-0.013082,0.008107
0.006782,-0.015033,-0.025855
0.002767,-0.005424,-0.021603
-0.002216,-0.004397,-0.018353
-0.004277,0.004083,-0.011857
-0.004176,0.011454,-0.000034
-0.004228,0.013491,0.010697
-0.000839,0.001751,0.009555
0.004967,-0.005690,0.005233
0.005840,0.000785,-0.005359
0.003821,-0.009852,-0.008673
-0.001140,-0.019436,-0.009852
0.000790,-0.022593,-0.014178
0.003677,-0.010835,-0.017267
0.001607,0.005182,-0.018207
-0.000437,0.009471,-0.019270
-0.001475,0.015830,-0.012827
-0.001533,-0.001248,-0.012959
0.004304,-0.019377,-0.012097
0.008200,-0.030100,-0.005776
0.008152,-0.050399,-0.003794
0.012098,-0.060034,-0.001703
0.011200,-0.062168,0.000370
0.006322,-0.055794,0.003635
0.003439,-0.044051,0.003723
-0.000449,-0.025881,0.003800
-0.003464,0.005055,0.006179
-0.003593,0.017804,0.008524
0.003244,0.013554,0.004260
0.004237,0.011417,0.003202
0.002280,0.003942,0.005245
0.003244,0.005110,-0.006512
0.000291,0.004046,-0.004438
-0.002682,-0.002307,-0.009850
-0.008553,-0.003345,-0.010985
-0.011473,-0.007623,-0.009949
-0.009560,-0.008712,-0.008855
-0.008607,-0.012999,-0.004658
-0.007627,-0.017267,-0.008880
-0.003688,-0.019411,-0.007827
0.000224,-0.017259,-0.009945
0.005122,-0.012939,-0.015273
0.009017,-0.004368,-0.019474
0.006054,0.010611,-0.023633
0.004057,0.022357,-0.022510
0.005952,0.012712,-0.018300
0.012762,-0.011820,-0.017491
0.017670,-0.026797,-0.012291
0.016645,-0.026839,-0.006951
0.009811,-0.018347,-0.003625
0.004943,-0.005623,0.002969
0.002044,0.001784,0.010517
0.003031,0.011377,0.009583
0.005001,0.014618,0.005323
0.007851,0.018872,0.005396
0.008783,0.024244,0.003254
0.005779,0.027432,0.003316
0.003791,0.025304,0.003281
0.002861,0.011428,0.005265
0.003882,0.003930,0.010505
0.005836,0.001777,0.010536
0.002890,0.009210,0.014878
-0.002016,0.025252,0.011783
-0.002090,0.042277,0.013102
-0.007038,0.031625,0.007731
-0.007079,0.014567,0.004411
-0.004157,0.009272,-0.000968
-0.003279,0.000757,-0.005282
-0.000392,-0.007819,-0.000022
0.001582,-0.009989,0.006328
0.001622,-0.003587,0.006382
-0.000292,0.014543,0.009702
-0.004195,0.018781,0.015048
-0.006163,0.013412,0.019272
-0.002170,-0.003585,0.012654
-0.000181,-0.005751,0.014811
0.000766,-0.002523,0.011628
0.001725,0.000693,0.007432
0.002717,0.003926,0.004242
0.001668,0.009252,0.002218
-0.001295,0.003895,0.003277
0.001644,0.004993,-0.002022
0.001660,0.012414,0.004441
-0.001253,0.011329,0.004478
-0.003190,0.001716,0.005469
-0.003161,-0.008900,0.000006
-0.005148,-0.004671,0.006419
-0.009155,0.004917,0.010723
-0.007234,0.013492,0.008605
-0.000407,0.014535,0.010769
0.001553,0.002855,0.003200
0.002606,-0.004561,-0.003279
0.004594,-0.004564,-0.003273
0.005521,0.007193,-0.004269
0.002538,0.014638,-0.004142
-0.002397,0.012479,0.000090
-0.002362,0.013556,0.000071
-0.003338,0.019961,0.002213
-0.001437,0.024256,0.002180
-0.001461,0.024299,-0.001071
0.001469,0.012602,-0.005462
0.006346,-0.009815,-0.004585
0.006394,-0.032174,-0.011179
0.005457,-0.035412,-0.006929
0.003500,-0.022612,-0.007852
0.001500,-0.016232,-0.005646
-0.001400,-0.004556,0.002982
-0.003389,0.005031,0.006244
-0.002435,0.007107,0.011642
0.004414,0.006050,0.013698
0.010361,0.002861,0.012595
0.013316,0.010389,0.006231
0.010377,0.008280,0.004055
0.005461,0.000821,0.000828
0.009373,-0.001312,0.001853
0.007439,-0.001318,0.002912
0.005475,-0.002405,0.008185
0.004524,-0.006659,0.007065
0.008473,-0.014140,0.009122
0.008498,-0.016334,0.015536
0.007546,-0.014181,0.011320
0.006597,-0.019584,0.019820
0.008599,-0.032335,0.013296
0.011575,-0.032351,0.014383
0.012563,-0.014253,0.020922
0.007631,0.003903,0.018943
0.004682,0.020922,0.023413
0.003746,0.019783,0.030913
0.004773,0.012252,0.034149
0.002910,0.004771,0.037252
-0.001030,0.003682,0.037299
-0.001990,-0.004850,0.037214
0.000981,-0.012344,0.038261
-0.004859,-0.025147,0.032918
-0.007718,-0.028301,0.027540
-0.011508,-0.033607,0.023233
-0.012499,-0.043185,0.019946
-0.012440,-0.059134,0.012341
-0.015312,-0.062345,0.014429
-0.018261,-0.069814,0.011228
-0.016283,-0.043145,0.011476
-0.015305,-0.005813,0.011837
-0.017334,0.014453,0.013075
-0.017314,0.015501,0.012087
-0.011391,-0.006866,0.006561
-0.007440,-0.018562,0.002168
-0.006457,-0.005661,-0.006340
-0.008484,0.007209,-0.011630
-0.008516,0.000875,-0.018138
-0.009497,-0.016189,-0.018306
-0.009478,-0.022583,-0.017338
-0.009504,-0.011844,-0.026838
-0.009526,-0.009763,-0.020405
-0.010525,-0.014025,-0.022548
-0.005634,-0.005489,-0.022475
-0.005637,-0.002329,-0.016065
-0.001764,0.001902,-0.011748
0.001169,0.007250,-0.015918
0.003102,0.004054,-0.015960
-0.000858,0.007313,-0.022357
0.002039,0.004104,-0.021320
0.003914,0.005168,-0.021303
0.007835,0.003042,-0.021341
0.003921,-0.005502,-0.020348
0.001073,-0.001252,-0.016082
-0.002836,-0.002318,-0.012956
-0.004862,-0.008735,-0.010880
0.001028,-0.000252,-0.004393
0.002913,0.012549,-0.006366
0.007796,0.009368,-0.008538
0.012721,0.008374,-0.017103
0.011726,0.005169,-0.013985
0.005826,0.004066,-0.008671
0.002901,0.008309,-0.005432
0.004855,0.013649,-0.005397
0.001913,0.008266,0.000956
0.000941,-0.008882,0.008326
0.005831,-0.018536,0.011512
0.011711,-0.012181,0.016920
0.015622,-0.012186,0.015888
0.013687,-0.012137,0.011577
0.014730,-0.021709,0.009320
0.014726,-0.031319,0.009254
0.010842,-0.049463,0.010156
0.006002,-0.061180,0.011049
0.007007,-0.052597,0.005772
0.006071,-0.049414,0.010028
0.007054,-0.030217,0.011264
0.007109,-0.005714,0.018897
0.005121,0.009139,0.025525
0.005188,0.008066,0.025533
0.009214,-0.002627,0.026546
0.007310,-0.004795,0.028705
0.001442,-0.012286,0.031836
-0.002470,-0.003713,0.028677
0.000449,0.005835,0.030996
-0.002452,0.003780,0.022405
-0.001415,0.000611,0.019156
-0.002349,0.003798,0.020266
-0.002389,0.012332,0.023484
-0.005330,0.015548,0.021381
-0.008197,0.010195,0.024519
-0.007195,-0.000422,0.020103
-0.011084,-0.001500,0.020121
-0.012117,0.002768,0.018068
-0.008206,0.011351,0.012791
-0.007213,0.013490,0.010704
-0.008218,0.002795,0.012768
-0.008179,-0.004668,0.012690
-0.010136,-0.004633,0.008415
-0.009157,0.000785,0.000923
-0.011133,0.008290,-0.004336
-0.010148,0.006157,-0.005401
-0.010105,-0.011942,-0.010894
-0.012995,-0.023709,-0.008825
-0.014952,-0.019401,-0.010984
-0.013040,-0.012983,-0.010969
-0.011109,-0.004363,-0.021572
-0.010136,0.007439,-0.026868
-0.008233,0.010611,-0.023628
-0.010211,0.017044,-0.026792
-0.013141,0.015954,-0.025695
-0.013168,0.007364,-0.020398
-0.010245,0.003093,-0.023565
-0.004369,-0.004390,-0.023593
-0.002441,-0.004409,-0.020405
0.000480,-0.003328,-0.022524
0.001351,0.000948,-0.024602
-0.000634,-0.003285,-0.025776
0.004265,-0.005392,-0.027957
0.006203,-0.006453,-0.026934
0.004239,-0.009659,-0.024857
0.003284,-0.012843,-0.025975
0.005212,-0.005386,-0.023789
0.009089,-0.003274,-0.022667
0.009095,-0.011819,-0.021673
0.013977,-0.025716,-0.018586
0.013008,-0.032141,-0.018582
0.010119,-0.026799,-0.019600
0.009111,0.000810,-0.006461
0.007071,0.021005,0.002284
0.010974,0.029539,0.001317
0.010984,0.027393,0.002377
0.009978,0.015624,0.004450
0.012947,0.004973,0.006399
0.010945,0.008154,0.010662
0.009905,0.016609,0.020361
0.008914,0.013443,0.017103
0.011908,0.015583,0.016059
0.008045,0.018808,0.012886
0.006088,0.012429,0.008590
0.009055,0.014616,0.004286
0.006079,0.018852,0.007544
0.000146,0.016745,0.005363
0.003087,0.009208,0.013844
0.001155,-0.002573,0.020130
0.006019,0.008057,0.023465
0.008028,0.012335,0.024521
0.007028,0.015518,0.026688
0.002181,0.013443,0.020241
0.001211,0.011303,0.022330
-0.002715,0.003831,0.022273
-0.000729,-0.014334,0.024273
0.000325,-0.026052,0.020985
-0.002573,-0.017548,0.022188
-0.010388,-0.002643,0.026588
-0.007470,0.004852,0.024493
-0.008404,0.012338,0.020331
-0.003449,-0.001503,0.020131
-0.001476,-0.014248,0.011500
-0.002431,-0.020616,0.008219
-0.007362,-0.011022,0.007279
-0.012282,-0.009922,0.004065
-0.011231,-0.014161,0.001858
-0.009217,-0.015260,0.008210
-0.009184,-0.013034,-0.000377
-0.009204,-0.004497,-0.001352
-0.016074,0.005118,-0.002346
-0.018996,0.006188,-0.002345
-0.016071,0.001945,-0.007676
-0.016041,-0.015100,-0.012080
-0.012113,-0.018282,-0.015293
-0.012128,-0.008651,-0.018420
-0.012166,-0.005450,-0.019437
-0.004342,-0.006503,-0.019483
-0.001416,-0.005444,-0.018406
-0.003395,0.003128,-0.019471
-0.005413,0.016981,-0.018259
-0.004480,0.020150,-0.015011
0.001389,0.003105,-0.018367
0.003343,-0.001149,-0.021580
0.002387,-0.003270,-0.021633
0.002331,-0.000115,-0.016253
0.002351,0.000947,-0.017277
0.001361,0.003121,-0.020500
-0.001567,0.003118,-0.017357
0.003290,0.002028,-0.017305
0.000335,-0.007577,-0.016337
0.001320,-0.008657,-0.015267
0.004212,-0.004440,-0.010914
0.006147,-0.008717,-0.011973
0.009077,-0.007660,-0.011937
0.008130,-0.005524,-0.011925
0.009069,0.001939,-0.010799
0.008082,0.005113,-0.007562
0.004177,0.012573,-0.006427
0.005135,0.023205,-0.003096
0.007065,0.028499,0.003331
0.007973,0.031652,0.005576
0.007964,0.032700,0.006680
0.010935,0.026356,0.003335
0.007970,0.018920,-0.003090
0.007970,0.011486,-0.003247
0.008925,-0.005571,-0.003433
0.004010,-0.002336,-0.006633
0.002010,-0.005553,-0.002437
0.007876,-0.017310,-0.003531
0.006955,-0.016245,-0.004564
0.007957,-0.015196,-0.002415
0.005992,-0.005607,-0.000203
0.006983,0.002928,0.000922
0.005031,-0.001419,0.007365
0.005069,-0.015258,0.006112
0.006081,-0.022719,0.003935
0.001183,-0.018434,0.001838
0.003092,0.008385,-0.005627
0.005034,0.007248,-0.012773
0.011819,-0.024647,-0.018581
0.005177,-0.007471,-0.028115
0.003097,0.015929,-0.018306
-0.010704,0.008500,-0.018478
-0.017485,0.006357,-0.017426
-0.021443,-0.017380,-0.006485
-0.017428,-0.030111,-0.007834
-0.010493,0.006113,-0.001100
-0.011651,0.051914,0.008919
-0.015660,0.060444,0.012143
-0.012718,0.063494,0.014659
-0.005783,0.041125,0.021685
0.000095,0.031600,0.016167
-0.006803,0.047667,0.008826
-0.002963,0.058349,0.009932
-0.005986,0.062599,0.007926
-0.001113,0.055143,0.006782
0.002808,0.038108,0.002353
0.001868,0.028504,0.001228
0.000874,0.014625,0.000080
0.002791,0.013621,-0.006367
0.003729,0.027557,-0.013735
-0.000291,0.046732,-0.013487
-0.006208,0.039271,-0.012529
-0.004281,0.039294,-0.015726
-0.003337,0.050984,-0.010272
-0.005408,0.058482,-0.009236
-0.004509,0.067043,-0.012366
-0.002626,0.073500,-0.018728
-0.001711,0.068180,-0.022997
-0.000804,0.061768,-0.023028
0.005991,0.044730,-0.021171
0.002002,0.072514,-0.029407
0.003892,0.137540,-0.023454
0.007620,0.164204,-0.019009
0.013329,0.174863,-0.015749
0.014277,0.161020,-0.023265
0.004378,0.126737,-0.010650
0.009236,0.048832,-0.001878
0.009251,-0.022574,-0.007947
-0.001405,-0.050241,-0.015706
-0.010254,-0.052418,-0.008290
-0.014176,-0.056710,-0.007218
-0.010203,-0.080070,-0.019226
0.000601,-0.100310,-0.022625
-0.001322,-0.100429,-0.026496
-0.010106,-0.050454,-0.013056
-0.015977,0.015574,0.006675
0.002548,0.041022,0.030321
0.022102,0.039981,0.030245
0.028997,0.019818,0.016186
0.016335,-0.000410,0.003343
0.008578,-0.022694,-0.006585
0.000812,-0.048254,-0.007979
-0.002178,-0.020498,-0.007774
-0.001266,-0.022602,0.001540
0.002532,-0.037512,-0.003892
-0.004323,-0.013095,-0.007536
-0.013887,-0.025936,0.002907
-0.008899,-0.049423,0.003781
-0.003925,-0.061166,0.000556
0.001932,-0.056987,0.003965
0.003870,-0.057030,0.000940
0.002045,-0.060149,-0.000351
-0.000893,-0.059015,-0.002607
-0.001926,-0.049425,-0.004581
0.000039,-0.049474,-0.002362
0.001128,-0.044144,-0.003348
0.006091,-0.048356,-0.004577
0.005175,-0.036457,-0.017449
-0.004658,-0.020472,-0.016211
-0.009621,-0.022626,-0.017223
-0.013503,-0.053547,-0.020687
-0.019318,-0.098396,-0.016800
-0.015319,-0.121929,-0.015805
-0.007442,-0.103835,-0.007164
-0.001591,-0.085763,-0.002649
0.000334,-0.051667,0.000912
-0.002490,-0.019698,0.005480
-0.001475,0.009144,0.003551
-0.005379,0.027337,-0.001661
-0.005472,0.040125,0.002679
-0.001555,0.007113,0.003266
0.004333,-0.008828,-0.008543
-0.000506,-0.006642,-0.013888
0.001434,-0.009863,-0.007591
0.008290,-0.018273,-0.018453
0.008320,0.000966,-0.020461
-0.005467,0.026500,-0.017953
-0.009462,0.025355,-0.011485
-0.012359,0.015754,-0.012619
-0.009404,-0.000277,-0.007462
-0.008488,-0.014120,-0.010794
-0.005589,-0.013051,-0.012883
-0.008542,0.005107,-0.015913
-0.001722,0.014681,-0.012614
0.008103,-0.007685,-0.007688
0.012022,-0.016150,-0.011083
0.013904,-0.009746,-0.008941
0.003030,0.011638,-0.015148
-0.008735,0.036185,-0.019134
-0.008684,0.031914,-0.019160
-0.005743,0.024451,-0.022379
0.002066,0.023357,-0.021273
0.005922,0.031863,-0.015890
0.004869,0.042556,-0.013768
0.003843,0.047942,-0.015945
0.004816,0.051156,-0.013858
0.006743,0.037250,-0.008658
0.007697,0.013760,-0.006731
0.011603,0.019080,-0.004552
0.007643,0.037177,-0.003241
0.000729,0.039239,0.003242
-0.000204,0.024264,0.008439
0.002756,0.029619,0.002158
-0.000150,0.040229,0.009727
-0.005036,0.027436,0.010633
-0.005958,0.005049,0.008294
0.000968,-0.023729,0.003778
0.002938,-0.008789,0.003904
-0.000999,-0.001335,0.006099
0.003819,0.016885,-0.002320
0.003821,0.016780,0.004228
-0.000106,0.002911,0.004103
-0.000973,-0.022706,0.003903
-0.005849,-0.030159,-0.002478
-0.012727,-0.017340,-0.002406
-0.016751,0.002863,0.003184
-0.020651,-0.003645,0.014909
-0.009846,-0.014292,0.012660
-0.007837,-0.012194,0.013818
-0.003885,-0.000470,0.012910
-0.002949,0.000624,0.009712
0.002908,0.008174,0.004336
0.007802,-0.003502,-0.003245
0.008734,-0.025868,-0.015051
0.010795,-0.036446,-0.016429
0.013722,-0.030002,-0.015437
0.013565,0.010557,-0.018257
0.004695,0.032956,-0.018040
-0.006057,0.023400,-0.017200
-0.009896,-0.004324,-0.021671
-0.007891,-0.021400,-0.019720
-0.010869,-0.011826,-0.020605
-0.013893,0.006232,-0.011869
-0.011028,0.002927,-0.002213
0.000746,-0.031253,-0.001372
0.006735,-0.050501,0.004846
0.012679,-0.053730,0.012212
0.014568,-0.027045,0.010327
0.008673,0.017796,0.008554
0.013560,0.058348,0.006800
0.008638,0.055206,-0.001747
-0.000119,0.046798,-0.013662
-0.004971,0.027572,-0.008548
-0.001101,0.009379,-0.004381
0.000761,0.008320,-0.003366
0.001771,0.012581,-0.003309
-0.001151,0.009323,0.000995
-0.000167,0.018890,0.001172
0.000812,0.018937,-0.002088
0.005670,0.002913,-0.003224
0.009589,-0.016237,-0.009812
0.006671,-0.003371,-0.015089
-0.003174,0.013676,-0.014876
-0.011076,0.032802,-0.008227
-0.013986,0.021069,-0.003110
-0.008144,0.016821,-0.006335
-0.007173,0.026435,-0.008371
-0.010161,0.021073,-0.004166
-0.007233,0.008338,-0.012824
-0.004316,0.001906,-0.007569
-0.007320,0.008309,-0.010653
-0.005415,0.009385,-0.011717
-0.002517,-0.004471,-0.015013
0.001425,-0.014043,-0.018314
0.002376,0.008334,-0.015949
-0.001559,0.036041,-0.009344
-0.000613,0.048873,-0.010350
-0.003588,0.030778,-0.009575
-0.003613,0.013720,-0.009761
-0.006608,0.011611,-0.014029
-0.008567,0.010545,-0.012996
0.000232,0.013771,-0.011986
0.016843,0.013728,-0.005601
0.021643,0.026556,-0.012874
0.013776,0.038313,-0.013870
0.003028,0.027681,-0.014059
0.003984,0.019202,-0.017422
0.000118,0.005409,-0.020882
-0.005774,-0.002024,-0.027316
-0.003799,-0.022287,-0.021247
0.002990,-0.016974,-0.021142
0.003945,-0.002139,-0.016560
-0.000949,0.003193,-0.015459
-0.002905,0.014889,-0.014204
0.000964,0.015888,-0.006697
0.000944,-0.011886,-0.004760
-0.010723,-0.036465,-0.000693
-0.006717,-0.044948,-0.005087
0.004008,-0.028948,-0.002844
0.003957,0.004120,-0.003580
0.008819,0.034026,-0.006537
0.003890,0.052134,-0.008388
-0.006894,0.045809,-0.020148
-0.014645,0.012779,-0.022650
-0.016571,-0.011740,-0.027106
-0.011775,0.011757,-0.025914
-0.011919,0.048022,-0.022427
-0.016916,0.058662,-0.021211
-0.012015,0.031937,-0.018175
-0.000258,-0.002239,-0.013160
-0.004210,0.013748,-0.017157
-0.006252,0.043577,-0.013637
-0.001476,0.049964,-0.011450
0.007349,0.044656,-0.013656
0.009299,0.035077,-0.013803
0.009199,0.028702,-0.016021
0.013019,0.030844,-0.013931
0.013954,0.031875,-0.008601
0.013957,0.037219,-0.006486
0.011966,0.041407,-0.003103
0.015877,0.041423,-0.002098
0.019738,0.044677,-0.009529
0.026468,0.054200,-0.007145
0.014681,0.054307,-0.013699
0.017500,0.065008,-0.009505
-0.002279,0.084076,-0.005841
-0.006116,0.057341,0.008725
0.003687,0.040277,0.007512
0.013462,0.058393,0.006683
0.014310,0.103139,0.019800
0.007218,0.129772,0.018050
-0.004575,0.109494,0.021025
-0.013302,0.075302,0.027128
-0.010311,0.050697,0.031265
0.003317,0.054903,0.037738
0.018872,0.078416,0.032611
0.011039,0.093433,0.024168
-0.000743,0.094582,0.014553
-0.008633,0.073319,0.008936
-0.011639,0.061611,0.008758
-0.016577,0.052065,0.005387
-0.024452,0.043503,0.007473
-0.022503,0.033885,0.006384
-0.002016,0.045584,0.005537
-0.007970,0.052059,-0.002964
-0.012908,0.074542,-0.005057
-0.015924,0.074507,-0.004966
-0.015027,0.048976,-0.009574
-0.002292,0.012584,-0.009592
-0.006172,0.076834,-0.018004
0.005320,0.118449,-0.004052
-0.018674,0.091582,-0.013191
-0.009686,0.054210,-0.008218
0.001356,0.026622,-0.010953
0.004178,0.022296,-0.006656
0.000983,0.046651,0.013914
-0.006868,0.045551,0.022356
-0.004893,0.058283,0.023702
-0.002867,0.065659,0.029239
-0.006801,0.079412,0.040125
0.003832,0.095233,0.056434
0.008662,0.094043,0.064063
0.015559,0.091859,0.061040
0.011771,0.081275,0.054449
0.005846,0.053528,0.048990
-0.002029,-0.024360,0.057716
-0.017646,-0.100946,0.031327
-0.006860,-0.061371,0.003183
-0.002924,0.039882,0.008541
0.026499,0.088927,0.040440
0.049920,0.034673,0.018627
0.060543,0.059573,-0.043799
0.036883,0.227319,-0.068034
-0.003763,0.373445,-0.046752
-0.017292,0.362535,-0.016937
-0.037190,0.258878,0.002443
-0.035080,0.111581,0.016982
-0.014519,-0.016429,0.008469
-0.015450,-0.079350,0.007837
0.001329,-0.109113,-0.003175
0.014054,-0.092076,-0.018621
0.008196,-0.040798,-0.013108
0.002188,0.026468,-0.015776
0.001015,0.085104,-0.014094
-0.008788,0.081896,-0.008875
-0.006877,0.069028,-0.007772
-0.010716,0.041295,-0.009082
-0.011729,0.044478,-0.000642
-0.008922,0.013449,0.011862
-0.002147,-0.061123,0.006719
0.003907,-0.096224,-0.008515
0.010879,-0.055615,-0.019829
0.011758,0.003013,-0.018126
0.007716,0.035976,-0.007079
-0.000106,0.037077,-0.010295
-0.003007,0.016731,0.003313
-0.002981,-0.024840,0.003888
0.003860,-0.041849,-0.002702
0.002917,-0.012971,-0.009951
0.001918,0.019032,-0.003383
0.009706,0.024356,-0.003306
0.010719,-0.005487,-0.009926
0.010826,-0.024672,-0.010147
0.003987,-0.026819,-0.010133
-0.006781,-0.024730,-0.005814
-0.010655,-0.030083,-0.001630
-0.011588,-0.031202,-0.001502
-0.007609,-0.034398,-0.000500
-0.016326,-0.048314,0.000543
-0.008429,-0.056934,0.008009
-0.004383,-0.068671,0.013135
0.002506,-0.047299,0.011146
0.005415,-0.024921,0.011419
-0.001447,-0.017448,0.008335
-0.007238,-0.037633,0.006883
-0.005172,-0.061044,-0.003944
-0.004114,-0.052507,-0.008054
-0.005960,-0.033272,-0.006917
-0.004063,-0.016199,-0.005725
-0.001155,-0.009848,-0.003446
-0.004046,-0.034437,0.000648
0.001902,-0.053617,-0.002721
-0.000914,-0.063184,-0.006038
-0.002807,-0.061076,-0.004907
0.003047,-0.028124,0.008256
0.006008,-0.007779,0.005107
0.008896,0.008246,0.001010
0.002079,0.012550,-0.000090
0.002085,0.005122,-0.003400
-0.002835,0.017958,-0.011738
-0.009661,0.019006,-0.004357
-0.009715,0.007275,-0.008660
-0.004855,-0.006599,-0.011910
-0.000918,-0.008713,-0.014072
-0.000929,-0.016242,-0.010842
0.001010,-0.019427,-0.009865
0.001027,-0.019450,-0.008760
0.002974,-0.008770,-0.010785
0.002002,0.007299,-0.018133
-0.003871,0.016912,-0.017030
-0.005922,0.016935,-0.020227
-0.002100,0.016927,-0.018115
-0.000158,0.000908,-0.009852
0.005715,-0.012939,-0.013174
0.009645,-0.020429,-0.014228
0.006736,-0.027930,-0.010025
0.004834,-0.040753,-0.005903
0.010767,-0.055743,-0.001715
0.008882,-0.071746,0.003369
0.008994,-0.071768,0.006561
0.010997,-0.050470,0.007904
0.008136,-0.022729,0.010238
0.011102,0.000721,0.011552
0.013092,0.009239,0.011673
0.011114,0.022025,0.012877
0.008190,0.015589,0.018141
0.005275,0.006056,0.011600
-0.000586,0.012495,0.007375
-0.008449,0.009287,0.008410
-0.007470,0.003934,0.008409
-0.005493,-0.003542,0.005227
-0.000581,0.001714,0.013845
0.004304,0.019828,0.016159
0.011164,0.013461,0.014969
0.008255,-0.001391,0.008342
-0.004438,0.001891,-0.001256
-0.020116,0.009335,0.000966
-0.026003,0.008293,-0.002247
-0.015248,0.016827,-0.005306
-0.010376,0.021067,-0.001013
-0.005549,0.013589,-0.001053
0.001257,0.007150,0.002126
0.010027,-0.000292,0.000945
0.010968,0.003968,-0.000043
0.008081,0.004003,-0.002226
-0.002642,0.011517,-0.007510
-0.009505,0.021147,-0.012725
-0.014460,0.029658,-0.006310
-0.014482,0.023247,-0.004250
-0.004737,0.023213,-0.004160
-0.003771,0.012521,-0.000013
0.001113,0.009296,0.002112
0.006001,0.012510,0.003151
0.007925,0.014699,-0.000108
0.001057,0.015778,-0.003270
-0.005799,0.018926,0.002126
-0.010721,0.025331,0.000083
-0.007766,0.028589,-0.005269
-0.004875,0.026458,-0.007387
-0.004964,0.032869,-0.010490
-0.004033,0.028568,-0.008349
-0.000199,0.026419,-0.004146
-0.000215,0.021078,-0.002086
-0.004155,0.009376,-0.002279
-0.005170,0.001924,-0.005525
-0.004198,0.002970,-0.002325
-0.005176,-0.003422,-0.003452
-0.004183,-0.002279,-0.014099
-0.005161,0.015813,-0.010680
-0.008126,0.023281,-0.012705
-0.009131,0.023343,-0.020186
-0.007191,0.016931,-0.017080
-0.008261,0.004199,-0.025747
-0.009323,-0.003235,-0.030086
-0.004484,0.001066,-0.034319
0.003330,-0.002179,-0.029003
0.003316,-0.009642,-0.025945
0.007258,-0.003263,-0.024783
0.004271,0.016951,-0.018177
-0.007516,0.023326,-0.011777
-0.003668,0.026492,-0.012704
0.005085,0.033960,-0.013683
0.008979,0.015770,-0.008480
0.012908,-0.020451,-0.014172
0.014901,-0.032226,-0.006854
0.016791,-0.015220,0.001831
0.023605,0.000788,0.004056
0.021730,-0.004424,-0.006768
0.017885,-0.001236,-0.004615
0.011994,0.004012,0.004025
0.012939,0.002917,0.004089
0.011002,-0.003480,0.004018
0.010052,-0.005669,0.011465
0.013946,-0.002510,0.016832
0.012017,-0.003690,0.027575
0.015027,-0.011221,0.034995
0.019068,-0.028256,0.031611
0.012314,-0.032496,0.029408
0.006496,-0.014349,0.032682
0.002569,-0.001601,0.037123
-0.000338,-0.009034,0.032781
-0.008030,-0.022846,0.023095
-0.005032,-0.027136,0.023116
-0.006974,-0.041019,0.025117
-0.005912,-0.067619,0.014233
-0.006749,-0.092144,0.009792
-0.008568,-0.107063,0.007521
-0.006475,-0.126290,0.011592
-0.011223,-0.128388,0.006250
-0.012080,-0.114509,0.006351
-0.011944,-0.104850,0.002105
-0.011862,-0.058937,-0.002810
-0.012859,-0.016229,-0.003558
-0.010988,0.015733,-0.001060
-0.012908,0.016795,-0.002084
-0.010899,0.006170,-0.008566
-0.004042,-0.004552,-0.003295
-0.002063,-0.016301,-0.001275
-0.002045,-0.017347,-0.003429
-0.004960,-0.010954,-0.004398
-0.006924,0.000773,-0.002179
-0.009872,0.001881,-0.006458
-0.008905,0.005099,-0.009612
-0.010855,0.000841,-0.009678
-0.011862,0.008375,-0.017101
-0.009966,0.012613,-0.011758
-0.005124,0.010464,-0.013830
0.005641,0.010427,-0.008505
0.005591,0.013648,-0.007484
0.006519,0.013585,-0.002085
0.009435,0.007191,-0.004254
0.007514,0.013607,-0.003190
0.004564,0.019991,-0.003086
0.003542,0.029604,-0.004076
-0.003339,0.039217,-0.004020
-0.006364,0.043423,0.001410
-0.009375,0.042322,0.006718
-0.006450,0.027399,0.008641
-0.001569,0.014595,0.007482
-0.001549,0.014548,0.010743
-0.000533,0.007156,0.004201
-0.004450,0.019961,0.006401
-0.008430,0.039136,0.010833
-0.011436,0.057249,0.017333
-0.016389,0.068901,0.024977
-0.015435,0.072147,0.016522
-0.009630,0.075462,-0.000480
-0.015591,0.076551,-0.002619
-0.013717,0.048807,-0.001810
-0.009907,0.028568,-0.013577
-0.003019,0.042404,-0.012320
0.008724,0.008167,0.001219
0.019466,-0.046204,0.000626
0.031282,-0.085566,-0.015710
0.028344,-0.049223,-0.029160
0.013656,-0.005361,-0.033261
0.001852,0.022443,-0.035274
-0.000229,0.026700,-0.034162
-0.002167,-0.001105,-0.030056
0.002803,-0.057708,-0.019953
0.002888,-0.106767,-0.018349
0.005903,-0.101581,-0.013733
0.010841,-0.051598,-0.000312
0.005062,-0.027071,0.009351
0.019746,-0.021610,-0.000344
0.030487,0.006076,-0.004140
0.015806,0.000709,0.001126
0.008073,-0.056882,-0.001538
0.013102,-0.090954,-0.003070
0.013176,-0.086616,-0.005306
0.003267,-0.014056,-0.003639
-0.008556,0.032757,0.003396
-0.007546,0.015551,0.013009
-0.007294,-0.057064,0.013582
0.004685,-0.094360,0.006853
0.012604,-0.099668,0.008825
0.015476,-0.082542,0.001512
0.021268,-0.048369,-0.004541
0.016455,-0.034410,-0.016154
0.009679,-0.034413,-0.015099
-0.002959,-0.028009,-0.010865
-0.011774,-0.028018,-0.007704
-0.019618,-0.011044,-0.001024
-0.012739,-0.018594,0.010624
-0.000884,-0.049513,0.008201
-0.003709,-0.059092,0.007008
-0.000713,-0.047368,0.005052
-0.002648,-0.051723,0.013609
-0.011348,-0.065532,0.009145
-0.012221,-0.076163,0.007902
-0.012212,-0.065408,0.001500
-0.017088,-0.040760,-0.014252
-0.012160,-0.015153,-0.011934
-0.008249,-0.017260,-0.009935
-0.006341,-0.010806,-0.018381
-0.006258,-0.012901,-0.021636
-0.010158,-0.033128,-0.022979
-0.012111,-0.030997,-0.019817
-0.018939,-0.018186,-0.022861
-0.029717,-0.003356,-0.007808
-0.024822,-0.019415,-0.000487
-0.008215,-0.050365,-0.003874
-0.003222,-0.078212,0.004525
0.003779,-0.127345,0.007368
0.014657,-0.145508,0.007273
0.017782,-0.129379,-0.006505
0.017825,-0.056752,-0.011287
0.007936,0.007410,-0.021560
-0.002930,0.036298,-0.028836
-0.004870,0.024629,-0.034344
-0.006792,-0.005190,-0.039982
-0.008741,-0.021166,-0.043336
-0.012723,-0.031864,-0.041263
-0.017674,-0.026595,-0.036862
-0.013801,-0.020365,-0.018580
-0.004977,-0.040769,-0.011093
0.011744,-0.052568,-0.007896
0.018710,-0.055818,-0.002565
0.020651,-0.043066,0.003956
0.021636,-0.030276,0.006197
0.020694,-0.031289,0.002911
0.016769,-0.025832,-0.008867
0.017705,0.000846,-0.008642
0.009834,0.011473,-0.000072
0.007896,-0.010946,0.003948
0.010918,-0.014123,0.004903
0.013925,-0.013047,0.005934
0.009044,-0.003514,0.012476
0.006116,-0.002515,0.019983
0.006143,-0.012196,0.025333
0.006205,-0.004735,0.027510
0.006251,-0.003708,0.028669
0.004273,0.005929,0.023436
0.000426,0.009139,0.024484
-0.000557,0.011266,0.023477
-0.002516,0.008115,0.015995
-0.009326,0.002784,0.012802
-0.014218,0.015587,0.015007
-0.024022,0.025243,0.008678
-0.026973,0.023183,-0.000947
-0.026028,0.007224,-0.001206
-0.021199,-0.020532,-0.001411
-0.016322,-0.032215,-0.008974
-0.011398,-0.035421,-0.007941
-0.007476,-0.036527,-0.003666
-0.000569,-0.025819,-0.008900
0.007327,-0.009779,-0.011992
0.005384,0.003014,-0.005575
0.002395,0.009452,-0.008750
0.000434,0.017985,-0.009718
0.002393,0.010485,-0.005519
0.002385,-0.006575,-0.004650
-0.000495,-0.011928,-0.001512
-0.005344,-0.002299,-0.006727
-0.000458,0.012626,-0.007608
-0.005330,0.016905,-0.008647
-0.008269,0.022251,-0.009675
-0.008351,0.035080,-0.014857
-0.004510,0.037203,-0.013762
0.000340,0.027631,-0.012881
0.000324,0.009522,-0.016254
0.000288,0.003158,-0.019547
-0.001684,0.001079,-0.023893
-0.007619,0.014993,-0.029112
-0.008666,0.016060,-0.027012
-0.011667,0.018169,-0.025881
-0.012681,0.013966,-0.032363
-0.011742,0.007514,-0.029151
-0.009890,0.015014,-0.033350
-0.010953,0.037366,-0.027785
-0.013003,0.042656,-0.024483
-0.006214,0.039413,-0.021262
-0.002317,0.039383,-0.018046
-0.001367,0.035093,-0.016980
0.002500,0.036139,-0.016917
0.009339,0.036163,-0.021164
0.015154,0.038276,-0.020043
0.017971,0.054267,-0.019867
0.015968,0.060675,-0.019826
0.012937,0.066011,-0.014556
0.014810,0.054336,-0.016911
0.015701,0.054217,-0.006143
0.017545,0.053092,-0.000772
0.018467,0.051935,0.007820
0.020405,0.046568,0.010994
0.018432,0.044389,0.018415
0.015487,0.049691,0.020639
0.015408,0.056019,0.027162
0.012427,0.055968,0.032524
0.002668,0.044207,0.035624
0.005623,0.034596,0.037651
0.007566,0.023893,0.042874
0.008559,0.014332,0.040590
0.004717,0.016499,0.038432
0.002821,0.026107,0.039548
-0.002057,0.028280,0.036325
-0.008895,0.032582,0.032092
-0.013728,0.027363,0.019191
-0.014691,0.024235,0.010607
-0.018595,0.007181,0.008320
-0.022516,-0.001302,-0.000260
-0.024489,0.009381,-0.003339
-0.023527,0.013681,-0.006521
-0.024544,0.021164,-0.014859
-0.025568,0.031925,-0.025462
-0.024649,0.031992,-0.026683
-0.025764,0.024592,-0.034249
-0.028799,0.019286,-0.041692
-0.032764,0.017193,-0.043909
-0.024078,0.012892,-0.041769
-0.017309,0.010771,-0.041821
-0.012443,0.010726,-0.036475
-0.011498,0.010763,-0.039709
-0.009613,0.017168,-0.038616
-0.008695,0.018266,-0.046008
-0.003876,0.020341,-0.042697
-0.000010,0.006454,-0.038593
0.010680,-0.005282,-0.040787
0.013598,-0.017027,-0.040869
0.018508,-0.021225,-0.044225
0.013578,-0.003036,-0.051521
0.009556,0.016146,-0.048152
0.002654,0.017201,-0.044974
-0.000321,0.010782,-0.042894
0.000636,0.002225,-0.038731
-0.001371,-0.005277,-0.035572
-0.002391,-0.012748,-0.037722
0.003457,-0.013805,-0.038805
0.009308,-0.006425,-0.033277
0.009314,-0.007485,-0.031214
0.012272,-0.012819,-0.031264
0.013216,-0.013909,-0.029120
0.007308,-0.024599,-0.026024
0.009207,-0.032060,-0.028203
0.006268,-0.014011,-0.016307
0.004293,0.000929,-0.014087
0.004240,0.023260,-0.005327
