0.005483,-0.014186,-0.004127
0.013284,-0.023967,0.013888
0.006428,-0.031690,0.039308
-0.006288,-0.027412,0.041435
-0.011197,-0.001732,0.034155
-0.017076,0.032526,0.022685
-0.015104,0.056146,0.007939
-0.011167,0.081922,-0.008883
-0.010154,0.105557,-0.024656
-0.012998,0.125874,-0.028744
-0.015839,0.117314,-0.026717
-0.017746,0.103347,-0.017268
-0.011892,0.078604,0.002725
0.005678,0.031444,0.023618
0.011510,-0.014606,0.040269
0.009504,-0.036072,0.052870
0.004568,-0.033990,0.058229
0.001594,0.004479,0.053252
0.005493,0.063374,0.033591
-0.004175,0.110432,0.023357
-0.007842,0.112669,0.012731
0.000149,0.073249,0.006027
0.013937,0.022020,0.006654
0.014991,-0.032436,0.009347
0.014930,-0.065534,0.010093
0.011962,-0.072907,0.001692
0.011884,-0.040889,-0.192187
0.035818,0.003516,-0.351778
0.025838,0.039421,-0.124972
0.001111,0.051032,-0.015637
-0.002805,0.047884,-0.018586
0.006103,0.022127,-0.003914
0.011000,-0.007927,0.013917
0.015868,-0.031531,0.026444
0.018679,-0.035794,0.025269
0.013736,-0.023964,0.015760
0.006238,-0.016278,-0.006574
-0.001592,-0.015047,-0.023624
-0.002462,-0.016045,-0.031079
0.001481,-0.008520,-0.036285
0.000575,-0.006489,-0.025643
-0.004234,0.006206,-0.013777
-0.009064,0.026400,-0.005056
-0.007060,0.063648,0.005949
-0.004066,0.077499,0.009335
-0.000111,0.074184,0.021027
0.005744,0.073047,0.028521
0.005820,0.060361,0.016773
0.000032,0.045537,0.004951
-0.000926,0.038087,0.002750
0.003045,0.019961,0.000415
0.008884,0.001837,-0.001921
0.014679,-0.014282,0.008515
0.019537,-0.040993,0.011451
0.022434,-0.066635,0.014382
0.024311,-0.082555,0.005775
0.025285,-0.081350,-0.007980
0.016503,-0.069441,-0.024854
0.007730,-0.059723,-0.035368
0.002892,-0.039289,-0.051113
-0.003863,-0.005069,-0.058276
-0.010645,0.020466,-0.050646
-0.008641,0.035297,-0.039898
-0.005629,0.037296,-0.026052
-0.001712,0.028648,-0.014415
0.002181,0.001868,-0.003976
0.004126,-0.006644,-0.006110
-0.000713,0.000933,-0.016641
-0.004626,0.013910,-0.033491
-0.008494,0.031111,-0.046095
-0.012323,0.049344,-0.055519
-0.007390,0.047133,-0.048139
-0.004381,0.019353,-0.045240
0.000553,0.004314,-0.035863
0.000575,0.015984,-0.029456
-0.007209,0.051163,-0.026021
-0.017877,0.090709,-0.032106
-0.021748,0.121662,-0.032945
-0.018776,0.117394,-0.032925
-0.011862,0.063918,-0.020563
-0.000090,0.002952,-0.006144
0.007701,-0.035624,0.010642
0.008687,-0.048431,0.011723
-0.003974,-0.027026,0.005523
-0.020572,-0.004654,0.008854
-0.024476,0.000688,0.007777
-0.013735,0.008155,0.007786
-0.007868,0.028436,0.006833
-0.010751,0.037013,0.002601
-0.016549,0.033840,-0.000659
-0.013613,0.026386,-0.002866
-0.006781,0.028531,-0.003915
-0.002894,0.033775,0.005679
-0.004832,0.035856,0.011010
-0.000915,0.017637,0.018294
-0.004842,-0.005909,0.025585
-0.005809,-0.016510,0.019166
-0.008741,-0.010095,0.018189
-0.009736,0.001623,0.020434
-0.004829,0.010193,0.017347
-0.006740,0.008028,0.020489
-0.009670,0.002710,0.018272
-0.005785,-0.005862,0.021325
0.000055,-0.018734,0.027538
0.004908,-0.014484,0.028596
0.003916,0.006918,0.022354
-0.002933,0.032603,0.015122
-0.007785,0.056207,0.002588
-0.005766,0.078765,-0.012069
-0.008670,0.084143,-0.016267
-0.013498,0.061672,-0.010069
-0.005680,0.036981,0.004591
0.001145,0.025087,0.020459
0.000147,0.013182,0.037381
0.000112,0.007719,0.050081
0.000054,0.006609,0.054308
-0.001916,0.007727,0.049006
0.001930,0.008827,0.045839
0.007758,0.016390,0.036335
0.010671,0.039939,0.029086
0.010636,0.064644,0.013349
0.000896,0.085000,0.004983
-0.002030,0.083992,-0.001405
0.003852,0.060517,-0.001582
0.011672,0.022065,0.002388
0.009747,-0.009974,0.005381
0.004866,-0.017534,0.014912
0.002886,-0.006904,0.019263
-0.002021,0.014318,0.031101
0.000866,0.031401,0.030175
0.004772,0.043148,0.029168
0.008668,0.035737,0.022681
0.009640,0.020897,0.013007
0.012585,0.015668,0.002344
0.010641,0.032856,-0.009191
0.003822,0.045767,-0.019703
-0.002942,0.046868,-0.022870
-0.006823,0.026549,-0.018810
-0.007771,-0.001304,-0.008435
-0.002935,-0.020684,0.008359
0.001886,-0.016581,0.025393
0.008686,0.000324,0.042538
0.003772,0.020514,0.051211
0.001757,0.038688,0.048200
0.003668,0.039865,0.037648
0.011500,0.028279,0.022726
0.015410,0.018833,0.006742
0.012454,0.009335,-0.003959
0.009558,0.010536,-0.017834
0.005658,0.034049,-0.021956
0.006629,0.041484,-0.018756
0.010559,0.022230,-0.014722
0.007673,0.002944,-0.007461
0.004745,-0.014117,-0.008651
0.001832,-0.024762,-0.010811
-0.000130,-0.019435,-0.009676
-0.003067,0.000835,-0.008397
-0.002097,0.026403,-0.003936
-0.003046,0.041322,-0.001691
0.001831,0.039093,0.007861
0.005768,0.021998,0.009848
0.007732,0.001713,0.010752
0.007709,-0.009993,0.007495
0.010650,-0.014187,0.000031
0.007738,-0.004512,-0.007346
0.001875,0.016911,-0.015710
-0.001973,0.027718,-0.029466
-0.005862,0.018078,-0.026422
-0.002942,0.003042,-0.017025
0.002926,-0.003465,-0.006451
0.005860,-0.006717,-0.001153
0.000010,-0.008893,0.003093
-0.001996,0.007138,0.001153
-0.002010,0.022154,-0.006116
-0.002946,0.027597,-0.016644
-0.006817,0.030821,-0.018724
-0.006776,0.023356,-0.018756
-0.004789,0.013685,-0.012508
-0.009664,-0.000282,-0.003074
-0.009652,-0.017445,0.005217
-0.008703,-0.024024,0.022103
-0.004834,-0.017641,0.024302
-0.002904,-0.002743,0.028683
-0.006818,0.013307,0.024579
-0.002948,0.032546,0.021536
0.002868,0.043294,0.014223
0.007747,0.043386,0.004646
0.005817,0.033910,-0.008163
-0.000936,0.027634,-0.021021
-0.009710,0.034127,-0.030584
-0.011692,0.037324,-0.030604
-0.008753,0.020132,-0.019082
0.002974,-0.008867,-0.000166
0.007832,-0.028229,0.015664
0.001985,-0.030388,0.018883
-0.002902,-0.022903,0.017950
-0.006808,0.000644,0.010758
-0.009740,0.032746,0.002577
-0.006817,0.059468,-0.001420
-0.004837,0.062620,0.003876
-0.000910,0.042301,0.007929
-0.001891,0.021927,0.017273
-0.002893,0.009148,0.013973
-0.000937,-0.002559,0.010688
0.001995,-0.009994,0.007432
-0.000944,-0.005703,0.005361
0.000012,0.008202,0.002299
0.000985,0.013515,0.004446
0.004868,0.005947,0.013917
0.014560,0.008037,0.018152
0.013568,0.014399,0.022465
0.009659,0.012308,0.018209
0.008681,0.009187,0.009688
0.009653,0.005029,-0.000911
0.015499,-0.000241,-0.007324
0.017460,0.003037,-0.014703
0.009680,0.008447,-0.022097
0.003862,0.010593,-0.023126
0.000988,0.000958,-0.020027
0.001022,-0.000173,-0.013671
0.002003,0.008170,0.005467
0.001014,0.017592,0.023581
-0.002904,0.018552,0.034187
-0.001014,0.015361,0.033091
0.002863,0.009064,0.022432
0.002866,-0.000358,0.004325
0.001892,-0.011960,-0.009562
0.005800,-0.019215,-0.030813
0.004873,-0.014783,-0.046678
0.001009,-0.004115,-0.046626
-0.005801,0.008646,-0.042312
-0.013576,0.012849,-0.035930
-0.011597,0.010544,-0.018972
-0.004766,0.007227,-0.007308
-0.003795,0.000654,0.009619
-0.004800,-0.005800,0.014889
-0.008690,-0.006778,0.006418
-0.012572,0.002891,0.000150
-0.011608,0.008243,-0.001959
-0.011603,0.014663,-0.004074
-0.008682,0.031680,0.001325
-0.003831,0.045431,0.013062
-0.002879,0.040068,0.016232
-0.006738,0.022909,0.024578
-0.009621,0.000574,0.016984
-0.016486,-0.016478,0.014726
-0.017486,-0.020703,0.010452
-0.011654,-0.003683,0.015906
-0.005860,0.020705,0.032028
-0.003970,0.033362,0.047007
0.004776,0.037566,0.053397
0.006705,0.024646,0.064983
0.006625,0.002216,0.066938
0.016348,-0.014718,0.053016
0.019237,-0.019866,0.033852
0.016287,-0.006798,0.007383
0.008483,0.005205,-0.019089
0.006581,0.028909,-0.042309
0.005655,0.040752,-0.052865
0.005707,0.040698,-0.047574
0.003783,0.030995,-0.038122
0.001862,0.018077,-0.026508
-0.001999,0.005053,-0.004276
-0.001044,-0.000417,0.009519
0.002832,0.001602,0.021286
0.003800,0.005841,0.024548
0.001822,0.012237,0.025692
-0.005021,0.002738,0.014984
-0.008925,0.000656,0.009640
-0.005998,0.023190,-0.002938
-0.005033,0.045616,-0.004934
-0.006998,0.054179,-0.008111
-0.006993,0.055222,-0.006036
-0.004078,0.041338,-0.005110
0.000802,0.014602,0.001085
0.001789,-0.007888,0.009439
0.002754,-0.011166,0.016889
-0.001187,0.004806,0.021363
-0.001210,0.015462,0.023647
-0.005108,0.016509,0.025799
-0.004125,0.012211,0.028922
-0.002192,0.003733,0.022419
0.000688,0.007987,0.023477
0.001645,0.027255,0.017223
-0.002273,0.050844,0.005688
-0.002294,0.055154,0.001460
0.000647,0.044456,0.004598
0.004558,0.023066,0.009793
0.013314,0.006967,0.019264
0.013289,-0.001693,0.031991
0.010307,-0.003907,0.040508
0.014157,0.003565,0.040601
0.015115,0.017586,0.025840
0.006355,0.018832,0.007785
0.004385,0.011502,-0.007202
0.011220,-0.000080,-0.023261
0.017090,-0.004275,-0.030789
0.017118,-0.007500,-0.028723
0.010308,-0.009673,-0.025577
0.002518,-0.007570,-0.022376
0.004472,0.004133,-0.017982
0.004470,0.014797,-0.016787
0.000612,0.021248,-0.020905
-0.003261,0.028701,-0.018656
-0.006159,0.039384,-0.019581
-0.005153,0.042565,-0.017417
-0.002227,0.045712,-0.012134
-0.006112,0.053113,-0.005765
-0.005137,0.057300,0.001652
-0.004183,0.039115,0.005717
-0.008087,0.009176,0.011828
-0.003201,-0.014300,0.011636
-0.002232,-0.032374,0.005153
-0.010994,-0.032320,-0.000145
-0.013950,0.000842,-0.008357
-0.015912,0.037124,-0.008054
-0.014946,0.059522,-0.006818
-0.011059,0.071111,0.008131
-0.004240,0.056064,0.018625
0.002550,0.019616,0.035347
0.011293,-0.023228,0.052053
0.017135,-0.033853,0.047757
0.013186,-0.026308,0.040409
0.017034,-0.012213,0.018229
0.010206,0.012527,-0.001778
0.006310,0.041506,-0.018551
0.009295,0.040553,-0.030315
0.011294,0.036312,-0.033591
0.004489,0.030924,-0.029454
0.000605,0.015894,-0.021166
0.000603,0.009426,-0.014870
-0.003294,0.023214,-0.006254
-0.002315,0.022154,-0.006230
-0.006237,0.011424,0.000119
-0.009153,0.003958,0.000117
-0.006241,0.001853,-0.001927
-0.003313,-0.000330,0.003457
-0.002327,-0.010005,0.010842
0.001555,-0.002531,0.010913
0.000585,0.013537,0.004652
-0.002334,0.024277,-0.002758
-0.007180,0.023287,-0.011352
-0.009120,0.027614,-0.017764
-0.003259,0.019094,-0.020016
0.006491,0.006199,-0.011667
0.009399,-0.005603,-0.005390
0.008410,-0.006745,0.002036
0.005476,-0.008886,0.003126
0.011365,-0.008805,-0.004225
0.008459,-0.003360,-0.014747
-0.002266,0.008438,-0.021044
-0.001300,0.025521,-0.021977
0.003569,0.037219,-0.017638
0.000665,0.032878,-0.010228
-0.002215,0.008217,0.001272
-0.002190,-0.015375,0.012758
0.000696,-0.033563,0.017924
-0.002254,-0.025079,0.023310
-0.005186,0.003806,0.016129
-0.012023,0.033727,0.012132
-0.013015,0.052922,0.013326
-0.006211,0.050807,0.011158
-0.004275,0.033686,0.015247
-0.004260,0.003838,0.011796
-0.004256,-0.026042,0.011514
-0.007208,-0.029243,0.011486
-0.006268,-0.012127,0.007363
-0.006290,0.009245,0.004338
-0.008281,0.028438,0.005562
-0.006338,0.031609,0.008794
0.000486,0.014511,0.011874
0.001462,-0.004747,0.017053
-0.001451,-0.020752,0.016948
-0.002444,-0.023975,0.019042
-0.003451,-0.005822,0.018132
-0.008335,0.017671,0.016160
-0.008350,0.025147,0.015116
-0.003499,0.024059,0.017236
0.004310,0.012309,0.018209
0.007239,0.000571,0.018106
0.005270,-0.002600,0.014896
-0.000604,-0.000467,0.014893
0.006193,0.007082,0.007558
0.013023,0.016737,0.002303
0.011069,0.024248,-0.001904
0.006202,0.021067,-0.004068
0.006218,0.015719,-0.003053
0.008185,0.014663,-0.004116
0.007191,0.006037,0.004263
0.007149,-0.001590,0.020140
0.010998,-0.007048,0.032845
0.014885,-0.014536,0.034943
0.016821,-0.021966,0.030664
0.013853,-0.020770,0.017955
0.011891,-0.008824,-0.002089
0.005109,0.006314,-0.022166
0.002171,0.026689,-0.032647
0.004141,0.041667,-0.036822
0.008063,0.043801,-0.036818
0.007148,0.028849,-0.035901
0.001332,0.019181,-0.029641
-0.004533,0.006334,-0.025495
-0.003538,0.004107,-0.015915
0.001336,0.001883,-0.006302
0.003322,-0.012035,-0.001043
0.001404,-0.024836,-0.001099
-0.008323,-0.024763,-0.008526
-0.009297,-0.015044,-0.020140
-0.011226,0.007427,-0.026345
-0.012194,0.026631,-0.026240
-0.009273,0.041523,-0.021899
-0.008271,0.040336,-0.010272
-0.009248,0.040274,-0.003893
-0.006339,0.019957,0.000188
-0.003403,-0.002545,0.009583
-0.005368,-0.023914,0.012656
-0.004405,-0.037869,0.021086
0.000416,-0.039997,0.021143
0.004307,-0.022873,0.017074
0.002360,-0.003560,0.006618
-0.001549,0.016769,0.000348
-0.000571,0.030747,-0.010162
0.003371,0.037169,-0.012291
0.001422,0.034999,-0.009176
-0.000527,0.027539,-0.010309
-0.004398,0.022171,-0.007186
-0.007342,0.014601,0.002292
-0.006372,0.006011,0.007536
-0.005421,-0.000459,0.014947
-0.003483,-0.005833,0.019200
-0.006416,-0.000506,0.020350
-0.009365,-0.003716,0.021397
-0.005479,-0.002638,0.020359
-0.001594,-0.003708,0.020315
0.000341,-0.001582,0.021351
-0.004577,-0.005855,0.021259
0.001264,-0.007935,0.014842
0.002261,-0.017487,0.009439
0.002237,-0.018588,0.012578
0.001236,-0.007915,0.012692
0.000264,0.009184,0.010732
0.002172,0.026261,0.010908
0.002156,0.024128,0.010911
0.001197,0.023091,0.007691
-0.003679,0.013514,0.004411
-0.002708,0.006076,0.001163
-0.000759,0.002834,0.005378
0.004119,-0.006804,0.008449
0.001194,-0.004725,0.013724
-0.013471,0.001612,0.020132
-0.012533,0.002644,0.023290
-0.002827,0.002582,0.029691
0.001029,0.000408,0.033944
0.005893,0.004693,0.032996
0.006852,0.013296,0.026733
0.009753,0.024036,0.020473
0.005810,0.035888,0.008898
0.002884,0.045605,-0.002737
0.001923,0.033904,-0.007118
0.009692,0.010375,-0.002011
0.017520,-0.006768,0.005308
0.024348,-0.017533,0.014791
0.022383,-0.021782,0.012654
0.010653,-0.006791,0.007459
0.006746,0.012564,-0.007305
0.001889,0.034042,-0.020946
-0.002979,0.047982,-0.028313
-0.001968,0.048994,-0.023034
-0.000996,0.040404,-0.017811
0.000963,0.020056,-0.010540
0.000965,-0.013149,0.001944
0.000964,-0.029195,0.006097
0.002898,-0.030311,0.011420
0.002878,-0.020671,0.008376
-0.001017,0.003946,0.001185
-0.004895,0.024307,-0.007112
-0.008797,0.032933,-0.015519
-0.006851,0.036136,-0.015478
-0.003884,0.041438,-0.012269
-0.006798,0.045640,-0.005893
-0.010712,0.050929,-0.001650
-0.011712,0.049857,-0.001722
-0.010765,0.040121,0.010892
-0.001051,0.015526,0.016010
0.009655,-0.009063,0.021176
0.015509,-0.031553,0.029531
0.012541,-0.033666,0.027440
0.008616,-0.026113,0.018996
0.007630,-0.019605,0.008436
0.012515,-0.009874,-0.004226
0.013520,-0.011921,-0.012755
0.013555,-0.000154,-0.015877
0.003838,0.022316,-0.022124
-0.004933,0.037272,-0.024178
-0.008824,0.045788,-0.023075
-0.009805,0.050015,-0.018779
-0.006889,0.050972,-0.007052
-0.005923,0.043382,0.005712
-0.003976,0.033703,0.014198
-0.002049,0.024082,0.016298
-0.005980,0.013386,0.018321
-0.003086,0.015542,0.016232
0.002755,0.010251,0.011927
0.009580,0.007122,0.004444
0.007639,0.010359,0.000173
0.007628,0.017900,-0.007230
0.004719,0.030788,-0.015648
-0.003069,0.045798,-0.022993
-0.007927,0.061824,-0.024988
-0.006974,0.054281,-0.017613
-0.003069,0.032792,-0.002932
0.002781,0.007060,0.009667
0.008614,-0.013263,0.014842
0.000823,-0.021745,0.009490
-0.008962,-0.008929,0.008520
-0.008984,0.007119,0.004395
-0.004123,0.016763,0.000222
-0.002176,0.019954,0.001318
-0.001177,0.014607,0.002325
-0.002144,-0.000374,0.006452
0.000778,-0.004663,0.008530
-0.002161,0.007118,0.004388
-0.004124,0.019912,0.005547
-0.006072,0.025257,0.004519
-0.006083,0.025276,0.002398
-0.007067,0.025286,0.001330
-0.006114,0.014585,0.004419
-0.003195,-0.002561,0.011724
0.007500,-0.013346,0.023358
0.012345,-0.018698,0.025503
0.012338,-0.024054,0.027614
0.012320,-0.013286,0.018172
0.015225,0.006092,0.001356
0.010376,0.023310,-0.013411
0.006482,0.032994,-0.021891
0.005505,0.034110,-0.027235
0.004564,0.026652,-0.028383
0.005571,0.019074,-0.017852
0.000714,0.003011,-0.012693
0.000710,-0.011980,-0.007491
-0.004167,-0.011017,0.003135
-0.002249,-0.004677,0.009571
0.002606,0.007034,0.012919
0.002637,0.009171,0.012965
0.001661,0.006013,0.008721
0.000696,0.001871,-0.004062
-0.004179,-0.003403,-0.010517
-0.000275,0.003050,-0.015814
0.002669,0.019061,-0.016812
0.000710,0.026465,-0.010408
-0.000277,0.020074,-0.011526
-0.002178,0.011537,-0.011607
-0.006093,-0.002378,-0.007477
-0.004164,-0.015203,-0.005432
0.001702,-0.015273,0.002079
0.002661,-0.009975,0.006432
0.000701,0.001777,0.005507
-0.003216,0.020976,0.006750
-0.000300,0.023112,0.006768
0.004570,0.010316,0.005581
0.009446,-0.002491,0.005463
0.010437,-0.010977,0.000056
0.007511,-0.013090,-0.002099
0.007488,-0.002366,-0.007318
0.004602,0.005220,-0.018952
0.001723,0.018057,-0.022030
-0.003156,0.020234,-0.026248
-0.000209,0.012700,-0.019940
0.004675,0.000903,-0.013622
0.003713,-0.017302,-0.007407
0.002744,-0.027010,0.003168
0.006621,-0.031339,0.009538
0.006651,-0.029182,0.007470
0.004697,-0.024904,0.006432
0.002750,-0.019472,-0.003084
0.001803,-0.020423,-0.014779
-0.000110,-0.028898,-0.021247
-0.001055,-0.031034,-0.021287
0.001874,-0.021452,-0.019087
0.001884,-0.020406,-0.016956
-0.001972,-0.015126,-0.011646
-0.002966,-0.013035,-0.007384
-0.001977,-0.022620,-0.009603
-0.002906,-0.026909,-0.007518
-0.003866,-0.015105,-0.013797
-0.007773,0.007292,-0.012561
-0.007765,0.024359,-0.012423
-0.005809,0.035028,-0.012358
-0.005794,0.032844,-0.007079
-0.003843,0.012493,0.000157
-0.003826,-0.015286,0.003076
0.001058,-0.033469,0.007169
0.002996,-0.036723,0.012474
0.002981,-0.021718,0.006245
-0.003840,0.005011,0.001153
-0.009683,0.030747,-0.011397
-0.011630,0.037215,-0.017736
-0.002849,0.029724,-0.015680
0.006906,0.017898,-0.007279
0.006918,-0.003583,0.006335
0.004958,-0.025027,0.016742
0.005876,-0.032571,0.024111
0.011707,-0.023958,0.015701
0.011718,-0.011003,0.000952
0.003928,0.004078,-0.012705
0.001014,0.020222,-0.026372
0.002016,0.027787,-0.035877
0.003022,0.036406,-0.044332
0.000117,0.035190,-0.029523
-0.005709,0.009461,-0.018082
-0.002769,-0.006676,-0.005475
-0.000813,-0.014241,0.004016
-0.002768,-0.020696,0.009279
-0.003749,-0.011067,0.007289
-0.005707,0.007099,0.005374
-0.002784,0.017826,0.000197
0.000140,0.023208,-0.003959
-0.003719,0.017914,-0.008263
-0.003731,0.015809,-0.011500
-0.003740,0.008305,-0.008410
-0.005672,0.004005,-0.005300
-0.007622,0.003959,-0.001097
-0.009575,0.002854,0.002050
-0.005689,-0.003592,0.006224
-0.002782,-0.003620,0.009413
-0.002806,-0.006821,0.009392
-0.004782,-0.008955,0.009373
-0.001874,-0.000371,0.005266
0.002010,0.010321,0.003273
0.003954,0.010313,0.004369
0.004919,0.018833,0.006607
0.004938,0.018867,0.003451
0.001037,0.007109,0.005470
-0.000908,-0.000382,0.007527
0.001999,-0.003582,0.007477
0.004956,-0.007852,0.007412
0.008829,-0.013189,0.007373
0.007867,-0.004619,0.004271
0.003975,0.008221,0.000113
0.000051,0.009341,-0.005189
-0.000906,0.002948,-0.006313
0.003968,-0.001311,-0.007425
0.004951,-0.004510,-0.007468
0.004956,-0.007775,-0.001123
0.007871,-0.015307,0.005191
0.016625,-0.019605,0.008372
0.017598,-0.012074,0.002086
0.003991,-0.002352,-0.009494
-0.004785,-0.004390,-0.019069
-0.004775,-0.002149,-0.029660
0.003053,0.005389,-0.035963
0.007950,0.003137,-0.024310
0.009904,0.004029,-0.007338
0.009887,0.008170,0.005432
0.006976,-0.001510,0.012775
0.005013,-0.012149,0.009506
0.003072,-0.015263,0.001003
0.000167,-0.015145,-0.010661
0.000167,-0.000138,-0.016869
-0.001767,0.013820,-0.025229
0.000223,0.013842,-0.027358
-0.002631,0.001110,-0.034904
-0.010376,-0.011675,-0.037166
-0.015221,-0.012810,-0.030857
-0.017175,-0.009717,-0.020262
-0.020140,0.003963,-0.001056
-0.017219,-0.000486,0.016972
-0.014329,-0.012370,0.031772
-0.007555,-0.026324,0.040201
0.000227,-0.028387,0.033907
0.006034,-0.015416,0.018158
-0.001739,0.004020,-0.003906
-0.004661,0.020184,-0.019709
-0.006599,0.027681,-0.022896
0.002206,0.025501,-0.018713
0.009054,0.008340,-0.010401
0.006146,-0.009925,0.001064
-0.002630,-0.014322,0.013751
-0.006515,-0.008964,0.011668
-0.009455,0.000619,0.013874
-0.009484,0.014521,0.010792
-0.008537,0.030530,0.010960
-0.006571,0.025175,0.013042
-0.001737,0.012372,0.012971
0.006043,-0.001532,0.016040
0.005068,-0.007902,0.012815
0.000207,-0.019622,0.010563
-0.002743,-0.014257,0.007399
-0.001788,-0.004677,0.009563
0.001113,-0.002607,0.015934
0.010829,-0.009093,0.024387
0.012790,-0.014449,0.026483
0.011810,-0.014385,0.020110
0.006882,-0.002551,0.010663
0.006875,0.009316,-0.001973
0.009806,0.018993,-0.009337
0.012745,0.022298,-0.019947
0.011802,0.019171,-0.027402
0.009874,0.004265,-0.030702
0.010881,-0.014954,-0.029815
0.008956,-0.015053,-0.020272
0.002126,0.000933,-0.018003
-0.001762,0.005193,-0.016913
-0.007564,0.003007,-0.011606
-0.004625,-0.006624,-0.008473
0.000261,-0.004587,0.001081
-0.003648,0.000757,0.000074
-0.006567,-0.001433,0.005333
-0.006587,-0.005683,0.003182
-0.006584,-0.006667,-0.005336
-0.004636,-0.005566,-0.008489
0.002180,-0.011966,-0.008531
0.006096,-0.010914,-0.006353
0.008074,-0.001266,-0.010499
0.000317,0.006221,-0.012604
-0.011409,0.012601,-0.010447
-0.013373,0.016858,-0.009384
-0.006536,0.011468,-0.004139
0.001262,-0.002467,0.002141
0.006126,-0.022858,0.013662
0.007082,-0.032474,0.014668
0.006121,-0.030264,0.007274
0.005146,-0.008835,-0.001035
-0.000710,0.024360,-0.012466
-0.006531,0.039359,-0.018750
-0.005548,0.032953,-0.018847
-0.000655,0.007308,-0.015902
0.000347,-0.015217,-0.004413
-0.002588,-0.020570,-0.002324
-0.009403,-0.014201,0.000894
-0.010394,0.000740,0.001045
-0.008461,0.022085,0.001252
-0.002614,0.036993,0.004608
-0.000646,0.027358,0.007721
0.001289,0.004847,0.018162
0.002249,-0.012206,0.015891
0.005134,-0.014386,0.020075
0.007055,-0.002618,0.016960
0.010933,0.008125,0.009598
0.003147,0.017898,-0.007315
-0.004645,0.014811,-0.019048
-0.000740,0.007362,-0.021235
0.005124,-0.000104,-0.021295
0.006134,-0.000146,-0.017044
0.000304,0.009444,-0.015898
-0.006510,0.020029,-0.007337
-0.012355,0.018906,-0.002062
-0.006534,0.014574,0.004267
-0.003599,0.011348,0.006369
0.002218,0.000625,0.011608
0.005141,-0.002507,0.005248
0.000271,-0.001397,0.001013
-0.002672,0.001881,-0.006365
0.002218,0.011571,-0.014755
-0.002610,0.016918,-0.015791
-0.001642,0.009340,-0.005274
0.003210,-0.001383,-0.000056
0.005164,-0.013133,0.000889
0.001273,-0.024961,0.009240
0.004184,-0.029260,0.012400
0.008072,-0.024977,0.011417
0.008069,-0.016397,0.007255
0.010962,-0.002501,0.005275
0.013859,0.006123,-0.003118
0.012920,0.008367,-0.013697
0.011974,0.012734,-0.023174
0.010074,0.008525,-0.029547
0.004245,0.000018,-0.032825
0.002305,-0.000047,-0.026487
0.007195,0.002031,-0.021198
0.007193,-0.000235,-0.007398
0.004282,-0.004619,0.004257
0.006246,-0.006775,0.006375
0.003312,-0.005695,0.005351
-0.004485,-0.003497,-0.000968
-0.005457,-0.000210,-0.009414
-0.001543,0.004052,-0.008303
0.005270,0.007266,-0.009301
0.003356,0.007298,-0.012499
-0.002444,0.000948,-0.017867
-0.007325,-0.007553,-0.022240
-0.007319,-0.010829,-0.014848
-0.006324,-0.006564,-0.014852
-0.005365,0.002986,-0.009484
-0.001469,0.002927,-0.003084
-0.001453,-0.005662,0.002167
-0.000493,-0.007805,0.003280
-0.001454,-0.005625,-0.000904
-0.004366,0.008300,-0.006073
-0.006332,0.018992,-0.008109
-0.008283,0.021137,-0.009158
-0.005352,0.017924,-0.008132
0.002462,-0.000308,0.001257
0.004413,-0.014257,0.008549
0.004423,-0.013212,0.010659
0.005409,-0.003565,0.006506
0.004427,0.008242,-0.000866
0.000521,0.028622,-0.011327
-0.006277,0.031907,-0.019829
-0.004330,0.023337,-0.016741
0.004451,0.005076,-0.005178
0.010299,-0.014183,-0.000006
0.009306,-0.018574,0.012708
0.007331,-0.018564,0.011640
0.008301,-0.008885,0.004311
0.007327,0.001916,-0.008307
0.003446,0.008426,-0.018883
0.004442,0.019234,-0.032610
0.001571,0.020393,-0.042191
-0.006207,0.013965,-0.040167
-0.009118,0.010719,-0.036014
-0.008145,0.011700,-0.027531
-0.007134,0.008401,-0.017994
-0.008101,0.004020,-0.006305
-0.005188,0.000696,0.006482
-0.004205,-0.002543,0.010774
-0.007114,-0.003625,0.012949
-0.003219,-0.000421,0.013005
0.002614,0.008160,0.008835
0.004576,0.014667,-0.001747
-0.002226,0.013677,-0.010320
-0.003206,0.004110,-0.014724
0.000703,-0.005470,-0.018088
0.003636,-0.004384,-0.020228
0.001700,0.003055,-0.016994
-0.007046,0.003013,-0.012729
-0.010962,0.008253,-0.003134
-0.006098,0.011427,0.000139
-0.000247,0.013486,0.007593
0.004592,0.009189,0.010773
0.001649,0.006011,0.008629
-0.001275,0.003908,0.005420
-0.006161,0.000755,0.000068
-0.006160,-0.000271,-0.004206
-0.004201,-0.008837,-0.001092
-0.000274,-0.016340,0.002012
0.003620,-0.020643,0.005194
0.004596,-0.023897,0.010471
0.003600,-0.023923,0.013688
0.002638,-0.009920,0.001111
-0.004148,0.010484,-0.011479
-0.007103,0.024366,-0.012440
-0.002232,0.023272,-0.010332
0.004606,0.012549,-0.005107
0.007551,-0.002451,0.001142
0.009490,-0.019581,0.006263
0.007553,-0.027053,0.006205
0.006565,-0.023810,0.001976
0.003640,-0.009886,-0.003250
0.002669,0.006152,-0.006307
-0.000239,0.028656,-0.015674
-0.003164,0.040413,-0.017729
-0.005117,0.033955,-0.012493
-0.002187,0.020029,-0.007302
-0.000238,0.006053,0.003193
0.003628,-0.007925,0.013696
0.007506,-0.017593,0.019985
0.011400,-0.016500,0.017935
0.010448,-0.011055,0.007391
0.004603,-0.007810,0.003182
-0.000292,-0.000246,-0.006315
0.003639,0.000907,-0.014794
0.006604,-0.007548,-0.023384
0.001743,-0.015094,-0.016043
-0.003116,-0.007583,-0.020271
-0.003096,0.005265,-0.024410
-0.003095,0.015898,-0.021153
-0.001131,0.009422,-0.013768
0.009588,-0.009887,-0.003264
0.014454,-0.016449,0.012602
0.007590,-0.016532,0.021132
0.008551,-0.016509,0.019038
0.009517,-0.016464,0.014807
0.002708,-0.015279,0.003152
0.004666,-0.017338,-0.004301
0.008585,-0.008663,-0.018026
0.002761,0.009584,-0.028506
-0.005014,0.018126,-0.029569
-0.014739,0.010703,-0.034958
-0.011797,0.016047,-0.035993
-0.010796,0.010608,-0.025409
-0.009818,0.003004,-0.011619
-0.008817,-0.008813,-0.003172
-0.010785,-0.005691,0.005413
-0.012747,0.007049,0.011906
-0.014696,0.019921,0.005672
-0.015666,0.025320,-0.000676
-0.013718,0.023228,-0.004945
-0.008866,0.013633,-0.006111
-0.002012,-0.009897,-0.001018
0.000920,-0.024928,0.007327
0.001849,-0.030360,0.016816
0.000881,-0.014353,0.016920
-0.003057,0.001610,0.021290
-0.003076,0.009127,0.017152
-0.000134,0.012383,0.011889
0.001820,0.009187,0.011873
0.001794,0.007098,0.007652
0.001769,0.008160,0.007649
0.006625,0.015597,0.010877
0.008563,0.025232,0.007764
0.008550,0.026329,0.004555
0.008555,0.025299,0.000268
0.007606,0.025393,-0.009295
0.001800,0.016985,-0.022123
0.004714,0.012737,-0.024296
0.002762,0.013749,-0.018995
0.006680,0.017952,-0.012620
0.001784,0.017883,-0.006273
-0.002141,0.014598,0.002200
-0.000195,0.014587,0.003283
0.003704,0.008188,0.003282
0.007622,0.004002,-0.004114
0.008618,0.005105,-0.007239
0.005696,0.010495,-0.012505
0.004727,0.010483,-0.011458
0.004719,0.010472,-0.010453
0.007637,0.012561,-0.006225
0.002785,0.020002,-0.004078
0.000827,0.024268,-0.004061
0.000819,0.037063,-0.002896
0.006621,0.043500,-0.005995
0.003716,0.033975,-0.013451
0.003755,0.007343,-0.017879
0.005711,-0.016126,-0.018051
0.010602,-0.026807,-0.017077
0.012546,-0.016163,-0.014888
0.003789,-0.001213,-0.015832
-0.008858,0.006325,-0.023249
-0.016622,0.008468,-0.024319
-0.015626,-0.005425,-0.022318
-0.007810,-0.017269,-0.011797
-0.007798,-0.023779,-0.001236
-0.012674,-0.013128,0.000993
-0.014644,0.007119,0.004374
-0.012714,0.029571,0.000326
-0.011750,0.041307,0.000415
-0.009827,0.036976,0.006757
-0.007892,0.019871,0.009805
-0.002016,-0.006854,0.014960
-0.000057,-0.029337,0.022205
-0.002995,-0.023957,0.018035
-0.006891,-0.011036,0.006413
-0.014693,0.011380,0.005492
-0.013759,0.028455,0.004491
-0.003064,0.028390,0.010837
0.005703,0.006908,0.024436
0.010563,-0.025179,0.031604
0.013461,-0.047574,0.030375
0.011495,-0.044361,0.029363
0.008541,-0.019673,0.014703
0.002708,0.013589,-0.003045
-0.002159,0.038261,-0.015584
0.000743,0.043649,-0.020856
0.001737,0.032904,-0.013501
0.004683,0.008286,-0.006289
0.007611,-0.017485,0.009403
0.007592,-0.030395,0.019936
0.002730,-0.031494,0.023109
0.002721,-0.022892,0.016832
0.003660,-0.006788,0.007422
-0.000216,0.012590,-0.009393
-0.005061,0.022278,-0.017854
-0.006040,0.019151,-0.025316
0.000781,0.011655,-0.023307
0.002733,0.001901,-0.008551
0.002721,-0.015290,0.002978
0.002704,-0.023942,0.014603
0.002711,-0.031495,0.023053
-0.000227,-0.026103,0.017836
-0.005090,-0.008962,0.011625
-0.008029,-0.002550,0.010606
-0.006085,-0.003630,0.011673
0.001687,-0.004717,0.013800
0.007519,-0.009005,0.015905
0.005589,-0.017522,0.013702
-0.000260,-0.012140,0.008403
-0.003207,-0.001373,-0.001060
0.001678,0.003988,-0.003144
0.005587,0.004012,-0.005238
0.007525,-0.005704,0.005290
0.010480,-0.015390,0.013743
0.005622,-0.027123,0.013645
-0.003151,-0.027084,0.009346
-0.010000,-0.014197,0.000942
-0.013884,0.004059,-0.010605
-0.014854,0.014708,-0.008439
-0.006113,0.021059,-0.003051
0.003614,0.023140,0.002288
0.001659,0.019827,0.014014
0.000660,0.000549,0.021328
0.005540,-0.019744,0.023322
0.010397,-0.033575,0.018943
0.013291,-0.019619,0.010555
0.012294,0.001803,0.002220
0.010323,0.017840,-0.000844
0.011298,0.024349,-0.011412
0.015228,0.016986,-0.022073
0.008459,-0.004314,-0.026504
0.001682,-0.022479,-0.024568
0.001709,-0.021463,-0.019268
0.003664,-0.010940,-0.004307
0.002658,0.000701,0.005331
-0.001241,0.011362,0.006499
-0.006116,0.008187,0.004369
-0.003175,-0.003516,0.001138
0.003649,-0.006673,-0.003098
0.003638,0.004034,-0.006140
0.001684,0.011450,-0.000769
0.002659,0.016817,-0.003920
-0.001216,0.018997,-0.009289
-0.008045,0.020165,-0.019966
-0.013874,0.013812,-0.025404
-0.011899,0.005316,-0.029743
-0.007021,-0.001128,-0.025527
-0.007979,0.004125,-0.016958
-0.011876,-0.005603,-0.004261
-0.010900,-0.015353,0.010558
-0.007020,-0.014401,0.022280
-0.004113,-0.016680,0.037164
-0.000253,-0.016711,0.040375
0.001684,-0.009176,0.034088
0.000697,-0.005887,0.025627
0.004588,0.008145,0.009826
