0.011572,0.210244,-0.055054
0.026227,0.166475,-0.062930
0.024506,0.096667,-0.062226
0.007617,0.032401,-0.025117
-0.006126,-0.015174,0.003336
-0.013107,-0.062979,0.028471
-0.019442,-0.110428,0.050840
-0.014262,-0.134511,0.053236
-0.016231,-0.145484,0.052724
-0.018936,-0.149395,0.055278
-0.022266,-0.121279,0.051731
-0.024141,-0.060913,0.033612
-0.007024,0.050297,0.005012
0.007604,0.158943,-0.034450
0.009161,0.221389,-0.050993
0.016948,0.222865,-0.042959
0.019820,0.156948,-0.029395
0.027125,0.043836,-0.012263
0.018763,-0.071929,0.018083
0.009799,-0.133912,0.038309
-0.002897,-0.133949,0.041344
-0.012722,-0.116804,0.037045
-0.014568,-0.092212,0.028586
-0.017252,-0.075435,0.032866
-0.013952,-0.059218,0.025419
-0.004381,-0.002046,-0.029996
-0.044873,0.064823,-0.375991
-0.032321,0.190388,-0.286857
-0.000666,0.270676,-0.110511
0.018353,0.198452,-0.027745
0.013407,0.081856,-0.009099
0.020200,-0.023800,0.009530
0.020876,-0.107510,0.029296
0.016233,-0.131259,0.033511
0.011550,-0.126760,0.027927
0.008286,-0.121290,0.032256
0.009516,-0.115711,0.025130
0.002732,-0.088056,0.020744
-0.001890,-0.029496,0.001423
-0.008844,0.059479,-0.021213
-0.014592,0.169319,-0.036512
-0.001930,0.260545,-0.055584
0.019024,0.245628,-0.071253
0.029083,0.160777,-0.068873
0.033281,0.067770,-0.059226
0.019947,-0.011543,-0.038906
0.000251,-0.090605,0.006978
-0.003153,-0.152981,0.034977
-0.006099,-0.178432,0.047157
-0.004501,-0.171400,0.048180
0.002505,-0.129149,0.034141
-0.000086,-0.052060,0.002090
-0.005407,0.040606,-0.015761
-0.006815,0.139742,-0.042176
-0.001873,0.238364,-0.077742
0.005540,0.305888,-0.089633
0.012995,0.293611,-0.083262
0.012662,0.199450,-0.053798
0.006544,0.070154,-0.018878
0.006281,-0.049575,0.003794
0.002434,-0.139445,0.020949
0.003650,-0.225846,0.044604
0.012785,-0.271209,0.053510
0.022705,-0.266804,0.024287
0.011267,-0.229794,0.000390
-0.009057,-0.165557,-0.013154
-0.030313,-0.103063,-0.017871
-0.036143,-0.013640,0.002802
-0.021991,0.112241,-0.014346
-0.009015,0.244835,-0.043618
0.027845,0.299459,-0.102265
0.024228,0.249421,-0.108338
0.018193,0.100994,-0.051392
0.028448,-0.015001,-0.017660
0.023693,-0.083716,-0.002962
0.023212,-0.115705,0.003682
0.019656,-0.098578,-0.011652
-0.001819,-0.080872,-0.010825
-0.009438,-0.074716,0.000493
-0.016677,-0.058557,-0.002430
-0.025317,-0.024791,-0.014267
-0.031090,0.032729,-0.020340
-0.030515,0.125649,-0.043855
-0.019632,0.238610,-0.070567
-0.008256,0.289994,-0.072405
-0.000881,0.237641,-0.062969
0.013462,0.134848,-0.041192
0.020615,0.025095,-0.020684
0.006967,-0.072406,0.006531
-0.008261,-0.149235,0.042348
-0.017872,-0.165880,0.059794
-0.018093,-0.137781,0.046156
-0.013518,-0.094619,0.030068
-0.008799,-0.045449,0.008569
-0.015908,0.017542,-0.023530
-0.029834,0.076098,-0.011694
-0.020676,0.168588,-0.016010
-0.001813,0.269818,-0.037695
0.030298,0.276871,-0.071631
0.027774,0.194191,-0.057419
0.013344,0.073102,-0.019188
0.004363,-0.039376,0.029554
0.006345,-0.100136,0.045593
0.002347,-0.125998,0.043854
-0.001279,-0.135457,0.048951
0.001121,-0.126464,0.035791
0.003734,-0.110325,0.017447
-0.001808,-0.081726,-0.002685
-0.011882,-0.037226,-0.008516
-0.015275,0.013882,-0.005702
0.005210,0.117456,-0.028710
0.017792,0.237202,-0.076390
0.028378,0.305405,-0.096884
0.025057,0.250576,-0.094037
0.014512,0.123499,-0.051076
0.008919,-0.006540,-0.007390
-0.002073,-0.106696,0.022995
-0.006011,-0.150617,0.030406
-0.014318,-0.139177,0.016616
-0.020763,-0.113675,0.007544
-0.021976,-0.099295,0.004096
-0.026572,-0.090480,-0.000264
-0.025812,-0.054593,0.007095
-0.020068,0.028408,0.000577
-0.003748,0.139990,-0.022861
0.005738,0.206803,-0.045418
0.018684,0.206453,-0.069004
0.014530,0.145511,-0.056631
0.007582,0.052592,-0.025946
-0.002479,-0.038798,0.009688
-0.006098,-0.108818,0.029499
-0.009819,-0.140796,0.034981
-0.016850,-0.145011,0.041979
-0.020684,-0.114750,0.039130
-0.024135,-0.072232,0.025009
-0.026943,-0.031942,0.023315
-0.027516,-0.001417,0.020663
-0.021538,0.067438,0.019690
-0.002498,0.163514,0.001241
0.016946,0.262890,-0.030215
0.038965,0.268987,-0.076338
0.033037,0.168040,-0.071634
0.024215,0.046345,-0.036501
0.010003,-0.074456,0.009684
-0.003464,-0.157940,0.052192
-0.012929,-0.169396,0.065349
-0.015056,-0.138994,0.056815
-0.010186,-0.110655,0.042535
-0.006647,-0.087150,0.030715
-0.011109,-0.048051,0.025609
-0.009174,-0.008470,0.018263
-0.000537,0.089877,0.010357
0.006230,0.215149,-0.031138
0.021965,0.268650,-0.063967
0.027009,0.240184,-0.073800
0.021174,0.138787,-0.042458
0.020495,0.022750,-0.014176
0.009463,-0.078492,0.013118
0.003996,-0.135786,0.036007
-0.000616,-0.137897,0.040335
-0.004256,-0.119911,0.031478
-0.001912,-0.105802,0.020360
-0.007297,-0.084306,0.014895
-0.007221,-0.037503,0.003057
-0.011565,0.031650,-0.001688
-0.002667,0.129535,-0.021501
0.014600,0.249219,-0.063611
0.030679,0.300159,-0.098335
0.033806,0.239270,-0.103906
0.027688,0.100921,-0.074670
0.014905,-0.036223,-0.027988
0.007053,-0.141617,0.008608
0.002540,-0.202839,0.027006
-0.004180,-0.204420,0.029035
-0.012998,-0.163174,0.018027
-0.018398,-0.121923,0.004965
-0.028007,-0.088411,0.008573
-0.025618,-0.046184,0.003510
-0.022441,0.010925,-0.011868
-0.018591,0.087262,-0.019441
-0.002978,0.182240,-0.035101
0.013474,0.237938,-0.061358
0.034871,0.210550,-0.089987
0.024825,0.111570,-0.073040
-0.000819,-0.017259,-0.019492
-0.003638,-0.127140,0.020209
-0.008515,-0.186661,0.043529
-0.017115,-0.166015,0.052280
-0.020071,-0.092258,0.034907
-0.019027,-0.039739,0.012828
-0.020361,-0.010489,0.001642
-0.018452,0.016923,-0.007570
-0.021778,0.067659,-0.006254
-0.010494,0.149123,-0.025218
0.006017,0.226959,-0.064604
0.011369,0.220270,-0.073016
0.024629,0.133132,-0.063726
0.024532,0.023917,-0.039807
0.008646,-0.074193,0.000451
-0.006094,-0.151699,0.041090
-0.015122,-0.182709,0.065922
-0.015885,-0.169551,0.063939
-0.012204,-0.123675,0.043275
-0.012438,-0.078975,0.019272
-0.020685,-0.047128,0.010154
-0.019704,-0.013354,0.013171
-0.013353,0.041499,-0.000745
-0.004915,0.128806,-0.012826
0.019158,0.198710,-0.037484
0.033071,0.195675,-0.053949
0.037258,0.128240,-0.061688
0.023060,0.031020,-0.033236
0.006317,-0.062860,0.017762
0.002205,-0.129056,0.043090
0.000769,-0.134844,0.042655
-0.006545,-0.103402,0.037847
0.001082,-0.057879,0.018053
0.007505,-0.025876,-0.015693
0.003092,-0.006327,-0.032459
-0.012985,0.006427,-0.023884
-0.011655,0.022281,-0.017158
-0.003019,0.052325,-0.019229
0.008290,0.131787,-0.029653
0.026442,0.248154,-0.074451
0.038435,0.273230,-0.106720
0.037886,0.165964,-0.103155
0.021984,0.017495,-0.073760
0.001292,-0.118298,-0.012671
-0.015514,-0.198353,0.042537
-0.016187,-0.199826,0.049643
-0.012234,-0.142248,0.026921
-0.015056,-0.079386,-0.003917
-0.019805,-0.045967,-0.020964
-0.027369,-0.029254,-0.009371
-0.028793,0.008764,0.000715
-0.020728,0.070345,0.004329
-0.008723,0.114151,0.007927
0.020628,0.160500,-0.024198
0.024638,0.167482,-0.064778
0.023670,0.097480,-0.065624
0.004636,0.003884,-0.032176
-0.012045,-0.093530,0.007128
-0.017327,-0.156421,0.038923
-0.022246,-0.162372,0.055774
-0.015796,-0.124803,0.031782
-0.017576,-0.070902,0.009833
-0.017793,-0.021381,-0.008630
-0.021369,0.012508,-0.011834
-0.015403,0.057872,-0.002842
-0.004432,0.127377,-0.007727
0.010347,0.187987,-0.033320
0.022548,0.183416,-0.055739
0.023400,0.103163,-0.057027
0.018466,-0.011789,-0.030928
0.000865,-0.128107,0.011114
-0.016152,-0.218753,0.069330
-0.022277,-0.237053,0.092140
-0.021697,-0.195301,0.072026
-0.015212,-0.141210,0.036031
-0.015483,-0.090071,0.015837
-0.011514,-0.046274,0.009294
-0.008588,0.015953,0.011473
0.009774,0.098182,-0.021736
0.019511,0.189036,-0.045273
0.033014,0.246348,-0.074143
0.030296,0.212716,-0.089554
0.020029,0.094853,-0.056832
0.006427,-0.040353,-0.005797
-0.004584,-0.147988,0.037708
-0.009050,-0.192744,0.059481
-0.011475,-0.171361,0.053239
-0.009155,-0.126896,0.025441
-0.016100,-0.093732,0.010392
-0.018495,-0.055684,0.018144
-0.013113,0.014855,0.012395
-0.010404,0.092084,-0.001300
0.004565,0.170612,-0.021138
0.022807,0.233415,-0.056559
0.026428,0.223017,-0.074327
0.026663,0.141083,-0.062287
0.019343,0.035422,-0.028196
0.016373,-0.064603,-0.007642
0.003847,-0.135533,0.015684
-0.009724,-0.160327,0.033190
-0.008208,-0.155972,0.017044
-0.014519,-0.149416,0.001684
-0.023978,-0.126627,0.010998
-0.026460,-0.073176,0.018692
-0.014413,0.012370,0.010903
0.001739,0.143148,-0.033911
0.008756,0.232097,-0.050010
0.028214,0.248521,-0.074988
0.029427,0.199772,-0.101206
0.016949,0.072961,-0.069464
0.005662,-0.073908,-0.014045
-0.004899,-0.192404,0.035772
-0.021216,-0.252579,0.073798
-0.029894,-0.244465,0.081702
-0.032154,-0.203650,0.063205
-0.032701,-0.167197,0.044777
-0.034297,-0.130741,0.032788
-0.033281,-0.069622,0.028226
-0.008767,0.053842,0.008558
0.007130,0.207919,-0.021898
0.021671,0.329908,-0.067813
0.035436,0.414723,-0.095531
0.048029,0.374958,-0.131109
0.035238,0.228268,-0.111272
0.007496,0.020820,-0.031436
-0.011126,-0.167366,0.050318
-0.016395,-0.275068,0.096504
-0.019414,-0.299757,0.107311
-0.012065,-0.273272,0.074478
-0.024328,-0.239284,0.051993
-0.034322,-0.202537,0.050593
-0.026348,-0.135768,0.049744
-0.009692,-0.007287,0.031048
-0.001841,0.152334,-0.007444
0.010164,0.301316,-0.036940
0.047006,0.437212,-0.090075
0.052731,0.485706,-0.134997
0.035917,0.368294,-0.130819
0.019943,0.131379,-0.076382
0.002920,-0.112181,0.005294
-0.003339,-0.276277,0.072795
-0.009371,-0.330281,0.104964
-0.007627,-0.294434,0.089286
-0.004132,-0.219393,0.037980
-0.012602,-0.162731,0.005604
-0.023789,-0.104149,0.009235
-0.015491,-0.015816,0.024810
-0.002365,0.117718,-0.008739
0.010007,0.281366,-0.062205
0.018345,0.391171,-0.097829
0.027855,0.440107,-0.123001
0.030731,0.387015,-0.141392
0.016815,0.183208,-0.106190
0.012294,-0.086163,-0.030351
0.001888,-0.295076,0.047840
-0.016696,-0.415375,0.112191
-0.018043,-0.415434,0.119270
-0.017882,-0.310504,0.074330
-0.021764,-0.175982,0.025347
-0.017285,-0.059399,-0.021400
-0.023799,0.021569,-0.019981
-0.018680,0.134248,-0.024732
-0.009644,0.254100,-0.033662
0.013605,0.369336,-0.077949
0.024148,0.447982,-0.129852
0.024274,0.345700,-0.132291
0.029497,0.143812,-0.115313
0.019254,-0.105387,-0.045662
-0.014596,-0.320010,0.069785
-0.026186,-0.428108,0.136586
-0.027096,-0.427302,0.129847
-0.032171,-0.362370,0.084843
-0.047312,-0.281155,0.070487
-0.037056,-0.183540,0.055388
-0.020072,-0.049735,0.033552
-0.005145,0.091781,0.009274
0.014519,0.236288,-0.026425
0.035758,0.402638,-0.077559
0.057554,0.547548,-0.139574
0.049453,0.513733,-0.159955
0.037825,0.258972,-0.122215
0.034967,-0.071534,-0.051033
0.016043,-0.337094,0.041075
-0.010856,-0.479563,0.112410
-0.022753,-0.470549,0.109055
-0.036414,-0.346336,0.078299
-0.035189,-0.206948,0.039674
-0.023049,-0.097646,-0.002534
0.002986,0.042149,-0.025435
0.017499,0.207611,-0.069292
0.021050,0.343643,-0.099663
0.033030,0.404335,-0.115532
0.038972,0.391586,-0.158909
0.014940,0.244103,-0.126508
0.003649,0.020915,-0.047942
-0.008849,-0.183508,0.018374
-0.010936,-0.323762,0.074526
-0.012104,-0.341419,0.078663
-0.022467,-0.286024,0.039849
-0.038823,-0.228710,0.021304
-0.042090,-0.164841,0.022217
-0.025442,-0.069158,0.008522
-0.020236,0.076637,-0.006894
-0.006613,0.245936,-0.036324
0.027010,0.408237,-0.085274
0.051289,0.470896,-0.163228
0.033248,0.352444,-0.161926
0.028142,0.107633,-0.095069
0.014211,-0.132131,-0.014886
-0.001818,-0.325217,0.068402
-0.018345,-0.392988,0.113235
-0.022699,-0.345604,0.090352
-0.034497,-0.257718,0.045898
-0.042596,-0.177491,0.037705
-0.045632,-0.120229,0.035268
-0.036360,-0.045992,0.036757
-0.017482,0.102175,0.022496
0.003992,0.282267,-0.013557
0.028792,0.431967,-0.080014
0.041262,0.489252,-0.130180
0.034731,0.364829,-0.140041
0.031330,0.125124,-0.086030
0.019719,-0.114407,-0.005832
0.003247,-0.289533,0.076087
-0.007741,-0.352575,0.114351
-0.010844,-0.301442,0.094112
-0.015015,-0.220663,0.045396
-0.025013,-0.157527,0.020262
-0.036038,-0.106817,0.023245
-0.038665,-0.060114,0.035043
-0.010699,0.031599,0.019411
0.005162,0.198008,-0.011865
0.036647,0.376851,-0.098162
0.043126,0.447927,-0.155094
0.034793,0.332098,-0.144435
0.035535,0.084599,-0.091784
0.015081,-0.155852,-0.004540
-0.004623,-0.310573,0.072021
-0.014922,-0.365145,0.105141
-0.014915,-0.328933,0.080749
-0.025076,-0.268283,0.038758
-0.039386,-0.236211,0.041121
-0.033566,-0.194089,0.043416
-0.040440,-0.129355,0.059721
-0.001758,0.005531,0.023540
0.015763,0.187946,-0.028749
0.025016,0.339610,-0.080504
0.033879,0.369309,-0.113260
0.032426,0.281291,-0.120426
0.017073,0.131819,-0.085475
-0.001071,-0.013894,-0.006384
-0.011598,-0.124884,0.051189
-0.017789,-0.181117,0.066531
-0.019688,-0.189084,0.061394
-0.018460,-0.179489,0.051526
-0.029490,-0.161309,0.045922
-0.032537,-0.125862,0.040562
-0.023126,-0.024158,0.024192
-0.015434,0.119109,0.008899
0.020587,0.232704,-0.059942
0.026039,0.268146,-0.096123
0.017552,0.238596,-0.076763
0.012329,0.172407,-0.051684
0.006440,0.092489,-0.020084
0.002606,-0.005207,0.012690
-0.007669,-0.084448,0.046628
-0.010752,-0.153594,0.069541
-0.006912,-0.183069,0.069362
-0.013106,-0.180035,0.067670
-0.016358,-0.151493,0.055676
-0.017113,-0.102839,0.049428
0.000527,-0.005063,0.019219
0.008309,0.151063,-0.022193
0.027796,0.300660,-0.080750
0.028784,0.334477,-0.107798
0.033520,0.272341,-0.114029
0.029067,0.156432,-0.089207
0.016007,0.024036,-0.030867
0.003920,-0.099117,0.023995
-0.006023,-0.188769,0.058827
-0.002619,-0.232414,0.061078
-0.013286,-0.239425,0.048488
-0.028436,-0.231338,0.042735
-0.038975,-0.201933,0.058622
-0.019969,-0.093576,0.041267
0.000094,0.065434,-0.004431
0.029109,0.229854,-0.074808
0.036791,0.342713,-0.132047
0.028052,0.363045,-0.132057
0.020227,0.288805,-0.116500
0.005253,0.171678,-0.071270
-0.001696,0.031828,-0.012747
-0.011943,-0.090003,0.043086
-0.008349,-0.180648,0.062710
-0.019505,-0.214609,0.070649
-0.027513,-0.224870,0.060828
-0.041930,-0.216983,0.052943
-0.053491,-0.190593,0.063329
-0.034539,-0.089306,0.058693
-0.013045,0.050730,0.035225
0.026425,0.193024,-0.032572
0.045600,0.291063,-0.098757
0.037992,0.272878,-0.098920
0.024707,0.186198,-0.061509
0.011296,0.063292,-0.021391
-0.005999,-0.064708,0.032943
-0.009058,-0.163311,0.072361
-0.013454,-0.212115,0.082123
-0.011929,-0.226009,0.070586
-0.014570,-0.216956,0.057311
-0.018132,-0.184687,0.055575
-0.007302,-0.122093,0.038162
0.004609,-0.040065,0.017641
0.012923,0.082697,-0.007625
0.026558,0.187733,-0.053525
0.029282,0.230746,-0.072145
0.025159,0.198086,-0.074899
0.014986,0.121088,-0.050246
0.006656,0.031335,-0.018383
-0.003599,-0.030033,0.007535
-0.003128,-0.070360,0.024951
-0.002402,-0.091170,0.023045
-0.010219,-0.104357,0.008686
-0.026460,-0.119989,0.018090
-0.028870,-0.101435,0.020647
-0.023873,-0.049566,0.011851
-0.006139,0.032621,-0.005129
0.007944,0.131975,-0.036602
0.028559,0.202026,-0.087901
0.016352,0.206527,-0.093340
0.000947,0.130196,-0.045582
0.008459,0.046181,-0.025892
0.001150,-0.025016,-0.011748
-0.008887,-0.087072,0.025929
-0.010452,-0.120652,0.044847
-0.014848,-0.126247,0.043161
-0.023523,-0.114779,0.047406
-0.023082,-0.100300,0.042765
-0.025219,-0.072061,0.032431
-0.015669,-0.005621,0.014698
-0.000321,0.088564,-0.015262
0.021546,0.175593,-0.060158
0.021059,0.195581,-0.077149
0.016205,0.148151,-0.053020
0.016132,0.088176,-0.032285
0.008430,0.038981,-0.014598
0.011593,0.008344,-0.011602
0.007822,-0.010747,-0.015874
-0.003392,-0.038599,0.003369
-0.009580,-0.073739,0.022186
-0.010647,-0.086429,0.029611
-0.003390,-0.075644,0.012108
-0.010432,-0.055760,0.006470
-0.015587,-0.023252,0.000856
-0.014012,0.032819,0.003156
0.004649,0.079426,-0.015379
0.012477,0.089579,-0.024915
0.024664,0.075965,-0.028692
0.028002,0.072103,-0.040881
0.018942,0.078343,-0.050844
0.007155,0.069807,-0.039556
0.006125,0.045955,-0.032361
-0.004341,0.001082,-0.007035
-0.008600,-0.045419,0.013587
-0.010562,-0.078513,0.025778
-0.008577,-0.094590,0.015945
-0.008004,-0.089689,-0.005381
-0.014018,-0.057194,-0.011929
-0.014782,-0.006480,-0.007293
0.000485,0.077646,-0.031813
0.000808,0.116252,-0.053507
0.003185,0.094797,-0.045654
0.003537,0.069758,-0.038062
0.002713,0.045427,-0.038528
-0.009525,0.026209,-0.010948
-0.013199,-0.011262,0.021142
-0.002068,-0.071813,0.029320
-0.000606,-0.120723,0.036770
-0.009994,-0.147575,0.053452
-0.014272,-0.154457,0.050100
-0.015371,-0.124067,0.026814
-0.019499,-0.063281,0.023725
-0.010123,0.012386,0.007064
-0.001999,0.099832,-0.012789
0.018587,0.195606,-0.062280
0.017423,0.251968,-0.078876
0.010653,0.223932,-0.066250
0.010917,0.144698,-0.043644
0.012193,0.062888,-0.023324
0.001659,-0.022888,0.007257
-0.001427,-0.094360,0.033892
-0.005751,-0.146451,0.048638
-0.006940,-0.175430,0.057149
-0.008012,-0.181046,0.044970
-0.018479,-0.158475,0.032519
-0.016959,-0.103286,0.016219
-0.014980,-0.010949,0.006662
-0.006825,0.123288,-0.024834
0.003849,0.244672,-0.066645
0.022943,0.288308,-0.101112
0.019955,0.234648,-0.099657
0.013111,0.152421,-0.068706
0.004969,0.074326,-0.033333
-0.012156,-0.017992,0.007721
-0.007614,-0.113995,0.033851
-0.009255,-0.182969,0.057032
-0.015592,-0.209765,0.065775
-0.024647,-0.224092,0.068968
-0.035596,-0.204925,0.070797
-0.038563,-0.152832,0.069322
-0.028305,-0.071231,0.051323
-0.015679,0.061296,0.023361
0.001348,0.208831,-0.001875
0.017133,0.329603,-0.040600
0.038495,0.400407,-0.107265
0.035135,0.364121,-0.106274
0.019358,0.199636,-0.064107
0.014551,0.013772,-0.022907
0.005290,-0.141641,0.046001
0.000728,-0.238458,0.092872
-0.006834,-0.262885,0.098646
-0.006020,-0.243899,0.079947
-0.012405,-0.202510,0.050263
-0.023538,-0.154493,0.048496
-0.017151,-0.081911,0.040310
-0.008967,0.053283,0.023740
0.005859,0.238538,-0.030434
0.020931,0.389250,-0.096725
0.031510,0.423517,-0.133883
0.022808,0.309561,-0.107656
0.020335,0.129809,-0.060357
0.007155,-0.047066,-0.004527
-0.001299,-0.180981,0.055331
-0.015516,-0.252028,0.086937
-0.017978,-0.266287,0.096548
-0.017313,-0.252158,0.082732
-0.020573,-0.215037,0.063276
-0.023651,-0.163375,0.055641
-0.003090,-0.040016,0.026395
-0.011431,0.121566,-0.000506
-0.000257,0.259556,-0.046126
0.017597,0.343476,-0.084394
0.031587,0.343020,-0.114397
0.028114,0.234439,-0.094843
0.027713,0.066957,-0.051241
0.009980,-0.104295,0.016464
0.000579,-0.238969,0.077035
-0.009556,-0.300489,0.099350
-0.017902,-0.307032,0.087556
-0.032624,-0.272222,0.081333
-0.030173,-0.204343,0.066814
-0.022750,-0.122016,0.041768
-0.017100,-0.006565,0.018931
-0.013134,0.145504,-0.004229
0.000342,0.280626,-0.032766
0.027103,0.355143,-0.070324
0.042806,0.326050,-0.098797
0.048442,0.201526,-0.102826
0.043130,0.040197,-0.075251
0.012850,-0.120268,-0.003086
-0.004513,-0.239583,0.063959
-0.011400,-0.301050,0.086890
-0.009930,-0.301097,0.066702
-0.025661,-0.264937,0.047422
-0.042552,-0.220451,0.051259
-0.038523,-0.130201,0.052113
-0.027955,0.012005,0.027967
-0.011714,0.169656,-0.018111
0.012920,0.294423,-0.064046
0.027550,0.362658,-0.086046
0.032752,0.347481,-0.093453
0.034801,0.240511,-0.084886
0.030879,0.086687,-0.053702
0.023545,-0.070662,-0.016821
0.013318,-0.183633,0.030058
-0.007410,-0.254497,0.074292
-0.014574,-0.256771,0.080658
-0.015155,-0.204170,0.047314
-0.029842,-0.140770,0.020187
-0.041420,-0.086562,0.021185
-0.038685,-0.049557,0.014123
-0.021412,0.030434,0.031657
-0.007144,0.169734,0.011034
0.017218,0.306852,-0.048298
0.041708,0.368603,-0.097788
0.035478,0.327087,-0.107356
0.036633,0.179790,-0.091534
0.028495,-0.020040,-0.030438
0.011793,-0.183252,0.031597
0.005462,-0.260075,0.067681
-0.002745,-0.260198,0.068145
-0.007733,-0.210520,0.046168
-0.020372,-0.167175,0.011829
-0.035948,-0.134149,0.020316
-0.032216,-0.094661,0.016602
-0.023473,-0.007757,0.006452
-0.024517,0.105989,0.002220
0.001223,0.239668,-0.033720
0.021330,0.360511,-0.076605
0.047876,0.416372,-0.124494
0.039422,0.334914,-0.125989
0.023475,0.128138,-0.082863
0.018149,-0.075786,-0.019716
0.001743,-0.246724,0.055823
-0.008522,-0.347583,0.112760
-0.002460,-0.347927,0.102478
-0.000596,-0.274840,0.055747
-0.014312,-0.186068,0.021165
-0.037080,-0.134195,0.021963
-0.025856,-0.071655,0.023098
-0.027724,0.035901,0.013647
-0.017823,0.147718,0.005016
0.001611,0.256046,-0.026417
0.024119,0.373357,-0.098932
0.035388,0.432845,-0.128798
0.025689,0.343755,-0.122057
0.029503,0.153390,-0.109019
0.011303,-0.084560,-0.028453
-0.013939,-0.281099,0.079306
-0.024806,-0.363228,0.129089
-0.023705,-0.336773,0.108324
-0.027511,-0.249069,0.061587
-0.040005,-0.170201,0.048412
-0.021324,-0.084278,0.028308
-0.010766,-0.002826,0.009804
-0.008911,0.122534,0.006375
0.004271,0.263928,-0.020544
0.030944,0.360966,-0.073572
0.051683,0.392188,-0.135448
0.046322,0.272997,-0.149141
0.025352,0.056527,-0.083776
0.010061,-0.154291,0.003611
-0.012351,-0.304893,0.077920
-0.025286,-0.360020,0.112828
-0.033795,-0.316163,0.087581
-0.050122,-0.243274,0.074461
-0.039558,-0.168855,0.054286
-0.041685,-0.114000,0.055412
-0.004762,-0.012095,0.031590
0.001055,0.120569,0.012999
0.012462,0.249258,-0.026223
0.031231,0.339582,-0.073636
0.043101,0.393775,-0.110288
0.051393,0.368983,-0.134492
0.048479,0.228311,-0.114229
0.042090,0.001042,-0.071410
0.021192,-0.225187,-0.006028
-0.013758,-0.389680,0.078368
-0.032496,-0.453931,0.109183
-0.055632,-0.429204,0.103033
-0.061060,-0.309035,0.096140
-0.042280,-0.151750,0.053555
-0.039362,-0.034333,0.022954
-0.017640,0.089290,0.002949
-0.005874,0.226949,-0.011574
0.007618,0.340915,-0.035982
0.036819,0.429560,-0.075061
0.062944,0.504621,-0.136483
0.065742,0.411599,-0.174399
0.044330,0.128350,-0.110376
0.023481,-0.160329,-0.011007
-0.001804,-0.364738,0.078330
-0.023577,-0.471166,0.122189
-0.045879,-0.461964,0.131010
-0.056571,-0.344193,0.106379
-0.054740,-0.210891,0.068944
-0.029027,-0.075045,0.028705
-0.014297,0.067472,0.017388
0.000370,0.184824,-0.004728
0.020226,0.280817,-0.040576
0.036939,0.358622,-0.076989
0.048817,0.427767,-0.130006
0.047611,0.345556,-0.151491
0.023342,0.114687,-0.090212
0.009854,-0.127237,0.007205
-0.006656,-0.315840,0.094981
-0.015332,-0.407277,0.127253
-0.020039,-0.384971,0.107806
-0.032924,-0.306281,0.083960
-0.038133,-0.221608,0.059828
-0.017477,-0.140658,0.039105
0.002782,-0.026370,0.011955
0.011603,0.127790,-0.024322
0.010215,0.260652,-0.051139
0.015877,0.356322,-0.065252
0.041626,0.420259,-0.118249
0.041436,0.389928,-0.154616
0.027396,0.200465,-0.107864
0.027148,-0.056681,-0.040034
0.006081,-0.280773,0.038235
-0.018629,-0.411345,0.100803
-0.027129,-0.434044,0.097318
-0.045686,-0.394784,0.089100
-0.040042,-0.310894,0.068831
-0.029752,-0.226698,0.050453
-0.015510,-0.150022,0.027541
-0.005213,-0.007714,0.017764
0.006827,0.199018,-0.015966
0.027891,0.391962,-0.091192
0.037782,0.464402,-0.143884
0.039201,0.396472,-0.145660
0.027577,0.229348,-0.110143
0.024971,0.013595,-0.041943
0.002727,-0.163752,0.037276
-0.009553,-0.264892,0.074165
-0.014884,-0.294212,0.057370
-0.025656,-0.283725,0.041511
-0.044599,-0.255050,0.046963
-0.028413,-0.185113,0.023317
-0.027000,-0.083865,0.018732
-0.013494,0.070645,-0.003205
-0.005562,0.257337,-0.040513
0.015160,0.399577,-0.088294
0.029844,0.429811,-0.120563
0.036945,0.320600,-0.128696
0.027765,0.118470,-0.070066
0.013404,-0.083455,0.016046
-0.003373,-0.230522,0.070620
-0.009729,-0.317450,0.085756
-0.019170,-0.328486,0.069053
-0.031812,-0.286724,0.052769
-0.041534,-0.237733,0.053078
-0.021745,-0.173067,0.034390
-0.017911,-0.078096,0.010190
-0.001099,0.045722,-0.010523
0.004055,0.237119,-0.041096
0.020986,0.414162,-0.100899
0.024754,0.484640,-0.133861
0.018594,0.401944,-0.119221
0.023021,0.231968,-0.092551
0.020883,0.029552,-0.042713
0.013839,-0.168334,0.028248
-0.004302,-0.299465,0.081425
-0.013141,-0.340793,0.098931
-0.017516,-0.313769,0.074324
-0.035297,-0.266867,0.067616
-0.027779,-0.215948,0.049084
-0.033786,-0.142777,0.050098
-0.025002,-0.004692,0.024370
-0.010021,0.163726,-0.013404
0.000662,0.347319,-0.052097
0.021096,0.489319,-0.100462
0.028748,0.539153,-0.140251
0.027664,0.424351,-0.132106
0.026264,0.206963,-0.083140
0.026281,-0.046851,-0.021860
-0.000497,-0.268319,0.070402
-0.023239,-0.383773,0.122538
-0.031082,-0.411003,0.126548
-0.035524,-0.372379,0.107247
-0.021283,-0.290506,0.071187
-0.015250,-0.190349,0.044285
-0.008628,-0.069507,0.024277
-0.015668,0.079399,0.012257
0.006865,0.248777,-0.026333
0.026928,0.393821,-0.076284
0.054679,0.498327,-0.139252
0.053124,0.450120,-0.165461
0.028374,0.220578,-0.113034
0.013222,-0.056134,-0.018390
-0.010488,-0.277092,0.057981
-0.037085,-0.409748,0.101933
-0.060147,-0.452687,0.109082
-0.054315,-0.418830,0.103282
-0.018306,-0.327078,0.057295
-0.020352,-0.214273,0.050694
-0.011788,-0.040159,0.039327
0.002820,0.183870,-0.019528
0.028024,0.389590,-0.084096
0.053113,0.484070,-0.146197
0.034597,0.436199,-0.147948
0.017397,0.237884,-0.083588
0.012064,-0.020634,-0.006770
0.006349,-0.229099,0.057146
-0.023649,-0.351077,0.106069
-0.040858,-0.411151,0.133857
-0.052210,-0.376436,0.138596
-0.043008,-0.320355,0.109910
-0.033658,-0.234460,0.079595
-0.036648,-0.113701,0.080604
-0.022665,0.055921,0.061217
-0.006155,0.264027,0.003742
0.020172,0.470508,-0.075060
0.039815,0.587309,-0.132807
0.034517,0.554662,-0.143487
0.041110,0.408198,-0.135014
0.027362,0.169356,-0.072067
0.016254,-0.094526,0.028204
-0.003346,-0.309258,0.120054
-0.013543,-0.416509,0.151252
-0.020143,-0.433508,0.128025
-0.043033,-0.380300,0.129428
-0.031687,-0.282767,0.100387
-0.008226,-0.166915,0.058731
0.001865,-0.038263,0.032967
0.005702,0.140097,0.001477
0.009421,0.310088,-0.035499
0.026992,0.444192,-0.069494
0.052336,0.516025,-0.125616
0.061107,0.444029,-0.160416
0.047924,0.205614,-0.116359
0.028395,-0.075857,-0.021633
0.011058,-0.282826,0.061107
-0.006161,-0.383714,0.101624
-0.024277,-0.387366,0.103246
-0.035585,-0.339650,0.089420
-0.020393,-0.257515,0.035718
-0.009265,-0.185995,0.004582
-0.011536,-0.101498,0.016875
-0.003156,0.047541,0.004988
0.014121,0.225090,-0.049737
0.041052,0.341121,-0.101154
0.048611,0.387231,-0.128251
0.033069,0.305068,-0.120902
0.009442,0.099416,-0.047999
0.007112,-0.105703,0.012056
-0.006988,-0.235900,0.050238
-0.029965,-0.297171,0.068229
-0.043305,-0.278050,0.081112
-0.041842,-0.189602,0.050743
-0.032113,-0.093063,0.013898
-0.016693,-0.003429,-0.015838
-0.022000,0.078388,-0.016402
-0.000748,0.194852,-0.037385
0.009848,0.332292,-0.078334
0.013897,0.399352,-0.104371
0.008572,0.361541,-0.090445
0.019761,0.217096,-0.078023
0.016887,0.014239,-0.026106
0.011448,-0.175425,0.048890
0.000709,-0.303907,0.092502
-0.018002,-0.379581,0.100671
-0.035245,-0.366391,0.098988
-0.046485,-0.280250,0.076073
-0.044111,-0.181616,0.058725
-0.034728,-0.043155,0.044403
-0.023224,0.090203,0.021689
-0.007774,0.200572,-0.007708
0.016898,0.347742,-0.055026
0.031624,0.459507,-0.105853
0.030360,0.425333,-0.113841
0.024404,0.248681,-0.074644
0.029718,0.017476,-0.026669
0.011962,-0.167829,0.043419
0.003390,-0.277933,0.092211
-0.002565,-0.316980,0.102944
-0.012910,-0.295014,0.085159
-0.027726,-0.226049,0.065392
-0.035238,-0.162151,0.063525
-0.016395,-0.087752,0.041890
-0.002890,0.009938,0.015536
-0.006072,0.143948,0.002360
0.018444,0.299927,-0.045004
0.036117,0.414144,-0.106569
0.037961,0.418014,-0.123562
0.032164,0.300694,-0.104244
0.034042,0.106711,-0.064895
0.022157,-0.090833,0.010035
0.008233,-0.222040,0.073314
-0.000092,-0.266245,0.088343
-0.014251,-0.237869,0.072174
-0.025857,-0.191517,0.043208
-0.035588,-0.146873,0.042374
-0.029702,-0.092514,0.036405
-0.010597,-0.020572,0.008838
-0.011582,0.056034,0.002675
-0.000865,0.170046,-0.006637
0.027624,0.321240,-0.068575
0.036280,0.384271,-0.124957
0.028634,0.320460,-0.117289
0.027287,0.155731,-0.077002
0.026265,-0.025351,-0.023089
0.010449,-0.174949,0.047725
-0.007034,-0.236372,0.083591
-0.013638,-0.222529,0.067820
-0.025255,-0.184090,0.046668
-0.029301,-0.153305,0.027981
-0.030112,-0.137759,0.027931
-0.013342,-0.079725,0.021914
-0.010800,-0.013846,0.007351
0.000944,0.084229,-0.011229
0.011907,0.213313,-0.038586
0.032797,0.304467,-0.073721
0.040505,0.331799,-0.113591
0.040940,0.257475,-0.115972
0.030571,0.102754,-0.081527
0.013522,-0.061157,-0.016767
-0.004781,-0.177644,0.054351
-0.011545,-0.219267,0.065888
-0.016362,-0.206623,0.045648
-0.028411,-0.171392,0.020936
-0.041174,-0.137896,0.033400
-0.018192,-0.084862,0.010882
-0.015376,-0.032000,0.006320
-0.000427,0.026867,-0.000871
0.008960,0.129320,-0.017605
0.032534,0.237360,-0.081190
0.045839,0.286849,-0.127067
0.030941,0.198604,-0.125200
0.015074,0.029267,-0.058272
0.010920,-0.113224,0.000663
-0.005863,-0.205610,0.042981
-0.026596,-0.235970,0.058268
-0.044213,-0.214029,0.057958
-0.046965,-0.168148,0.043979
-0.045220,-0.126348,0.037485
-0.042332,-0.089375,0.035116
-0.024315,-0.029313,0.029380
-0.009548,0.038215,0.022216
0.006711,0.164647,-0.011017
0.026854,0.305544,-0.077049
0.037188,0.365038,-0.120428
0.022508,0.278133,-0.107530
0.021217,0.124299,-0.084412
0.025401,-0.021818,-0.044013
0.005779,-0.163914,0.024622
-0.013655,-0.246138,0.068642
-0.029504,-0.264011,0.078334
-0.038391,-0.242026,0.074929
-0.049214,-0.195457,0.064384
-0.040868,-0.155735,0.067822
-0.014211,-0.098318,0.046456
-0.008428,-0.019499,0.035463
-0.004735,0.108834,0.026930
0.022879,0.290304,-0.035969
0.050213,0.421658,-0.128439
0.072468,0.452095,-0.170898
0.063311,0.335115,-0.165705
0.036349,0.080761,-0.090639
0.001321,-0.137373,0.027157
-0.008990,-0.250382,0.079013
-0.026161,-0.279561,0.083240
-0.037032,-0.259071,0.061590
-0.048343,-0.204405,0.057584
-0.046745,-0.147937,0.050395
-0.030739,-0.087945,0.033472
-0.019050,-0.012351,0.018847
-0.004185,0.099158,0.001188
0.019819,0.256195,-0.050996
0.036514,0.342282,-0.098650
