0.018697,0.009010,-0.015213
0.007062,0.011117,-0.013142
0.000246,0.022884,-0.016271
-0.002663,0.026121,-0.019469
-0.002648,0.028154,-0.009957
-0.006526,0.020650,-0.006874
-0.007498,0.013139,-0.002689
-0.001633,0.003525,-0.001705
0.002277,-0.000734,-0.002824
0.002269,0.002456,-0.001742
-0.001640,-0.000733,-0.002810
-0.004560,0.008796,0.004694
-0.008462,0.022674,0.003713
-0.007508,0.040774,0.008130
-0.003646,0.045055,0.007098
-0.004636,0.037551,0.010188
-0.006901,0.032182,0.013318
-0.010555,0.023678,0.010067
-0.004284,0.006597,0.011013
0.001764,-0.009398,0.009833
0.004666,-0.013659,0.008736
-0.001226,0.000233,0.006700
-0.009103,0.024734,0.011130
-0.009220,0.053514,0.014551
-0.007193,0.062050,0.014612
0.000787,0.058775,0.017220
-0.037422,0.069281,-0.186209
-0.062076,0.021369,-0.088723
-0.011257,-0.047680,-0.004358
0.019983,-0.057668,0.033740
-0.001687,-0.056346,0.008321
0.001325,-0.020052,0.007598
-0.001527,0.020453,0.013283
0.003362,0.054604,0.013616
0.010571,0.067444,0.010558
0.013518,0.059953,0.012622
0.019863,0.034351,0.011338
0.021321,-0.002978,0.008883
0.016306,-0.037130,0.008586
0.008306,-0.058421,0.003074
-0.002545,-0.054197,0.008427
0.000245,-0.049940,0.009512
0.012741,-0.037066,0.002184
0.014542,-0.013547,-0.001862
0.014372,0.004693,-0.011225
0.016175,0.013337,-0.021753
0.009194,0.018618,-0.016423
0.002222,0.026050,-0.012058
0.004087,0.023865,-0.006766
0.008911,0.013143,-0.001519
0.011785,0.000273,0.004735
0.011702,0.000263,0.005803
0.009683,-0.009342,0.005734
0.012496,-0.021057,0.003537
0.010475,-0.039154,-0.000880
0.010430,-0.048726,-0.004140
0.011409,-0.044355,-0.014726
0.006564,-0.018745,-0.014509
0.004613,0.012183,-0.012110
0.002660,0.038918,-0.017134
-0.001261,0.053829,-0.013814
-0.003270,0.051673,-0.011718
-0.004309,0.045220,-0.006434
-0.004372,0.025991,-0.004466
-0.003441,0.001368,0.002720
0.000409,-0.015712,0.002502
-0.002551,-0.023163,0.000251
0.000294,-0.026345,-0.001926
-0.001700,-0.022115,0.001225
-0.006626,-0.016816,0.004393
-0.005698,-0.020004,0.003302
-0.003753,-0.017880,0.004382
-0.006714,-0.025341,0.003285
-0.013596,-0.030727,0.008592
-0.012688,-0.026459,0.009744
-0.008849,-0.026500,0.014008
-0.005026,-0.012673,0.018417
-0.003108,0.000133,0.018536
-0.002163,0.005444,0.021798
-0.003168,0.011869,0.019732
-0.002236,0.005556,0.010108
0.001618,-0.004024,0.007937
0.004528,-0.007223,0.007915
0.006476,0.000235,0.009027
-0.000334,0.015189,0.008124
-0.005202,0.033349,0.006133
-0.006211,0.042995,0.001959
-0.008211,0.038684,0.006166
-0.004371,0.030106,0.010377
-0.000528,0.015103,0.016627
0.007231,0.003311,0.021844
0.007193,-0.000981,0.023908
0.007142,0.003322,0.020747
0.004145,0.019412,0.012378
0.004101,0.038645,0.009287
0.003087,0.054662,0.008359
-0.000853,0.055702,0.011557
-0.001859,0.052459,0.015787
0.004921,0.047045,0.023176
0.009713,0.036368,0.024206
0.012604,0.014025,0.017686
0.011606,-0.008333,0.012171
0.006691,-0.022216,0.013089
0.000799,-0.015750,0.006759
-0.001190,0.006711,0.001650
0.003657,0.028086,-0.001340
0.006592,0.035534,0.000819
0.007605,0.037635,0.004007
0.010525,0.032384,-0.004570
0.011508,0.026028,-0.010014
0.006636,0.005792,-0.014462
0.001725,-0.003868,-0.009269
-0.000239,-0.008149,-0.008252
0.001703,-0.003933,-0.002896
-0.000250,-0.004003,0.004559
0.008514,-0.006136,0.004561
0.011417,-0.013629,0.006611
0.010380,-0.020020,0.005508
0.011289,-0.018982,0.008721
0.011271,-0.017777,-0.005063
0.005429,-0.014501,-0.012441
0.001566,-0.011247,-0.017725
0.003572,-0.003733,-0.021904
0.007501,0.005885,-0.022839
0.003632,0.015449,-0.018505
0.000697,0.026080,-0.014140
0.006563,0.027160,-0.015193
0.013415,0.011187,-0.018495
0.011523,-0.000571,-0.017555
0.004722,-0.000648,-0.010156
-0.000143,0.010097,-0.017496
-0.004033,0.029346,-0.021607
-0.009882,0.039923,-0.011972
-0.005962,0.022806,-0.007871
0.000915,0.001457,-0.006990
0.003890,-0.017688,-0.013524
0.004869,-0.021944,-0.014630
0.004899,-0.018701,-0.018867
0.001017,-0.003719,-0.022973
-0.008711,0.012181,-0.012230
-0.010648,0.017467,-0.006866
-0.006709,0.014226,-0.002615
-0.003763,-0.002832,-0.004892
-0.002766,-0.014499,-0.012463
-0.003755,-0.018867,-0.002985
-0.006716,-0.016753,-0.000838
-0.003777,-0.019916,-0.005144
0.000113,-0.020983,-0.005153
-0.001835,-0.009275,-0.001882
-0.002785,0.002526,-0.008160
-0.000826,0.019586,-0.006970
0.001108,0.031359,-0.010023
0.006945,0.023907,-0.012180
0.008917,0.004669,-0.009138
0.006003,-0.009332,0.004581
0.001125,-0.015732,0.004559
0.001142,-0.012438,-0.004961
0.003071,-0.007135,-0.001738
0.001103,-0.002935,0.005760
0.003056,0.007887,-0.008980
-0.001775,0.007911,-0.011110
-0.002711,0.007922,-0.012171
-0.003662,0.013255,-0.012124
-0.005633,0.018538,-0.006765
-0.003693,0.023821,-0.001378
-0.004651,0.020629,-0.002481
-0.002705,0.013119,0.001718
0.001184,-0.006163,0.008991
0.007024,-0.021031,0.001414
0.003145,-0.024193,-0.002893
-0.007613,-0.011415,0.000400
-0.009597,0.014196,0.000617
-0.006685,0.024855,0.001786
-0.001815,0.030202,0.000785
0.004054,0.023832,-0.002468
0.007001,0.011080,-0.007878
0.006018,-0.002862,-0.001688
0.004023,0.003467,0.005809
-0.001854,0.008846,0.001625
-0.003813,0.004514,0.007954
-0.000889,-0.004113,0.017434
0.001014,-0.008361,0.015267
0.001961,-0.013625,0.007788
0.002909,-0.008303,0.008861
0.002880,0.007736,0.005810
0.003803,0.020554,0.004882
0.007700,0.018442,0.002748
0.009652,0.025975,-0.003567
0.013546,0.018501,-0.003623
0.017486,0.007880,-0.009070
0.010714,0.000378,-0.005959
0.002924,0.001454,-0.007032
0.000964,0.007869,-0.008059
0.000012,0.007893,-0.010146
-0.002896,0.008935,-0.008056
-0.005806,0.017526,-0.013280
-0.004811,0.022859,-0.013232
-0.002836,0.011162,-0.017593
0.003044,-0.003854,-0.010303
0.004057,-0.002875,-0.001847
-0.001815,-0.000738,-0.001815
-0.004794,0.008835,0.001466
-0.005783,0.009802,0.011026
-0.001904,-0.002991,0.009881
0.002964,-0.016869,0.010826
0.002967,-0.022151,0.005474
0.000032,-0.014613,-0.000800
-0.000943,-0.001744,-0.007061
0.001018,0.023885,-0.008972
-0.000925,0.040993,-0.011972
-0.005770,0.048421,-0.007684
-0.008682,0.047290,-0.001327
-0.007725,0.040804,0.007126
-0.006799,0.021586,0.008040
-0.007798,-0.000924,0.018509
-0.002964,-0.014816,0.020530
0.001873,-0.028724,0.023615
0.002804,-0.022289,0.020495
-0.004063,0.002240,0.022857
-0.008008,0.029013,0.013528
-0.006109,0.051430,0.012649
-0.003212,0.056827,0.006295
0.001648,0.039751,0.006125
0.004569,0.021607,0.005932
0.007490,0.007737,0.005810
0.005506,0.000288,0.003609
0.005489,-0.008253,0.003493
0.005460,-0.016856,0.009764
0.009306,-0.024381,0.014990
0.008296,-0.020134,0.017149
0.007268,-0.013688,0.012982
0.003360,-0.008309,0.008799
0.004307,-0.001891,0.007813
0.006225,-0.006096,0.001403
0.014024,-0.010267,-0.008155
0.016979,-0.008123,-0.009211
0.015047,0.004704,-0.011222
0.009240,0.015387,-0.012176
0.008276,0.019684,-0.015313
0.004407,0.011125,-0.013272
0.000563,0.001556,-0.016540
-0.003303,-0.008059,-0.015563
0.000604,-0.006991,-0.015540
0.003548,-0.000600,-0.014444
0.008436,0.003618,-0.009081
0.007502,0.008986,-0.012211
0.009475,0.008977,-0.011136
0.007566,0.000502,-0.017598
-0.002132,-0.000600,-0.014472
-0.008933,0.011158,-0.016513
-0.012820,0.023970,-0.017453
-0.009864,0.030299,-0.009963
-0.009842,0.023817,-0.001498
-0.006925,0.013114,0.001599
-0.002066,-0.003930,-0.001747
0.002815,-0.024207,-0.001945
-0.001085,-0.030613,-0.002035
-0.004980,-0.022101,0.000113
-0.005016,-0.004983,-0.003968
-0.005966,0.012102,-0.004880
-0.002040,0.014268,-0.008058
0.002843,0.006797,-0.008131
0.002870,0.004664,-0.008149
0.001915,-0.002751,-0.013492
0.005837,-0.007039,-0.011380
0.002931,-0.006023,-0.006044
0.000026,0.002458,-0.000671
-0.003900,0.016279,0.004776
-0.000034,0.022636,0.010177
0.004851,0.014196,0.000574
0.007818,0.004580,0.001559
0.009786,-0.013530,-0.001790
0.007862,-0.014546,-0.007131
0.006896,-0.010227,-0.012434
0.005941,0.002620,-0.016573
0.005963,0.014370,-0.017524
0.008928,0.025060,-0.019538
0.009953,0.023993,-0.019554
0.009027,0.021922,-0.025982
0.003189,0.013331,-0.020765
0.000263,0.001520,-0.013413
-0.001673,-0.009161,-0.012431
0.001260,-0.025184,-0.010422
0.002255,-0.036974,-0.005192
0.009085,-0.053039,-0.000082
0.009073,-0.047682,-0.002151
0.002210,-0.030566,-0.006224
-0.001676,-0.008071,-0.014509
-0.001635,0.011216,-0.021748
0.001357,0.026263,-0.032214
0.002436,0.029505,-0.036450
0.000546,0.034870,-0.039614
-0.007194,0.041230,-0.035286
-0.014931,0.034767,-0.028934
-0.016794,0.018751,-0.028028
-0.015727,-0.001632,-0.017609
-0.018617,-0.013478,-0.007087
-0.019575,-0.019954,0.000298
-0.016636,-0.010421,0.007822
-0.020544,-0.003029,0.015280
-0.017683,0.008617,0.024973
-0.016736,0.004359,0.023881
-0.012846,0.008669,0.019675
-0.014808,0.009757,0.017563
-0.008026,0.019398,0.014441
-0.009035,0.037557,0.012436
-0.012995,0.053581,0.010455
-0.014040,0.056697,0.018971
-0.016056,0.048120,0.023111
-0.009313,0.032026,0.031438
-0.004510,0.010596,0.039755
-0.001711,-0.012998,0.051221
-0.000866,-0.028945,0.044667
-0.000027,-0.035367,0.046768
0.003757,-0.031073,0.044731
0.010509,-0.023474,0.032085
0.016295,-0.008437,0.022674
0.016212,0.015071,0.019689
0.016130,0.031144,0.013490
0.017059,0.037557,0.012485
0.020941,0.034388,0.009281
0.017037,0.025871,0.007071
0.012146,0.020518,0.009188
0.010151,0.007680,0.012252
0.013033,-0.002991,0.012166
0.012031,-0.007266,0.013238
0.011995,-0.006284,0.021771
0.019780,-0.007211,0.007989
0.020761,-0.006101,0.003776
0.014937,-0.003859,-0.006795
0.013042,0.006911,-0.016273
0.007252,0.020888,-0.026790
0.006323,0.036923,-0.029874
0.005411,0.051799,-0.023385
0.005488,0.055042,-0.027629
0.005550,0.043269,-0.024590
0.008516,0.024014,-0.020534
0.003705,-0.000501,-0.023973
0.002776,-0.015475,-0.020948
-0.003069,-0.005865,-0.021994
-0.012816,0.006932,-0.021937
-0.015721,0.002610,-0.016676
-0.009823,-0.014514,-0.011514
-0.001962,-0.035900,-0.007470
0.002965,-0.051846,-0.013996
0.001044,-0.055005,-0.018268
-0.009682,-0.037958,-0.014917
-0.020427,-0.008118,-0.010384
-0.016546,0.017461,-0.006942
-0.011635,0.032401,-0.006811
-0.003798,0.026000,-0.006833
0.002097,0.014262,-0.006928
0.000157,-0.000718,-0.002808
-0.006671,0.008864,-0.000609
-0.013517,0.022672,0.005878
-0.014563,0.035428,0.011337
-0.006801,0.023586,0.021879
-0.001957,0.012870,0.026002
-0.002980,-0.001053,0.031227
-0.004030,-0.009601,0.032221
-0.001150,-0.007389,0.024825
-0.001194,-0.002045,0.023776
-0.000282,0.004439,0.015346
0.005505,0.002346,0.011069
0.003545,0.004471,0.012156
-0.002348,0.010830,0.016449
-0.003370,0.022593,0.014442
0.003419,0.022679,0.005961
0.007300,0.010949,0.004791
0.005360,-0.004003,0.005701
-0.000519,-0.011530,0.010885
-0.000587,-0.000868,0.012060
-0.003547,0.010850,0.014306
-0.004528,0.010838,0.015353
-0.001637,-0.004121,0.017344
0.004190,-0.019063,0.017193
0.009997,-0.022323,0.023558
0.002152,-0.007382,0.023709
-0.003739,0.009764,0.016446
-0.000822,0.020488,0.011220
-0.003777,0.015143,0.012234
-0.000892,0.009784,0.014275
0.001990,0.010851,0.014298
0.005869,0.011984,0.007962
0.003923,0.005560,0.010028
0.003934,-0.007214,0.006734
0.006850,-0.013629,0.007690
0.007781,-0.010430,0.007690
-0.001027,0.003399,0.012048
-0.003997,0.018350,0.011118
-0.006962,0.027940,0.012250
-0.001124,0.024760,0.010100
0.002740,0.009782,0.014247
0.004665,-0.005148,0.013056
0.004608,-0.020138,0.018258
0.003577,-0.024382,0.016140
0.002554,-0.016893,0.014084
0.000571,0.002349,0.011090
0.001511,0.018400,0.007006
0.000543,0.022691,0.004935
0.003465,0.028030,0.004974
0.003456,0.029106,0.003908
0.001444,0.025869,0.007057
0.003333,0.025838,0.010247
0.002340,0.010890,0.011205
0.006234,-0.007241,0.009979
0.010154,-0.025415,0.012983
0.007206,-0.025375,0.008704
0.002298,-0.010358,0.001406
0.001306,0.002513,-0.004834
0.004232,0.018581,-0.011045
0.003295,0.026082,-0.014170
0.003317,0.027129,-0.012017
0.001390,0.028151,-0.007792
-0.001561,0.036660,-0.004521
-0.003525,0.034516,-0.003458
0.002298,0.023773,0.003911
-0.002595,0.015098,0.017636
-0.001665,0.003382,0.015432
-0.000728,-0.007322,0.018508
-0.004656,-0.015879,0.020555
-0.003743,-0.015886,0.021665
-0.005735,-0.008359,0.016473
-0.005767,-0.000878,0.015485
-0.004811,0.006674,0.007063
0.002964,0.020548,0.007198
0.004913,0.032316,0.004083
0.001960,0.041932,0.003119
-0.009763,0.051470,0.009542
-0.011765,0.047155,0.013707
-0.008907,0.032121,0.023118
-0.006046,0.010746,0.026107
-0.004165,-0.006361,0.029149
-0.005161,-0.019166,0.029044
-0.007157,-0.022350,0.026845
-0.009184,-0.023437,0.028979
-0.009274,-0.009539,0.026970
-0.008357,0.006488,0.024967
-0.005481,0.019364,0.017639
0.000311,0.022553,0.018707
-0.001668,0.018243,0.022899
-0.005645,0.006451,0.028108
-0.004739,0.004336,0.025947
-0.001893,0.003276,0.024843
0.003874,-0.003149,0.026916
0.005750,-0.014907,0.028956
0.005683,-0.013859,0.031094
0.009514,-0.001019,0.028051
0.007514,0.012961,0.017597
0.009444,0.025872,0.007085
0.006483,0.030131,0.008162
0.001561,0.030118,0.009202
0.001519,0.029022,0.012375
0.003427,0.025757,0.018720
0.011173,0.014024,0.017537
0.012121,-0.005175,0.016301
0.014056,-0.014769,0.015171
0.013062,-0.015837,0.015147
0.010092,0.004545,0.004736
0.002268,0.024860,0.000627
-0.001641,0.039813,-0.000318
-0.001658,0.049448,-0.003424
-0.002633,0.050511,-0.003456
0.003180,0.037682,-0.001467
0.009984,0.018465,-0.000560
0.011924,-0.010408,0.005596
0.011918,-0.025290,0.000166
0.010965,-0.031744,0.005443
0.008039,-0.023164,0.001287
0.008034,-0.008149,-0.006009
0.010008,0.002562,-0.010187
0.011967,0.015369,-0.010062
0.009049,0.021760,-0.008980
0.002240,0.022860,-0.012140
-0.003568,0.016499,-0.016447
-0.003541,-0.000617,-0.012345
0.000383,-0.015534,-0.015662
0.004332,-0.020879,-0.014627
0.000461,-0.015572,-0.011398
-0.000497,-0.000577,-0.016552
-0.008288,0.013202,-0.006869
-0.007312,0.018454,0.001687
-0.003423,0.015221,0.004863
-0.006342,0.016290,0.004893
-0.005398,0.013133,0.000620
-0.004430,0.011002,0.000650
-0.003446,0.005635,0.003794
-0.001479,0.004641,-0.003656
-0.002442,0.004649,-0.004759
-0.001466,0.002524,-0.005867
-0.000498,0.004616,-0.001604
-0.002457,0.010973,0.002661
-0.005390,0.018412,0.005909
-0.003474,0.017343,0.005865
-0.000573,0.010896,0.010075
0.001369,-0.006164,0.008899
0.003303,-0.016825,0.007773
0.000382,-0.022150,0.006666
-0.004492,-0.013615,0.006720
-0.010383,0.000236,0.008963
-0.008490,0.016223,0.011210
-0.006582,0.021592,0.008088
-0.000761,0.024772,0.010245
0.004108,0.013098,0.003790
0.008020,0.004636,-0.003712
0.012891,-0.004980,-0.002755
0.011919,0.004630,-0.003759
0.006088,0.019591,-0.005758
0.001185,0.034479,-0.000359
-0.000817,0.034424,0.004912
0.005033,0.015180,0.007914
0.009904,-0.010378,0.002378
0.011867,-0.030621,-0.001003
0.007995,-0.027377,-0.005226
0.003142,-0.014474,-0.014614
-0.004613,0.005858,-0.019701
-0.006521,0.019731,-0.019566
-0.005547,0.034607,-0.013062
0.000307,0.042067,-0.011908
0.004230,0.030276,-0.006698
0.010103,0.013150,-0.001536
0.002336,-0.005010,0.000448
-0.005455,-0.014600,-0.000698
-0.003513,-0.019971,0.002404
-0.001544,-0.019912,-0.003996
-0.001557,-0.013563,0.001365
0.000384,0.002467,-0.000632
0.002320,0.021685,-0.001532
0.005247,0.023874,-0.006804
0.005286,0.021791,-0.012149
0.002385,0.017522,-0.012157
0.001410,0.015376,-0.011129
0.000472,0.015419,-0.015380
-0.003421,0.016465,-0.013249
-0.005374,0.007799,-0.000619
-0.002443,0.001374,0.001433
-0.003429,-0.001869,0.005663
-0.004426,-0.005113,0.009879
-0.003453,-0.007227,0.007724
-0.004440,-0.013606,0.005574
0.002394,-0.014610,-0.000801
0.006305,-0.011335,-0.008214
0.012180,0.001513,-0.012353
0.004395,0.029291,-0.015280
-0.004368,0.043111,-0.009818
-0.003396,0.049492,-0.007654
0.001494,0.033477,-0.006720
0.006397,0.011099,-0.010099
0.006415,0.000416,-0.009159
0.001571,0.000426,-0.010227
-0.004284,0.007894,-0.010168
-0.006248,0.020605,-0.000486
-0.010205,0.026944,0.005943
-0.008283,0.025879,0.005968
-0.009275,0.021574,0.010216
-0.002460,0.013039,0.010176
-0.003420,0.007763,0.003743
-0.007339,0.011006,-0.000487
-0.011278,0.016267,0.006994
-0.013312,0.022630,0.011329
-0.013368,0.029026,0.012473
-0.005602,0.027973,0.011444
0.002168,0.019444,0.010288
0.008010,0.007749,0.005948
0.005056,0.007761,0.004880
0.000134,0.017367,0.004998
0.003053,0.023850,-0.003461
0.005995,0.023849,-0.003474
0.007949,0.027007,0.000770
0.003053,0.023763,0.004986
0.002034,0.018399,0.008163
-0.000921,0.005595,0.008072
-0.001887,-0.000805,0.008030
0.001030,-0.000781,0.005942
0.008841,-0.002866,0.000627
0.004930,0.004615,-0.000362
0.000020,0.016328,0.002957
-0.001962,0.026958,0.007301
-0.001000,0.026967,0.006233
-0.001012,0.016276,0.008276
0.005778,-0.002988,0.013414
0.007738,-0.014685,0.009047
0.008683,-0.009325,0.006949
0.007698,0.006765,-0.001427
0.005736,0.012149,-0.006727
0.003790,0.016384,-0.003527
0.001840,0.017365,0.004964
0.000866,0.008899,-0.002580
0.003783,-0.001761,-0.003727
0.001862,-0.016669,-0.007033
0.000913,-0.015594,-0.008112
0.000927,-0.002715,-0.015441
0.002895,0.013270,-0.013201
0.000935,0.031358,-0.007737
-0.002987,0.046234,-0.001241
-0.003979,0.035627,-0.007693
-0.004921,0.010041,-0.011133
-0.000959,-0.023074,-0.008267
0.007874,-0.046532,-0.010600
0.006975,-0.041144,-0.015872
0.003107,-0.025081,-0.021067
0.000202,0.005847,-0.018640
-0.006612,0.034551,-0.007770
-0.012509,0.055821,-0.000136
-0.005709,0.055821,-0.000165
-0.000850,0.030158,0.004930
0.004989,0.002373,0.008952
0.003030,-0.023207,0.005532
0.004986,-0.029593,0.003341
0.000114,-0.023167,0.001296
-0.002826,-0.009241,-0.003902
-0.006757,0.017429,-0.002574
-0.006766,0.039851,-0.003432
-0.003819,0.051655,-0.009668
-0.001830,0.053805,-0.011798
0.001099,0.044218,-0.014052
-0.005728,0.031307,-0.003590
-0.007749,0.022665,0.006973
-0.008780,0.018325,0.014376
-0.007828,0.002266,0.019555
-0.003935,-0.022291,0.020396
-0.004933,-0.028716,0.022448
-0.005958,-0.024384,0.016084
-0.005996,-0.006181,0.009849
-0.006037,0.004489,0.009964
-0.001197,0.013059,0.006869
-0.003158,0.018395,0.006937
-0.004154,0.021576,0.009101
0.001670,0.021568,0.010139
0.001630,0.019456,0.008006
0.001597,0.015182,0.007963
0.002521,0.006572,0.015336
-0.003368,-0.000960,0.021651
-0.006362,-0.005259,0.024817
0.001354,-0.008552,0.034365
0.005201,-0.013876,0.033271
0.011969,-0.018095,0.027931
0.007079,-0.011629,0.021614
-0.001763,0.006537,0.019613
-0.003807,0.031125,0.015604
-0.003889,0.039637,0.017781
0.002854,0.033256,0.015610
0.010633,0.015145,0.012269
0.017446,0.005562,0.010056
0.017415,-0.010486,0.014181
0.016428,-0.016856,0.010949
0.011542,-0.018906,0.002407
0.009597,-0.007159,0.001428
0.006671,0.002478,-0.001671
0.002760,0.021672,-0.000484
0.003721,0.031297,-0.002529
0.007606,0.023794,0.000575
0.012457,0.005653,0.000459
0.014411,-0.017790,-0.002901
0.015425,-0.036974,-0.005178
0.014498,-0.041252,-0.004133
0.006734,-0.017689,-0.012424
-0.001075,0.016481,-0.014240
-0.004021,0.038868,-0.011922
0.002812,0.044159,-0.007666
0.008661,0.035602,-0.005626
0.007696,0.019627,-0.008942
0.002873,-0.005951,-0.012342
0.004889,-0.035787,-0.016834
0.006932,-0.050678,-0.022346
0.006987,-0.047499,-0.020203
0.006028,-0.022955,-0.019960
0.002160,-0.001640,-0.016535
0.004150,0.006876,-0.014296
0.003225,0.014293,-0.008925
-0.002560,0.021802,-0.013146
-0.005476,0.020745,-0.014223
-0.004498,0.010052,-0.012208
-0.004473,-0.008102,-0.011340
-0.003493,-0.017736,-0.008228
0.000433,-0.016678,-0.007137
0.000482,-0.007030,-0.011311
0.000511,0.001518,-0.012298
-0.001406,0.005751,-0.009069
-0.001392,0.011086,-0.009037
-0.001375,0.014350,-0.015403
-0.001360,0.010061,-0.013304
-0.004247,0.004715,-0.012283
0.001663,-0.002746,-0.013423
0.003638,0.002629,-0.017654
0.001704,0.011112,-0.012275
-0.006080,0.017481,-0.009078
-0.007061,0.017386,0.000492
-0.008052,0.001359,0.002481
-0.007055,-0.021038,0.001252
-0.001166,-0.041260,-0.004223
0.002767,-0.040175,-0.006349
0.001821,-0.018733,-0.015684
0.002819,0.009076,-0.021808
0.004813,0.028319,-0.024817
0.005830,0.036898,-0.028993
0.006878,0.029404,-0.026971
-0.001837,0.025079,-0.021738
-0.009637,0.021816,-0.015400
-0.013523,0.013259,-0.013339
-0.012519,-0.003847,-0.010305
-0.006657,-0.016777,0.002371
-0.000803,-0.024210,-0.000837
-0.000795,-0.025349,0.006616
-0.002751,-0.020024,0.007773
-0.004698,-0.009308,0.003643
-0.004679,0.000368,-0.003728
-0.001736,0.014304,-0.009979
-0.001725,0.031378,-0.009859
-0.000757,0.041013,-0.012972
-0.002690,0.034588,-0.010905
-0.003662,0.014269,-0.006852
-0.000721,-0.001758,-0.004870
-0.002627,-0.013530,-0.001811
-0.002613,-0.019935,-0.001873
-0.003592,-0.013533,-0.001831
-0.010430,-0.000803,0.005694
-0.010500,0.011982,0.007942
-0.007610,0.019433,0.010164
0.002115,0.007663,0.013258
0.005994,0.004453,0.014298
-0.000867,-0.000937,0.019542
0.002961,0.003356,0.017485
0.000983,0.003391,0.014337
0.000938,0.005545,0.012212
-0.000050,0.007722,0.007987
0.003815,0.008774,0.009051
0.006728,0.005637,0.002657
0.007694,0.008872,-0.000512
0.006745,0.013170,-0.003686
0.008688,0.019588,-0.005771
0.008672,0.014231,-0.003696
0.010618,0.011061,-0.006928
0.008677,0.006773,-0.004822
0.003800,0.008929,-0.005812
0.001881,0.009978,-0.003639
0.000958,0.006846,-0.011113
0.001940,0.002565,-0.010110
0.006811,0.008967,-0.010061
0.002898,0.019595,-0.005724
-0.002967,0.023856,-0.004584
-0.003960,0.022671,0.007064
-0.006887,0.018404,0.007055
-0.000052,0.005695,-0.002592
0.006787,-0.000674,-0.005846
0.005829,0.000423,-0.009047
0.004863,0.010080,-0.014304
-0.000008,0.025072,-0.019499
-0.002919,0.035696,-0.015175
-0.001945,0.036763,-0.015166
0.000039,0.026089,-0.015279
0.001068,0.006870,-0.014379
0.002071,-0.011309,-0.010281
0.004049,-0.021959,-0.012496
0.002123,-0.023067,-0.009348
-0.001750,-0.012429,-0.006092
-0.003701,0.006797,-0.006959
-0.005650,0.028151,-0.007820
-0.007593,0.029197,-0.005675
0.001189,0.020659,-0.005763
0.005098,0.005744,-0.007981
0.005140,-0.014478,-0.013463
0.006168,-0.011257,-0.015585
-0.002566,0.000458,-0.013395
-0.012307,0.019656,-0.012160
-0.010362,0.038854,-0.010917
-0.009407,0.044159,-0.007688
-0.006496,0.027022,-0.001457
-0.003567,0.000264,0.005739
-0.002569,-0.021090,0.006607
-0.006476,-0.030707,0.007549
-0.004529,-0.033868,0.003249
-0.006503,-0.016830,0.007683
-0.011440,0.004470,0.012120
-0.002739,0.033299,0.011352
0.002104,0.045094,0.006191
0.007954,0.026996,0.001824
0.011898,0.004648,-0.004759
0.008034,-0.000683,-0.005907
-0.004646,0.005740,-0.007987
-0.014423,0.032370,-0.002443
-0.016413,0.045143,0.000845
-0.008648,0.042965,0.005092
0.003032,0.025857,0.008105
0.004966,0.010893,0.010040
0.002009,-0.002967,0.008879
-0.004800,-0.014695,0.007694
-0.010642,-0.017941,0.011882
-0.008755,-0.006202,0.012020
-0.001011,0.004491,0.009998
0.002851,0.016234,0.010135
0.004781,0.015168,0.010140
0.001845,0.017342,0.005901
0.002790,0.019494,0.003749
0.004725,0.015287,-0.002710
0.004710,0.011069,-0.008080
0.001776,0.004626,-0.004979
0.004704,0.000389,-0.008199
0.006670,-0.009283,-0.000815
0.008631,-0.018925,0.003407
0.008653,-0.017842,0.002332
0.003812,-0.018879,-0.000874
0.003768,-0.010429,0.007682
0.003721,-0.002977,0.009904
0.005649,0.004504,0.008951
0.009551,0.003482,0.004732
0.012484,0.006733,-0.000551
0.013472,0.004609,-0.001637
0.015436,0.003639,-0.011232
0.009643,0.005878,-0.021851
0.002844,0.011232,-0.023947
-0.001028,0.014422,-0.022864
0.001927,0.018708,-0.023855
0.003928,0.015486,-0.021761
0.009848,0.013376,-0.024982
0.002124,0.009052,-0.019742
-0.004702,0.007913,-0.012311
-0.004697,0.000391,-0.007057
-0.007609,-0.011359,-0.006084
-0.006635,-0.013586,0.003495
-0.002711,-0.015697,0.001361
-0.001703,-0.010284,-0.005985
-0.000694,0.000408,-0.008021
-0.002632,0.008951,-0.009069
-0.003620,0.014320,-0.012220
-0.002651,0.024926,-0.005768
-0.006555,0.031371,-0.009935
-0.002668,0.034519,-0.004602
-0.000700,0.020637,-0.003641
-0.002631,0.001385,0.000421
-0.006523,-0.013587,0.003453
-0.005566,-0.024323,0.009719
-0.005602,-0.017898,0.007652
-0.006616,-0.012594,0.010882
-0.003697,-0.009340,0.005619
-0.001755,-0.005105,0.008826
0.001161,0.001348,0.003571
0.005063,-0.001790,-0.002823
0.007038,-0.003910,-0.003904
0.009982,-0.003889,-0.006033
0.007073,-0.003866,-0.008141
0.000267,0.000457,-0.013388
0.000299,0.010072,-0.014373
-0.000659,0.023925,-0.012116
0.001294,0.027062,-0.005714
0.006166,0.016348,-0.001564
0.007139,0.002451,0.000417
0.003213,-0.017877,0.005559
0.001278,-0.028547,0.005444
0.003263,-0.032774,0.001142
0.009158,-0.028437,-0.006289
0.006272,-0.020924,-0.010460
0.011170,-0.012330,-0.015685
0.006346,0.003718,-0.019810
0.004416,0.021882,-0.021746
0.002483,0.031511,-0.023742
-0.001382,0.031474,-0.020543
-0.004256,0.025072,-0.020592
-0.003248,0.018680,-0.021752
-0.002242,0.022949,-0.021715
-0.007097,0.018636,-0.017522
-0.006097,0.011102,-0.011214
-0.006074,0.007814,-0.002753
-0.009013,0.001315,0.006726
-0.005128,-0.008243,0.002404
-0.002187,-0.018894,0.000182
-0.003138,-0.028462,-0.003072
-0.006022,-0.020971,-0.005129
-0.006007,-0.009217,-0.007161
-0.003093,0.009961,-0.003796
-0.000167,0.023847,-0.004723
-0.006009,0.037734,-0.005621
-0.012839,0.040912,-0.003478
-0.009925,0.036632,-0.002461
-0.005056,0.013145,-0.001605
-0.002156,-0.006172,0.008810
-0.003199,-0.010493,0.014063
-0.004245,-0.005228,0.021585
-0.004275,-0.003083,0.020549
-0.004289,-0.007351,0.020519
0.003479,-0.021161,0.014018
0.007396,-0.022153,0.006589
0.007384,-0.016776,0.002385
0.006401,-0.002829,-0.004921
0.001529,0.017477,-0.007919
0.002488,0.030262,-0.005672
0.005428,0.029208,-0.006721
0.014202,0.019645,-0.011056
0.015207,0.010052,-0.012201
0.005488,0.011084,-0.009050
-0.004288,0.012120,-0.005866
-0.007242,0.013135,-0.000544
-0.004328,0.008814,0.004723
0.005423,-0.001867,0.005712
0.008349,-0.011449,0.003520
0.010285,-0.021084,0.006640
0.011275,-0.016750,0.000325
-0.001376,-0.009248,-0.002786
0.000534,0.029190,-0.004551
-0.007263,0.054834,-0.007496
-0.004325,0.063424,-0.012713
-0.002372,0.047418,-0.012852
0.002485,0.025992,-0.004580
0.005395,0.011066,-0.005723
0.004444,-0.001751,-0.004759
-0.000390,-0.009201,-0.006967
-0.003265,-0.007091,-0.004868
-0.005232,-0.004989,-0.001673
-0.001375,0.008862,0.000534
0.000548,0.022734,0.000649
0.001495,0.030160,0.004994
0.001486,0.024824,0.004933
-0.000457,0.008882,-0.001580
-0.003404,-0.009269,-0.000664
0.000503,-0.025267,-0.001821
0.002492,-0.025205,-0.008208
-0.002344,-0.003793,-0.014375
-0.007233,0.028177,-0.009859
-0.006272,0.051645,-0.008593
-0.007265,0.063383,-0.008497
-0.006300,0.055839,-0.001122
-0.006327,0.029109,0.003971
-0.004373,-0.001897,0.009001
-0.004349,-0.027541,0.011946
0.000503,-0.049989,0.015993
0.003426,-0.044647,0.014930
-0.003428,-0.013679,0.013058
-0.010343,0.016190,0.014387
-0.008443,0.026840,0.016595
-0.002653,0.022644,0.009110
0.001220,0.008831,0.002595
0.006119,0.000420,-0.010239
0.004212,-0.010219,-0.013530
-0.000618,-0.009174,-0.011419
-0.007445,0.001475,-0.009204
-0.011353,0.021764,-0.010046
-0.013306,0.033471,-0.006725
-0.013317,0.030174,0.002803
-0.008477,0.024775,0.009101
-0.007550,0.012961,0.016419
-0.008564,-0.000936,0.019535
-0.009586,-0.019122,0.023593
-0.009626,-0.025580,0.028836
-0.002863,-0.029868,0.030955
0.003928,-0.023443,0.028903
0.002923,-0.015952,0.026853
0.001916,-0.006295,0.021625
0.001872,0.001233,0.016391
0.004741,0.010853,0.014347
0.009572,0.015176,0.009094
0.011490,0.020503,0.010186
0.004638,0.027962,0.011312
0.000654,0.035356,0.018812
0.003505,0.020492,0.011262
0.011277,-0.001963,0.015289
0.013216,-0.020093,0.014077
0.013222,-0.025394,0.010839
0.008321,-0.016826,0.007724
0.004378,-0.008304,0.008875
0.011181,0.000223,0.010025
0.014096,0.007694,0.010061
0.008201,0.020487,0.011206
0.006200,0.022617,0.011226
0.003250,0.007731,0.005798
0.006181,-0.010384,0.003509
0.011055,-0.019966,0.001310
0.012037,-0.019912,-0.003989
0.016916,-0.008129,-0.008102
0.015981,-0.000616,-0.012253
0.012122,0.001562,-0.016471
0.011196,0.010119,-0.018532
0.009292,0.024001,-0.019479
0.010301,0.030492,-0.027905
0.006454,0.026212,-0.026888
0.007461,0.024023,-0.021623
0.002605,0.014357,-0.015313
-0.002251,0.000453,-0.012258
-0.005134,-0.010253,-0.009210
-0.006044,-0.025205,-0.008279
-0.006960,-0.030520,-0.010455
-0.002034,-0.030450,-0.017901
-0.002969,-0.018757,-0.013589
-0.005886,-0.004870,-0.014531
-0.006851,0.012186,-0.012225
-0.001962,0.016506,-0.017471
0.005891,0.003763,-0.023969
0.003048,-0.007958,-0.026228
-0.002744,-0.005814,-0.027277
-0.009533,0.000582,-0.026126
-0.008535,0.012279,-0.021759
-0.007527,0.022901,-0.016348
-0.009459,0.031375,-0.009893
-0.013379,0.028088,-0.001433
-0.011434,0.003471,0.005800
-0.010457,-0.027550,0.012971
-0.005560,-0.052137,0.016987
-0.005562,-0.057460,0.015914
-0.005533,-0.045701,0.013874
-0.002618,-0.025412,0.013003
-0.003609,-0.006183,0.011042
-0.004574,0.017355,0.004867
-0.007526,0.028070,0.000730
-0.007524,0.029134,0.000741
-0.004625,0.023787,0.001748
-0.001719,0.016283,0.004817
0.002115,0.010861,0.013238
0.003032,0.003328,0.019567
0.004913,-0.007441,0.029009
0.007785,-0.024526,0.029878
0.009697,-0.039413,0.024443
0.010644,-0.039320,0.014873
0.011602,-0.030708,0.007521
0.011597,-0.013527,-0.002940
0.009640,0.003571,-0.004885
0.011585,0.029267,-0.013150
0.011578,0.038945,-0.020500
0.009623,0.038905,-0.016221
0.013577,0.015441,-0.017460
0.017566,-0.004845,-0.016583
0.012771,-0.017609,-0.020945
0.006979,-0.014354,-0.026223
0.003145,-0.006886,-0.026185
-0.004580,-0.001519,-0.029343
-0.009396,0.004860,-0.027192
