0.006183,0.030906,-0.014018
0.004193,0.028685,-0.004398
0.006093,0.032937,-0.004320
0.004110,0.042505,0.000038
0.007002,0.050987,0.006529
0.010851,0.048837,0.007600
0.004943,0.036031,0.007493
0.001020,0.021086,0.008428
0.004927,0.009355,0.009357
0.005912,0.009397,0.002971
0.009804,0.013734,-0.005537
0.009783,0.016910,-0.002306
0.007809,0.014814,-0.008700
0.011729,0.006281,-0.009826
0.016600,0.003111,-0.016211
0.018556,0.008368,-0.009685
0.015578,0.018958,-0.004155
0.007964,0.029511,0.007747
0.002779,0.035754,0.023905
-0.000216,0.039818,0.046436
-0.000314,0.040821,0.052887
-0.000469,0.036539,0.053931
-0.000583,0.027972,0.057076
-0.000709,0.024776,0.055992
0.000237,0.051459,0.090710
-0.000457,0.171889,0.054819
0.015750,0.176303,0.156621
0.007440,0.073794,0.080637
-0.006300,0.021716,0.047228
-0.010324,0.023044,0.010999
-0.004355,0.026274,0.010951
-0.006404,0.031643,0.006726
-0.006420,0.039154,0.004591
-0.007304,0.040240,0.003503
-0.004929,0.035970,0.003472
-0.007587,0.026333,0.008705
-0.008546,0.020958,0.013992
-0.004706,0.021000,0.009699
-0.002669,0.021030,0.006483
-0.001599,0.016801,0.003207
-0.000520,0.015766,0.001024
0.002460,0.011577,-0.007586
0.006429,0.000948,-0.010923
0.007456,-0.001185,-0.009897
0.004481,0.004192,-0.011007
0.006499,0.006334,-0.011009
0.006539,0.005223,-0.004631
0.008479,0.009416,0.003970
0.006535,0.009383,0.008238
0.007559,0.013597,0.014692
0.003683,0.017800,0.022219
0.003684,0.014609,0.022167
0.006677,0.008259,0.016743
0.009682,-0.000309,0.019892
0.010701,-0.005608,0.015567
0.012678,-0.003503,0.018799
0.008754,0.002901,0.016759
0.005822,0.002910,0.015690
0.003893,0.001809,0.019952
0.000966,0.002910,0.014644
0.002989,0.003972,0.014667
0.001991,0.000749,0.016788
0.001940,0.008230,0.012638
-0.000035,0.011367,0.020153
-0.000068,0.012390,0.024461
-0.001091,0.011258,0.029850
0.000862,0.016568,0.032053
0.001837,0.015519,0.027816
0.006695,0.013384,0.025708
0.004699,0.010177,0.024650
-0.002207,0.014491,0.019339
-0.004169,0.016624,0.020406
-0.001302,0.014468,0.023580
0.000602,0.008048,0.024617
-0.001379,0.013337,0.028967
0.001483,0.017640,0.023684
0.005337,0.023027,0.017321
0.000432,0.024047,0.022682
-0.002535,0.019715,0.030132
-0.005526,0.020740,0.034434
-0.006530,0.021737,0.040900
-0.009490,0.025989,0.045163
-0.007560,0.026009,0.043018
-0.006630,0.022829,0.041889
-0.005658,0.020768,0.035407
-0.006636,0.009125,0.024602
-0.006635,-0.004673,0.016971
-0.006600,-0.002433,0.004162
-0.007631,0.001910,-0.007502
-0.006681,0.012632,-0.014865
-0.010588,0.022249,-0.016910
-0.005694,0.026492,-0.013670
-0.006735,0.021095,-0.005185
-0.006741,0.012450,0.005481
-0.003873,0.010225,0.016158
-0.001957,0.016541,0.026894
-0.001964,0.020862,0.021566
-0.000993,0.021940,0.019455
0.000959,0.026267,0.012019
-0.000026,0.026321,0.004556
-0.001029,0.017851,-0.001965
0.000935,0.005052,0.000001
-0.001049,-0.003480,-0.000082
-0.005951,0.001956,-0.007622
-0.003982,0.007335,-0.010827
-0.001084,0.017000,-0.016132
0.000831,0.017010,-0.017203
-0.001120,0.012687,-0.010824
-0.000147,0.011566,-0.004417
0.000808,0.012581,0.002003
0.002765,0.009432,-0.005482
0.003784,0.009413,-0.004387
0.001817,0.007265,-0.004369
0.002800,0.005099,-0.002212
0.003816,0.001872,0.000967
0.001864,0.003993,0.003112
0.003795,0.009330,0.002104
0.002823,0.006177,-0.002232
0.005752,0.008328,-0.003302
0.006709,0.009371,-0.001138
0.006665,0.000878,-0.006555
0.005727,0.002934,0.003080
0.002744,0.002858,0.011645
0.000738,0.009220,0.015988
-0.000209,0.016657,0.021364
0.001737,0.017753,0.017116
0.006634,0.011346,0.018118
0.006668,0.010254,0.018173
0.004676,0.007082,0.012845
0.002711,0.007106,0.008597
-0.001208,0.008153,0.010752
-0.000256,0.004965,0.008598
0.000750,0.002742,0.019270
0.000754,-0.002620,0.021384
0.000723,-0.003726,0.026704
0.003677,-0.000564,0.029971
0.001700,0.004803,0.025751
0.000713,0.002737,0.018235
0.000733,0.004892,0.016108
-0.000269,0.005958,0.015074
-0.001279,0.011286,0.014093
-0.002276,0.010220,0.013034
-0.003254,0.009099,0.018397
-0.004281,0.011241,0.016303
-0.005247,0.014446,0.016319
-0.004291,0.014485,0.012036
-0.004313,0.013376,0.017363
-0.003371,0.011247,0.016287
-0.003400,0.004886,0.011942
-0.002430,0.002754,0.011916
-0.004403,0.004954,0.005488
-0.005418,0.008163,0.005494
-0.008360,0.012474,0.002284
-0.005426,0.010426,-0.006328
-0.001515,0.010446,-0.006378
0.003388,0.002987,-0.007514
0.001359,-0.001294,-0.005426
0.001363,-0.001271,-0.008623
0.000387,0.006186,-0.006437
0.000382,0.012552,-0.002104
-0.002560,0.016818,-0.001014
-0.000569,0.010366,0.004289
-0.001546,0.005011,0.004295
-0.002519,-0.000328,0.005304
-0.001533,-0.003503,0.002070
-0.000520,0.001820,0.002147
0.002376,0.009356,-0.006329
0.002367,0.008343,-0.011708
0.003365,0.004101,-0.014949
0.003358,0.004043,-0.007477
0.007273,0.002975,-0.006440
0.005251,0.005099,-0.002212
0.007199,0.003977,0.005246
0.006213,0.008203,0.010622
0.009119,0.009275,0.010616
0.013067,0.008159,0.014919
0.010117,0.009193,0.017105
0.009149,0.012334,0.024611
0.006238,0.017650,0.026800
0.004238,0.019760,0.028972
0.003235,0.012279,0.027891
0.000335,0.004821,0.025705
-0.000608,0.002724,0.022454
-0.004516,0.004910,0.015017
-0.004520,0.003920,0.006440
-0.003531,0.002875,0.005327
-0.005498,-0.000368,0.010638
-0.003560,0.003896,0.011731
-0.004589,0.005999,0.016016
-0.005579,0.012402,0.015024
-0.002680,0.014559,0.012889
0.001240,0.011374,0.010727
0.001271,0.010318,0.007552
0.006126,0.009210,0.012878
0.002180,0.009193,0.013970
-0.001758,0.014559,0.010796
-0.003692,0.009178,0.017144
-0.004673,0.003869,0.014938
-0.001725,0.003842,0.019192
0.000261,-0.001437,0.013771
0.000261,0.003921,0.011666
-0.001702,0.010328,0.008573
-0.000776,0.016651,0.016154
0.001142,0.021990,0.015144
-0.003767,0.023007,0.021559
-0.001831,0.015514,0.023648
-0.004729,0.012343,0.020407
-0.004740,0.010241,0.017166
-0.004752,0.010267,0.015004
-0.006748,0.013508,0.010745
-0.007738,0.013547,0.008553
-0.008713,0.012532,0.004224
-0.007732,0.008325,-0.001200
-0.006767,0.010472,-0.002261
-0.001932,0.011524,-0.001170
-0.001928,0.006256,-0.008710
-0.005827,0.006241,-0.006579
-0.003866,0.006283,-0.010872
-0.002912,0.005196,-0.009782
-0.003879,0.008389,-0.008688
-0.003890,0.012673,-0.011832
0.000976,0.013697,-0.006480
0.000945,0.010427,-0.000054
-0.000077,0.011471,0.003151
-0.002017,0.016749,0.008578
-0.001048,0.018920,0.005362
0.002833,0.016823,0.002110
-0.000106,0.016807,0.005289
-0.002080,0.012623,-0.004379
0.001811,0.007354,-0.011920
0.001795,0.012712,-0.014024
-0.000191,0.010638,-0.021521
0.003726,0.009573,-0.021535
0.003739,0.010606,-0.017252
0.008557,0.014809,-0.010772
0.008500,0.015813,-0.004324
0.011400,0.022170,0.000033
0.009409,0.026397,0.004359
0.007433,0.023152,0.010721
0.006446,0.015665,0.013842
0.006450,0.007032,0.024478
0.006419,-0.000447,0.026530
0.004457,-0.000423,0.023333
-0.000409,0.006039,0.015910
0.004497,0.010389,0.005276
0.002531,0.011467,0.003165
0.002536,0.007214,-0.000049
0.002512,0.005100,-0.002212
0.002523,-0.003471,0.001989
0.001548,-0.002429,0.006245
0.000572,0.001751,0.016971
-0.001431,0.006019,0.018055
-0.003408,0.010307,0.015950
-0.003425,0.016688,0.017104
-0.002457,0.013519,0.011764
-0.000490,0.008191,0.010654
-0.002440,0.002838,0.011700
-0.003413,-0.005655,0.005239
-0.002427,-0.004616,0.009504
-0.002455,0.007153,0.007430
-0.004434,0.009341,0.001034
-0.001487,0.011478,0.000000
-0.003444,0.012591,-0.006386
-0.001510,0.011513,-0.004275
-0.001511,0.007256,-0.005386
-0.003490,0.004017,-0.000086
-0.004506,0.006124,0.004187
-0.005523,0.010367,0.007426
-0.006485,0.016834,-0.000010
-0.004506,0.012570,-0.001102
-0.001607,0.011519,-0.004292
0.000353,0.002970,-0.002239
0.003244,0.005096,-0.001154
0.000305,0.006119,0.004198
-0.003646,0.011397,0.010669
-0.004627,0.014627,0.008529
-0.000741,0.013572,0.007443
0.004140,0.011453,0.006339
0.003163,0.011450,0.005300
0.002174,0.006107,0.005276
0.004100,0.008271,0.002078
0.001173,0.008264,0.004188
0.002127,0.004035,0.000913
-0.002741,0.001884,0.001983
0.000190,0.000871,-0.004440
0.002125,0.004118,-0.008717
0.002148,0.004128,-0.010834
0.002160,-0.002273,-0.010893
0.002148,-0.003386,-0.005552
0.003130,-0.003412,-0.002346
0.001167,-0.001307,0.002977
0.002158,0.002922,0.006252
0.003110,0.008229,0.008463
0.002134,0.012488,0.008523
-0.001782,0.005041,0.005265
-0.002760,-0.001399,0.007398
-0.003726,0.006063,0.008531
-0.000791,0.007177,0.003186
-0.003729,0.001849,0.001029
-0.007644,0.007186,0.001070
-0.008634,0.011480,-0.002096
-0.005723,0.010416,-0.002113
-0.007723,0.009376,-0.006379
-0.008688,0.008339,-0.009603
-0.003822,0.008366,-0.011764
-0.001869,0.006215,-0.010693
-0.002918,0.006165,-0.005333
-0.001927,0.008347,-0.010669
-0.005870,0.016905,-0.011699
-0.003930,0.015863,-0.013862
-0.001041,0.010552,-0.017110
-0.001043,0.006267,-0.016056
0.001890,0.005219,-0.018208
0.001847,0.005242,-0.019313
-0.001109,0.005208,-0.015042
-0.000155,0.006220,-0.008612
0.004685,0.011553,-0.008562
0.008590,0.013637,-0.003184
0.009558,0.013665,-0.006394
0.004618,0.015744,0.000044
0.002657,0.013595,0.003201
0.001648,0.010407,0.003140
0.000660,0.006158,0.000961
0.004575,0.001927,-0.003356
0.007517,0.004072,-0.005458
0.008471,0.005120,-0.004354
0.005547,0.001936,-0.007565
0.003604,0.002967,-0.002231
0.002607,0.005045,0.004209
0.005531,0.002872,0.008476
0.007502,-0.002522,0.013810
0.007511,-0.005782,0.021258
0.002618,-0.000433,0.019178
-0.001286,0.002776,0.019184
-0.000311,0.003815,0.022403
-0.001307,0.007045,0.018171
-0.001281,0.001758,0.013817
-0.002225,0.003828,0.021324
-0.005157,0.004909,0.019203
-0.007118,0.010292,0.012850
-0.008098,0.015648,0.011797
-0.006156,0.019968,0.004376
-0.004231,0.016764,0.004357
-0.001324,0.013534,0.006497
-0.004283,0.006082,0.004295
-0.005298,0.004983,0.008553
-0.006283,0.007117,0.008571
-0.008250,0.013516,0.007588
-0.007312,0.017746,0.011909
-0.004409,0.017799,0.005497
-0.006356,0.016747,0.002308
-0.004414,0.015692,0.001222
-0.004430,0.018956,-0.005186
-0.005439,0.017940,-0.010556
-0.000582,0.012541,-0.004162
0.001323,0.008257,-0.002067
0.000328,0.014645,0.001164
-0.000678,0.022130,0.001185
-0.004681,0.023201,0.001184
-0.004682,0.015736,0.001109
-0.001724,0.008275,0.001023
-0.001760,0.004060,-0.004380
-0.000764,0.011551,-0.007512
0.006054,0.011622,-0.016062
0.009911,0.010552,-0.015019
0.006968,0.011565,-0.007548
0.003031,0.015771,0.001017
0.001022,0.019012,-0.003242
0.002946,0.017885,0.006319
0.002935,0.015801,0.000940
0.005893,0.007262,-0.001220
0.003964,0.004041,-0.000149
0.002970,0.005099,-0.000115
-0.000944,0.009354,-0.000046
0.001024,0.013595,0.004245
0.001004,0.016773,0.006425
0.002935,0.014600,0.010692
0.000961,0.013559,0.007477
-0.000050,0.012486,0.008531
0.000890,0.013617,0.002100
0.002853,0.010435,-0.000071
0.002835,0.013601,0.003187
0.002797,0.014667,0.001106
0.000823,0.010404,0.001055
0.001793,0.015687,0.006467
0.000794,0.013561,0.007474
0.002717,0.009231,0.013873
0.000782,0.008134,0.017080
-0.002177,0.010261,0.016070
-0.005158,0.018800,0.016136
-0.005138,0.015689,0.005413
0.000746,0.012512,0.003233
0.003657,0.009359,-0.002149
0.002657,0.000808,-0.001137
0.000654,0.000813,-0.002197
-0.000347,0.007196,-0.000001
0.000597,0.013599,0.001101
-0.002323,0.013587,0.002179
-0.002342,0.014574,0.009714
-0.004322,0.016709,0.009730
-0.007289,0.011403,0.007518
-0.008252,0.008232,0.005320
-0.007317,0.006119,0.002108
-0.001451,0.005161,-0.010734
0.001501,0.000941,-0.015082
0.001482,0.001990,-0.013978
-0.000487,-0.000141,-0.015049
-0.000519,0.002021,-0.017197
0.000465,0.004196,-0.020422
0.000425,0.003114,-0.018302
0.004323,0.003064,-0.011894
0.005311,-0.000170,-0.007653
0.001386,0.004056,-0.003325
0.001375,0.009370,-0.000086
-0.000622,0.009335,0.003145
-0.001579,0.007160,0.006370
0.001387,0.008271,-0.000012
-0.001586,0.010444,-0.002187
-0.000593,0.008352,-0.007541
-0.000606,0.005139,-0.005447
-0.001609,0.006220,-0.006521
0.000370,0.000843,-0.003320
0.000351,0.005120,-0.004352
0.000305,0.013638,-0.002139
-0.002649,0.011508,-0.004262
-0.002649,0.007195,0.001049
0.000270,0.004029,-0.004299
0.004221,-0.003418,-0.008605
0.004230,-0.008769,-0.005471
0.002306,-0.006631,-0.005464
0.003270,0.000831,-0.005382
0.003218,0.004054,-0.007504
0.004169,0.007247,-0.005363
0.004194,-0.002358,-0.002304
0.007129,-0.004544,0.003043
0.009090,-0.005620,0.004103
0.007126,-0.001341,0.003067
0.004194,0.003965,0.008415
0.002203,0.007145,0.010592
0.001237,0.005010,0.010576
0.003215,0.007150,0.009533
0.000268,-0.001368,0.007321
0.005170,-0.001377,0.006297
-0.000658,0.000786,0.004149
-0.002648,0.008264,0.003145
-0.003637,0.009372,-0.002181
-0.004610,0.007240,-0.002204
-0.004616,-0.000231,-0.001221
-0.003602,-0.006642,-0.000204
0.002272,-0.009830,-0.002358
0.000318,-0.010871,-0.005576
-0.001621,-0.008725,-0.007679
-0.001639,-0.008690,-0.010908
-0.001582,-0.004385,-0.015149
0.001338,-0.002222,-0.018345
0.000349,-0.005438,-0.016241
0.002305,-0.000143,-0.010863
0.004239,0.000860,-0.005457
0.003240,0.005128,-0.007511
0.001272,0.009363,-0.005295
0.001254,0.012544,-0.004169
0.003212,0.001828,0.000042
0.005182,-0.006734,0.002126
0.007163,-0.008881,0.003187
0.009111,-0.008906,0.006389
0.005201,-0.004637,0.006422
0.002243,0.001761,0.008584
0.000272,0.003866,0.011816
-0.002660,0.003850,0.013946
0.001241,0.003875,0.011791
0.004191,0.004940,0.013897
0.004187,-0.000351,0.007461
0.002217,-0.000327,0.003215
-0.001708,0.004987,0.006453
-0.001735,0.009293,0.001163
-0.001747,0.009263,0.004378
0.000213,0.004979,0.007521
-0.000766,0.000688,0.011727
-0.001723,-0.004636,0.012695
-0.001725,-0.009980,0.014764
-0.000739,-0.015277,0.011481
-0.002648,-0.015177,-0.000285
-0.000658,-0.010834,-0.009855
-0.002597,-0.008669,-0.015145
-0.002574,-0.003352,-0.014006
-0.004523,-0.002330,-0.009696
-0.003544,0.000814,-0.003243
-0.001607,0.000799,-0.001114
-0.004531,-0.006689,0.002008
-0.002550,-0.007809,0.010504
-0.004490,-0.005662,0.009442
-0.001565,-0.002384,-0.000143
0.000425,-0.005545,-0.003412
0.002386,-0.002357,-0.001259
0.001412,-0.000248,0.001962
-0.000607,0.007212,0.003098
-0.005501,0.010390,0.005275
-0.005502,0.011487,0.002068
-0.001582,0.009341,0.001037
-0.000588,0.008308,-0.003246
0.004262,0.011555,-0.008567
0.000352,0.012624,-0.007517
-0.000660,0.013631,-0.000028
-0.002670,0.023216,0.002193
-0.001753,0.034936,0.006525
0.000134,0.048784,0.008797
-0.001888,0.056247,0.008876
-0.004885,0.063679,0.012176
-0.003044,0.073264,0.013352
0.000743,0.069007,0.010149
0.001678,0.054098,0.005760
0.001651,0.035926,0.008826
0.003529,0.020937,0.014057
0.003521,0.010317,0.008604
0.002539,0.004985,0.009595
-0.000426,0.006088,0.005329
0.003444,0.002900,0.003175
0.004403,0.002890,0.003202
0.003441,0.000740,0.004272
0.005422,0.001824,0.004235
0.005449,0.001799,0.008484
0.003472,0.004964,0.013834
0.002486,0.007091,0.014917
0.006377,0.010295,0.013891
0.003401,0.010279,0.014980
0.003358,0.006027,0.010717
0.005330,0.011339,0.012915
0.009155,0.014553,0.011862
0.005214,0.013487,0.012896
0.005210,0.012353,0.021429
0.007158,0.013398,0.024633
0.006132,0.014414,0.030003
0.005139,0.014384,0.034266
0.004164,0.009047,0.032133
0.002202,0.003699,0.034211
0.003194,0.003719,0.031023
0.002226,0.006919,0.031054
-0.003610,0.005887,0.026771
-0.005550,0.001653,0.023507
-0.006506,-0.003633,0.018104
-0.009393,-0.008986,0.019147
-0.013266,-0.008975,0.017028
-0.013255,-0.000423,0.016017
-0.016191,0.008165,0.011772
-0.014251,0.010359,0.006403
-0.014255,0.013567,0.007460
-0.014311,0.015727,0.006363
-0.011406,0.014744,-0.002231
-0.011435,0.016987,-0.015047
-0.008497,0.011694,-0.020432
-0.006572,0.004253,-0.025799
-0.003647,0.003218,-0.030074
-0.003651,0.002113,-0.027891
-0.002724,0.004174,-0.019316
-0.000780,0.008387,-0.012862
-0.004719,0.010446,-0.003236
-0.002788,0.015770,-0.000021
-0.001850,0.010407,0.003144
0.001134,-0.002417,0.005175
0.002155,-0.013112,0.007239
-0.000780,-0.011982,-0.000238
-0.000745,-0.011817,-0.019493
0.002192,-0.004273,-0.029035
0.003184,-0.002135,-0.031120
0.005105,0.000046,-0.036452
0.004121,0.004305,-0.036391
0.002153,0.007456,-0.028911
0.003077,0.009513,-0.020327
0.002045,0.012660,-0.012838
0.004946,0.014765,-0.009606
0.004914,0.018988,-0.006314
0.007809,0.019018,-0.009529
0.010707,0.015773,-0.006305
0.010713,0.012556,-0.007335
0.007777,0.010368,-0.001983
0.004795,0.012452,0.003395
-0.001102,0.013465,0.008772
0.000828,0.014515,0.010917
-0.000186,0.012302,0.020515
0.001765,0.011247,0.019429
0.005687,0.008052,0.020433
0.003690,0.005991,0.011858
-0.000263,0.010348,0.002251
-0.002255,0.016728,0.006548
-0.002296,0.011465,-0.001009
-0.000327,0.003995,-0.000025
-0.000307,-0.003450,-0.001199
-0.000294,-0.010869,-0.005577
0.001663,-0.008809,0.003000
-0.000279,-0.002408,0.003058
-0.004186,0.004017,-0.000083
-0.006148,0.008301,-0.002178
-0.008091,0.004055,-0.004364
-0.008058,-0.005543,-0.005507
-0.006093,-0.005553,-0.003389
-0.004114,-0.003345,-0.009840
-0.002160,0.000971,-0.015155
-0.004121,0.006338,-0.018329
-0.004147,0.005305,-0.021566
-0.003183,0.007402,-0.019358
-0.002217,0.007339,-0.012920
-0.002242,0.006256,-0.009749
-0.002273,0.006257,-0.010798
0.000662,0.004113,-0.007653
0.003617,0.001944,-0.002353
0.002639,0.004104,-0.004492
0.000633,0.006200,-0.001239
0.001642,0.010508,-0.005490
-0.000331,0.012704,-0.012951
-0.003285,0.011666,-0.016174
-0.002324,0.004229,-0.019461
0.002599,0.002075,-0.016290
0.003520,0.003159,-0.017369
0.003511,0.003132,-0.014163
0.000563,0.000980,-0.013087
-0.000438,0.008420,-0.010855
-0.001469,0.014900,-0.019371
0.000497,0.018078,-0.017191
0.003408,0.015942,-0.017205
0.004344,0.007410,-0.019382
0.007266,0.001019,-0.020511
0.003381,-0.008651,-0.012054
0.002396,-0.012995,-0.003526
0.001404,-0.004535,0.004067
0.002378,0.008269,0.003132
0.002374,0.013596,0.003201
0.005329,0.007172,0.005295
0.004328,0.001793,0.007455
0.003323,-0.003584,0.012748
-0.000564,-0.000368,0.010644
0.002396,0.001718,0.018108
0.002406,0.007046,0.019218
0.001432,0.010316,0.011745
0.000470,0.009277,0.007480
0.001402,0.005019,0.006373
0.003315,0.006107,0.004235
0.002322,0.012515,0.004276
0.000312,0.015740,0.003195
0.000229,0.010405,0.004194
-0.000746,0.010401,0.006296
-0.000751,0.002960,0.003021
0.000213,-0.003411,-0.000253
0.003152,-0.007609,-0.008839
0.005100,-0.007590,-0.012027
0.007065,-0.004484,-0.001293
0.007062,-0.006645,0.001897
0.005168,-0.005662,0.012584
0.004250,-0.005777,0.026477
0.001359,-0.000471,0.029736
-0.000575,0.002697,0.031944
0.001392,0.003775,0.029832
-0.000520,0.003826,0.022378
-0.007327,-0.000379,0.014858
-0.010265,-0.005644,0.007308
-0.014172,-0.009845,-0.001271
-0.013180,-0.006571,-0.006663
-0.012180,-0.003263,-0.018419
-0.007292,-0.004297,-0.021652
-0.004396,0.005324,-0.022658
-0.005416,0.005318,-0.021599
-0.005450,0.011664,-0.015123
-0.007455,0.011615,-0.008720
-0.008486,0.014842,-0.011897
-0.003604,0.018038,-0.011854
0.003235,0.011598,-0.009720
0.001269,0.007300,-0.007589
-0.002649,0.005158,-0.008633
0.000267,0.008397,-0.011841
0.000271,0.004113,-0.009746
-0.000709,0.000847,-0.004373
-0.000748,0.008285,-0.004226
0.001181,0.014707,-0.008406
0.001133,0.018955,-0.007272
-0.002792,0.013527,0.001291
-0.003777,0.010343,-0.000872
-0.004753,0.004983,0.002284
-0.003816,0.005017,0.000104
0.000063,0.004990,0.003310
0.001008,0.009306,-0.000960
0.000007,0.015742,-0.003084
0.003889,0.011479,-0.003134
0.003853,0.010424,-0.004220
0.005819,0.007263,-0.007489
0.002891,0.002981,-0.006444
0.002889,-0.000257,-0.003241
0.001939,0.002961,-0.004303
-0.000038,0.005123,-0.006446
0.002904,-0.001285,-0.006487
0.004879,-0.006609,-0.008655
0.003882,-0.006619,-0.008628
0.004881,-0.001258,-0.009694
0.001921,0.000824,-0.003265
-0.000082,0.006161,-0.003228
-0.000076,0.004042,-0.004331
0.000913,-0.002343,-0.004429
0.003894,-0.003383,-0.006602
0.008768,-0.004453,-0.006602
0.007762,0.002970,-0.002233
0.003812,0.010420,0.001020
-0.000099,0.013582,0.004287
-0.004041,0.014586,0.009688
-0.004042,0.008178,0.007556
-0.003030,0.006011,0.010761
0.001875,0.002851,0.006443
0.001853,0.003988,-0.001052
-0.000141,0.006135,-0.000021
0.000847,0.000770,0.004196
-0.002128,-0.002432,0.004171
-0.004085,-0.008841,0.004134
-0.004039,-0.005627,0.003081
0.000877,0.000813,-0.002193
0.000870,0.005179,-0.011824
0.002814,-0.001203,-0.014022
-0.000127,-0.004446,-0.010804
0.002810,-0.006594,-0.009740
0.001828,-0.005588,-0.002250
0.003807,-0.004551,-0.000071
0.005800,-0.002495,0.007472
0.004808,0.002801,0.011804
0.001861,0.001735,0.010745
0.000904,-0.004667,0.010689
0.001927,-0.012088,0.005270
0.004880,-0.012073,0.003140
0.005863,-0.007809,0.002141
0.003870,0.001786,0.002247
0.000929,0.009274,-0.000874
-0.001012,0.009278,-0.000887
-0.001042,0.008177,0.004421
0.002871,0.001702,0.013970
0.003808,-0.004724,0.018159
-0.000100,-0.005811,0.022386
-0.002044,-0.002558,0.017049
-0.005959,-0.002492,0.009555
-0.009829,-0.001343,-0.001106
-0.009813,-0.000216,-0.007529
-0.007875,0.000902,-0.012883
-0.008886,0.001977,-0.012893
-0.007931,0.005177,-0.011818
-0.010890,0.008406,-0.013956
-0.011885,0.011637,-0.016095
-0.009924,0.010556,-0.013976
-0.006994,0.004139,-0.012948
-0.004050,-0.001150,-0.018343
-0.003088,-0.000083,-0.020427
-0.003126,0.007402,-0.022495
-0.003145,0.010631,-0.025676
-0.004135,0.002082,-0.022581
-0.003113,-0.003230,-0.024778
0.000832,-0.005378,-0.021621
0.007665,-0.007492,-0.025876
0.008662,-0.003241,-0.019520
0.012565,0.003156,-0.019452
0.009578,0.008481,-0.018332
0.012489,0.010619,-0.016233
0.014458,0.003134,-0.015212
0.016411,-0.005489,-0.006692
0.012527,-0.006569,-0.005622
0.010602,-0.004513,0.001921
0.008612,-0.001378,0.009443
0.007670,-0.000381,0.018002
0.006699,-0.002515,0.015892
0.008691,-0.002542,0.019098
0.009707,-0.003633,0.020197
0.008691,-0.001515,0.020259
0.003797,0.000596,0.021382
-0.000106,-0.000491,0.022469
-0.000101,0.000600,0.020327
-0.003025,-0.001551,0.021397
-0.001064,-0.004708,0.017072
-0.002032,-0.005767,0.015995
-0.003960,-0.010003,0.012738
-0.004908,-0.007839,0.010587
-0.004910,-0.004596,0.006323
-0.005897,-0.000294,0.002090
-0.003944,0.000751,0.005291
-0.005932,0.002884,0.004266
-0.009866,0.010347,0.004346
-0.008903,0.000774,0.001047
-0.005916,-0.009930,0.005227
-0.004922,-0.008848,0.003106
-0.007853,-0.004512,-0.005403
-0.002940,0.001926,-0.010670
-0.000006,0.008407,-0.019185
-0.001029,0.007359,-0.022382
-0.001057,0.002021,-0.020329
-0.002035,-0.003355,-0.016086
-0.004025,-0.007653,-0.011862
-0.003022,-0.006636,-0.004400
-0.001082,0.004039,-0.004321
0.003781,0.016785,0.002218
0.003749,0.018933,-0.000940
0.004716,0.011455,-0.000980
0.008621,0.004998,0.005385
0.009563,0.000698,0.008567
0.010552,0.004907,0.015032
0.008574,0.008131,0.016044
0.004647,0.004892,0.021347
0.000743,0.001684,0.024474
-0.001170,-0.005734,0.019049
-0.002126,-0.012100,0.014716
-0.002078,-0.021692,0.012511
-0.001051,-0.014152,0.002978
-0.001976,-0.007713,-0.000200
-0.002957,-0.003450,-0.000148
-0.000994,-0.006707,0.007288
0.000011,-0.005656,0.007342
0.000003,-0.002440,0.006283
-0.000008,-0.001396,0.009488
0.000971,-0.002433,0.006265
-0.001932,-0.006699,0.006223
-0.001890,-0.004575,0.007311
0.000043,-0.004536,0.003027
0.001041,-0.004507,-0.001232
0.003990,0.000744,0.008446
-0.002861,0.000705,0.010640
-0.009731,0.004929,0.014975
-0.009745,0.012410,0.012918
-0.007790,0.007026,0.018229
-0.003844,0.002767,0.016074
0.000039,0.009208,0.010798
0.000022,0.010337,0.003329
-0.001930,0.005017,0.003242
-0.003905,0.001816,0.004263
-0.006851,0.000776,0.002090
-0.007876,0.002944,-0.000074
-0.005927,0.002972,-0.002239
-0.002012,0.001944,-0.007577
-0.000039,0.006234,-0.009691
0.000912,0.004074,-0.006503
-0.000087,0.003024,-0.010741
-0.003004,-0.002354,-0.006490
-0.000071,-0.000281,0.001008
-0.000083,0.000774,0.002094
0.001868,0.005042,0.003178
0.001858,0.007207,0.001022
0.002808,0.007190,0.003160
0.002818,0.002938,0.002033
0.002799,0.001899,-0.002232
-0.002071,0.002968,-0.002226
-0.001120,0.008380,-0.009703
-0.001135,0.007296,-0.006530
0.000833,0.008349,-0.004394
0.003723,0.003032,-0.004485
0.003719,0.001973,-0.003470
0.001780,0.001957,-0.002385
0.000801,-0.000134,-0.007745
0.001792,0.003108,-0.012006
-0.001152,-0.001165,-0.012030
-0.002078,-0.004332,-0.016330
0.001819,-0.004393,-0.010941
-0.000143,-0.003348,-0.008781
-0.000157,0.000893,-0.006584
-0.001119,-0.000209,-0.003364
-0.001117,-0.001299,-0.000175
-0.000127,0.005087,0.003060
-0.000134,0.004016,0.000969
-0.001119,0.008281,0.001014
-0.001150,0.006133,0.002076
-0.003132,0.007179,0.004234
-0.004105,0.006138,0.001019
-0.003104,-0.000255,-0.000105
-0.002096,0.000838,-0.003303
-0.000132,0.004066,-0.007527
0.001767,0.005172,-0.011803
-0.000192,-0.000165,-0.011845
-0.001168,-0.004501,-0.003337
0.000777,-0.004510,-0.002268
-0.000207,-0.005604,0.000930
0.002773,-0.001293,-0.004374
0.006663,-0.000243,-0.002228
0.011558,0.004013,-0.003206
0.006639,0.005045,0.001077
0.005592,0.008194,0.006474
0.006584,0.006061,0.007499
0.005613,0.004950,0.013874
0.006603,0.000690,0.012772
0.006609,-0.003557,0.011635
0.003679,-0.009962,0.011585
0.000771,-0.013101,0.005122
-0.000183,-0.009904,0.006206
-0.001140,-0.009833,-0.001299
-0.001142,-0.003427,-0.002300
-0.000162,-0.000290,0.003121
0.000795,0.004993,0.008533
0.002750,0.007103,0.010705
-0.001167,0.009175,0.017161
-0.004108,0.009156,0.020349
-0.004105,0.009182,0.017143
-0.004096,-0.002546,0.017018
-0.007030,-0.005699,0.010589
-0.006023,-0.007765,0.003076
-0.007979,-0.004540,-0.000097
-0.009941,-0.002338,-0.007577
-0.010888,-0.000158,-0.011863
-0.009929,0.000941,-0.015073
-0.007001,-0.000099,-0.017245
-0.007965,-0.001182,-0.015122
-0.005048,-0.005453,-0.016197
-0.005047,0.002046,-0.020393
-0.002107,0.003124,-0.020412
-0.001167,-0.000052,-0.022596
0.000785,-0.002226,-0.018328
-0.000200,-0.005455,-0.015146
-0.000160,-0.005516,-0.007665
0.001769,-0.001273,-0.004424
-0.000198,-0.000178,-0.006580
0.003737,0.000872,-0.005483
0.003766,0.000853,-0.004387
0.008643,0.005134,-0.007521
0.009597,0.004027,-0.002195
0.008610,0.006128,0.001047
0.008615,0.006126,0.002098
0.007604,-0.001403,0.008463
0.005684,-0.000367,0.010645
0.006662,0.001758,0.011731
0.003716,0.001749,0.014892
0.002723,0.003888,0.014898
0.002734,0.002823,0.013839
0.003676,0.002824,0.014884
0.001735,0.002854,0.011668
0.001735,-0.001400,0.009502
0.002730,-0.001379,0.007356
-0.000199,-0.001394,0.008438
-0.002133,0.001851,0.004169
-0.002152,0.002935,0.003087
-0.001181,0.005074,0.003095
-0.002164,0.001859,0.004149
-0.003126,0.000774,0.006278
-0.005079,0.000738,0.010557
-0.006038,-0.001369,0.006284
-0.007007,-0.001393,0.008437
-0.003082,-0.002499,0.010620
-0.007021,0.006011,0.012856
-0.008971,0.009250,0.007556
-0.007019,0.011372,0.008650
-0.005066,0.003950,0.002189
-0.005067,-0.001379,0.001080
-0.004073,-0.002467,0.003218
-0.005082,0.002913,-0.002083
-0.007094,0.010404,-0.003121
-0.007130,0.011465,-0.003098
-0.004217,0.007237,-0.005331
-0.003231,-0.001292,-0.005424
-0.001262,-0.003431,-0.003339
0.001676,-0.006625,-0.003385
0.001681,-0.003389,-0.006584
0.000674,0.003075,-0.012963
0.001640,0.010529,-0.010768
0.004568,0.009464,-0.012875
0.008464,0.002026,-0.016157
0.007530,0.000908,-0.011852
0.005542,0.001893,-0.002216
-0.000353,0.002885,0.005309
-0.002344,0.007141,0.007470
0.000620,0.008202,0.008540
0.004532,0.005029,0.005300
0.007504,0.001831,0.005268
0.006530,-0.004565,0.004150
0.001614,-0.010970,0.004103
-0.002286,-0.013093,0.003009
-0.004214,-0.014122,-0.002327
-0.003198,-0.010906,-0.004431
0.000722,-0.006575,-0.011879
0.001719,-0.002310,-0.010786
0.002686,-0.005506,-0.011875
0.000742,-0.006600,-0.006585
-0.001232,-0.006624,-0.003384
0.000730,-0.005620,0.003064
0.000738,-0.001368,0.004187
0.001707,-0.004624,0.009533
0.001752,-0.006768,0.010586
0.000770,-0.003585,0.011706
0.002732,-0.006763,0.009527
0.001807,-0.015295,0.009443
0.000847,-0.017459,0.013685
-0.005967,-0.017437,0.012580
-0.008894,-0.015244,0.006173
-0.008842,-0.008738,-0.004501
-0.006873,-0.010768,-0.015250
-0.007787,-0.024612,-0.017531
-0.004783,-0.028812,-0.025067
-0.005693,-0.054330,-0.034938
-0.000733,-0.055489,-0.023202
-0.006502,-0.047021,-0.017720
-0.006539,-0.033148,-0.020743
-0.005508,-0.012923,-0.016257
-0.007430,0.008393,-0.014966
-0.003574,0.009436,-0.012802
0.002313,0.006169,-0.005336
0.004259,0.000816,-0.004290
0.002318,-0.000234,-0.005389
0.003296,-0.004486,-0.007559
0.004293,-0.001281,-0.006498
0.004246,0.000898,-0.011825
0.003255,-0.002271,-0.014028
0.002297,-0.002309,-0.009744
0.003276,-0.000164,-0.009755
0.003252,0.004109,-0.009731
-0.002635,0.009433,-0.008610
0.000304,0.013725,-0.009682
0.001240,0.011576,-0.007570
0.005125,0.009384,-0.002207
0.001204,0.008356,-0.005456
0.006117,0.006267,-0.009775
0.008096,-0.001202,-0.011932
0.007120,-0.003386,-0.007638
0.004147,0.001936,-0.006512
0.000218,0.006159,-0.003218
-0.000771,0.008260,0.000024
-0.000785,0.010332,0.006480
0.000175,0.011404,0.005429
0.002126,0.006065,0.006439
0.002151,-0.001370,0.002102
-0.000773,-0.004540,-0.002189
0.000228,-0.007719,-0.004366
0.000211,-0.006684,-0.000092
0.001179,-0.000306,0.001072
0.001141,0.008240,0.001120
-0.001824,0.008249,0.001099
0.000132,0.003937,0.005359
0.000179,-0.001445,0.011711
-0.000791,-0.004628,0.008498
0.000165,-0.003539,0.005311
-0.000780,0.003976,-0.001016
