0.009797,0.012901,0.022083
0.012688,0.008674,0.017788
0.010742,0.014008,0.017814
0.007820,0.020486,0.012550
0.008791,0.032279,0.007333
0.011715,0.040888,-0.000047
0.010735,0.038751,-0.000086
0.010716,0.027023,-0.001243
0.010715,0.013140,-0.000331
0.010715,0.001455,-0.005732
0.010732,-0.006049,-0.002635
0.012671,-0.008169,-0.003673
0.013635,-0.007094,-0.004731
0.010707,-0.009261,-0.001580
0.007795,-0.011389,-0.001587
0.007814,-0.023082,-0.005892
0.012703,-0.035859,-0.009185
0.013552,-0.046521,-0.010353
0.011519,-0.046562,-0.006131
0.004701,-0.043307,-0.011394
0.005710,-0.031577,-0.010210
0.006718,-0.020841,-0.016476
0.005747,-0.016529,-0.020683
0.004760,-0.010074,-0.025939
0.004748,-0.007944,-0.025919
0.000816,0.001403,0.096102
0.003764,-0.001305,0.143667
0.054898,-0.011268,0.082013
0.048896,-0.017364,-0.044027
0.002764,-0.008131,-0.007993
-0.008002,-0.013430,-0.011147
-0.003120,-0.000537,-0.019495
-0.004113,0.008045,-0.023679
-0.003160,0.013338,-0.019382
-0.006114,0.014351,-0.014060
-0.005543,0.012219,-0.014058
-0.005830,0.017590,-0.017181
-0.002879,0.028282,-0.019217
-0.003796,0.041114,-0.022315
-0.005713,0.056053,-0.022198
-0.004700,0.064591,-0.022153
-0.003674,0.066649,-0.014728
-0.007526,0.054939,-0.018040
-0.008437,0.033512,-0.009725
-0.010327,0.008949,-0.007818
-0.009303,-0.009232,-0.003698
-0.003436,-0.004954,-0.004742
0.000489,0.005715,-0.004670
-0.000473,0.023822,-0.001335
-0.001427,0.037715,-0.003349
-0.001406,0.049508,-0.008567
0.001519,0.051685,-0.012799
0.004453,0.038876,-0.012931
0.003493,0.018590,-0.012047
0.002505,0.002634,-0.017512
0.003490,-0.001646,-0.016496
0.002509,-0.001625,-0.018639
0.005436,0.006931,-0.020714
0.007371,0.024047,-0.024816
0.006407,0.030492,-0.029004
0.001551,0.023024,-0.029055
0.000603,0.004862,-0.027092
0.000637,-0.020744,-0.027289
0.001632,-0.030442,-0.017796
-0.002255,-0.026183,-0.016655
-0.004203,-0.019778,-0.016565
-0.006136,-0.013397,-0.014358
-0.007094,-0.009138,-0.013253
-0.009001,-0.010295,-0.003680
-0.009968,-0.009257,-0.000439
-0.003140,-0.009276,0.001718
-0.001212,-0.004003,0.008144
-0.001208,0.001364,0.005022
-0.002194,0.013125,0.003023
0.000757,0.018519,-0.002215
-0.001174,0.019630,-0.006429
-0.001151,0.014360,-0.012814
-0.003081,0.011212,-0.018147
-0.001135,0.016548,-0.018079
-0.000147,0.022914,-0.014903
-0.002075,0.029285,-0.011664
-0.007895,0.022798,-0.003225
-0.009827,0.009951,0.000921
-0.006908,-0.006087,0.003971
-0.003977,-0.011476,0.009251
0.005776,-0.008190,0.000777
0.002848,0.000295,0.006142
-0.003974,0.009965,-0.000112
-0.004952,0.018513,-0.001078
-0.001064,0.023838,0.000023
-0.005935,0.031358,-0.005259
-0.003024,0.044150,-0.004120
-0.005959,0.046337,-0.009442
-0.007933,0.035665,-0.009542
-0.005971,0.027019,0.000973
-0.007916,0.017361,0.006180
-0.006945,0.008757,0.012487
-0.005992,0.000104,0.024097
-0.002126,-0.004207,0.028311
-0.004073,-0.008452,0.026186
-0.005057,-0.019160,0.030385
-0.002148,-0.022306,0.025080
0.002716,-0.018002,0.021968
0.004665,-0.008280,0.010388
-0.000222,0.003435,0.012585
-0.006087,0.017297,0.013760
-0.006091,0.026909,0.012770
0.002691,0.036543,0.009643
0.004652,0.045092,0.008606
0.001729,0.046133,0.010682
-0.005099,0.037583,0.011655
-0.003152,0.019420,0.013612
-0.001202,0.006634,0.011364
-0.000225,0.003402,0.014533
-0.002162,0.009840,0.011441
-0.001188,0.021600,0.009428
0.004635,0.031189,0.010560
0.004625,0.039694,0.013811
0.001683,0.038608,0.015915
0.000709,0.027926,0.016883
0.001692,0.018332,0.015774
0.004632,0.009881,0.007211
0.007542,0.010953,0.007240
0.004623,0.017387,0.004113
0.003611,0.022720,0.004168
0.006506,0.029110,0.005250
0.008454,0.028055,0.004144
0.008447,0.021681,0.000863
0.009418,0.017399,0.001881
0.010403,0.008851,0.002860
0.009421,-0.002897,0.003797
0.013326,-0.011424,0.002662
0.010416,-0.022056,-0.001689
0.011385,-0.029547,0.000375
0.012371,-0.031662,-0.001772
0.010427,-0.024139,-0.007019
0.009443,-0.009174,-0.008990
0.008471,0.009011,-0.013069
0.008459,0.020778,-0.016163
0.005546,0.021847,-0.016140
0.002634,0.007973,-0.016260
0.000700,-0.001672,-0.012073
-0.001233,-0.011273,-0.012179
-0.002203,-0.013428,-0.010076
-0.005125,-0.013476,-0.005844
-0.009041,-0.012454,-0.001625
-0.009068,-0.003948,0.001618
-0.010990,-0.007193,0.005820
-0.012929,-0.012579,0.011099
-0.008047,-0.021168,0.016350
-0.007089,-0.026583,0.024846
-0.010024,-0.034138,0.033269
-0.007117,-0.032013,0.034419
-0.005170,-0.028829,0.036617
-0.003223,-0.028859,0.039850
0.003575,-0.021384,0.039977
0.003548,0.002133,0.037075
-0.001336,0.030961,0.036328
-0.004254,0.058828,0.024961
-0.001345,0.079180,0.017739
-0.003272,0.085669,0.009321
-0.005212,0.080353,0.007131
-0.007154,0.074998,0.009178
-0.008145,0.064364,0.004771
-0.008172,0.058967,0.009961
-0.009178,0.050339,0.018292
-0.008219,0.050302,0.021398
-0.006270,0.047054,0.025559
-0.005300,0.037446,0.025434
-0.003368,0.016048,0.030531
0.003419,-0.007438,0.031394
0.006322,-0.022368,0.030188
0.010188,-0.024456,0.025939
0.013098,-0.013676,0.015443
0.015031,0.006703,0.005018
0.012110,0.027085,-0.005415
0.012103,0.036752,-0.011704
0.008189,0.041020,-0.011681
0.007220,0.039976,-0.013841
0.006237,0.038930,-0.015979
0.005241,0.036771,-0.013903
0.004245,0.034603,-0.010760
0.005218,0.023878,-0.005548
0.001323,0.014189,0.002870
-0.000604,0.001328,0.008079
-0.002543,-0.005041,0.004867
0.002340,-0.001825,0.003854
-0.001568,0.005657,0.002886
-0.000624,0.018466,0.003026
-0.001590,0.027047,-0.001130
0.000357,0.032382,-0.001069
-0.003525,0.032404,-0.003184
-0.004494,0.029183,-0.001091
-0.006455,0.021680,0.002020
-0.004510,0.010935,0.009354
-0.001586,-0.004036,0.012413
-0.000610,-0.012523,0.007028
0.000353,-0.012586,0.013401
-0.000641,-0.006185,0.013436
-0.002617,0.007698,0.012489
-0.000688,0.016279,0.008297
-0.001661,0.028049,0.005203
0.000265,0.030213,0.002032
0.004158,0.029123,0.004131
0.004146,0.024854,0.004080
0.004137,0.010961,0.006088
0.002193,-0.000821,0.010222
0.002193,-0.008268,0.008056
0.001233,-0.008289,0.010192
0.000272,-0.000755,0.003891
0.000254,0.008818,0.007129
0.000247,0.015176,0.011409
0.002192,0.010918,0.010325
0.005132,0.004534,0.008105
0.008073,-0.002973,0.011189
0.005140,-0.011543,0.014291
0.000257,-0.022181,0.011007
0.003175,-0.028553,0.007747
0.009970,-0.022142,0.006707
0.011911,-0.011417,0.001495
0.008038,0.002501,-0.002607
0.005138,0.013261,-0.010961
0.000269,0.022936,-0.018281
0.004141,0.035773,-0.021352
0.007034,0.041123,-0.022375
0.005075,0.041080,-0.018131
0.000203,0.026099,-0.014010
0.002172,0.001478,-0.006819
0.005107,-0.013438,-0.009065
0.009007,-0.016618,-0.011215
0.006084,-0.007048,-0.007954
0.004119,0.003645,-0.009969
0.004124,0.008999,-0.012029
0.004143,0.011176,-0.016261
0.003204,0.012313,-0.022613
0.000281,0.002741,-0.025873
0.002228,-0.002618,-0.023811
0.003200,-0.006930,-0.019604
0.001257,-0.003737,-0.018523
0.000307,-0.000471,-0.024854
-0.001621,0.005903,-0.022702
-0.000651,0.002668,-0.019568
0.000317,-0.005890,-0.017535
-0.002588,-0.015537,-0.013375
-0.004531,-0.016602,-0.013378
-0.007434,-0.015544,-0.012287
-0.004510,-0.006992,-0.013274
-0.004504,0.001598,-0.018498
-0.006436,0.001585,-0.017421
-0.004493,0.000445,-0.009976
-0.003528,-0.004943,-0.004739
-0.002547,-0.004942,-0.004732
-0.002545,-0.002818,-0.003646
-0.006451,0.003532,0.001722
-0.006438,0.004607,0.000664
-0.003525,0.003532,0.001743
-0.002550,0.001391,0.002799
-0.001559,0.000358,-0.000366
-0.001573,-0.002887,0.003857
-0.002552,-0.001862,0.008118
-0.003530,-0.002928,0.008115
-0.004509,-0.000825,0.011324
-0.004513,-0.000802,0.009208
0.000352,-0.001846,0.007098
-0.000612,0.003490,0.007158
-0.002555,0.008815,0.008266
-0.007429,0.009925,0.004038
-0.007450,0.013086,0.008331
-0.004544,0.016251,0.011529
-0.001624,0.020508,0.012627
-0.002613,0.021553,0.014759
-0.001650,0.023667,0.016914
-0.003605,0.023626,0.021129
-0.001668,0.022593,0.017964
-0.001698,0.011909,0.018925
-0.000716,0.003383,0.017790
0.001244,0.003352,0.021001
0.001222,0.005528,0.016769
0.002190,0.009829,0.013616
0.002181,0.015175,0.012594
0.001196,0.007674,0.015719
0.002162,0.008741,0.015721
0.001192,0.006605,0.015682
0.001167,0.009806,0.015696
0.000180,0.016262,0.010404
-0.001772,0.017273,0.015684
0.002122,0.016206,0.015681
0.002110,0.016236,0.012470
0.001141,0.005618,0.007073
0.006003,0.007794,0.002847
0.003071,0.002497,-0.001471
0.004016,0.004598,0.001710
0.003040,-0.001732,-0.005772
0.005973,0.002526,-0.004667
0.002099,0.011151,-0.013067
0.001104,0.023902,-0.007671
-0.000843,0.031377,-0.007586
0.002062,0.027118,-0.008691
0.001078,0.019581,-0.002375
0.000113,0.012046,0.003905
-0.000869,0.014225,-0.000293
0.000084,0.028054,0.004066
0.004920,0.039814,0.002046
0.006855,0.047273,0.003172
0.005875,0.048364,0.001087
0.002959,0.033415,0.002039
0.003941,0.018499,-0.000208
0.001984,-0.000689,-0.002511
0.003941,-0.008150,-0.003651
0.001980,-0.011353,-0.003693
0.002947,-0.003913,-0.000438
0.003911,0.007855,-0.003553
0.004917,0.016447,-0.008770
0.004929,0.015401,-0.010901
0.006865,0.011117,-0.009904
0.006850,0.002558,-0.007871
0.005877,-0.010259,-0.006943
0.004908,-0.013416,-0.011194
0.007846,-0.007017,-0.011158
0.008832,0.001626,-0.021701
0.007864,0.011295,-0.028012
0.004954,0.017687,-0.026902
0.005920,0.016659,-0.031175
0.003989,0.008089,-0.028073
-0.000883,-0.006851,-0.028225
-0.002822,-0.018663,-0.020887
-0.000871,-0.015504,-0.016622
0.001093,-0.006956,-0.017615
0.002063,-0.002719,-0.014388
-0.002798,-0.002718,-0.014374
-0.008634,-0.015544,-0.012336
-0.006670,-0.017675,-0.012313
-0.003744,-0.016595,-0.013352
-0.007625,-0.014524,-0.006960
-0.006641,-0.004898,-0.008970
-0.004700,0.005783,-0.009952
-0.004701,0.019619,-0.006660
-0.006661,0.029211,-0.005529
-0.008606,0.021733,-0.004534
-0.005682,0.014243,-0.002463
-0.003732,0.003576,-0.002579
-0.000802,-0.000705,-0.001576
-0.004693,0.003560,-0.001538
-0.008616,0.009953,-0.000400
-0.005706,0.015317,-0.003556
-0.003757,0.018497,-0.001413
-0.001825,0.007792,0.001663
-0.001811,-0.003966,0.003710
-0.000832,-0.013566,0.003646
0.000147,-0.010405,0.007946
0.001107,-0.001813,0.002736
0.000129,0.005678,0.000672
-0.002790,0.014164,0.006072
-0.001835,0.014165,0.006093
-0.002819,0.013087,0.007145
-0.001849,0.008828,0.006040
-0.001838,0.000314,0.003843
-0.002801,-0.003975,0.005934
0.001092,-0.010402,0.008001
0.000119,-0.013582,0.005851
0.000103,-0.001915,0.013380
0.001091,0.007730,0.009206
0.002062,0.007773,0.004969
0.000122,-0.002856,0.000625
0.003022,-0.007126,0.000581
0.003987,-0.007085,-0.003677
0.004967,-0.003894,-0.002581
0.005960,0.006830,-0.007799
0.004982,0.019656,-0.009830
0.004977,0.029261,-0.009726
-0.000875,0.024961,-0.006587
-0.000881,0.015325,-0.003481
0.001084,0.006736,0.001749
0.004988,0.000343,0.000625
0.004973,-0.000750,0.002718
0.003996,0.002439,0.003793
0.004971,-0.001823,0.003761
0.005949,-0.007118,-0.000550
0.005955,-0.015648,-0.001692
0.004987,-0.017740,-0.005968
0.005013,-0.025170,-0.010291
0.002083,-0.026216,-0.012422
0.006003,-0.020860,-0.014525
0.004062,-0.016635,-0.010258
0.005032,-0.008120,-0.008068
0.001145,0.000428,-0.009048
-0.000791,0.003612,-0.006892
0.001161,0.007840,-0.002590
0.002105,0.003568,-0.002619
0.005020,-0.000709,-0.001575
0.006973,0.005749,-0.006804
0.006971,0.013241,-0.008853
0.003079,0.018655,-0.016200
0.003078,0.014428,-0.020502
-0.000809,0.008065,-0.024808
-0.002740,0.001640,-0.022748
-0.005661,-0.000509,-0.021733
-0.004677,0.000514,-0.017501
-0.001758,0.005821,-0.014293
-0.003725,0.016459,-0.011024
-0.007620,0.016436,-0.008894
-0.010536,0.006823,-0.007896
-0.006627,-0.003878,-0.004779
-0.007616,-0.006043,-0.001601
-0.008591,-0.002869,0.001658
-0.009569,0.004591,0.002798
-0.007636,0.015253,0.003974
-0.008607,0.025903,0.006189
-0.009598,0.031230,0.007289
-0.006669,0.028008,0.009397
-0.003769,0.023723,0.010394
-0.003768,0.018366,0.012476
-0.007684,0.009841,0.011341
-0.006715,0.011974,0.011345
-0.003794,0.008763,0.012371
-0.002825,0.009851,0.010244
-0.003810,0.011943,0.014528
-0.003838,0.012979,0.017734
-0.000920,0.015103,0.018814
-0.001910,0.011914,0.017738
-0.000946,0.010825,0.019880
0.000003,0.010805,0.022023
-0.000972,0.011885,0.020970
-0.000986,0.012899,0.026285
-0.000023,0.006530,0.023059
0.002896,0.005486,0.020948
0.000917,0.004385,0.024123
-0.000057,0.006476,0.028379
-0.000054,0.002229,0.026212
0.001889,-0.002020,0.024032
0.007741,-0.004142,0.022959
0.005765,-0.004153,0.024020
0.005757,-0.002018,0.024031
0.003810,0.004441,0.018810
0.002825,0.009827,0.013567
0.007698,0.012016,0.008294
0.008667,0.012049,0.005096
0.007684,0.006723,0.003982
0.005713,0.003538,0.001805
0.007665,0.000389,-0.003549
0.003777,-0.000679,-0.003607
-0.000111,-0.001694,-0.008936
0.003801,-0.002689,-0.016385
0.003806,0.008021,-0.020578
0.003791,0.022948,-0.019392
0.004763,0.033661,-0.023557
0.002804,0.029337,-0.018310
0.005728,0.016508,-0.016328
-0.000128,-0.004885,-0.011217
-0.003049,-0.018830,-0.003884
-0.003040,-0.018837,-0.002788
-0.003033,-0.006019,-0.003710
-0.003031,0.012224,-0.013052
-0.001098,0.026121,-0.015012
-0.004021,0.032498,-0.012839
-0.006946,0.025005,-0.010810
-0.006953,0.018559,-0.006629
-0.004029,0.008900,-0.001429
-0.005009,0.005674,0.000645
-0.004998,0.011008,0.000671
-0.002074,0.012116,-0.002478
-0.002077,0.006769,-0.001477
-0.002093,-0.001783,-0.000510
-0.002104,-0.012486,0.002586
0.003746,-0.011409,0.001556
0.004725,-0.004985,-0.000510
0.005685,0.009987,-0.003548
0.004718,0.022838,-0.007646
0.003716,0.033521,-0.008621
0.001764,0.041011,-0.010685
0.002724,0.043153,-0.011747
0.003668,0.043131,-0.009639
0.002691,0.032427,-0.006556
0.003641,0.020658,-0.003469
0.001699,-0.001826,0.003769
0.001702,-0.010373,0.004770
0.005598,-0.015717,0.005819
0.004661,-0.021030,0.003664
0.002717,-0.015657,0.000547
0.003700,-0.001751,-0.002487
0.004659,0.015364,-0.006595
0.005613,0.028177,-0.007586
0.003679,0.030328,-0.009702
0.000769,0.024990,-0.009776
0.003694,0.015432,-0.014098
0.004672,0.005837,-0.015264
0.001748,-0.005892,-0.016448
-0.003124,-0.010182,-0.014364
-0.004089,-0.012339,-0.012281
-0.000203,-0.010205,-0.012276
-0.000194,-0.005948,-0.011185
-0.001166,-0.000633,-0.009010
-0.001163,0.001503,-0.008984
0.000774,0.010040,-0.008903
0.000786,0.014316,-0.009932
-0.001187,0.012161,-0.007815
-0.002164,-0.001725,-0.006874
-0.000204,-0.011307,-0.009066
0.003711,-0.009179,-0.007988
0.000802,0.000392,-0.004742
-0.003102,0.005749,-0.006789
-0.003119,0.009997,-0.004623
-0.000193,0.011052,-0.003559
-0.000180,0.010046,-0.009969
-0.003093,-0.000655,-0.006866
-0.003087,-0.012413,-0.004826
-0.003079,-0.016705,-0.002740
-0.005039,-0.014614,0.001508
-0.004043,-0.007134,0.000513
-0.000135,0.001436,-0.002589
0.001820,-0.000677,-0.004751
-0.000163,0.003571,-0.002585
-0.002135,0.011033,-0.001460
-0.002139,0.011075,-0.005711
-0.000173,0.005736,-0.005742
-0.002109,0.000444,-0.010025
-0.004043,-0.000663,-0.005792
-0.003080,0.004650,-0.003637
-0.004076,0.013175,-0.002501
-0.007011,0.014211,0.000712
-0.005066,0.008815,0.007045
-0.004095,0.002392,0.009125
-0.001169,-0.001907,0.012299
-0.002149,-0.005130,0.014393
-0.001175,-0.005119,0.013353
-0.000185,-0.002951,0.010216
-0.000187,-0.001901,0.012353
0.000786,0.004521,0.010260
0.001757,0.009843,0.011354
0.000771,0.013054,0.010307
-0.000199,0.007706,0.011287
-0.000205,-0.001877,0.009081
-0.002158,-0.012559,0.010041
0.000790,-0.013667,0.014304
0.002730,-0.010437,0.011136
0.001755,-0.009370,0.011138
0.000762,-0.005128,0.014356
0.002695,-0.005162,0.017512
0.003654,-0.007249,0.012190
0.002677,-0.010459,0.013244
0.004645,-0.008295,0.010095
0.005621,-0.005028,0.003777
0.006597,0.004626,-0.000364
0.004621,0.017387,0.003978
0.003633,0.022755,0.000863
0.003623,0.017419,0.000809
0.003616,0.008861,0.002864
0.003645,-0.001822,0.003811
0.004623,-0.011413,0.002665
0.005590,-0.013589,0.006904
0.004619,-0.010397,0.008000
0.003647,-0.013545,0.002674
0.005606,-0.009257,0.000604
0.005611,-0.009245,-0.000436
0.004638,-0.003943,0.002801
0.002701,0.001455,-0.003539
0.001724,0.003595,-0.003530
0.002700,0.001462,-0.003541
0.003677,0.003624,-0.006704
0.001740,0.003632,-0.007800
-0.000212,0.000454,-0.009951
-0.002146,-0.001713,-0.006793
-0.004095,-0.005961,-0.008966
-0.004088,-0.008107,-0.007938
-0.003103,-0.009169,-0.009013
-0.002118,-0.012404,-0.005872
-0.004062,-0.014537,-0.005912
-0.004069,-0.015635,-0.002732
-0.004076,-0.012454,-0.000582
-0.003110,-0.012465,0.000465
-0.006021,-0.011431,0.003671
-0.006978,-0.011451,0.005807
-0.005023,-0.010391,0.006891
-0.004058,-0.011436,0.004773
-0.003079,-0.011481,0.009025
-0.004053,-0.009345,0.009072
-0.003078,-0.003996,0.008056
-0.000151,0.002417,0.007051
0.001783,0.001362,0.005966
0.000803,-0.009354,0.010096
-0.001133,-0.009388,0.013273
0.003750,-0.014723,0.013233
0.001812,-0.004022,0.010130
0.002771,-0.005082,0.009011
0.002788,-0.013607,0.007897
0.004729,-0.015774,0.011054
0.004717,-0.012551,0.008946
0.003728,-0.011463,0.006826
0.003748,-0.010338,0.001557
0.007658,-0.006016,-0.003703
0.006685,-0.001698,-0.008977
0.006690,-0.001645,-0.014282
0.001827,0.001547,-0.013186
0.000838,0.005784,-0.009966
0.002791,0.010059,-0.011010
0.004741,0.014338,-0.012040
-0.000144,0.006816,-0.006808
-0.002083,0.005718,-0.003621
-0.001106,-0.001782,-0.000511
0.000849,-0.003862,-0.005820
-0.000124,-0.004931,-0.005829
-0.003034,-0.007097,-0.002672
-0.003028,-0.010277,-0.004815
-0.004974,-0.010288,-0.003761
-0.003017,0.002522,-0.004736
-0.004010,0.008901,-0.002593
-0.005967,0.006718,0.002699
-0.010822,-0.001850,0.005814
-0.009832,-0.007206,0.007918
-0.004962,-0.012542,0.007864
-0.001070,-0.009398,0.013156
-0.003042,-0.001970,0.017472
-0.006971,0.004432,0.017542
-0.006950,0.008710,0.016512
-0.002077,0.011977,0.010173
0.002797,0.008785,0.009063
0.000836,0.006692,0.004794
-0.001121,0.000302,0.003705
-0.001122,-0.001830,0.003700
-0.000164,0.001340,0.006911
-0.000168,0.009895,0.004828
0.000799,0.016298,0.004877
0.001750,0.017396,0.001718
0.003693,0.014153,0.005948
0.003683,0.015194,0.009146
0.002697,0.016303,0.004904
-0.002180,0.008801,0.008022
-0.002185,0.003478,0.006935
-0.003152,0.001331,0.008006
-0.000258,0.005589,0.009098
-0.001242,0.006634,0.011236
-0.002210,0.006646,0.010189
-0.003178,0.002383,0.010164
-0.001246,0.002340,0.014408
-0.002211,-0.002974,0.012254
-0.001253,-0.005108,0.012249
0.000698,-0.002987,0.013344
-0.000283,0.002307,0.017641
-0.001266,0.004506,0.011308
-0.000295,0.000238,0.011277
-0.000282,-0.007259,0.014401
0.004584,-0.008273,0.009086
0.001653,-0.000838,0.012329
0.004559,0.010888,0.013471
0.000657,0.008802,0.009228
-0.000326,-0.002946,0.010193
0.001627,-0.010483,0.016495
0.000664,-0.012638,0.018598
0.001639,-0.010463,0.014381
-0.001293,-0.008359,0.017617
-0.002289,-0.005143,0.016604
-0.000341,0.000215,0.014536
0.002581,0.006639,0.012469
0.006492,0.010896,0.013554
0.006464,0.013027,0.014666
0.000607,0.007627,0.020979
-0.003296,0.002266,0.023077
-0.001335,-0.001950,0.017721
0.008411,-0.005076,0.010251
0.013262,0.000299,0.006012
0.006419,0.009873,0.008164
-0.001403,0.013083,0.007104
0.001518,0.016348,0.000745
0.003466,0.006774,-0.002550
0.002524,-0.010269,-0.005918
-0.001357,-0.023086,-0.004975
-0.002335,-0.025209,-0.006041
-0.001359,-0.017739,-0.005976
-0.004281,-0.007087,-0.003740
-0.006231,0.004642,-0.002555
-0.006235,0.014187,0.003893
0.001550,0.022681,0.008204
0.001532,0.029055,0.010371
-0.003355,0.024768,0.012504
-0.008239,0.011945,0.014534
-0.010171,0.001317,0.010197
-0.003354,0.001349,0.006992
0.003464,0.006758,-0.000402
0.003459,0.019570,-0.001371
-0.003375,0.034551,-0.005498
-0.009222,0.040919,-0.002279
-0.002436,0.039869,-0.004459
0.005360,0.030264,-0.004578
0.005364,0.013114,0.002679
-0.002441,0.005590,0.007898
-0.006336,-0.002945,0.007851
0.002403,0.004513,0.008971
0.005295,0.009911,0.002637
0.004296,0.009923,0.001597
0.001394,0.002487,-0.001623
0.007253,-0.001755,-0.003763
0.007253,0.003572,-0.002635
0.004287,0.014184,0.002765
0.001332,0.015243,0.003863
0.003261,0.004565,0.004851
-0.003528,-0.012520,0.005763
-0.002527,-0.024234,0.003537
0.003331,-0.031713,0.004554
0.007222,-0.026303,-0.002798
0.009170,-0.010326,0.000539
0.003326,0.009957,-0.000366
-0.002511,0.027019,0.000838
-0.001552,0.036603,0.003036
-0.002529,0.021686,0.000797
0.002326,0.020575,0.005047
-0.003515,0.014129,0.009228
-0.001571,0.013117,0.003927
-0.005470,0.012040,0.004986
-0.001587,0.012046,0.004998
-0.002587,0.014157,0.007125
-0.001618,0.006716,0.003864
0.000348,0.001383,0.003859
-0.001609,0.002442,0.004921
-0.002609,0.013060,0.010319
-0.002608,0.022690,0.007194
-0.001662,0.021623,0.007177
-0.002653,0.013066,0.009224
-0.001685,0.000217,0.013342
-0.001675,-0.006240,0.018599
0.000257,-0.000883,0.016531
0.002183,0.011968,0.012433
-0.001737,0.018381,0.011428
0.001176,0.023736,0.009375
0.000201,0.015210,0.008246
0.001168,0.006667,0.009238
0.003114,-0.000846,0.013417
0.001171,-0.006225,0.017586
0.001165,0.002353,0.013396
-0.001774,0.007696,0.012361
-0.002745,0.006576,0.017664
0.000142,0.003355,0.019772
0.001123,-0.001968,0.018685
0.005021,-0.001978,0.019753
0.002099,-0.001949,0.016542
-0.001830,0.001257,0.016597
0.001057,0.011970,0.012439
0.002020,0.018416,0.008265
0.006875,0.019547,0.001916
0.007870,0.021703,-0.000202
0.002993,0.018534,-0.003406
0.000068,0.021678,0.001921
-0.000938,0.022736,0.003013
-0.001930,0.026997,0.004067
0.000009,0.017381,0.005037
-0.001940,0.009865,0.009210
-0.003899,-0.001927,0.014413
-0.003903,-0.010498,0.017543
-0.001969,-0.004096,0.017592
-0.006845,0.002299,0.018709
-0.005865,0.009780,0.017727
-0.003941,0.010870,0.015635
-0.001026,0.009760,0.019870
0.001873,0.010851,0.017763
-0.002995,0.008706,0.018806
-0.004946,0.005524,0.016656
-0.003997,0.007670,0.015635
-0.003034,0.013007,0.015674
0.000824,0.021522,0.017856
0.000814,0.031104,0.020034
0.000801,0.031112,0.018946
0.000762,0.018317,0.017780
0.000746,0.000092,0.026130
-0.002194,-0.009547,0.029224
-0.000250,-0.010593,0.027099
0.000735,-0.008416,0.022867
0.001706,-0.005151,0.016536
0.003620,0.004467,0.015586
0.001654,0.009790,0.016680
0.004569,0.015182,0.011414
0.004552,0.018372,0.012489
0.002598,0.015170,0.012461
0.002582,0.014072,0.015648
-0.001340,0.008711,0.017718
-0.003276,0.004421,0.019810
0.000605,-0.000857,0.014464
0.004489,0.000222,0.013426
0.002543,0.005535,0.015595
0.000576,0.015173,0.012517
0.002512,0.020503,0.013622
0.001516,0.022680,0.009397
0.000522,0.019452,0.011493
-0.001451,0.019442,0.012561
-0.001452,0.015162,0.013557
-0.003390,0.013049,0.011416
-0.000490,0.013028,0.013545
0.004347,0.015181,0.011414
0.002377,0.018372,0.012460
0.000408,0.015182,0.011385
-0.000566,0.009875,0.008164
0.001379,0.004539,0.008110
0.002349,0.008847,0.003883
0.001333,0.011001,0.001766
-0.001591,0.013086,0.007074
0.002287,0.010931,0.009192
0.004231,0.003459,0.009127
0.001311,-0.004011,0.009062
-0.002580,-0.014704,0.011098
-0.002575,-0.016826,0.010046
0.001319,-0.011491,0.010100
0.002295,-0.006167,0.011201
0.001331,0.000252,0.010201
-0.004534,0.002397,0.009166
-0.005516,-0.005095,0.011223
-0.002591,-0.002994,0.014411
0.001309,-0.000820,0.010179
0.009115,0.002393,0.009153
0.005216,0.004495,0.012319
0.000323,0.005553,0.013403
0.000283,0.004516,0.010197
0.004168,0.002412,0.006968
0.003204,0.002471,0.000589
0.005173,0.000413,-0.006843
0.004218,-0.000588,-0.013219
0.003250,-0.005933,-0.012191
0.001272,-0.000648,-0.006847
-0.001656,0.008954,-0.006791
-0.004574,0.007818,-0.000468
-0.001648,0.007831,-0.001501
0.000299,0.007790,0.002756
-0.000716,0.006681,0.006998
-0.002678,-0.000842,0.012252
-0.003626,-0.010413,0.009006
0.000283,-0.014682,0.008997
0.003232,-0.007171,0.004805
0.000301,0.003503,0.004904
-0.002652,0.015241,0.005000
-0.002664,0.018467,0.002897
-0.001700,0.019574,-0.001365
-0.002656,0.014215,0.000697
-0.001686,0.006743,0.000597
-0.003626,-0.001776,-0.001620
-0.004600,-0.006110,0.004695
-0.002678,-0.009377,0.010998
0.002190,-0.009356,0.008869
0.004129,-0.009343,0.007808
0.001218,-0.012522,0.005678
-0.001693,-0.011443,0.004648
0.001222,-0.001818,0.002603
0.000242,0.012118,-0.003628
-0.001734,0.020676,-0.005668
-0.002720,0.021746,-0.005631
0.000201,0.016379,-0.002495
0.000193,0.014212,0.000648
0.000182,0.009878,0.006963
-0.002742,0.004488,0.012236
-0.002767,-0.003023,0.016436
0.000156,-0.004103,0.017481
0.001141,-0.003033,0.017532
0.000170,0.004450,0.016543
0.001102,0.014086,0.013437
-0.000854,0.014066,0.015572
0.000106,0.011952,0.013425
0.002062,0.005561,0.012286
0.003029,0.002370,0.011190
0.002031,0.001313,0.010127
0.002023,0.003428,0.012289
0.002991,0.002380,0.010172
0.004937,0.002401,0.008050
0.004947,0.002393,0.009124
0.004926,0.000281,0.006998
0.002967,0.005628,0.005983
0.003936,0.007739,0.008110
0.004904,0.006702,0.004897
0.005875,-0.001835,0.004823
0.002949,-0.014637,0.004710
0.000043,-0.026417,0.008865
0.003963,-0.025290,0.002517
0.010781,-0.017822,0.002561
0.007845,-0.010343,0.001531
0.002970,-0.019989,0.005705
-0.003807,-0.034926,0.005616
-0.000874,-0.032809,0.007805
0.004984,-0.022081,0.002620
0.004991,-0.002841,-0.000402
0.001084,0.007818,0.000753
0.001077,0.008867,0.002919
0.002065,-0.000769,0.006011
0.002064,-0.007193,0.008077
-0.000850,-0.008250,0.007013
-0.001795,-0.005007,0.002783
0.000163,-0.003855,-0.005702
0.002094,-0.007047,-0.006805
0.003047,-0.002782,-0.006788
0.000124,-0.000647,-0.006755
-0.002771,-0.001710,-0.006773
-0.003714,0.003626,-0.006719
-0.002752,0.003591,-0.003556
-0.002771,0.009937,0.001770
-0.005708,0.007805,0.001772
-0.005715,0.006725,0.002796
-0.003768,0.001290,0.012292
-0.002781,-0.007257,0.013279
-0.003774,-0.019014,0.015290
-0.001837,-0.016921,0.019567
0.003026,-0.006229,0.017552
0.003018,0.003416,0.013371
0.002027,0.015157,0.013494
-0.000918,0.016278,0.008198
0.003936,0.015230,0.006068
0.003923,0.010942,0.008166
0.004890,0.007765,0.006008
0.005873,0.016336,0.002934
0.004914,0.024892,0.000888
0.003938,0.029170,-0.000150
0.004897,0.030268,-0.003373
-0.000963,0.022742,0.001832
-0.004864,0.007757,0.005918
-0.008760,-0.009361,0.010006
-0.006790,-0.016862,0.013124
-0.003857,-0.022190,0.011975
-0.005788,-0.023272,0.013021
-0.009687,-0.030785,0.017186
-0.013601,-0.037241,0.022442
-0.010680,-0.038349,0.026697
-0.007762,-0.038379,0.029865
-0.006783,-0.036276,0.033067
-0.003885,-0.033053,0.030980
-0.001981,-0.030960,0.035263
-0.001027,-0.025623,0.035324
-0.001057,-0.011751,0.035445
-0.002049,-0.007386,0.025961
0.001842,-0.000952,0.022827
0.001827,-0.002010,0.021758
-0.001115,-0.004134,0.020664
-0.001123,-0.012670,0.020617
0.001786,-0.018026,0.022700
0.000836,-0.020192,0.025857
0.001824,-0.014825,0.022713
-0.000123,-0.005207,0.021742
-0.003050,0.006542,0.020784
-0.004030,0.011877,0.020809
-0.005972,0.012945,0.020826
-0.004023,0.009728,0.021853
-0.000118,0.003358,0.018621
0.000846,0.001201,0.020725
0.000818,0.002288,0.018584
-0.001150,0.010849,0.016529
-0.001186,0.018307,0.017641
-0.000247,0.020469,0.014464
-0.000267,0.013022,0.012298
-0.001242,0.000220,0.012213
0.002642,-0.015794,0.013190
0.004580,-0.020102,0.017424
0.004545,-0.011595,0.020709
0.004518,-0.000929,0.021904
0.005461,0.012978,0.018884
0.004477,0.020493,0.014740
0.006405,0.033333,0.011697
0.008325,0.047194,0.012893
0.007311,0.048262,0.012910
0.001442,0.045022,0.017160
0.007296,0.035476,0.011840
0.010247,0.019472,0.011742
0.012201,0.014147,0.010634
0.012141,0.014145,0.010635
0.009165,0.015201,0.011692
0.009135,0.013080,0.010597
0.009137,0.010969,0.008477
0.010123,0.003593,-0.001151
0.013040,0.001575,-0.012848
0.012058,0.000561,-0.018169
0.008149,-0.002600,-0.022469
0.003284,-0.001503,-0.025670
-0.001560,-0.003588,-0.031042
-0.001553,-0.002551,-0.027865
-0.000576,0.006955,-0.018252
-0.003503,0.015425,-0.011825
-0.008361,0.016418,-0.004396
-0.009311,0.005706,-0.000196
-0.011231,-0.010332,0.002861
-0.009273,-0.013572,0.007083
-0.008291,-0.003904,0.000794
-0.007330,0.012153,-0.004370
-0.007367,0.027083,-0.003172
-0.011307,0.043076,-0.001984
-0.013256,0.046214,0.004424
-0.011289,0.041936,0.005468
-0.005412,0.032331,0.005378
-0.006383,0.032272,0.011764
-0.005452,0.029034,0.014870
-0.006494,0.032149,0.023379
-0.006548,0.032085,0.029739
-0.003676,0.039576,0.027682
0.002138,0.044952,0.023450
0.005011,0.037557,0.015943
0.005952,0.035485,0.009538
0.004948,0.024869,0.004117
0.004916,0.012075,0.002958
0.004895,0.001430,-0.000351
0.006832,0.000350,0.000673
0.009745,0.002492,-0.000397
0.005833,0.014231,-0.000295
0.008735,0.019586,-0.002355
0.008705,0.023865,-0.003386
0.007715,0.017454,-0.002389
0.005771,0.001426,-0.000407
0.002862,-0.013526,0.000524
0.004827,-0.025272,0.001524
0.005821,-0.030680,0.008939
0.006791,-0.021115,0.013309
0.008749,-0.010406,0.010238
0.010713,0.005612,0.009331
0.009741,0.015266,0.004090
0.009743,0.021711,-0.000105
0.012676,0.022851,-0.007515
0.012683,0.029379,-0.020226
0.010741,0.028350,-0.024549
0.011719,0.026274,-0.031003
0.011747,0.012481,-0.039667
0.007880,-0.000336,-0.038738
0.008894,-0.018450,-0.042142
0.007928,-0.022764,-0.037970
0.005984,-0.021700,-0.038003
0.003094,-0.024976,-0.030610
0.002139,-0.030326,-0.029616
0.005074,-0.029310,-0.024274
0.005090,-0.028283,-0.020022
0.003164,-0.025154,-0.012546
-0.004596,-0.024093,-0.011413
-0.005567,-0.016620,-0.011307
-0.006528,-0.009104,-0.015444
-0.005538,-0.002689,-0.016421
-0.004535,0.000514,-0.016358
-0.001593,0.000539,-0.018425
