-0.004538,-0.016439,0.007862
-0.006187,-0.021514,0.009862
-0.006827,-0.033849,0.001887
-0.002286,-0.042932,-0.000080
-0.000359,-0.040897,-0.004005
0.000729,-0.031801,0.000770
0.000681,-0.025531,0.006494
0.001397,-0.013041,0.008142
0.002932,-0.010683,0.008569
-0.001294,-0.005060,0.008861
-0.000988,-0.001211,0.009735
0.000250,-0.005958,0.011850
0.007610,-0.002105,0.012038
0.006063,-0.003156,0.013163
0.007438,-0.006153,0.019008
0.005389,-0.010174,0.019333
0.001014,-0.006605,0.014887
0.004191,-0.005415,0.012538
0.003776,-0.004940,0.010169
0.002581,-0.004546,0.012144
-0.000534,-0.011191,0.015872
-0.002534,-0.012398,0.015223
-0.002618,-0.009338,0.019810
0.000444,-0.008414,0.020050
0.001603,-0.013911,-0.034475
-0.003886,-0.016576,-0.381637
-0.009730,-0.015346,-0.439799
-0.003469,-0.004738,-0.083952
-0.000666,0.002379,0.035915
-0.001568,0.011721,0.031907
0.001768,0.012347,0.027027
0.003329,0.007261,0.019380
0.001926,0.001438,0.016264
0.000166,-0.007069,0.016518
-0.000799,-0.008424,0.019479
0.000943,-0.015817,0.022502
-0.001133,-0.021813,0.016899
0.001114,-0.022445,0.017504
0.001273,-0.023964,0.017491
0.002640,-0.015666,0.021485
-0.001524,-0.005704,0.029917
-0.005050,0.005669,0.027123
-0.006425,0.017061,0.030862
-0.004102,0.019082,0.026468
-0.002063,0.016078,0.026561
-0.004668,0.011427,0.026106
-0.009979,0.011305,0.029884
-0.014390,0.010700,0.029056
-0.015781,0.008058,0.023743
-0.011847,0.007295,0.021960
-0.011542,0.005656,0.018747
-0.012704,0.008168,0.016102
-0.013322,0.014671,0.014424
-0.014360,0.020215,0.012430
-0.014808,0.017232,0.007286
-0.012815,0.007914,-0.000561
-0.014467,-0.003718,-0.006199
-0.010569,-0.008191,-0.013363
-0.010507,-0.007437,-0.017131
-0.008683,-0.003622,-0.017540
-0.007207,0.002902,-0.017573
-0.006903,0.007017,-0.016126
-0.009273,0.006301,-0.014291
-0.006481,0.009707,-0.015277
-0.002565,0.012473,-0.011368
0.000139,0.013666,-0.013933
0.004016,0.011309,-0.013650
0.003169,0.010856,-0.011864
0.002801,0.009615,-0.014678
-0.000341,0.010519,-0.011935
-0.003059,0.015039,-0.005589
-0.003515,0.015536,-0.005059
0.001809,0.013769,-0.007973
0.005129,0.007496,-0.009086
0.005779,0.006402,-0.007384
0.004261,0.009923,-0.003063
0.001946,0.007910,-0.004452
0.005627,0.014224,-0.003208
0.002344,0.016327,-0.003101
0.003999,0.011913,-0.000460
0.002011,0.007808,-0.001410
0.003274,0.004441,-0.003977
0.008064,0.004223,-0.004143
0.010658,0.003735,0.000845
0.008858,0.006598,-0.000786
0.009807,0.005674,0.004941
0.010519,0.008270,0.008618
0.006796,0.010038,0.012429
0.004471,0.013409,0.013848
0.005568,0.016983,0.018611
0.008220,0.009832,0.020616
0.008988,0.014016,0.022786
0.003183,0.014478,0.029270
0.001749,0.019460,0.027443
0.002458,0.019583,0.026510
0.004655,0.021031,0.027190
0.004774,0.018847,0.024878
0.002480,0.014142,0.021519
0.001253,0.006104,0.021364
0.001392,0.006012,0.020118
-0.000241,0.002786,0.014274
0.001797,-0.006075,0.013163
0.002805,-0.005322,0.015556
0.001554,-0.007291,0.014938
0.000299,-0.008647,0.013115
-0.003990,-0.012833,0.016393
-0.001009,-0.018000,0.013357
0.002910,-0.016806,0.012120
0.002029,-0.014122,0.006709
0.001316,-0.011755,0.006574
-0.001129,-0.009637,0.006461
-0.003710,-0.012715,0.006910
-0.001005,-0.016688,0.007050
-0.001776,-0.018145,0.008985
0.000181,-0.016128,0.011579
-0.000453,-0.012077,0.010616
-0.000722,-0.009026,0.013819
0.000833,-0.011326,0.013690
0.001358,-0.010717,0.011971
-0.000387,-0.008197,0.016179
-0.002359,0.000215,0.016625
-0.006257,0.002128,0.015457
-0.003623,-0.000712,0.012381
-0.001410,-0.001862,0.009635
0.000500,-0.004196,0.014783
-0.001361,-0.002351,0.009892
-0.001209,-0.002041,0.011785
-0.002793,-0.004255,0.009504
-0.007530,-0.014980,0.009051
-0.001906,-0.023741,0.007112
0.000338,-0.017350,0.006997
-0.001549,-0.005921,0.004858
-0.001922,0.001446,0.011370
-0.002589,0.004129,0.014858
-0.002843,0.004519,0.011817
-0.002050,0.004048,0.013236
-0.004815,0.008122,0.014134
-0.004989,0.006016,0.009281
-0.003686,0.004208,0.008438
-0.006323,-0.000976,0.007337
-0.005994,-0.000829,0.003738
-0.003138,-0.003697,0.001849
-0.004475,-0.004116,-0.003854
-0.004293,-0.008049,-0.006841
-0.003730,-0.009360,-0.008154
-0.003717,-0.001974,-0.008401
-0.002820,-0.000045,-0.008235
-0.001034,0.003451,-0.005293
-0.001949,0.006058,-0.003070
-0.001791,0.003713,-0.001801
-0.003036,-0.000015,-0.002408
0.000028,-0.012951,-0.000328
0.006016,-0.017009,-0.004891
0.005810,-0.014754,-0.000776
0.006012,-0.004160,0.002798
-0.000101,0.009804,0.004780
-0.002053,0.020733,0.009624
-0.000707,0.022107,0.009750
0.000149,0.020675,0.011796
0.001589,0.012176,0.008384
0.002854,0.009658,0.005899
-0.001751,0.000800,0.006111
-0.001239,-0.003071,0.002111
-0.003174,-0.002186,0.000430
-0.002489,-0.003093,-0.004107
0.000199,-0.002194,-0.001993
0.000505,0.004089,-0.003006
-0.002008,0.001087,-0.001924
-0.000532,0.002701,0.000598
-0.001414,0.008070,0.001644
-0.004316,0.008086,0.002297
-0.002181,0.005835,0.002230
-0.003480,0.002572,0.000171
0.000370,0.005033,0.002502
0.001307,0.000018,-0.002314
0.003310,-0.004751,-0.006541
0.001985,-0.005519,-0.008198
-0.000385,-0.008094,-0.005106
-0.000963,-0.009253,-0.003058
0.002973,-0.014415,-0.002137
0.004428,-0.016648,-0.003934
0.008257,-0.014855,-0.001398
0.006525,-0.007811,-0.001658
0.004684,-0.002873,-0.000383
0.005216,-0.003656,-0.003254
0.005505,-0.006731,-0.002197
0.005124,-0.010102,-0.002385
0.002266,-0.013633,-0.001491
0.002044,-0.013767,-0.002083
0.001795,-0.016885,-0.004898
0.004538,-0.016271,-0.001857
0.004970,-0.017970,-0.003421
0.000923,-0.015876,-0.001296
0.002795,-0.015190,-0.004717
0.001362,-0.011162,-0.001647
0.000034,-0.009229,-0.001407
-0.001909,-0.004474,0.000099
-0.002029,-0.002586,0.004093
-0.001267,-0.007648,0.001418
-0.000526,-0.013798,0.000582
0.001104,-0.026194,-0.000594
0.005504,-0.027214,0.000136
0.002293,-0.017464,0.002251
0.000416,-0.004893,0.008311
-0.001132,0.012856,0.007903
-0.003754,0.012804,0.011951
-0.000765,0.004760,0.007080
0.001926,-0.009216,0.002445
0.008476,-0.017584,0.000740
0.007753,-0.014656,0.006392
0.005052,-0.015847,0.007413
0.003796,-0.008552,0.006801
0.001808,-0.007051,0.003381
0.005314,-0.007302,0.005543
0.006919,0.000070,0.015621
0.007182,0.006979,0.021581
0.008586,0.013305,0.023925
0.003794,0.017611,0.024555
0.006889,0.013187,0.024357
0.007117,0.006082,0.020529
0.005579,-0.004658,0.018551
0.003251,-0.011011,0.016750
0.003572,-0.023616,0.013272
0.000261,-0.021180,0.012601
-0.000765,-0.019510,0.009025
0.001492,-0.013351,0.009491
-0.000466,-0.012430,0.008534
-0.001546,-0.008346,0.009999
-0.004397,-0.006790,0.013828
-0.008164,-0.005856,0.016028
-0.007720,-0.007598,0.014720
-0.003789,-0.006980,0.012423
0.002243,-0.006003,0.013285
0.001115,-0.005102,0.010162
0.001022,-0.002352,0.011330
-0.001083,-0.004923,0.013231
0.000174,-0.012756,0.011353
0.002087,-0.019116,0.003903
0.000929,-0.029377,0.000628
0.001664,-0.035544,-0.004104
0.004028,-0.037259,-0.001433
0.005035,-0.035979,0.003908
0.006543,-0.027942,0.011615
0.002150,-0.019617,0.011037
0.001508,-0.009694,0.014265
0.002724,-0.005117,0.015376
-0.000511,-0.002572,0.016185
-0.001007,-0.006383,0.017151
0.000555,-0.008348,0.019583
-0.001339,-0.009554,0.015249
-0.000234,-0.015516,0.012845
0.000261,-0.013615,0.009822
-0.003283,-0.008247,0.007823
-0.006295,-0.000581,0.009507
-0.011782,0.001919,0.012502
-0.014769,0.004252,0.015722
-0.011904,0.004267,0.008719
-0.011728,0.002429,0.010079
-0.011190,0.002970,0.003315
-0.009024,0.007043,0.009621
-0.011382,0.019993,0.008763
-0.009546,0.026332,0.006625
-0.010948,0.031841,0.005884
-0.010953,0.027348,0.001301
-0.006105,0.018260,-0.002439
-0.004325,0.005169,-0.003896
-0.005078,0.001759,-0.006950
-0.004778,0.004353,-0.010733
-0.005950,0.006405,-0.008748
-0.004006,0.008927,-0.010592
-0.002854,0.016286,-0.009244
-0.001007,0.022984,-0.011399
0.000768,0.019868,-0.015856
0.000345,0.015798,-0.015806
0.000530,0.009733,-0.015516
0.001891,0.006197,-0.015853
0.003730,-0.001071,-0.015203
0.006636,0.004042,-0.011213
0.008903,0.007810,-0.007073
0.010878,0.009664,-0.006064
0.007535,0.013928,0.002694
0.009998,0.017344,0.003605
0.011046,0.018017,0.005368
0.007798,0.018947,0.010989
0.011019,0.018000,0.012025
0.011160,0.016138,0.016001
0.009847,0.018094,0.020444
0.009665,0.023368,0.023374
0.009800,0.024531,0.023954
0.009717,0.024562,0.021973
0.013272,0.020136,0.021750
0.009695,0.014666,0.025032
0.009596,0.016746,0.029337
0.007146,0.016323,0.028552
0.009165,0.016829,0.029866
0.007052,0.002427,0.025507
0.007809,-0.008350,0.021924
0.007420,-0.018858,0.019889
0.005812,-0.018868,0.018738
0.000474,-0.023000,0.018526
-0.003689,-0.016752,0.020749
-0.002730,-0.017554,0.022955
-0.000828,-0.015955,0.018807
-0.004779,-0.011726,0.019969
-0.004953,-0.007166,0.015695
-0.004134,-0.006382,0.014031
-0.008156,-0.007824,0.017946
-0.010309,-0.011027,0.017293
-0.013182,-0.008677,0.015681
-0.013871,-0.008062,0.016793
-0.011270,0.000903,0.015810
-0.011111,0.002815,0.016311
-0.010817,0.005406,0.017477
-0.010029,0.006151,0.010526
-0.011305,0.003635,0.005526
-0.010002,0.003759,0.002720
-0.008023,0.000235,-0.005912
-0.008654,-0.007292,-0.013534
-0.010208,-0.010884,-0.013581
-0.007784,-0.009413,-0.016395
-0.006544,-0.005290,-0.012759
-0.006677,-0.000760,-0.008960
-0.002847,-0.003311,-0.011266
-0.000755,-0.005466,-0.012706
-0.001654,-0.000839,-0.013676
-0.000026,0.000239,-0.017739
-0.000479,0.006544,-0.015450
-0.004898,0.007130,-0.010428
-0.004075,0.006327,-0.009141
-0.002931,0.008796,-0.006487
-0.000807,0.007707,-0.007649
-0.000554,0.014975,-0.009736
0.001310,0.021453,-0.008455
0.002167,0.019027,-0.011613
0.002110,0.012652,-0.008495
0.003917,0.006749,-0.009656
0.004112,0.002308,-0.008608
0.003820,0.001597,-0.011138
0.005211,-0.002300,-0.012763
0.007324,-0.003471,-0.013693
0.006947,-0.000385,-0.006467
0.006044,0.001547,-0.001509
0.005526,0.007428,-0.000357
0.003286,0.012169,0.003881
0.004742,0.012898,0.000282
0.006451,0.001759,-0.002619
0.007898,-0.002636,-0.001138
0.007071,-0.007050,-0.002087
0.004010,-0.008623,-0.002502
0.003156,-0.010896,-0.001574
0.001563,-0.006289,0.004250
0.000688,-0.003522,0.002560
0.001033,0.002392,0.004858
0.001081,0.010903,0.005381
-0.000181,0.011374,0.006122
0.001705,0.005957,0.004685
0.001589,-0.003616,-0.001830
-0.001537,-0.009362,0.002841
-0.001742,-0.007139,0.002198
-0.007655,-0.001538,0.004160
-0.004345,0.008898,0.006393
-0.001894,0.013734,0.008401
0.000735,0.014527,0.005613
0.001880,0.010251,0.002781
-0.001789,0.001104,0.003804
-0.001878,-0.003722,0.000011
-0.002427,-0.005913,0.000742
-0.001241,-0.011813,-0.006556
0.000753,-0.010722,-0.007252
0.001093,-0.013836,-0.006281
0.001682,-0.012139,-0.003243
-0.000080,-0.008974,-0.005046
0.002350,-0.003935,-0.005118
0.000636,-0.005031,-0.003134
-0.000550,-0.009219,-0.005023
0.002965,-0.009194,-0.007262
0.001008,-0.004500,-0.004530
0.002109,-0.004170,-0.008315
0.000692,-0.008047,-0.005995
-0.002544,-0.011820,-0.006164
-0.001016,-0.014621,-0.003948
0.002972,-0.015391,-0.002785
-0.000153,-0.004856,-0.006459
-0.001214,-0.002034,-0.002445
0.000707,0.000927,-0.005646
0.000152,-0.002375,0.000544
-0.002955,-0.006860,0.001042
0.001037,-0.009867,0.002548
0.000585,-0.009244,0.007149
0.000781,-0.003873,0.003620
0.001200,0.002979,0.006762
-0.001321,0.010284,0.002013
-0.001116,0.013056,0.001142
-0.002949,0.013383,0.001385
-0.004409,0.008353,0.000181
-0.006804,-0.003360,-0.007052
-0.006772,-0.014362,-0.010483
-0.000961,-0.021894,-0.010961
-0.000138,-0.020164,-0.013638
-0.000506,-0.014159,-0.009981
-0.002967,-0.001484,-0.012642
-0.006593,0.009863,-0.009207
-0.009318,0.015774,-0.002759
-0.003796,0.013682,-0.005783
-0.004467,0.010609,-0.008234
-0.000459,0.005351,-0.009171
0.001274,-0.000293,-0.013021
0.003738,-0.010752,-0.014352
0.003354,-0.016169,-0.014190
0.000888,-0.010870,-0.013503
0.000100,0.004098,-0.007947
0.000040,0.008759,-0.004395
0.005316,0.009222,-0.003808
0.010059,0.003746,-0.004171
0.011721,-0.000550,0.000493
0.010727,0.000781,0.005570
0.004984,-0.001904,0.008048
0.003084,0.001587,0.011248
0.002121,0.002533,0.007783
0.004718,-0.000036,0.004606
0.007302,-0.006602,0.001207
0.009550,-0.012707,-0.000085
0.005505,-0.021446,-0.002644
0.002883,-0.021568,-0.001917
-0.001122,-0.019507,0.002343
-0.002958,-0.013628,0.005711
0.000437,-0.010958,0.006337
0.000997,-0.004468,0.008454
0.002469,0.000192,0.011356
0.000987,0.004367,0.008250
0.001660,0.003920,0.006844
-0.001333,0.001380,0.011019
-0.002879,-0.001785,0.012058
-0.001996,-0.003951,0.009924
-0.000798,-0.003632,0.010192
-0.001712,0.000151,0.008998
-0.002145,0.003426,0.010817
-0.001254,0.004227,0.011128
-0.000558,0.002606,0.015107
-0.002247,0.001786,0.011584
-0.003337,0.005596,0.012092
-0.002723,0.012178,0.012189
-0.003210,0.015472,0.010894
-0.004084,0.022356,0.012665
-0.006343,0.023159,0.015370
-0.005653,0.017900,0.007398
-0.002197,0.010095,0.007039
-0.001357,-0.000806,0.008818
-0.004401,0.003779,0.010384
-0.006173,0.006221,0.007649
-0.006131,0.014731,0.008424
-0.005748,0.024272,0.005655
-0.001171,0.020669,-0.003112
0.002685,0.012499,-0.008492
0.001128,0.003436,-0.012875
-0.001334,-0.003587,-0.013976
-0.000032,-0.014667,-0.021271
0.000639,-0.018489,-0.017649
0.001966,-0.015933,-0.015537
0.000942,-0.010665,-0.012886
0.001588,-0.000703,-0.008987
0.001833,0.004875,-0.005225
0.004926,0.008684,-0.006234
0.003247,0.004317,-0.003573
0.001445,0.005524,-0.000430
0.001236,0.007428,-0.002467
-0.002096,0.004244,-0.004177
-0.000403,0.000828,-0.002728
0.000065,-0.004279,-0.001688
-0.000393,-0.003594,-0.001409
-0.000265,-0.006576,-0.004924
0.001366,0.000112,-0.002676
-0.002165,0.007074,-0.001453
-0.001774,0.011403,-0.002713
-0.003446,0.010235,-0.004899
-0.005357,0.005280,-0.007981
-0.003746,-0.004039,-0.011001
0.001085,-0.012773,-0.014751
0.003963,-0.019553,-0.015999
0.002967,-0.019010,-0.013994
-0.000668,-0.012052,-0.008560
-0.002563,-0.002159,-0.009412
0.001309,0.001428,-0.006318
0.005029,0.005350,-0.004785
0.006299,0.002289,-0.003763
0.004213,-0.005763,-0.004799
0.006427,-0.009773,-0.002645
0.003278,-0.010512,-0.001413
0.003239,-0.000887,0.000709
0.005535,0.008544,0.000436
0.001410,0.020168,0.003854
0.001942,0.023238,0.001893
0.004039,0.016610,0.002193
0.001624,0.000194,0.001150
0.003966,-0.015005,-0.000733
0.003814,-0.027879,0.001060
0.004221,-0.030328,0.002311
0.005269,-0.021620,0.006364
0.002518,-0.004853,0.009857
-0.001887,0.009347,0.017348
0.000731,0.019530,0.017488
0.001056,0.018919,0.014118
0.001660,0.009628,0.007541
0.001730,-0.003537,0.003481
0.000917,-0.010934,-0.003077
-0.003407,-0.017522,-0.003786
-0.004420,-0.021137,-0.006610
0.000051,-0.016880,-0.005522
0.002751,-0.014833,-0.004360
0.005707,-0.012603,-0.005210
0.001127,-0.010487,-0.001600
-0.003953,-0.008088,0.005093
-0.002428,-0.003020,0.004927
-0.003176,-0.003096,0.010574
0.000686,-0.003567,0.009148
0.001979,-0.001058,0.004916
-0.000861,-0.001051,0.005942
-0.003188,0.001867,0.000436
-0.004689,0.005275,-0.001117
-0.006725,0.002527,-0.002777
-0.004999,-0.003909,-0.005227
-0.007438,-0.010081,-0.005061
-0.006141,-0.011320,-0.008531
-0.005851,-0.014585,-0.010147
-0.005649,-0.014767,-0.014850
-0.001341,-0.018121,-0.015951
-0.000639,-0.018711,-0.014611
-0.000494,-0.014369,-0.012667
-0.000878,-0.010570,-0.009723
-0.001142,-0.007117,-0.007317
0.001098,-0.002749,-0.004605
-0.000943,0.001826,-0.001441
-0.000284,0.001311,-0.000870
0.001498,-0.000606,-0.000442
0.000985,-0.000441,-0.004083
-0.000244,0.001035,-0.005745
0.000463,0.001827,-0.004210
-0.001326,0.003984,-0.003687
0.000537,0.003689,-0.000162
0.003973,0.002801,0.003025
0.002132,-0.005758,-0.000918
-0.000543,-0.008192,-0.002039
-0.000420,-0.003753,0.001137
-0.001921,-0.000714,0.000170
0.001684,0.002294,-0.000237
0.003217,0.003392,-0.000024
0.001870,0.003462,0.000428
0.004863,-0.002064,-0.003955
0.001661,-0.006320,-0.006039
0.002887,-0.012160,-0.002668
0.001625,-0.014670,-0.005512
0.002490,-0.017085,-0.011398
0.002898,-0.019246,-0.013719
0.001292,-0.024675,-0.016316
0.004100,-0.031032,-0.019484
0.004923,-0.036317,-0.020082
0.004950,-0.035142,-0.017557
0.001128,-0.030855,-0.013711
-0.000800,-0.026943,-0.012537
0.002824,-0.024555,-0.010860
0.000573,-0.022060,-0.007978
0.001284,-0.017811,-0.007826
0.000260,-0.011152,-0.000752
-0.000172,-0.007687,0.004819
0.000470,0.000029,0.005633
-0.002725,0.007905,0.008817
-0.003473,0.012083,0.011290
-0.003242,0.016110,0.009122
-0.004486,0.008692,0.007361
-0.004063,-0.001007,-0.001304
-0.003158,-0.008339,-0.002999
-0.004281,-0.010557,-0.005154
-0.004865,-0.005842,-0.002973
-0.005894,-0.002067,-0.007932
-0.003994,0.001106,-0.005996
-0.005079,0.002247,-0.007055
-0.001533,-0.002837,-0.010167
0.001119,-0.006719,-0.011656
0.003598,-0.010152,-0.013562
0.000160,-0.015023,-0.009622
-0.000785,-0.016822,-0.010716
-0.000569,-0.014427,-0.012793
-0.001009,-0.009877,-0.008291
0.002338,-0.002250,-0.009529
0.005586,-0.003309,-0.009811
0.005179,-0.001806,-0.007072
0.006543,-0.001742,-0.010649
0.004789,-0.006587,-0.008884
0.003611,-0.005142,-0.004533
0.005168,-0.007512,-0.003536
0.004427,-0.013972,0.000963
0.004615,-0.009834,0.000047
0.006237,-0.007464,0.000253
0.008717,-0.005002,0.005993
0.007323,-0.001906,0.009440
0.006348,-0.000429,0.009147
0.005719,0.000289,0.011502
0.006341,0.004419,0.019022
0.006203,0.005289,0.022500
0.003636,0.006714,0.023560
-0.000234,0.009572,0.025010
0.001274,0.010947,0.021568
0.000266,0.006287,0.018836
0.002201,-0.006527,0.012725
0.001940,-0.016561,0.006763
-0.000226,-0.020144,0.005467
-0.000054,-0.014910,0.003594
-0.005038,-0.008869,0.005055
-0.004359,0.002743,0.007973
-0.007801,0.006388,0.014461
-0.007096,0.005661,0.009248
-0.002515,0.004175,0.003768
0.000767,0.000859,0.002729
-0.001204,-0.006103,-0.000650
-0.002565,-0.010705,-0.005871
-0.005783,-0.009541,-0.005667
-0.006773,-0.004138,-0.006480
-0.004067,0.000211,-0.004609
-0.005168,0.001791,-0.003785
0.000637,-0.001883,-0.006026
0.003872,-0.003486,-0.009083
0.005217,-0.005197,-0.006753
0.002696,-0.001699,-0.005524
0.001018,-0.002845,-0.002451
-0.001958,0.004385,0.002853
-0.002090,0.003474,0.004395
0.001375,0.010798,0.003723
0.004154,0.014343,0.002901
0.002719,0.011708,0.002759
0.004043,0.004786,-0.000400
0.002090,-0.002036,-0.003386
0.003229,-0.006734,-0.002120
-0.001990,-0.007595,-0.005057
0.000961,-0.009069,-0.004939
0.002943,-0.004855,-0.003312
0.004818,-0.001846,-0.003445
0.010395,0.001056,-0.001303
0.015606,0.001044,-0.000923
0.011087,-0.000898,-0.002198
0.006376,-0.005229,0.001134
0.004809,-0.009227,0.005613
0.005959,-0.018979,0.008401
0.009861,-0.021580,0.009603
0.008166,-0.018477,0.012987
0.008473,-0.008845,0.013462
0.005824,-0.001209,0.021278
0.000976,0.012816,0.020891
-0.002922,0.013287,0.019601
-0.002634,0.008223,0.018464
-0.002560,0.001828,0.020325
-0.002702,-0.001708,0.017428
-0.005617,-0.006992,0.013697
-0.005673,-0.003321,0.013422
-0.007419,-0.003063,0.009107
-0.008642,-0.001392,0.007659
-0.008212,-0.002288,0.004143
-0.006721,-0.003222,0.003948
-0.007255,-0.000086,0.001812
-0.006697,0.001813,0.002629
-0.007924,0.007195,0.005142
-0.008333,0.006892,0.002219
-0.003832,0.004838,-0.002508
-0.005103,0.004259,0.001511
-0.005358,0.009077,-0.001692
-0.005660,0.015266,0.001668
-0.008079,0.021413,-0.001330
-0.005901,0.019354,-0.006161
-0.002840,0.010515,-0.008931
-0.001215,0.000623,-0.010262
-0.000094,-0.003048,-0.012460
-0.000568,0.000848,-0.013593
-0.005757,0.008633,-0.010858
-0.001421,0.011048,-0.009050
-0.002398,0.016163,-0.004739
-0.003878,0.026326,-0.007225
-0.000383,0.023914,-0.002011
0.000419,0.019117,-0.004341
0.001755,0.011571,-0.007826
0.005942,-0.001765,-0.012343
0.009779,-0.010695,-0.015604
0.011110,-0.009714,-0.016621
0.011250,-0.008791,-0.014616
0.011528,-0.009481,-0.016830
0.012187,-0.011736,-0.008711
0.010898,-0.013357,-0.004655
0.011742,-0.011822,-0.001491
0.012642,-0.011194,0.002480
0.014422,-0.003105,0.007857
0.014183,-0.000928,0.012192
0.012329,0.006569,0.016826
0.007851,0.013272,0.021305
0.006386,0.020478,0.027260
0.004855,0.019161,0.024211
0.005007,0.014992,0.025615
0.006066,-0.000711,0.019671
0.004938,-0.008797,0.017330
-0.000383,-0.012501,0.019454
-0.004168,-0.015143,0.016961
-0.005860,-0.008493,0.015398
-0.005611,0.000929,0.014974
-0.003590,0.003350,0.012029
0.002477,0.005725,0.009882
0.000273,0.001346,0.009128
-0.006737,0.000275,0.006629
-0.010563,-0.006858,0.004817
-0.012791,-0.010696,0.003784
-0.009991,-0.018114,0.000713
-0.004544,-0.019907,0.000197
0.000165,-0.013368,-0.002436
-0.002375,-0.009364,-0.003058
-0.005557,-0.003230,-0.002332
-0.008763,-0.002927,-0.003145
-0.008948,0.005069,-0.006054
-0.007206,0.005215,-0.002635
-0.003765,0.002862,-0.007300
-0.003352,-0.000412,-0.008979
-0.001254,-0.003373,-0.008408
-0.000888,-0.005135,-0.009976
-0.001340,-0.006521,-0.008204
-0.002473,-0.006062,-0.008550
-0.005283,0.002501,-0.005690
-0.004133,0.009778,-0.005953
0.001089,0.011822,-0.008244
0.003481,0.014813,-0.004612
0.004664,0.008081,-0.005822
0.004748,-0.000886,-0.009318
0.003304,-0.004315,-0.009159
0.002962,-0.010981,-0.006679
0.003934,-0.012776,-0.008550
0.006327,-0.009080,-0.010472
0.007685,-0.002136,-0.001364
0.006806,0.002844,0.001519
0.005202,0.005090,-0.000710
0.003189,0.002820,0.001473
0.003559,-0.000379,-0.000900
0.003491,-0.002065,-0.001831
0.003310,-0.001158,-0.003323
0.003780,-0.006012,-0.003885
0.001664,-0.006385,-0.002041
-0.000209,-0.011532,0.000794
-0.001127,-0.009003,-0.001111
-0.002521,-0.006119,0.001759
0.001886,-0.006466,-0.003374
0.003718,-0.006441,-0.003924
0.000214,-0.004569,-0.004810
-0.000539,-0.001239,-0.003433
-0.000688,-0.001341,-0.005194
0.001648,-0.003877,-0.003097
0.003629,-0.010373,-0.007008
0.004785,-0.014161,-0.006024
0.001969,-0.014023,-0.002573
-0.000316,-0.009192,-0.001911
-0.000687,-0.005650,0.005473
-0.002260,-0.002938,0.002293
-0.001297,-0.001448,0.005294
0.002112,-0.001159,0.002889
0.003322,-0.000530,0.007726
-0.001201,0.000390,0.004588
-0.001873,0.004229,0.005027
-0.003266,0.010521,0.002793
-0.004955,0.008423,0.000821
-0.002743,0.004389,0.000329
-0.000710,-0.000921,-0.001876
-0.000911,-0.005974,-0.005043
-0.000387,-0.004756,-0.002352
-0.000126,-0.003395,-0.000581
0.000736,-0.001953,0.000636
-0.000108,0.003728,-0.000309
-0.000456,0.010750,0.000023
-0.002832,0.012173,-0.000399
-0.002125,0.012420,-0.000323
0.002425,0.004312,-0.002794
0.002294,-0.003186,-0.006984
0.003446,-0.013434,-0.006218
0.004370,-0.020918,-0.009033
0.003674,-0.018451,-0.009679
0.000629,-0.007204,-0.003214
-0.001567,0.009020,-0.000837
-0.000414,0.015928,0.000405
0.003295,0.013935,0.001949
0.003376,0.007294,0.002923
0.001771,-0.002908,0.001334
0.000919,-0.011307,0.000478
0.000978,-0.013807,0.001833
0.001637,-0.014454,-0.001057
0.001367,-0.008019,-0.004086
-0.001482,0.002635,0.003006
-0.001588,0.010131,0.000760
-0.003032,0.014577,0.002535
-0.004724,0.015961,0.003456
0.000220,0.003331,-0.003310
0.002109,-0.009022,-0.004377
0.002530,-0.018704,-0.005394
0.000385,-0.017252,-0.003995
-0.001718,-0.007404,-0.000528
-0.001706,0.002656,0.003288
0.000566,0.006935,0.001384
0.000981,0.010865,0.003344
0.000929,0.010919,0.000294
-0.001191,0.009967,0.000355
-0.000595,0.002490,-0.001891
0.000327,-0.003625,-0.006284
-0.000215,-0.009875,-0.005468
0.002906,-0.013576,-0.004769
0.003272,-0.012219,-0.006791
0.003705,-0.002794,-0.005210
0.000849,0.005299,-0.002504
0.004296,0.015545,0.000174
0.003164,0.018625,0.006979
0.000609,0.014305,0.007131
0.004144,0.009726,0.011689
0.001941,0.003606,0.008749
0.003479,0.004988,0.002967
0.006158,-0.001519,0.004573
0.003712,-0.004200,0.002189
0.001734,-0.003393,0.000680
0.001389,0.000203,0.000442
0.000234,0.001806,-0.000464
0.002353,-0.000302,0.001714
0.003850,-0.005515,-0.002767
0.003844,-0.012070,-0.002287
0.005393,-0.016026,-0.002892
0.006796,-0.020566,-0.002571
0.004806,-0.008606,0.000143
0.000830,-0.000314,0.004324
0.001065,0.005167,0.008553
0.000768,0.007282,0.007375
0.002098,0.004160,0.008788
0.002387,0.003031,0.008471
0.002331,-0.001972,0.007233
0.001085,-0.005599,0.005051
-0.000106,-0.006556,0.005217
-0.001727,-0.005434,0.002996
-0.001605,-0.001166,0.004676
0.000926,-0.003078,0.002770
0.001967,-0.002335,0.006040
0.002287,-0.002027,0.001162
-0.000130,0.001261,0.006170
-0.004453,-0.000164,0.004278
-0.006033,-0.002030,0.005109
-0.003965,-0.001600,0.005469
0.002397,-0.006233,0.002483
0.003910,-0.006331,-0.000384
0.003186,-0.000168,-0.000357
-0.001491,-0.001019,-0.002643
-0.004124,-0.009018,-0.005977
-0.001518,-0.008275,-0.006184
0.003033,-0.013249,-0.003064
0.004539,-0.012163,0.000593
0.003024,-0.003385,-0.002064
0.001159,-0.000156,0.002268
-0.001578,0.001868,0.004468
-0.000169,0.002914,0.005062
0.000457,0.004755,0.003383
0.001154,0.006125,0.004201
0.002294,0.005722,0.002190
0.000613,0.000424,0.003445
-0.001565,-0.000205,0.005176
-0.003802,-0.000278,0.003911
-0.004362,-0.000355,0.003726
-0.004072,-0.001704,0.003340
-0.001742,-0.004265,0.001833
-0.000415,-0.002569,-0.003626
-0.002310,-0.002612,-0.001992
-0.000561,0.002357,-0.002615
-0.000737,0.004156,-0.004306
-0.001886,0.008867,-0.006386
-0.004029,0.005600,-0.002296
-0.002384,0.001494,-0.004508
0.001553,-0.004732,-0.005399
0.003549,-0.006408,-0.004442
0.006221,-0.005447,-0.006937
0.005159,-0.009927,-0.007683
0.001310,-0.012364,-0.006691
0.005860,-0.008364,-0.000026
0.007418,-0.004222,-0.000744
0.010732,-0.001700,-0.001546
0.006390,0.002926,0.001162
0.006647,0.004465,0.004716
0.003868,0.003592,0.005550
0.005838,-0.001078,0.003790
0.006796,-0.008587,0.006370
0.005773,-0.010879,0.003696
0.004317,-0.008106,0.005885
0.003487,-0.004934,0.007464
0.001484,-0.000053,0.007191
0.001477,0.004991,0.009235
0.001788,0.003517,0.010078
0.001007,0.001711,0.008864
0.000157,-0.004949,0.011297
0.001303,-0.008112,0.008775
0.000406,-0.003581,0.009023
-0.001880,0.003542,0.006327
-0.002004,0.010969,0.006681
-0.003591,0.011583,0.004343
-0.004991,0.004901,0.003076
-0.003900,-0.004652,-0.000140
-0.003857,-0.008360,0.000704
-0.000939,-0.016592,-0.005886
0.000542,-0.012103,-0.008967
0.002890,-0.006037,-0.006355
0.000780,0.000168,-0.002763
-0.001003,0.003572,0.000394
-0.002730,0.010852,0.005013
-0.004278,0.015479,0.005004
0.001993,0.012407,0.005995
0.004028,0.005251,0.002305
0.002707,0.006632,0.004276
0.000470,0.006064,-0.001228
-0.000793,0.007965,-0.000800
-0.002675,0.003261,-0.003410
-0.003209,-0.004083,-0.005279
-0.001728,-0.010505,-0.009304
0.002175,-0.016193,-0.009231
0.002499,-0.011267,-0.007079
0.004725,-0.001246,-0.006940
0.005579,0.008633,-0.000804
0.001591,0.010900,-0.001003
0.001127,0.006908,0.001982
-0.000270,-0.002929,0.001334
0.004378,-0.011057,-0.001089
0.008077,-0.010705,-0.002848
0.008987,-0.009821,-0.000358
0.006401,-0.005121,0.003936
0.004854,-0.003055,0.004140
0.003268,-0.002131,0.005530
0.003101,-0.004941,0.007524
0.004995,-0.002152,0.004496
0.006625,-0.003061,0.000164
0.006359,-0.003797,0.002562
0.002372,-0.003275,0.005785
0.003186,-0.003544,0.005007
0.000744,-0.001129,0.010182
0.001076,-0.003762,0.008468
0.001009,-0.004869,0.007848
0.001058,-0.004730,0.007089
-0.000206,-0.004121,0.004913
0.000220,-0.004315,0.002580
0.000668,-0.008340,0.002251
-0.000641,-0.007025,0.004660
-0.001089,-0.005367,0.006055
-0.004136,-0.001082,0.008832
0.000506,0.002625,0.007905
0.002455,0.008481,0.004342
-0.000301,0.007762,0.004322
0.000034,0.006673,0.004480
-0.004324,-0.000391,0.004075
-0.004577,-0.007931,0.000288
-0.002349,-0.010024,0.001623
0.000376,-0.005752,0.003440
-0.000114,0.000060,0.006392
0.000594,0.006680,0.003629
-0.002950,0.012912,0.006986
-0.001559,0.012983,0.005108
-0.002055,0.009134,0.001176
-0.003086,0.004333,-0.001039
-0.001278,-0.006264,0.000370
0.001924,-0.009616,-0.004042
-0.000172,-0.006633,-0.004538
-0.002258,-0.003268,-0.003670
-0.001832,0.001637,-0.003835
-0.002443,0.007285,-0.005279
-0.000264,0.008498,-0.002915
0.000834,0.006350,-0.004475
0.002087,0.007920,0.000868
0.002437,0.003324,-0.004116
0.003956,-0.000555,-0.002245
0.005833,-0.003816,-0.006853
0.003876,-0.010257,-0.003887
0.005026,-0.010542,-0.003530
0.004459,-0.004447,-0.002639
0.002729,0.000804,0.001233
0.004043,0.007120,0.005173
0.004788,0.007252,0.003497
0.006316,0.000724,0.000164
0.009004,-0.001516,0.001585
0.005645,-0.002813,0.000955
0.003735,-0.003010,0.006033
0.003296,-0.000524,0.008125
0.000046,0.005062,0.010615
0.000965,0.008140,0.013887
0.002126,0.002081,0.010282
0.002692,0.002116,0.010340
-0.001023,-0.001055,0.009923
-0.000375,-0.004265,0.005143
-0.002740,0.003857,0.006325
-0.004993,0.008726,0.009024
-0.002283,0.007342,0.009041
-0.001302,0.006653,0.008017
-0.003997,0.005637,0.005520
-0.002703,0.002634,0.004635
-0.003124,-0.002390,-0.000470
-0.000670,-0.003640,-0.006237
-0.000355,-0.004159,-0.005627
-0.000931,-0.002159,-0.007780
-0.000743,-0.005383,-0.002178
-0.001633,-0.004137,-0.001128
-0.004877,-0.004725,-0.004203
-0.002214,-0.003502,-0.004659
0.000196,-0.001904,-0.002811
0.002052,0.000941,-0.001392
0.003062,0.007913,-0.000807
-0.001016,0.011485,0.002867
-0.005095,0.015034,0.005289
-0.003467,0.016065,0.004399
-0.000718,0.011764,0.002869
-0.001458,0.009534,0.000634
-0.003530,0.010553,0.002561
-0.004592,0.009771,0.002740
-0.007937,0.013842,0.002915
-0.007641,0.013354,-0.001302
-0.007204,0.016756,-0.000206
-0.006520,0.018329,-0.000228
-0.003638,0.023604,-0.003533
-0.006174,0.027100,-0.004363
-0.009390,0.024344,-0.005485
-0.006767,0.020441,-0.010365
-0.003169,0.008346,-0.011137
-0.000592,-0.001451,-0.020813
0.002764,-0.003079,-0.020180
0.003389,-0.003603,-0.024206
0.002715,-0.000294,-0.024065
0.005102,0.000309,-0.022385
0.006922,0.003088,-0.017894
