0.003444,0.013098,-0.012214
-0.001403,-0.015858,0.001258
-0.009150,-0.025453,0.000100
-0.009113,-0.006227,0.000240
-0.005218,0.008734,-0.001759
-0.014050,0.026803,0.005854
-0.017055,0.010693,0.016331
-0.014142,-0.016047,0.022498
-0.015016,-0.055582,0.027507
-0.008000,-0.083452,0.040032
-0.003890,-0.070661,-0.062548
-0.020661,-0.055372,-0.508606
0.004559,-0.035130,-0.403954
0.017517,0.019757,-0.033087
0.011724,0.058637,0.025377
-0.002244,0.060936,0.009536
0.003212,0.044905,0.011484
0.000682,0.021328,0.020772
0.006120,-0.003197,0.018373
0.012119,-0.037295,0.012728
0.013304,-0.044782,0.014783
0.006800,-0.037388,0.022255
0.006211,-0.017070,0.018216
0.005240,0.008619,0.011061
-0.000455,0.027815,0.012291
-0.002337,0.012871,0.012098
0.003538,-0.006393,0.017207
0.007446,-0.011719,0.016086
0.001957,0.008609,0.010937
-0.004115,0.034233,0.010127
-0.003101,0.049311,-0.003486
-0.009770,0.041813,-0.000312
-0.004792,0.030040,0.003855
0.003846,0.016264,-0.005808
0.006549,0.000299,-0.010171
0.000589,0.010854,0.001607
-0.014014,0.026712,0.016637
-0.009186,0.044769,0.025297
-0.006413,0.056512,0.025419
-0.001685,0.053279,0.028581
0.002029,0.030781,0.036825
0.012513,0.026486,0.038848
0.024973,0.029781,0.029320
0.021949,0.021314,0.021756
0.019158,-0.005332,0.018311
0.020370,-0.036206,0.010593
0.011888,-0.041490,0.005264
0.003301,-0.030730,-0.003089
0.009218,-0.012465,-0.014576
0.008228,0.004672,-0.020814
0.005152,0.027069,-0.019592
0.005892,0.043024,-0.014126
0.005529,0.050415,-0.006640
0.007117,0.049274,0.000785
0.014756,0.028020,-0.007827
0.010919,-0.012570,-0.003895
0.011054,-0.038250,0.003349
0.012199,-0.032877,0.000281
0.006463,-0.011520,-0.000573
0.004609,0.014169,-0.007742
0.009572,0.026029,-0.020398
0.006670,0.024956,-0.020483
0.010506,0.010066,-0.025989
0.009468,0.011184,-0.031319
-0.000377,0.018667,-0.032287
-0.001410,0.009000,-0.025991
-0.002320,0.002546,-0.020736
-0.002243,-0.011347,-0.018721
-0.002169,-0.024230,-0.011426
0.001795,-0.029607,-0.007215
0.000843,-0.020047,-0.002873
-0.008925,0.004445,0.002661
-0.008035,0.023690,-0.000328
-0.006191,0.026935,-0.004523
-0.004351,0.018398,-0.004590
-0.005363,-0.001940,0.001612
-0.001432,-0.019046,0.004653
-0.000409,-0.026591,0.012008
-0.001365,-0.009514,0.012170
-0.000342,-0.001982,0.005849
-0.000306,0.009822,-0.000422
0.000647,0.018367,-0.001443
0.006408,0.029088,-0.006661
0.011209,0.016281,-0.006794
0.010193,-0.007156,-0.011313
0.009191,-0.007244,-0.002852
0.003301,0.001270,-0.000683
-0.003544,0.010883,-0.001681
-0.003570,0.007649,0.001446
-0.000713,0.004438,0.002493
-0.000777,0.010849,0.001474
-0.001904,0.027925,0.001644
0.008634,0.027006,-0.013212
0.015338,0.017412,-0.014364
0.014293,0.010969,-0.010169
0.001587,0.007662,0.000433
-0.004298,-0.001978,0.003498
-0.001414,-0.004082,0.000276
-0.001400,-0.013686,0.000178
0.004500,-0.019046,0.002219
0.006472,-0.013582,-0.010467
0.005514,-0.007085,-0.019981
0.007415,0.016380,-0.018728
0.009225,0.047381,-0.023749
0.004195,0.049570,-0.029029
-0.001752,0.022740,-0.014450
0.000118,-0.005122,-0.002979
0.004002,-0.012589,-0.003009
0.003118,-0.026442,-0.005245
0.000304,-0.031711,-0.011623
0.002379,-0.018837,-0.017843
-0.002414,-0.002870,-0.013432
0.004437,0.006892,-0.029298
0.011236,0.016559,-0.035587
0.008301,0.013304,-0.030331
0.003411,0.011106,-0.023969
0.000449,0.005772,-0.024038
-0.003425,0.006797,-0.019777
-0.008292,0.012142,-0.020756
-0.010244,0.012146,-0.020714
-0.017023,0.012126,-0.018565
-0.020915,0.002397,-0.005882
-0.015048,-0.008263,-0.007043
-0.010124,-0.002958,-0.003800
-0.009121,0.003380,0.002594
-0.004245,0.003303,0.009993
0.001673,-0.014740,0.000299
0.003744,-0.025424,0.001232
-0.001991,-0.019124,0.010775
-0.003915,0.004386,0.007804
-0.008802,0.016195,0.000474
-0.009843,0.020410,0.005816
-0.009910,0.008691,0.004693
-0.006029,-0.003024,0.002496
-0.001151,-0.014708,-0.002912
0.000847,-0.024415,0.007655
0.001901,-0.025528,0.011912
0.005878,-0.015967,0.016233
0.012749,-0.009440,0.003509
0.012840,-0.013627,-0.005072
0.007009,0.004446,0.001361
0.006987,0.014098,-0.003929
0.007887,0.021632,-0.010230
0.003957,0.005625,-0.010370
0.003975,-0.016878,-0.000989
0.005055,-0.028641,0.001067
0.008068,-0.034944,-0.008518
0.010099,-0.031666,-0.015896
0.005347,-0.024136,-0.021117
0.000538,-0.009247,-0.015654
0.003454,0.008934,-0.019753
0.012154,0.029306,-0.029111
0.015947,0.042160,-0.034331
0.009005,0.032545,-0.033361
0.008971,0.005859,-0.032491
0.002241,-0.015484,-0.032684
-0.010355,-0.015560,-0.025285
-0.016135,-0.001793,-0.014547
-0.012200,0.002508,-0.017686
-0.005295,-0.015630,-0.017810
-0.002237,-0.032771,-0.011621
-0.000173,-0.030644,-0.010499
0.001818,-0.015737,-0.007186
0.006690,0.008904,-0.016513
0.014459,0.023959,-0.028103
0.016369,0.034642,-0.029064
0.001689,0.028185,-0.023815
-0.004192,0.013234,-0.022891
-0.013941,-0.000630,-0.024087
-0.014946,0.001429,-0.016648
-0.015878,-0.007083,-0.018818
-0.009914,-0.029579,-0.010546
-0.003919,-0.038181,-0.004247
0.003983,-0.030717,-0.003052
0.006004,-0.010374,-0.009178
0.006004,0.003496,-0.009084
0.005958,0.018481,-0.013198
0.002976,0.030220,-0.013082
-0.000978,0.031279,-0.012020
-0.005901,0.010915,-0.003750
-0.010774,-0.008317,-0.001816
-0.008798,-0.014806,0.006609
-0.007764,-0.011680,0.014071
-0.000908,-0.006289,0.008834
-0.002816,-0.011537,0.000327
0.001174,-0.028644,0.003353
0.005155,-0.028693,0.008700
0.009115,-0.013775,0.010945
0.003271,0.005526,0.001515
0.004221,0.019437,-0.002663
0.003178,0.015175,-0.003795
-0.002750,0.016209,-0.000617
-0.001816,0.009882,-0.008086
-0.001779,-0.012536,-0.007193
0.002175,-0.020036,-0.004055
0.003206,-0.011505,-0.002864
0.004241,-0.013552,-0.011357
-0.000532,-0.027437,-0.010431
0.000535,-0.026457,-0.001954
-0.002336,-0.008273,-0.006047
-0.001392,0.023822,-0.014296
-0.000536,0.041940,-0.012044
-0.005556,0.044023,-0.006678
-0.003716,0.034428,-0.007837
-0.002811,0.013041,-0.003800
-0.008686,-0.008397,0.005570
-0.008652,-0.021157,0.001234
-0.000758,-0.020080,0.000183
0.002249,-0.010457,-0.001868
0.000332,0.001334,-0.007078
-0.005523,0.008768,-0.002750
-0.008502,0.019366,0.004784
-0.010534,0.015109,0.003714
-0.012506,0.001201,0.006735
-0.010552,-0.015932,0.011864
-0.006643,-0.023484,0.020328
-0.003640,-0.028844,0.023491
-0.006482,-0.024609,0.026690
-0.007414,-0.010783,0.031057
-0.007444,0.007327,0.034419
-0.002633,0.012738,0.027017
0.004151,-0.003273,0.026822
0.009979,-0.014980,0.023522
0.009997,-0.014949,0.020325
0.001226,-0.000022,0.021525
-0.001758,0.012863,0.014272
0.001080,0.028940,0.008065
0.003921,0.022654,-0.003669
0.009740,0.005620,-0.008111
0.011631,0.009791,0.001461
0.012505,0.030098,-0.001509
0.009465,0.029030,-0.001525
0.011419,-0.007294,0.002380
0.008599,-0.033995,0.004242
0.000922,-0.031906,0.008498
-0.002003,0.001186,0.007733
-0.005966,0.026872,0.000537
-0.002136,0.024747,-0.000564
0.001703,0.015118,0.002547
0.002613,0.019451,-0.003775
0.004486,0.015228,-0.009129
0.007334,0.013200,-0.019764
-0.000496,0.012084,-0.014449
0.002404,0.017444,-0.016483
0.006295,0.018552,-0.020752
0.002337,0.024929,-0.018637
0.004152,0.035575,-0.016442
-0.001837,0.042994,-0.011044
-0.010714,0.026910,-0.003741
-0.007830,0.003390,0.000298
-0.011692,-0.015815,0.000157
-0.007741,-0.028683,0.006425
0.002088,-0.028678,0.006459
0.010937,-0.011569,0.003474
0.012885,0.006620,-0.001714
0.008940,0.026937,-0.005801
0.002994,0.041905,-0.007760
0.005768,0.040872,-0.010924
0.002730,0.028035,-0.007875
-0.000246,0.012020,-0.006919
0.002681,-0.005144,0.001422
0.005627,-0.014778,0.004549
0.011562,-0.020028,-0.003986
0.006770,-0.013593,-0.007113
0.011659,0.015346,-0.019586
0.004761,0.045322,-0.028874
0.001694,0.057047,-0.027774
0.000567,0.051712,-0.027807
0.000449,0.032433,-0.020506
0.001349,0.006704,-0.009066
0.002315,-0.008223,-0.010215
0.002375,-0.017848,-0.008170
0.004403,-0.017817,-0.011381
0.004454,0.005734,-0.018610
-0.003384,0.029220,-0.019444
-0.005420,0.035632,-0.020470
-0.006448,0.030318,-0.022660
-0.003599,0.021707,-0.015301
0.002175,0.012083,-0.013249
0.001206,-0.011447,-0.008149
-0.000669,-0.022151,-0.005066
-0.006428,-0.009314,-0.008137
-0.003470,0.015334,-0.018568
-0.004516,0.030207,-0.012120
-0.000743,0.036655,-0.016295
0.004065,0.017404,-0.012225
0.003062,0.002408,-0.007071
-0.002782,-0.005133,0.000325
-0.011578,0.008828,-0.008029
-0.013600,0.023747,-0.005762
-0.008823,0.032221,0.000692
-0.005995,0.025873,-0.004641
-0.004089,0.011909,0.003693
-0.009017,0.002196,0.014191
-0.006191,0.007564,0.011055
-0.007198,0.009749,0.005734
-0.008189,0.016140,0.006801
-0.009248,0.022501,0.011122
-0.009342,0.023631,0.004766
-0.012368,0.024705,0.003673
-0.007608,0.017217,0.005771
-0.001824,0.009618,0.018424
-0.006738,-0.009664,0.025662
0.003042,-0.019331,0.031951
0.003083,-0.019287,0.027720
0.000117,0.005149,0.038531
-0.001960,0.032961,0.032449
0.004748,0.025609,0.020727
0.003714,0.010706,0.016312
-0.000221,-0.001079,0.020405
0.000716,-0.005366,0.022489
0.008509,-0.009581,0.017153
0.012375,-0.003095,0.008715
0.008424,0.022566,0.003592
0.009243,0.046116,-0.003672
0.011016,0.060097,-0.014133
0.006944,0.048317,-0.009971
0.009749,0.024817,-0.008068
0.000935,0.004480,-0.001908
-0.002960,-0.013703,0.002185
0.000029,-0.028696,0.007387
-0.001815,-0.029804,0.011643
-0.009579,-0.007479,0.020355
-0.012543,0.013824,0.024834
-0.002923,0.030909,0.023915
0.007667,0.027846,0.010094
0.002686,0.021467,0.007922
-0.001267,0.006462,0.014151
-0.002238,-0.009580,0.017181
-0.002239,-0.006317,0.010816
-0.006202,0.022541,0.006815
-0.009274,0.052472,0.001743
-0.005571,0.060053,-0.009903
-0.006733,0.048251,-0.003640
-0.003955,0.028928,0.007856
-0.003094,0.004237,0.022530
0.005693,-0.034147,0.019033
0.002920,-0.053386,0.022069
-0.009605,-0.046006,0.031738
-0.012452,-0.020412,0.034139
-0.012467,0.010599,0.028086
-0.008649,0.028784,0.024021
-0.001024,0.043746,0.022043
0.010498,0.042744,0.015689
0.014237,0.028862,0.016607
0.010265,0.010749,0.013217
0.010249,-0.007371,0.010923
0.004399,0.002189,0.015237
-0.000514,0.018198,0.015411
-0.003485,0.015018,0.013254
-0.001527,-0.011768,0.023617
0.003373,-0.031026,0.028796
0.003443,-0.026738,0.026698
0.003470,-0.007454,0.019453
0.006339,0.011883,0.006895
0.008248,0.017290,-0.000527
0.008182,0.023671,0.001644
0.006144,0.025708,0.011191
0.009970,0.011826,0.012130
0.012849,-0.001986,0.005608
0.006991,-0.007413,0.014017
0.001109,0.000101,0.009852
-0.003769,0.008705,0.003566
-0.003758,0.005565,-0.002856
-0.004773,0.009800,0.000408
-0.000974,0.025833,-0.001519
0.000874,0.028026,-0.006772
0.003718,0.018410,-0.005808
0.009530,0.008796,-0.004853
0.002678,0.006618,-0.000641
0.002645,0.007710,-0.003876
-0.006172,0.014047,0.002518
-0.010140,0.020365,0.011047
-0.009240,0.015009,0.013144
-0.006370,0.015138,0.000447
-0.009372,0.020487,-0.000526
-0.011408,0.018366,-0.001599
-0.013454,0.024730,0.002749
-0.009660,0.022565,0.005941
-0.001945,0.018220,0.013303
0.002845,0.016062,0.015372
0.001794,0.018124,0.022846
0.000777,0.005326,0.021652
-0.004114,-0.006445,0.024712
-0.008059,-0.003187,0.019448
-0.010043,0.009665,0.015371
-0.008140,0.021451,0.010163
-0.003382,0.022530,0.009119
-0.000524,0.010799,0.009013
0.002371,-0.001057,0.020575
0.006242,-0.008574,0.024762
0.008196,-0.003164,0.017375
0.005262,-0.002111,0.018411
0.006184,0.011729,0.021715
-0.000745,0.027758,0.019740
-0.005725,0.026709,0.017574
-0.006793,0.013835,0.024937
-0.000968,-0.011819,0.028964
0.000985,-0.022543,0.034176
0.003948,-0.019234,0.023608
0.007857,-0.018221,0.028915
0.011755,-0.008522,0.019436
0.008826,0.001138,0.013079
0.008778,0.017164,0.011076
0.009640,0.024725,0.002665
0.006644,0.020436,0.004750
0.000753,0.001159,0.010935
0.002712,-0.013779,0.010826
0.002760,-0.020168,0.009751
0.005721,-0.020176,0.010846
0.004786,-0.007362,0.009905
0.007662,0.013981,0.010105
0.009486,0.033249,0.005009
0.011304,0.036426,0.007117
0.010203,0.026837,0.004856
0.008157,0.016166,0.004770
0.010056,-0.000883,0.002483
0.011061,-0.009410,0.001348
0.011112,-0.013661,-0.000810
0.006256,0.002360,-0.001697
0.008195,0.008827,-0.008000
0.008222,-0.008225,-0.010264
0.006339,-0.021057,-0.008288
0.007369,-0.008293,-0.003918
0.006378,0.015309,-0.015351
0.004392,0.022785,-0.016402
-0.001533,0.017457,-0.017559
0.000360,0.013133,-0.012319
0.007150,0.009914,-0.011319
0.002248,0.009882,-0.008136
-0.004589,-0.001862,-0.007143
-0.005490,-0.030706,-0.004212
0.001442,-0.040405,0.005302
0.005446,-0.027519,-0.001937
0.009448,-0.011457,-0.007110
0.012386,0.014270,-0.018571
0.009359,0.039978,-0.027882
0.008244,0.042077,-0.024722
0.006193,0.035725,-0.030118
0.004196,0.014369,-0.029271
-0.000660,-0.000708,-0.015623
-0.009355,-0.015668,-0.013624
-0.007341,-0.021070,-0.007290
-0.006290,-0.016788,-0.008279
-0.004297,-0.006104,-0.009240
-0.001355,0.012143,-0.019692
-0.002358,0.023962,-0.026969
-0.009192,0.014312,-0.022850
-0.010178,0.006679,-0.007006
-0.006331,0.008846,-0.010164
-0.008327,0.013046,-0.002680
-0.003505,0.011957,-0.000575
-0.003479,-0.003027,0.003561
-0.004399,-0.018062,0.012979
-0.009206,-0.025557,0.015030
-0.010091,-0.028716,0.010751
-0.008091,-0.011629,0.009860
-0.007127,0.005511,0.003664
-0.005224,0.030094,-0.000379
-0.000499,0.046204,-0.010891
0.005208,0.037639,-0.007798
0.004142,0.013093,-0.008047
0.005135,-0.010546,0.007671
0.007128,-0.021205,0.006537
0.000384,-0.024387,0.004367
-0.002464,-0.013715,0.004467
-0.004398,0.003417,-0.000655
-0.001542,0.027973,-0.001488
-0.004617,0.040773,-0.001381
-0.001827,0.034371,-0.001430
0.000029,0.015123,0.002645
0.000984,-0.008407,0.007745
0.000056,-0.021211,0.007639
-0.000841,-0.016921,0.005555
0.001107,0.003336,0.007867
0.008861,0.019493,-0.006826
0.001968,0.025880,-0.005736
0.003859,0.016242,-0.002665
0.000884,0.007673,0.000451
-0.000122,0.000194,0.001461
0.001848,-0.001945,0.002557
0.001838,0.004428,0.005817
0.002809,0.000259,-0.003735
-0.000059,-0.011502,-0.001736
-0.000977,-0.022217,0.002408
0.000024,-0.010564,0.010991
0.005876,0.002294,0.005820
0.006825,0.015111,0.004877
0.009697,0.017306,-0.001476
0.003797,0.013034,-0.001555
0.000813,0.006568,0.004727
0.005670,-0.005180,0.005699
0.005712,-0.011538,0.001384
0.004788,-0.008297,-0.002874
0.000901,0.003428,-0.001695
0.007700,0.006725,-0.011223
0.005714,0.007814,-0.013293
0.007660,0.014207,-0.012169
0.007636,0.015365,-0.020636
0.006659,0.010069,-0.024961
0.003689,0.012088,-0.013244
0.000710,0.017414,-0.012129
-0.003214,0.014200,-0.011117
-0.006168,0.012085,-0.013285
-0.003264,0.006724,-0.011208
-0.001323,0.000312,-0.010183
-0.001296,-0.001832,-0.009162
0.004549,0.008807,-0.005886
0.002564,0.014201,-0.011131
-0.000424,0.024838,-0.007883
-0.005380,0.025964,-0.014238
-0.008369,0.019545,-0.013302
-0.002592,0.016289,-0.008088
-0.000762,0.032307,-0.009003
-0.001868,0.036578,-0.008952
-0.004880,0.026964,-0.007968
-0.008820,0.004502,-0.002824
-0.006825,-0.023285,0.001185
-0.006718,-0.036127,0.004244
-0.005669,-0.017996,0.005477
-0.008610,0.017266,0.001546
-0.004830,0.044018,-0.005655
0.002808,0.048285,-0.005645
0.003639,0.025829,-0.001645
-0.001294,-0.000973,0.010874
-0.002224,-0.027716,0.017000
-0.001194,-0.024474,0.012806
-0.003117,-0.002008,0.007738
-0.006076,0.018320,0.002610
-0.006171,0.029005,0.001691
-0.003336,0.027939,0.001688
-0.002441,0.017279,0.000541
0.006255,0.011953,-0.000587
0.001344,0.003365,0.004664
0.001313,0.000078,0.013131
-0.001615,0.001144,0.013133
-0.004570,0.009682,0.013201
-0.003682,0.019298,0.012237
-0.003778,0.021419,0.013311
-0.001927,0.019275,0.014374
0.006762,0.012873,0.014311
0.010617,0.000121,0.008887
0.007742,-0.016986,0.011935
0.008765,-0.024457,0.011856
0.006893,-0.020153,0.008724
0.007912,-0.001982,0.005671
0.014685,0.022697,-0.007942
0.004828,0.049439,-0.014068
-0.003114,0.045149,-0.011997
-0.004203,0.022663,-0.004787
-0.000355,0.001335,-0.006000
0.001597,-0.010480,0.001304
0.003601,-0.015813,0.001278
0.001687,-0.011585,0.005580
-0.000235,0.002298,0.004668
-0.003202,0.010899,-0.001630
0.001634,0.014152,-0.006935
0.000621,0.013029,-0.001674
0.003504,0.010883,-0.000667
0.001473,0.018366,-0.001628
-0.002462,0.005551,-0.000665
-0.002435,-0.008356,0.002369
0.001465,-0.001910,-0.001776
0.008256,0.013148,-0.013303
0.004306,0.024895,-0.014275
0.001310,0.027082,-0.019568
-0.001702,0.027031,-0.014285
-0.006648,0.023837,-0.015409
-0.003776,0.017390,-0.011241
-0.001895,0.012022,-0.008112
-0.002916,0.005533,0.000356
-0.001928,-0.007267,0.000306
-0.000869,-0.024325,-0.000884
-0.004665,-0.024376,0.004455
-0.007555,-0.001955,0.003611
-0.004688,0.024794,-0.003624
0.000064,0.046197,-0.009831
0.002783,0.054680,-0.004465
0.003590,0.038631,-0.000361
0.004504,0.007649,0.002503
-0.000316,-0.027671,0.012798
-0.004101,-0.053399,0.024252
-0.001971,-0.058727,0.023145
-0.004717,-0.045889,0.020081
-0.005591,-0.019093,0.008636
-0.001653,0.002336,0.000348
-0.001703,0.018387,-0.003757
0.003049,0.028023,-0.006856
0.004909,0.020528,-0.004805
0.005839,0.009826,-0.001708
0.002867,0.008718,0.002504
-0.001015,-0.008365,0.003437
-0.003887,-0.020135,0.006517
-0.007740,-0.017029,0.016108
-0.007732,-0.006397,0.020501
-0.002813,-0.009501,0.010938
0.001108,-0.006339,0.014109
0.001044,0.009660,0.015337
0.000964,0.018264,0.009052
0.002859,0.019352,0.006925
0.007691,0.010874,0.000444
0.009635,0.000211,-0.000745
0.001821,0.003390,0.001405
-0.000152,0.003369,0.003527
-0.000162,-0.003022,0.002395
-0.004039,-0.003067,0.006612
-0.003090,0.007626,0.004618
-0.001199,0.016258,-0.004863
0.002617,0.017305,-0.002746
0.001591,0.014094,-0.001692
0.001510,0.018296,0.004662
-0.001505,0.021575,-0.002688
0.004318,0.000229,-0.002909
0.007282,-0.019054,0.004343
0.006334,-0.009465,0.006590
0.006339,-0.004032,-0.002892
0.002444,0.007658,0.001442
0.005301,0.021554,-0.000524
0.002264,0.036573,-0.007772
-0.004673,0.033371,-0.007807
-0.006690,0.015198,-0.004797
-0.004773,0.000229,-0.001703
-0.003799,-0.011572,0.004568
0.001124,-0.020155,0.008703
0.006055,-0.015855,0.005515
0.009964,0.000151,0.005648
0.007026,0.016219,-0.000585
-0.001830,0.029066,-0.004738
-0.001932,0.031238,-0.007883
-0.004913,0.010931,-0.004870
-0.001036,-0.006252,0.005599
0.002891,-0.014762,0.003471
0.001983,-0.020044,-0.001859
-0.001880,-0.005091,-0.002755
-0.003829,0.010970,-0.007892
0.000067,0.014221,-0.013218
0.002930,0.025862,-0.003608
0.002801,0.029042,-0.001465
0.000759,0.022615,0.000559
-0.002224,0.009779,0.003644
-0.003193,-0.009453,0.005606
-0.007027,-0.025492,0.008650
-0.007914,-0.021189,0.005517
-0.005927,-0.014805,0.007723
-0.000073,0.004417,0.006850
-0.000124,0.021543,0.001687
0.003665,0.031166,-0.000364
0.003553,0.023696,-0.000437
0.003470,0.015114,0.003726
0.002464,0.001165,0.011012
0.000495,-0.000966,0.011006
0.001483,-0.008405,0.007751
0.002507,-0.018024,0.008673
-0.000394,-0.008386,0.005601
-0.005261,0.004454,0.002558
-0.006249,0.003312,0.009969
-0.002362,-0.000928,0.006735
0.005385,0.008750,-0.000622
0.010203,0.019490,-0.006889
0.012071,0.024763,-0.000463
0.009055,0.027970,-0.001523
0.005069,0.024804,-0.004699
-0.003771,0.008757,-0.000624
-0.005723,-0.004093,0.003487
-0.004740,-0.008327,0.000323
-0.002754,-0.000888,0.003585
-0.008626,0.009748,0.006848
-0.002847,0.021518,0.003768
0.000946,0.020493,-0.000471
0.006748,0.005540,0.000425
0.011647,-0.006252,0.005585
0.010699,-0.011591,0.005489
0.009713,0.001236,0.003494
0.008704,0.004503,-0.002817
0.003829,-0.000854,-0.000770
0.001954,-0.018986,-0.002003
-0.000865,-0.031813,0.000028
0.000176,-0.015801,0.000224
0.002136,0.007773,-0.009099
0.003033,0.026000,-0.017415
0.001988,0.034556,-0.019490
0.002879,0.030318,-0.022731
0.004740,0.019600,-0.018615
0.007615,0.007816,-0.014522
0.005679,-0.008276,-0.006209
-0.000096,-0.021123,-0.002063
-0.002928,-0.027600,0.005350
-0.005743,-0.026550,0.007537
-0.005675,-0.011596,0.006634
-0.002738,0.001289,-0.000612
0.003071,0.003478,-0.005884
0.002082,0.009889,-0.006910
-0.001873,0.014101,-0.001609
-0.000979,0.026936,-0.004708
0.000907,0.019516,-0.010113
0.001822,0.008776,-0.003895
0.004734,0.001275,-0.000749
0.005754,-0.013602,-0.007260
0.004866,-0.024291,-0.005268
0.002982,-0.021119,-0.002022
-0.001850,-0.004080,0.001332
-0.006739,0.010850,0.002531
-0.003872,0.016242,-0.002722
-0.000034,0.010855,0.002558
0.002877,-0.002987,-0.000732
0.005842,-0.014694,-0.004025
0.003956,-0.011570,0.003439
0.005939,-0.011539,0.000235
0.007910,0.000279,-0.007056
-0.000907,0.019509,-0.009003
-0.004892,0.024844,-0.008978
-0.008840,0.018410,-0.005844
-0.009870,0.009818,-0.000627
-0.005984,-0.004076,0.001374
-0.000110,-0.013696,0.003438
0.004816,-0.017966,0.003380
0.003891,-0.008383,0.005607
0.002916,-0.004050,-0.000721
0.006845,0.000268,-0.006009
0.000022,0.006660,-0.004892
0.000970,0.010876,0.000457
0.003873,0.003470,-0.005974
0.006843,-0.010416,-0.005041
0.003929,-0.006199,0.000329
0.001019,-0.004039,-0.001740
0.000088,-0.002909,-0.008103
-0.002818,0.003414,-0.000626
-0.000907,0.013052,-0.003704
0.000031,0.014296,-0.020694
-0.001935,0.023895,-0.020673
-0.005936,0.023853,-0.016407
-0.002099,0.020598,-0.011130
-0.001162,0.006593,0.001446
0.003722,-0.008379,0.004499
0.003768,-0.017961,0.002307
-0.000056,-0.024450,0.010725
-0.004861,-0.023313,0.004402
-0.012597,-0.003994,-0.005992
-0.015533,0.010889,-0.000555
-0.008783,0.023792,-0.009978
-0.000113,0.024882,-0.012092
-0.000219,0.027967,-0.000386
0.005542,0.019450,-0.002589
0.006500,0.004478,0.000449
0.003594,-0.018018,0.008763
0.001728,-0.027685,0.015059
-0.004037,-0.023424,0.016178
-0.003035,0.001162,0.012134
-0.003109,0.024761,0.000680
-0.005147,0.023672,0.002786
0.001616,0.008667,0.009029
0.005504,-0.006230,0.004669
0.005539,-0.014787,0.006723
0.006561,-0.009389,0.000383
0.007560,-0.001886,-0.002735
-0.003172,0.013093,-0.006890
-0.004221,0.031220,-0.005677
0.000552,0.033365,-0.006712
0.004387,0.015274,-0.012217
-0.001484,0.002394,-0.004902
-0.002493,-0.003124,0.013103
0.001389,-0.001967,0.004680
0.000433,-0.007248,-0.000715
0.001455,-0.014773,0.004490
0.008308,-0.011615,0.008776
0.009292,-0.007305,0.004556
0.007365,-0.008365,0.003430
0.004482,-0.008313,-0.001889
0.001565,-0.006161,-0.003998
-0.000378,0.003447,-0.003859
-0.001357,0.012029,-0.008029
0.002489,0.019551,-0.013290
0.003390,0.019540,-0.012229
0.002363,0.012018,-0.006975
0.002353,0.000247,-0.003916
0.005286,-0.000692,-0.016650
-0.001514,0.003562,-0.015579
-0.009344,0.014135,-0.005957
-0.006484,0.021662,-0.011184
-0.002661,0.024831,-0.007980
-0.000775,0.020519,-0.003773
0.002084,0.010916,-0.003836
-0.000835,-0.008304,-0.002935
0.000165,-0.019038,0.003359
0.003127,-0.007333,0.007752
0.004106,0.006616,0.000466
-0.000797,0.024793,-0.003652
-0.001876,0.034453,-0.008839
-0.004930,0.033427,-0.013077
-0.005016,0.024803,-0.004685
-0.004081,0.013034,-0.001626
-0.002192,0.004506,-0.002782
-0.000263,0.003419,-0.000656
0.000692,0.004453,0.002523
0.002643,-0.001956,0.002419
0.005564,0.002365,-0.002855
0.002603,0.012968,0.004712
0.000583,0.012937,0.007909
-0.000433,0.006590,0.002569
-0.000380,-0.019032,0.003413
-0.002250,-0.031900,0.009660
-0.001210,-0.018005,0.007673
0.001706,0.004490,-0.000598
0.001700,0.011983,-0.002641
-0.001261,0.012974,0.004788
0.003574,0.010859,0.002620
0.005468,0.008779,-0.002682
0.005432,0.008819,-0.006954
0.003470,0.004493,-0.001713
0.002476,0.001271,0.000388
0.000534,-0.004084,0.002455
-0.004274,-0.018022,0.008686
-0.004223,-0.022307,0.010826
0.003648,-0.020127,0.006642
0.001778,-0.013680,0.002447
-0.000170,0.001283,0.000483
0.007587,0.009839,-0.001549
0.005641,0.008757,-0.000546
0.001715,0.003369,0.004676
0.002678,0.000188,0.002513
0.003650,-0.004072,0.001387
-0.001230,0.000196,0.001417
0.000713,0.003469,-0.005981
0.002664,0.005644,-0.010220
0.003663,0.003545,-0.013416
0.003651,0.005646,-0.010235
0.001646,0.016307,-0.009066
0.004521,0.009871,-0.005946
0.005513,-0.006128,-0.007182
-0.000293,-0.007278,0.001318
-0.002248,-0.003020,0.002437
-0.003247,0.009819,-0.000613
-0.009148,0.018432,-0.007959
-0.009226,0.020470,0.001602
-0.008289,0.008752,-0.000644
-0.003440,0.002328,0.001429
-0.001506,-0.000886,0.002442
0.001400,0.000182,0.002458
0.006266,-0.003041,0.004566
0.006249,0.009852,-0.003789
0.002318,0.013064,-0.004830
-0.002548,-0.000811,-0.004985
-0.003526,-0.003011,0.001355
-0.003580,0.016199,0.001551
-0.001726,0.034361,-0.000412
0.004010,0.032301,-0.007865
0.006859,0.012060,-0.011226
0.004902,-0.007229,-0.002857
0.002048,-0.018972,-0.001830
-0.001773,-0.015792,0.000320
-0.003688,0.001314,-0.002714
-0.005684,0.022614,0.001716
-0.001877,0.026965,-0.006733
0.002941,0.013034,-0.001619
0.002910,0.000180,0.002466
0.001921,-0.003040,0.004594
0.000957,-0.003086,0.009939
0.000011,-0.009501,0.010924
-0.000923,-0.016907,0.004507
-0.002820,-0.019085,0.008718
0.000102,-0.008410,0.008839
0.006915,0.002323,0.002545
0.009800,0.007740,-0.005945
0.008814,0.000271,-0.006003
0.010795,-0.007241,-0.001796
0.010838,-0.011510,-0.001833
0.007963,-0.006127,-0.005983
-0.000770,0.002507,-0.015450
-0.002741,0.006732,-0.011190
-0.001768,0.002488,-0.013315
-0.005635,0.001374,-0.009107
-0.007585,0.006644,-0.002722
-0.004730,0.017340,-0.004752
0.002961,0.030241,-0.014182
0.001919,0.019557,-0.013221
-0.004921,0.004542,-0.005931
-0.002944,-0.005134,0.001440
-0.000964,-0.006148,-0.003868
-0.003879,-0.001904,-0.001707
-0.005837,0.002386,-0.003792
-0.003903,0.004541,-0.005923
-0.005897,0.013044,-0.002687
-0.007917,0.024815,-0.005767
-0.007984,0.023724,-0.003689
-0.005124,0.013009,0.000426
-0.004195,0.008741,0.000403
-0.005261,0.016155,0.005774
-0.002397,0.011921,0.002582
-0.005329,0.001197,0.007779
-0.001435,-0.007397,0.012961
0.001471,-0.000997,0.013003
-0.000537,0.002236,0.009841
0.001367,0.010779,0.009935
0.000368,0.009683,0.013144
0.004208,0.015050,0.010050
0.003153,0.015151,0.000563
0.001156,0.013007,0.001619
0.000139,0.005535,0.001526
0.004981,0.006581,0.003657
0.006894,0.011927,0.002636
0.005894,0.007633,0.004665
0.005866,0.006543,0.006750
0.002873,0.015082,0.006824
0.006726,0.008710,0.003571
0.004766,0.000139,0.006688
0.002837,-0.013723,0.005498
0.000944,-0.011609,0.007674
-0.000011,-0.010500,0.003433
0.000010,-0.001954,0.003547
0.000976,0.002358,-0.000646
0.000972,-0.000844,-0.000681
0.003878,0.004521,-0.003852
0.008740,0.007763,-0.008039
0.005791,0.009896,-0.008027
0.002837,0.008786,-0.003799
0.001869,0.000226,-0.001766
-0.000083,-0.009432,0.003463
-0.001998,-0.011619,0.008756
-0.002930,-0.009512,0.011971
-0.004853,-0.014827,0.009795
0.001040,-0.015862,0.006631
0.005968,-0.010453,-0.000770
0.002051,0.009865,-0.004858
-0.002904,0.033364,-0.006768
-0.001064,0.034418,-0.005712
0.002758,0.017364,-0.008011
0.000782,-0.000832,-0.002885
-0.002126,-0.010546,0.007607
0.003739,-0.013712,0.004437
0.000882,-0.020138,0.006476
-0.002002,-0.014857,0.011828
-0.004917,0.003406,0.000377
0.000912,0.008811,-0.005908
-0.002062,0.010947,-0.005869
-0.003095,0.014096,-0.000508
0.004640,0.016262,-0.003679
0.011416,0.016324,-0.010037
0.008438,0.018456,-0.010053
0.009373,0.009916,-0.010156
0.006415,0.003456,-0.004962
0.000607,-0.007235,-0.002941
-0.003262,-0.007276,0.001324
-0.008093,-0.010452,-0.000806
-0.006140,0.001281,0.000427
-0.007107,0.002385,-0.003820
0.000661,0.007722,-0.003753
0.006497,0.005633,-0.008002
0.005537,0.007752,-0.006992
0.007468,0.012029,-0.008043
0.006428,0.015176,-0.002717
0.004392,0.017246,0.003661
-0.000487,0.000152,0.005654
-0.002392,-0.018014,0.007612
-0.000389,-0.021171,0.003368
0.001614,-0.020056,-0.000840
0.005581,-0.013610,-0.005014
0.007546,0.006728,-0.011217
0.007499,0.016415,-0.019649
0.006496,0.019656,-0.023878
0.003542,0.017415,-0.013287
0.001555,0.010967,-0.009133
0.003507,0.000371,-0.016653
-0.002328,-0.002923,-0.007112
-0.007182,-0.009421,0.002388
-0.006174,-0.006199,0.000315
-0.003212,-0.005121,-0.000737
-0.002193,-0.015824,0.002339
-0.000179,-0.015781,-0.001898
0.004716,-0.003010,0.001362
0.005679,0.010864,0.001504
0.007581,0.014129,-0.004841
-0.004137,0.010938,-0.005930
-0.007069,0.004527,-0.004926
-0.009989,-0.003934,-0.012413
-0.009961,0.001396,-0.012393
-0.006099,0.015248,-0.010143
-0.001308,0.030267,-0.017413
-0.000425,0.031310,-0.015330
-0.000481,0.010975,-0.010271
0.003385,-0.000827,-0.004001
-0.002459,0.002300,0.003482
-0.009298,-0.001042,0.017220
-0.009287,-0.008468,0.012910
-0.008318,-0.009563,0.016146
-0.011239,-0.005342,0.021522
-0.006345,-0.009578,0.018309
0.000493,-0.008491,0.016225
0.003416,-0.010646,0.018329
0.006340,-0.004157,0.009889
0.000510,0.001242,0.003562
-0.002448,0.007594,0.008937
-0.001519,0.010805,0.007890
-0.000570,0.004377,0.009950
0.000366,-0.002091,0.016247
0.001341,-0.008483,0.015137
0.002334,-0.012780,0.018317
0.001380,-0.014977,0.024671
-0.000558,-0.006406,0.021590
0.001388,0.004311,0.017424
0.002315,0.011864,0.008981
0.008104,0.008650,0.010022
0.014888,0.001168,0.011003
0.010026,-0.010561,0.009812
0.006161,-0.011595,0.006626
0.008134,-0.000873,0.001408
0.005175,0.006653,-0.003804
0.001271,0.009843,-0.002715
0.003191,0.010942,-0.005888
0.004110,0.016247,-0.002659
0.011849,0.012020,-0.006961
0.011798,0.008842,-0.009126
0.007892,0.003451,-0.003896
0.003983,0.006660,-0.004935
0.000054,0.008816,-0.007031
0.000989,0.007768,-0.009162
0.002938,0.000319,-0.011349
0.000017,-0.001920,-0.000765
0.002949,-0.007222,-0.003974
0.004939,-0.007150,-0.011379
0.003041,-0.003991,-0.007100
0.004011,0.002439,-0.009161
0.006917,0.009986,-0.016495
0.001084,0.014301,-0.021789
-0.004824,0.020639,-0.015374
