0.002632,0.002736,-0.002967
0.003577,-0.005504,-0.004739
0.004876,-0.006158,-0.003881
0.004637,-0.005512,-0.011243
0.004774,0.000507,-0.006048
0.000595,0.004031,-0.003217
-0.003261,0.003896,-0.003352
-0.003103,-0.002999,-0.002626
-0.001139,-0.001894,-0.006083
-0.004108,0.006962,-0.001356
-0.002655,0.025116,0.004086
-0.003653,0.033909,0.001614
-0.005979,0.037776,0.002399
-0.003518,0.029224,0.000545
-0.002478,0.019640,-0.002734
0.000314,0.010213,-0.006412
0.001329,0.007626,-0.010088
-0.001752,0.003851,-0.012438
-0.001948,0.007466,-0.015102
-0.000248,0.007406,-0.016784
-0.002076,0.008795,-0.015566
-0.000753,0.008594,-0.021069
-0.002764,0.009388,-0.013749
-0.000216,0.015306,-0.009269
-0.001356,0.019764,-0.004018
-0.000929,0.011403,-0.073814
-0.024792,-0.001839,-0.467824
-0.013186,0.008139,-0.309340
0.010588,0.013477,-0.043487
0.012089,0.008678,0.017605
-0.003817,0.014293,0.000857
0.001739,0.014898,-0.010522
0.001801,0.014430,-0.005576
-0.003187,0.011460,-0.009013
-0.006256,0.013946,-0.016752
-0.008789,0.014536,-0.014975
-0.003608,0.016411,-0.014172
-0.001580,0.022831,-0.009251
-0.001599,0.015390,-0.004653
0.003854,0.014303,-0.004341
0.004021,0.010152,-0.004978
0.001100,0.015401,-0.002721
-0.001873,0.020597,0.002166
0.001825,0.020676,0.000030
0.002640,0.019668,0.004014
0.002165,0.014873,0.003781
0.001297,0.010718,0.005985
-0.000737,0.007877,0.007461
0.000055,0.003609,0.007079
0.000606,0.002824,0.007518
-0.005808,0.011809,0.006193
-0.010401,0.019649,0.006198
-0.009974,0.022810,0.010426
-0.006947,0.015330,0.004440
-0.003201,0.005009,0.002070
0.000323,0.000124,-0.000559
-0.000658,0.006578,-0.004061
-0.003120,0.009217,-0.002118
-0.005856,0.015289,0.000825
-0.007469,0.023931,0.000360
-0.005317,0.021453,0.002019
-0.003012,0.009162,0.006227
0.004147,-0.000194,0.001100
0.004148,0.005718,0.005107
-0.000686,0.010521,0.008415
-0.004292,0.012048,0.002509
-0.004644,0.013763,-0.000131
-0.001842,0.017143,0.002328
-0.000456,0.009359,0.004142
0.000865,-0.001129,0.001414
-0.000938,-0.005822,-0.002672
-0.005707,-0.010907,-0.004319
-0.002029,-0.006190,-0.002300
-0.000243,0.005159,0.006152
0.001986,0.012732,0.011230
0.002605,0.011878,0.012799
0.004526,0.005409,0.000662
0.002519,0.002023,0.007319
0.000766,0.004464,0.010064
-0.002214,0.008898,0.014169
-0.001293,0.008540,0.015068
-0.003178,0.008959,0.014380
-0.001918,0.013304,0.012371
-0.003700,0.008364,0.011976
-0.005906,0.006105,0.004029
-0.005282,0.001994,0.001779
-0.004301,0.004185,-0.000790
-0.005109,0.006048,0.000471
-0.006306,0.010654,0.003189
-0.006400,0.005564,-0.000688
-0.004748,-0.003417,-0.002414
-0.002878,-0.005251,-0.001215
-0.004556,-0.003797,0.000004
-0.006736,0.000418,0.000994
-0.006994,0.005524,-0.002640
-0.006489,0.005886,-0.005680
-0.006358,0.007998,-0.002498
-0.003919,0.008771,-0.001098
-0.001431,0.009959,-0.002634
-0.002869,0.007620,-0.007114
-0.000586,0.003932,-0.004563
-0.001866,0.001333,-0.006046
-0.001649,-0.005060,-0.006795
-0.000932,-0.010037,-0.007631
-0.002274,-0.009021,-0.007846
0.000664,-0.005619,-0.002066
0.001024,-0.000081,-0.001079
0.000564,0.003992,-0.003732
-0.001349,0.008638,0.000530
0.000696,0.009665,0.008339
0.003030,0.003556,0.005201
0.003389,-0.007451,0.002523
0.000921,-0.009051,-0.000826
-0.004352,-0.007205,-0.001855
-0.003274,0.001075,-0.000094
-0.002609,0.008383,-0.002055
-0.000721,0.010472,-0.004414
-0.003548,0.005423,0.000576
-0.003134,-0.002894,-0.009186
0.000223,-0.009992,-0.011738
-0.000974,-0.012886,-0.005406
-0.003006,-0.008262,-0.005549
-0.000745,0.001002,-0.002870
-0.003034,0.007342,0.000157
-0.004100,0.007042,-0.002581
-0.000403,0.011275,-0.003337
-0.002109,0.011210,-0.002767
-0.003501,0.012439,0.000194
-0.006314,0.011173,-0.001686
-0.004042,0.012029,-0.001298
-0.005858,0.015316,-0.005704
-0.004757,0.012124,-0.006415
-0.004213,0.012514,-0.010937
-0.005257,0.011955,-0.014383
-0.005155,0.012792,-0.017643
-0.004051,0.017076,-0.016741
-0.001536,0.022437,-0.013986
-0.000969,0.018794,-0.011636
0.003155,0.018818,-0.011062
0.001741,0.011247,-0.008653
0.002659,0.003274,-0.008710
0.002105,-0.000970,-0.006816
0.002291,0.001120,-0.008324
0.004021,0.011977,-0.005333
0.001309,0.022447,-0.003366
-0.004234,0.018971,-0.002329
-0.003922,0.010998,-0.003135
-0.004508,0.010789,-0.005253
-0.003646,0.013340,-0.005072
-0.003658,0.025572,0.000843
-0.004893,0.029403,0.000925
-0.006864,0.029058,-0.001564
-0.005367,0.024256,-0.003129
-0.003961,0.021972,-0.001248
-0.004055,0.016846,-0.004339
-0.004758,0.013228,-0.007159
-0.004358,0.011952,-0.013582
-0.000045,0.006625,-0.013150
0.002127,-0.000462,-0.011083
0.002387,-0.006173,-0.014195
0.006620,-0.010173,-0.014603
0.002131,-0.008572,-0.013139
0.001823,-0.001434,-0.006791
0.003727,0.005281,-0.002408
0.003510,0.002814,0.003076
0.004078,0.006598,0.001433
0.002117,0.005848,0.007487
-0.000261,0.008934,0.005730
-0.002969,0.011338,0.008694
-0.002816,0.017177,0.002310
-0.001958,0.022185,-0.002927
-0.003452,0.022505,-0.004869
-0.005389,0.022046,-0.004021
-0.005848,0.017646,-0.010228
-0.007232,0.010612,-0.006922
-0.008200,0.006175,-0.004378
-0.003759,0.007175,-0.008226
-0.003989,0.006988,-0.009336
-0.000926,0.006293,-0.007971
0.001842,0.002242,-0.009085
0.001792,-0.001412,-0.010221
0.000220,0.004088,-0.008142
0.002907,0.005271,-0.009167
-0.000127,0.010361,-0.004763
-0.000107,0.010102,-0.009934
0.000900,-0.002972,-0.009543
0.002125,-0.005110,-0.007804
0.002475,-0.006095,-0.003568
0.004752,-0.002744,-0.001162
0.005674,-0.000174,-0.004935
0.003081,0.007960,-0.006521
0.000900,0.011244,-0.003517
0.000044,0.014946,0.000074
0.001959,0.017906,0.006208
0.004337,0.018032,0.005873
0.000834,0.016573,0.010829
0.000045,0.020763,0.009716
-0.000540,0.022534,0.008054
-0.001912,0.022188,0.011682
-0.003092,0.019921,0.006950
-0.002130,0.014373,0.004812
-0.005486,0.010319,-0.001242
-0.006850,0.010607,-0.001877
-0.008450,0.005271,-0.005060
-0.005812,0.001406,-0.009929
-0.003892,-0.002284,-0.014550
-0.001899,-0.002117,-0.014005
-0.001851,0.000482,-0.011543
-0.001240,-0.000294,-0.008682
-0.001901,0.002328,-0.005782
-0.001583,0.011095,-0.004394
-0.005127,0.017089,-0.007661
-0.005531,0.025782,-0.001616
-0.004855,0.025836,-0.001018
0.000021,0.012460,-0.005059
0.002311,0.004107,-0.009077
0.001664,0.004499,-0.010860
-0.001372,0.008697,-0.011332
-0.005898,0.007284,-0.008804
-0.005468,0.010546,-0.005570
-0.004484,0.008543,-0.005225
-0.002466,0.005802,-0.006818
0.000711,-0.001290,-0.006654
0.003606,-0.007364,-0.007156
-0.001158,-0.005577,-0.008925
-0.000063,0.001829,-0.007538
-0.003239,0.007671,-0.005414
-0.001069,0.013415,-0.007028
0.002657,0.015234,-0.004679
0.004061,0.017271,-0.004742
0.006363,0.013813,-0.008250
0.002207,0.016051,-0.004662
0.002398,0.020357,0.000985
-0.000592,0.028496,0.005333
0.003313,0.029062,0.007435
-0.000299,0.024107,0.004141
-0.003471,0.016207,0.001934
-0.001165,0.009032,-0.003108
-0.002785,0.000337,-0.001124
-0.001010,-0.002251,-0.002728
0.002404,-0.004412,-0.005668
0.002093,0.000257,-0.004142
0.001696,-0.000368,-0.001823
0.003169,-0.006152,-0.000029
0.003156,-0.008662,0.001468
0.002488,-0.008230,-0.001356
0.002395,-0.002666,0.002313
0.000008,0.007554,0.006296
0.001544,0.010501,0.006601
0.000238,0.016115,0.009997
0.001975,0.014077,0.010650
0.004378,0.005581,0.011485
0.003851,-0.003559,0.010136
-0.001027,-0.001170,0.006979
-0.006414,0.009607,0.007297
-0.009445,0.019442,0.007297
-0.007371,0.015455,0.008717
-0.006525,0.007401,0.001042
-0.005793,-0.002799,-0.001101
-0.003890,-0.014122,-0.001899
-0.005564,-0.014977,-0.006289
-0.007859,-0.014751,-0.010974
-0.008266,-0.005778,-0.014181
-0.007512,0.000202,-0.009009
-0.003192,0.005118,-0.008131
-0.002354,0.006380,-0.007316
-0.003491,0.006623,-0.004386
-0.003146,0.002383,-0.005886
-0.003720,0.000338,-0.003990
-0.002006,-0.000978,-0.004829
-0.000007,0.002976,-0.002536
0.000896,0.009545,-0.002383
0.000543,0.013044,-0.002553
-0.001415,0.005180,-0.006021
-0.004528,0.005205,-0.005718
-0.004702,0.003586,-0.007249
-0.002114,0.006135,-0.006154
-0.001119,0.013024,-0.003876
-0.000116,0.015319,-0.000127
-0.000467,0.015727,-0.002630
0.001258,0.009705,0.002302
0.000739,0.006635,-0.003509
-0.000031,0.006382,-0.002280
-0.000170,0.004648,-0.001652
-0.000393,0.002097,-0.002505
0.000060,0.003212,-0.000912
0.000288,0.000078,0.000615
-0.001281,-0.002352,0.001278
-0.000898,0.000867,-0.001801
-0.000068,-0.000856,-0.005228
-0.000017,0.003430,-0.004735
-0.001350,0.004780,-0.004948
-0.002482,0.000637,-0.006455
-0.003583,-0.003788,-0.008776
-0.000736,-0.008146,-0.009055
-0.001795,-0.005953,-0.004359
-0.001660,0.003207,-0.001013
-0.002960,0.009389,0.000077
-0.002733,0.016879,-0.001412
-0.000399,0.013548,0.000829
0.002301,0.009058,0.003055
0.005689,0.003392,0.001824
0.001566,-0.001762,-0.003875
-0.001829,-0.005100,-0.003008
-0.003525,0.001699,-0.001991
-0.003533,-0.000019,-0.000897
-0.003049,0.004561,-0.006514
-0.002022,0.000157,-0.006104
-0.001206,-0.002018,-0.006260
-0.001999,-0.001726,-0.009465
-0.003340,-0.003594,-0.008448
-0.002043,-0.005618,-0.010444
0.000600,0.003765,-0.007725
-0.002177,0.009324,-0.003213
-0.001520,0.009929,0.003714
0.001230,0.007271,0.002615
0.001746,0.013309,0.001976
0.000163,0.012724,0.002410
0.000858,0.011146,0.002769
-0.000543,0.010773,0.003137
0.001145,0.008497,0.001446
0.001043,0.009668,0.000802
-0.001070,0.007139,0.004341
-0.003875,0.004270,-0.001630
-0.004551,-0.001957,-0.004302
-0.002661,-0.000624,-0.007964
-0.000409,0.005088,-0.010949
-0.000929,0.006602,-0.011472
-0.001550,0.010465,-0.010130
0.000908,0.010117,-0.003535
-0.000629,0.008626,-0.005899
-0.001438,0.007623,-0.006104
-0.003663,0.009835,-0.006404
-0.003454,0.014065,-0.007331
-0.003093,0.010211,-0.006674
-0.003506,0.011159,-0.004261
-0.005430,0.009807,-0.010231
-0.005199,0.005163,-0.009450
-0.005289,0.009017,-0.011430
-0.004320,0.003088,-0.012399
-0.004870,-0.001844,-0.010609
-0.003033,-0.004404,-0.008671
-0.003581,-0.005491,-0.009939
-0.000700,-0.006680,-0.013363
0.001610,-0.002854,-0.014802
-0.001439,0.002973,-0.017939
-0.005904,0.009035,-0.017512
-0.002656,0.008308,-0.016430
-0.002386,0.004085,-0.018007
-0.001834,0.008904,-0.016882
-0.000866,0.014308,-0.011479
-0.000505,0.022467,-0.013269
0.000328,0.021905,-0.012302
0.001474,0.022609,-0.013393
-0.001886,0.027951,-0.012447
-0.002669,0.018790,-0.014521
-0.002931,0.009661,-0.016192
0.000687,-0.000338,-0.023282
0.001691,-0.006049,-0.024796
0.004771,0.000588,-0.022264
0.006759,0.013884,-0.018816
0.005282,0.020400,-0.008645
0.003462,0.018860,-0.008075
0.001762,0.010812,-0.004208
0.004248,0.000251,-0.007729
0.004873,0.000020,-0.005697
0.003445,0.002237,-0.005818
0.005540,0.000780,-0.002862
0.002029,0.003409,0.001261
-0.000846,0.006338,-0.000797
0.001648,0.013072,-0.003309
0.001502,0.011931,0.001489
0.001427,0.013220,0.002220
0.001279,0.010553,0.003267
-0.002121,0.004855,-0.000929
0.000738,-0.000305,0.000899
0.000733,-0.003499,-0.000655
0.002218,-0.006910,-0.002316
-0.001985,-0.004383,-0.002753
-0.001949,-0.003282,0.000691
-0.004726,0.000006,0.001118
-0.003107,0.003488,0.002403
-0.000942,0.005471,-0.001648
-0.002218,0.005413,0.005251
-0.003966,0.004550,0.002305
-0.005791,0.004881,-0.004989
-0.007297,0.007209,-0.001791
-0.004823,0.012930,-0.002699
-0.003429,0.014497,-0.001726
-0.002460,0.009406,-0.001765
-0.001206,0.000704,-0.004811
0.000885,-0.006335,-0.010475
0.002134,-0.014589,-0.010226
-0.001910,-0.018842,-0.012695
-0.001140,-0.020547,-0.011506
0.000530,-0.014847,-0.013098
0.002818,-0.007520,-0.011838
0.001925,-0.002232,-0.010236
0.003504,-0.001455,-0.005305
0.000233,0.005314,-0.001651
0.001230,0.006016,0.004321
0.001856,0.009926,0.003226
0.001977,0.014912,0.004589
-0.000439,0.015093,0.003129
-0.000559,0.013272,0.008575
0.000960,0.009430,0.006538
0.002605,0.003446,-0.000875
0.005013,-0.001269,0.001719
0.001325,-0.002731,-0.002973
-0.003660,-0.004457,-0.001213
-0.004232,0.001669,0.003414
-0.005309,0.004456,0.000035
-0.002431,0.002961,-0.001434
-0.001101,0.003475,-0.003288
0.000032,0.003748,-0.001626
-0.000002,0.008929,-0.000113
-0.002558,0.002302,-0.001667
0.000185,-0.002707,-0.003574
-0.000477,-0.008808,-0.003017
-0.002216,-0.012145,-0.005834
-0.005296,-0.008621,-0.002239
-0.004685,-0.001809,-0.003150
-0.002854,0.008251,-0.000487
-0.002700,0.014974,-0.002966
-0.001803,0.012289,-0.000807
-0.003040,0.006501,-0.002088
-0.005024,0.000274,-0.003633
-0.006079,-0.004107,-0.006254
-0.004759,-0.000235,-0.009182
-0.006948,0.005287,-0.009883
-0.001936,0.013991,-0.009429
0.000061,0.012853,-0.009995
-0.001306,0.010374,-0.010532
-0.000514,0.004595,-0.005339
0.003837,-0.000598,-0.003670
0.003214,-0.002843,-0.005007
0.003371,-0.001495,-0.000480
0.002589,0.007982,-0.000144
0.000167,0.017041,-0.001581
-0.000715,0.026121,0.004467
-0.001144,0.030127,0.007320
0.001629,0.034018,0.007934
-0.000422,0.024800,0.002614
-0.000728,0.016941,0.001916
0.000287,0.008956,-0.002624
0.001405,0.002233,-0.000976
0.002432,0.003990,-0.000139
0.002236,0.004400,-0.001058
0.002056,0.004288,-0.001400
0.003205,0.005723,-0.001440
0.003018,0.004958,-0.004995
0.006389,0.003556,-0.001321
0.001658,0.007901,0.001586
0.000207,0.010518,0.006086
-0.002939,0.014352,0.007604
-0.001540,0.011246,0.006477
-0.002672,0.009576,0.005796
-0.001864,0.004662,0.006136
-0.004059,0.004199,0.002489
-0.004497,0.000516,0.000340
-0.001971,-0.002106,-0.003717
-0.002847,-0.004653,-0.004150
-0.002819,-0.000046,-0.004711
-0.005649,-0.000607,-0.005694
-0.007912,0.003520,-0.008267
-0.009920,0.009072,-0.006993
-0.004634,0.015341,-0.006679
-0.001483,0.011692,-0.008194
0.002842,0.000590,-0.005962
0.006932,-0.006474,-0.007296
0.002400,-0.008410,-0.003640
-0.000266,-0.006707,-0.002992
-0.000581,0.003085,-0.001889
-0.004236,0.012308,0.003616
-0.001821,0.012188,0.002478
-0.002482,0.008672,0.000364
-0.002128,0.006271,0.001202
-0.001129,0.004044,-0.001457
0.000467,0.005132,-0.002633
0.002378,0.008292,-0.003257
-0.000165,0.008467,-0.004562
0.000046,0.013167,-0.003159
-0.001844,0.013907,0.000521
-0.000182,0.011574,0.000266
0.004741,0.008061,0.002902
0.002791,0.006300,0.002352
0.000254,0.003134,0.001223
-0.002816,0.003408,0.003300
-0.004462,0.009205,0.003236
-0.006088,0.021960,0.002959
-0.003172,0.027733,0.006126
-0.002000,0.031880,0.003882
-0.002323,0.022232,-0.000676
0.001071,0.008104,-0.003795
0.000462,-0.003116,-0.005113
-0.000011,-0.003732,-0.000056
-0.002691,-0.002698,0.000461
-0.003836,0.001000,-0.002820
-0.003529,0.007120,-0.001728
-0.005152,0.010743,0.001002
-0.000679,0.013095,0.003276
0.002200,0.009634,0.000553
0.002374,0.006669,0.001969
-0.000639,0.000932,0.000300
-0.001096,-0.002033,-0.001292
-0.005408,0.002957,0.001939
-0.004640,0.006613,0.005722
-0.002413,0.011115,0.003762
-0.002577,0.006680,-0.000616
-0.001217,0.002788,-0.005238
-0.001101,0.005860,-0.003650
-0.003936,0.004410,-0.001028
-0.005561,0.006897,-0.001642
-0.006468,0.008344,-0.001398
-0.005903,0.009350,-0.000478
-0.003954,0.009923,-0.001994
-0.000139,0.005410,-0.006154
0.002325,-0.008181,-0.006625
0.004104,-0.016109,-0.013197
-0.000184,-0.017132,-0.013839
-0.001344,-0.006947,-0.013429
-0.002828,0.003881,-0.009799
-0.000085,0.012535,-0.005801
0.001258,0.016300,-0.001126
0.002886,0.016132,0.005603
0.005012,0.011051,-0.000291
0.001769,0.004841,0.000817
0.002676,0.000789,-0.000427
0.002278,-0.000106,-0.004333
0.004080,-0.002178,-0.002649
0.005097,-0.001510,0.003264
0.004641,-0.005710,0.003740
0.003067,-0.008423,0.002659
0.000736,-0.013172,0.001075
0.002393,-0.006743,0.002909
0.001964,0.007026,0.003998
0.001177,0.020196,0.013164
-0.001312,0.029712,0.013034
-0.001629,0.032639,0.012209
0.003375,0.026528,0.012331
0.006100,0.007841,0.008456
0.005908,-0.000866,0.002884
-0.000088,-0.009479,0.003182
-0.004174,-0.008014,0.000629
-0.003036,-0.002849,-0.002279
-0.001531,0.006434,-0.003720
-0.001511,0.017047,0.003562
-0.002879,0.015379,-0.001726
-0.000687,0.010257,0.001846
-0.000276,-0.002382,0.002245
-0.000919,-0.000411,0.004918
-0.005512,0.002704,0.009426
-0.006500,0.005991,0.007673
-0.009251,0.012933,0.003668
-0.006012,0.017538,0.004380
-0.007603,0.020633,0.004080
-0.008384,0.015592,0.002536
-0.006646,0.012201,-0.003920
-0.005533,0.006533,-0.007433
-0.006157,0.008956,-0.006497
-0.005314,0.012775,-0.010679
-0.006052,0.010336,-0.017833
-0.006263,0.004427,-0.019572
-0.007956,-0.000345,-0.021010
-0.003581,-0.003473,-0.019274
0.001269,-0.002752,-0.014963
0.000760,-0.002561,-0.012897
0.001653,0.004421,-0.014221
-0.000296,0.011242,-0.004449
0.001478,0.016441,-0.002460
-0.001381,0.014008,-0.002294
-0.000418,0.011253,-0.005844
-0.002184,0.010525,-0.004167
-0.003861,0.014098,-0.010909
-0.001648,0.017342,-0.011406
-0.000350,0.017623,-0.008512
0.000730,0.015074,-0.005466
-0.000713,0.007866,-0.004762
-0.000301,-0.003450,-0.011054
-0.000247,-0.009292,-0.008440
0.001029,-0.006456,-0.005887
0.001553,-0.004367,-0.004539
0.001598,0.001408,-0.005800
-0.000847,0.002198,-0.003984
0.002573,-0.003145,-0.005183
0.003137,0.000063,-0.004742
0.003354,0.005415,-0.005535
0.003874,0.013297,-0.002478
0.002785,0.014996,0.003735
0.000704,0.015407,0.006366
0.001906,0.018456,0.008026
0.006176,0.013930,0.007812
0.007767,0.007414,0.009621
0.005277,0.002937,0.009878
0.004624,0.001906,0.008889
0.005077,0.001615,0.007893
0.004037,0.000011,0.010474
0.003637,-0.005351,0.008026
0.003513,-0.007785,0.005911
0.003755,-0.008748,0.010578
0.003900,-0.007068,0.014270
0.004594,-0.001278,0.013919
0.001941,-0.001387,0.018101
0.000503,0.000456,0.015594
-0.002116,-0.004518,0.010552
-0.002454,-0.005656,0.014518
-0.003868,-0.000365,0.013891
-0.005100,0.005401,0.014411
-0.008891,0.005685,0.015071
-0.010708,0.006818,0.008582
-0.008488,0.009820,0.005893
-0.010917,0.008369,0.009967
-0.009491,0.007771,0.004780
-0.010208,0.002024,0.002881
-0.009703,0.004719,-0.004339
-0.009795,0.007727,-0.002507
-0.008437,0.008087,-0.006359
-0.007480,0.007734,-0.004451
-0.008168,0.001248,-0.010216
-0.007667,-0.001665,-0.008009
-0.008257,0.002654,-0.008893
-0.007643,0.003849,-0.007208
-0.008773,0.007932,-0.010053
-0.008293,0.003001,-0.008368
-0.006689,-0.002795,-0.013281
-0.006419,-0.006600,-0.019985
-0.004303,-0.005430,-0.018055
-0.005152,0.001897,-0.016032
-0.005601,0.007695,-0.016117
-0.001392,0.007693,-0.014482
-0.000684,0.006578,-0.015361
0.000364,0.002573,-0.015504
-0.000804,0.000177,-0.015494
-0.000387,0.002268,-0.014777
0.000570,0.005561,-0.011817
0.003251,0.002905,-0.007371
0.008290,0.007237,-0.006210
0.006203,0.005783,-0.002034
0.005077,0.004604,-0.002920
0.001019,0.005868,-0.002291
-0.000085,0.014585,-0.003482
0.001999,0.016741,0.000214
0.005457,0.015682,0.001364
0.007102,0.010253,0.001955
0.007467,0.002449,-0.000281
0.005001,-0.008575,-0.000546
0.003676,-0.014717,-0.004648
0.002553,-0.013197,-0.002047
-0.000419,-0.008596,-0.000757
-0.002380,0.000778,-0.000538
0.000481,0.013031,-0.001770
0.000441,0.010226,0.000486
0.001467,0.005475,0.001034
0.003123,-0.002581,0.004550
0.002396,-0.012962,0.002194
0.002052,-0.018089,-0.000940
0.000075,-0.009973,-0.004655
-0.003570,0.002114,0.000867
-0.007453,0.006011,-0.000029
-0.003796,0.004585,0.001095
-0.003328,-0.000220,0.004067
0.002083,-0.003783,0.004271
0.002621,-0.004809,0.001778
0.001684,-0.003609,-0.001640
-0.003467,0.004227,0.001726
-0.005816,0.008147,0.003435
-0.004213,0.009388,0.003997
-0.003936,0.008833,0.005171
-0.002734,0.003985,0.007670
-0.004081,0.001234,0.006558
-0.003979,-0.000868,0.000468
-0.006667,0.004568,0.000266
-0.008059,0.009577,0.001947
-0.006445,0.014661,-0.000303
-0.003537,0.009501,0.000392
-0.003683,0.002067,-0.003714
-0.005602,-0.005705,-0.002233
-0.006504,-0.006477,-0.002583
-0.006566,-0.001817,-0.005462
-0.007417,0.006362,-0.006019
-0.005053,0.013554,-0.008212
-0.002222,0.014878,-0.006858
0.001272,0.011577,-0.007968
0.004359,0.003636,-0.007318
0.003898,-0.003664,-0.004557
0.000721,-0.009996,-0.010604
-0.003223,-0.012105,-0.010200
-0.003801,-0.003721,-0.009914
-0.002396,0.010733,-0.004543
0.000850,0.018908,0.001160
0.004057,0.016784,-0.001152
0.001428,0.006059,-0.007271
0.001456,-0.005726,-0.005189
-0.001202,-0.009199,-0.006898
-0.002962,-0.007495,-0.007423
-0.001132,0.000382,-0.009452
0.001063,0.007523,-0.003953
0.000046,0.011348,-0.003543
0.000701,0.002462,-0.004986
0.003490,-0.005562,-0.006660
0.003887,-0.010762,-0.004710
0.001575,-0.012031,0.000649
0.001310,-0.006398,-0.003633
-0.000801,-0.001016,-0.004319
0.001033,-0.000259,-0.001964
0.002073,-0.002769,-0.005659
0.004835,-0.007441,-0.005526
0.005361,-0.006678,-0.001604
0.003331,-0.008356,0.000099
0.006003,-0.007308,0.001565
0.001101,-0.005108,0.003973
0.000062,0.002369,0.005250
-0.002966,0.003132,0.006100
-0.001615,0.005752,0.005998
-0.001160,0.004700,0.005436
-0.001582,0.002310,0.002057
-0.000077,0.002293,0.000778
0.000358,-0.006005,-0.000424
-0.000604,-0.011720,-0.003766
-0.002622,-0.015022,-0.002465
-0.004636,-0.011256,0.001066
-0.005638,-0.013456,0.000157
-0.004232,-0.013391,-0.003538
-0.004082,-0.007368,-0.004114
-0.003001,-0.002021,-0.002940
-0.002902,0.005816,-0.000084
-0.004061,0.007822,0.001373
-0.006617,0.009404,0.003158
-0.009065,0.005645,0.002654
-0.007457,0.006749,0.000351
-0.005695,0.004083,-0.003533
-0.004060,0.005887,-0.001929
-0.002640,0.007074,-0.004509
-0.004940,-0.000412,-0.008870
-0.004499,-0.010079,-0.013532
-0.004923,-0.014219,-0.015535
-0.005123,-0.009602,-0.016073
-0.005079,-0.004725,-0.016912
-0.003461,-0.000100,-0.012813
-0.001951,0.003265,-0.010757
-0.000304,0.006579,-0.006314
0.001174,0.006050,-0.009764
0.000163,0.002159,-0.007414
0.002801,0.003436,-0.009618
-0.000096,0.005822,-0.006136
-0.003500,0.008171,-0.005705
-0.002787,0.005777,-0.007386
-0.002991,0.000893,-0.009905
-0.001364,-0.002617,-0.012531
-0.000171,-0.003797,-0.012476
-0.002026,-0.001817,-0.011946
-0.004582,0.003660,-0.013106
-0.004770,0.006480,-0.013262
-0.003511,0.008736,-0.010636
-0.000818,0.013302,-0.006609
0.001663,0.012406,-0.010232
0.002434,0.007609,-0.008272
0.001961,0.002341,-0.006554
0.000031,0.002784,-0.010074
-0.000599,0.007832,-0.010153
-0.000318,0.012594,-0.005509
-0.000767,0.015356,-0.005148
-0.000337,0.009988,-0.007003
0.001332,0.003114,-0.004622
0.002129,0.004716,-0.005175
0.003336,0.001826,-0.003798
-0.001095,-0.000209,-0.001860
-0.002241,0.001803,-0.004919
-0.001349,0.007962,-0.004798
-0.002428,0.013409,-0.006969
-0.001304,0.014121,-0.003429
0.001058,0.013634,-0.004695
0.001488,0.010266,-0.005238
0.001784,0.001038,-0.004724
0.001320,-0.004865,-0.008928
0.002232,-0.006980,-0.005275
-0.001336,-0.004427,-0.003912
-0.003913,0.000628,-0.004369
-0.001924,0.008603,-0.000207
-0.002542,0.013772,-0.001892
-0.002107,0.013915,-0.002090
0.000323,0.014752,-0.002814
0.000803,0.006042,-0.004670
0.001501,-0.002313,-0.010226
-0.000023,-0.007825,-0.008670
-0.001179,-0.001667,-0.013000
-0.001944,0.002712,-0.008561
-0.003737,0.008698,-0.004025
-0.003435,0.005672,-0.007984
-0.003873,-0.003317,-0.008876
-0.000402,-0.008876,-0.007772
0.000960,-0.007845,-0.010569
0.001162,0.001642,-0.006141
-0.001059,0.008925,-0.005264
-0.000864,0.015191,0.001824
-0.001862,0.010104,0.002312
-0.001990,0.000195,-0.005749
-0.000004,0.000439,-0.003251
-0.000286,0.001377,-0.003795
0.000670,0.008297,-0.003904
-0.000421,0.006220,-0.008041
-0.001645,0.006708,-0.009174
-0.001852,0.000661,-0.010812
0.000547,-0.005769,-0.010201
0.001485,-0.003507,-0.009917
0.002446,-0.001687,-0.009307
0.002773,0.001331,-0.007913
0.000553,-0.000837,-0.007294
0.002859,-0.001380,-0.001875
0.000452,0.000741,0.001644
-0.001126,0.004432,0.001390
-0.001061,0.005223,0.000898
-0.001717,0.007486,-0.001061
-0.001950,0.010973,0.000798
0.000315,0.013300,0.002105
-0.001165,0.001912,-0.001700
-0.000594,-0.002660,-0.004857
-0.001319,-0.005582,-0.005045
-0.002241,-0.003565,-0.004805
-0.003600,0.003184,-0.007854
-0.003700,0.005728,-0.008005
0.002172,0.002572,-0.002000
0.005586,-0.007136,-0.006747
0.005048,-0.013207,-0.005548
0.004878,-0.009494,-0.003154
0.001304,-0.000484,0.004323
-0.000249,0.010285,0.003985
-0.000203,0.019859,0.008175
0.000651,0.021297,0.007141
0.004207,0.007066,0.007392
0.004444,-0.007345,0.005473
0.004525,-0.019106,0.001417
0.006109,-0.018735,-0.001037
0.001382,-0.008366,0.002688
0.000942,0.003136,0.005256
-0.003378,0.008909,0.006467
-0.002787,0.006632,0.003244
-0.002354,0.005003,0.003535
-0.002561,-0.002907,0.006559
-0.001298,-0.005629,0.005288
-0.002407,-0.006090,0.003204
0.001046,-0.002394,0.003334
-0.000066,0.000848,0.006307
-0.001534,-0.002076,0.002852
-0.000859,-0.005523,0.002632
-0.003229,-0.006385,0.000502
-0.003838,-0.000725,0.002176
-0.003410,0.006329,0.004811
-0.002262,0.012907,0.002668
-0.003368,0.011695,0.006265
-0.005046,0.006281,0.000756
-0.001991,0.000312,0.002903
0.000057,-0.006176,0.000635
-0.000261,-0.009187,-0.000322
0.001605,-0.009085,-0.002464
-0.003732,0.001055,-0.003731
-0.005690,0.002911,-0.000907
-0.005751,0.002671,-0.002715
-0.007218,0.002286,-0.002564
-0.005278,0.002086,-0.000855
-0.005874,0.003740,-0.002162
-0.004776,0.002440,-0.001457
-0.006869,-0.001461,-0.001176
-0.004680,-0.001173,-0.004174
-0.003945,0.002710,-0.005704
-0.003901,0.000984,-0.008254
-0.004337,0.002001,-0.008354
-0.003986,-0.000674,-0.011935
-0.002011,-0.000669,-0.010508
0.000399,-0.003925,-0.005863
0.003238,0.002693,-0.003250
0.003483,0.000001,-0.006652
0.001116,0.001237,-0.006744
0.001994,0.007506,-0.000613
-0.000840,0.010111,0.001220
-0.000189,0.004812,-0.003610
0.002906,0.000782,-0.002381
-0.000176,-0.003627,-0.003132
0.000541,-0.002699,-0.002894
0.002043,-0.002446,-0.004313
-0.000617,-0.001869,-0.007078
-0.000741,-0.001262,-0.002166
-0.003545,-0.000673,-0.003729
-0.003201,0.004844,-0.002856
-0.003242,0.005187,0.001568
-0.001728,-0.000525,-0.001933
-0.001904,-0.000351,-0.006776
-0.000981,-0.003303,-0.003965
0.001608,-0.002028,-0.004423
0.001165,0.001489,-0.005603
-0.000316,0.001225,-0.002160
-0.000455,-0.000436,-0.002052
-0.002811,-0.001199,-0.001337
-0.002743,-0.000599,-0.003339
-0.001909,0.000602,-0.001743
0.001508,-0.000417,0.001668
0.001662,-0.000115,-0.000069
0.002663,-0.004287,-0.001482
0.000683,-0.003245,-0.001927
-0.000419,0.001450,0.000546
-0.004217,0.004551,-0.001098
-0.003404,0.003346,-0.002532
-0.000440,0.005466,0.001548
-0.001420,0.002497,0.000110
0.000202,-0.000230,-0.002040
-0.000026,0.004810,0.001090
-0.001767,0.004279,0.002420
0.001334,0.008911,0.000380
0.004097,0.003795,0.002728
0.003696,0.000524,0.000430
0.002256,-0.006427,0.003080
0.003277,-0.007868,0.001431
0.001724,-0.013333,0.003483
0.005801,-0.010376,0.003313
0.002626,-0.009259,0.007275
0.001559,-0.001458,0.007568
0.001499,0.001264,0.009784
0.001779,0.004501,0.010319
0.000494,0.004392,0.008862
0.000852,0.002633,0.010859
0.001909,-0.002893,0.010257
0.001165,-0.010476,0.010278
0.001360,-0.013226,0.009774
-0.000826,-0.009341,0.008749
-0.001630,0.000518,0.007971
-0.004359,0.000701,0.009773
-0.003369,-0.002902,0.009255
-0.001783,-0.006928,0.005074
-0.000627,-0.013821,0.006698
-0.001532,-0.014900,0.005206
-0.004335,-0.012691,0.004936
-0.004864,-0.011967,0.003562
-0.005702,-0.007088,0.007493
-0.005142,-0.011798,0.010854
-0.003676,-0.016661,0.005966
-0.002050,-0.016237,0.004612
-0.001189,-0.010223,0.002519
-0.001908,-0.006987,0.002314
-0.002483,-0.001529,0.003522
-0.003073,-0.007514,0.003855
-0.003762,-0.003845,0.002234
-0.003982,-0.001781,0.003313
-0.001353,-0.004600,-0.000802
0.001425,-0.000771,-0.001096
-0.002251,-0.002888,0.001740
-0.001164,-0.009617,0.004434
-0.003256,-0.007532,0.002657
-0.006289,-0.006434,0.004875
-0.005897,-0.001493,0.005031
-0.003897,0.001767,0.005130
0.001006,0.000628,0.005344
-0.000920,-0.004036,0.003084
-0.001929,-0.001107,-0.001830
-0.004826,0.000744,0.000288
-0.005518,0.003668,0.002533
-0.004199,-0.000434,0.001899
-0.000699,-0.002295,0.002237
-0.000360,-0.002406,0.002833
-0.001517,0.003928,0.008093
-0.001181,0.004746,0.004381
-0.001518,0.003046,-0.001900
-0.001596,0.004645,-0.005721
-0.001086,0.010655,-0.001118
0.000729,0.009453,-0.001562
0.003860,0.002893,0.002337
0.003055,-0.000155,-0.000872
0.000887,-0.001779,0.001193
-0.001813,-0.005555,0.001358
-0.002081,-0.002925,-0.002742
-0.001189,0.002557,-0.001606
0.000009,0.001380,0.002283
0.001448,0.000027,0.002404
0.002098,-0.000486,0.002766
0.002064,-0.002894,0.003915
0.002737,-0.007943,0.006363
0.002971,-0.006190,0.005212
-0.000097,-0.001822,0.005210
-0.001691,0.004820,0.007300
-0.002409,0.008497,0.004695
0.000243,0.006560,0.005426
0.002034,-0.000152,0.004160
0.003315,-0.009360,-0.000626
-0.000007,-0.009634,0.003767
-0.003828,-0.004084,0.009473
-0.003700,-0.000553,0.005721
-0.003207,-0.000119,0.006636
-0.001049,-0.002380,0.009112
-0.002292,-0.008575,0.007389
-0.002183,-0.009552,0.004281
-0.002353,-0.005372,0.003098
-0.002989,-0.002429,0.002911
-0.003699,-0.003699,0.004966
-0.002825,-0.004252,0.000580
-0.001117,-0.001751,0.000829
0.001169,0.001416,0.005782
0.000324,0.004268,0.006736
-0.003875,0.001215,0.005284
-0.005334,0.000186,0.006980
-0.010003,-0.004315,0.011373
-0.010664,-0.014289,0.013063
-0.014469,-0.017182,0.009434
-0.006424,-0.015004,0.009329
-0.000932,-0.004987,0.009138
0.002789,0.003623,0.008955
0.006417,-0.001851,0.008222
-0.002443,-0.025712,-0.003510
-0.006159,-0.034032,-0.013752
-0.007562,-0.028210,-0.017485
-0.005187,-0.015123,-0.012076
-0.005318,0.004146,-0.007404
-0.006824,0.006403,-0.007574
-0.000792,0.004258,-0.004315
0.002296,0.005157,-0.005367
0.003052,0.011025,-0.005550
0.004210,0.017978,-0.000647
0.000762,0.017022,-0.002752
-0.001461,0.014110,-0.001262
-0.001014,0.005268,-0.005742
-0.001697,0.002436,-0.006153
-0.002967,-0.004037,-0.006957
-0.002704,-0.002664,-0.008062
-0.001088,-0.003154,-0.008576
0.000348,-0.002723,-0.004722
0.000197,-0.008821,-0.004904
