0.020762,0.036924,0.003281
0.025510,0.026770,0.010365
0.021555,0.018978,0.018833
0.017135,0.025549,0.021752
0.006626,0.030968,0.024638
-0.000189,0.043521,0.028088
-0.004119,0.046492,0.026100
-0.005848,0.036157,0.029191
-0.001301,0.022389,0.028671
0.001676,0.010258,0.036026
0.000836,-0.005856,0.027357
0.000692,-0.007008,0.034060
-0.003223,0.001218,0.030618
-0.007584,0.001505,0.034630
-0.007685,0.018384,0.031341
-0.008601,0.032715,0.030290
0.000649,0.038949,0.027400
0.003083,0.036101,0.028709
0.003469,0.018603,0.026314
-0.004436,0.000592,0.022511
-0.003504,-0.022017,0.020051
-0.005600,-0.030958,0.026131
-0.013752,-0.033577,0.025853
-0.014444,-0.035187,0.026555
-0.014829,-0.026844,0.006583
-0.009371,-0.019119,0.009485
0.029163,-0.010738,-0.045685
0.027933,0.012775,0.028310
-0.003890,0.036223,0.020518
-0.014723,0.058257,0.014418
-0.012697,0.075722,0.007575
-0.015930,0.083360,0.008371
-0.010539,0.081379,0.010179
-0.016780,0.076352,0.010274
-0.020189,0.065461,-0.005892
-0.016877,0.034878,-0.018982
-0.016265,-0.009115,-0.028246
-0.006013,-0.051334,-0.033063
-0.000426,-0.069282,-0.036902
-0.003835,-0.061075,-0.027945
-0.004441,-0.031196,-0.023003
-0.000109,0.015384,-0.025962
0.002265,0.044739,-0.024320
0.004655,0.049606,-0.023415
0.006611,0.034800,-0.029671
0.008705,0.015775,-0.031140
0.008544,-0.000553,-0.031765
0.005591,-0.011978,-0.035583
0.005242,-0.008511,-0.030014
0.010681,0.010166,-0.014031
0.013978,0.019714,-0.009836
0.014559,0.015476,-0.004023
0.013405,0.003039,-0.013031
0.018522,-0.000975,-0.012786
0.020188,0.003761,-0.008293
0.021136,0.019432,0.000200
0.018848,0.032142,0.005810
0.016910,0.043580,0.013649
0.013954,0.041593,0.013121
0.020191,0.026195,0.016960
0.015514,0.009624,0.018290
0.009966,-0.009428,0.018071
0.011020,-0.020766,0.022209
0.007479,-0.022966,0.024931
0.008952,-0.013885,0.024536
0.010153,0.001776,0.024745
0.013043,0.018037,0.026251
0.010463,0.037274,0.032777
0.007962,0.049876,0.034743
0.003854,0.044605,0.037677
0.003154,0.042252,0.032739
-0.000731,0.037393,0.034864
-0.007657,0.030060,0.035125
-0.002911,0.021657,0.033253
-0.006246,0.014824,0.029682
-0.008546,0.010406,0.020280
-0.005334,-0.004234,0.017288
-0.007345,-0.019303,0.014378
-0.006326,-0.033826,0.013108
-0.007575,-0.040972,0.000469
-0.008091,-0.042735,-0.001471
-0.009232,-0.029216,-0.003078
-0.007773,-0.019578,0.000032
-0.006109,-0.012766,0.001134
-0.008390,-0.019433,0.000277
-0.008384,-0.028689,0.003191
-0.012293,-0.037411,-0.000423
-0.008454,-0.035650,-0.007973
-0.002929,-0.018617,-0.008431
-0.003123,-0.003142,-0.012935
-0.003627,0.000660,-0.005951
-0.004627,0.016111,-0.003997
-0.005024,0.023944,-0.004366
-0.006270,0.019830,-0.008633
-0.003097,0.020368,-0.009230
0.000923,0.022948,-0.007730
0.004678,0.018542,-0.005715
0.001194,0.011587,-0.008168
-0.000255,-0.000141,-0.011043
0.001414,-0.000234,-0.007719
0.003675,-0.001431,-0.005568
0.000864,-0.001895,-0.001735
0.001672,0.007781,-0.003192
0.006189,0.017074,-0.004121
0.005837,0.022130,-0.001107
0.004932,0.022635,0.005447
0.002053,0.014859,0.009551
-0.000860,0.001986,0.009235
-0.000422,-0.011594,0.002658
0.002470,-0.019743,-0.001753
-0.000972,-0.017316,-0.003813
-0.002898,-0.001246,-0.003945
-0.006092,0.014796,-0.001252
-0.006272,0.014242,0.006323
-0.002978,-0.023867,-0.000543
0.001880,-0.067633,-0.015145
0.005264,-0.101612,-0.014775
0.006650,-0.116234,-0.006682
0.007197,-0.100900,-0.008162
0.008673,-0.066243,-0.003576
0.011399,-0.024474,0.005267
0.011698,0.018469,0.020208
0.010104,0.041303,0.024964
0.008109,0.043866,0.019173
0.003636,0.051480,0.010839
0.003776,0.054915,0.011258
-0.001213,0.042469,0.011271
-0.004611,0.021028,0.007899
-0.005513,-0.011774,0.000417
-0.003535,-0.037088,-0.000268
-0.005031,-0.043767,-0.002229
-0.008944,-0.023543,-0.007012
-0.005896,0.004775,-0.003114
-0.008319,0.030960,0.002080
-0.008666,0.046583,0.004443
-0.007494,0.044521,0.001503
-0.007262,0.024312,-0.003646
-0.004620,0.001500,-0.001550
-0.001516,-0.012181,-0.011198
-0.002645,-0.005362,-0.014185
-0.001580,0.015397,-0.004837
-0.006961,0.031012,0.000972
-0.006834,0.026666,0.001061
-0.002367,0.020411,-0.020107
-0.000608,0.004466,-0.029805
0.001225,-0.020290,-0.025127
-0.000074,-0.032333,-0.025921
-0.002324,-0.030355,-0.022707
0.000259,-0.023947,-0.022254
-0.002431,-0.022027,-0.024090
0.001108,-0.014123,-0.023528
0.004541,-0.001714,-0.020884
0.003008,0.010045,-0.016060
0.000832,0.013350,-0.014786
0.002274,0.013797,-0.013820
0.002200,0.016562,-0.012014
0.000145,0.018122,-0.002466
-0.004171,0.013376,-0.002300
-0.000238,0.001657,-0.007576
-0.000914,-0.002513,-0.015517
0.000989,-0.009042,-0.019509
0.000615,-0.007003,-0.019740
0.001600,0.002968,-0.016154
0.004457,0.016270,-0.007252
0.002572,0.023639,-0.002007
0.001167,0.025350,-0.006140
-0.003884,0.021778,-0.022477
-0.004485,0.019091,-0.025768
-0.004031,0.018994,-0.019564
-0.008473,0.012188,-0.015019
-0.000996,0.005486,-0.009756
-0.003353,-0.000699,-0.005698
0.005813,-0.004433,-0.008349
0.001445,0.003095,-0.031121
0.001681,0.019842,-0.024177
0.005049,0.058945,-0.015520
-0.001213,0.079704,-0.008009
0.001450,0.079219,-0.008964
-0.002884,0.063096,-0.020646
-0.006483,0.040984,-0.023311
-0.005448,0.016162,-0.025072
-0.004817,0.012473,-0.022704
-0.004486,0.020100,-0.020796
-0.010756,0.024538,-0.027552
-0.006954,0.017513,-0.033935
-0.000045,0.018704,-0.034993
-0.004871,0.014476,-0.037410
-0.005921,0.008287,-0.039884
-0.008802,0.017552,-0.042130
-0.014764,0.034478,-0.033034
-0.017740,0.026175,-0.037698
-0.012102,0.001150,-0.046766
-0.006196,-0.013449,-0.054377
-0.002848,-0.016908,-0.053314
-0.004479,-0.007254,-0.047426
-0.005671,0.001436,-0.044265
-0.004595,0.001443,-0.045228
0.000300,0.002983,-0.049178
-0.000054,0.012920,-0.049528
0.002163,0.021414,-0.047894
0.008755,0.026777,-0.043016
0.008150,0.018345,-0.038410
0.008585,0.010333,-0.037446
0.015204,-0.001572,-0.035232
0.012228,0.004499,-0.034239
0.011599,0.024391,-0.030384
0.012933,0.042137,-0.028172
0.014836,0.053386,-0.023872
0.014816,0.047811,-0.018040
0.014984,0.037132,-0.015183
0.013102,0.021071,-0.009264
0.014109,0.012506,-0.011425
0.017390,0.005556,-0.006801
0.017511,0.008985,-0.005920
0.024558,0.011507,0.002016
0.019328,0.023146,0.007210
0.013852,0.029533,0.004246
0.010957,0.033164,0.004272
0.009968,0.042001,0.014158
0.007809,0.042445,0.019081
0.007712,0.033392,0.020094
0.006980,0.007180,0.020485
0.003455,-0.016158,0.017831
0.005777,-0.030974,0.016770
0.003125,-0.034682,0.015147
-0.000492,-0.025857,0.016614
-0.001952,-0.016804,0.014047
-0.003444,-0.017313,0.008520
-0.001671,-0.017399,0.005114
-0.007757,-0.009251,0.007980
-0.007413,-0.005460,0.003534
-0.006454,-0.010775,0.004657
-0.002959,-0.016541,0.000219
0.000406,-0.024643,0.002212
-0.005267,-0.030582,-0.000144
-0.008121,-0.014698,-0.000620
-0.002921,0.004652,0.005605
-0.004135,0.032979,0.022637
-0.003775,0.050943,0.026185
0.000559,0.047572,0.024819
-0.006273,0.019320,0.009085
0.000658,-0.011759,0.003530
-0.002131,-0.021163,0.003406
-0.003018,-0.015748,0.008746
-0.002672,0.006398,0.007495
-0.001348,0.035650,0.007100
-0.000792,0.035534,0.005730
0.002725,0.027597,0.000826
0.004587,0.025324,0.004469
0.005157,0.037575,0.011221
0.000243,0.050345,0.011757
-0.001384,0.042560,0.004290
-0.001370,0.018442,-0.000250
-0.000745,-0.007043,-0.004887
-0.000059,-0.021257,-0.005530
-0.004616,-0.016918,-0.001137
-0.006456,0.001963,-0.002336
-0.005617,0.022100,-0.007313
-0.004489,0.036574,-0.002730
-0.002124,0.020762,-0.006744
0.001984,-0.009207,-0.006893
0.001136,-0.037182,-0.013089
0.001697,-0.043798,-0.007100
0.001845,-0.023140,-0.006356
0.000248,0.012275,-0.003362
0.000841,0.028792,0.005086
0.001132,0.036060,0.011995
0.000676,0.019003,0.006943
0.004897,0.001531,0.008138
0.002506,-0.010948,0.009372
0.002191,-0.007238,0.008106
0.007491,0.004350,0.005501
0.006656,0.005714,0.014293
0.005460,-0.001608,0.021809
0.004578,-0.009609,0.030344
-0.000090,-0.013631,0.031295
0.005490,-0.001222,0.025084
-0.002750,0.015694,0.023375
-0.007128,0.028951,0.020431
-0.000227,0.026365,0.021607
0.004388,0.006939,0.019823
0.003950,-0.011501,0.011905
0.000040,-0.022671,0.002759
-0.005577,-0.019506,0.000021
-0.006940,-0.009000,0.003423
-0.004735,-0.002870,0.003345
-0.003984,-0.002639,-0.001189
-0.001542,-0.009334,-0.006659
-0.003606,-0.017311,-0.009733
-0.003077,-0.022374,-0.018407
-0.003545,-0.024418,-0.016788
-0.005030,-0.029046,-0.017048
-0.003476,-0.036469,-0.017376
-0.001337,-0.041026,-0.008653
-0.000252,-0.032145,-0.006444
0.000942,-0.011958,-0.014216
0.001227,0.000841,-0.014565
0.002509,0.012603,-0.011873
0.006470,0.013973,-0.003104
0.001263,0.006801,-0.009776
0.004795,-0.002653,-0.009648
0.002138,-0.007207,-0.008321
0.003655,-0.003924,-0.002727
0.005027,0.002286,0.002485
0.000773,0.012877,0.010225
0.001844,0.010301,0.010669
0.005128,0.001399,0.006133
0.005270,-0.007510,0.006910
0.007915,-0.014024,0.007596
0.005746,-0.011829,0.008408
0.003167,-0.013688,0.011414
0.005521,-0.017106,0.007297
0.004614,-0.032373,0.008777
0.002201,-0.049911,0.005419
-0.000861,-0.050484,0.006534
0.001375,-0.045312,0.010635
-0.000842,-0.040205,0.010518
-0.000506,-0.030919,0.014519
-0.002258,-0.029704,0.009467
-0.004997,-0.026219,0.008581
-0.004651,-0.021063,0.009681
-0.002266,-0.015262,0.011069
0.002619,-0.010611,0.012070
0.002867,-0.012763,0.012793
0.003636,-0.018003,0.009385
0.009297,-0.014392,0.011962
0.009238,-0.005535,0.020583
0.005936,0.004683,0.028307
0.007370,0.015390,0.030493
0.003920,0.025880,0.035535
0.005363,0.019356,0.042623
0.007267,0.012337,0.038287
0.003876,0.000470,0.028507
0.003128,-0.009008,0.020066
0.003419,-0.013791,0.021105
-0.002627,-0.014535,0.020442
-0.003156,-0.014165,0.022454
-0.004394,-0.009988,0.018807
-0.008034,0.001017,0.015227
-0.006926,0.010458,0.019376
-0.007568,0.021716,0.023385
-0.006178,0.027998,0.020429
-0.007350,0.027145,0.017434
-0.007511,0.023640,0.013364
-0.009986,0.025968,0.009322
-0.008431,0.030560,0.008619
-0.008652,0.029149,0.003820
-0.004784,0.021835,0.004356
-0.004024,0.014626,0.005813
-0.002227,0.003853,0.004327
-0.003045,-0.000615,0.006496
-0.004408,0.006020,0.006982
0.000675,0.001767,0.008525
0.005593,0.001690,0.005415
0.001242,0.008175,0.007894
-0.000403,0.017750,0.010074
0.003772,0.012846,0.007407
0.002822,-0.010549,0.000554
0.002022,-0.041297,-0.004295
0.002995,-0.062483,0.000179
-0.000165,-0.062293,-0.003412
0.001254,-0.032628,-0.001515
0.001601,0.003053,0.003862
0.002828,0.028357,0.013079
-0.000794,0.037441,0.017191
-0.001148,0.029309,0.010054
-0.001976,0.009270,0.012342
-0.000283,0.001475,0.012379
-0.002066,0.003169,0.006676
-0.002991,0.015946,0.002995
-0.001045,0.027905,0.000833
-0.001178,0.025162,0.001303
-0.002515,0.014989,-0.000292
-0.003113,0.003293,0.000362
-0.003237,-0.004104,-0.004656
0.000997,-0.008837,-0.001027
0.000150,-0.012077,-0.002060
0.001022,-0.005495,-0.000255
0.001071,0.006704,0.000092
-0.000927,0.017166,0.001542
-0.000043,0.026723,-0.000125
0.001957,0.018492,0.000032
0.000731,0.011523,0.003133
0.000486,0.005430,-0.000898
-0.003479,0.004272,-0.003237
-0.001796,0.005709,0.002517
-0.000931,0.003197,0.001345
-0.000200,0.001014,0.001832
-0.001504,-0.002797,-0.006834
0.003230,-0.013748,-0.008450
0.002080,-0.015057,-0.008435
-0.002092,-0.014585,-0.001569
-0.007541,-0.001290,-0.004128
-0.009416,0.003636,-0.007904
-0.001230,0.002272,-0.010530
0.001430,0.007579,-0.005539
0.010515,0.002598,0.006315
0.019684,0.006132,0.003236
0.011797,0.016078,0.004089
0.004536,0.043544,0.015902
0.012323,0.075799,0.025691
0.007341,0.105365,0.031944
0.005853,0.104947,0.033487
0.007612,0.076161,0.026585
0.008772,0.034285,0.026328
0.011668,-0.002331,0.025071
0.001169,-0.030550,0.013187
0.002830,-0.032617,0.010065
0.002883,-0.020170,0.009427
-0.002542,-0.010165,0.012607
-0.002434,0.008479,0.018658
-0.003319,0.033080,0.020152
-0.008916,0.038416,0.012605
-0.008710,0.024564,0.004269
-0.005939,0.004165,0.003776
-0.008027,-0.019198,-0.003699
-0.008573,-0.037193,-0.001907
-0.010718,-0.028792,-0.002265
-0.017437,-0.003692,-0.004598
-0.020238,0.010175,-0.011609
-0.015499,0.008816,-0.010156
-0.013588,-0.004950,-0.016653
-0.012453,-0.022542,-0.025230
-0.010139,-0.024069,-0.031269
-0.008124,-0.016075,-0.027374
-0.005701,-0.001713,-0.024460
-0.000434,0.007883,-0.021759
-0.003133,0.013692,-0.023124
-0.003169,0.017358,-0.030387
-0.001141,0.006296,-0.026955
0.003324,-0.009452,-0.032424
0.003728,-0.012359,-0.020461
0.004607,-0.004640,-0.017511
0.002304,0.004689,-0.018181
0.000545,0.007421,-0.016321
0.003816,0.008996,-0.016268
0.006385,0.001585,-0.017159
0.007900,-0.010160,-0.014725
0.008784,-0.009590,-0.013798
0.006768,-0.000337,-0.012906
0.007762,0.009711,-0.006543
0.005133,0.012865,-0.005130
0.006449,0.006620,-0.003978
0.003733,-0.002795,-0.001821
0.001021,-0.009764,-0.004733
0.003162,-0.008764,-0.003852
0.005393,-0.011742,0.000941
0.002180,-0.007594,0.000610
0.001170,-0.003567,0.002291
0.000751,-0.003104,0.002071
-0.001339,0.000674,-0.001204
-0.000553,0.001695,-0.003601
-0.000386,0.009871,-0.003598
-0.002256,0.012722,-0.002472
-0.004674,0.006006,-0.003162
-0.009147,-0.003419,-0.007014
-0.005664,-0.012695,-0.012956
-0.002801,-0.016073,-0.011678
-0.001250,-0.016456,-0.008537
0.000165,-0.011829,-0.006768
-0.001987,-0.005532,-0.008320
-0.000030,0.009350,-0.009708
0.003585,0.019456,-0.003257
0.001583,0.023986,-0.001356
0.002475,0.017516,-0.007663
0.004421,0.006970,-0.003863
0.005095,-0.007755,-0.007263
0.011098,-0.022153,-0.005197
0.008396,-0.032173,-0.000415
0.009650,-0.020220,-0.000481
0.011394,-0.002209,0.005886
0.006442,0.019058,0.007141
0.005066,0.027710,0.015105
0.008402,0.026254,0.020255
0.003757,0.020666,0.021386
0.004729,0.008853,0.018065
0.006187,0.002158,0.020345
0.000807,-0.001041,0.023006
0.002663,-0.000060,0.024435
0.000967,0.005835,0.023599
-0.003399,0.006273,0.023939
-0.003797,-0.000506,0.015722
-0.004806,-0.004606,0.017150
-0.004781,-0.020713,0.012414
-0.002887,-0.033820,0.005085
-0.004448,-0.037197,-0.000146
-0.006132,-0.023267,0.001764
-0.006461,-0.009095,0.004095
-0.006715,-0.002855,0.004199
-0.005118,-0.004209,0.004984
-0.004767,-0.004301,0.004601
-0.005750,-0.001172,0.003628
-0.007474,0.001520,0.004409
-0.006386,0.007572,0.002273
-0.008196,0.013527,0.002832
-0.005587,0.009955,0.000437
-0.006071,0.002527,-0.004505
-0.005997,0.003558,-0.001196
-0.005975,0.001121,-0.004291
-0.006738,0.003904,-0.012226
-0.006729,0.005539,-0.011330
-0.005114,0.003619,-0.013328
-0.004708,0.002872,-0.010662
-0.004332,0.002609,-0.013106
-0.001197,0.004071,-0.016344
-0.000830,-0.000341,-0.014521
-0.001251,-0.007487,-0.015958
0.000264,-0.015791,-0.019398
-0.000530,-0.022466,-0.024580
0.001702,-0.024815,-0.025276
0.003201,-0.020784,-0.026036
0.001400,-0.014985,-0.016098
-0.000850,0.001220,-0.003377
-0.001164,0.010595,-0.000765
0.003779,0.008728,-0.004430
0.001760,0.013857,-0.009006
0.004960,0.023581,-0.005749
0.002701,0.023363,-0.006705
0.002123,0.021009,-0.006348
0.002662,0.017130,-0.005957
0.005278,0.014446,-0.007517
0.002170,0.014489,-0.006724
0.000168,0.011508,-0.003180
0.001053,0.010392,-0.000507
-0.001032,0.008801,0.003260
-0.000403,0.004588,-0.002542
0.001486,0.000748,-0.001955
0.001203,-0.001501,-0.003899
0.001398,0.000351,-0.004132
0.000368,-0.000512,-0.005190
-0.001768,-0.008016,-0.006690
-0.002730,-0.014107,-0.010096
0.000059,-0.021046,-0.011208
0.003184,-0.021638,-0.006560
0.000962,-0.021050,-0.011103
0.002288,-0.014677,-0.006275
0.005800,-0.004524,0.001604
0.007748,0.009804,0.001011
0.002747,0.021373,0.002059
0.006293,0.025488,0.007198
0.007287,0.023375,0.012434
0.004320,0.024822,0.012350
0.002827,0.020328,0.013187
0.003614,0.013952,0.013256
0.006331,0.007512,0.011616
0.006456,0.004964,0.020868
0.000647,0.006144,0.015927
-0.000645,-0.000497,0.012107
0.000558,-0.001188,0.011356
-0.000232,-0.003568,0.008676
-0.002234,-0.021508,0.008912
-0.003176,-0.038808,0.004997
-0.002385,-0.044022,-0.004531
-0.004240,-0.040407,-0.003268
-0.002739,-0.019417,0.001721
-0.005126,0.006319,0.002856
-0.009885,0.029571,0.009219
-0.009333,0.036416,0.010992
-0.005368,0.034293,0.006182
-0.006817,0.017210,-0.000235
-0.005576,0.002052,-0.003503
-0.006752,-0.006360,-0.003961
-0.006815,-0.011089,-0.005759
-0.007735,-0.009029,-0.006523
-0.007166,-0.001388,-0.007990
-0.006070,0.003627,-0.008147
-0.005152,0.010591,-0.016660
-0.002916,0.015472,-0.016427
-0.001643,0.017971,-0.017518
-0.001020,0.016359,-0.008086
0.001209,0.015993,-0.006994
-0.000750,0.012153,-0.013574
-0.000651,0.008165,-0.010441
0.001847,0.003383,-0.009125
0.001062,0.003400,-0.007838
0.000697,0.020359,-0.005770
0.001811,0.028658,-0.003719
0.003181,0.040849,-0.010827
0.004185,0.040956,-0.010875
-0.000087,0.026055,-0.011485
-0.003855,0.011669,-0.017579
-0.003925,0.001598,-0.021011
0.001699,-0.026404,-0.025104
0.002169,-0.040479,-0.023229
0.000963,-0.027542,-0.022448
0.001309,-0.012136,-0.021686
0.001541,-0.001704,-0.016752
0.006905,0.014754,-0.008874
0.008646,0.032524,-0.003119
0.008116,0.030120,-0.000517
0.010695,0.020660,0.002766
0.007036,0.006748,0.001325
0.011240,-0.009339,0.003126
0.014679,-0.027970,0.006313
0.008901,-0.034874,0.007303
0.009334,-0.018968,0.006454
0.005671,-0.001107,0.012007
0.003329,0.014655,0.015071
0.001022,0.018161,0.015867
-0.000615,0.003325,0.013682
0.002143,-0.025993,0.007992
0.003397,-0.067522,-0.002301
0.007567,-0.122479,-0.005463
0.006528,-0.165046,-0.006925
0.005082,-0.175846,-0.005558
-0.001563,-0.148250,-0.001657
-0.003523,-0.100692,0.002409
-0.007725,-0.048794,0.009329
-0.006553,-0.007069,0.016069
-0.000932,0.002561,0.017003
-0.003216,-0.000521,0.016257
-0.010155,0.000896,0.011731
-0.011890,0.013541,0.011003
-0.015354,0.020199,0.011490
-0.012984,0.017944,0.009444
-0.011691,0.005817,0.004567
-0.011810,-0.014253,-0.002492
-0.010301,-0.025492,-0.010291
-0.009227,-0.023338,-0.014404
-0.013974,-0.007593,-0.019482
-0.016351,0.004666,-0.020996
-0.014820,0.014229,-0.022754
-0.009905,0.017277,-0.023201
-0.006741,0.015869,-0.022927
-0.006494,0.013772,-0.021610
-0.002683,0.011541,-0.021875
-0.000558,0.011854,-0.024137
0.000163,0.018476,-0.019619
-0.003411,0.020848,-0.012483
0.000356,0.025999,-0.013064
0.003780,0.032764,-0.014296
0.003033,0.037287,-0.011870
0.002283,0.043092,-0.007971
-0.002699,0.050566,-0.008834
-0.002771,0.053792,-0.013885
0.002647,0.049231,-0.017715
0.002737,0.035701,-0.014210
0.004040,0.020448,-0.013905
0.004904,0.019446,-0.015119
0.000244,0.025402,-0.014742
0.000420,0.029083,-0.015614
0.003401,0.032192,-0.015088
0.004914,0.023941,-0.009282
0.006146,0.022446,-0.014246
0.003731,0.028942,-0.009446
0.004709,0.038566,-0.009077
0.005958,0.050127,-0.006467
0.002809,0.060445,-0.007817
0.001947,0.046997,-0.000588
0.002688,0.025804,0.000297
0.000164,0.004365,0.000167
0.000942,-0.006315,0.002934
0.003739,-0.010707,-0.001468
0.001213,-0.002286,0.001708
-0.000496,0.017128,0.005349
-0.002875,0.038978,0.009147
0.001967,0.051302,0.009814
-0.000997,0.059061,0.005993
-0.003188,0.059002,0.004229
-0.000248,0.050848,0.003507
-0.001244,0.033148,0.005042
-0.001880,0.020305,0.001918
-0.000295,0.013750,-0.001920
-0.004711,0.013939,-0.011363
-0.004022,0.019506,-0.007867
-0.003093,0.029538,-0.006579
-0.004677,0.035201,-0.003753
-0.007172,0.037749,-0.006684
-0.004719,0.028253,-0.009990
-0.002787,0.020490,-0.013591
-0.004777,0.015597,-0.016715
-0.004182,0.002709,-0.016919
-0.006544,0.001798,-0.024522
-0.006740,-0.000171,-0.031383
-0.002250,-0.001239,-0.033734
0.000505,0.002387,-0.028271
-0.000196,0.006354,-0.031237
0.000361,0.015719,-0.034743
-0.000049,0.029319,-0.031284
0.002686,0.033837,-0.024010
-0.001829,0.029836,-0.023806
-0.005397,0.024310,-0.024253
-0.000408,0.011706,-0.021171
0.003911,-0.004900,-0.023070
0.005173,-0.011958,-0.027786
0.004319,-0.007747,-0.024295
0.004752,0.007384,-0.019128
0.009152,0.025809,-0.015618
0.007380,0.025353,-0.011343
0.008565,0.012455,-0.018362
0.013657,-0.012763,-0.015981
0.014568,-0.036193,-0.009874
0.015616,-0.036530,-0.008796
0.014218,-0.024045,-0.003772
0.015735,0.000596,0.009664
0.015568,0.024153,0.018773
0.016162,0.039750,0.030938
0.010648,0.054562,0.033115
0.006723,0.069051,0.040103
-0.002628,0.077621,0.038799
-0.004886,0.072090,0.032123
-0.001766,0.049222,0.023790
-0.003180,0.013947,0.015890
-0.003413,-0.013909,0.010703
-0.006738,-0.021530,0.008238
-0.007353,-0.006520,0.010531
-0.009559,0.018477,0.012307
-0.011366,0.035764,0.007413
-0.011547,0.036322,0.003070
-0.008390,0.029435,-0.002880
-0.006559,0.017755,-0.000202
-0.011048,0.006013,-0.005761
-0.009637,-0.006023,-0.010160
-0.002534,-0.022894,-0.018863
0.001114,-0.038649,-0.020600
0.003814,-0.048462,-0.016142
0.001280,-0.042167,-0.014184
-0.000414,-0.015922,-0.018044
0.000920,0.006483,-0.012577
0.002158,0.020879,-0.008408
0.002947,0.021267,-0.004774
0.002455,0.014715,-0.004583
0.001106,0.004376,-0.009077
0.004240,0.001897,-0.005265
0.004085,-0.001512,-0.001819
0.003344,-0.003937,-0.000564
-0.000104,0.001432,-0.005378
0.000530,0.009697,-0.002909
0.000953,0.018150,-0.000552
0.001493,0.026299,0.000907
0.000492,0.021457,0.001323
0.001374,0.007535,-0.000236
-0.000329,-0.005753,-0.000736
-0.003478,-0.005240,-0.002039
-0.005176,0.001946,-0.003080
-0.002656,0.009116,-0.002479
0.002099,0.009429,-0.005394
0.006856,0.011776,-0.005621
0.008336,0.013337,-0.001079
0.008633,0.011341,-0.000446
0.005995,0.014384,0.003630
0.006536,0.020978,0.004912
0.006850,0.029552,0.009316
0.004817,0.025711,0.012963
0.008250,0.014322,0.014705
0.006067,0.007940,0.012222
0.004435,0.007959,0.013988
0.000675,0.012479,0.014154
-0.004073,0.025002,0.015494
-0.003188,0.033920,0.013516
-0.003257,0.037651,0.009532
-0.004421,0.030338,0.008228
-0.001683,0.012071,0.008077
-0.003707,-0.008119,0.004255
-0.005947,-0.021997,0.003507
-0.004879,-0.015645,-0.003452
-0.005504,-0.002546,-0.001355
-0.007224,0.012626,-0.003581
-0.003672,0.026155,-0.002544
-0.002307,0.031758,-0.005821
-0.001186,0.021133,-0.004210
-0.000423,0.003363,-0.005673
-0.000502,-0.009365,-0.006200
-0.002198,-0.011020,-0.008498
-0.005037,-0.005670,-0.008115
-0.004229,0.001836,-0.002623
-0.001367,0.011446,0.000578
-0.001393,0.011951,-0.001663
-0.002114,0.002325,-0.004476
0.000370,-0.001932,-0.006598
-0.000739,-0.002009,-0.003261
0.001070,0.001324,-0.000077
-0.002603,0.008298,-0.003413
-0.004399,0.009694,-0.000195
-0.003724,0.014263,-0.004310
-0.003988,0.008973,-0.005476
-0.003765,0.001371,-0.010787
0.001202,-0.005733,-0.008304
-0.001139,-0.005130,-0.005978
-0.003360,-0.001584,-0.006291
-0.005606,-0.002279,-0.008586
-0.005763,-0.006631,-0.016463
-0.002926,-0.012426,-0.020106
-0.006199,-0.007566,-0.020789
-0.010896,0.006159,-0.025364
-0.007961,0.028390,-0.027184
-0.005951,0.029627,-0.027436
-0.006265,0.019815,-0.025902
-0.002015,0.008409,-0.031503
0.000437,-0.010029,-0.032761
-0.000190,-0.019464,-0.023612
-0.001899,-0.014198,-0.022313
-0.000727,0.003567,-0.018388
0.000855,0.022334,-0.014543
0.001485,0.038895,-0.008440
0.003676,0.040670,-0.009845
0.005853,0.034474,-0.009784
0.006257,0.014539,-0.009929
0.003861,-0.000593,-0.013106
0.004928,-0.008969,-0.016765
0.004177,-0.005165,-0.011840
0.003274,0.000425,-0.010254
0.003167,0.004447,-0.009755
0.004652,0.002715,-0.009907
0.007627,0.001743,-0.012248
0.004701,0.001510,-0.008778
0.002132,0.006276,-0.002902
0.001119,0.011088,-0.001615
0.002575,0.012370,-0.001130
0.002738,0.007093,-0.005786
0.002017,-0.000147,-0.005287
0.000885,-0.007548,-0.003501
0.003020,-0.005890,-0.004789
-0.000832,-0.001969,-0.004886
-0.001987,0.005128,-0.002112
0.000497,0.010248,0.000923
0.000020,0.009256,0.004853
-0.002591,0.005160,-0.000096
-0.004174,-0.001808,-0.002648
-0.001723,-0.006260,-0.002306
-0.005424,-0.003072,-0.001548
-0.005033,0.007117,-0.001019
-0.006536,0.016313,-0.000139
-0.004043,0.017695,-0.002829
-0.002331,0.014779,-0.001940
-0.001507,0.008500,-0.007159
-0.003448,-0.001309,-0.012061
-0.002862,-0.010299,-0.015867
0.000259,-0.024773,-0.018376
-0.002215,-0.030634,-0.020887
0.001436,-0.031068,-0.025949
-0.002901,-0.026785,-0.025555
-0.000318,-0.008501,-0.025407
-0.000575,0.009426,-0.018599
-0.001283,0.018606,-0.011696
0.000128,0.013731,-0.008158
-0.000748,0.007901,-0.005925
-0.000256,0.000461,-0.008536
0.002318,-0.012377,-0.009588
0.004603,-0.019190,-0.012166
0.004833,-0.018950,-0.007141
0.002991,-0.010048,-0.005713
0.005683,0.009698,0.001227
0.001730,0.022257,-0.000593
0.004665,0.030455,0.000638
0.006307,0.018298,0.000063
0.009268,-0.000785,-0.005437
0.012879,-0.021437,-0.006331
0.016523,-0.033329,-0.001945
0.010653,-0.029349,0.003947
0.005894,-0.018703,0.006411
0.010110,-0.006490,0.008354
0.008585,0.002331,0.015164
0.008488,-0.008110,0.012499
0.010544,-0.026111,0.010985
0.008310,-0.035825,0.013572
0.007291,-0.029282,0.015871
0.004871,-0.014026,0.020353
0.001468,0.001383,0.023526
0.003090,0.007739,0.029334
0.004477,-0.004442,0.025809
0.006802,-0.021560,0.028616
0.001845,-0.028953,0.022254
-0.000933,-0.023008,0.024400
-0.004434,-0.008403,0.025279
-0.003762,0.001719,0.022427
-0.003345,0.004481,0.022095
-0.004267,0.003678,0.023595
-0.003183,0.002770,0.025153
-0.006704,-0.003846,0.024114
-0.008362,-0.009732,0.018551
-0.004725,-0.014219,0.013739
-0.008762,-0.012271,0.007103
-0.012924,-0.005330,0.014808
-0.012013,0.011496,0.014151
-0.011869,0.012927,0.012092
-0.010288,0.009975,0.003338
-0.008542,0.006445,0.005965
-0.010564,-0.000355,-0.000809
-0.008611,-0.013342,-0.003060
-0.007071,-0.009119,-0.006542
-0.008734,-0.002234,-0.010012
-0.006290,0.007867,-0.009855
-0.004452,0.022414,-0.006453
-0.007316,0.024863,-0.003357
-0.004085,0.012061,-0.007791
-0.003658,-0.004383,-0.010960
0.000647,-0.012835,-0.006911
0.001679,-0.013631,-0.013438
0.001526,-0.005791,-0.014510
-0.002751,0.007561,-0.013107
-0.001381,0.012382,-0.007349
0.003537,0.015313,-0.006250
0.003139,0.015732,-0.008820
0.005796,0.008590,-0.007025
0.008052,-0.003754,-0.008311
0.011708,-0.034823,-0.009803
0.015854,-0.062202,-0.011154
0.017279,-0.073087,-0.009514
0.013965,-0.067913,0.004781
0.008294,-0.044778,0.018515
0.006564,-0.017554,0.024380
0.001076,0.000560,0.023529
0.000357,0.008613,0.023256
0.006112,0.008418,0.017400
0.007308,0.010747,0.012408
0.009706,0.016824,0.009818
0.008604,0.013436,0.009940
0.008270,0.006044,0.017267
0.002382,-0.007299,0.018453
0.000115,-0.012048,0.022911
-0.003812,-0.008515,0.025993
-0.007141,0.011251,0.029760
-0.007906,0.031251,0.027556
-0.008127,0.045942,0.021738
-0.008749,0.045410,0.018118
-0.008946,0.034120,0.010581
-0.017198,0.018978,0.001712
-0.013745,-0.004631,-0.003234
-0.013653,-0.018915,-0.005363
-0.011647,-0.033054,-0.007448
-0.007225,-0.025463,-0.007744
-0.007200,-0.007649,-0.010089
-0.006033,0.011393,-0.009887
-0.007427,0.021724,-0.007057
-0.006073,0.024021,-0.003915
-0.006160,0.025310,-0.004068
-0.006768,0.023957,-0.008236
-0.005313,0.018743,-0.006740
-0.005298,0.013917,-0.011644
-0.005626,0.004844,-0.012000
-0.006324,-0.004658,-0.011351
-0.007464,-0.010636,-0.013605
-0.005673,-0.002788,-0.016142
-0.005653,0.002063,-0.016929
-0.005194,0.009962,-0.012693
-0.003761,0.022076,-0.012914
-0.003510,0.038359,-0.010008
-0.002903,0.048474,-0.011102
-0.003535,0.047349,-0.012100
0.000704,0.035535,-0.017853
0.000539,0.024616,-0.023463
0.002135,0.016553,-0.020249
-0.001140,0.008611,-0.014733
-0.000242,0.017725,-0.015073
-0.001415,0.027141,-0.013863
0.001114,0.035756,-0.010316
0.002179,0.039328,-0.012225
0.007103,0.032863,-0.014690
0.006957,0.018378,-0.015613
0.005484,0.000902,-0.017606
0.009488,-0.006797,-0.012735
0.006305,-0.005420,-0.009357
0.005081,0.003603,-0.003485
0.006995,0.020874,-0.000320
0.007393,0.029478,0.002159
0.009111,0.020223,0.000583
0.009885,0.019014,0.000971
0.007189,0.017669,-0.002427
0.005846,0.017301,0.005301
0.003478,0.030815,0.007099
0.004949,0.050048,0.011945
0.005368,0.072103,0.022040
0.003731,0.088241,0.025092
0.002479,0.096706,0.026530
0.003709,0.090883,0.031626
0.001114,0.081303,0.031538
0.001894,0.069053,0.029679
-0.002584,0.061927,0.023101
-0.002980,0.054368,0.017286
-0.003854,0.045517,0.015857
-0.007257,0.032150,0.011938
-0.005414,0.023730,0.003624
-0.007630,0.020188,0.002286
-0.010695,0.025450,0.005664
-0.008279,0.036910,0.004867
-0.008446,0.041419,0.001816
-0.005265,0.038371,-0.002289
-0.003757,0.026960,-0.003588
-0.004549,0.019933,0.002488
-0.007137,0.024672,-0.000129
-0.008596,0.039823,0.000549
-0.010700,0.051762,0.000094
-0.010274,0.044953,-0.001511
-0.007968,0.038076,-0.004533
-0.010473,0.033577,-0.006659
-0.014314,0.035425,-0.008756
-0.019975,0.047302,-0.014178
-0.016993,0.060432,-0.017520
-0.014580,0.069584,-0.021164
-0.014873,0.067501,-0.024357
-0.011870,0.063286,-0.027212
-0.009140,0.052285,-0.028543
-0.003725,0.042376,-0.034870
-0.001857,0.035746,-0.033967
0.000825,0.032359,-0.035791
0.003942,0.029359,-0.036191
0.008038,0.025614,-0.035071
0.007392,0.016883,-0.032188
0.011510,0.014382,-0.034183
0.011422,0.009929,-0.032443
0.016133,0.001379,-0.033347
0.018428,-0.004973,-0.029171
0.023096,-0.006705,-0.023487
0.022985,-0.006434,-0.014094
0.020179,-0.001386,-0.009650
0.025623,0.011615,0.001012
0.024155,0.015630,0.008229
0.021965,0.006962,0.014711
0.021148,0.008033,0.018933
0.019629,0.015384,0.032129
0.016106,0.019616,0.037652
0.016690,0.026665,0.044146
0.012740,0.029942,0.046355
0.009173,0.027391,0.050791
0.004056,0.022620,0.048738
0.002422,0.023812,0.046987
0.001760,0.021260,0.046366
-0.001793,0.019449,0.041041
-0.002363,0.021693,0.038560
-0.004470,0.024536,0.037323
-0.005998,0.024959,0.036077
-0.009358,0.021349,0.034316
-0.006989,0.016516,0.030774
