0.011097,-0.018192,0.020533
0.009133,-0.028873,0.021508
0.012024,-0.021371,0.018390
0.012000,-0.009481,0.004716
0.012975,-0.005234,0.006925
0.012013,-0.013781,0.007919
0.010081,-0.018020,0.004692
0.007158,-0.012703,0.006888
0.007161,-0.009418,-0.000486
0.010106,-0.005077,-0.007903
0.006226,0.003422,-0.004644
0.004277,0.010915,-0.006687
0.004274,0.018354,-0.003467
0.007208,0.026923,-0.006576
0.008183,0.030152,-0.009743
0.009133,0.028015,-0.009790
0.004677,0.017313,-0.006707
0.005104,0.013055,-0.007820
0.003003,0.000219,-0.004742
0.002040,-0.019972,-0.013421
0.004907,-0.043562,-0.001935
0.009587,-0.051097,0.004359
0.006476,-0.051041,-0.000933
-0.000418,-0.029698,-0.000739
-0.006252,-0.012550,-0.007996
-0.010158,0.013884,-0.085836
-0.016191,-0.001985,-0.398794
0.017140,0.033408,-0.416572
0.025891,0.052229,-0.079203
-0.003374,0.054735,-0.015035
-0.018057,0.032254,-0.007748
-0.012142,0.030171,-0.013100
-0.012140,0.026962,-0.012110
-0.011144,0.024753,-0.004709
-0.011731,0.019361,0.000550
-0.012347,0.012873,0.008982
-0.014841,0.008533,0.016392
-0.015937,-0.000002,0.016339
-0.017772,0.001012,0.021639
-0.019753,0.009517,0.024903
-0.019750,0.023430,0.020810
-0.017754,0.036258,0.018806
-0.012904,0.037317,0.019883
-0.009028,0.026593,0.025095
-0.007086,0.009462,0.030238
-0.006118,-0.003353,0.031207
0.001670,-0.007592,0.027974
0.003605,-0.006557,0.031159
0.001666,0.002997,0.036547
-0.003222,0.020031,0.040968
0.002596,0.026496,0.034658
0.006453,0.025438,0.033567
0.004436,0.016857,0.037709
0.005342,0.011524,0.037697
0.004336,0.006299,0.027074
0.005292,-0.003232,0.019549
0.008232,-0.020305,0.019421
0.011148,-0.029951,0.023602
0.012103,-0.022458,0.021545
0.007218,-0.013835,0.013146
0.009153,-0.011727,0.015231
0.008167,-0.006386,0.014147
0.006172,-0.006393,0.015243
0.006168,-0.005295,0.012062
0.006131,-0.005274,0.009947
0.005161,-0.008473,0.009947
0.004196,-0.012704,0.006753
0.006148,-0.007313,0.001516
0.002247,0.000185,-0.001587
0.000290,0.013030,-0.005760
0.006149,0.026949,-0.009885
0.010039,0.038666,-0.007667
0.008113,0.029052,-0.006683
0.004225,0.014081,-0.003624
-0.001606,-0.010487,-0.001722
-0.001590,-0.030834,0.005562
-0.002544,-0.036245,0.012971
-0.004482,-0.013812,0.011066
-0.004485,0.014059,-0.000323
-0.005444,0.029095,-0.009735
-0.001565,0.032262,-0.006530
0.003300,0.026917,-0.005495
0.004279,0.010913,-0.005608
-0.000585,-0.003003,-0.001492
-0.000600,-0.009439,0.001636
0.000394,-0.010560,0.006932
0.001395,-0.006225,0.000616
0.000446,-0.003077,0.005943
-0.001512,0.003241,0.014493
-0.001547,0.007532,0.012422
-0.005457,-0.003117,0.010221
-0.001584,-0.012732,0.011198
0.000371,-0.013823,0.013298
0.000350,-0.003152,0.013398
0.003253,0.011878,0.005046
0.003251,0.018344,-0.001271
0.001287,0.011939,-0.001333
0.005176,0.001264,-0.001475
0.002266,-0.015832,0.000498
0.001317,-0.024434,0.006783
0.002265,-0.009505,0.007960
-0.002614,0.006579,0.000701
-0.000652,0.020503,-0.004518
0.001285,0.018390,-0.006666
0.003249,0.007718,-0.006759
0.002288,-0.002958,-0.006907
0.000337,-0.006169,-0.005875
0.000332,-0.001929,-0.002613
-0.001574,-0.000838,-0.004712
-0.002527,-0.001939,-0.001559
0.001322,0.003319,0.005901
0.003229,0.007577,0.006992
0.003203,0.011868,0.004914
-0.000725,0.012936,0.004930
-0.006558,0.008676,0.003861
-0.006588,0.008686,0.002779
-0.009542,0.014032,0.001722
-0.007668,0.030082,-0.002375
-0.004733,0.031257,-0.012991
-0.000804,0.018420,-0.009912
0.004069,0.005555,-0.004745
0.008963,-0.009407,-0.002761
0.003113,-0.018027,0.005666
0.002153,-0.025487,0.004526
0.006064,-0.015903,0.006710
0.003153,-0.002040,0.007906
-0.001746,0.017177,0.007049
-0.002737,0.024734,-0.001360
-0.003728,0.022582,0.000785
-0.001806,0.009755,0.002795
0.004977,0.002214,0.010177
0.004955,0.006537,0.004923
0.002998,0.011927,-0.000315
0.003964,0.017261,-0.000296
0.000063,0.015168,-0.004579
-0.000903,0.011891,0.002806
0.001031,0.004376,0.006979
-0.002898,0.004345,0.010182
-0.005838,0.004360,0.009156
-0.007778,-0.004188,0.010142
-0.006834,-0.010644,0.015377
-0.004972,-0.005341,0.018593
-0.002065,0.007548,0.010210
0.000849,0.013941,0.011334
0.001776,0.009687,0.010234
-0.003102,0.004350,0.010181
-0.006035,-0.004136,0.004788
-0.007980,-0.011594,0.003675
-0.005059,-0.019097,0.006800
-0.007023,-0.018085,0.012087
-0.003124,-0.013828,0.013207
0.000792,-0.007403,0.011141
-0.001170,-0.002057,0.010112
-0.002165,0.004326,0.012304
-0.001198,0.003254,0.012268
-0.003168,-0.002149,0.018553
-0.008095,0.000974,0.027080
-0.006207,0.021326,0.019851
-0.003325,0.039595,0.007306
0.001512,0.036470,-0.000128
0.003430,0.017186,0.007110
0.007314,-0.003205,0.018625
0.000462,-0.005383,0.022900
0.000405,0.013964,0.009275
0.000377,0.016136,0.006094
-0.000616,0.011885,0.003894
-0.000629,-0.003155,0.013278
0.002283,-0.020284,0.018420
0.005182,-0.026736,0.023711
0.006136,-0.024592,0.022662
0.005125,-0.017097,0.020639
0.002185,-0.018183,0.022780
0.003152,-0.017137,0.024911
0.003104,-0.012896,0.028186
0.004042,0.002152,0.017742
0.005958,0.015034,0.010440
0.005922,0.022526,0.008405
0.006852,0.024670,0.007355
0.006831,0.019322,0.008342
0.010674,0.015050,0.008263
0.007694,0.016143,0.005049
0.003777,0.016172,0.001824
0.002797,0.014049,0.000716
-0.000143,0.004457,-0.000408
-0.000132,-0.002991,-0.002581
0.002818,-0.011570,0.001595
0.000846,-0.004078,-0.000462
-0.000121,-0.002947,-0.006819
0.003785,-0.002988,-0.002582
0.006724,-0.006223,0.000552
0.005760,0.001187,0.005910
-0.000097,0.012978,0.000701
-0.001087,0.015167,-0.004607
0.000838,0.009809,-0.002539
0.004719,0.006568,0.001676
-0.004032,0.009846,-0.005695
-0.008900,0.016280,-0.008822
-0.008938,0.017326,-0.006691
-0.002127,0.011977,-0.005668
0.000785,0.000226,-0.004730
0.004702,-0.005099,-0.005838
0.009566,-0.001908,-0.004756
0.004701,0.009839,-0.005742
-0.003081,0.016317,-0.013099
-0.007939,0.015207,-0.008893
-0.009912,0.020489,-0.003542
-0.011883,0.023714,-0.005615
-0.006030,0.017352,-0.009929
-0.001151,0.004545,-0.010068
0.000803,-0.012624,-0.000661
-0.001123,-0.026559,0.005611
-0.000101,-0.036141,0.003419
0.006750,-0.025468,0.003519
0.006773,-0.008395,0.003654
-0.000044,0.005521,-0.000454
-0.004903,0.011912,0.000649
-0.004935,0.012955,0.002752
-0.003995,0.011878,0.003811
-0.004965,0.011922,-0.000419
-0.003031,0.018303,0.001759
-0.002097,0.024760,-0.003469
-0.000165,0.023778,-0.011967
0.007634,0.008819,-0.009990
0.008601,-0.006196,-0.002701
0.005701,-0.016942,0.004640
0.001800,-0.022342,0.010953
-0.002075,-0.017025,0.013149
-0.004035,-0.006300,0.007937
-0.004083,0.003260,0.012266
-0.001177,0.003314,0.006967
0.000758,0.001188,0.005881
0.002701,0.000146,0.003806
0.005621,0.005538,-0.001447
0.002696,0.012047,-0.012001
0.001738,0.010926,-0.006705
0.001734,0.014094,-0.003515
-0.000214,0.008831,-0.011023
-0.002129,0.004572,-0.012135
-0.000167,-0.008324,-0.003829
-0.001148,-0.014821,0.005678
-0.002104,-0.016966,0.006749
-0.002093,-0.020167,0.006728
0.001830,-0.021201,0.003571
0.001827,-0.010517,0.002624
0.000853,-0.003054,0.003763
0.001843,0.000221,-0.003643
0.001843,-0.000898,0.001667
0.000837,0.003264,0.012314
-0.001141,0.011877,0.004968
-0.001158,0.017268,-0.000270
-0.001160,0.017291,-0.002385
0.000767,0.022627,-0.002332
-0.000223,0.021582,-0.004456
0.000751,0.019415,-0.001306
0.001689,0.019422,-0.002394
0.000703,0.017340,-0.007731
-0.002211,0.003401,-0.001493
-0.001252,-0.011624,0.006865
-0.003201,-0.018067,0.011066
-0.004161,-0.016914,0.002601
0.001691,-0.010519,0.003731
-0.000270,0.003342,0.004893
-0.006136,0.010833,0.002850
-0.003218,0.000160,0.002736
-0.003231,-0.005244,0.009022
-0.003251,-0.000994,0.011216
-0.000364,0.016159,0.003965
-0.001343,0.014098,-0.003502
0.001560,0.005504,0.001702
0.001529,0.006557,0.002737
0.002493,0.012993,-0.000383
0.003469,0.015169,-0.004615
0.001507,0.006602,-0.001522
-0.000447,-0.007335,0.004716
0.000531,-0.019100,0.006716
-0.000438,-0.023399,0.009890
0.000532,-0.023366,0.006721
-0.001396,-0.021254,0.008854
-0.002371,-0.013768,0.007885
-0.001402,0.001195,0.005922
0.000539,0.013031,-0.003518
0.006370,0.025847,-0.004475
0.006365,0.022634,-0.003448
0.002457,0.014064,-0.000354
0.002447,0.006559,0.002765
-0.001479,0.004383,0.006997
-0.000507,0.009730,0.005997
0.002368,0.012931,0.006011
0.004264,0.016181,0.000721
0.006178,0.016202,-0.001408
0.007155,0.017329,-0.006720
0.006206,0.015247,-0.012058
0.004276,0.005642,-0.012120
-0.004461,-0.005072,-0.007969
-0.003475,-0.015767,-0.005961
-0.002499,-0.012589,-0.003839
-0.000544,-0.000820,-0.006911
0.001442,0.012038,-0.012118
0.002406,0.019476,-0.008870
0.002412,0.022710,-0.012011
-0.003433,0.009900,-0.011057
-0.008297,-0.003002,-0.001627
-0.009270,-0.006256,0.003664
-0.006354,-0.000909,0.002664
-0.006333,0.003433,-0.004704
-0.002433,0.000209,-0.002624
-0.000501,0.006546,0.003777
0.001437,0.006569,0.001676
0.000447,0.002258,0.005869
-0.001489,-0.007292,0.000500
-0.004415,-0.012681,0.005752
-0.003439,-0.012735,0.011057
-0.004430,-0.006297,0.007957
-0.003488,0.004354,0.010186
-0.002531,0.006519,0.007001
-0.002535,-0.000993,0.011187
-0.001580,-0.013866,0.017449
-0.000596,-0.020216,0.012081
0.002316,-0.009524,0.010032
0.006165,0.001178,0.006921
0.006147,0.014027,0.002767
0.004190,0.017251,0.000687
0.005168,0.016227,-0.003559
0.005177,0.003401,-0.001535
0.000282,-0.004057,-0.002669
-0.002645,-0.007301,0.001554
-0.002641,-0.000882,-0.000496
0.000289,0.006622,-0.003593
0.001277,0.000248,-0.005753
0.006153,-0.001940,-0.000473
0.006155,-0.011592,0.003674
0.004218,-0.013778,0.008982
-0.003584,-0.011648,0.010102
-0.004585,-0.007369,0.009071
-0.008486,-0.003087,0.008068
-0.005591,0.009718,0.008180
0.001194,0.024670,0.007234
0.000167,0.039632,0.005257
-0.003765,0.041805,0.001054
-0.003796,0.030087,-0.001170
-0.004801,0.009750,0.005039
-0.003843,-0.004219,0.014467
-0.003886,0.002175,0.015605
-0.004891,0.006505,0.009241
-0.005877,0.004329,0.013466
-0.005916,0.005310,0.021950
-0.003071,0.005290,0.024064
-0.004072,0.002101,0.023003
-0.006072,-0.000021,0.021945
-0.008077,0.007429,0.024153
-0.006172,0.009657,0.014637
-0.002306,0.009657,0.014637
-0.002356,0.013894,0.017829
-0.002426,0.018161,0.017838
0.003367,0.024636,0.010461
0.005272,0.020333,0.013565
0.002312,0.004271,0.018716
0.000334,-0.013944,0.025992
0.002259,-0.027827,0.026938
0.001253,-0.026758,0.026969
0.002193,-0.022457,0.023844
0.005085,-0.009598,0.018658
0.003102,0.002193,0.013434
0.007939,0.008637,0.009232
0.009865,0.014065,-0.000283
0.011814,0.020487,-0.002377
0.008882,0.018366,-0.003443
0.006929,0.018397,-0.006647
0.004962,0.014170,-0.010928
0.005932,0.005600,-0.007826
0.004980,-0.003008,-0.000461
0.003036,-0.006189,-0.002625
0.004019,-0.002992,-0.001481
0.007968,-0.003974,-0.009971
0.003092,-0.005182,0.003749
0.001094,0.001231,0.002737
0.001119,0.006634,-0.004612
0.001110,0.013003,-0.001401
-0.000851,0.014125,-0.006704
-0.000888,0.023760,-0.009824
0.003952,0.028068,-0.014066
0.004935,0.020597,-0.014138
0.003003,0.008852,-0.013174
-0.000865,-0.001785,-0.016422
-0.005694,-0.012464,-0.015455
-0.007601,-0.013554,-0.013356
-0.003694,-0.002941,-0.007992
-0.002697,0.012062,-0.014234
-0.004616,0.017449,-0.019506
-0.008503,0.007770,-0.012170
-0.006518,-0.007243,-0.004867
-0.008434,-0.022203,-0.002869
-0.006468,-0.034005,0.003416
-0.004508,-0.025518,0.008830
-0.003545,-0.005221,0.006878
-0.002583,0.020519,-0.005610
-0.002589,0.033367,-0.009735
-0.003587,0.027955,-0.002382
-0.006541,0.015160,-0.003576
-0.008509,0.004394,0.005894
-0.004625,-0.004217,0.013239
-0.004648,-0.010631,0.014244
-0.005645,-0.011733,0.017440
-0.006638,-0.016013,0.018450
-0.001792,-0.012799,0.017423
-0.000839,-0.004217,0.013281
-0.000884,0.012901,0.009214
0.002000,0.031054,0.008319
0.002972,0.037529,0.000984
0.003889,0.031117,0.001996
0.007723,0.016085,0.011406
0.013536,-0.005281,0.013314
0.014503,-0.021323,0.016351
0.008672,-0.023455,0.016353
0.003802,-0.011645,0.008987
-0.001079,-0.001955,0.000589
-0.003989,0.002370,-0.004687
-0.002049,0.004502,-0.004696
0.002853,-0.003973,-0.011143
0.002897,-0.013629,-0.005901
0.001933,-0.022251,0.002484
0.002895,-0.015870,0.004655
0.001919,-0.000892,0.000550
-0.000999,0.002345,-0.002556
0.002929,-0.005153,0.000567
0.000970,-0.009549,0.013262
-0.000040,-0.010606,0.012192
-0.001021,-0.003102,0.009109
0.000903,0.006551,0.003868
-0.000072,0.008686,0.003886
-0.001070,0.015110,0.001820
0.001838,0.025831,-0.003440
0.003770,0.032308,-0.010832
0.001796,0.039752,-0.008700
-0.003110,0.031243,-0.011978
-0.001147,0.015236,-0.012118
0.002792,-0.009337,-0.009150
0.000858,-0.029718,0.001297
-0.000083,-0.029708,0.000229
-0.000044,-0.020051,-0.004999
-0.004898,-0.006158,-0.007014
-0.005873,0.003436,-0.005862
-0.002934,0.007716,-0.006907
-0.002926,0.014096,-0.004736
-0.000026,0.012995,-0.001555
-0.004912,0.007649,-0.000533
-0.004920,-0.005198,0.003613
-0.004938,-0.023423,0.011963
-0.007853,-0.024506,0.014109
-0.004943,-0.012743,0.012124
-0.002031,-0.006244,0.002624
0.000900,0.000169,0.001619
-0.000088,0.001179,0.006928
-0.000108,0.002279,0.003761
0.003808,-0.006235,0.001592
0.003819,-0.025498,0.006716
0.003819,-0.033072,0.017245
0.003828,-0.035184,0.015119
0.001889,-0.019084,0.005682
0.003829,0.005513,0.000584
-0.000070,0.014113,-0.005700
0.000905,0.006610,-0.002589
0.002856,-0.010538,0.004675
0.003833,-0.021260,0.009921
0.004820,-0.026579,0.008861
0.003868,-0.018042,0.008936
0.000945,-0.005143,-0.000494
0.003845,0.004460,-0.000423
0.003837,0.017330,-0.006692
0.000937,0.018514,-0.018354
0.004858,0.005644,-0.012092
0.011693,-0.014793,0.003618
0.011682,-0.032981,0.007691
0.009753,-0.027612,0.004575
0.001999,-0.017929,-0.002748
-0.002838,-0.008248,-0.010057
-0.002810,0.005635,-0.010982
-0.000862,0.016286,-0.008753
-0.000849,0.024899,-0.016099
-0.002798,0.024941,-0.020350
0.002085,0.013169,-0.017304
0.002105,-0.001858,-0.008967
0.001142,-0.007298,0.001603
0.001155,-0.006190,-0.002646
-0.000767,-0.000792,-0.008979
-0.004648,-0.001817,-0.013239
-0.003621,-0.007164,-0.012239
-0.005541,-0.014675,-0.008046
-0.008438,-0.020034,-0.005963
-0.003541,-0.011496,-0.005882
-0.005451,-0.002884,-0.013206
-0.007379,0.004584,-0.013161
-0.005426,0.009879,-0.008914
-0.004461,0.013049,-0.005696
-0.006391,0.013039,-0.004621
-0.004447,0.008727,-0.000428
-0.007387,0.006560,0.002715
-0.009374,0.011874,0.004877
-0.005487,0.013006,-0.001452
-0.006440,0.002336,-0.001531
-0.009356,-0.009504,0.007882
-0.006466,-0.010637,0.014211
-0.004560,-0.004216,0.012131
-0.004579,-0.004193,0.010023
-0.004581,-0.007435,0.014238
-0.001671,-0.012800,0.017409
0.000266,-0.011720,0.016364
-0.003664,-0.007438,0.015368
-0.003710,0.004330,0.012309
-0.000833,0.019314,0.008210
0.000097,0.036440,0.003040
0.002966,0.051389,0.002088
0.002893,0.055647,0.003173
0.000880,0.053502,0.004215
0.002768,0.036441,0.002997
0.008594,0.004382,0.006934
0.009553,-0.020291,0.019445
0.001725,-0.019233,0.020529
-0.003154,-0.006300,0.007923
-0.002182,0.008726,-0.000428
-0.001213,0.005513,0.000613
0.000754,-0.007325,0.003677
0.002701,-0.021226,0.006745
0.003661,-0.018088,0.013152
0.000724,-0.003053,0.003727
-0.002193,0.006607,-0.001459
0.001694,0.016223,-0.002415
0.004604,0.012969,0.002875
0.003622,0.010825,0.003939
0.001640,0.006504,0.009214
0.002566,0.011827,0.010286
0.002530,0.018281,0.005009
0.001518,0.023668,-0.000227
-0.002398,0.019443,-0.004495
0.001518,0.003448,-0.005703
0.007376,-0.020092,0.000472
0.010315,-0.034058,0.009906
0.005466,-0.028736,0.010979
0.003530,-0.016877,-0.000576
0.003540,-0.010381,-0.010097
0.005507,-0.008285,-0.006936
0.004575,-0.008359,0.000491
0.000669,0.002321,-0.000454
-0.003246,0.011967,-0.004615
-0.004206,0.014187,-0.013105
-0.000253,-0.002895,-0.012152
0.006559,-0.012639,0.001529
-0.002244,-0.003069,0.004769
-0.006131,0.005630,-0.011037
-0.004141,0.005661,-0.014227
-0.006074,-0.006183,-0.003748
-0.003134,-0.013769,0.007864
-0.003131,-0.013739,0.004696
-0.003146,-0.001948,-0.000513
-0.005089,0.006590,-0.000453
-0.007052,0.009760,0.002765
-0.002187,0.005469,0.004843
-0.003182,0.001168,0.007975
-0.001254,-0.004128,0.003663
-0.001243,-0.004108,0.001521
0.003595,0.005422,0.009038
-0.000326,0.018253,0.007077
-0.005234,0.017209,0.004980
-0.008170,0.008704,0.001723
-0.000413,-0.007334,0.004751
0.007377,-0.024397,0.003541
0.012264,-0.028707,0.007755
0.014220,-0.005229,0.007974
0.005431,0.028002,-0.006578
-0.002368,0.043100,-0.022383
-0.001378,0.031319,-0.018270
-0.000401,0.009848,-0.005731
0.001551,-0.002002,0.004757
-0.003312,-0.009406,-0.001647
-0.002296,-0.019021,-0.000655
0.000629,-0.022266,0.003554
0.000632,-0.014774,0.001518
0.003593,-0.011538,-0.001609
0.003585,0.001221,0.002705
-0.000349,0.012962,0.002842
-0.002289,0.017323,-0.005575
-0.005193,0.012020,-0.008798
-0.006184,0.001276,-0.001465
-0.004231,-0.000881,0.000632
-0.001315,0.006663,-0.006723
-0.000334,0.012017,-0.008833
0.000645,0.012011,-0.008887
0.000657,0.007730,-0.007891
0.005554,-0.006207,-0.001675
0.004579,-0.007336,0.004702
-0.001247,-0.006247,0.002625
-0.004180,0.004436,0.001671
-0.010035,0.011941,-0.001434
-0.009083,0.013019,-0.002492
-0.005228,0.014010,0.004930
0.001536,0.020336,0.012385
0.002481,0.022542,0.004985
0.005402,0.007655,-0.000464
0.009304,-0.013751,0.005701
0.002493,-0.037336,0.016085
-0.000439,-0.036279,0.017176
-0.005335,-0.014827,0.006781
-0.005328,0.004489,-0.003648
-0.005308,0.004502,-0.004681
-0.001395,-0.000858,-0.002605
0.004447,-0.005214,0.005811
0.005411,-0.003078,0.005850
0.002472,0.000155,0.002688
0.004411,-0.003058,0.003686
0.002495,-0.009429,0.000447
0.002499,-0.025520,0.008795
0.003493,-0.033023,0.011899
0.003488,-0.023418,0.012047
0.002527,-0.008399,0.004819
-0.003296,-0.006202,-0.000449
0.002562,-0.008336,-0.000460
0.005489,-0.009449,0.003782
0.009380,0.001254,0.000693
0.009392,0.019461,-0.005508
0.005466,0.039810,-0.012772
0.002511,0.051598,-0.018016
0.000551,0.043051,-0.017023
-0.000419,0.024867,-0.012951
0.002498,0.007707,-0.004619
-0.002369,-0.000886,0.000598
-0.004298,-0.005111,-0.003662
-0.005279,-0.005151,0.000574
-0.003334,-0.004065,-0.001567
-0.002343,0.001329,-0.007913
-0.003292,0.001297,-0.004730
-0.008154,0.002355,-0.003646
-0.006218,0.003390,-0.000460
-0.006214,-0.001916,-0.003710
-0.006200,-0.003986,-0.010102
-0.003258,-0.011518,-0.003788
-0.001291,-0.011573,0.001496
-0.002261,-0.001947,-0.000520
-0.007132,0.001233,0.001630
-0.011031,0.003380,0.000586
-0.005196,0.003348,0.003769
-0.005220,-0.004157,0.006874
-0.001322,-0.008467,0.011095
-0.003273,-0.008520,0.016421
-0.008178,-0.006320,0.010087
-0.010134,-0.002035,0.009097
-0.007239,-0.004213,0.013315
-0.000466,-0.001044,0.016484
0.000470,0.006438,0.015502
0.000439,0.009583,0.020857
-0.002559,0.014832,0.029378
-0.004579,0.020169,0.029439
-0.004635,0.012828,0.016662
-0.001762,-0.001141,0.026097
0.002067,-0.010789,0.030244
0.004929,-0.000037,0.022908
0.001965,0.016055,0.014567
0.001893,0.029945,0.012567
0.007663,0.036404,0.006160
0.010548,0.024630,0.010342
0.015420,-0.010562,0.007947
0.014438,-0.028825,0.019433
0.007609,-0.027758,0.019449
0.003715,-0.006292,0.008027
0.001717,0.012991,0.000774
0.000692,0.033286,-0.001212
0.001651,0.036562,-0.008611
0.008485,0.022675,-0.007678
0.009459,0.006550,0.003840
0.012328,0.003340,0.004844
0.010386,0.007737,-0.007844
0.011389,0.009930,-0.014211
0.004591,0.005661,-0.014255
0.002663,0.002460,-0.014291
0.001713,0.006770,-0.018511
0.005637,0.011090,-0.023799
0.006634,0.008944,-0.022771
0.005727,0.000373,-0.019669
-0.000063,-0.006050,-0.017589
-0.002952,-0.011435,-0.012325
-0.003910,-0.010387,-0.010166
-0.004866,-0.012522,-0.010170
-0.004825,-0.014655,-0.010175
-0.002839,-0.024259,-0.010280
0.001102,-0.024299,-0.006002
-0.000805,-0.017910,-0.004883
-0.004643,-0.011410,-0.014356
-0.002649,-0.014646,-0.011235
-0.002639,-0.024339,-0.002873
-0.000666,-0.026514,0.001345
0.003255,-0.018991,-0.003895
0.004283,-0.021115,-0.004953
0.000439,-0.034985,-0.005032
-0.006328,-0.045694,-0.000855
-0.006272,-0.043569,0.000246
-0.006211,-0.037092,-0.007118
-0.003244,-0.018951,-0.006967
-0.003228,-0.005076,-0.006853
-0.000291,-0.000797,-0.007884
-0.001237,-0.006162,-0.005834
-0.002167,-0.016884,-0.000588
0.000771,-0.025469,0.004648
0.000779,-0.028669,0.004641
-0.002110,-0.026483,-0.000645
-0.002073,-0.017840,-0.011181
0.003809,-0.007190,-0.008958
-0.001994,-0.006177,-0.003658
-0.002955,0.001299,-0.004666
0.001924,0.005619,-0.009962
0.005824,0.005579,-0.005740
-0.003886,-0.002949,-0.006889
-0.002914,-0.006223,0.000516
-0.007795,-0.006243,0.002659
-0.008768,-0.004080,-0.000497
-0.005846,-0.005081,-0.006852
-0.001940,-0.009380,-0.003685
0.001979,-0.007268,-0.001551
0.001986,-0.004062,-0.001518
0.000035,0.004506,-0.004640
-0.002885,0.002430,-0.011087
0.000082,-0.010471,-0.001643
0.000098,-0.020160,0.006761
0.000106,-0.021270,0.010996
-0.002825,-0.009468,0.004733
-0.003801,0.006636,-0.004656
-0.003804,0.009861,-0.006736
-0.003799,0.001269,-0.001526
-0.001847,-0.000919,0.003774
0.003991,0.001194,0.005915
0.001050,0.003381,0.000622
-0.003798,-0.007310,0.002664
-0.004776,-0.021300,0.014200
-0.006727,-0.030937,0.017285
-0.003807,-0.029839,0.014098
0.000086,-0.025581,0.015210
0.000086,-0.022355,0.013122
-0.000899,-0.010603,0.012198
-0.000920,-0.002058,0.011226
-0.004836,0.005454,0.007041
-0.002901,0.000116,0.006960
0.001934,-0.006333,0.011106
0.002914,-0.016967,0.007864
0.002928,-0.012750,0.013227
-0.001000,0.000054,0.013361
-0.004922,0.013992,0.007143
-0.003966,0.009767,0.002841
0.002832,0.006498,0.009130
-0.001086,0.006494,0.009117
0.001803,0.003303,0.008021
0.007641,-0.006247,0.002604
0.010548,-0.020154,0.005631
0.007666,-0.038372,0.012928
0.005736,-0.044764,0.011805
0.002839,-0.039379,0.007648
-0.002019,-0.020127,0.003592
-0.001986,0.000276,-0.008956
-0.000053,0.020584,-0.011955
0.003848,0.030201,-0.012933
0.002873,0.030201,-0.012933
-0.000050,0.023796,-0.012995
-0.002013,0.017295,-0.003529
-0.000091,0.016217,-0.002485
-0.000083,0.011950,-0.002501
0.000900,0.007672,-0.001457
-0.002036,0.002315,0.000612
-0.003990,-0.001953,0.000581
-0.001056,-0.010545,0.005784
-0.002038,-0.010599,0.011075
-0.003023,-0.003065,0.004767
-0.002067,0.006560,0.002743
-0.003044,0.010848,0.000638
-0.003063,0.009747,0.003791
-0.001140,0.006569,0.001676
-0.000181,0.001254,-0.000507
-0.001143,-0.001915,-0.003711
0.001787,-0.008324,-0.002700
0.002793,-0.020116,0.002502
-0.000106,-0.029815,0.012010
0.001861,-0.029796,0.009860
0.005750,-0.025509,0.007762
0.006701,-0.014872,0.011011
0.006696,-0.004170,0.007914
0.003794,0.000197,-0.001570
0.001859,0.003415,-0.002584
0.000873,0.008805,-0.007828
-0.000095,0.010970,-0.010971
-0.002009,0.009916,-0.012006
-0.002990,0.007769,-0.010963
-0.004925,0.001354,-0.009986
-0.001988,-0.003995,-0.008985
0.000966,-0.013634,-0.005934
0.003906,-0.019011,-0.001745
0.004925,-0.021231,0.006725
0.003961,-0.021251,0.008861
0.003014,-0.026545,0.004563
0.003022,-0.035125,0.008740
0.001085,-0.031964,0.013040
-0.001829,-0.018004,0.004679
-0.001814,0.003479,-0.008907
-0.001781,0.018516,-0.018319
0.000186,0.025998,-0.019294
0.000214,0.020661,-0.019383
0.001202,0.007885,-0.022705
0.005128,-0.010367,-0.012295
0.004210,-0.024326,-0.003942
-0.001615,-0.029727,0.002371
-0.004517,-0.022235,0.000321
-0.003522,-0.012618,-0.000614
0.000365,0.000201,-0.001528
-0.000611,0.007681,-0.002517
0.001337,0.016264,-0.006638
0.002314,0.026925,-0.005455
0.004236,0.045067,-0.005290
0.001255,0.068611,-0.011474
-0.002687,0.069730,-0.016790
-0.001743,0.052671,-0.019109
-0.001757,0.017336,-0.007787
0.004124,-0.023213,-0.008149
0.002243,-0.056387,0.001146
-0.000614,-0.073516,0.006309
-0.002531,-0.065010,0.009588
-0.003469,-0.046794,0.002326
-0.003410,-0.020032,-0.005950
-0.003372,-0.014673,-0.008033
-0.002354,-0.014748,-0.000613
-0.002348,-0.005179,0.002663
-0.003345,0.011966,-0.004657
-0.004329,0.026983,-0.011947
-0.003365,0.035530,-0.012941
-0.003364,0.024785,-0.005593
-0.002393,0.003381,0.000622
-0.000432,-0.017984,0.002557
0.001525,-0.028718,0.008837
0.002523,-0.024352,-0.000689
0.006429,-0.005154,0.000539
0.004491,0.015184,-0.005635
0.004479,0.035502,-0.009709
0.004463,0.051645,-0.023390
0.004465,0.053779,-0.023385
0.005431,0.051667,-0.025526
0.006415,0.039873,-0.020352
0.003451,0.031271,-0.014045
0.002452,0.019540,-0.015244
0.002456,-0.003965,-0.012260
0.004448,-0.030726,-0.003970
0.003540,-0.053219,0.004357
0.001634,-0.052189,0.008673
0.000677,-0.035061,0.003559
-0.002227,-0.007208,-0.006795
-0.002210,0.014212,-0.014022
0.000726,0.024848,-0.010780
0.002661,0.032369,-0.016048
0.002690,0.030246,-0.017120
-0.000200,0.015306,-0.017258
0.003714,-0.005045,-0.010022
0.002774,-0.024298,-0.005945
0.004751,-0.027541,-0.001722
-0.000068,-0.025312,-0.011245
-0.000012,-0.018866,-0.015426
0.001020,-0.014609,-0.014342
-0.001868,-0.009306,-0.011119
-0.005717,0.002447,-0.012072
-0.002802,0.014204,-0.014119
-0.003753,0.017415,-0.015159
-0.002762,0.007780,-0.012053
0.000170,-0.008292,-0.005819
0.002153,-0.022186,-0.003818
-0.002690,-0.028599,-0.002799
-0.003658,-0.020028,-0.005887
-0.002635,-0.007217,-0.005756
-0.003580,0.003485,-0.008866
-0.006511,0.018381,-0.004477
-0.004597,0.025840,-0.003358
-0.004614,0.028962,0.004078
-0.002693,0.015129,-0.000315
-0.005624,0.000120,0.007015
-0.005632,-0.010561,0.007997
-0.005631,-0.008350,0.000609
-0.008566,-0.001892,-0.004620
-0.001727,-0.000764,-0.011011
0.002202,0.002424,-0.009956
0.002239,-0.001825,-0.012151
0.002266,-0.015657,-0.016543
0.000359,-0.021070,-0.009212
-0.000585,-0.023312,0.001366
-0.003496,-0.020132,0.003572
-0.004463,-0.013646,-0.004894
-0.000499,-0.036106,0.001392
-0.000441,-0.053265,0.009738
-0.000459,-0.046943,0.017187
-0.001425,-0.023356,0.006831
-0.001398,0.007711,-0.004542
0.000533,0.030150,-0.007564
-0.000432,0.029104,-0.009681
-0.000411,0.013087,-0.008760
0.003484,0.001270,-0.001463
0.005404,-0.004121,0.003768
0.005396,-0.000799,-0.007876
0.002506,0.002476,-0.015282
0.000616,-0.008239,-0.011110
-0.001324,-0.015785,-0.003776
-0.004245,-0.008305,-0.004800
-0.000341,-0.000801,-0.007897
0.000671,-0.002891,-0.012167
0.002645,-0.005091,-0.005834
-0.000269,-0.009383,-0.003748
-0.001210,-0.009350,-0.006924
-0.002176,-0.009346,-0.006897
0.000762,-0.008280,-0.006902
0.000787,-0.006135,-0.007930
-0.000167,-0.007192,-0.009007
-0.001104,-0.008285,-0.006893
0.000879,-0.011476,-0.007989
0.000911,-0.016841,-0.004875
-0.001015,-0.015807,-0.001696
-0.001012,-0.014741,-0.001680
0.000973,-0.011571,0.001531
-0.001947,-0.008368,0.001559
-0.000958,-0.011558,0.000477
-0.001903,-0.008306,-0.004807
-0.004818,-0.004039,-0.004783
-0.005782,0.000263,-0.007922
-0.000903,0.006664,-0.007887
-0.001890,0.006682,-0.010036
0.003025,-0.002943,-0.007998
0.003050,-0.021200,0.003507
0.003054,-0.030816,0.004470
-0.001793,-0.027646,0.007709
-0.005665,-0.022288,0.005648
-0.008590,-0.008412,0.005789
-0.006639,-0.005231,0.007960
-0.003740,-0.000969,0.009078
-0.008622,0.000107,0.008013
-0.007642,-0.005222,0.006900
-0.003758,-0.016973,0.007837
-0.002791,-0.034133,0.016155
-0.001828,-0.043813,0.023477
-0.003775,-0.046984,0.020253
-0.007650,-0.047976,0.012830
-0.006665,-0.053353,0.017027
-0.001765,-0.050182,0.020252
-0.001759,-0.033054,0.015096
-0.001771,-0.013738,0.004667
0.000178,0.000132,0.004790
-0.002767,0.008650,0.007021
-0.002780,0.008632,0.009142
-0.002792,0.009688,0.010212
-0.005732,-0.000973,0.009058
-0.002818,-0.012757,0.013165
0.002018,-0.017100,0.020526
0.001020,-0.009621,0.019510
-0.001924,0.003246,0.013249
-0.002933,0.016129,0.005969
-0.002967,0.016126,0.005977
-0.001045,0.009724,0.005935
0.000910,-0.009472,0.004720
0.001865,-0.011683,0.012101
0.002786,-0.004245,0.015320
0.000802,0.008602,0.011174
0.001764,0.009694,0.009068
0.004646,0.008584,0.013302
0.000720,0.008593,0.012256
-0.005120,0.006502,0.008007
-0.007079,0.010825,0.002761
-0.003239,0.012904,0.008056
0.003531,0.013950,0.010181
0.005469,0.009692,0.009075
0.006412,0.010726,0.012254
0.002509,0.000086,0.008978
-0.000427,-0.014871,0.010989
-0.000451,-0.017027,0.013093
-0.002441,-0.003154,0.013214
-0.005391,0.017157,0.010257
-0.007409,0.033172,0.009329
-0.001606,0.032128,0.007218
0.001291,0.018210,0.011328
0.001247,-0.001063,0.017519
0.005109,-0.012820,0.019552
0.008978,-0.009578,0.015315
0.009935,0.001159,0.009042
0.008943,0.004403,0.004826
0.006992,0.001202,0.004805
0.005028,-0.000967,0.007935
0.004038,-0.006278,0.005786
0.003090,-0.005176,0.002647
0.004067,-0.001976,0.002697
0.006004,0.006635,-0.004662
0.006000,0.010887,-0.002483
0.003079,0.013041,-0.004607
0.003059,0.011959,-0.003569
0.000135,0.007624,0.002733
0.001082,-0.000944,0.005833
-0.000873,-0.010516,0.002567
0.004045,-0.025421,-0.000719
0.005054,-0.031864,0.003503
0.004094,-0.021257,0.009977
-0.002760,0.005538,-0.001468
-0.006656,0.021609,-0.007694
-0.002780,0.026911,-0.004486
-0.000868,0.020421,0.003926
0.000083,0.004395,0.005936
0.002037,-0.010596,0.011145
-0.000874,-0.021350,0.019568
-0.003840,-0.013842,0.016505
-0.004819,-0.007383,0.011297
-0.002906,0.001141,0.012434
-0.004891,0.007551,0.011387
-0.005901,0.010718,0.014542
-0.004948,0.007516,0.014514
-0.003033,0.000012,0.017604
-0.002096,-0.007480,0.019661
-0.002118,-0.021341,0.018479
-0.001179,-0.017125,0.023828
0.000713,-0.006400,0.018644
-0.004153,-0.000978,0.010217
-0.003201,0.003293,0.010239
-0.002288,0.011850,0.008164
-0.001346,0.015066,0.006043
0.006433,0.016111,0.008168
0.004459,0.007545,0.011268
0.003463,0.002158,0.016547
0.001493,-0.000993,0.011208
0.000486,-0.000928,0.004849
0.003394,0.002337,-0.001532
0.007274,0.004514,-0.005750
