0.011007,0.015380,-0.003911
0.011061,0.016476,-0.007119
0.009148,0.012206,-0.007177
0.009178,0.002649,-0.011514
0.011134,-0.006992,-0.008427
0.012088,-0.014527,-0.002140
0.013030,-0.014513,-0.003188
0.013036,-0.009155,-0.005243
0.010118,0.001573,-0.010427
0.010160,0.005903,-0.016783
0.005355,0.010230,-0.022053
0.005418,0.008107,-0.023119
0.004502,0.003846,-0.024209
0.007490,0.000665,-0.026380
0.007539,-0.003644,-0.022166
0.004651,-0.001576,-0.015802
0.000589,0.003770,-0.016845
-0.001511,0.012326,-0.018920
-0.001227,0.013475,-0.027391
-0.000031,0.007050,-0.025331
-0.001725,-0.004758,-0.017994
-0.004561,-0.011160,-0.018029
-0.005514,-0.006858,-0.021175
-0.005442,-0.002547,-0.025382
-0.006415,-0.002643,-0.015798
-0.010325,-0.001588,-0.014748
-0.009243,-0.035171,0.136058
0.019685,-0.049515,0.178995
0.045907,-0.016736,0.002798
0.012369,0.008317,-0.044359
-0.008040,0.004666,0.000148
-0.005115,0.002586,-0.005169
-0.009002,0.001424,0.004384
-0.009975,0.003588,0.001199
-0.008373,0.010026,-0.001915
-0.006783,0.012153,-0.000801
-0.008506,0.007883,-0.000816
-0.005403,0.004638,0.003393
-0.005119,0.011036,0.004529
-0.001908,0.012103,0.004539
-0.002685,0.011045,0.003483
-0.006381,0.013222,-0.000749
-0.005252,0.019621,-0.000728
-0.004094,0.023943,-0.005988
-0.003887,0.027176,-0.009172
-0.001791,0.027122,-0.003874
-0.002631,0.030238,0.004650
-0.002494,0.030302,-0.001709
-0.007235,0.029225,-0.000651
-0.008066,0.023943,-0.006002
-0.006982,0.020680,0.000335
-0.004962,0.018504,0.004581
-0.002928,0.024906,0.004616
-0.003795,0.024896,0.005691
-0.004659,0.023872,0.001438
-0.005523,0.023872,0.001444
-0.006401,0.022773,0.004633
-0.005334,0.022837,-0.001733
-0.005247,0.016417,0.000345
-0.004194,0.019554,0.006732
-0.005125,0.023813,0.007823
-0.002152,0.027014,0.007844
-0.001127,0.028048,0.011058
-0.002042,0.030204,0.008955
-0.002976,0.031290,0.006821
-0.003901,0.029167,0.005749
-0.003853,0.027032,0.005744
0.001054,0.023822,0.006798
0.000121,0.019564,0.005707
0.000138,0.014221,0.006763
0.000155,0.011022,0.006741
0.001162,0.017415,0.007865
0.002155,0.013135,0.008903
0.002177,0.012090,0.006772
0.003195,0.016360,0.006823
0.003216,0.013168,0.005713
0.004227,0.016379,0.004695
0.001337,0.012131,0.002528
0.001373,0.008918,0.003562
0.000413,0.006796,0.002503
0.000433,0.010000,0.002523
-0.002463,0.019613,0.001525
-0.003402,0.020659,0.003642
-0.000420,0.022794,0.003674
-0.003308,0.020635,0.005758
-0.004258,0.021714,0.004713
-0.005174,0.018555,0.000448
-0.005122,0.013219,0.000394
-0.004118,0.012061,0.009925
-0.006076,0.008861,0.009918
-0.007023,0.003511,0.010934
-0.006052,0.008803,0.015211
-0.002139,0.015202,0.015261
0.002757,0.019471,0.015298
0.003781,0.018440,0.012083
0.000899,0.018483,0.007846
-0.001011,0.014223,0.006748
-0.002918,0.009944,0.007765
-0.002892,0.008866,0.008802
-0.001901,0.009910,0.010906
-0.000920,0.015322,0.003525
0.001067,0.014274,0.001359
0.001104,0.013171,0.004541
0.001137,0.013171,0.004548
0.003129,0.009972,0.004519
0.003147,0.005672,0.007672
0.002181,0.003497,0.011918
0.003169,0.004630,0.005589
0.006133,0.004640,0.004528
0.004203,0.005730,0.002436
0.004254,0.004705,-0.001817
0.004307,0.002590,-0.003985
0.003348,0.008982,-0.002883
0.004368,0.011136,-0.005007
0.005377,0.005841,-0.009304
0.006390,0.000525,-0.011493
0.005433,-0.001617,-0.010459
0.003497,-0.002725,-0.006204
0.003493,0.001517,-0.004064
0.001562,0.006960,-0.014613
-0.000322,0.010162,-0.014607
0.001665,0.011250,-0.016726
0.003676,0.005915,-0.016759
0.002754,-0.002665,-0.012604
0.006673,-0.009104,-0.009489
0.004733,-0.008034,-0.009431
0.001828,-0.000519,-0.013604
-0.002017,0.007016,-0.019891
-0.003892,0.014496,-0.020901
-0.004786,0.016672,-0.025140
-0.005659,0.014537,-0.025172
-0.000720,0.008047,-0.016761
-0.000686,0.003737,-0.012569
-0.002585,0.001572,-0.009398
-0.003532,0.003734,-0.012568
-0.001580,0.010095,-0.008261
-0.003509,0.011174,-0.009313
-0.004429,0.011207,-0.012482
-0.002426,0.010097,-0.008248
-0.002405,0.005829,-0.008278
-0.002358,0.003742,-0.012528
-0.003282,-0.000549,-0.010457
-0.004233,-0.003766,-0.009422
-0.003233,-0.003726,-0.013694
-0.001245,-0.002676,-0.011550
-0.002191,-0.001610,-0.011561
-0.003149,0.001579,-0.010458
-0.004080,0.003661,-0.005120
-0.004046,0.004750,-0.007240
-0.004028,0.006884,-0.007221
-0.005952,0.002596,-0.005123
-0.003010,-0.000636,-0.001954
-0.001078,0.000382,0.003366
-0.000103,0.000414,0.000183
-0.002027,0.004723,-0.004002
-0.002010,0.007926,-0.003953
0.000923,0.005845,-0.009298
-0.002948,0.000456,-0.004040
-0.001964,-0.002782,-0.000890
-0.001959,-0.001713,-0.000867
-0.000981,0.002549,0.000237
0.000003,0.004682,0.000234
0.000994,0.010027,-0.000758
0.000056,0.007913,-0.002920
-0.001852,0.004754,-0.007185
0.000105,-0.003805,-0.005151
0.000092,-0.007052,-0.000948
-0.000884,-0.004895,-0.003045
-0.001845,0.002611,-0.006179
-0.000840,0.010069,-0.005066
-0.000817,0.005769,-0.001920
-0.002756,0.002601,-0.005104
-0.001750,0.000446,-0.002993
-0.002719,0.004652,0.003431
-0.001749,0.005738,0.001326
-0.001725,0.000423,-0.000842
0.000199,-0.006039,0.005473
0.000165,-0.002869,0.008691
0.001153,-0.000629,-0.001907
0.000203,0.003639,-0.001876
0.001187,0.002538,0.001262
0.003135,-0.002776,-0.000906
0.003137,-0.004900,-0.001986
0.001177,-0.008122,0.000115
0.000188,-0.007048,-0.000943
-0.001744,-0.002726,-0.006210
-0.002705,0.000496,-0.008311
-0.003658,0.000517,-0.010433
-0.001698,0.001543,-0.006202
-0.003638,-0.001722,0.000129
-0.006542,0.003646,-0.002993
-0.005553,-0.001745,0.002245
-0.005571,0.002479,0.006527
-0.004597,0.008894,0.005542
-0.007504,0.007848,0.003418
-0.007500,0.004616,0.006587
-0.006528,0.002463,0.008704
-0.002652,0.001334,0.015088
-0.004627,0.002389,0.016145
-0.001710,0.005635,0.011942
-0.004648,0.010951,0.014110
-0.005611,0.009938,0.008803
-0.006583,0.005614,0.014078
-0.003670,-0.000789,0.014029
-0.000801,-0.000798,0.015097
0.000148,0.000279,0.014031
-0.000852,-0.003972,0.011838
0.000073,-0.004013,0.016110
-0.000927,-0.009335,0.015015
0.001000,-0.010380,0.012891
0.001919,-0.010432,0.018188
0.004800,-0.012543,0.016068
0.004743,-0.017899,0.018151
0.006617,-0.025357,0.017045
0.005584,-0.030686,0.015939
0.005509,-0.035968,0.010594
0.004482,-0.039099,0.004205
0.003460,-0.040115,-0.001130
0.004357,-0.048687,0.001951
0.004275,-0.048730,0.006188
0.002232,-0.053009,0.007219
0.002130,-0.045551,0.008325
0.002044,-0.041294,0.009409
0.003908,-0.030600,0.007401
0.006786,-0.018864,0.007504
0.006754,-0.013485,0.003314
0.005767,-0.006999,-0.005118
0.004808,-0.009155,-0.003028
0.006746,-0.006987,-0.006208
0.007726,-0.010177,-0.007290
0.008696,-0.008064,-0.005142
0.008694,-0.005931,-0.005137
0.008692,-0.002729,-0.005102
0.004818,0.004794,-0.010335
0.006800,0.007983,-0.009260
0.008771,0.012228,-0.007128
0.009780,0.015409,-0.004985
0.009834,0.010114,-0.009297
0.008884,0.001609,-0.012554
0.006957,-0.010055,-0.020091
0.008933,-0.010046,-0.021158
0.007965,-0.007913,-0.021161
0.006072,-0.007817,-0.030724
0.004173,-0.005695,-0.029665
0.002255,-0.004629,-0.029684
0.001334,-0.002504,-0.028590
0.000423,-0.002463,-0.032834
-0.002436,-0.000329,-0.032815
-0.008199,-0.003536,-0.031770
-0.008145,-0.007846,-0.027549
-0.011047,-0.008950,-0.024367
-0.009077,-0.012194,-0.020157
-0.009035,-0.007999,-0.012665
-0.009997,-0.003794,-0.006255
-0.009975,0.000521,-0.010470
-0.013852,0.005803,-0.005125
-0.014814,0.002560,-0.000917
-0.014786,0.005762,-0.000875
-0.013794,0.001480,0.000150
-0.013794,-0.003931,0.007523
-0.012837,-0.002914,0.012851
-0.010920,0.008804,0.015082
-0.008987,0.011949,0.020395
-0.007058,0.015205,0.015132
-0.008981,0.014128,0.016176
-0.007053,0.015129,0.022531
-0.005118,0.013015,0.020426
-0.002196,0.009876,0.014018
-0.001238,0.006707,0.010807
-0.000297,-0.000827,0.017108
0.000665,0.001341,0.013957
0.002588,-0.000813,0.016074
0.002565,0.004543,0.013978
0.002548,0.007743,0.013985
0.002540,0.008864,0.008696
0.001561,0.010976,0.010823
-0.000388,0.017412,0.007667
0.002546,0.017391,0.009796
0.005492,0.019557,0.006632
0.003571,0.015299,0.005533
0.003578,0.009929,0.008692
0.005524,0.008864,0.008710
0.005506,0.009931,0.008734
0.005507,0.012088,0.006644
0.004558,0.015345,0.001395
0.006533,0.018557,0.000362
0.006585,0.010055,-0.002904
0.004648,0.005797,-0.004002
0.004642,0.005755,0.000227
0.005624,0.006799,0.002338
0.004637,0.007905,-0.001917
0.004664,0.011063,0.002341
0.003685,0.008960,-0.000853
0.002729,0.004682,0.000192
0.003711,-0.001666,-0.005191
0.003704,-0.005955,-0.003085
0.002699,-0.008112,-0.000960
0.003651,-0.004890,-0.003054
0.001697,0.000481,-0.006177
-0.000221,0.004782,-0.009316
0.001765,0.003760,-0.013571
0.002777,0.002692,-0.013601
-0.000125,0.003700,-0.008277
-0.003015,0.002642,-0.009361
-0.003967,0.002658,-0.010417
-0.001035,-0.000576,-0.007262
-0.001019,-0.000544,-0.010445
-0.002956,0.001560,-0.007222
-0.004891,0.002630,-0.007186
-0.004859,0.004745,-0.005024
-0.003868,0.002608,-0.005049
-0.003851,0.002620,-0.006103
-0.001882,-0.001646,-0.006163
-0.001877,-0.003833,-0.000863
-0.000923,-0.005980,0.000202
0.000064,-0.001690,-0.001883
0.001053,0.005824,-0.006098
-0.001834,0.009056,-0.009267
-0.002799,0.006856,-0.002919
-0.004734,0.007977,-0.008214
-0.004711,0.006863,-0.003999
-0.002740,0.003629,-0.000851
0.001164,0.008978,-0.001852
-0.000777,0.005776,-0.001887
-0.001733,0.003607,0.001257
-0.002703,0.005743,0.001296
-0.004649,0.002584,-0.002990
-0.005610,0.008944,0.001310
-0.004609,0.012185,-0.002926
-0.000670,0.013263,-0.003978
-0.001620,0.007877,0.001286
-0.002601,0.005712,0.004465
-0.003549,0.006820,0.000209
-0.004514,0.006820,0.000216
-0.003517,0.011096,-0.000814
-0.001554,0.010029,-0.000823
0.000419,0.008945,0.001317
0.001397,0.011090,0.000274
0.001424,0.006787,0.003421
-0.000525,0.005720,0.003412
0.001425,-0.002839,0.005438
0.001433,0.002543,0.001289
0.003385,-0.000648,0.000214
0.003366,-0.003862,0.001234
0.000437,0.000452,-0.002967
0.001451,-0.000603,-0.004023
-0.000495,0.001508,-0.001896
-0.000472,0.003639,-0.001912
-0.000477,0.006830,-0.000859
0.000510,0.003662,-0.004056
-0.000460,0.002528,0.002280
-0.001450,0.009964,0.005508
-0.000466,0.012142,0.001268
0.000526,0.011097,-0.000857
-0.000441,0.005732,0.002293
0.000531,0.001465,0.002277
-0.003377,-0.001720,0.000128
-0.004350,0.003659,-0.004062
-0.003377,0.008973,-0.001893
-0.002381,0.011096,-0.000814
-0.005282,0.008919,0.003405
-0.004313,0.007864,0.002355
-0.002340,0.006746,0.007657
-0.000399,0.004546,0.013984
0.001512,0.006658,0.016132
0.000526,0.014205,0.008805
0.002513,0.020671,0.002488
0.001567,0.019612,0.001390
0.003543,0.014281,0.001363
0.005511,0.006779,0.004474
0.007460,0.003566,0.005521
0.006489,0.011089,0.000275
0.005542,0.015418,-0.006060
0.005604,0.017603,-0.011374
0.004655,0.011202,-0.011431
0.003710,0.005845,-0.009362
0.006652,0.006890,-0.007224
0.007654,0.007956,-0.007228
0.007681,0.005813,-0.006186
0.003792,0.000501,-0.008320
0.000894,-0.001579,-0.013630
0.003842,-0.000555,-0.009376
0.004803,-0.003753,-0.009413
0.003854,-0.002675,-0.010457
0.003871,-0.000532,-0.011499
0.002921,0.001603,-0.011474
-0.000946,-0.001602,-0.011507
-0.000937,0.002667,-0.011463
-0.003817,0.003803,-0.017814
-0.006671,0.003804,-0.017800
-0.007627,0.000557,-0.013605
-0.006645,-0.001608,-0.010420
-0.004677,-0.000573,-0.007234
-0.005639,0.004741,-0.005065
-0.005620,0.004741,-0.005073
-0.005608,0.002574,-0.001915
-0.005609,-0.003849,0.000179
-0.003671,-0.007093,0.004402
-0.005621,-0.004934,0.002305
-0.004651,-0.003834,-0.000862
-0.005633,-0.002778,0.000215
-0.004671,0.001500,-0.000822
-0.002719,0.007913,-0.001855
-0.003653,0.016459,-0.002863
-0.003618,0.017525,-0.002839
-0.002608,0.013287,-0.006073
-0.003543,0.007890,0.000260
-0.004527,0.007857,0.003436
-0.003544,0.006800,0.002373
-0.004496,0.007877,0.001315
-0.003527,0.005710,0.004479
-0.002556,0.004622,0.006592
-0.001600,0.008857,0.009798
-0.001598,0.013148,0.007721
-0.000616,0.011014,0.007695
-0.001593,0.009925,0.009807
-0.003518,0.006726,0.009800
-0.000617,-0.000732,0.008688
-0.004529,0.000311,0.010834
-0.003573,-0.001802,0.008693
-0.003603,0.005638,0.011927
-0.003608,0.012063,0.009861
-0.003606,0.014197,0.009893
0.000306,0.013130,0.009884
-0.001650,0.009906,0.011978
-0.003601,0.005607,0.015145
-0.003644,0.004498,0.019387
-0.001715,0.009877,0.015196
-0.001710,0.014180,0.012042
0.000237,0.014168,0.013090
0.000224,0.010935,0.016244
-0.000773,0.007723,0.017270
0.001161,0.007729,0.016211
0.001146,0.012017,0.014106
0.001142,0.015254,0.010942
0.004052,0.015233,0.013064
0.006971,0.013065,0.016236
0.005988,0.014175,0.012001
0.006003,0.008875,0.008778
0.006982,0.009995,0.003482
0.008923,0.007829,0.006639
0.008923,0.007828,0.006632
0.006969,0.008908,0.005587
0.005997,0.008897,0.006641
0.005033,0.011111,-0.001826
0.004092,0.008997,-0.003981
0.004099,0.005809,-0.005085
0.002172,0.000443,-0.001935
0.003140,0.001518,-0.002986
0.004128,0.005806,-0.005084
0.004144,0.005807,-0.005084
0.003171,0.010043,-0.001864
0.002226,0.007931,-0.003983
0.003215,0.001519,-0.002958
0.002255,-0.004883,-0.003000
0.000314,-0.004904,-0.000871
0.000319,-0.002733,-0.004044
0.000312,-0.008026,-0.008334
0.001300,-0.015541,-0.004155
-0.004567,-0.020919,0.000050
-0.001706,-0.020952,0.003233
-0.003665,-0.007005,-0.004073
-0.000742,0.006833,-0.000775
-0.003636,0.015400,-0.003911
-0.004589,0.007924,-0.002924
-0.003596,-0.006023,0.004382
-0.002669,-0.017798,0.007457
-0.001747,-0.013560,0.010691
-0.003728,-0.002805,0.002304
-0.002751,0.004728,-0.004004
-0.001757,0.011123,-0.002895
0.000204,0.010035,-0.000782
0.000217,-0.002749,-0.003016
0.003142,-0.008147,0.003317
0.004100,-0.006080,0.009724
-0.000787,-0.000711,0.006601
-0.000805,0.007907,-0.000739
-0.004661,0.011117,-0.001793
-0.001725,0.012169,-0.000728
-0.001704,0.011101,-0.000744
0.001247,0.011102,-0.000773
0.000286,0.011083,0.001370
0.000301,0.011071,0.002410
0.001271,0.012118,0.004562
0.002255,0.012141,0.002453
0.001304,0.010020,0.001408
0.002290,0.006792,0.003497
-0.000619,0.003624,0.000300
0.000343,0.000424,0.000264
0.001317,0.002516,0.004534
0.002306,0.011139,-0.003901
0.000381,0.014318,-0.001765
-0.001525,0.015426,-0.006006
-0.000517,0.007923,-0.002902
-0.000510,0.004669,0.002375
-0.000504,0.003633,-0.000817
-0.001466,0.009021,-0.006075
-0.000479,0.009009,-0.005028
-0.000464,0.007890,0.000274
-0.000460,0.002566,-0.000819
-0.000466,-0.000677,0.003417
-0.000474,0.002504,0.005574
-0.000474,0.013200,0.003544
-0.002407,0.018568,0.000415
-0.002362,0.015426,-0.006013
-0.002335,0.013239,-0.000720
-0.000353,0.006812,0.001333
-0.001326,0.005691,0.006615
-0.002314,0.005732,0.002364
-0.003287,0.004644,0.004477
-0.003288,0.003589,0.003399
-0.002332,0.001424,0.006577
-0.001352,0.001435,0.005537
-0.000384,0.003559,0.006631
-0.001386,0.006718,0.010910
-0.001418,0.006665,0.016208
-0.003366,0.013168,0.006741
-0.001416,0.006755,0.007747
-0.001427,-0.002872,0.009778
0.000474,-0.012507,0.012898
-0.001507,-0.025317,0.013916
0.000357,-0.035968,0.011694
0.003224,-0.050855,0.006231
0.004101,-0.066883,0.008227
0.001033,-0.087255,0.017627
0.002776,-0.098974,0.015389
0.001648,-0.104278,0.012174
0.000513,-0.093615,0.013363
0.002278,-0.082931,0.012380
0.004081,-0.063734,0.013602
0.004939,-0.040217,0.009557
0.005852,-0.018864,0.008682
0.002911,-0.005983,0.001331
0.003901,-0.000626,-0.000744
0.003897,-0.003824,-0.001880
0.000979,-0.004904,-0.000863
0.002909,-0.008090,-0.001947
0.003874,-0.009169,-0.000916
0.003852,-0.004880,-0.003000
0.001899,-0.003793,-0.005134
0.000936,-0.005993,0.001221
0.001890,-0.007050,0.000151
0.001894,-0.008116,0.000141
0.002853,-0.003837,-0.000883
0.001889,-0.002813,0.003378
0.000908,-0.004893,-0.001939
-0.001994,-0.008105,-0.000913
-0.001037,-0.007028,-0.001964
-0.000063,-0.003807,-0.004072
-0.001020,-0.002761,-0.001948
-0.002965,-0.000585,-0.006194
-0.002952,-0.001653,-0.006224
-0.000042,-0.001686,-0.003048
0.000932,-0.004910,-0.000968
-0.001030,-0.004922,0.000079
-0.000076,-0.008112,-0.001003
-0.000076,-0.011324,0.000030
-0.000111,-0.012357,-0.003134
-0.002040,-0.008077,-0.004165
-0.002040,-0.009135,-0.005250
-0.003041,-0.010280,0.002134
-0.002094,-0.006010,0.002199
0.000829,-0.002800,0.001152
0.001785,-0.000708,0.005415
-0.000159,0.001492,-0.000905
-0.002091,0.001484,0.000191
-0.004023,0.001499,-0.000864
-0.003057,-0.000604,-0.004073
-0.003049,-0.002742,-0.004119
-0.002069,-0.003831,-0.002006
-0.000135,-0.003861,0.001198
-0.002104,-0.001759,0.004400
-0.001135,0.001465,0.002334
-0.001137,0.000397,0.002317
0.000787,-0.003903,0.005477
0.000762,-0.012436,0.005444
-0.000252,-0.016720,0.007555
0.001673,-0.012430,0.005477
0.002607,-0.007086,0.004449
-0.001282,-0.002786,0.001297
-0.002257,-0.000609,-0.002936
-0.003234,-0.004890,-0.001933
0.000653,-0.008104,-0.000906
-0.001298,-0.010260,0.001197
-0.003252,-0.010289,0.004386
-0.003279,-0.007096,0.005496
-0.004275,-0.005990,0.001248
-0.005284,-0.003888,0.004436
-0.003350,-0.000729,0.008715
-0.004351,-0.000751,0.010823
-0.002418,0.000339,0.008746
-0.002454,-0.000739,0.009804
-0.001496,0.001385,0.010891
-0.001497,0.000362,0.006658
-0.002490,-0.000713,0.007688
-0.000581,-0.003989,0.015080
-0.000617,-0.005021,0.010822
0.000348,-0.002864,0.008732
0.000326,-0.000761,0.011920
0.003219,0.002450,0.010880
0.001265,0.001382,0.010878
-0.000689,-0.000711,0.006594
0.000272,-0.001784,0.007637
0.001237,-0.000674,0.003402
0.004149,0.003581,0.004502
0.002210,0.004688,0.000239
0.001215,0.000379,0.004445
0.002176,-0.001798,0.008671
0.001170,0.004610,0.007653
-0.000763,0.012157,0.000312
-0.000747,0.014278,0.001364
-0.001721,0.012178,-0.001810
0.001234,0.004659,0.003436
0.002204,0.000370,0.005534
0.002171,0.000308,0.011921
0.002152,0.001429,0.006639
0.003131,0.000381,0.004494
0.006030,-0.000718,0.007668
0.004080,-0.002830,0.005527
0.006985,-0.002798,0.002337
0.006005,0.001490,0.000231
0.006984,0.001489,0.000211
0.006990,0.001518,-0.002993
0.006024,-0.000583,-0.006180
0.005071,-0.008018,-0.009416
0.006042,-0.004839,-0.007273
0.005077,-0.001631,-0.008311
0.003147,0.001593,-0.010391
0.000250,0.004837,-0.014614
0.000286,0.008027,-0.013532
0.001294,0.006895,-0.007190
0.001311,-0.001661,-0.005108
0.000323,-0.006998,-0.005168
0.000326,-0.009205,0.002268
0.000305,-0.010259,0.001212
0.000296,-0.004867,-0.004005
0.001290,-0.005934,-0.004022
0.001301,-0.008045,-0.006149
0.001301,-0.008067,-0.004034
-0.000644,-0.001613,-0.009318
-0.000617,0.000540,-0.011449
-0.000591,0.000528,-0.010409
-0.001547,-0.000608,-0.004072
-0.003476,0.000479,-0.006198
-0.005412,0.001547,-0.006217
-0.003447,-0.001664,-0.005171
-0.002482,-0.002741,-0.004112
-0.003481,-0.004917,0.000120
-0.001533,-0.000637,-0.000897
-0.003475,0.006876,-0.005076
-0.004415,0.006873,-0.005096
-0.004395,0.006840,-0.001927
-0.003420,-0.000653,0.000116
-0.001474,-0.006043,0.005361
-0.000535,-0.007127,0.007522
-0.001524,-0.008195,0.007499
-0.001558,-0.002816,0.003308
-0.002541,0.005722,0.003396
0.000415,0.004761,-0.007208
0.000432,0.002605,-0.005112
0.002402,0.002591,-0.004071
0.001433,-0.002767,-0.002010
0.000444,-0.002758,-0.003106
0.000445,0.001447,0.003298
0.003359,0.004638,0.004379
0.001420,-0.000686,0.003285
0.001412,-0.000674,0.002224
0.002368,-0.002773,-0.000943
0.002368,-0.002774,-0.000950
0.003352,-0.002708,-0.007295
0.004343,0.000484,-0.006192
0.001429,-0.000571,-0.007242
0.000480,-0.003782,-0.006209
-0.001458,-0.008072,-0.004125
-0.000487,-0.007031,-0.001977
-0.000491,-0.003808,-0.004071
0.000475,0.000474,-0.005089
0.001462,-0.000593,-0.005091
0.001475,0.000486,-0.006144
0.000509,-0.001659,-0.005108
0.001504,-0.007007,-0.004086
0.001481,-0.011283,-0.003021
-0.000490,-0.014508,-0.000954
0.000469,-0.016588,-0.006264
-0.000539,-0.015542,-0.004161
0.000422,-0.012349,-0.003045
-0.001541,-0.011258,-0.005137
0.001381,-0.005964,-0.000832
-0.000563,-0.005934,-0.004015
0.000412,-0.003810,-0.002935
0.000409,-0.000638,0.000317
-0.000556,-0.001684,-0.001814
-0.000540,0.002578,-0.000731
-0.001530,0.000444,-0.000736
-0.000549,0.002603,-0.003948
0.000432,0.001493,0.000280
-0.000528,-0.004855,-0.005096
-0.001506,-0.017598,-0.011601
0.001400,-0.026234,-0.002133
-0.005457,-0.027321,0.000001
-0.002613,-0.020887,-0.003133
-0.003599,-0.000623,-0.001902
-0.001644,0.013238,-0.000720
-0.003549,0.018615,-0.004938
-0.005441,0.007913,-0.001849
-0.005441,-0.008133,0.002290
-0.003517,-0.014572,0.005412
-0.000650,-0.012460,0.007538
-0.001659,-0.013480,0.003297
0.000264,-0.016661,0.001127
0.000231,-0.022001,0.001082
0.002133,-0.033780,0.005244
0.005944,-0.043403,0.007288
0.006834,-0.032689,0.003137
0.003876,-0.029401,-0.005323
0.001895,-0.025133,-0.005293
-0.000060,-0.022992,-0.006341
0.000883,-0.023004,-0.005301
-0.001078,-0.017711,-0.001017
-0.002069,-0.008128,0.001196
-0.004026,-0.004874,-0.004103
-0.004994,-0.001642,-0.007279
-0.002060,-0.003836,-0.000932
-0.002086,-0.003889,0.004386
-0.002101,-0.002843,0.006532
-0.002111,0.000391,0.003391
-0.002119,0.000369,0.005527
-0.002118,-0.004953,0.004447
-0.002139,-0.009239,0.006559
-0.001192,-0.008181,0.007643
-0.002186,-0.009264,0.008697
-0.002235,-0.010311,0.006559
-0.003225,-0.008179,0.006578
-0.001309,-0.003881,0.003398
-0.003254,0.000393,0.003433
-0.004242,-0.002821,0.004438
-0.005251,-0.002835,0.005500
-0.004304,-0.009269,0.008634
-0.002385,-0.011426,0.010738
-0.003402,-0.009302,0.011832
-0.004422,-0.007195,0.015046
-0.003489,-0.005039,0.012943
-0.003522,-0.002905,0.012954
-0.000639,0.002399,0.016198
0.001270,0.003443,0.018330
0.003209,0.004553,0.014109
0.004159,0.004524,0.017299
0.004132,0.004548,0.015211
0.003149,0.004615,0.008865
0.003133,0.000365,0.006672
0.000203,-0.003893,0.005580
0.001155,-0.011386,0.007616
0.003053,-0.012486,0.010798
0.003986,-0.014602,0.008622
0.002948,-0.009290,0.010763
0.002927,-0.007144,0.009735
0.002895,-0.007138,0.009733
0.000911,-0.008195,0.008662
0.002833,-0.006062,0.008710
0.003775,-0.003886,0.004478
0.003779,-0.001742,0.003422
0.004745,-0.004931,0.002346
0.003751,-0.008157,0.004420
0.003726,-0.008135,0.002305
0.003708,-0.007035,-0.000876
0.001745,-0.011273,-0.004117
0.000751,-0.012393,0.001186
0.000742,-0.014528,0.001160
-0.000258,-0.011336,0.002241
-0.000291,-0.007047,0.000150
-0.001274,-0.003834,-0.000891
-0.001270,0.002570,-0.000821
-0.000301,0.003635,-0.000825
-0.000275,0.003635,-0.000825
0.001667,0.004670,0.002381
-0.000268,0.002559,0.000262
-0.002204,0.001503,-0.000802
-0.004160,-0.001719,0.001292
-0.003214,-0.004975,0.006562
-0.003242,-0.007141,0.009727
-0.002314,-0.008199,0.008650
-0.003307,-0.003951,0.010823
-0.003328,-0.000707,0.006636
-0.004308,-0.002865,0.008718
-0.004338,-0.003961,0.011877
-0.005335,-0.005048,0.014003
-0.004410,-0.000790,0.015101
-0.002484,0.002423,0.014075
-0.000563,0.008878,0.008826
-0.002521,0.012059,0.010990
-0.001551,0.016263,0.017394
-0.001539,0.014206,0.009976
-0.000565,0.011013,0.008873
0.000397,0.000320,0.010895
0.002287,-0.001879,0.017257
0.003218,-0.001887,0.018353
0.002214,0.000252,0.018384
0.002182,0.004541,0.016292
0.000228,0.014195,0.011072
0.000227,0.010983,0.012105
0.001189,0.006664,0.017372
0.002150,-0.000829,0.019401
0.002101,-0.000872,0.023666
0.003992,-0.001886,0.018345
0.005900,-0.003999,0.016190
0.006796,-0.004046,0.020379
0.007750,0.004587,0.010933
0.007745,0.003499,0.013052
0.005779,0.002514,0.004499
0.004804,-0.008178,0.006535
0.004764,-0.011349,0.003318
0.006680,-0.009195,0.001200
0.005708,-0.005939,-0.004099
0.004730,-0.004896,-0.002002
0.003749,-0.005962,-0.001997
0.003722,-0.002803,0.002275
0.004690,0.001464,0.002327
0.004696,0.005808,-0.005056
0.004735,0.007953,-0.006091
0.005729,0.002629,-0.007185
0.002814,-0.001591,-0.011469
0.002841,-0.005943,-0.003004
0.004778,-0.005925,-0.005139
0.002829,-0.008049,-0.006226
0.001859,-0.004810,-0.010469
0.000892,-0.005899,-0.008363
0.000901,-0.002710,-0.007288
-0.002004,0.000533,-0.011518
-0.000024,-0.001596,-0.011531
-0.002932,-0.003741,-0.010489
-0.003880,-0.006946,-0.010522
-0.001955,-0.010157,-0.009475
-0.002912,-0.009074,-0.010508
-0.003883,-0.004858,-0.005158
-0.002900,-0.001661,-0.005136
0.000043,0.003651,-0.002995
-0.000924,0.000451,-0.003023
-0.000909,-0.007017,-0.003068
0.000041,-0.011328,0.001167
0.001001,-0.011307,-0.000962
0.001967,-0.007003,-0.004095
-0.000959,-0.002703,-0.007247
-0.002880,-0.001629,-0.008312
-0.000923,-0.001608,-0.010434
-0.000903,-0.001605,-0.010435
-0.001858,0.000516,-0.009383
-0.001838,0.003681,-0.006177
-0.002811,0.004760,-0.007208
-0.002789,0.007945,-0.005060
-0.001794,0.003634,-0.000853
-0.003742,-0.002748,-0.003002
-0.003738,-0.007080,0.003340
-0.002792,-0.004926,0.001245
-0.002800,-0.000689,0.004472
-0.000852,0.002529,0.003444
-0.001827,0.005740,0.002397
0.000145,0.007839,0.005600
0.001128,0.007881,0.001342
0.001143,0.007892,0.000266
-0.000781,0.004709,-0.001918
-0.001740,0.005818,-0.006153
-0.002714,0.002597,-0.004038
-0.001727,0.000464,-0.004085
0.000214,-0.002779,0.000152
-0.000767,0.001452,0.003367
-0.000758,0.003577,0.004460
-0.003687,0.009994,0.003475
-0.000764,0.007902,-0.000787
-0.002671,0.007913,-0.001841
-0.001699,0.002555,0.000220
0.000238,-0.001723,0.001258
0.003162,-0.001723,0.001265
0.003153,0.001469,0.002346
0.002177,0.006837,-0.000783
-0.001686,0.003646,-0.001879
-0.002654,0.005811,-0.005057
-0.001656,0.004709,-0.001890
0.000282,-0.003860,0.001219
0.003179,-0.007106,0.005421
0.003157,-0.004960,0.004393
0.000229,0.001449,0.004461
0.001192,0.007863,0.003456
0.003160,0.014303,-0.000745
0.000277,0.015403,-0.003912
-0.001633,0.005807,-0.005070
0.000316,0.000397,0.002317
0.000293,-0.002815,0.003336
0.001276,-0.001726,0.001223
0.000284,0.004698,-0.000843
-0.000681,0.010046,-0.001843
-0.000650,0.010015,0.001339
-0.001614,0.008937,0.002391
-0.001582,0.006846,-0.001865
-0.000598,-0.001723,0.001244
0.001333,-0.003874,0.003374
0.000336,-0.004984,0.007616
-0.000659,0.001440,0.005557
-0.001644,0.002539,0.002390
-0.000674,0.002525,0.003431
0.000301,0.002526,0.003445
0.001275,0.000403,0.002358
0.000294,0.000391,0.003398
0.001261,0.002501,0.005540
-0.000714,0.002512,0.004479
-0.001675,0.006803,0.002408
-0.000703,0.008979,-0.001838
0.000295,0.014306,-0.000725
-0.003569,0.013269,-0.003931
-0.002558,0.008957,0.000270
-0.001576,0.005701,0.005540
-0.001602,0.005651,0.010844
-0.001632,0.003529,0.009792
-0.004540,0.007820,0.007721
-0.003564,0.007840,0.005592
-0.002582,0.007855,0.004565
-0.000639,0.009989,0.004584
0.000351,0.006765,0.006679
0.000349,0.005718,0.004533
-0.002568,0.007821,0.007728
-0.002586,0.011001,0.009871
-0.001600,0.014247,0.004568
-0.002557,0.016380,0.004566
-0.003517,0.008842,0.011932
-0.003551,0.001363,0.012949
-0.002606,-0.006085,0.010761
-0.003625,-0.005081,0.017137
-0.002680,0.002447,0.010831
-0.001720,0.008848,0.010873
-0.003676,0.013128,0.009835
-0.002712,0.006683,0.014030
0.002134,0.002418,0.014006
0.004055,0.001299,0.019315
0.004978,0.003445,0.018286
0.005929,0.009902,0.013044
0.003017,0.016359,0.007816
0.004011,0.020668,0.003589
0.004040,0.018586,-0.001741
0.002126,0.010037,-0.000769
0.003110,0.003571,0.005548
0.004063,0.001424,0.006570
0.003089,0.000366,0.005493
0.001127,0.004644,0.004455
-0.000829,0.006768,0.005549
0.002083,0.005712,0.004479
0.004032,0.003568,0.005521
0.003041,-0.001799,0.008671
0.004958,0.000347,0.007643
0.002052,0.004691,0.000267
0.002056,0.002553,0.000271
0.001093,0.001476,0.001329
0.000098,-0.002767,-0.000831
0.001069,0.001480,0.001328
0.002035,0.007872,0.002424
0.003026,0.012172,-0.000722
0.004996,0.011070,0.002460
0.004039,0.005725,0.003488
0.002095,-0.000691,0.005580
0.003036,-0.002835,0.006629
0.003986,0.000396,0.003453
0.003985,0.000416,0.001324
0.005940,-0.000652,0.001308
0.003029,0.004725,-0.002910
0.003049,0.007954,-0.006092
0.002102,0.012233,-0.007123
0.001179,0.011181,-0.008173
0.001193,0.005854,-0.009309
-0.001689,0.010120,-0.009263
-0.003592,0.009020,-0.006096
-0.005511,0.007973,-0.008234
-0.005488,0.001538,-0.005114
-0.007438,-0.002782,0.000153
-0.006503,-0.004948,0.003324
-0.007496,-0.009230,0.004356
-0.004591,-0.008182,0.006515
-0.008512,-0.006074,0.009750
-0.009519,0.000318,0.010860
-0.008575,0.006733,0.009883
-0.004677,0.005687,0.007759
-0.002748,0.008849,0.012037
-0.002766,0.007762,0.014170
0.000139,0.006675,0.016283
0.003057,0.005608,0.016287
0.001096,0.006697,0.014189
0.003013,0.007775,0.013137
0.004951,0.012032,0.014229
0.003970,0.009961,0.007837
0.003984,0.010998,0.011021
0.003003,0.010987,0.012082
0.004932,0.009929,0.011013
0.003981,0.012104,0.006767
0.003007,0.009965,0.006714
0.002028,0.006762,0.006672
0.004936,0.005696,0.006677
0.002017,0.003569,0.005563
0.003971,0.002537,0.002355
0.000065,0.002578,-0.001902
-0.002851,-0.003850,0.000144
0.000023,-0.004959,0.004385
0.001949,0.001446,0.004455
0.002924,0.007858,0.003436
0.000999,0.010020,0.000266
0.001995,0.005743,0.001317
0.002969,-0.001755,0.004441
0.002932,-0.009223,0.004403
0.005842,-0.002833,0.005500
0.004846,0.006814,0.001347
0.003918,0.012164,0.000338
-0.001903,0.011150,-0.004969
-0.000884,0.007945,-0.004996
-0.002801,0.004709,-0.001875
-0.001839,0.000420,0.000202
-0.000877,0.004643,0.004442
-0.002831,0.006758,0.006589
-0.003805,0.013182,0.004516
-0.003773,0.016436,-0.000762
-0.004745,0.011080,0.001314
-0.001827,0.002511,0.004436
-0.002822,-0.004999,0.008636
-0.003808,-0.007122,0.007556
-0.004830,-0.002875,0.009722
-0.000953,-0.001853,0.013969
0.002905,0.003462,0.016152
0.001917,0.005619,0.014048
0.000936,0.004572,0.011903
