-0.008485,0.018484,0.017436
-0.004614,0.012053,0.020593
-0.006606,0.004623,0.014150
-0.003622,0.000519,-0.004091
-0.003608,-0.013263,-0.011764
-0.003618,-0.021780,-0.012935
0.000301,-0.023958,-0.008655
-0.001610,-0.022951,-0.000124
-0.001577,-0.013347,-0.000042
0.002342,-0.001669,0.004396
0.004285,-0.000110,-0.076354
-0.007289,-0.045581,-0.389121
-0.013185,-0.066316,-0.301293
-0.010557,-0.028252,-0.027448
0.001414,-0.013501,0.021276
0.002222,-0.017869,0.027773
0.006034,-0.012376,0.008586
0.006325,0.001515,0.007606
0.003345,0.024915,0.017416
-0.000862,0.031262,0.022846
0.000265,0.028133,0.018448
0.000304,0.015364,0.015107
-0.001283,-0.001669,0.010675
-0.004232,-0.000602,0.010683
-0.008990,0.005769,0.013956
-0.008830,0.013206,0.018289
-0.006674,0.020683,0.016241
-0.004561,0.013195,0.019362
0.001312,0.008946,0.018231
-0.005620,0.016425,0.016178
-0.005717,0.027113,0.015177
-0.004749,0.026023,0.018366
-0.001762,0.024938,0.022586
-0.003639,0.023869,0.023628
-0.001640,0.024993,0.017214
0.004185,0.036769,0.013030
0.005085,0.042116,0.012001
0.003095,0.043115,0.017416
0.000174,0.030323,0.015181
0.001219,0.014428,0.002205
0.004190,-0.011125,-0.006527
0.001226,-0.022824,-0.013003
-0.002720,-0.013229,-0.009759
-0.002757,0.007963,0.004408
-0.002774,0.023949,0.004597
-0.000857,0.042101,0.004719
-0.001936,0.045408,-0.004941
-0.000150,0.043240,0.000359
-0.007183,0.039977,0.008857
-0.010224,0.042070,0.011075
-0.005363,0.049689,-0.003892
0.001392,0.036924,-0.009335
0.002312,0.032676,-0.013606
0.002320,0.023101,-0.017946
0.004286,0.016689,-0.016932
0.000376,0.011349,-0.016965
0.003285,0.013523,-0.018095
0.004189,0.011251,-0.001021
0.003133,0.015442,0.008630
0.006026,0.018600,0.013999
0.007035,0.018631,0.009734
0.008952,0.021851,0.005529
0.005966,0.024009,0.000256
0.002955,0.033632,-0.004941
0.002884,0.032543,-0.003846
0.003772,0.021857,-0.002851
0.003774,0.006871,0.003417
0.004736,-0.009128,0.004307
0.003734,-0.010182,0.005312
0.002702,0.003677,0.007557
0.000665,0.010063,0.009744
0.000615,0.018586,0.012989
0.000598,0.013270,0.010800
-0.000402,0.007979,0.006456
-0.002392,-0.000519,0.003146
-0.005346,0.003721,0.004302
-0.008349,0.007989,0.003294
-0.001526,0.008041,0.001066
-0.000530,-0.000532,0.005272
-0.002456,0.002742,-0.004303
-0.003410,0.004939,-0.009678
-0.001497,0.012383,-0.007456
0.001392,0.013427,-0.006341
-0.000620,0.020871,-0.002027
-0.001605,0.018664,0.006510
0.004307,0.003759,0.002111
0.009244,-0.006868,-0.001232
0.007272,-0.013329,0.005140
0.004309,-0.003773,0.008488
0.002354,0.005805,0.010727
0.002390,0.012175,0.014003
0.001429,0.004756,0.007533
0.003412,0.004815,0.001104
0.000444,0.006984,-0.001062
-0.002540,0.007012,-0.003223
-0.004544,0.016574,0.004287
-0.007545,0.030351,0.015110
-0.006609,0.036766,0.015132
-0.004690,0.034655,0.016098
0.001172,0.027256,0.006439
0.008943,0.013474,-0.004371
0.008931,0.004988,-0.012941
0.004998,0.010394,-0.021447
0.000116,0.010415,-0.025685
0.000105,0.009301,-0.020342
0.000107,0.011360,-0.010716
0.001045,0.019843,-0.005277
-0.000007,0.033721,-0.004128
0.002815,0.046445,0.007697
0.003705,0.039955,0.017284
0.003666,0.021809,0.018188
0.004690,0.001534,0.016972
0.008625,-0.024065,0.012543
0.004743,-0.030433,0.007168
0.005756,-0.013427,0.011677
0.001779,0.027102,0.012072
-0.002243,0.051560,0.021913
-0.004305,0.054784,0.019791
-0.006294,0.034579,0.012117
-0.004394,0.005771,0.010816
-0.004445,-0.017728,0.012770
-0.005433,-0.017760,0.019128
-0.003470,-0.007042,0.014911
0.002399,0.007967,0.005444
0.002356,0.027251,-0.002959
-0.002629,0.027172,0.006659
-0.004694,0.022889,0.005615
-0.000781,0.004805,-0.002007
0.002191,-0.017563,-0.004393
0.001236,-0.022946,-0.000132
-0.001701,-0.009159,0.008577
-0.000788,0.007904,0.012929
0.005097,0.022906,0.007662
0.012921,0.013345,0.003285
0.007028,0.014427,0.001167
0.000140,0.017613,0.002279
0.000088,0.015404,0.009775
0.002008,0.001569,0.006425
0.005960,-0.020826,0.004106
0.007033,-0.037879,-0.000274
0.005131,-0.043107,-0.012105
-0.002641,-0.034577,-0.010971
-0.005554,-0.021875,-0.002225
-0.002593,-0.016478,-0.008615
0.002333,-0.019700,-0.005451
0.004301,-0.003713,-0.007356
-0.002597,0.017588,-0.003930
-0.012477,0.036780,0.000457
-0.010611,0.042076,0.006881
-0.007702,0.026017,0.014202
-0.005781,0.001559,0.008542
-0.008721,-0.007970,0.001992
-0.012639,0.000666,-0.010746
-0.005827,0.026298,-0.012676
-0.005954,0.049762,-0.011401
-0.005043,0.065749,-0.009122
-0.006082,0.071056,-0.007958
-0.007144,0.057151,-0.006942
-0.003275,0.023038,-0.009411
0.000653,-0.014256,-0.013006
0.001703,-0.024974,-0.008795
-0.001200,-0.027129,-0.006665
-0.003167,-0.011179,0.001984
-0.003146,0.006916,0.007486
-0.000225,0.006936,0.005341
0.001768,0.017659,0.001112
0.004650,0.031504,0.002348
0.001602,0.041125,0.000294
-0.002404,0.037965,0.000159
-0.001445,0.032661,-0.003106
0.000531,0.011289,-0.000070
0.000523,0.000623,0.000871
-0.000476,0.005856,0.012687
-0.000509,0.008997,0.020193
0.000442,0.016453,0.020293
-0.000510,0.016470,0.018155
0.006369,0.001576,0.012681
0.008344,-0.002598,-0.000150
0.005378,0.005971,-0.005392
-0.000550,0.015527,0.000044
-0.006451,0.022952,0.005454
-0.007490,0.025050,0.010796
-0.002589,0.019633,0.022466
-0.000660,0.012167,0.021348
0.003247,0.014422,0.008498
0.007110,0.015556,0.002058
0.004165,0.013476,-0.004375
0.005136,0.012399,-0.006449
0.004161,0.013473,-0.008549
0.005143,0.011340,-0.009616
0.000242,0.008138,-0.012780
-0.002733,0.008075,-0.006341
0.000154,0.002700,0.001039
0.000169,-0.011196,0.006212
0.001187,-0.024009,0.007168
0.001216,-0.021883,0.008253
0.004097,-0.003757,0.011582
0.002077,0.020711,0.019308
0.003934,0.039852,0.024875
0.004897,0.052717,0.016461
0.006808,0.044253,0.007834
0.004759,0.032580,0.000244
-0.000246,0.017566,0.007632
-0.007205,0.017451,0.021526
-0.000394,0.012117,0.021476
0.009384,0.001510,0.014945
0.004539,-0.013387,0.010525
0.002645,-0.020830,0.006210
0.000751,-0.017580,-0.003303
0.002746,-0.015242,-0.022641
0.006664,-0.039844,-0.010144
0.004689,-0.012219,-0.004369
0.000744,0.011196,0.004356
-0.001258,0.012207,0.012878
-0.006095,0.019680,0.008747
-0.004146,0.021854,0.002387
0.003566,0.028262,0.003474
0.001497,0.039977,0.004679
0.001426,0.038894,0.006802
0.003333,0.022911,0.004513
0.004329,0.002698,-0.003141
0.006333,-0.005720,-0.015026
0.002389,-0.010010,-0.011867
-0.003500,-0.001499,-0.009636
-0.006443,0.019772,-0.002994
-0.008422,0.022955,-0.001874
-0.005531,0.014395,0.003342
-0.003602,0.017578,0.004463
-0.003629,0.013325,0.003341
0.000232,0.007981,0.005410
-0.003681,-0.006911,-0.000071
0.001255,-0.030408,0.001875
0.001298,-0.038975,0.006068
-0.002522,-0.028306,0.005119
-0.003454,-0.012227,-0.002257
0.000457,0.003738,0.004261
0.000378,0.027191,0.006614
-0.001640,0.032517,0.008775
0.000263,0.031458,0.007697
-0.000753,0.034669,0.006653
-0.001793,0.047479,0.006752
-0.000946,0.065554,0.013350
-0.000117,0.085737,0.021083
-0.004189,0.094270,0.022208
0.000581,0.079421,0.015574
-0.001464,0.046416,0.008824
-0.003459,0.004907,-0.002271
-0.001468,-0.014212,-0.014166
-0.001408,-0.011967,-0.030126
-0.000446,-0.014074,-0.032307
0.002502,-0.013040,-0.028029
0.004462,-0.019492,-0.024818
0.002551,-0.014208,-0.017313
0.002564,0.000637,-0.006483
-0.000398,0.026230,-0.004130
0.003435,0.032560,0.006571
0.005293,0.031528,0.006470
0.002364,0.011247,0.006313
0.002392,-0.006852,-0.001269
0.000452,-0.000366,-0.011888
-0.002528,0.009180,-0.006427
-0.001592,0.018713,0.000114
0.002341,0.018764,-0.005251
0.001399,0.018791,-0.008457
0.004350,0.014631,-0.019234
0.003290,0.007066,-0.007545
-0.001698,0.000573,0.001002
0.002196,0.002568,0.016026
0.003207,-0.000631,0.017038
0.010067,0.003683,0.007543
0.014969,0.016563,-0.003002
0.011925,0.027286,-0.009323
0.011829,0.032633,-0.010353
0.001992,0.034674,-0.001723
-0.001992,0.042089,0.004757
-0.002084,0.046268,0.016528
-0.002230,0.055741,0.030548
-0.001338,0.048244,0.036830
0.003473,0.028030,0.033361
0.001477,0.014166,0.032176
0.002370,0.006662,0.034296
0.001334,0.017317,0.035475
0.005177,0.025895,0.030207
0.001223,0.025974,0.020588
-0.002677,0.007855,0.017244
-0.001656,-0.006936,-0.001049
-0.003601,-0.018613,-0.004442
-0.001608,-0.020676,-0.014059
0.002287,-0.008925,-0.016085
0.000297,0.005949,-0.006378
-0.000734,0.013346,0.005377
0.001223,0.005778,0.014983
-0.006591,-0.001771,0.021405
-0.006554,-0.000759,0.023650
-0.000715,0.010970,0.021678
0.001144,0.022738,0.018563
0.002032,0.025903,0.024961
-0.004831,0.021665,0.020663
-0.000911,-0.000653,0.011867
0.001081,-0.026132,0.001897
-0.003757,-0.034672,0.001831
-0.001749,-0.031427,-0.004529
-0.004658,-0.015458,0.003023
-0.002711,0.005874,0.004275
0.004117,0.017612,0.004375
0.003097,0.018684,0.007508
0.005990,0.013301,0.012817
0.005001,0.000420,0.020227
0.011873,-0.019894,0.025386
0.013870,-0.029521,0.027458
0.011014,-0.015682,0.026616
0.007079,0.013163,0.020499
0.004063,0.034441,0.029209
0.003984,0.031264,0.027029
0.007859,0.020595,0.027980
0.006861,0.000432,0.016013
0.006842,-0.007014,0.013795
0.000949,-0.004895,0.019083
-0.000051,-0.000712,0.029801
-0.001032,0.005619,0.034225
-0.000052,0.003478,0.035269
0.001865,0.012999,0.042888
-0.000155,0.030069,0.040948
0.000712,0.034251,0.051669
-0.001305,0.034283,0.047405
-0.006222,0.022647,0.034489
-0.011107,0.012107,0.020458
-0.015031,-0.001694,0.014925
-0.013100,-0.013412,0.015820
-0.009139,-0.017634,0.010434
-0.005186,-0.011111,-0.004464
-0.005193,0.010265,-0.008556
-0.005275,0.028327,-0.000877
-0.008313,0.041046,0.008868
0.000431,0.036717,0.015264
0.005260,0.033445,0.023789
0.005211,0.018586,0.015086
0.006180,-0.003758,0.011589
0.001306,-0.004776,-0.000051
0.002267,0.003860,-0.009648
0.004141,0.005962,-0.006411
0.000203,0.013376,-0.003066
-0.002694,0.014489,-0.006313
-0.004670,0.021984,-0.009452
0.004036,0.028396,-0.012559
0.000975,0.032548,0.003469
-0.001052,0.024967,0.016241
-0.004002,0.008902,0.021488
-0.002998,-0.000684,0.019272
0.000926,-0.010254,0.013872
-0.000050,-0.009124,0.006395
0.000901,-0.000560,0.004305
-0.005039,0.018661,-0.000797
-0.011923,0.027130,0.005727
-0.013933,0.033448,0.017505
-0.012020,0.021745,0.013130
-0.008096,0.008987,0.008717
-0.006145,0.000518,0.004285
-0.003226,-0.005819,-0.000123
-0.005253,-0.007913,-0.005474
-0.002302,-0.003592,-0.011851
0.001627,-0.002499,-0.012957
0.001683,0.007263,-0.032110
0.007572,0.005208,-0.038612
0.002647,0.014732,-0.032046
-0.001224,0.025471,-0.037361
0.010498,0.006265,-0.032300
0.016410,-0.004456,-0.029123
0.008587,0.009407,-0.033163
0.010460,0.028623,-0.030931
0.010389,0.038124,-0.021168
0.007412,0.027402,-0.015898
0.005440,0.000620,-0.002255
0.008416,-0.025035,0.002872
0.010440,-0.034647,0.002813
0.008498,-0.030364,0.000717
0.001635,-0.008022,0.009449
-0.000326,0.024002,0.006554
0.003502,0.043210,0.005670
-0.002444,0.050724,0.003527
-0.006443,0.043246,0.003485
-0.010389,0.026221,-0.003060
-0.007470,-0.006884,0.002998
-0.006438,-0.028242,0.004953
-0.013202,-0.034696,0.009215
-0.011200,-0.024003,0.006109
-0.005307,-0.008013,0.006288
-0.000464,0.015437,0.007602
-0.006407,0.033493,0.016343
-0.011349,0.042023,0.015386
-0.009397,0.021879,0.002326
-0.002531,-0.011071,-0.008753
0.001408,-0.046210,-0.015523
-0.001448,-0.053659,-0.016686
-0.002325,-0.039682,-0.027297
-0.001278,-0.013017,-0.025994
-0.003279,0.014666,-0.019325
-0.003338,0.037006,-0.011634
0.000518,0.039126,-0.010533
0.001478,0.022130,-0.018201
0.006392,0.010424,-0.021521
0.005420,-0.005572,-0.023773
0.003458,-0.012031,-0.016363
0.000537,-0.016399,-0.005681
0.000598,-0.017535,0.002855
-0.000344,-0.010098,0.005095
0.003606,-0.000505,0.002069
0.003571,0.016598,-0.002046
0.002542,0.024068,-0.001985
0.000527,0.014473,-0.001045
-0.003375,-0.009070,0.006255
-0.004324,-0.017623,0.006226
-0.005260,-0.006967,0.008446
-0.011195,0.024964,0.015206
-0.010333,0.054900,0.009034
-0.006532,0.063460,0.009046
-0.001742,0.044295,0.004588
-0.000799,0.012334,-0.003140
-0.003727,0.001752,-0.014965
-0.000759,-0.016330,-0.023637
-0.001681,-0.021637,-0.030033
-0.005576,-0.009909,-0.031998
-0.009496,0.014592,-0.028541
-0.010593,0.042248,-0.018663
-0.009751,0.052879,-0.011150
-0.002978,0.039025,-0.010270
-0.002024,0.026333,-0.022175
0.000886,0.012595,-0.036239
0.003791,0.010515,-0.039537
0.006677,0.020194,-0.051156
0.004639,0.026536,-0.047808
-0.001255,0.031877,-0.049868
0.003621,0.015846,-0.048892
0.007558,0.009428,-0.046813
0.004645,0.007230,-0.036206
-0.003204,0.011376,-0.021211
-0.002289,0.007064,-0.013814
-0.004307,0.000505,0.005365
0.003526,-0.005995,0.018117
0.007474,-0.004905,0.014928
0.010450,0.003713,0.004330
0.008477,0.017705,-0.010507
0.004494,0.032728,-0.016872
0.002511,0.031697,-0.020114
0.005452,0.014663,-0.022453
0.005438,-0.002390,-0.021607
0.006436,-0.005665,-0.010984
0.002518,-0.006821,0.001787
0.003482,-0.008025,0.019915
0.002541,0.008919,0.031903
0.008399,0.012119,0.027751
0.013200,0.012084,0.029933
0.008289,0.014167,0.032176
0.006346,0.005641,0.028940
0.005392,-0.009200,0.017052
0.003494,-0.014442,0.006305
-0.000438,-0.021921,0.009403
-0.004352,-0.014476,0.014759
-0.007288,-0.005963,0.019078
-0.007285,0.008926,0.024564
-0.005382,0.021737,0.026748
-0.002515,0.030313,0.023581
-0.000626,0.023888,0.024630
-0.005550,0.012103,0.027791
-0.008466,-0.008145,0.022319
-0.003550,0.001496,0.014984
-0.003579,0.011123,0.011868
-0.004641,0.020696,0.015166
-0.007610,0.026038,0.012058
-0.008618,0.027169,0.005626
-0.007709,0.014373,0.006541
-0.003770,-0.003697,-0.003208
-0.000776,-0.014269,-0.014017
0.005111,-0.034545,-0.011049
-0.003655,-0.027107,-0.005673
-0.002630,-0.014316,-0.005529
-0.002638,0.009146,-0.005291
-0.005646,0.032573,0.001312
-0.000883,0.038852,0.015280
-0.001913,0.026030,0.015217
-0.005787,0.001559,0.009592
-0.002819,-0.014356,-0.000196
-0.002818,-0.014280,-0.008761
-0.001850,-0.015312,-0.010952
0.000115,-0.002461,-0.016191
0.001104,0.015687,-0.019193
-0.000915,0.031767,-0.026572
-0.004904,0.041396,-0.027602
-0.002966,0.018920,-0.021343
-0.001012,-0.007744,-0.021603
-0.000944,-0.030227,-0.013234
-0.003833,-0.021709,-0.013113
-0.004828,0.000539,0.006322
-0.006807,0.017581,0.009687
-0.001912,0.021845,0.010783
0.001013,0.025160,-0.004128
0.000996,0.019878,-0.009545
0.000920,0.014557,-0.012765
0.001836,0.029478,-0.012592
0.002731,0.030508,-0.010392
0.000749,0.015546,-0.005233
0.002741,-0.004761,-0.002184
0.006696,-0.022930,0.001921
0.008706,-0.034729,0.007210
0.001853,-0.029500,0.022175
0.003848,-0.024203,0.025459
0.008750,-0.023236,0.035141
0.008725,-0.000882,0.040703
0.007692,0.015079,0.047230
0.005662,0.025754,0.045221
0.001723,0.028937,0.042157
0.002640,0.027965,0.031443
0.002609,0.028056,0.023883
0.006454,0.017517,0.009853
0.007372,0.004765,0.004379
0.005357,0.006892,0.006506
0.003349,0.014337,0.007680
0.003301,0.026133,0.000308
0.003293,0.019784,-0.005115
0.008154,0.015525,-0.005175
0.012024,0.004837,-0.004176
0.009078,-0.002591,-0.009577
0.006185,-0.000428,-0.009635
0.007193,-0.016478,-0.003383
0.006234,-0.023989,0.001893
0.007275,-0.022978,0.008323
0.004387,-0.015536,0.009504
0.005351,0.005749,0.014016
-0.000592,0.031303,0.018563
-0.000703,0.045125,0.024041
-0.004691,0.024826,0.028117
-0.000755,-0.009228,0.018171
0.004244,-0.049665,0.004984
0.002422,-0.065552,-0.009060
-0.003355,-0.058048,-0.010130
-0.005270,-0.028261,-0.000226
-0.009204,0.010055,0.010817
-0.011212,0.026993,0.025956
-0.009310,0.020565,0.029104
-0.005362,0.002430,0.028937
-0.002426,-0.014537,0.018059
-0.004377,-0.011240,0.007378
-0.005359,-0.001604,0.003191
0.000490,0.003877,-0.013876
0.002436,0.002813,-0.012847
-0.003433,0.003873,-0.012821
-0.007315,-0.002539,-0.014939
-0.008270,0.000690,-0.014986
-0.003388,-0.005684,-0.015116
0.004437,-0.013195,-0.010890
0.004445,-0.011029,-0.015137
0.000545,-0.000397,-0.010761
-0.001417,0.017684,-0.006270
0.002434,0.033638,-0.000767
0.004327,0.035752,0.002443
0.006287,0.012272,0.002252
0.006293,-0.000516,0.001053
0.002387,0.000562,0.001034
0.003313,0.005903,0.002110
0.004245,0.017590,0.009664
0.008128,0.013288,0.014944
0.009100,0.002645,0.012687
0.004233,0.008031,0.007374
0.002249,0.017660,0.004251
0.002193,0.029367,0.007568
0.002080,0.036799,0.008776
0.005906,0.030390,0.009785
0.006853,0.036877,0.000207
0.011714,0.024176,-0.010630
0.014605,0.006109,-0.016205
0.006767,-0.001344,-0.019452
0.000916,0.006109,-0.018298
-0.002041,0.015733,-0.019314
-0.003081,0.027401,-0.012756
-0.006091,0.037954,-0.003994
-0.008120,0.041109,0.003476
-0.007176,0.019726,0.011768
-0.003258,0.002609,0.015920
-0.009091,-0.005906,0.012654
-0.006146,0.001579,0.009542
-0.005178,0.016533,0.004400
-0.005251,0.016475,0.007687
-0.010221,0.018521,0.016302
-0.009225,0.011070,0.012005
-0.011142,-0.009167,0.008600
-0.011099,-0.020856,0.002097
-0.009150,-0.017625,-0.003179
-0.011114,-0.012252,-0.006371
-0.013060,-0.003760,-0.001999
-0.009134,0.001593,-0.005136
-0.009102,0.000616,-0.016884
-0.006174,-0.005656,-0.027738
-0.002304,-0.004604,-0.023506
-0.005293,0.004943,-0.019094
-0.011173,0.005948,-0.012647
-0.011195,0.019894,-0.021090
-0.003378,0.014549,-0.019018
-0.001474,0.009136,-0.009450
-0.001465,0.001668,-0.010562
-0.000425,-0.008933,-0.017111
0.002588,-0.013124,-0.025714
0.005552,-0.014149,-0.030016
0.003616,-0.007732,-0.032091
0.010458,0.006104,-0.028741
0.005550,0.015681,-0.025452
0.003534,0.012443,-0.021202
0.004526,0.008133,-0.016948
0.007467,-0.008936,-0.018148
0.010413,-0.012177,-0.011798
0.008477,-0.013295,-0.006445
0.006486,-0.009129,0.004317
0.006499,0.005727,0.015120
0.011366,0.015332,0.015196
0.011351,0.020754,0.006651
0.011291,0.014404,0.003322
0.008356,0.003772,0.001039
0.008375,-0.011185,0.002002
0.002507,-0.021869,0.004039
0.001586,-0.012370,0.014850
0.003594,-0.000642,0.012885
0.002606,0.006871,0.007607
0.005509,0.018607,0.008757
0.006381,0.026017,0.016295
0.005310,0.022720,0.029068
-0.001546,0.014151,0.033265
0.003381,0.002474,0.025684
0.006344,-0.009165,0.014869
0.011259,-0.025092,0.006160
0.013277,-0.032449,-0.004657
0.011408,-0.044173,-0.004793
0.010539,-0.060134,-0.010274
0.011699,-0.068649,-0.010403
0.012784,-0.063404,-0.001755
0.009907,-0.029433,0.015726
0.012874,-0.006059,0.026649
0.013858,0.007682,0.040704
0.011899,0.017230,0.043023
0.005983,0.022497,0.049522
0.003932,0.020335,0.053760
-0.000103,0.018123,0.062312
-0.002096,0.011784,0.053724
-0.008957,0.010863,0.037648
-0.008015,0.003529,0.024682
-0.012930,0.001459,0.015083
-0.015903,0.000412,0.011886
-0.015917,0.001489,0.011867
-0.018885,-0.003872,0.016074
-0.017916,-0.001803,0.023580
-0.019922,0.007732,0.032208
-0.017977,0.025916,0.025972
-0.018077,0.034468,0.022868
-0.019122,0.029196,0.015337
-0.016194,0.006873,0.005513
-0.012238,-0.017575,-0.007493
-0.015100,-0.016414,-0.019236
-0.016070,-0.000336,-0.027653
-0.011231,0.029584,-0.032735
-0.009384,0.052003,-0.030478
-0.006557,0.049902,-0.029540
-0.007582,0.034924,-0.025381
-0.006613,0.012583,-0.032026
-0.002720,0.003033,-0.036429
0.000187,0.010430,-0.030948
0.000154,0.019937,-0.023293
0.006015,0.033846,-0.029545
0.006962,0.037075,-0.034819
0.006840,0.031606,-0.021965
0.012579,0.044313,-0.011143
0.010514,0.054938,-0.003614
0.014334,0.038975,-0.005957
0.015240,0.026253,-0.012554
0.009297,0.009100,0.000057
0.008311,-0.013339,0.003083
0.011286,-0.025098,0.003037
0.007440,-0.017661,0.006324
0.007485,-0.011295,0.010658
0.008450,0.006773,0.015184
0.004517,0.019534,0.022728
0.005461,0.007799,0.025759
0.005495,-0.011426,0.026688
0.003580,-0.020981,0.022295
0.002610,-0.020925,0.017965
-0.000316,-0.004913,0.017040
-0.001318,0.005759,0.016081
-0.001341,0.012188,0.010842
-0.002297,0.006884,0.007576
-0.001310,-0.003713,-0.001077
-0.001295,-0.009044,-0.002178
-0.004227,-0.002654,0.001045
-0.006187,-0.002670,0.004224
-0.007141,-0.002642,0.003106
-0.006108,-0.006884,0.000909
-0.005114,-0.019619,-0.006702
-0.007065,-0.019682,-0.000262
-0.009962,-0.013292,-0.000176
-0.010920,-0.003673,-0.001180
-0.008927,0.000655,-0.010714
-0.009914,0.012378,-0.009528
-0.011900,0.003844,-0.011698
-0.004071,-0.008870,-0.022503
0.004793,-0.018427,-0.023753
-0.000102,-0.024895,-0.017363
-0.006944,-0.000430,-0.010673
-0.006985,0.028349,-0.007208
-0.001193,0.042166,0.001420
0.006589,0.034686,0.005564
0.006584,0.006952,0.003212
0.007579,-0.009027,-0.003270
0.003664,-0.012208,-0.004395
0.005601,-0.007963,-0.000115
0.003639,0.001590,0.003237
-0.000269,0.017563,0.005552
-0.004176,0.025086,0.001292
-0.001254,0.012337,-0.005238
0.003604,-0.003624,-0.008630
0.005571,-0.016386,-0.009897
0.004623,-0.016393,-0.009878
0.003630,-0.003602,-0.007642
0.000681,0.009164,-0.002201
0.002676,0.009171,-0.004312
0.003652,0.010223,-0.002169
-0.001266,0.015506,0.003243
0.003553,0.020772,0.007648
0.005455,0.017623,0.003303
0.007408,0.002720,0.000990
0.006488,-0.017474,-0.010896
0.002639,-0.020621,-0.016293
-0.005164,-0.015307,-0.015147
-0.004190,-0.002557,-0.008619
-0.003244,0.015519,0.000071
-0.006203,0.021910,0.000153
-0.005262,0.018643,0.007618
-0.005263,0.018668,0.004415
-0.001377,0.006954,0.002160
0.001551,-0.007955,-0.003273
-0.000406,-0.016513,-0.002243
-0.000357,-0.025064,0.000858
-0.000320,-0.018677,0.000953
0.000701,0.006931,-0.000914
-0.002328,0.038924,0.001498
-0.004430,0.057038,0.007996
-0.000636,0.048533,0.002614
0.002269,0.020785,0.003433
0.003277,-0.009113,0.005321
0.005264,-0.018645,-0.002267
0.009228,-0.014302,-0.008701
0.013106,-0.012150,-0.008728
0.008197,-0.008957,-0.009726
0.001341,-0.006892,-0.004296
0.002334,-0.003641,-0.010675
0.002399,-0.014304,-0.009743
0.008313,-0.033545,-0.005635
0.010347,-0.031465,-0.000244
0.002533,-0.009157,0.013805
0.004444,0.005760,0.018171
0.009356,0.010089,0.013865
0.012330,-0.003741,0.008407
0.014306,-0.013277,-0.000217
0.005537,-0.013250,-0.004471
0.000647,-0.005804,-0.005392
-0.002266,0.004818,-0.002035
0.004584,0.010169,-0.002030
0.008426,0.020863,-0.004091
0.010327,0.026158,0.000243
0.012215,0.031532,-0.000859
0.014091,0.032589,0.003361
0.012029,0.031460,0.010834
0.006088,0.031382,0.021494
0.004032,0.033457,0.027941
0.005906,0.022722,0.035340
0.009779,0.014226,0.033069
0.009792,-0.001728,0.026524
0.008854,-0.008071,0.015854
0.001991,0.001506,0.017052
-0.005905,0.008909,0.023562
-0.007897,0.013093,0.031139
-0.005957,0.003408,0.041729
-0.005979,-0.001945,0.044867
-0.014775,-0.001942,0.043814
-0.014780,-0.007321,0.050158
-0.012833,-0.014734,0.044718
-0.010807,-0.029574,0.032828
-0.006814,-0.032606,0.013534
-0.010624,-0.023933,-0.003481
-0.013541,-0.006758,-0.017197
-0.016517,0.013491,-0.014867
-0.021494,0.034763,-0.009275
-0.021558,0.038955,-0.000674
-0.019611,0.032534,0.002457
-0.016733,0.023978,0.004528
-0.014830,0.011179,0.004405
-0.011904,0.000508,0.006406
-0.007974,-0.017604,0.001994
-0.003021,-0.023879,-0.013036
0.000971,-0.020553,-0.029022
0.001970,-0.004459,-0.040618
-0.006887,0.017886,-0.035031
-0.008877,0.026367,-0.027493
-0.009868,0.013600,-0.029792
-0.004962,0.003918,-0.022349
0.002803,0.007065,-0.015906
0.007608,0.024087,-0.007260
0.009503,0.024081,-0.007246
0.012418,0.017705,-0.009460
0.010486,0.011322,-0.013750
0.009483,0.007041,-0.014797
0.012356,0.009141,-0.010507
0.009371,0.013339,-0.002966
0.003442,0.029279,0.004664
0.000432,0.031348,0.014263
0.001341,0.030257,0.020593
0.001302,0.018472,0.025846
-0.001675,0.010984,0.025829
0.002208,0.000315,0.024687
0.000232,-0.003925,0.021439
-0.004658,-0.000691,0.017198
-0.007558,-0.003860,0.011857
-0.007543,0.003705,0.002260
-0.012483,0.004799,0.001153
-0.009560,0.000498,0.005386
-0.008575,0.003760,-0.003114
-0.007581,0.009120,-0.004177
-0.010534,-0.000382,-0.012888
-0.006571,-0.016343,-0.018373
-0.008471,-0.033412,-0.021669
-0.007411,-0.036613,-0.025878
-0.009314,-0.020630,-0.023591
-0.011231,-0.012113,-0.020328
-0.009211,-0.013215,-0.015018
-0.007145,-0.026004,-0.016213
0.001791,-0.051520,-0.025043
0.009777,-0.066304,-0.043354
0.005009,-0.050331,-0.043128
-0.001852,0.002865,-0.026576
-0.006873,0.075268,-0.010908
-0.008113,0.142383,-0.000633
-0.008524,0.189161,0.022182
-0.003101,0.200770,0.038304
0.007264,0.170981,0.031544
0.013854,0.113540,0.012803
0.021551,0.061450,-0.012211
0.024369,0.031652,-0.024180
0.019303,0.039103,-0.021974
0.013240,0.053919,-0.007929
0.011173,0.058166,-0.003657
0.013057,0.038907,0.004681
0.012031,0.026072,0.006742
0.009000,0.012147,0.015130
0.009925,0.003654,0.013895
0.013870,-0.012330,0.010565
0.012956,-0.030409,0.003977
0.008156,-0.035697,-0.004560
0.010189,-0.027213,-0.001213
0.000343,0.005754,0.011913
-0.006630,0.043998,0.030466
-0.001881,0.057800,0.039132
0.001966,0.033290,0.039882
0.004901,-0.002912,0.032048
0.000084,-0.026294,0.019054
0.000140,-0.039084,0.015767
-0.002758,-0.031598,0.011605
-0.001721,-0.008152,0.015020
-0.006584,-0.000675,0.012974
-0.008529,0.002511,0.014086
-0.010471,-0.008140,0.012896
-0.012371,-0.044404,0.012543
-0.012212,-0.068915,0.010163
-0.008087,-0.087038,0.004734
-0.007941,-0.083849,0.005839
-0.007837,-0.051817,0.006059
-0.004885,0.001436,0.015144
-0.003994,0.032370,0.017530
-0.004069,0.045220,0.013336
-0.002129,0.031481,-0.003861
-0.003093,-0.003574,-0.019218
-0.006960,-0.035499,-0.027037
-0.003933,-0.055745,-0.032514
-0.005831,-0.037664,-0.024884
-0.006831,0.006045,-0.018130
-0.001988,0.034854,-0.015788
-0.000063,0.044459,-0.013616
0.002835,0.029615,-0.025496
0.006726,0.009383,-0.029962
0.004754,-0.004453,-0.035404
0.005762,-0.005516,-0.038560
0.006745,0.009382,-0.034142
0.003758,0.018893,-0.021268
0.002742,0.026227,-0.006212
-0.000259,0.036810,0.002475
0.002563,0.036728,0.012103
0.005379,0.050573,0.016472
0.011153,0.037776,0.015296
0.006237,0.014362,0.012845
0.004260,-0.009102,0.011567
-0.002547,-0.016559,0.007290
-0.001546,-0.017676,0.011593
-0.003497,0.001566,0.005392
-0.012334,0.032501,0.004635
-0.018333,0.052736,0.011186
-0.015491,0.037827,0.010980
-0.010646,0.012269,0.009581
-0.011617,-0.004709,-0.002316
-0.011627,0.002759,-0.003294
-0.015567,0.014523,-0.006400
-0.011680,0.017750,-0.009576
-0.008674,0.003978,-0.021458
-0.007621,-0.011920,-0.037568
-0.003673,-0.012887,-0.049341
-0.005639,-0.003315,-0.043946
-0.001757,0.001984,-0.039621
-0.002720,0.001919,-0.031086
-0.003618,-0.015163,-0.029117
0.001349,-0.023702,-0.029184
0.004327,-0.011957,-0.031195
0.009155,0.016783,-0.024489
0.008044,0.050833,-0.014534
0.008904,0.059343,-0.010209
0.011781,0.026303,-0.012684
0.014720,-0.001450,-0.012899
0.016713,-0.011079,-0.011868
0.017667,-0.003602,-0.011822
0.014685,0.010225,-0.005311
0.009747,0.018709,0.003265
0.007769,0.013302,0.011773
0.007751,0.010067,0.017060
0.008695,0.021819,0.015032
0.009614,0.029290,0.015091
0.008540,0.028246,0.011885
0.009504,0.017675,0.000029
0.009509,-0.006829,-0.002371
0.000741,-0.015369,-0.002437
-0.003135,-0.005855,0.005200
-0.002218,0.014344,0.013939
-0.003229,0.030360,0.015095
0.000597,0.024987,0.020375
0.005485,0.016478,0.015001
0.007426,0.010089,0.012821
0.004403,0.008974,0.018165
0.002353,0.022808,0.022567
0.005250,0.028101,0.025859
0.002197,0.039860,0.023812
-0.002808,0.052641,0.028168
-0.005872,0.055804,0.031433
-0.006993,0.055795,0.032502
-0.008143,0.054697,0.035710
-0.006306,0.048368,0.028143
-0.007369,0.034551,0.022654
-0.010343,0.018650,0.008646
-0.009403,0.010192,-0.002091
-0.011384,0.006005,-0.011752
-0.015331,0.008105,-0.009553
-0.018264,0.011318,-0.011648
-0.013395,0.007067,-0.011727
-0.009529,0.007090,-0.012831
-0.004641,0.008188,-0.016042
-0.002710,0.004973,-0.012897
-0.000800,0.009231,-0.009696
0.000190,0.007142,-0.014015
0.004125,0.003976,-0.021455
0.006115,0.004064,-0.032142
0.007068,0.007273,-0.033181
0.003110,0.020019,-0.026642
0.000096,0.032717,-0.014750
0.000971,0.039075,-0.006214
0.004800,0.033592,0.010857
0.000831,0.031415,0.015133
0.005686,0.011203,0.010614
0.009607,0.009128,-0.000017
0.013496,0.006049,-0.012909
0.012492,0.001804,-0.017189
0.003697,0.012482,-0.021300
-0.001270,0.025194,-0.011537
-0.002326,0.026164,0.002321
0.001544,0.018658,0.009672
0.004468,0.006834,0.019209
0.002480,0.003637,0.020216
0.003407,0.012148,0.023494
0.004296,0.021766,0.019357
0.006207,0.028209,0.010938
0.005204,0.025063,0.004492
0.007131,0.010164,-0.002016
0.008124,-0.007909,-0.009665
0.005246,-0.017483,-0.011916
0.004280,-0.011063,-0.010861
0.006246,-0.004697,-0.005486
0.003283,-0.002643,0.005200
0.003267,0.007956,0.013845
0.004244,0.007926,0.014968
0.006187,0.005838,0.008557
0.001281,0.004727,0.011800
-0.003623,-0.007049,0.011799
-0.004555,-0.011329,0.011793
0.000364,-0.021939,0.005270
0.000378,-0.020836,0.003095
-0.000586,-0.012312,0.006336
-0.004505,-0.009124,0.008489
-0.003506,-0.004805,0.005256
-0.002499,0.000590,-0.000082
-0.001543,0.002750,-0.004316
-0.005503,0.014410,0.004352
-0.010443,0.022891,0.010846
-0.007519,0.013251,0.013996
-0.006505,0.000449,0.012834
-0.006491,-0.013420,0.010617
-0.004508,-0.021856,-0.001221
0.000402,-0.010087,-0.003295
-0.003549,0.012276,0.002242
-0.012438,0.039938,0.008968
-0.009626,0.047413,0.009017
-0.002798,0.025140,-0.003030
0.007034,-0.012061,-0.020465
0.006138,-0.024801,-0.028063
0.002236,-0.020552,-0.024839
0.002201,-0.003580,-0.015016
0.004114,0.015528,-0.003090
0.005077,0.006943,0.003238
0.001193,-0.012278,0.006249
-0.000743,-0.019810,0.012622
0.003219,-0.018704,0.008347
0.007190,-0.014354,-0.000197
0.007229,-0.001441,-0.010828
0.003287,0.013499,-0.012796
-0.005573,0.025183,-0.005233
-0.013489,0.034740,0.001244
