0.003198,0.002682,0.011918
0.004153,-0.001608,0.013996
0.003157,-0.000498,0.009761
0.000211,0.009154,0.006656
0.001164,0.004928,0.002375
0.005073,-0.007960,0.010778
0.007010,-0.008992,0.007613
0.007974,-0.004712,0.006597
0.010888,0.004845,0.010919
0.011815,0.018760,0.006789
0.008876,0.030618,-0.004809
0.005978,0.038120,-0.007927
0.000154,0.037068,-0.010084
0.003086,0.024221,-0.005938
0.000185,0.013474,0.001396
0.003099,0.007124,-0.003979
0.005427,0.004984,-0.002953
-0.001183,-0.003609,0.002250
0.003822,-0.006835,0.004345
0.002801,-0.004755,0.009655
0.006567,-0.011145,0.008531
0.011384,-0.017571,0.010583
0.012204,-0.020770,0.010569
0.013036,-0.013215,0.002146
0.011034,0.004979,-0.002979
0.008134,0.024140,-0.102306
-0.014495,0.020312,-0.666716
-0.042010,0.003768,-0.621065
-0.018221,0.026853,-0.161946
-0.000492,0.041197,0.002497
-0.004510,0.024469,-0.031535
-0.003390,-0.000320,-0.007353
-0.001458,-0.018473,-0.006465
0.000518,-0.023893,0.001984
0.000240,-0.023952,0.008384
-0.005626,-0.011144,0.008530
-0.006453,-0.005826,0.010726
-0.001869,0.004910,0.004467
-0.003778,0.012391,0.003478
0.000071,0.012432,-0.000787
0.002025,0.011361,-0.000837
-0.001925,0.018809,0.001343
-0.005862,0.020983,-0.002903
-0.002971,0.020950,0.000260
0.000860,0.035988,-0.009153
-0.003080,0.050907,-0.006893
-0.007048,0.046573,-0.000578
-0.008130,0.042189,0.011083
-0.009191,0.034627,0.020601
-0.015122,0.034545,0.029124
-0.008383,0.024902,0.033325
-0.000639,0.018450,0.038630
0.003116,0.013139,0.036517
0.006950,0.011101,0.026956
0.004942,0.008924,0.031182
0.001975,0.001508,0.025811
0.004885,-0.004921,0.027858
0.006812,0.001566,0.019405
0.007768,0.012273,0.016285
0.012611,0.020832,0.014244
0.005750,0.022997,0.011080
0.003736,0.030436,0.014336
0.000729,0.032563,0.015428
0.000704,0.029362,0.015407
-0.000296,0.020815,0.016443
-0.005229,0.006830,0.028055
-0.004346,0.014303,0.028148
0.002431,0.008979,0.027061
0.005304,0.003599,0.031259
-0.004487,0.006896,0.021731
-0.004540,0.014353,0.022837
0.003208,0.026154,0.016553
0.007077,0.047504,0.015637
0.008974,0.060350,0.011484
0.005034,0.078535,0.007376
0.013778,0.080717,0.002021
0.010835,0.070072,-0.001303
0.002980,0.052932,0.004893
-0.002916,0.024056,0.011000
0.000941,0.004761,0.019307
0.005758,-0.001617,0.017156
0.010598,-0.000549,0.017179
0.012524,0.013462,0.003500
0.009563,0.016643,0.005657
0.009534,0.014632,-0.007085
0.004659,0.000749,-0.006145
0.005639,0.001827,-0.007232
0.017317,0.022146,-0.011286
0.017309,0.028562,-0.012313
0.011486,0.024282,-0.011289
0.008574,0.024300,-0.013424
0.006622,0.027543,-0.017647
-0.000177,0.016851,-0.015618
-0.000198,0.018986,-0.015592
-0.006051,0.025417,-0.018718
-0.006061,0.024286,-0.012362
-0.005056,0.021030,-0.006020
-0.006048,0.028500,-0.005954
-0.011967,0.039129,-0.001596
-0.015910,0.039108,0.000533
-0.012020,0.028423,0.001502
-0.012043,0.009172,0.005585
-0.010080,-0.002533,0.002320
-0.007167,0.004937,0.002386
-0.004244,0.009207,0.002408
-0.011065,0.009130,0.009801
-0.012052,0.010179,0.011938
-0.006220,0.021885,0.015223
-0.004289,0.046513,0.006965
-0.006238,0.043245,0.013268
-0.006299,0.019618,0.027917
0.000446,0.013281,0.021516
0.010140,0.030430,0.014238
0.008149,0.039011,0.010090
0.012999,0.034764,0.007944
0.014933,0.034774,0.006883
0.011951,0.029496,0.001545
0.008994,0.026307,0.000490
0.002185,0.019888,0.001469
0.003139,0.019908,-0.000667
0.002121,0.025257,-0.001639
0.002111,0.026313,-0.000569
0.001145,0.013439,0.006737
0.001099,0.009119,0.012019
0.002053,0.000535,0.016197
0.003040,-0.022985,0.020222
0.012754,-0.034761,0.024375
0.012750,-0.029380,0.020213
0.017624,-0.009019,0.011944
0.007868,0.023113,0.000567
0.001055,0.040253,-0.005637
-0.000879,0.052055,-0.011900
0.001079,0.059577,-0.017168
0.000085,0.059565,-0.016121
0.000089,0.058441,-0.010880
-0.001884,0.052022,-0.009938
-0.004846,0.049827,-0.003570
-0.013639,0.025198,0.004711
-0.008792,-0.000509,0.014022
-0.004955,-0.006945,0.017135
-0.004988,-0.012271,0.016035
-0.004055,-0.001599,0.016135
-0.005099,0.044424,0.002744
-0.003200,0.061552,-0.002405
-0.001253,0.050826,0.002793
-0.003215,0.034735,0.011148
-0.001316,0.012282,0.015175
-0.004276,-0.021940,0.022318
-0.000395,-0.043312,0.025313
0.002496,-0.037995,0.027510
0.006359,-0.022012,0.029786
0.009228,-0.000585,0.021471
0.010184,0.015446,0.019509
0.007220,0.030387,0.019660
0.002300,0.041080,0.017632
-0.002622,0.041060,0.019781
-0.000724,0.029344,0.017556
-0.003665,0.012241,0.020625
-0.005673,-0.007031,0.026844
0.005982,-0.010190,0.022558
0.004969,0.005850,0.019536
0.004914,0.037926,0.013436
0.003911,0.054051,0.001876
0.000973,0.051884,0.005033
0.000932,0.040121,0.007019
0.003811,0.019769,0.014241
0.005751,-0.016571,0.019202
0.009644,-0.033582,0.012673
0.008637,-0.029269,0.008458
0.002771,-0.017574,0.012798
0.000815,0.008062,0.010927
0.004671,0.031572,0.007963
0.004649,0.038004,0.004830
0.002697,0.030514,0.006907
0.002652,0.023080,0.003679
-0.001269,0.025237,0.001596
-0.002269,0.024155,0.002664
-0.001294,0.025242,0.000537
0.003555,0.021970,0.007928
0.009355,0.014489,0.008910
0.013234,-0.001541,0.010843
0.007349,-0.015531,0.022400
0.006344,-0.012300,0.019253
0.001447,-0.000519,0.015111
0.005307,0.005909,0.013051
0.014071,0.010326,-0.001773
0.011148,0.004988,-0.001847
0.009180,0.002855,-0.001852
0.005274,0.005020,-0.005016
0.000396,-0.001404,-0.002943
0.003347,-0.005701,0.000251
-0.002496,0.001794,-0.001764
-0.002485,0.010311,0.000439
-0.004450,0.015626,0.002615
0.004275,0.016747,-0.003824
0.001365,0.013480,0.002487
-0.007422,0.002764,0.006610
-0.005459,-0.010033,0.005409
-0.000591,-0.020695,0.004241
0.004263,-0.018550,0.003199
0.006213,-0.010012,0.003245
0.009141,-0.002457,-0.005178
0.014000,0.000775,-0.008361
0.010105,-0.010951,-0.009504
0.006222,-0.005545,-0.016904
0.000370,-0.000207,-0.016837
-0.003511,-0.005522,-0.019020
-0.002506,-0.016280,-0.010632
0.000424,-0.010961,-0.008415
0.000432,-0.003544,-0.003045
-0.000527,-0.000341,-0.002968
-0.003445,0.004976,-0.000764
-0.002473,0.012463,-0.001734
-0.000530,0.030605,-0.001561
-0.000521,0.020985,-0.000611
-0.000513,0.001713,0.005587
-0.007329,-0.008969,0.006512
-0.009281,-0.002556,0.005507
-0.006372,0.003874,0.002361
-0.002468,0.007064,0.003436
0.002395,0.002850,-0.001907
0.003371,-0.001459,0.002320
0.001433,-0.001437,0.000205
-0.004419,0.004913,0.005573
-0.005397,0.000611,0.008705
0.000413,0.009117,0.011976
-0.004481,0.015495,0.014141
-0.002564,0.014428,0.014132
0.002254,0.004758,0.020372
0.001252,0.006892,0.020391
0.002169,0.015441,0.019411
0.006988,0.020799,0.017349
0.002079,0.016575,0.013082
0.003998,0.012317,0.011983
0.005924,0.010191,0.010905
0.004906,0.012336,0.009862
0.005875,0.008110,0.005545
0.008788,-0.006874,0.009631
0.010723,-0.008925,0.001139
0.010731,0.002909,-0.008321
0.010737,0.015725,-0.009270
0.007816,0.020017,-0.011327
-0.000003,0.032762,-0.004837
0.004868,0.028504,-0.005942
0.008782,0.013555,-0.005019
0.006861,-0.004566,-0.007313
0.000034,-0.021740,0.002067
-0.004854,-0.031364,0.004112
-0.005821,-0.029255,0.006261
-0.006798,-0.012168,0.005383
-0.008754,0.002799,0.003411
0.001015,0.004911,0.005538
0.003911,0.013442,0.006700
-0.000042,0.019843,0.006729
-0.004908,0.012361,0.007718
-0.008801,-0.006892,0.011766
-0.005913,-0.015430,0.011692
-0.002046,-0.016498,0.011683
-0.001075,-0.015440,0.012760
-0.001108,0.002724,0.010817
-0.001149,0.013401,0.010944
0.003722,0.013420,0.008801
0.006620,0.008052,0.011945
0.006588,0.001619,0.015100
0.005586,-0.006910,0.013958
0.004585,-0.007996,0.016092
0.006501,-0.006918,0.015047
0.003568,-0.005850,0.015063
-0.001318,0.003809,0.009848
-0.001339,0.015653,-0.000666
0.005475,0.003915,-0.000762
0.006477,-0.016459,0.008583
0.004500,-0.019691,0.011744
0.005417,-0.001529,0.009774
0.010283,0.002715,0.011927
0.008317,-0.011222,0.018165
0.002451,-0.009060,0.016102
-0.001479,-0.000474,0.012009
0.000468,0.003814,0.009960
-0.002451,0.007027,0.008941
-0.010275,0.012347,0.011122
-0.007387,0.024140,0.005940
-0.001571,0.033727,0.007009
-0.004515,0.026255,0.006916
-0.001612,0.004823,0.015184
0.001289,-0.006960,0.019298
0.006140,-0.010169,0.020337
0.004139,-0.008033,0.020369
0.007042,-0.017621,0.018136
0.011912,-0.015369,0.006484
0.014882,-0.016366,-0.000994
0.008057,-0.005630,-0.007267
-0.006597,0.015756,-0.011346
-0.007579,0.021153,-0.017707
-0.007570,0.026470,-0.016646
-0.006585,0.036082,-0.017658
-0.005620,0.029673,-0.016633
-0.005619,0.007176,-0.008369
0.000236,-0.006773,-0.001048
0.001201,-0.015404,0.008454
-0.006604,-0.015386,0.007441
-0.007574,-0.020754,0.010577
-0.005644,-0.012270,0.015963
-0.004701,0.002702,0.012911
-0.003729,0.013424,0.007665
-0.000814,0.009163,0.006532
0.005993,0.007039,0.005452
0.005006,0.010251,0.004419
-0.000866,0.015568,0.006594
0.000089,0.019838,0.006638
0.008861,0.015634,0.000256
0.007891,0.007078,0.002331
0.006908,-0.004696,0.005405
0.003987,-0.017568,0.011618
0.006865,-0.005755,0.004315
0.008812,0.000626,0.006486
0.004906,0.002762,0.006504
0.004912,0.008149,0.001225
0.007819,-0.000368,-0.000950
0.004885,-0.003601,0.002212
0.002916,-0.007836,-0.001009
0.003898,-0.002468,-0.004139
0.003921,0.007163,-0.006150
0.002936,0.013599,-0.009263
0.004883,0.001840,-0.007209
0.006881,-0.009876,-0.009419
0.003985,-0.008809,-0.009424
0.003013,-0.008841,-0.006241
0.004983,-0.012052,-0.005201
0.007927,-0.017400,-0.004208
0.007929,-0.016320,-0.005246
0.004053,-0.013151,-0.002049
0.002127,-0.006759,-0.000932
-0.002752,0.006089,-0.005064
0.001159,0.008266,-0.009261
0.005089,0.007302,-0.019915
0.009014,0.000902,-0.019986
0.004147,-0.014079,-0.015852
0.002247,-0.022652,-0.012749
0.002290,-0.014154,-0.008396
-0.000618,-0.003493,-0.007228
-0.004504,0.005002,-0.002902
-0.002585,0.019963,-0.004880
-0.002590,0.019985,-0.007002
-0.003558,0.010305,0.000328
-0.008408,-0.001401,-0.002958
-0.008424,-0.002542,0.004438
-0.007441,-0.007783,-0.005164
-0.003538,-0.010997,-0.004131
-0.005467,-0.009973,0.000109
-0.002546,0.003978,-0.007198
-0.000600,0.018929,-0.008115
-0.001577,0.019963,-0.004922
0.000387,0.010315,-0.000776
-0.003529,0.005963,0.007696
-0.004559,0.003778,0.013017
-0.002615,-0.016570,0.020294
-0.005570,-0.017642,0.021408
0.001220,-0.010160,0.020426
-0.005615,-0.011226,0.020438
0.000173,-0.009052,0.016199
-0.001773,-0.004749,0.013074
-0.003756,0.010169,0.015291
-0.001828,0.010231,0.008904
0.000120,-0.002602,0.010860
0.002076,-0.021843,0.013861
0.005978,-0.022848,0.007486
0.003018,-0.008912,0.001234
0.002082,0.000770,-0.006089
0.002098,0.008185,-0.000739
-0.000827,0.020956,0.002543
-0.002820,0.032662,0.005821
0.000046,0.025171,0.007878
0.004875,0.003752,0.015091
0.007758,-0.002661,0.016117
0.010660,-0.010161,0.019262
0.001846,-0.016528,0.016058
0.007654,-0.010080,0.011897
0.005703,-0.005724,0.003453
0.009600,0.017815,-0.002736
0.003777,0.019017,-0.016554
0.000883,0.013667,-0.015581
0.001891,0.005088,-0.011433
0.001893,0.005084,-0.011489
-0.001022,0.006082,-0.005133
-0.004904,-0.008889,-0.002073
-0.005891,-0.004662,0.002222
-0.002992,-0.004637,0.000148
0.002868,-0.013224,0.005392
0.001921,-0.023915,0.007448
-0.000049,-0.007820,-0.000865
-0.002981,0.007142,-0.002843
-0.002006,0.023189,-0.006968
-0.003929,0.026391,-0.006933
-0.005849,0.017894,-0.011286
-0.000981,0.016879,-0.016614
-0.000000,0.012608,-0.016658
0.001972,0.005073,-0.010378
-0.005834,0.010335,-0.002933
-0.007813,0.008137,0.003415
-0.005863,-0.001585,0.015023
-0.000028,-0.008006,0.017124
-0.000056,-0.004779,0.015099
0.001855,0.002712,0.013042
-0.001105,0.010175,0.014175
0.005703,0.013418,0.009945
0.010560,0.024229,-0.003749
0.004693,0.037079,-0.007867
-0.000169,0.033842,-0.004732
-0.004066,0.022028,0.002586
-0.001170,0.013469,0.004598
-0.003127,0.003828,0.007634
-0.007046,-0.004733,0.009683
-0.004127,-0.015438,0.012745
-0.007067,-0.012219,0.010631
-0.008038,-0.006914,0.013874
-0.005145,0.000576,0.011804
0.000673,0.023051,0.005647
-0.002306,0.035781,0.013158
-0.000399,0.027266,0.010975
0.004452,0.014485,0.008748
0.008334,0.011293,0.007652
0.014162,0.019938,-0.002870
0.010242,0.024185,-0.000718
0.009247,0.029529,-0.001710
0.006318,0.017779,-0.000765
0.009237,0.010290,0.001291
0.012149,0.011433,-0.006106
0.010192,0.021044,-0.007082
0.010205,0.017841,-0.007138
0.009225,0.016745,-0.003965
0.002401,0.025356,-0.011325
-0.000505,0.022184,-0.014549
-0.003423,0.009323,-0.009376
-0.002436,0.004001,-0.010456
-0.000484,0.009358,-0.012525
0.002444,0.015766,-0.012428
0.001458,0.012501,-0.006083
-0.000486,0.005991,0.004479
-0.001492,0.003805,0.009793
0.006296,0.003797,0.010860
0.007269,0.000649,0.005520
0.001418,-0.000384,0.002355
0.001433,-0.019624,0.005377
0.002424,-0.012186,0.008612
0.003352,0.012518,-0.007075
0.003355,0.016758,-0.004942
0.003339,0.008168,0.000289
0.006271,0.005034,-0.006085
0.008248,0.008279,-0.010294
0.002410,0.011470,-0.009206
0.000463,0.011479,-0.010288
-0.006359,-0.001455,0.002354
-0.008314,-0.007880,0.004414
-0.002469,-0.000318,-0.004004
-0.000497,0.003929,-0.001838
-0.005365,-0.001452,0.002382
-0.006382,0.010286,0.002484
-0.009333,0.016648,0.006798
-0.008366,0.013402,0.010979
-0.004492,0.006990,0.011955
0.001324,0.009112,0.013014
0.004216,0.011344,0.003504
-0.004544,0.005986,0.005566
-0.002620,-0.002552,0.005513
-0.005558,0.003853,0.005590
-0.004604,0.016690,0.002526
-0.003650,0.031610,0.004792
-0.003682,0.028395,0.005826
-0.001753,0.025098,0.015340
0.001112,0.019722,0.019522
0.002032,0.005880,0.016204
-0.000883,-0.008016,0.018184
0.003962,-0.016510,0.013866
0.005902,-0.008990,0.008606
0.006841,-0.005789,0.008641
0.009743,-0.003652,0.008673
0.006799,0.003841,0.006644
0.009745,0.004904,0.007747
0.016553,-0.002554,0.006635
0.012650,0.000686,0.002399
0.007754,0.006044,0.000331
0.008709,0.022153,-0.010181
0.003842,0.030709,-0.012256
0.003848,0.021144,-0.016611
0.001924,0.017910,-0.013470
0.001939,0.005136,-0.016772
0.000025,-0.006656,-0.011583
-0.001923,-0.007794,-0.005274
-0.006807,-0.002456,-0.005193
-0.002896,-0.004620,-0.002058
0.009772,-0.004643,0.000051
0.008789,0.007084,0.001236
0.005852,0.008198,-0.002943
0.002948,0.012468,-0.002885
0.000047,0.001798,-0.002965
0.003929,0.002941,-0.010369
0.002972,-0.005607,-0.009382
0.002034,-0.015240,-0.006298
-0.000878,-0.011015,-0.002024
0.000103,0.007243,-0.013550
0.000097,0.014640,-0.006037
-0.006712,0.015671,-0.002858
-0.003790,0.008148,0.002382
0.000089,-0.000401,0.003383
0.002037,-0.013247,0.007543
0.000079,-0.012183,0.008653
0.000073,-0.010048,0.008679
0.002014,-0.004748,0.011895
-0.001906,0.007065,0.004578
-0.000925,0.009251,-0.000744
-0.000954,0.008119,0.005599
-0.006812,0.001723,0.004441
-0.001933,-0.010016,0.004325
0.001002,-0.012112,0.000035
0.011742,-0.015281,-0.003169
0.012733,-0.019588,0.001029
0.008816,-0.016450,0.007430
0.002953,-0.006826,0.005421
0.003941,-0.003602,0.003348
0.001004,-0.006855,0.008645
0.000038,-0.008946,0.004390
-0.002877,-0.005730,0.003376
0.003946,-0.003524,-0.004074
0.003939,0.002923,-0.008248
0.003969,0.002921,-0.008269
-0.000889,0.002852,-0.001915
0.001073,-0.008835,-0.007343
0.004008,-0.000233,-0.013642
-0.000847,0.007287,-0.018923
-0.004748,0.000777,-0.008376
-0.001802,-0.002447,-0.006303
-0.002789,-0.008949,0.004284
-0.003767,-0.001433,0.000147
-0.004738,0.002780,0.005511
0.001111,-0.001487,0.005495
0.003065,0.002784,0.005538
-0.002811,0.015611,0.003535
-0.006752,0.012398,0.004575
-0.004801,-0.002606,0.010797
-0.005764,-0.020844,0.020188
-0.000895,-0.040096,0.024250
0.010775,-0.047472,0.014601
0.017594,-0.035810,0.022110
0.015578,-0.015447,0.013855
0.017537,0.011402,-0.002888
0.009788,0.018967,-0.012372
0.001006,0.035040,-0.018570
-0.003890,0.033967,-0.017506
-0.001929,0.016879,-0.016628
-0.001893,-0.009887,-0.008401
0.000079,-0.021678,-0.003184
0.000076,-0.020593,-0.005303
-0.003816,-0.011062,0.002229
-0.005743,-0.004653,0.002311
-0.006736,0.008080,0.009878
-0.004803,0.009159,0.008861
0.000041,0.013439,0.007844
-0.001927,0.015534,0.012148
-0.002934,0.025190,0.006906
-0.006879,0.035841,0.009107
-0.008868,0.024114,0.007957
-0.001079,0.014568,0.001495
-0.000098,-0.001505,0.007694
0.000857,-0.006782,0.002369
-0.005004,-0.017529,0.009682
0.000852,-0.037859,0.014796
0.003758,-0.028289,0.018035
0.003745,-0.020819,0.018093
0.004718,-0.022975,0.020196
0.002741,-0.014417,0.018121
0.004666,0.010204,0.010943
-0.001226,0.017694,0.008915
-0.002243,0.012370,0.007821
0.001640,0.004892,0.008816
0.009389,-0.001479,0.005577
0.012326,-0.013262,0.009719
0.011354,-0.016495,0.012874
0.009395,-0.015341,0.004416
0.006480,-0.015362,0.006545
-0.001301,-0.018564,0.006511
0.003555,-0.008866,-0.002982
0.008435,-0.002453,-0.004023
0.005518,0.002902,-0.006133
0.002598,0.007175,-0.007183
-0.002245,0.000761,-0.006192
-0.004189,-0.013170,0.000115
-0.003200,-0.016359,-0.000960
0.000735,-0.013135,-0.003041
-0.001206,-0.008888,-0.000881
-0.006087,-0.005719,0.002323
-0.007077,0.000703,0.000236
-0.008041,0.004958,0.001307
-0.006093,0.003868,0.003399
-0.006083,-0.003589,0.002250
-0.003167,-0.012117,0.001101
-0.000235,-0.022854,0.007374
0.000734,-0.029246,0.006258
-0.005087,-0.030369,0.011554
-0.007038,-0.025013,0.009472
-0.005122,-0.006904,0.012806
-0.004187,0.010160,0.014016
-0.002293,0.025088,0.015222
0.001570,0.034779,0.006839
0.000575,0.031636,0.001533
-0.000390,0.013483,0.002421
-0.000402,-0.003610,0.004408
0.005424,-0.015380,0.007488
0.004445,-0.027182,0.013758
0.004421,-0.026168,0.019073
0.002464,-0.014417,0.018135
0.002421,-0.000533,0.017209
0.003385,0.014505,0.007811
0.002417,0.007043,0.006650
0.005313,-0.003676,0.010774
0.003326,-0.014358,0.011735
0.003284,-0.004764,0.012887
0.009129,-0.008978,0.007559
0.009159,-0.027157,0.011678
0.003338,-0.032437,0.006361
0.003346,-0.012115,0.002342
0.006234,0.006112,-0.005980
0.002344,0.021049,-0.005870
-0.003495,0.016705,0.001506
-0.000565,0.005971,0.007807
0.002320,-0.004809,0.018289
0.003242,-0.010285,0.032043
0.002200,-0.012394,0.029944
0.009912,0.004757,0.022693
0.005019,0.005858,0.019540
0.004021,0.010202,0.012179
0.003999,0.008133,0.005815
-0.000861,-0.007830,0.001395
-0.003768,-0.020650,0.002303
-0.005731,-0.016374,0.001245
-0.001814,-0.009935,-0.003020
-0.002801,-0.005752,0.005470
-0.000872,-0.004709,0.007574
0.001064,0.000594,0.010804
0.001056,-0.009052,0.014978
0.000081,-0.018688,0.018070
-0.000898,-0.016521,0.014920
0.003947,-0.002530,0.003377
0.002977,0.009197,0.004533
0.000036,0.023130,-0.001710
0.002949,0.025370,-0.012309
0.004926,0.012520,-0.008197
0.004949,0.005062,-0.009316
0.003027,-0.002399,-0.010485
0.001089,-0.003523,-0.005238
-0.004762,-0.013192,0.001009
-0.001860,-0.019627,0.004136
0.000065,-0.007858,0.001071
-0.000899,0.002812,0.001150
0.002019,0.014603,-0.002945
0.004922,0.022055,-0.000709
0.003910,0.026310,0.000411
0.005843,0.022033,0.001463
0.003902,0.020968,0.001445
0.002894,0.024212,-0.002778
-0.003950,0.019954,-0.003848
-0.003927,0.004947,0.002346
-0.004891,-0.015375,0.006379
0.000945,-0.036715,0.006235
0.007770,-0.032404,0.002000
0.008761,-0.027089,0.004182
0.006823,-0.004697,0.006506
0.007754,0.013468,0.004577
0.003861,0.024150,0.003630
-0.003926,0.027417,-0.002680
-0.007848,0.031710,-0.004751
-0.004920,0.025403,-0.014356
0.000936,0.007202,-0.009229
0.005820,-0.012052,-0.005187
0.003871,-0.014226,-0.000970
0.001924,-0.008922,0.002267
0.000007,-0.007814,-0.001974
-0.001931,-0.007879,0.004385
-0.000956,-0.001412,-0.001947
0.000971,0.010349,-0.003959
-0.002962,0.035990,-0.006918
-0.004897,0.037100,-0.011160
-0.002945,0.024283,-0.010203
-0.000991,0.006068,-0.002914
-0.004898,-0.006785,0.002306
-0.002963,-0.016474,0.010724
-0.001025,-0.018671,0.017078
0.000891,-0.004775,0.015098
0.002796,0.024067,0.012167
0.006658,0.033680,0.011163
0.000804,0.023021,0.009993
0.002729,0.014557,0.002471
0.002738,-0.005699,0.000144
0.001789,-0.033459,0.000914
0.005691,-0.037707,-0.001252
0.005724,-0.019462,-0.011731
0.005720,0.009367,-0.013628
0.004757,0.022183,-0.014577
0.007704,0.029612,-0.010247
0.005764,0.031766,-0.012371
0.006721,0.027465,-0.009218
0.006722,0.009327,-0.009335
0.003816,0.003985,-0.008315
-0.002978,0.000755,-0.005118
-0.004921,-0.001404,-0.003021
-0.002012,0.001701,0.006549
0.005736,0.004870,0.009767
0.010580,0.012326,0.010852
0.008631,0.014555,0.001301
0.006665,0.004971,-0.000926
-0.000112,-0.007737,-0.010580
-0.001053,-0.015134,-0.018093
-0.000074,-0.003285,-0.028596
-0.001965,0.020234,-0.032648
0.000989,0.023347,-0.024124
-0.002915,0.022183,-0.014598
-0.004882,0.014635,-0.006107
-0.004892,0.015608,0.003479
-0.002008,0.018737,0.011005
-0.003008,0.010152,0.016311
-0.003031,0.002666,0.018431
-0.001111,-0.005846,0.016282
0.001796,-0.017582,0.016172
0.003753,-0.023996,0.017177
0.004713,-0.014268,0.004509
0.007650,-0.001412,-0.000719
0.016444,0.001812,-0.002842
0.015499,0.001883,-0.010310
0.008700,0.004027,-0.011359
0.004812,-0.005610,-0.008267
0.004852,-0.015212,-0.008359
0.009729,-0.011988,-0.010439
0.003928,-0.005555,-0.013530
-0.000943,0.002973,-0.012367
-0.004818,0.008320,-0.013367
-0.006740,0.013676,-0.015463
-0.009639,0.012597,-0.014461
-0.009652,0.007260,-0.014514
-0.008671,-0.002378,-0.011450
-0.006718,-0.009958,-0.000940
-0.003786,-0.009980,0.001168
0.000127,-0.009969,0.000107
0.002086,-0.005722,0.002253
-0.000847,0.006073,-0.002908
-0.003762,0.017855,-0.007036
-0.005719,0.032809,-0.007918
-0.002800,0.036009,-0.007889
-0.003772,0.014567,0.001425
-0.000868,-0.007949,0.011839
-0.002831,-0.015398,0.009644
-0.007691,-0.019713,0.013845
-0.001860,-0.021889,0.018078
-0.000919,-0.009071,0.017128
-0.008752,0.011195,0.018380
-0.002949,0.023025,0.008913
0.004829,0.009130,0.010893
0.002875,-0.006832,0.006523
-0.000074,-0.003598,0.003375
-0.001038,-0.001462,0.003364
0.003845,0.002879,-0.004046
0.009676,0.028564,-0.011249
0.008665,0.053163,-0.016319
0.005753,0.053139,-0.014217
0.004793,0.030654,-0.006993
0.009655,0.004988,-0.001897
0.007702,-0.013206,0.003257
0.007673,-0.021781,0.007438
0.008652,-0.013201,0.003262
0.011588,-0.016406,0.003235
0.014527,-0.007817,-0.002009
0.006725,0.009344,-0.010356
0.002827,0.026504,-0.018681
0.004771,0.044667,-0.020644
0.001847,0.037213,-0.021708
0.001889,0.012616,-0.016604
0.003882,-0.014124,-0.010443
0.007773,-0.025923,-0.004166
0.008784,-0.035493,-0.007399
0.013694,-0.030127,-0.010549
0.002043,-0.018430,-0.006188
-0.002791,-0.006733,-0.001828
-0.006638,-0.004568,-0.005013
-0.003702,0.002869,-0.001743
-0.001782,-0.007858,0.003441
0.000179,-0.024912,0.001156
0.003110,-0.023879,0.004321
0.006021,-0.022776,0.001146
0.006042,-0.019524,-0.004159
0.001218,-0.020519,-0.011580
-0.000667,-0.018383,-0.011541
-0.003559,-0.022620,-0.014775
-0.002575,-0.015172,-0.012595
-0.006467,-0.005591,-0.010424
-0.003537,-0.000275,-0.008234
-0.000579,-0.006733,-0.003020
0.001398,-0.015322,0.002238
0.000427,-0.020692,0.005361
-0.002503,-0.008942,0.004410
-0.005432,-0.001421,-0.000858
-0.010303,0.001792,-0.001877
-0.011278,0.015667,-0.001757
-0.010296,0.016700,0.001401
-0.000570,0.022066,-0.001749
0.002335,0.013506,0.000278
0.009179,-0.006816,0.004346
0.007235,-0.017573,0.012741
0.004300,-0.013224,0.005378
0.002348,-0.000346,-0.001965
0.000382,0.011433,-0.006128
-0.000565,0.022134,-0.009245
-0.004468,0.028599,-0.015590
0.002333,0.020083,-0.017794
0.000385,0.004982,-0.002009
-0.000592,-0.008932,0.002135
-0.000607,-0.008973,0.006414
-0.003552,-0.009025,0.011740
0.000340,-0.006888,0.011751
0.002255,0.004895,0.007637
0.000297,0.012410,0.003471
0.003213,0.011364,0.001333
0.003203,0.000647,0.005513
0.002224,-0.008935,0.003307
0.001271,-0.020661,0.002136
0.002262,-0.022803,0.003206
-0.001636,-0.008917,0.002293
-0.004562,0.006088,-0.003921
-0.002599,0.011391,-0.000684
-0.003577,0.011326,0.005675
0.000290,0.011335,0.004607
0.002215,-0.001495,0.006569
-0.002685,-0.009008,0.010727
-0.001708,-0.011165,0.012816
0.000217,-0.013278,0.010683
0.002160,-0.015390,0.008549
0.003125,-0.012218,0.011766
0.002157,-0.004652,0.002289
0.004077,0.006050,-0.000786
0.005049,0.022121,-0.007005
0.004068,0.023230,-0.011275
0.008970,0.010372,-0.006075
0.006047,0.008266,-0.009311
0.004086,0.007146,-0.004008
-0.001720,0.005032,-0.006156
-0.002689,-0.000336,-0.003026
-0.004641,0.002837,0.000205
-0.003698,0.016742,-0.002850
-0.000777,0.015683,-0.003941
0.001184,0.002813,0.002313
0.000201,-0.011121,0.008565
-0.000783,-0.013267,0.009593
0.003083,-0.003633,0.006495
0.001136,-0.002566,0.006497
0.008942,-0.006783,0.001120
0.005062,-0.002440,-0.006263
0.005045,-0.002451,-0.005180
0.008967,-0.005620,-0.008384
0.008006,-0.003492,-0.007278
0.005108,-0.006724,-0.004109
0.003134,-0.002452,-0.004030
0.004138,-0.001362,-0.006129
0.001232,0.001825,-0.005032
-0.001708,0.011462,-0.008124
-0.003642,0.007176,-0.006048
-0.006561,-0.000399,0.004518
-0.004631,-0.004689,0.006610
-0.003676,-0.007857,0.003419
-0.002684,-0.015328,0.003383
0.000277,-0.017482,0.005500
-0.005556,-0.002541,0.005637
-0.014378,0.015614,0.004776
-0.002744,0.032741,-0.000379
0.000188,0.016625,0.010063
0.000156,0.006976,0.014203
-0.004732,-0.002705,0.021511
-0.004766,-0.013406,0.024593
-0.001883,-0.033703,0.026538
-0.000931,-0.047629,0.031715
0.002931,-0.029474,0.030854
-0.002023,-0.004895,0.027920
0.013511,0.019776,0.015395
0.007672,0.024100,0.010126
0.011511,0.028431,0.003777
0.008586,0.012517,-0.005932
0.009569,0.005066,-0.008154
0.000846,-0.006614,-0.014671
-0.001090,-0.013018,-0.014740
0.000903,-0.015155,-0.014815
0.005785,-0.007750,-0.008397
0.007735,0.006112,-0.007208
0.002872,0.016761,-0.005007
-0.001040,0.030653,-0.007007
-0.003938,0.032780,-0.005893
-0.010760,0.020968,0.001445
-0.009801,0.010266,0.004549
-0.010799,0.005925,0.011960
-0.005952,0.000618,0.008695
-0.004014,0.005950,0.008708
-0.005988,0.007025,0.007614
-0.005014,0.020940,0.003463
-0.002119,0.037041,-0.005967
-0.007017,0.028456,-0.001824
-0.008993,0.018788,0.004458
-0.007080,0.017700,0.006571
-0.006149,0.023005,0.009814
-0.010083,0.010105,0.019258
0.002554,-0.003787,0.021286
0.003478,-0.008071,0.023405
0.002445,-0.005933,0.023472
0.002405,-0.004848,0.021367
0.004321,0.010146,0.016193
0.004295,0.026207,0.011013
0.007168,0.039057,0.006902
0.011038,0.036953,0.003679
0.010059,0.023088,0.002462
0.011006,0.011349,0.002374
0.013931,0.002866,-0.003005
0.011979,-0.006801,0.003262
0.011001,-0.010054,0.008560
0.009037,0.001687,0.008733
0.004168,0.015604,0.004631
0.004140,0.011293,0.008866
0.006055,0.001659,0.011985
0.007017,-0.007883,0.005529
0.010926,-0.013157,-0.000912
0.008011,-0.013113,-0.005184
0.008014,-0.008847,-0.005175
0.008048,-0.002379,-0.011478
0.005168,0.007226,-0.011373
0.011034,0.004110,-0.019911
0.008135,-0.006623,-0.013617
0.008134,-0.006603,-0.015710
0.000351,-0.006645,-0.011459
-0.000586,-0.013089,-0.007250
-0.003482,-0.015264,-0.002997
-0.008342,-0.011077,0.005555
-0.009340,-0.010009,0.005578
-0.006405,-0.020755,0.012912
-0.006429,-0.031446,0.014962
-0.002534,-0.041041,0.013810
-0.002530,-0.045352,0.018017
-0.006437,-0.043241,0.020130
0.000407,-0.046357,0.011607
0.002369,-0.041066,0.015891
-0.004460,-0.036702,0.006372
0.003330,-0.014289,0.006610
-0.002483,-0.009970,0.001307
-0.000525,0.002878,-0.002818
-0.002485,0.013507,0.001533
0.001392,0.012476,-0.001667
0.009200,0.015715,-0.005946
0.006302,0.008228,-0.004983
-0.000516,0.003916,-0.000790
-0.007326,0.000695,0.001289
-0.007336,-0.012219,0.011766
-0.002477,-0.014323,0.008558
0.002384,-0.001474,0.004433
0.005274,0.001726,0.004440
0.006241,0.009279,-0.004010
0.008177,0.012519,-0.008268
0.009154,0.012645,-0.021028
0.004308,0.010433,-0.013639
0.002374,0.002964,-0.013698
0.004328,0.015762,-0.012540
0.002381,0.021120,-0.014602
0.003368,0.012561,-0.012561
0.001424,0.003982,-0.008385
-0.000501,0.007244,-0.014715
-0.002451,0.003981,-0.008356
-0.004381,0.007164,-0.006172
-0.001459,0.015735,-0.009259
-0.003415,0.027421,-0.003824
-0.002439,0.026356,-0.003812
0.001475,0.014631,-0.004977
0.006326,0.006062,-0.001869
0.010233,0.005023,-0.005074
0.010234,0.009387,-0.014592
0.004421,0.024341,-0.015517
0.001533,0.020111,-0.019847
-0.002337,0.010473,-0.016761
-0.004262,-0.005597,-0.010535
-0.005227,-0.014163,-0.007407
-0.002308,-0.014217,-0.002102
0.000616,-0.000321,-0.004089
-0.003259,0.008174,0.000237
-0.001347,0.010265,0.004550
0.001537,0.010289,0.002469
0.000577,0.006011,0.003507
-0.001358,-0.001469,0.004509
0.001533,-0.005769,0.007655
0.003463,-0.004700,0.007685
0.000542,-0.008962,0.006546
0.005438,-0.006798,0.003353
0.003471,-0.003574,0.001230
-0.000415,-0.001388,-0.004077
0.005477,-0.013108,-0.006314
0.001608,-0.016328,-0.004179
0.002588,-0.010998,-0.003038
0.003557,0.007164,-0.005008
0.004527,0.024212,-0.002721
0.004493,0.030592,-0.000557
0.001552,0.028464,-0.000592
-0.000389,0.019916,0.000388
-0.003322,-0.000394,0.003394
-0.000409,-0.015323,0.002196
-0.002342,-0.013190,0.002194
-0.003294,-0.014239,0.000021
-0.006251,-0.000380,0.001183
-0.006271,0.014603,-0.002931
-0.004323,0.012490,-0.005093
-0.008223,0.001723,0.004370
-0.002400,-0.012170,0.006392
0.002464,-0.016449,0.007415
-0.000452,-0.012181,0.007460
-0.003374,-0.005767,0.006469
-0.003416,0.004940,0.003406
-0.001473,0.001740,0.003399
0.001442,0.000643,0.006593
0.005334,0.000645,0.006607
0.013120,-0.003603,0.004476
0.017010,-0.007862,0.003364
0.015070,-0.006835,0.007624
0.017995,0.005008,-0.002904
0.014083,-0.002581,0.008688
0.010180,-0.016484,0.011777
