-0.000089,1.717703,0.554564
-0.017367,1.555292,0.455784
-0.014581,1.293718,0.347596
-0.014367,0.938909,0.268953
-0.010075,0.502708,0.218610
-0.009561,0.104718,0.207823
-0.012594,-0.237481,0.164297
-0.021676,-0.428323,0.132959
-0.040077,-0.490586,0.063681
-0.042321,-0.509052,-0.029401
-0.059111,-0.533617,-0.036872
-0.048934,-0.642039,-0.057721
-0.032728,-0.812566,-0.080627
-0.068187,-1.120929,-0.102133
-0.012467,-1.478361,-0.100052
0.004663,-1.696564,-0.026300
-0.018979,-1.720343,0.037039
-0.046742,-1.649257,-0.018461
-0.068271,-1.550512,-0.079781
-0.106035,-1.513679,-0.134250
-0.102227,-1.532625,-0.159150
-0.089986,-1.555123,-0.163290
-0.082113,-1.529522,-0.165141
-0.071454,-1.498287,-0.206419
-0.074680,-1.526723,-0.280847
-0.060689,-1.591763,-0.348463
-0.057122,-1.659351,-0.441159
-0.031425,-1.616162,-0.346248
-0.045081,-1.460911,-0.302382
-0.108051,-1.184460,-0.305461
-0.144781,-0.865010,-0.215224
-0.155624,-0.539657,-0.158843
-0.123506,-0.279045,-0.165632
-0.146543,-0.131762,-0.162356
-0.128952,-0.136929,-0.172256
-0.113872,-0.254346,-0.191975
-0.113466,-0.384564,-0.218092
-0.134884,-0.428228,-0.262611
-0.150712,-0.391621,-0.329037
-0.153522,-0.266673,-0.357515
-0.138945,-0.106147,-0.420111
-0.113275,0.005975,-0.437140
-0.091039,0.026293,-0.432900
-0.064084,-0.040921,-0.426183
-0.058560,-0.036524,-0.314928
-0.077319,0.090709,-0.182031
-0.075815,0.323155,-0.014695
-0.131010,0.616322,0.154467
-0.180982,0.926977,0.281912
-0.184884,1.231151,0.407413
-0.163053,1.516380,0.514284
-0.116730,1.729648,0.555179
-0.079998,1.805385,0.548571
-0.070466,1.758399,0.538852
-0.043280,1.606270,0.477778
-0.028008,1.414645,0.409089
-0.037986,1.196528,0.318772
-0.053457,0.990775,0.274683
-0.071988,0.805475,0.218796
-0.068916,0.677465,0.213422
-0.050579,0.545462,0.182192
-0.030278,0.413322,0.159685
-0.013126,0.277816,0.160589
-0.005199,0.137057,0.165414
0.007127,0.000497,0.168368
-0.000312,-0.089074,0.167439
0.002639,-0.116426,0.133759
-0.002455,-0.139475,0.079108
-0.013834,-0.176673,0.048075
-0.031002,-0.242661,0.019876
-0.025013,-0.303830,0.050588
0.000496,-0.358614,0.080354
0.040699,-0.359903,0.117527
0.053101,-0.348387,0.156898
0.066162,-0.392126,0.158589
0.067422,-0.467760,0.134600
0.037627,-0.534681,0.086175
0.026716,-0.594734,-0.005246
0.026871,-0.662202,-0.106287
0.033083,-0.763793,-0.213953
0.045466,-0.867716,-0.303340
0.083236,-0.998145,-0.400722
0.120281,-1.212921,-0.510201
0.107196,-1.534529,-0.609804
0.095337,-1.895699,-0.691761
0.056218,-2.234530,-0.764977
0.025910,-2.473315,-0.803194
-0.008633,-2.534170,-0.805721
-0.030861,-2.349993,-0.748653
-0.035475,-1.961010,-0.666644
-0.010728,-1.466250,-0.601870
0.005904,-1.017405,-0.539496
0.007168,-0.662843,-0.442419
-0.013313,-0.436092,-0.363785
-0.007363,-0.302158,-0.289130
-0.020971,-0.225832,-0.219186
-0.041064,-0.184692,-0.146475
-0.035520,-0.155227,-0.085534
-0.049298,-0.137527,-0.039263
-0.087112,-0.125267,0.021880
-0.105117,-0.079696,0.052372
-0.101116,0.033122,0.071877
-0.078759,0.156965,0.063356
-0.036472,0.246604,0.053652
-0.008433,0.273614,0.016405
0.031893,0.193302,-0.075227
0.041499,0.093888,-0.069339
0.012317,0.068295,-0.071693
-0.022815,0.084973,-0.140239
-0.045454,0.038242,-0.179910
-0.045913,-0.052539,-0.185702
-0.056064,-0.117986,-0.160230
-0.071414,-0.100372,-0.102230
-0.075628,0.013273,-0.026663
-0.056331,0.148681,0.004063
-0.031208,0.251144,0.014284
-0.013311,0.309834,0.034650
0.000471,0.281602,-0.026716
-0.001951,0.163589,-0.095783
-0.029312,0.028317,-0.138367
-0.046946,-0.052607,-0.180295
-0.058375,-0.078240,-0.195093
-0.048459,-0.044295,-0.171271
-0.032327,0.047011,-0.121173
-0.026986,0.172367,-0.056941
-0.028794,0.238152,-0.013571
-0.002011,0.249455,0.047273
0.003694,0.233439,0.059711
-0.015104,0.231315,0.054439
-0.051698,0.226278,0.011785
-0.063132,0.201940,-0.024517
-0.066154,0.171123,-0.051257
-0.061744,0.228688,-0.053755
-0.059563,0.411020,-0.048702
-0.052444,0.685319,-0.072670
-0.039778,1.004228,-0.058065
-0.016239,1.363414,0.026614
-0.010437,1.715492,0.068456
0.010724,2.120750,0.124804
0.008670,2.559230,0.180012
-0.015381,2.993624,0.321166
-0.061609,3.371037,0.523604
-0.060913,3.628507,0.645967
-0.042568,3.739949,0.729017
-0.010236,3.697342,0.733681
0.022398,3.549479,0.694612
0.044486,3.348037,0.689143
0.056303,3.258568,0.691085
0.031076,3.091207,0.512819
0.062271,2.921936,0.443416
0.061059,2.618791,0.343120
0.096318,2.260669,0.284601
0.105544,1.994866,0.312929
0.089637,1.849857,0.320809
0.038034,1.806545,0.386926
0.004774,1.734778,0.403762
-0.012399,1.645434,0.368776
-0.003085,1.477243,0.317124
0.002288,1.228843,0.275716
0.015120,1.027570,0.359399
0.021716,0.823820,0.348091
0.060447,0.662806,0.307727
0.080421,0.535070,0.250392
0.058154,0.445672,0.212411
0.013936,0.371316,0.163828
-0.009882,0.338718,0.100590
-0.003264,0.340068,0.059073
-0.011339,0.302746,0.041956
0.004975,0.250179,0.071526
0.018651,0.153957,0.093154
0.026551,0.074463,0.153475
0.024721,-0.080525,0.188397
0.084481,-0.267874,0.265786
0.091008,-0.468825,0.307843
0.056630,-0.669716,0.320464
0.032289,-0.866199,0.312886
0.031291,-1.044146,0.259462
0.004830,-1.165321,0.179807
-0.015094,-1.230599,0.056680
-0.022730,-1.276749,-0.053526
-0.009960,-1.370207,-0.118235
0.026001,-1.505408,-0.162051
0.061758,-1.632366,-0.164240
0.084521,-1.656944,-0.152855
0.068728,-1.662755,-0.223475
0.108494,-1.692238,-0.270776
0.084851,-1.767843,-0.302159
0.021382,-1.850099,-0.303664
-0.022314,-1.846759,-0.312368
-0.052666,-1.731217,-0.339354
-0.065343,-1.529160,-0.372093
-0.059246,-1.323818,-0.414434
-0.038603,-1.141834,-0.482381
-0.035290,-0.951546,-0.530824
-0.045301,-0.784185,-0.514313
-0.048387,-0.650110,-0.476628
-0.046326,-0.497410,-0.355688
-0.060355,-0.303130,-0.218612
-0.067931,-0.006548,-0.077169
-0.087409,0.205477,-0.040004
-0.052750,0.327904,0.005710
-0.031108,0.417211,0.070074
-0.020184,0.512200,0.098025
-0.034514,0.547515,0.093878
-0.035203,0.512267,0.092621
-0.018327,0.483499,0.092263
-0.006447,0.471944,0.069723
0.011046,0.457096,0.050533
0.008025,0.454960,0.039016
-0.011580,0.497834,0.012737
-0.055636,0.606606,0.011755
-0.105394,0.701427,0.030731
-0.084761,0.745601,0.121685
-0.056122,0.767983,0.272195
-0.041133,0.829883,0.429221
-0.027654,0.954898,0.564411
-0.017653,1.121958,0.637133
-0.010466,1.256446,0.642367
-0.009218,1.369768,0.626042
-0.020748,1.381887,0.570768
-0.018245,1.322626,0.480074
-0.027557,1.248475,0.379715
-0.032325,1.128573,0.273388
-0.020035,0.943063,0.227463
0.007676,0.712428,0.234249
0.033160,0.550045,0.266822
0.034342,0.357993,0.276631
0.062094,0.157445,0.282081
0.058657,-0.051717,0.294979
0.050052,-0.187016,0.279657
0.010057,-0.203923,0.260252
-0.024965,-0.145881,0.210495
-0.033761,-0.113407,0.146817
-0.023928,-0.125050,0.122417
-0.008268,-0.157007,0.111539
0.023759,-0.142197,0.126644
0.039281,-0.121888,0.115225
0.049815,-0.063244,0.117934
0.045006,-0.001305,0.111015
0.046990,0.024421,0.096287
0.063744,-0.001197,0.097140
0.059977,-0.000040,0.085411
0.034727,0.019159,0.079318
0.013379,0.008731,0.037809
-0.009038,0.010874,0.021075
-0.028445,0.022856,-0.007699
-0.022646,0.019982,-0.052504
-0.042255,-0.008827,-0.066348
-0.038517,-0.026984,-0.059140
-0.005459,-0.046278,-0.037117
0.022803,-0.045439,-0.000955
0.043373,-0.015493,0.006440
0.043426,-0.007827,-0.015971
0.029784,-0.035671,-0.003397
0.036675,-0.078219,-0.007250
0.028792,-0.081535,0.002434
-0.007354,-0.045166,-0.012128
-0.027844,-0.014296,-0.014805
-0.023824,-0.013483,0.012012
-0.019827,0.006602,0.034640
-0.014027,0.075889,0.053199
-0.002381,0.083518,0.032979
-0.003345,0.085725,0.022349
-0.001209,0.100848,0.014676
0.002733,0.111756,-0.018273
-0.012802,0.140659,-0.043365
-0.033170,0.115260,-0.076554
-0.022508,0.054376,-0.082142
-0.015580,0.047575,-0.032005
-0.023395,0.043324,-0.031042
-0.019705,0.010025,-0.010878
-0.022479,-0.011520,0.023981
-0.033207,0.023406,0.076273
-0.031375,0.127769,0.114315
-0.019623,0.248398,0.116259
-0.005844,0.333908,0.098833
-0.001737,0.382070,0.077954
0.004342,0.401425,0.050542
0.008401,0.403520,0.046481
0.009437,0.342807,0.025804
0.026951,0.212778,-0.001853
0.025977,0.067660,-0.003102
0.009436,-0.026140,-0.008353
-0.007166,-0.059098,-0.016271
-0.011989,-0.048479,-0.006633
-0.016903,-0.026037,-0.000255
0.003469,0.007018,0.014729
0.008324,0.056044,0.032037
0.004451,0.054127,0.010536
0.008297,0.011503,-0.003579
0.001584,-0.050205,-0.022361
-0.002277,-0.114171,-0.031424
-0.035390,-0.142157,-0.012204
-0.055945,-0.129570,0.015663
-0.043482,-0.095571,0.029936
-0.034817,-0.039301,0.062535
-0.024122,-0.003140,0.086162
-0.011489,0.035037,0.114300
-0.010423,0.054290,0.113299
0.011089,0.066128,0.103726
0.000525,0.086357,0.101926
-0.013964,0.107826,0.090272
0.004508,0.069662,0.057917
0.013261,0.018486,0.045864
0.010297,-0.013433,0.036980
0.021005,-0.021084,0.056214
0.043410,0.020123,0.112016
0.055935,0.125272,0.188451
0.035243,0.193389,0.219819
0.022515,0.203750,0.256274
-0.004512,0.195893,0.305328
-0.008396,0.230021,0.314033
-0.005657,0.302738,0.286008
-0.006734,0.395668,0.266683
0.009805,0.483472,0.227943
0.026313,0.570151,0.182023
0.036996,0.590123,0.079796
0.036862,0.521247,-0.008856
0.000786,0.384124,-0.098213
-0.010958,0.186981,-0.152877
-0.012808,0.009733,-0.146770
-0.029397,-0.133382,-0.123603
-0.015838,-0.166775,-0.070778
-0.011895,-0.100992,0.005016
0.005592,-0.005118,0.049135
0.008430,0.161031,0.104711
0.000534,0.325443,0.113216
0.011087,0.436517,0.088806
-0.005459,0.453676,0.065723
-0.009573,0.391758,0.054810
0.007776,0.277402,0.063715
0.020298,0.189572,0.105661
0.010298,0.095638,0.114357
0.015191,0.043329,0.125473
0.006599,0.012700,0.106603
-0.009993,0.000175,0.071255
-0.036287,-0.011387,0.046641
-0.027614,-0.021880,0.022032
-0.012079,-0.032542,0.012507
-0.009122,-0.038881,-0.004443
0.005488,-0.018614,-0.014709
0.017193,-0.000212,-0.053931
0.032771,-0.016987,-0.090413
0.028041,-0.040505,-0.084227
-0.014744,-0.078987,-0.071830
-0.033249,-0.126125,-0.044551
-0.022529,-0.149880,0.004083
-0.025562,-0.130985,0.053167
-0.023717,-0.057516,0.081402
-0.014059,0.018378,0.076473
-0.000388,0.043045,0.053349
0.003636,0.048465,0.028076
0.008552,0.026350,-0.012618
0.020224,-0.028918,-0.053406
0.020335,-0.055424,-0.080225
0.009702,-0.082860,-0.121006
-0.011803,-0.107376,-0.138015
-0.027337,-0.099052,-0.106013
-0.031309,-0.108861,-0.060593
-0.016674,-0.112646,0.015153
-0.027207,-0.104707,0.094173
-0.024471,-0.025221,0.170527
-0.026632,0.081222,0.204549
-0.024854,0.159124,0.203105
0.001468,0.143567,0.148464
0.036648,0.065328,0.046551
0.032950,0.004973,-0.018983
0.014699,-0.047680,-0.102838
0.004925,-0.026548,-0.106294
-0.028282,-0.035910,-0.150929
0.008664,-0.090223,-0.165269
0.012836,-0.137397,-0.127439
0.002303,-0.166260,-0.103498
0.017762,-0.127357,-0.024261
0.020582,-0.061772,0.057279
0.023295,0.014851,0.103439
0.032882,0.056645,0.083460
0.016503,0.067534,0.040105
0.006012,0.025446,-0.033973
0.007855,-0.066970,-0.094422
-0.002597,-0.178142,-0.085441
-0.018068,-0.234777,-0.083623
-0.026937,-0.174252,-0.062455
-0.028960,-0.030491,-0.026996
-0.002786,0.086852,-0.004988
0.024428,0.157084,0.035861
0.028481,0.166546,0.070823
0.040169,0.177219,0.077182
0.029485,0.202832,0.059613
0.019742,0.228610,0.021744
0.012687,0.241475,0.012286
0.010410,0.205449,-0.016923
0.013198,0.187245,-0.013775
0.004563,0.139654,-0.057131
-0.027922,0.056543,-0.074887
-0.072689,-0.042852,-0.054407
-0.086133,-0.121004,-0.010483
-0.082230,-0.121590,0.051702
-0.086085,-0.039020,0.121070
-0.057078,0.067185,0.178720
-0.001902,0.164967,0.222402
0.037822,0.285433,0.239411
0.039566,0.429879,0.192558
0.002351,0.466595,0.132121
0.004323,0.395633,0.066334
0.007390,0.267083,0.002054
-0.010178,0.119042,-0.040735
-0.033444,-0.030351,-0.046184
-0.008995,-0.105233,-0.003454
-0.011251,-0.231388,0.022244
0.022029,-0.350297,0.078917
0.023313,-0.349855,0.178860
0.015330,-0.152715,0.245036
0.015977,0.028225,0.192705
0.001218,0.093379,0.183684
-0.026830,0.075511,0.160856
-0.004419,0.071700,0.113609
0.003455,0.027249,0.047436
-0.006395,-0.023662,-0.016551
-0.010408,-0.086289,-0.056645
-0.022123,-0.068756,0.013071
-0.063912,-0.041163,0.027297
-0.037083,-0.123468,0.046833
0.026331,-0.216083,0.167478
0.041054,-0.154017,0.301065
0.052155,0.033838,0.307762
0.045819,0.213138,0.300843
0.028141,0.299800,0.266470
0.030961,0.311467,0.142649
0.031032,0.277119,0.006231
0.000020,0.155321,-0.138385
-0.002980,-0.075743,-0.219027
-0.009654,-0.265996,-0.190545
-0.041688,-0.343989,-0.175271
-0.054284,-0.370790,-0.167851
-0.032396,-0.340841,-0.045768
-0.027345,-0.314112,0.102482
0.032859,-0.179443,0.243896
0.045178,0.008929,0.315832
0.043782,0.189212,0.326918
0.043533,0.262574,0.235508
0.046463,0.244148,0.123496
0.037073,0.136314,-0.026470
0.026710,-0.015394,-0.162890
0.005688,-0.176017,-0.253426
0.009918,-0.284650,-0.285225
0.010867,-0.332604,-0.286850
0.015952,-0.268165,-0.187335
0.012111,-0.170303,-0.113536
0.035225,-0.249602,-0.043267
0.084445,-0.400081,0.114124
0.065475,-0.476248,0.192968
0.021366,-0.428140,0.181639
-0.038164,-0.304225,0.155154
-0.048677,-0.201245,0.088734
-0.032084,-0.117558,0.021324
-0.027116,-0.065011,-0.031201
-0.007529,-0.060507,-0.073609
0.029506,0.007244,-0.017232
0.027363,0.074445,-0.009276
0.065913,0.039582,-0.041862
0.103040,-0.099322,-0.009098
0.078084,-0.242513,0.030998
0.057618,-0.308437,0.026682
0.033240,-0.326232,-0.006792
0.003123,-0.331141,-0.058150
0.003397,-0.356134,-0.119588
0.019204,-0.437795,-0.196900
0.007700,-0.515552,-0.240804
0.002866,-0.576340,-0.247687
0.010301,-0.761677,-0.295112
0.055157,-1.045481,-0.300768
0.061208,-1.402665,-0.320247
0.041354,-1.668494,-0.299171
-0.014982,-1.754910,-0.284268
-0.039674,-1.693714,-0.318187
-0.051764,-1.531512,-0.316822
-0.058034,-1.306412,-0.298035
-0.035948,-1.117430,-0.301940
-0.037227,-0.982015,-0.304695
-0.054161,-0.900326,-0.264061
-0.052494,-0.861180,-0.234610
-0.028593,-0.847710,-0.195795
-0.006443,-0.802370,-0.137511
0.001077,-0.701923,-0.142254
-0.009829,-0.533755,-0.105184
-0.071983,-0.310042,-0.062560
-0.076278,-0.128736,-0.044029
-0.060937,-0.009580,-0.004435
-0.060891,0.044378,0.046389
-0.048100,0.071800,0.093481
-0.028611,0.057559,0.136159
-0.036356,0.030451,0.190392
-0.031336,0.013426,0.200576
-0.018616,0.009232,0.186752
-0.033198,0.027440,0.173134
-0.028254,0.041599,0.137991
0.003003,0.069397,0.124493
0.010948,0.071806,0.080917
0.018785,0.056849,0.076653
0.008209,0.019506,0.071095
0.003320,0.006434,0.098873
-0.004515,0.017043,0.108537
0.013050,0.078744,0.136748
0.013196,0.195611,0.195555
0.006592,0.338192,0.250125
0.011903,0.492644,0.278305
0.019614,0.655830,0.281987
0.034510,0.768005,0.267956
0.039704,0.851099,0.280528
0.036031,0.902287,0.280001
0.040924,0.890824,0.241535
0.046788,0.833232,0.233646
0.043983,0.777942,0.205466
0.037890,0.690900,0.138688
0.041530,0.623783,0.115870
0.038161,0.572925,0.081023
0.055039,0.498640,0.038530
0.065323,0.444191,0.043369
0.036363,0.368668,0.023274
0.041297,0.257179,-0.038736
0.049340,0.102727,-0.069006
0.055395,-0.072306,-0.059954
0.051359,-0.141710,-0.041607
0.016975,-0.144774,-0.056635
-0.015225,-0.091523,-0.061140
-0.049473,-0.059404,-0.076832
-0.024371,-0.110866,-0.057810
0.002865,-0.148833,0.017738
-0.003328,-0.119484,0.084212
0.015056,-0.019310,0.103187
0.032732,0.084368,0.086888
0.031989,0.088889,0.050709
0.016536,0.028622,-0.024464
-0.005767,-0.082980,-0.097685
-0.015424,-0.213828,-0.168874
-0.008761,-0.282012,-0.200064
-0.008154,-0.274733,-0.184863
0.011940,-0.186343,-0.165869
0.036142,-0.070465,-0.107276
0.052708,-0.029955,-0.079638
0.064341,-0.045318,-0.015911
0.033289,-0.081579,0.003598
0.020432,-0.141099,-0.021581
0.000964,-0.200840,-0.031542
-0.039168,-0.232871,-0.032814
-0.058064,-0.211567,-0.041943
-0.056206,-0.161485,-0.053882
-0.034844,-0.089974,-0.074231
-0.009664,-0.042999,-0.092715
0.024413,0.059176,-0.071283
0.044204,0.166080,-0.081344
0.071529,0.145887,-0.099508
0.079730,0.075455,-0.091729
0.074160,-0.022402,-0.106980
0.050809,-0.094944,-0.109742
-0.007680,-0.094813,-0.121588
-0.031299,-0.081845,-0.135500
-0.029558,-0.066944,-0.137363
-0.025598,-0.037259,-0.121962
-0.035421,0.020158,-0.095839
-0.023814,0.029567,-0.079561
-0.002350,0.038984,-0.061215
-0.007027,0.063560,-0.055862
-0.009755,0.083010,-0.082477
-0.023224,0.068093,-0.087891
-0.042553,0.000077,-0.113249
-0.043585,-0.075721,-0.104388
-0.061139,-0.120689,-0.080324
-0.078891,-0.105958,-0.046190
-0.082111,-0.066707,-0.015968
-0.073382,-0.001040,0.047580
-0.078237,0.061552,0.101359
-0.065570,0.107195,0.130615
-0.050676,0.155040,0.151350
-0.042661,0.178568,0.156640
-0.028826,0.177586,0.148041
-0.036330,0.156437,0.123305
-0.027384,0.106554,0.101258
-0.017601,0.042601,0.084840
-0.031203,0.012760,0.072984
-0.041020,0.009442,0.087903
-0.031418,0.018698,0.131768
-0.016852,0.061138,0.169368
-0.004131,0.100545,0.183496
-0.009928,0.090972,0.178105
-0.009956,0.084555,0.185408
-0.007894,0.070884,0.169080
0.008707,0.065689,0.141478
0.011640,0.070145,0.111740
0.025242,0.075531,0.110608
0.039854,0.052107,0.108180
0.041711,0.039396,0.102601
0.035932,0.046859,0.103728
0.029097,0.069350,0.096381
0.028162,0.074718,0.096341
0.025273,0.073691,0.090997
0.029118,0.051439,0.065301
0.048450,0.041921,0.052446
0.049407,0.053732,0.041895
0.049544,0.048665,0.001409
0.043861,0.023125,-0.023044
0.016526,-0.002443,-0.029645
0.012522,-0.011030,-0.020174
0.006724,-0.023796,-0.027704
-0.012820,-0.016334,-0.033895
-0.033304,-0.004649,-0.029475
-0.033338,-0.005836,-0.016622
-0.031424,-0.007155,0.012263
-0.016799,0.014155,0.030306
0.013407,0.069475,0.056317
0.041717,0.186930,0.057116
0.045898,0.311693,0.066766
0.044342,0.329006,0.029682
0.037712,0.266162,0.006888
0.031192,0.140743,-0.051952
0.011853,-0.018077,-0.092453
-0.029032,-0.140446,-0.139367
-0.045701,-0.194772,-0.159946
-0.063286,-0.173613,-0.146739
-0.064415,-0.097098,-0.108662
-0.040183,0.013481,-0.057528
-0.002112,0.108094,0.002774
0.035952,0.117693,0.022738
0.059325,0.120826,0.049089
0.051716,0.096760,0.011032
0.031510,-0.003008,-0.060245
-0.002374,-0.105150,-0.114184
-0.024783,-0.161402,-0.159379
-0.018271,-0.224204,-0.186467
-0.012648,-0.255416,-0.158841
-0.020664,-0.265195,-0.130231
-0.008265,-0.196264,-0.074139
-0.018072,-0.068552,-0.036612
-0.010283,0.032872,-0.031702
0.016970,0.059449,-0.011344
0.012297,0.050695,0.014250
-0.005121,0.054915,0.032189
0.000640,0.045288,0.030080
0.013336,0.029184,0.037519
0.026067,0.035685,0.034179
0.026986,0.056099,0.015163
0.022204,0.106382,-0.001484
0.030150,0.128133,-0.042111
0.038126,0.105842,-0.062478
0.023653,0.025123,-0.108083
0.040257,-0.053738,-0.113206
0.029549,-0.116595,-0.126554
0.024568,-0.131505,-0.128849
0.022517,-0.124035,-0.131925
0.015576,-0.069724,-0.118624
-0.004969,-0.025092,-0.097890
-0.018633,-0.006096,-0.073119
-0.028339,-0.040091,-0.092629
-0.033306,-0.103032,-0.105759
-0.033352,-0.159571,-0.103144
-0.029648,-0.133159,-0.065624
-0.036547,-0.079783,-0.061045
-0.022044,-0.093863,-0.038656
-0.031713,-0.141069,-0.010155
-0.046399,-0.157148,0.000356
-0.056298,-0.138212,0.022142
-0.067083,-0.105326,0.039662
-0.046761,-0.074481,0.043325
-0.017636,-0.042558,0.049060
-0.002035,-0.027537,0.038515
0.006725,-0.025310,0.021559
0.001038,-0.029541,0.019334
-0.001808,-0.031619,0.008712
0.001138,0.016343,0.019725
0.007937,0.057865,0.042286
0.033333,0.087426,0.090429
0.039237,0.122502,0.128736
0.047084,0.133091,0.143681
0.046168,0.136353,0.141458
0.035521,0.174848,0.141574
0.038592,0.213455,0.124666
0.042741,0.240326,0.091968
0.033112,0.252383,0.043131
0.036229,0.229311,-0.004138
0.016813,0.097391,-0.060682
-0.000745,-0.052030,-0.056648
-0.002760,-0.141723,-0.037389
-0.003194,-0.128115,0.003158
-0.002447,-0.047278,0.043222
0.012142,0.060326,0.072821
0.020110,0.158431,0.084288
0.029151,0.179103,0.038453
0.014590,0.105721,-0.003601
-0.007684,-0.010493,-0.022624
-0.005647,-0.108517,-0.054170
0.003793,-0.144792,-0.073317
-0.004316,-0.103277,-0.074790
0.004304,-0.027575,-0.071895
0.016036,0.066042,-0.038977
0.014185,0.114235,-0.047390
0.015303,0.115131,-0.029157
0.004900,0.080185,-0.045841
0.000935,-0.030647,-0.062849
-0.030291,-0.127814,-0.065602
-0.069395,-0.171596,-0.062757
-0.077458,-0.158116,-0.031285
-0.082468,-0.096605,0.006835
-0.060221,-0.021115,0.037472
-0.021218,0.037437,0.048790
-0.008432,0.088586,0.058823
-0.005281,0.105889,0.042681
-0.000358,0.018573,0.006944
-0.008021,-0.050750,-0.003156
-0.019585,-0.095457,-0.022650
-0.022632,-0.082662,-0.022513
-0.024739,-0.048826,0.008916
-0.013091,-0.004229,0.036017
-0.002382,0.050168,0.037588
-0.009100,0.072256,0.076263
-0.014761,0.059435,0.083519
-0.006029,0.032778,0.093698
-0.008944,-0.002596,0.113686
-0.008893,-0.013024,0.097273
0.001678,0.002039,0.084528
0.011373,0.017208,0.061047
0.024015,0.026074,0.022612
0.017256,-0.005776,-0.012595
0.003632,-0.026938,-0.039388
0.003628,-0.052496,-0.047064
0.016317,-0.066721,-0.009658
0.012225,-0.078636,0.021033
0.036353,-0.075747,0.063707
0.030499,-0.004491,0.105723
0.016711,0.076457,0.128766
0.012916,0.143726,0.123997
0.007305,0.148465,0.067378
0.020258,0.139272,0.006611
0.007818,0.076830,-0.065336
0.016620,-0.033921,-0.099289
0.015679,-0.142721,-0.108690
0.013482,-0.210029,-0.098590
0.007228,-0.225379,-0.044309
-0.010658,-0.185213,0.013508
-0.016679,-0.066045,0.063530
-0.013757,0.093854,0.094601
-0.000041,0.193172,0.096283
0.021671,0.190154,0.071724
0.021000,0.121132,0.028420
0.018259,0.031874,-0.028753
0.004649,-0.056283,-0.091234
-0.002309,-0.140473,-0.119428
0.000399,-0.197070,-0.122935
0.000179,-0.165246,-0.094982
-0.003875,-0.087648,-0.050661
0.004799,-0.034506,-0.010960
0.014672,0.025031,0.031953
0.005900,0.059145,0.040693
-0.003826,0.052879,0.015184
-0.016320,0.030581,-0.000982
-0.017223,-0.040674,-0.051367
-0.009488,-0.091677,-0.088969
-0.015425,-0.152305,-0.115098
-0.005819,-0.228045,-0.116846
0.009656,-0.268641,-0.097198
0.014278,-0.252808,-0.062102
0.003170,-0.197335,-0.053223
0.001039,-0.136560,-0.030618
0.000966,-0.155569,-0.056398
-0.020581,-0.199377,-0.060802
-0.044093,-0.235723,-0.057804
-0.040576,-0.282807,-0.049491
-0.026368,-0.302197,-0.033491
-0.021922,-0.285207,-0.022670
-0.009546,-0.241611,0.000066
0.001976,-0.152085,0.017846
0.010579,-0.065802,0.037797
0.011465,0.005510,0.060842
0.017429,0.057733,0.072958
0.022358,0.087735,0.061385
0.038988,0.061284,0.034425
0.044940,-0.058876,-0.021032
0.046885,-0.239900,-0.068536
0.032053,-0.452741,-0.144011
0.002173,-0.616835,-0.181583
-0.007548,-0.707399,-0.195264
-0.003822,-0.720343,-0.179323
-0.009766,-0.642753,-0.139166
-0.024476,-0.494744,-0.093159
-0.023312,-0.336217,-0.027838
-0.009160,-0.225676,0.030714
0.014871,-0.183327,0.079009
0.018451,-0.152552,0.102724
-0.009021,-0.136588,0.100880
-0.034564,-0.125777,0.074462
-0.040556,-0.119202,0.038510
-0.034755,-0.108142,-0.017841
-0.018273,-0.088656,-0.061283
-0.004662,-0.062925,-0.078112
0.006879,-0.068171,-0.089894
0.016471,-0.076850,-0.067634
0.006530,-0.132354,-0.051334
0.003283,-0.228477,-0.037287
-0.018543,-0.328989,-0.007272
-0.044577,-0.352629,0.017010
-0.057058,-0.268526,0.037063
-0.064337,-0.137372,0.046800
-0.062576,-0.003065,0.057733
-0.049859,0.094029,0.057542
-0.016510,0.179313,0.069987
0.009168,0.193320,0.056155
0.037721,0.136711,0.059999
0.037184,0.049064,0.082644
0.034401,-0.011666,0.080838
0.030455,-0.007296,0.067013
0.004183,0.019455,0.063908
0.008007,0.040858,0.056610
0.013836,0.056920,0.051371
0.005219,0.105880,0.068851
0.000477,0.111334,0.047670
0.013092,0.089948,0.049696
0.028030,0.055689,0.069566
0.035001,0.021762,0.046740
0.030143,0.012225,0.034982
0.014677,0.029399,0.031726
0.024571,0.040082,0.033878
0.034389,0.067965,0.024339
0.036301,0.057571,-0.004713
0.021610,0.025795,-0.042203
-0.001732,-0.016675,-0.071357
-0.005645,-0.057187,-0.089577
-0.008628,-0.060595,-0.077562
-0.009860,-0.030978,-0.045251
0.028180,0.026323,0.001048
0.037063,0.101917,0.029321
0.028502,0.180646,0.068255
0.017174,0.204207,0.074505
0.014582,0.156281,0.065490
-0.003581,0.094588,0.038302
-0.010272,0.063897,0.003909
-0.001416,0.066266,-0.027013
0.015119,0.067538,-0.061004
0.027980,0.104769,-0.048878
0.036991,0.169971,-0.048610
0.049960,0.192400,-0.052657
0.020108,0.166864,-0.059344
-0.002051,0.168965,-0.054011
-0.025013,0.193469,-0.047426
-0.034514,0.169170,-0.074416
-0.046945,0.090037,-0.063141
-0.074983,0.022552,-0.033755
-0.085755,0.020026,0.013264
-0.080934,0.073903,0.078941
-0.057406,0.181331,0.125731
-0.026899,0.254991,0.130458
-0.016739,0.280675,0.120026
-0.029861,0.257445,0.091994
-0.030486,0.207592,0.056273
-0.016528,0.110610,0.036303
-0.016349,0.034821,0.037820
-0.014371,0.007133,0.032207
-0.018338,0.026144,0.048573
-0.024200,0.108048,0.085509
-0.019207,0.214415,0.128094
-0.005382,0.301814,0.140608
0.012546,0.357264,0.147452
0.025745,0.335045,0.132126
0.036899,0.223144,0.118252
0.023472,0.075133,0.084798
0.024454,-0.070597,0.029019
-0.014742,-0.153765,0.007227
-0.055993,-0.156901,-0.004473
-0.048547,-0.136748,0.005429
-0.038112,-0.091173,0.039047
-0.038370,-0.009597,0.113443
0.000515,0.112906,0.153731
0.035678,0.173493,0.178918
0.037990,0.174654,0.172409
0.054747,0.096282,0.096987
0.054898,0.011141,0.055934
0.027645,-0.053434,-0.007670
0.029416,-0.082101,-0.043848
-0.001841,-0.082171,-0.039482
-0.007875,-0.039680,-0.014564
0.008457,0.001809,-0.001327
0.004381,0.043193,0.029957
-0.004352,0.048483,0.044762
-0.008134,0.020516,0.073345
-0.014830,-0.026476,0.080372
0.012472,-0.036074,0.075047
0.027088,0.013011,0.068145
0.036830,0.068709,0.033559
0.053481,0.094522,0.007102
0.062390,0.069112,-0.022919
0.037190,0.039572,-0.061706
0.016983,-0.001856,-0.080329
0.003475,-0.090167,-0.098485
-0.016375,-0.194885,-0.079128
-0.026470,-0.200576,-0.031186
-0.036626,-0.122087,0.018832
-0.031102,-0.019067,0.068043
-0.014584,0.077856,0.078755
0.001305,0.179143,0.078797
-0.005999,0.224431,0.025659
-0.000842,0.147985,-0.029332
-0.014241,0.045744,-0.048501
-0.009252,-0.075756,-0.057241
0.004934,-0.179319,-0.055882
-0.002314,-0.207198,-0.041125
-0.023012,-0.160556,-0.008543
-0.038828,-0.057543,0.049054
-0.033099,0.021005,0.096825
0.009590,0.100950,0.112370
0.036139,0.183060,0.123675
0.035732,0.201734,0.064918
0.040980,0.155097,0.007225
0.013029,0.041396,-0.061921
0.027607,-0.084274,-0.101279
0.041180,-0.146062,-0.119854
0.031244,-0.130117,-0.113281
0.024226,-0.064090,-0.091458
0.037598,-0.026812,-0.074229
0.051238,0.015831,-0.051799
0.047578,0.013924,-0.077511
0.026178,-0.001975,-0.097795
0.000017,-0.034864,-0.120534
0.004828,-0.109222,-0.162837
0.006630,-0.199880,-0.177319
-0.013199,-0.257396,-0.199003
-0.013638,-0.240424,-0.190226
-0.020702,-0.192646,-0.156769
-0.005283,-0.124563,-0.121128
0.006309,-0.062845,-0.095054
0.004410,0.004067,-0.049741
0.003586,0.015864,-0.051888
0.008427,-0.010785,-0.065780
-0.013872,-0.039569,-0.076555
-0.025509,-0.111056,-0.091821
-0.018953,-0.181500,-0.100743
-0.015291,-0.202802,-0.103122
-0.017483,-0.179463,-0.087923
-0.013682,-0.100502,-0.083060
-0.009832,-0.005763,-0.045047
0.009720,0.030559,-0.038572
0.038019,0.028493,-0.043995
0.017775,0.023060,-0.031236
0.002305,-0.019551,-0.048521
0.020503,-0.080134,-0.086269
0.014614,-0.112343,-0.068249
-0.008765,-0.102774,-0.073308
-0.006187,-0.071898,-0.074953
0.003428,0.003743,-0.056212
0.008523,0.117831,-0.036182
0.021443,0.130892,-0.055567
0.031282,0.093425,-0.031519
0.029759,0.040231,-0.030301
0.036667,0.004050,-0.044466
0.016246,-0.010882,-0.050885
0.013389,-0.038139,-0.108865
0.015316,-0.037233,-0.113665
-0.027617,-0.024199,-0.131933
-0.009576,-0.068083,-0.118360
0.007931,-0.065199,-0.074626
-0.005669,-0.008935,-0.022145
0.010799,0.033852,-0.014732
0.020613,0.038132,-0.010542
-0.011358,0.048824,-0.003187
-0.009255,0.051187,-0.024683
0.006354,0.050968,-0.013652
-0.013972,0.062860,-0.028595
-0.003251,0.000089,-0.071451
-0.034444,-0.054277,-0.094018
-0.068731,-0.102071,-0.115927
-0.069015,-0.129111,-0.074422
-0.081968,-0.110234,-0.023201
-0.080288,-0.050861,0.037921
-0.058805,0.033089,0.093930
-0.035213,0.137370,0.149963
-0.006586,0.241102,0.148164
0.012149,0.221106,0.099159
-0.022605,0.105063,0.055636
-0.027215,-0.063194,-0.003160
-0.037214,-0.167751,-0.031285
-0.072628,-0.169854,-0.046024
-0.076868,-0.104986,-0.027108
-0.060465,-0.019004,0.035463
-0.030277,0.073391,0.107469
0.005978,0.148907,0.151636
0.026848,0.240464,0.193754
0.026365,0.213138,0.148502
0.027612,0.142930,0.113866
0.007554,0.062331,0.055401
0.016360,-0.039843,0.012005
0.002368,-0.112409,0.011398
-0.006746,-0.129561,0.021917
-0.007182,-0.106255,0.037201
-0.011211,-0.020083,0.065811
-0.009234,0.077974,0.088906
0.014137,0.090701,0.088172
0.001613,0.089549,0.095706
-0.018615,0.096918,0.103353
-0.002832,0.073495,0.093602
0.036074,0.056551,0.074296
0.057616,0.053530,0.058109
0.082331,0.059281,0.017331
0.092326,0.012826,-0.039790
0.077661,-0.069915,-0.098254
0.065813,-0.153795,-0.145034
0.045975,-0.260391,-0.158784
0.017299,-0.336538,-0.114501
-0.002848,-0.307145,-0.055463
-0.008163,-0.175411,0.016208
-0.002508,-0.001915,0.074259
0.020006,0.154638,0.111954
0.046528,0.182694,0.078956
0.063393,0.133816,0.043486
0.039375,0.021399,-0.036674
0.024762,-0.123178,-0.108358
0.000179,-0.252937,-0.158680
-0.011857,-0.309458,-0.152977
-0.001663,-0.321348,-0.139084
0.004466,-0.261879,-0.109589
-0.004826,-0.148306,-0.030698
-0.004885,0.010223,0.038801
0.006783,0.070898,0.055393
-0.004933,0.072846,0.082041
-0.030098,0.039852,0.080490
-0.039708,-0.010400,0.094964
-0.039528,-0.031689,0.100920
