0.006543,0.009257,-0.005507
0.005603,0.002731,0.008355
0.005598,-0.011180,0.012523
0.007501,-0.015417,0.013461
0.011341,-0.013215,0.008072
0.012253,-0.004613,0.001699
0.012270,-0.001409,0.002765
0.007377,-0.000371,0.005988
0.002472,-0.000420,0.011347
0.000454,-0.007934,0.015582
-0.003539,-0.008009,0.021007
-0.003654,-0.015539,0.024237
-0.003733,-0.003802,0.021203
-0.007650,0.009051,0.013866
-0.006634,0.019739,0.010773
-0.005608,0.024046,0.005481
-0.004582,0.022933,0.010821
-0.005434,0.016497,0.015038
-0.004332,0.000463,0.018111
-0.001993,-0.005877,0.014755
-0.001988,-0.002586,0.006184
-0.002151,0.002868,-0.003493
-0.003174,0.010477,-0.017391
-0.002158,0.019153,-0.030231
-0.000350,0.019186,-0.033454
-0.000374,0.018984,-0.026652
0.002545,0.043497,0.127733
0.025735,0.029413,0.261686
0.061159,-0.006462,0.063344
0.030743,-0.006447,-0.026292
0.006306,0.005987,0.008254
0.006179,0.009268,-0.001340
0.007683,0.003889,0.006049
0.010500,-0.010015,0.010198
0.012951,-0.016420,0.010149
0.012582,-0.016390,0.009026
0.005468,-0.009979,0.006964
0.003613,0.006013,0.008183
-0.000088,0.016685,0.007226
0.000808,0.020943,0.008337
0.000999,0.030482,0.013814
0.001157,0.028365,0.011660
-0.000593,0.019805,0.013742
-0.004427,0.005953,0.013572
-0.007263,-0.007902,0.012365
-0.008236,-0.014287,0.011219
-0.002451,-0.018478,0.004704
-0.001403,-0.024775,-0.005037
-0.002327,-0.019370,-0.013542
-0.000346,-0.009777,-0.013431
0.001725,-0.002345,-0.012223
0.000972,0.000782,-0.006773
0.002154,-0.000351,-0.000335
0.001311,-0.002534,0.007093
0.007242,-0.001490,0.009253
0.011185,-0.004730,0.013512
0.011255,-0.009042,0.018818
0.010219,-0.014441,0.023124
0.005240,-0.010251,0.030683
0.005139,-0.002847,0.036148
0.000172,-0.001756,0.031910
-0.006585,0.002530,0.028764
-0.010388,0.000456,0.022314
-0.011352,-0.004842,0.020081
-0.006456,-0.006903,0.013593
-0.006471,0.002788,0.002989
-0.009309,0.007066,0.003003
-0.008247,0.013532,-0.004429
-0.010088,0.027408,-0.006414
-0.015768,0.029468,0.001120
-0.013668,0.020933,0.001042
-0.015503,0.011311,0.004147
-0.014439,-0.001394,-0.005637
-0.007528,-0.005564,-0.015343
-0.002622,-0.004404,-0.024987
0.003303,-0.004297,-0.036770
0.004366,-0.001099,-0.036735
0.008336,-0.004347,-0.030365
0.009371,0.002004,-0.023900
0.009415,-0.006575,-0.018631
0.011432,-0.002405,-0.005793
0.011437,-0.005693,0.003818
0.010360,-0.015415,0.019735
0.013191,-0.014355,0.019761
0.010072,-0.004768,0.021976
0.004115,0.005903,0.019976
0.000171,0.016637,0.010491
-0.002752,0.022007,0.005216
-0.006588,0.016670,0.004132
-0.006580,0.000713,0.000729
-0.005620,-0.008880,0.000619
-0.007617,-0.014194,-0.002620
-0.005726,-0.016298,-0.006901
-0.005734,-0.013110,-0.006840
-0.002841,-0.006746,-0.003547
-0.003873,-0.002501,-0.001358
-0.000913,0.004988,-0.003437
-0.000831,0.005000,-0.002423
0.002234,0.005040,-0.004617
0.004268,-0.003477,-0.005788
0.010171,-0.013048,-0.008046
0.013150,-0.008777,-0.009064
0.013162,-0.009843,-0.008029
0.008281,-0.010984,-0.001571
0.005310,-0.005698,0.003833
0.005257,-0.001518,0.013511
0.004258,0.000557,0.018915
0.003231,0.001635,0.016803
0.001253,0.003768,0.017871
-0.001707,0.002772,0.010354
0.001241,0.007060,0.009293
0.000255,0.006038,0.004983
0.000242,0.002847,0.004929
-0.000760,0.003896,0.006033
-0.000787,0.009213,0.008215
-0.003705,0.010251,0.011439
-0.005640,0.009183,0.011433
-0.005608,0.011289,0.012572
-0.005559,0.016677,0.007251
-0.006465,0.008175,0.001860
-0.001509,0.007186,-0.005675
-0.002416,0.000824,-0.010017
0.001502,-0.009805,-0.013357
0.001486,-0.017303,-0.010209
0.002455,-0.017260,-0.012412
0.000438,-0.015158,-0.009171
0.003339,-0.016244,-0.007041
0.007194,-0.008811,-0.002699
0.003305,0.002936,-0.004715
0.003334,0.014651,-0.003510
0.005344,0.017845,-0.003464
0.006419,0.014550,0.006166
0.005461,0.011280,0.012594
0.005451,0.001595,0.020046
-0.000468,-0.006939,0.018920
-0.003494,-0.010143,0.019946
-0.001631,-0.000431,0.009286
0.000303,0.002842,0.000761
-0.003580,-0.000277,-0.006800
-0.002569,-0.001299,-0.011110
-0.000552,0.000816,-0.008953
0.006266,-0.002449,-0.004630
0.007303,0.001831,-0.004623
0.007372,0.004962,0.000818
0.005390,-0.001548,0.011502
0.002440,-0.010142,0.018899
0.003353,-0.015458,0.016708
0.007128,-0.022884,0.014441
0.007044,-0.026015,0.010047
0.006962,-0.024919,0.005798
0.007827,-0.018505,0.004776
0.008692,-0.008938,0.008093
0.007685,0.009165,0.011483
0.007680,0.019756,0.019101
0.005793,0.023956,0.025589
0.003897,0.022845,0.030925
0.005885,0.007877,0.036103
0.005819,-0.012353,0.032676
0.002770,-0.028357,0.032534
0.004519,-0.031542,0.030372
0.004283,-0.032570,0.022938
0.000165,-0.020770,0.015557
-0.007771,-0.010114,0.017777
-0.008840,-0.003692,0.014646
-0.010820,0.002721,0.013627
-0.012737,0.006998,0.011550
-0.009743,0.003855,0.003003
-0.006752,0.001780,-0.001352
-0.001818,0.003930,-0.003465
-0.000837,-0.000398,0.003974
-0.003805,0.000620,0.009341
-0.005760,0.002714,0.012600
-0.004814,0.000578,0.012586
-0.004834,-0.005833,0.014647
-0.003864,-0.010032,0.008152
-0.003905,-0.016352,-0.000484
-0.001016,-0.018412,-0.006972
-0.001096,-0.014102,-0.012274
-0.004022,-0.006560,-0.019718
-0.003040,0.005145,-0.016394
-0.001055,0.012550,-0.010933
-0.001981,0.014605,-0.002340
-0.002877,0.010314,0.000818
0.001065,0.003834,0.012470
0.003985,-0.002519,0.008104
0.006872,-0.007828,0.005898
0.002942,-0.004610,0.003789
0.001916,-0.003516,-0.001501
-0.001046,0.002848,0.001792
-0.002976,0.010292,0.001922
0.000953,0.017774,-0.001184
0.001032,0.015611,0.000965
0.003068,0.013470,0.004102
0.007022,0.007085,0.002956
0.007043,-0.004648,0.008072
0.007990,-0.013156,0.005832
0.010809,-0.015307,0.010043
0.004847,-0.012138,0.013292
-0.003060,-0.009980,0.009063
-0.006024,-0.001431,0.005968
-0.006972,0.002855,0.000728
-0.006937,0.006128,-0.007797
-0.003898,0.010490,-0.017421
0.000075,0.008385,-0.018561
0.001142,-0.003337,-0.018700
0.003093,-0.008741,-0.010200
0.007912,-0.012032,-0.001628
0.005878,-0.002492,0.004895
-0.000969,0.007050,0.010369
0.000978,0.019824,0.012651
0.001059,0.021955,0.010585
0.001136,0.020930,0.004192
0.001210,0.007047,0.005146
0.001249,-0.007833,-0.001409
0.001219,-0.021659,-0.006876
0.003084,-0.028050,-0.004870
0.005905,-0.021648,-0.004813
0.003849,-0.011002,-0.002565
0.000872,0.000676,0.001873
0.001893,0.009182,0.005163
0.000004,0.015550,0.007399
0.001037,0.002774,0.006167
0.005956,-0.002523,0.003931
0.007906,-0.013172,0.001693
0.003944,-0.021687,0.001563
0.001929,-0.020653,0.004795
0.002760,-0.013200,0.005948
0.001691,-0.006853,0.011377
-0.004215,0.001686,0.010397
-0.005246,0.013404,0.011593
-0.006154,0.018743,0.010585
-0.007020,0.018777,0.007361
-0.005955,0.017731,0.004159
-0.001978,0.013482,0.001980
-0.003912,0.007090,0.000853
-0.005848,0.004934,0.000891
-0.004898,-0.003629,0.001932
-0.003029,-0.020800,0.011455
-0.003133,-0.022903,0.009263
0.001623,-0.023908,0.004908
0.001578,-0.013130,-0.003645
0.000594,-0.004521,-0.012129
-0.002289,0.005139,-0.018467
-0.004130,0.005196,-0.023847
-0.006967,-0.000091,-0.028203
-0.000045,-0.007528,-0.030444
0.007777,-0.010720,-0.030492
0.009752,-0.006442,-0.029435
0.008786,-0.004356,-0.024066
0.006854,0.007296,-0.012238
0.006896,0.017883,-0.006696
0.003029,0.027362,0.005216
0.001181,0.030505,0.009575
0.004195,0.026217,0.010638
0.004252,0.014515,0.006262
0.002331,-0.001437,0.001800
0.010085,-0.014233,0.000621
0.009990,-0.017393,-0.003696
0.003075,-0.015274,-0.002592
-0.002854,-0.003538,-0.001442
0.000072,0.002843,0.001807
0.002979,0.003945,-0.000368
0.004962,0.000743,0.001699
0.003037,-0.001408,0.002769
0.005986,-0.009925,0.000554
0.004028,-0.004581,0.000578
0.004995,-0.002422,-0.004700
0.010843,0.000721,0.001755
0.012833,0.004955,0.003975
0.008887,0.004897,0.009355
0.003999,0.002715,0.014689
0.005936,-0.002666,0.022083
0.010784,-0.008035,0.027355
0.012626,-0.009052,0.024077
0.008651,-0.010050,0.017614
0.004673,-0.007909,0.017612
0.000687,-0.006867,0.017689
-0.004261,0.005951,0.014627
-0.002307,0.008101,0.012511
-0.003303,0.005998,0.010321
-0.003293,0.003816,0.013565
-0.004338,0.003783,0.018882
-0.003388,-0.000481,0.016742
-0.007322,-0.001561,0.019903
-0.012244,-0.003680,0.018799
-0.012321,-0.007885,0.011276
-0.011376,-0.006755,0.005894
-0.010412,-0.003484,-0.003673
-0.007481,0.000825,-0.008975
-0.008390,0.011491,-0.009916
-0.011250,0.014691,-0.010930
-0.013118,0.009317,-0.007738
-0.011100,0.007148,-0.004528
-0.007159,0.000763,-0.005674
-0.004184,-0.005588,-0.008998
0.000747,0.005142,-0.015337
0.004692,0.010488,-0.017412
0.006733,0.013674,-0.016300
0.006843,0.015822,-0.019454
0.006928,0.011520,-0.015221
0.006020,0.007196,-0.008835
0.003097,-0.004618,0.000674
0.002091,-0.008877,0.001659
0.002059,-0.008852,-0.000497
0.004930,-0.005579,-0.006932
0.006905,0.005127,-0.013207
0.004986,0.008347,-0.016368
0.003072,0.015770,-0.009907
0.003149,0.018917,-0.002416
0.005124,0.016749,0.000792
0.002268,0.015667,0.001865
0.001353,0.012439,0.005046
0.001371,0.008178,0.002900
-0.000566,0.003892,0.003954
0.000407,-0.005681,0.000657
-0.001600,-0.009988,0.003857
-0.003587,-0.006768,0.001745
-0.000668,-0.008810,-0.007926
0.002295,-0.005498,-0.017599
0.008219,-0.007566,-0.026157
0.013141,-0.007548,-0.028296
0.016126,-0.009773,-0.016575
0.016086,-0.013028,-0.011230
0.012106,-0.012087,0.003749
0.010101,-0.010083,0.019791
0.010952,-0.002705,0.028462
0.006968,-0.002738,0.031685
0.004963,-0.000616,0.032779
0.002935,0.005840,0.024327
0.000973,0.010200,0.014714
-0.001002,0.002802,0.006100
-0.003900,-0.001412,-0.000355
-0.005857,-0.000376,0.000780
-0.006855,-0.004616,-0.002468
-0.006877,-0.008903,-0.000363
-0.003975,-0.008933,0.002852
-0.004052,-0.004737,0.011444
-0.002175,-0.004740,0.011453
-0.003194,-0.000521,0.016847
-0.001255,0.009087,0.013778
-0.002218,0.011266,0.008451
-0.005091,0.011308,0.004158
-0.005990,-0.002490,-0.004519
-0.003052,-0.013099,-0.009999
0.000879,-0.015145,-0.016521
0.007699,-0.018311,-0.019779
0.011547,-0.016121,-0.024090
0.009587,-0.008739,-0.014387
0.007631,-0.001359,-0.003630
0.005629,0.002784,0.011374
0.003672,0.006983,0.018913
0.006570,0.010145,0.022180
0.005590,0.014415,0.020120
0.003659,0.008058,0.014717
0.002691,0.003802,0.011510
0.001663,-0.002618,0.012548
0.001594,-0.004718,0.009305
-0.000421,-0.002573,0.009294
-0.000451,0.002772,0.008267
0.000506,0.006009,0.004017
-0.000476,0.008156,0.006096
-0.000448,0.003917,0.003890
-0.000453,-0.001434,0.004931
0.001506,-0.005734,0.008113
0.003395,-0.007904,0.012375
0.000435,-0.006788,0.005980
-0.001508,-0.001424,0.001768
0.000443,0.001780,0.000742
0.005337,0.001794,-0.001387
0.006313,-0.002523,0.006025
0.008249,-0.008921,0.005959
0.007159,-0.013245,0.013389
0.001231,-0.010078,0.015597
-0.001771,-0.006899,0.016726
0.000122,0.002671,0.018989
-0.000855,0.006973,0.012664
-0.003757,0.003830,0.007254
-0.004732,0.005961,0.009372
-0.002790,0.004971,0.002887
-0.002781,0.003888,0.006058
-0.001779,0.002858,0.002814
0.001149,0.002881,-0.000383
0.001150,0.007110,0.002893
-0.001772,0.007098,0.001879
-0.001761,0.007031,0.009372
-0.002718,0.003840,0.007228
-0.003701,-0.000419,0.007167
-0.005657,-0.003572,0.002831
-0.003733,-0.006707,-0.004688
0.003103,-0.009831,-0.012239
0.007038,-0.007659,-0.017547
0.008031,-0.003395,-0.016455
0.009981,0.005035,-0.005646
0.008007,0.010293,0.001922
0.004131,0.010186,0.013706
0.001200,0.011153,0.025479
0.001152,0.003655,0.029673
-0.002789,-0.005881,0.023142
-0.004802,-0.017554,0.017644
-0.000005,-0.015341,0.008042
-0.001032,-0.005589,-0.010042
0.000942,0.000926,-0.023877
0.003953,0.008428,-0.027034
0.003041,0.008392,-0.022759
0.004089,0.001848,-0.006756
0.005048,-0.007861,0.005985
0.005954,-0.014365,0.018748
0.005828,-0.009095,0.027330
0.003793,0.001655,0.018847
0.002784,0.007044,0.012476
0.000884,0.010321,0.003938
0.000961,0.006115,-0.004626
-0.000013,-0.003447,-0.010047
0.000012,-0.008798,-0.007959
-0.001972,-0.007729,-0.008999
-0.002977,-0.003531,-0.001458
-0.001050,0.006086,-0.001410
-0.001006,0.015666,0.001870
0.000048,0.022056,0.001956
-0.000864,0.016635,0.010501
-0.001808,0.009181,0.008306
-0.003716,-0.004712,0.008244
-0.000826,-0.006863,0.009314
0.003023,0.002786,0.003003
0.001065,0.011370,-0.001232
-0.002758,0.016742,-0.003373
-0.004654,0.012476,-0.002371
-0.003656,-0.001339,-0.007868
-0.002670,-0.019436,-0.011271
0.003111,-0.026880,-0.013493
0.005996,-0.019390,-0.016622
0.006958,-0.003419,-0.015348
0.006938,0.010371,-0.008740
0.008002,0.014587,-0.003336
0.003222,0.012397,0.004110
0.007170,0.003860,0.007178
0.010104,-0.005745,0.008144
0.011029,-0.014242,0.005878
0.013925,-0.015248,0.000479
0.014842,-0.005655,0.002682
0.013836,-0.002433,-0.000486
0.009869,0.001795,0.003841
0.009895,0.013448,0.012527
0.008896,0.015493,0.022189
0.005981,0.013347,0.024293
0.000088,0.010117,0.026433
-0.000931,-0.000627,0.032811
-0.003950,-0.001679,0.029624
-0.005923,0.003734,0.021099
-0.004988,0.005971,0.008300
-0.004953,0.003932,-0.001379
-0.002958,0.001884,-0.011032
-0.002956,-0.002418,-0.006799
-0.000067,-0.021661,-0.001640
-0.001160,-0.027079,0.006895
-0.001306,-0.018609,0.013419
-0.004361,-0.011214,0.018904
-0.004387,0.003704,0.018042
-0.005361,0.012238,0.016030
-0.006258,0.010152,0.009611
-0.007165,0.003681,0.020193
-0.007201,-0.031338,0.001607
0.007315,-0.023777,-0.004845
-0.002428,0.003037,-0.020660
0.001389,-0.019405,-0.015536
0.002369,-0.000279,-0.006793
-0.000524,0.015678,-0.003391
-0.004476,0.001704,0.007216
-0.004429,0.003842,0.007224
-0.003478,-0.002536,0.003968
-0.001523,-0.004612,-0.001430
-0.003460,-0.010899,-0.013289
-0.001525,-0.012978,-0.019730
0.003355,-0.014019,-0.022945
0.003319,-0.011919,-0.019697
-0.000625,-0.006686,-0.007882
0.003244,-0.002479,-0.000366
-0.001664,0.007075,0.006120
-0.004546,0.012411,0.005119
-0.000577,0.011373,0.001896
0.005380,0.006072,-0.002421
0.007378,0.005053,-0.006740
0.010377,0.006164,-0.011027
0.008423,0.005111,-0.013164
0.008454,0.006150,-0.009943
0.006535,0.002951,-0.009977
0.005579,-0.005633,-0.003653
0.008507,-0.008858,-0.000480
0.006484,-0.013139,0.003701
0.007453,-0.012073,0.002668
0.009354,-0.000335,0.000673
0.010344,0.013582,-0.006646
0.010394,0.010321,0.000801
0.007492,0.004927,0.006140
0.005494,0.001626,0.016832
0.004456,-0.001636,0.023238
0.001457,-0.003801,0.026438
-0.000562,0.000488,0.023283
-0.002560,0.005904,0.013703
-0.000599,0.005957,0.007290
0.000387,0.009158,0.007316
-0.002512,0.003857,0.003000
-0.005419,-0.000435,0.006162
-0.005458,-0.003653,0.009316
-0.005514,-0.005706,0.001767
-0.003564,-0.002486,0.001747
0.000340,-0.001420,0.001758
0.001311,-0.000353,0.003858
-0.000640,0.004978,0.002869
-0.002605,0.009247,0.002902
-0.002559,0.008185,0.001837
-0.002502,0.007132,-0.000300
-0.001519,0.001758,0.002892
-0.002489,-0.005684,-0.000381
-0.001502,-0.007817,-0.000402
-0.001507,-0.006699,-0.005756
-0.000573,-0.007771,-0.002613
0.000386,-0.006646,-0.010077
0.001359,-0.000259,-0.009983
-0.002518,0.003959,-0.005630
-0.002516,0.003913,-0.000283
-0.003454,0.003908,0.000777
0.001418,0.008159,0.001903
0.001459,0.010326,-0.000254
0.000547,0.011337,0.005129
0.000539,0.007106,-0.001280
0.003509,0.001807,-0.004557
0.004519,-0.003516,-0.004635
0.005490,-0.004553,-0.006816
0.006457,-0.006712,-0.004677
0.009353,-0.005624,-0.005767
0.004461,-0.004574,-0.003621
0.002481,-0.005691,0.001730
0.003456,-0.006778,0.004910
0.005367,-0.001403,0.001713
0.007301,0.003948,-0.000374
0.008327,0.005024,-0.001434
0.007362,0.006093,-0.002476
0.004444,0.003890,0.002914
0.003464,-0.003662,0.011433
0.003384,-0.011186,0.015694
0.000366,-0.012244,0.014617
-0.004584,-0.009021,0.012496
-0.001755,-0.006883,0.012503
-0.001787,-0.002574,0.009295
-0.003755,0.009238,0.000836
-0.002710,0.017853,-0.007664
-0.002641,0.012525,-0.008774
-0.005487,0.010392,-0.010886
-0.006409,-0.001419,-0.004519
-0.003473,-0.015302,-0.004609
-0.005443,-0.019540,-0.008908
-0.003543,-0.017385,-0.008942
0.003241,-0.009889,-0.008947
0.006136,-0.008816,-0.006864
0.001216,-0.005615,-0.005788
0.001185,-0.003523,-0.001478
0.001173,0.001804,-0.001410
0.004136,0.008235,-0.005614
0.004228,0.012522,-0.007719
0.006298,0.015746,-0.008798
0.008326,0.013654,-0.013108
0.007408,0.005066,-0.006773
0.007385,-0.004602,0.000634
0.007288,-0.012130,0.006999
0.002334,-0.007894,0.010256
0.002266,-0.001543,0.013584
0.001258,0.008060,0.011575
0.001300,0.013394,0.010577
0.001345,0.011335,0.003043
0.002386,0.006039,0.000802
0.006326,-0.008850,-0.004684
0.007260,-0.018395,-0.009104
0.009194,-0.014146,-0.006925
0.012081,-0.015228,-0.005848
0.012007,-0.015297,0.001652
0.009028,-0.005758,0.009224
0.006059,0.006975,0.016840
0.010909,0.004806,0.022143
0.007970,0.000518,0.026339
0.009831,0.006924,0.026384
0.002997,-0.002644,0.022026
0.000886,-0.017588,0.025049
-0.003024,-0.000469,0.017754
-0.009002,0.004892,0.013552
-0.007044,0.003860,0.009269
-0.006027,0.014573,0.002974
-0.005022,0.014591,0.000836
-0.008877,0.013514,0.000852
-0.014691,0.010303,-0.000197
-0.017598,0.006032,0.000820
-0.012668,0.000725,-0.002437
-0.009751,0.000760,-0.005663
-0.006811,0.001846,-0.006751
-0.004815,0.007219,-0.012031
-0.005749,0.006163,-0.014159
-0.006623,0.010393,-0.010887
-0.004572,0.009362,-0.016221
0.001348,-0.000236,-0.017363
0.005333,-0.008761,-0.017465
0.009217,-0.010854,-0.019681
0.010185,-0.013021,-0.013339
0.010174,-0.015176,-0.011213
0.010084,-0.015258,-0.001585
0.009056,-0.004601,0.000633
0.010021,0.006050,0.001821
0.010059,0.014578,0.000869
0.007201,0.020956,0.002033
0.007293,0.019906,-0.000110
0.006365,0.010241,0.007288
0.003431,0.003833,0.009340
0.002414,0.002723,0.013625
-0.000547,-0.000482,0.014653
-0.004535,-0.002618,0.013595
-0.000690,-0.004723,0.011408
-0.001724,-0.002557,0.007159
-0.001737,-0.002489,0.000711
-0.000757,-0.004580,-0.002557
-0.001716,-0.004551,-0.006818
-0.002687,-0.004551,-0.006818
-0.005643,-0.010961,-0.005809
-0.005653,-0.015246,-0.004755
-0.004723,-0.012050,-0.003669
-0.000846,-0.006661,-0.007947
0.002079,-0.004440,-0.015474
0.004089,-0.001194,-0.018700
0.006048,-0.001214,-0.016558
0.006090,-0.003388,-0.012291
0.003151,-0.010914,-0.004885
0.004116,-0.012036,0.000478
0.006005,-0.007772,0.002616
0.007930,0.002916,0.002662
0.006968,0.015671,0.007085
0.005059,0.026405,0.000737
0.004217,0.029658,-0.002507
0.005329,0.015837,-0.004852
0.007318,-0.001266,-0.001782
0.007266,-0.005584,0.002496
0.003327,-0.004562,0.005759
-0.004534,-0.003520,0.006881
-0.009474,0.000736,0.004856
-0.009461,0.006073,0.000713
-0.007515,0.001820,-0.001450
-0.006500,-0.008805,-0.007936
-0.003596,-0.021584,-0.010206
-0.002654,-0.023689,-0.013438
-0.001743,-0.019416,-0.015506
-0.000807,-0.009837,-0.013267
-0.001821,-0.002401,-0.011027
-0.001800,0.001816,-0.006674
0.000207,0.007111,-0.002338
0.004166,0.009268,-0.005519
0.002273,0.006045,-0.002351
0.004267,0.000752,-0.007736
0.005263,-0.001373,-0.007775
0.007239,-0.007771,-0.005751
0.009157,-0.018414,-0.009052
0.012996,-0.022682,-0.008043
0.009032,-0.019466,-0.011194
0.008962,-0.013135,-0.004678
0.005991,-0.001449,-0.000259
0.004031,0.008091,0.004172
0.003102,0.013402,0.006375
0.000218,0.010178,0.008496
0.001199,0.003773,0.009495
0.004105,-0.005790,0.008261
0.006980,-0.012128,0.003856
0.003969,-0.006828,0.007131
0.000961,0.000619,0.009345
0.001901,0.014489,0.007378
-0.004880,0.019776,0.011731
-0.002859,0.020846,0.010688
0.001122,0.005904,0.011613
0.000163,-0.005816,0.011468
0.002062,-0.013190,0.002788
0.002025,-0.014202,-0.002596
0.001960,-0.015197,-0.009066
0.000943,-0.005608,-0.006854
-0.000033,-0.001324,-0.006859
0.000948,-0.003438,-0.006930
0.003858,-0.002401,-0.002657
0.003865,0.002852,0.003878
0.008745,0.009264,0.001813
0.003916,-0.000374,0.006005
-0.001940,-0.002536,0.008151
-0.000030,-0.007866,0.008092
0.000883,-0.015323,0.005903
0.000811,-0.017433,0.003731
0.004644,-0.013123,0.000522
0.009500,0.001866,-0.003665
0.008508,0.007201,-0.002575
0.002677,0.011448,-0.001437
0.000767,0.013497,0.006127
0.003715,0.004914,0.009312
0.003721,0.000607,0.011466
0.002740,-0.000446,0.009330
0.003703,0.000624,0.010380
0.002711,-0.004720,0.010356
0.001651,-0.015399,0.011330
0.002531,-0.018546,0.003842
0.003441,-0.022791,0.003742
0.002393,-0.017399,-0.001588
0.001339,-0.002491,0.001758
0.003328,0.007142,0.000719
0.004338,0.007138,0.001776
0.001433,0.003937,0.002793
0.002450,0.001777,0.004936
0.004398,-0.000398,0.008162
0.005325,-0.003652,0.011406
0.001384,0.000586,0.013612
-0.001581,0.005885,0.014801
-0.002573,0.006944,0.013786
-0.003520,0.000558,0.011598
-0.002571,-0.004786,0.011574
-0.003600,-0.003663,0.005161
-0.004651,-0.010069,0.006162
-0.006639,-0.013201,-0.000320
-0.006713,-0.008961,0.002928
-0.006715,-0.000372,-0.002365
-0.004754,0.004991,-0.005530
-0.001745,0.009315,-0.008777
0.004157,0.010405,-0.009874
0.003214,0.007205,-0.009905
0.002264,-0.003518,-0.003584
-0.001648,-0.009934,-0.000465
-0.000727,-0.007824,0.001707
-0.000762,-0.002437,-0.003612
0.001197,-0.005600,-0.007921
0.005160,-0.004468,-0.013311
0.010093,0.006253,-0.018581
0.015009,0.003033,-0.015420
0.015010,0.000858,-0.010102
0.012071,0.002890,-0.000405
0.010103,0.005985,0.011403
0.008112,0.003758,0.021040
0.009068,0.005826,0.029597
0.007055,0.007941,0.030711
0.007048,0.006917,0.025359
0.007073,0.007019,0.013589
0.005111,0.002783,0.008240
0.005107,-0.005680,0.000653
0.004067,-0.011010,0.000594
0.003062,-0.010994,-0.002584
0.005942,-0.007853,0.002830
0.007847,-0.001517,0.011425
0.008796,0.001643,0.015743
0.005831,0.005805,0.025469
0.007733,0.004632,0.036193
0.007658,-0.000712,0.038262
0.003659,-0.006026,0.037115
-0.000323,-0.004941,0.034985
0.001512,0.005742,0.031907
0.001505,0.013299,0.022330
-0.002358,0.012312,0.013745
-0.004282,0.008048,0.013697
-0.002358,-0.000479,0.014646
-0.006298,-0.005797,0.013509
-0.007335,-0.004681,0.009206
-0.007368,-0.009998,0.008070
-0.007393,-0.008885,0.003777
-0.006473,-0.007822,0.004841
-0.005529,-0.002484,0.003831
-0.005558,-0.003561,0.004896
-0.011445,0.002817,0.006059
-0.012416,0.007097,0.002927
-0.010462,0.003907,0.001825
-0.009472,-0.005668,-0.002515
-0.011446,-0.007792,-0.006743
-0.008529,-0.010932,-0.013203
-0.004606,-0.008757,-0.018521
-0.002641,-0.003404,-0.020614
-0.001614,0.004065,-0.020547
-0.000571,0.002965,-0.017334
-0.000516,0.000795,-0.010983
0.004373,-0.001387,-0.003559
0.009250,0.001798,0.000696
0.004358,0.000714,0.003870
0.001425,0.006061,0.001791
0.000482,0.011426,-0.002423
0.000570,0.007222,-0.012038
0.000635,0.001919,-0.015309
0.004602,-0.000170,-0.019627
0.007590,-0.004376,-0.025053
0.006620,-0.008663,-0.020857
0.007592,-0.008687,-0.015566
0.006553,-0.010871,-0.011272
0.006510,-0.009935,0.002672
0.003544,-0.005654,0.000586
0.004509,0.007105,0.005000
0.006506,0.018841,0.001966
0.003685,0.019932,-0.001224
0.003790,0.011400,-0.001308
0.002817,0.002925,-0.004680
0.001869,-0.013040,-0.009106
0.003769,-0.017297,-0.010218
0.005661,-0.014123,-0.008028
0.004615,-0.004537,-0.007900
0.005616,0.009304,-0.005610
0.009582,0.013493,0.001954
0.009632,0.016653,0.006272
0.009681,0.013434,0.008383
0.009713,0.010180,0.015812
0.011627,-0.003746,0.022113
0.006694,-0.016576,0.024160
0.000720,-0.017679,0.026336
-0.001380,-0.017635,0.018900
-0.004413,-0.013288,0.010365
-0.003459,-0.004666,0.000803
-0.003456,-0.002432,-0.008852
-0.000496,-0.009844,-0.013248
0.002408,-0.014100,-0.012273
0.007258,-0.016219,-0.013376
0.006224,-0.015233,-0.002695
0.009089,-0.005751,0.011300
0.005121,0.004849,0.017850
-0.000789,0.017568,0.025503
-0.004693,0.023930,0.026708
-0.008521,0.021818,0.023495
-0.005532,0.009049,0.017017
-0.004564,-0.005809,0.009357
-0.007517,-0.013183,-0.000367
-0.003676,-0.015239,-0.007910
-0.001762,-0.015147,-0.015471
-0.002788,-0.008688,-0.020793
0.000126,-0.001212,-0.021792
0.004075,0.003001,-0.015338
0.006075,0.001877,-0.011015
0.005112,0.003902,0.000793
0.005149,0.008089,0.009409
0.003241,0.007009,0.010478
0.003251,0.000656,0.005066
0.008142,-0.000325,-0.002487
0.011086,-0.003494,-0.002601
0.015001,-0.014136,-0.004857
0.016862,-0.020543,-0.003856
0.016776,-0.013120,0.000513
0.015725,-0.008974,0.012373
0.010729,-0.004874,0.028537
0.005758,0.005737,0.034012
0.001813,0.015314,0.035209
0.000846,0.009958,0.036264
-0.005067,0.000382,0.034016
-0.007068,-0.004879,0.026458
-0.010099,-0.019716,0.014559
-0.008245,-0.017523,0.009197
-0.006387,-0.006763,-0.000357
-0.008321,0.009313,-0.007725
-0.010201,0.018937,-0.009788
-0.014992,0.021055,-0.007637
-0.010984,0.014602,-0.001283
-0.007035,0.000717,0.000722
-0.008015,-0.005678,-0.000396
-0.007042,-0.005644,-0.005715
-0.006082,-0.002374,-0.016323
-0.003090,-0.003385,-0.022753
-0.002036,-0.007634,-0.024933
0.002844,-0.012994,-0.021778
0.006724,-0.014074,-0.018617
0.009652,-0.008735,-0.015441
0.011606,0.000848,-0.010077
0.015515,0.007216,-0.004703
0.014559,0.009292,0.001744
0.012640,0.008125,0.012451
0.011652,0.005980,0.012462
0.008686,0.001693,0.013519
0.008693,-0.002580,0.011403
0.008666,-0.002563,0.010314
0.006641,-0.011097,0.011281
0.001689,-0.012163,0.012313
-0.001313,-0.008931,0.009123
0.001542,-0.007850,0.007004
-0.000473,-0.002545,0.009219
0.000492,0.002814,0.003977
0.000493,0.013428,0.010490
0.000574,0.018798,0.005217
-0.003308,0.015566,0.008407
-0.003262,0.006959,0.015841
-0.004263,0.000558,0.015782
-0.007239,-0.012250,0.015680
-0.009249,-0.015368,0.007069
-0.006413,-0.016346,-0.002585
-0.004513,-0.014181,-0.005784
-0.001593,-0.002397,-0.011034
0.001365,0.006173,-0.015234
0.000462,0.002978,-0.015276
-0.000448,0.002950,-0.011020
0.001546,0.001850,-0.006761
0.004501,-0.002474,0.000669
0.004451,-0.004642,0.004924
0.004429,-0.005740,0.008131
0.005357,-0.001452,0.003933
0.002401,0.002854,-0.001360
0.001473,0.006089,-0.005603
0.002491,0.007169,-0.006673
0.006431,0.005033,-0.005641
0.008388,-0.003531,-0.001459
0.003472,-0.006797,0.006005
-0.000504,-0.002598,0.012496
-0.003491,0.002686,0.017903
-0.006445,0.004834,0.014750
-0.006448,0.019758,0.017009
-0.005451,0.001772,-0.001327
0.002376,0.010330,-0.003403
-0.011148,0.010388,-0.012967
-0.006322,-0.007795,-0.005689
-0.009131,0.007195,-0.011967
-0.007166,0.008276,-0.013043
0.000697,-0.004470,-0.017489
0.003749,-0.002244,-0.027122
0.010597,-0.002231,-0.025066
0.011629,-0.001137,-0.028263
0.012646,-0.004390,-0.025018
0.011691,-0.002326,-0.017494
0.012706,0.006134,-0.007809
0.011749,0.006080,-0.001394
0.011753,-0.002531,0.008140
0.010766,-0.007910,0.012390
0.006765,-0.006862,0.015587
0.002812,-0.003619,0.010274
0.003739,0.004970,0.003937
0.002789,0.010384,-0.005635
-0.000076,0.006132,-0.007805
0.000915,0.008197,-0.000284
-0.000023,0.005983,0.007225
-0.001023,0.001662,0.012555
-0.006888,0.000611,0.009368
-0.005920,0.007018,0.008365
-0.001008,0.007090,0.000857
0.001941,0.009281,-0.004504
0.001001,0.010380,-0.006669
0.003006,0.007170,-0.004584
-0.001876,-0.003518,-0.004629
-0.003838,-0.011023,-0.000415
-0.000948,-0.009956,-0.000407
0.008785,-0.006738,-0.002515
0.009760,-0.003526,-0.002518
0.007829,0.005038,-0.005652
0.007861,0.015622,0.006168
0.005935,0.004920,0.009296
0.002038,-0.002573,0.013477
0.001005,-0.011123,0.012394
0.001907,-0.013190,0.006971
0.004803,-0.014155,-0.003764
0.003805,-0.006618,-0.011197
0.006756,-0.002333,-0.011200
0.005752,-0.003427,-0.008003
0.000844,-0.007759,-0.001599
-0.001156,0.000694,0.006012
0.002732,0.005984,0.009313
0.003718,0.009183,0.009347
0.003770,0.012374,0.010447
0.007687,0.014482,0.013670
0.006694,0.009068,0.022196
0.001807,0.000539,0.022103
-0.001168,-0.002662,0.022075
0.000719,0.004894,0.011455
-0.002227,0.006002,0.007175
-0.003158,0.008139,0.006140
-0.004131,-0.006773,0.003850
-0.001222,0.001766,0.001824
-0.001182,0.006098,-0.005624
0.001753,0.001807,-0.003511
0.002792,0.003940,-0.001397
-0.001094,0.008233,-0.002469
0.001868,0.003927,0.001772
0.003826,0.006029,0.005013
0.001878,0.001753,0.004996
-0.003001,-0.002492,0.002807
-0.001068,-0.008897,0.003805
0.000872,-0.008835,-0.003676
0.000847,-0.004578,-0.001518
-0.000139,-0.004543,-0.005793
-0.000177,0.002891,-0.003547
-0.000164,0.013525,-0.000222
-0.004042,0.018808,0.004145
-0.006918,0.016635,0.008412
-0.007830,0.011326,0.005159
-0.004854,0.007093,0.001892
0.001043,0.000762,-0.005667
0.004998,-0.002344,-0.015356
0.006988,-0.004496,-0.013235
0.007944,-0.005559,-0.014303
0.003998,0.002917,-0.007796
0.002023,0.007120,-0.001315
-0.001873,0.016634,0.007369
-0.000832,0.020890,0.007438
0.001201,0.017667,0.009558
0.003228,0.012373,0.006265
0.004258,0.003881,0.001895
0.009187,-0.004583,-0.005689
0.010202,-0.009853,-0.012179
0.011176,-0.019432,-0.014418
0.015982,-0.019417,-0.014456
0.015898,-0.019468,-0.007002
0.018762,-0.012084,0.002696
0.018687,-0.001496,0.012415
0.017680,0.005899,0.022087
0.011778,0.007942,0.030707
0.007809,0.011071,0.037198
0.004832,0.011061,0.035133
0.000918,0.005776,0.029726
0.000890,0.002630,0.023280
0.002790,0.004813,0.018989
-0.001162,0.002698,0.015784
-0.006074,0.000573,0.013650
-0.009064,-0.004757,0.013591
-0.010097,-0.005857,0.017850
-0.010178,-0.004772,0.013628
-0.011195,-0.005787,0.007208
-0.012186,-0.002551,0.004009
-0.007293,0.000691,-0.000255
-0.004353,-0.000314,-0.006702
-0.002368,-0.001368,-0.006744
-0.001410,-0.005585,-0.011097
-0.000434,-0.007732,-0.007943
0.000539,-0.007729,-0.007952
0.009331,-0.006697,-0.003670
0.012257,-0.003514,-0.002549
0.014217,-0.002486,0.002791
0.014199,0.001729,0.010287
0.015145,-0.000435,0.014532
0.012195,-0.002624,0.019886
0.009193,-0.001584,0.021010
0.008159,0.002621,0.026441
