-0.000887,0.001505,-0.017419
-0.000960,-0.015369,-0.036562
-0.001056,-0.021805,-0.032249
-0.005064,-0.019644,-0.032105
-0.010006,0.007018,-0.028510
-0.001222,0.041094,-0.019557
0.002733,0.052825,-0.018310
0.000931,0.076225,-0.010705
0.002161,0.081582,-0.013973
0.005305,0.070912,-0.015245
0.007423,0.047345,-0.007038
-0.000226,0.059955,0.013316
-0.006830,0.100452,0.021374
0.001297,0.141130,0.011388
0.003733,0.194744,-0.012411
-0.001495,0.244139,-0.042779
-0.018500,0.297792,-0.072042
-0.025159,0.318319,-0.096178
-0.021809,0.294912,-0.102694
-0.035101,0.267078,-0.094490
-0.044267,0.235959,-0.076626
-0.037577,0.162158,-0.059073
-0.051069,0.092598,-0.039444
-0.063778,0.073168,-0.017303
-0.067053,0.079431,-0.003482
-0.064348,0.110594,-0.021991
-0.061530,0.179174,-0.034525
-0.017782,0.287357,0.039356
-0.040792,0.315414,0.095761
-0.078013,0.249338,0.078313
-0.075244,0.168549,0.150602
-0.063813,0.114059,0.155259
-0.073964,0.082063,0.152809
-0.064821,0.051992,0.172852
-0.058684,0.023921,0.206798
-0.056308,0.009794,0.233361
-0.052934,0.008479,0.258806
-0.043790,0.010690,0.250233
-0.045363,0.009813,0.229977
-0.050796,0.036687,0.209968
-0.057093,0.060295,0.196269
-0.073142,0.084948,0.184708
-0.084321,0.130788,0.189276
-0.098335,0.188341,0.197234
-0.098535,0.253373,0.204204
-0.099539,0.306688,0.208935
-0.094594,0.348401,0.199735
-0.087692,0.353853,0.188104
-0.087669,0.331497,0.182610
-0.091651,0.295223,0.181212
-0.104468,0.269605,0.180905
-0.107547,0.270695,0.177607
-0.106756,0.286624,0.185111
-0.101067,0.323880,0.195014
-0.104068,0.366484,0.203915
-0.115707,0.422952,0.212828
-0.116493,0.483535,0.236584
-0.120100,0.535512,0.267761
-0.123618,0.593754,0.312823
-0.121202,0.643382,0.366387
-0.106091,0.666313,0.421840
-0.083252,0.651904,0.475920
-0.072200,0.610935,0.516953
-0.063194,0.548708,0.549262
-0.038788,0.449152,0.579080
-0.038038,0.323844,0.622462
-0.040490,0.212511,0.656484
-0.045080,0.118296,0.686447
-0.044000,0.062688,0.697612
-0.043056,0.042208,0.717566
-0.043187,0.042098,0.728156
-0.042392,0.070944,0.725252
-0.026941,0.127568,0.719408
-0.010365,0.167227,0.701639
-0.005411,0.191956,0.681466
-0.003299,0.198423,0.672757
-0.010929,0.195196,0.672461
-0.022501,0.181332,0.670051
-0.035083,0.164124,0.683680
-0.031213,0.141473,0.707942
-0.026515,0.097482,0.732068
-0.024819,0.074933,0.746844
-0.003691,0.087759,0.746005
0.021404,0.103998,0.723967
0.027069,0.124647,0.687016
0.015280,0.179335,0.660939
0.009450,0.249847,0.653053
0.011467,0.314858,0.662123
0.014535,0.377709,0.674412
0.013717,0.437483,0.675121
0.012898,0.484577,0.663001
0.030533,0.510433,0.640021
0.051995,0.509642,0.613569
0.062729,0.501371,0.586962
0.076341,0.458963,0.557846
0.078170,0.415432,0.533949
0.082841,0.391040,0.517702
0.092321,0.349714,0.487547
0.093958,0.328735,0.451236
0.093667,0.347506,0.388809
0.083679,0.387564,0.331896
0.078579,0.454019,0.303903
0.077439,0.521315,0.299365
0.081231,0.589675,0.295987
0.082151,0.635703,0.285036
0.081134,0.653887,0.283349
0.084945,0.638026,0.270677
0.080848,0.605914,0.281118
0.084455,0.580229,0.288364
0.087994,0.533270,0.287892
0.083716,0.472473,0.282958
0.080391,0.419102,0.282305
0.094569,0.389335,0.269118
0.109735,0.334102,0.241990
0.087895,0.294854,0.218267
0.072890,0.264085,0.199918
0.061792,0.227899,0.188917
0.052652,0.195900,0.186425
0.039612,0.190529,0.189484
0.035297,0.227931,0.184492
0.030960,0.305851,0.183058
0.020751,0.426363,0.191552
0.017203,0.569370,0.191747
0.028222,0.706921,0.203538
0.040139,0.769942,0.197645
0.035443,0.734727,0.196138
0.038505,0.643854,0.211171
0.056099,0.502798,0.228997
0.058144,0.328706,0.242354
0.062220,0.180393,0.240094
0.050803,0.072644,0.237127
0.031594,0.050305,0.230655
0.026938,0.094064,0.231085
0.021270,0.183682,0.233990
0.029187,0.289411,0.226425
0.043871,0.383410,0.217648
0.046871,0.446481,0.206458
0.043022,0.460359,0.204256
0.034293,0.419726,0.210047
0.028451,0.349134,0.224120
0.027523,0.256247,0.227462
0.020854,0.177285,0.225642
0.020107,0.131458,0.218820
0.020356,0.108170,0.199475
0.028438,0.124374,0.179422
0.036628,0.127963,0.140117
0.030243,0.102645,0.110158
0.022870,0.064287,0.104594
0.006723,0.050244,0.123805
0.002166,0.089517,0.146590
0.013046,0.167323,0.156834
0.022875,0.260296,0.143789
0.044348,0.342760,0.114700
0.060951,0.357053,0.072298
0.068923,0.315851,0.030605
0.074192,0.229619,0.010932
0.079626,0.146328,0.017888
0.082274,0.101368,0.033661
0.078135,0.112983,0.047715
0.073916,0.161061,0.042885
0.074538,0.215553,0.035865
0.077959,0.267896,0.029831
0.079367,0.299959,0.024736
0.072983,0.319170,0.023745
0.066645,0.306471,0.013009
0.063263,0.299970,0.023660
0.064721,0.279493,0.043656
0.054526,0.244142,0.055977
0.056045,0.215171,0.069276
0.063354,0.176830,0.059136
0.067823,0.131102,0.041592
0.056710,0.110908,0.032886
0.044657,0.126947,0.029814
0.040333,0.160014,0.031116
0.033009,0.187763,0.030228
0.033441,0.205998,0.020817
0.034772,0.207095,0.017623
0.037077,0.181512,0.015360
0.044211,0.129045,0.032975
0.055331,0.067101,0.037781
0.065631,0.009564,0.028859
0.060452,-0.017024,0.020201
0.057245,0.009720,0.014095
0.066695,0.050316,0.010233
0.071221,0.080225,0.007276
0.073802,0.071745,0.001945
0.054966,0.053570,0.006099
0.032250,0.019268,0.021785
0.026123,-0.009724,0.039648
0.035634,-0.037426,0.036375
0.033546,-0.061847,0.025694
0.022830,-0.088381,0.011737
0.031633,-0.121515,0.016760
0.033707,-0.164128,0.008926
0.025224,-0.201320,-0.007350
0.014852,-0.192722,-0.013676
0.008320,-0.146721,-0.026138
-0.006028,-0.076204,-0.035197
-0.006925,0.020856,-0.030230
-0.007985,0.104043,-0.025335
-0.009151,0.157447,-0.030208
0.001310,0.155173,-0.016454
0.014738,0.079342,-0.010771
0.027349,-0.039093,-0.012797
0.027525,-0.163875,-0.020164
0.012277,-0.239571,-0.027109
-0.004850,-0.230027,-0.020625
-0.016208,-0.142493,-0.023085
-0.025754,-0.007855,-0.041090
-0.023787,0.128898,-0.057005
-0.017200,0.221773,-0.059463
-0.015579,0.222870,-0.062664
-0.024633,0.149109,-0.050518
-0.019016,0.046301,-0.014160
-0.016149,-0.045673,0.005239
-0.010234,-0.096002,0.021729
0.003482,-0.100372,0.031150
0.004427,-0.060925,0.034615
-0.006380,0.004161,0.036301
-0.008546,0.063913,0.037926
-0.001994,0.088489,0.036100
0.009401,0.087402,0.038233
0.016913,0.070408,0.029555
0.012834,0.048184,0.010192
0.009776,0.032232,0.003612
0.007745,0.025943,-0.008150
0.005726,0.032298,-0.003926
0.006574,0.056835,-0.003802
0.022023,0.068669,-0.013291
0.025724,0.065417,-0.007986
0.026487,0.069586,0.002780
0.027243,0.051353,0.012232
0.020207,0.005335,0.025608
0.016134,-0.041779,0.041113
0.017944,-0.080301,0.051430
0.014964,-0.103795,0.053402
0.014920,-0.104820,0.049171
0.018788,-0.084457,0.040887
0.023611,-0.043746,0.025326
0.026451,0.008757,0.004570
0.028331,0.055927,-0.016184
0.036048,0.082803,-0.034966
0.041854,0.077604,-0.047684
0.037008,0.053106,-0.052101
0.035147,0.008309,-0.054593
0.034303,-0.035545,-0.044303
0.028634,-0.048371,-0.042265
0.021939,-0.026091,-0.029365
0.018110,0.003738,-0.024950
0.023951,0.021859,-0.023855
0.029776,0.019799,-0.031315
0.017138,0.002741,-0.032455
0.007420,-0.007001,-0.018718
0.007446,-0.012298,-0.023064
0.009495,-0.029211,-0.040307
0.017502,-0.061039,-0.059768
0.016745,-0.068469,-0.062990
0.009145,-0.051414,-0.060685
0.002488,-0.010781,-0.068803
-0.004184,0.028777,-0.075885
-0.006030,0.056505,-0.074665
-0.008893,0.066073,-0.071453
-0.005955,0.055326,-0.064134
-0.009882,0.022111,-0.050581
-0.014730,-0.014373,-0.030704
-0.011716,-0.049704,-0.019319
-0.008649,-0.075344,-0.016347
-0.006499,-0.083819,-0.022815
-0.003413,-0.071023,-0.021643
-0.004284,-0.037929,-0.022380
-0.012017,0.010111,-0.024118
-0.006137,0.053845,-0.022771
-0.002301,0.069869,-0.024816
-0.007227,0.065580,-0.022710
-0.007293,0.053738,-0.012161
-0.003439,0.029142,-0.007064
-0.001534,-0.005144,0.005295
-0.005406,-0.045697,0.004913
-0.016092,-0.060802,0.021786
-0.019038,-0.061985,0.033461
-0.013245,-0.048165,0.038887
-0.011412,-0.014092,0.046605
-0.010628,0.036116,0.041710
-0.003040,0.058557,0.038723
0.003527,0.047860,0.040760
0.007218,0.013782,0.034172
0.010036,-0.002216,0.034122
0.014853,-0.022397,0.025582
0.013860,-0.025626,0.028799
0.013814,-0.004255,0.025761
0.011815,0.022473,0.020626
0.012695,0.038500,0.018623
0.012576,0.042878,0.008071
0.012478,0.040775,0.004862
0.010384,0.041786,0.010178
0.010227,0.048158,0.013430
0.012994,0.040732,0.009142
0.017795,0.010918,0.002536
0.024588,-0.031817,0.007531
0.033376,-0.074603,0.017837
0.032399,-0.099171,0.020874
0.018784,-0.092737,0.017733
0.002266,-0.052150,0.013760
-0.004552,-0.013698,0.009754
-0.005556,0.019499,-0.001656
0.002209,0.038804,-0.011030
0.009908,0.032351,-0.005711
0.000014,0.025833,0.005939
-0.006899,0.018369,0.004758
-0.007898,-0.002956,0.002408
-0.004951,-0.030688,0.001139
-0.001941,-0.047701,-0.004218
-0.000871,-0.049803,-0.006284
-0.004746,-0.033816,-0.004002
-0.004787,0.004596,-0.003679
-0.001913,0.043031,-0.005507
-0.003926,0.060029,0.002034
0.004722,0.059900,0.014745
0.010433,0.025698,0.019809
0.004569,-0.025496,0.017323
-0.003211,-0.054384,0.025619
-0.014885,-0.061878,0.027635
-0.032370,-0.045711,0.010709
-0.038182,-0.011507,0.004538
-0.037261,0.036514,0.004908
-0.036443,0.079090,0.015856
-0.025997,0.102438,0.028772
-0.012722,0.101168,0.048915
-0.016000,0.071146,0.062434
-0.017298,0.026156,0.079019
-0.013705,-0.023083,0.093452
-0.012990,-0.061597,0.102637
-0.011237,-0.065824,0.098321
-0.008460,-0.050769,0.086752
-0.009586,-0.020826,0.080626
-0.001076,0.022937,0.079947
0.007363,0.071022,0.073979
0.007001,0.106341,0.063642
0.011460,0.120175,0.066913
0.017888,0.102020,0.067774
0.014647,0.069013,0.060030
0.014379,0.026273,0.064942
0.014145,-0.009012,0.072109
0.011991,-0.033562,0.073018
0.014728,-0.041051,0.075131
0.009651,-0.017475,0.065835
0.002651,0.009330,0.053309
0.004369,0.037106,0.050361
0.006018,0.073424,0.047494
0.009598,0.098041,0.040260
0.015100,0.100119,0.045535
0.017651,0.077664,0.049549
0.021233,0.055245,0.050456
0.018057,0.032807,0.053499
0.017823,0.016774,0.055455
0.012770,-0.001264,0.044638
0.011650,-0.004409,0.039304
0.016376,0.008442,0.035213
0.021063,0.030906,0.030167
0.026728,0.042751,0.019660
0.028506,0.048130,0.015426
0.028376,0.049258,0.009021
0.025304,0.046011,0.013217
0.013432,0.052339,0.020707
0.014288,0.055633,0.011137
0.026897,0.023692,0.003403
0.028808,-0.018978,0.001982
0.026881,-0.047895,0.012375
0.027874,-0.038263,0.009270
0.020045,-0.008356,0.006286
0.009286,0.032226,0.002244
0.013090,0.072866,-0.007034
0.017844,0.085723,-0.012255
0.021578,0.080336,-0.006976
0.030217,0.054704,-0.005078
0.035024,0.001306,-0.001279
0.026252,-0.055353,0.008899
0.012688,-0.088452,0.010774
0.006930,-0.084231,0.015000
0.003105,-0.066002,0.005498
0.002163,-0.033951,0.001486
-0.005676,0.010912,-0.002346
-0.006718,0.044028,-0.005219
0.001935,0.048331,-0.008331
0.002824,0.032343,-0.009456
0.005741,0.003534,-0.009652
0.018449,-0.038065,-0.010973
0.023418,-0.072159,-0.015363
0.023560,-0.069982,-0.018381
0.012994,-0.051856,-0.016018
-0.005429,0.004724,-0.017667
-0.011243,0.059245,-0.027920
-0.013199,0.080632,-0.033106
-0.011302,0.069858,-0.022541
-0.007450,0.046331,-0.017364
-0.004513,0.006872,-0.019796
-0.004448,-0.032591,-0.022249
-0.010205,-0.040114,-0.017002
-0.011069,-0.014574,-0.009395
-0.007169,0.015258,-0.004953
-0.007176,0.026960,-0.001715
-0.006234,0.035424,0.005807
-0.005339,0.027877,0.013148
-0.004476,0.018172,0.022544
0.000285,0.000056,0.019120
-0.000729,-0.029801,0.016750
-0.000707,-0.054386,0.020801
0.000280,-0.058663,0.021852
0.006175,-0.052165,0.012317
0.012027,-0.016882,0.005107
0.010069,0.022624,0.002194
0.006111,0.035449,0.000150
0.004064,0.035359,0.009753
0.002008,0.026838,0.008680
-0.003843,0.008775,-0.000021
-0.002842,-0.018965,-0.001387
0.004043,-0.041365,-0.002636
0.011901,-0.047751,-0.003684
0.016829,-0.027470,-0.003466
0.011985,0.000315,-0.007502
0.008090,0.027026,-0.010481
0.008080,0.056993,-0.018680
0.011928,0.087003,-0.031110
0.012842,0.105184,-0.035237
0.008863,0.099901,-0.041731
0.005889,0.070990,-0.032468
0.012680,0.020687,-0.018046
0.018578,-0.047737,-0.004711
0.011843,-0.100237,0.017259
0.010004,-0.118468,0.026739
0.005205,-0.093954,0.030136
0.002315,-0.051101,0.013498
0.003318,-0.008257,-0.002051
0.002356,0.020676,-0.013436
0.000402,0.060247,-0.021537
-0.000621,0.086963,-0.025617
-0.004613,0.096621,-0.032045
-0.008585,0.080615,-0.033378
-0.011531,0.049546,-0.021989
0.004018,0.030222,-0.010458
0.008903,-0.013501,-0.012908
0.005089,-0.049875,-0.003621
0.010030,-0.069137,0.002759
0.011115,-0.068047,0.001859
0.009277,-0.048718,-0.009617
0.005508,-0.016559,-0.024233
0.005614,0.010113,-0.024061
0.008596,0.023959,-0.021887
0.003739,0.030341,-0.019731
-0.000211,0.051550,-0.006882
-0.004207,0.063240,-0.002604
-0.006280,0.054583,0.008958
-0.001525,0.030002,0.013035
0.004261,-0.007394,0.018104
0.005214,-0.049002,0.017851
0.007194,-0.075726,0.023020
0.008178,-0.078959,0.026217
0.004327,-0.067085,0.012485
0.004411,-0.044598,0.004103
0.011266,-0.018948,0.000041
0.006421,-0.005009,-0.006190
0.011322,0.007851,-0.011369
0.009376,0.018555,-0.014438
0.009347,0.028104,-0.009063
0.009300,0.036677,-0.012222
0.014147,0.033495,-0.014400
0.012197,0.011016,-0.008178
0.008310,-0.010376,-0.003004
0.012268,-0.021017,-0.005166
0.009401,-0.040258,-0.002164
0.000710,-0.053078,-0.001228
-0.004054,-0.046653,-0.003280
-0.002986,-0.035896,-0.011661
-0.001923,-0.012368,-0.016789
0.003976,0.014336,-0.019836
-0.000891,0.027126,-0.018725
0.000019,0.045204,-0.012223
0.004817,0.054789,-0.009996
0.008684,0.043035,-0.009064
0.007690,0.011981,0.001262
0.006687,-0.016936,0.011662
0.007644,-0.032906,0.008401
0.003794,-0.048858,0.002991
0.001913,-0.058482,0.005043
-0.002896,-0.045687,0.006195
-0.007747,-0.029682,0.006314
0.002013,-0.015729,-0.002094
0.003988,-0.006135,-0.000942
0.007908,-0.001751,-0.012604
0.010863,-0.007093,-0.011534
0.012785,-0.001867,0.000217
0.007900,0.008816,-0.000744
-0.001847,0.018404,0.000353
-0.005758,0.014089,0.004504
-0.003834,-0.013728,0.010595
0.000088,-0.055372,0.013497
-0.000825,-0.078812,0.011307
0.003146,-0.073429,0.007172
0.005194,-0.047736,-0.001148
0.003302,-0.004972,-0.009346
0.004288,0.033442,-0.009052
0.009105,0.051641,-0.014137
0.009051,0.061320,-0.021416
0.005163,0.047434,-0.020518
0.008108,0.020667,-0.012325
0.009084,-0.018912,-0.003107
0.010113,-0.037037,-0.004272
0.009248,-0.042369,-0.004277
0.005406,-0.032814,-0.000025
0.002499,-0.017877,0.000064
-0.000416,0.000295,-0.002975
0.002496,0.006692,-0.001796
0.005383,0.000312,-0.003953
0.007376,-0.019944,-0.006272
0.002571,-0.039205,-0.001128
-0.002269,-0.046745,0.006289
-0.001293,-0.026511,0.010717
0.004577,-0.016826,0.002264
0.006551,-0.013577,-0.003046
0.002685,-0.002874,-0.006143
0.003693,0.001377,-0.003964
0.005652,-0.002902,-0.002933
0.001767,-0.006065,-0.007225
0.001823,-0.011336,-0.013631
-0.003013,-0.015633,-0.010429
-0.006896,-0.006103,-0.002918
-0.002023,0.005663,-0.006068
0.000930,0.001383,-0.005052
0.007748,-0.010367,-0.002972
0.006809,-0.019985,-0.000837
0.002966,-0.019991,-0.000848
0.002993,-0.008226,-0.003991
0.000119,-0.014603,-0.007349
0.002134,-0.018862,-0.008461
0.002156,-0.011419,-0.005158
0.003157,-0.003958,-0.004018
0.004135,0.017356,-0.001757
0.007031,0.029136,-0.005919
0.004112,0.021725,-0.011213
0.005090,0.010963,-0.001688
0.002139,-0.007259,0.006661
-0.002716,-0.029608,0.000058
0.000276,-0.042441,0.001999
0.006133,-0.042572,0.014697
0.003162,-0.028768,0.021150
0.005046,0.008536,0.025686
0.010789,0.023561,0.017272
0.011710,0.015119,0.007641
0.013664,-0.022244,0.008370
0.015657,-0.071270,0.002747
0.018690,-0.100007,-0.003775
0.010077,-0.094588,-0.012237
0.000492,-0.056066,-0.023683
-0.004279,0.003792,-0.033875
-0.007161,0.071107,-0.041804
0.002584,0.118114,-0.046699
0.004508,0.120269,-0.048781
-0.000383,0.089207,-0.037359
0.007427,0.035724,-0.025051
0.010413,-0.024104,-0.018077
0.003752,-0.060373,-0.019421
0.004923,-0.065696,-0.020514
-0.000746,-0.036850,-0.023454
-0.014272,0.010108,-0.024195
-0.009351,0.042136,-0.026141
-0.001580,0.047438,-0.022925
-0.002590,0.040984,-0.017584
-0.001634,0.034469,-0.005907
0.004159,0.020562,-0.002859
0.009027,-0.002884,-0.006267
0.005155,-0.028513,-0.004370
0.000320,-0.041366,0.000899
-0.006485,-0.031814,0.006323
-0.011384,-0.005160,0.008636
-0.006552,0.021500,0.009834
0.000217,0.030091,0.004617
-0.000821,0.019388,0.008892
0.003030,-0.006194,0.006636
0.006955,-0.044551,0.001085
0.008976,-0.070125,-0.002259
0.010074,-0.069043,-0.003227
0.001408,-0.034818,-0.010328
-0.000473,0.023927,-0.015148
-0.003430,0.083704,-0.016790
-0.007454,0.114560,-0.008065
-0.003688,0.113459,-0.004912
-0.001892,0.061071,0.004145
0.002914,-0.015882,0.015118
0.006805,-0.090727,0.029332
0.005881,-0.124996,0.041849
0.003052,-0.113181,0.034531
0.005057,-0.068325,0.030596
0.005051,-0.021277,0.020272
0.004988,0.022668,0.001570
0.013698,0.046308,-0.014113
0.016579,0.052763,-0.019369
0.009761,0.044225,-0.019486
0.003921,0.033471,-0.012256
0.003919,0.014170,-0.004004
0.004849,-0.007365,0.014894
0.011569,-0.020266,0.024345
0.016359,-0.034150,0.025278
0.013408,-0.037307,0.020998
0.015320,-0.031970,0.021065
0.014355,-0.023299,0.008463
0.019278,-0.026371,-0.004276
0.020357,-0.037917,-0.023420
0.015661,-0.045309,-0.030871
0.018762,-0.031355,-0.038094
0.017946,-0.003505,-0.048482
0.013270,0.032941,-0.065246
0.011466,0.066043,-0.068278
0.007669,0.082045,-0.068229
0.008710,0.085172,-0.060774
0.010696,0.078738,-0.057612
0.010781,0.048802,-0.052609
0.009937,0.018856,-0.046539
0.005199,-0.018577,-0.038349
0.002420,-0.053907,-0.026923
0.000663,-0.074147,-0.030234
0.002823,-0.071962,-0.035555
-0.001837,-0.047379,-0.039633
-0.006557,-0.016443,-0.038338
-0.009373,0.019786,-0.032716
-0.003486,0.038963,-0.029329
0.003379,0.033620,-0.028267
0.003419,0.015441,-0.024112
0.008374,-0.014461,-0.022271
0.006560,-0.048586,-0.024685
-0.003982,-0.072081,-0.022727
-0.016477,-0.067873,-0.016296
-0.015357,-0.032655,-0.015940
-0.006501,0.013293,-0.021890
-0.001580,0.038970,-0.028004
0.006247,0.041121,-0.029021
0.011154,0.015441,-0.021741
-0.001438,-0.010214,-0.017735
-0.008200,-0.027400,-0.007350
0.000626,-0.022086,-0.006395
0.001665,-0.015625,-0.012781
0.002671,0.000329,-0.007336
0.005584,0.013106,-0.004000
0.007530,0.012096,-0.009280
0.006586,-0.005958,-0.017906
0.006649,-0.030551,-0.012732
0.003800,-0.057298,-0.005461
-0.002913,-0.064779,-0.004437
0.001152,-0.065698,-0.019321
-0.001627,-0.053983,-0.017096
-0.002487,-0.026281,-0.012617
-0.001458,0.010002,-0.012328
-0.006336,0.033484,-0.013261
-0.007324,0.047352,-0.013188
-0.001509,0.045176,-0.008955
0.003366,0.023835,-0.009107
0.005353,-0.014599,-0.007272
0.006395,-0.049796,-0.009729
0.006539,-0.065740,-0.016242
-0.004053,-0.057212,-0.015107
-0.010774,-0.014562,-0.011585
-0.005879,0.030214,-0.006992
-0.001049,0.055823,-0.006796
0.002805,0.058998,-0.003559
0.008561,0.030115,0.003672
0.005611,-0.020094,0.008568
0.000805,-0.062728,0.002862
0.000924,-0.086208,0.002594
-0.000893,-0.079801,0.001506
0.002107,-0.043497,-0.001413
0.005047,0.001362,-0.005314
0.004036,0.036649,-0.012476
0.006915,0.064396,-0.012213
0.010749,0.065487,-0.014326
0.006799,0.038735,-0.007132
0.008734,-0.009317,-0.004362
0.016575,-0.054117,-0.005704
0.013828,-0.088259,-0.005912
0.008132,-0.088332,0.001536
0.004324,-0.064869,0.002761
0.005392,-0.036990,-0.010845
0.006507,-0.033617,-0.027787
-0.001211,-0.009124,-0.022240
-0.001203,0.031385,-0.018777
0.000753,0.062344,-0.020747
0.006586,0.054921,-0.026221
0.002689,0.022877,-0.023290
0.006605,-0.002825,-0.012774
0.012499,-0.023130,-0.009741
0.005752,-0.034895,-0.007790
0.006823,-0.040138,-0.017421
0.011867,-0.057159,-0.022803
0.011072,-0.065634,-0.028072
0.006349,-0.039993,-0.029902
0.009419,-0.006861,-0.034946
0.008600,0.015626,-0.043286
0.008733,0.024186,-0.045312
0.003005,0.019896,-0.042078
-0.000791,0.012399,-0.038891
0.002255,0.010260,-0.038950
0.012145,0.006017,-0.042254
0.013219,-0.001506,-0.037035
0.007483,0.001631,-0.030641
0.009503,0.005970,-0.038065
0.002775,0.015622,-0.043355
-0.004916,0.027383,-0.045403
-0.001936,0.034823,-0.042127
0.001047,0.021972,-0.036837
0.000146,0.005952,-0.034738
0.001243,-0.015430,-0.030631
0.000433,-0.035779,-0.023367
-0.000413,-0.060396,-0.016134
-0.005124,-0.075345,-0.015176
-0.001078,-0.081779,-0.012013
-0.005836,-0.064716,-0.010810
-0.016439,-0.030589,-0.008418
-0.013488,0.008836,-0.002852
-0.003813,0.026957,-0.001707
-0.000964,0.025850,0.002555
-0.003000,0.015070,0.014237
-0.003030,-0.010559,0.016176
-0.006892,-0.044738,0.019089
0.000004,-0.073461,0.010405
0.005977,-0.100036,0.000691
0.006167,-0.101081,-0.001419
0.004395,-0.077515,-0.010860
0.004512,-0.030463,-0.021164
0.005578,0.028372,-0.035595
0.000762,0.078669,-0.050094
0.000775,0.117018,-0.043462
0.008525,0.122317,-0.040295
0.009433,0.088082,-0.032077
0.005528,0.037799,-0.019789
0.006504,-0.029621,-0.001272
0.006585,-0.092589,-0.000712
-0.000096,-0.118174,-0.003017
-0.004805,-0.102187,-0.000734
-0.004674,-0.065846,-0.005696
-0.002650,-0.017756,-0.011566
0.008117,0.025019,-0.019626
0.013041,0.035754,-0.025899
0.000428,0.021865,-0.025007
-0.002433,0.012235,-0.023024
0.002514,-0.005859,-0.028556
-0.001252,-0.010065,-0.034980
-0.000149,0.004853,-0.032756
-0.000108,0.029357,-0.028263
-0.007899,0.056005,-0.024812
-0.011833,0.079399,-0.016091
-0.003116,0.063393,-0.016232
-0.001165,0.009969,-0.009174
-0.000147,-0.045601,-0.001094
0.000939,-0.092615,0.004917
0.001060,-0.111933,0.015347
0.002137,-0.099094,0.012289
-0.002633,-0.054178,0.003117
-0.000636,0.001368,-0.002875
-0.004558,0.041958,-0.006842
-0.004628,0.059054,-0.008801
0.002143,0.054842,-0.014094
-0.002771,0.030244,-0.009003
-0.001818,0.009880,-0.000734
0.000137,-0.014763,0.008566
0.003091,-0.040392,0.010485
0.004106,-0.058540,0.011443
0.008102,-0.065931,0.004020
0.005257,-0.059524,0.004124
-0.001524,-0.022141,0.000139
-0.004434,0.024869,-0.005914
0.000402,0.058009,-0.012089
-0.002590,0.065531,-0.017343
0.002220,0.061221,-0.013115
0.012892,0.036612,-0.006977
0.014807,0.001430,-0.010497
0.011917,-0.019909,-0.010642
0.009062,-0.025178,-0.016998
0.002328,-0.023032,-0.018020
-0.001503,-0.001655,-0.020975
0.002453,0.016477,-0.019741
0.001506,0.029228,-0.014338
0.007335,0.022736,-0.005955
0.011236,0.004595,-0.006127
0.007356,-0.016734,-0.007333
0.003541,-0.030582,-0.009535
0.004591,-0.029535,-0.007397
0.005614,-0.019849,-0.015814
0.003779,-0.012206,-0.032697
-0.001954,-0.002629,-0.029368
-0.000889,0.004814,-0.026058
0.000159,0.009094,-0.027053
-0.006601,0.011183,-0.022818
-0.004608,0.013238,-0.015442
-0.003613,0.009930,-0.004860
-0.009462,0.013125,-0.003765
-0.003646,0.018425,-0.000577
-0.006649,0.024770,0.004793
-0.013548,0.032205,0.008007
-0.009719,0.021495,0.012149
-0.001959,-0.008391,0.013011
0.002923,-0.046793,0.011677
0.002009,-0.067032,0.008373
0.005017,-0.066988,0.004142
0.003150,-0.052007,0.000008
0.002256,-0.020931,-0.012454
0.000378,0.017523,-0.015232
-0.006446,0.053792,-0.013825
-0.014290,0.081501,-0.010462
-0.012430,0.075061,-0.007447
-0.009608,0.050404,0.002865
-0.006759,0.020426,0.012154
-0.002925,-0.022387,0.024521
0.002858,-0.052416,0.039128
-0.001070,-0.075880,0.037890
-0.002028,-0.074765,0.033681
0.000885,-0.065169,0.034854
-0.004984,-0.044884,0.033942
-0.004076,0.001043,0.030078
0.004629,0.027928,0.009044
0.003603,0.023687,0.005768
0.002531,0.013980,0.016293
0.003410,0.012881,0.019467
0.005305,0.016160,0.010952
0.012073,0.020403,0.013049
0.010025,0.018226,0.017253
0.010918,0.009744,0.011901
0.012836,-0.006214,0.007587
0.007964,-0.021136,0.006492
0.000171,-0.017977,0.010771
0.002101,0.005574,0.003535
0.003055,0.028075,-0.005859
0.004017,0.032344,-0.005815
0.007885,0.023746,0.000511
0.007859,0.005544,0.006760
0.011770,-0.014721,0.005472
0.007927,-0.025409,0.006364
0.000128,-0.019053,0.010623
-0.002805,-0.001907,0.003317
0.000082,0.023787,-0.004975
0.002941,0.047262,-0.004791
0.004791,0.056844,-0.002584
0.005691,0.040744,0.006853
0.012443,0.011945,0.005588
0.009501,-0.024321,0.004280
0.006622,-0.047786,0.003035
0.004763,-0.060539,-0.002396
0.001915,-0.049867,-0.002317
0.003901,-0.022080,-0.006326
0.003949,0.007843,-0.010316
0.006879,0.029173,-0.009090
0.004896,0.039823,-0.006903
0.002908,0.034432,-0.001672
-0.000030,0.009924,-0.006143
-0.000032,-0.016803,-0.001022
-0.000982,-0.029623,0.001071
-0.000923,-0.018898,-0.004141
0.004978,-0.007132,-0.007227
0.000108,-0.003941,-0.006131
-0.003772,0.005656,-0.004959
-0.001815,0.006745,-0.007065
-0.003783,0.008825,-0.001783
-0.003810,0.020538,0.000393
-0.000916,0.025886,-0.000644
0.001979,0.015196,0.001420
0.000017,-0.005133,0.006612
-0.000936,-0.021080,0.001250
0.000088,-0.033951,0.007476
-0.002802,-0.027574,0.009606
-0.004766,-0.012614,0.007572
-0.002843,0.002325,0.007696
-0.001895,0.017329,0.001453
-0.006785,0.029075,0.000460
-0.004917,0.038608,0.006842
0.000828,0.037538,0.006791
0.005640,0.025811,0.005648
0.001644,0.010791,0.014075
-0.001330,0.004352,0.018289
0.003508,-0.000972,0.017189
0.009331,-0.010507,0.009665
0.009325,-0.021221,0.013823
0.011255,-0.021254,0.016985
0.006336,-0.005183,0.010759
0.004387,0.011950,0.004451
0.008242,0.022639,0.002374
0.006244,0.026951,-0.001826
0.008168,0.029141,-0.007078
0.010106,0.009890,-0.002966
0.006194,-0.015771,0.002164
0.000369,-0.016832,0.002181
-0.002525,-0.011473,0.000133
0.002347,-0.002983,0.004446
0.005253,-0.000882,0.007627
0.009168,-0.004004,0.000192
0.009167,-0.004025,0.002321
0.005261,0.000205,0.005508
0.002332,0.006688,-0.002986
0.003355,0.010063,-0.019936
-0.001490,0.012219,-0.022032
-0.004374,0.015369,-0.016678
-0.007313,0.019518,-0.004998
-0.004382,0.012033,-0.004029
0.003385,0.000197,0.005397
0.003376,-0.022231,0.007351
-0.002454,-0.038297,0.013639
-0.001512,-0.031947,0.019007
-0.004485,-0.008419,0.013879
0.000357,0.017296,0.003451
0.002253,0.031236,-0.002745
0.000289,0.024814,-0.000630
0.005182,0.002419,-0.001838
0.010070,-0.024254,-0.002030
0.004285,-0.041220,-0.012769
0.002488,-0.027308,-0.016912
0.005455,-0.001771,-0.009261
-0.010122,0.036663,-0.011082
-0.007254,0.076152,-0.011867
0.000432,0.088935,-0.009669
0.003213,0.073901,-0.000236
0.003116,0.050375,0.004912
0.003070,0.009774,0.009904
0.004028,-0.028608,0.006406
0.005046,-0.056344,0.005096
0.004160,-0.069131,0.002835
-0.000653,-0.058490,0.006139
-0.005513,-0.019026,0.008627
-0.000663,0.032237,0.004809
0.005094,0.060001,0.002874
0.003069,0.050417,0.000654
-0.003816,0.021482,0.013189
0.002934,-0.012756,0.022516
0.005810,-0.046981,0.029632
-0.000039,-0.065115,0.028371
0.004867,-0.071445,0.020867
0.006894,-0.073521,0.015606
-0.002785,-0.051053,0.010559
-0.003743,0.003443,0.003579
-0.001829,0.038823,-0.013194
0.001047,0.052755,-0.019501
-0.002889,0.051623,-0.013094
-0.003917,0.044018,0.000682
-0.004012,0.032175,0.011182
-0.001171,0.021446,0.016324
0.002653,0.000072,0.019328
0.005565,-0.040528,0.024341
0.005550,-0.064062,0.030585
-0.000298,-0.070406,0.025293
-0.004163,-0.048992,0.018004
-0.003184,-0.022280,0.013889
-0.001273,0.004420,0.011986
0.003540,0.030065,0.009054
0.006400,0.045101,-0.000343
0.000448,0.070731,-0.002269
-0.003556,0.076063,-0.002285
-0.005599,0.054647,0.004962
0.002123,0.014056,0.008929
0.009877,-0.035153,0.021323
0.008873,-0.057654,0.030724
0.001076,-0.054475,0.032860
-0.000912,-0.028881,0.034055
0.000018,-0.008514,0.024635
0.006810,-0.000903,0.010927
0.011643,0.009823,0.005743
0.009642,0.015210,0.000464
0.007695,0.014192,-0.004905
0.006697,0.006684,-0.001828
-0.001137,0.005580,0.002483
-0.002129,0.015158,0.005804
0.001722,0.016279,0.000516
-0.000226,0.007734,0.001516
-0.000233,-0.003020,0.009952
0.002642,-0.013761,0.017348
-0.003261,-0.019097,0.017294
-0.000380,-0.007385,0.019443
0.006393,0.001220,0.012007
0.007345,0.001317,0.002458
0.004421,0.000241,0.003530
0.001476,0.004510,0.003574
-0.000485,0.012022,-0.000604
-0.001464,0.016321,-0.003750
0.002434,0.004531,0.001467
0.001413,-0.007269,0.007772
-0.000560,-0.011578,0.012006
-0.003521,-0.008412,0.015176
-0.003567,0.008675,0.013099
-0.000726,0.023601,0.014228
0.000179,0.028957,0.012132
-0.003778,0.020411,0.013146
0.001998,0.003307,0.016200
0.005823,-0.006325,0.019355
-0.000068,-0.004148,0.015136
-0.002070,0.008644,0.016261
-0.003128,0.024668,0.014230
0.004554,0.027815,0.019542
0.008378,0.015058,0.015263
0.004434,0.007565,0.017320
0.011201,-0.002043,0.017181
0.016985,-0.012718,0.017039
0.009159,-0.021159,0.007408
-0.000535,-0.015811,0.006407
0.006227,0.009736,0.013004
0.015888,0.034405,0.000473
0.006135,0.049453,-0.009979
0.003184,0.040842,-0.002633
0.009929,0.015095,0.010971
0.006952,-0.016882,0.007570
0.007945,-0.032868,0.005302
0.011882,-0.049967,0.007212
0.008985,-0.044644,0.008299
0.013901,-0.016825,0.001121
0.014881,0.013170,-0.010309
0.009087,0.031463,-0.025020
0.010100,0.038954,-0.027077
0.012054,0.033660,-0.031346
0.007238,0.026248,-0.036661
0.007321,0.026150,-0.027111
0.003463,0.030343,-0.019654
-0.004305,0.030321,-0.017567
-0.007238,0.023822,-0.008088
-0.002383,-0.000818,0.001233
0.000560,-0.039305,0.008373
0.001586,-0.075642,0.013347
0.001669,-0.095950,0.016339
0.004674,-0.090624,0.017460
0.005723,-0.056359,0.006088
0.002872,-0.016706,-0.010557
-0.001979,0.027064,-0.012346
