-0.209288,-0.141953,0.034154
-0.236114,-0.149865,0.079920
-0.247877,-0.077067,0.164479
-0.256766,0.041527,0.264443
-0.293113,0.282112,0.549056
-0.304664,0.501365,0.715559
-0.291295,0.454201,0.623196
-0.257190,0.394875,0.576725
-0.250515,0.426235,0.645241
-0.221781,0.465294,0.797720
-0.195167,0.455669,0.908231
-0.168463,0.389231,0.936446
-0.158778,0.354164,0.920085
-0.160048,0.401981,0.939443
-0.151182,0.494297,0.992137
-0.126085,0.588905,1.028979
-0.087957,0.626110,1.043086
-0.051868,0.616659,1.028196
-0.040448,0.574167,1.008739
-0.028430,0.537887,1.008450
-0.005033,0.509068,1.009257
0.023021,0.479033,1.023767
0.046942,0.445867,1.030810
0.063802,0.411862,1.015574
0.064793,0.398526,0.961245
0.056685,0.370689,0.862126
0.013980,0.251951,0.570321
-0.009886,0.317146,0.556598
0.027083,0.504060,0.756981
0.054215,0.582122,0.849049
0.058783,0.604565,0.847268
0.074103,0.571614,0.834275
0.094812,0.486675,0.791158
0.105228,0.401781,0.742619
0.105469,0.376342,0.724261
0.100672,0.385908,0.727445
0.095790,0.395496,0.728499
0.088167,0.388109,0.719911
0.086531,0.373540,0.682639
0.085309,0.401815,0.629783
0.080122,0.464055,0.595219
0.080552,0.537736,0.590502
0.081974,0.593472,0.565413
0.076642,0.632483,0.505112
0.067348,0.655142,0.479725
0.068685,0.667144,0.452075
0.079660,0.672885,0.410597
0.098296,0.650840,0.373170
0.110878,0.613684,0.352574
0.116414,0.576365,0.347844
0.126654,0.531546,0.346239
0.130785,0.445233,0.332703
0.126719,0.355817,0.309640
0.112613,0.267542,0.279137
0.105008,0.207307,0.219127
0.098135,0.202450,0.170129
0.089197,0.258943,0.176975
0.086477,0.349337,0.208495
0.092887,0.414128,0.238759
0.105326,0.422412,0.264326
0.108849,0.387073,0.276749
0.104481,0.313493,0.270787
0.094929,0.222994,0.249869
0.078256,0.134505,0.241773
0.064203,0.076121,0.210484
0.061773,0.057204,0.180518
0.059262,0.103402,0.148985
0.059864,0.212212,0.151850
0.056787,0.304658,0.190719
0.062874,0.358998,0.198503
0.066154,0.371884,0.190086
0.062519,0.364443,0.186803
0.056745,0.334770,0.166375
0.050923,0.299833,0.138495
0.042029,0.272297,0.118197
0.026270,0.255335,0.107501
0.017243,0.243589,0.108536
0.018964,0.250019,0.106546
0.027523,0.226443,0.117055
0.036000,0.178385,0.120942
0.037470,0.124936,0.130073
0.034958,0.092611,0.160535
0.032596,0.080682,0.179495
0.029419,0.078528,0.180419
0.021414,0.080684,0.178316
0.015418,0.103211,0.166848
0.015435,0.142571,0.179966
0.014643,0.181942,0.192051
0.017908,0.214947,0.199768
0.021079,0.245888,0.199969
0.023066,0.265145,0.194762
0.029875,0.255579,0.190386
0.025895,0.225830,0.177385
0.021810,0.168432,0.154649
0.020417,0.103702,0.118112
0.014900,0.075048,0.103124
0.012264,0.079260,0.109617
0.016581,0.094057,0.124678
0.024896,0.112157,0.129115
0.033250,0.128184,0.127112
0.039675,0.143075,0.132539
0.043181,0.149550,0.125133
0.036968,0.158198,0.113482
0.036491,0.176548,0.092358
0.023285,0.204394,0.081886
0.006217,0.261934,0.089692
0.001961,0.299139,0.103749
0.014366,0.295002,0.089829
0.022798,0.268383,0.083196
0.023276,0.205588,0.066800
0.020788,0.135329,0.049237
0.019143,0.089529,0.040369
0.018340,0.074597,0.040278
0.018496,0.082965,0.057350
0.025502,0.080817,0.058408
0.030632,0.068116,0.047665
0.027017,0.052270,0.031574
0.019431,0.059863,0.018852
0.014819,0.086717,0.000993
0.016097,0.135867,-0.004965
0.014455,0.175236,0.007071
0.018700,0.181589,0.012474
0.025868,0.157007,0.016587
0.035911,0.124030,0.006853
0.032263,0.096384,-0.002926
0.019766,0.072942,-0.006279
0.012083,0.066493,-0.002111
0.008257,0.065384,0.002131
0.006344,0.086642,0.010819
0.008444,0.115382,0.018526
0.006733,0.135634,0.020790
0.008974,0.136699,0.020778
0.009237,0.127123,0.017470
0.003623,0.113302,0.012016
-0.003011,0.084551,0.005378
-0.007748,0.037579,0.007125
-0.011606,-0.000854,0.008959
-0.010657,-0.017946,0.010980
-0.008693,-0.004135,0.017474
-0.002762,0.032174,0.014532
-0.001632,0.076931,0.020132
-0.000443,0.101511,0.016012
-0.004115,0.104874,0.000096
-0.005857,0.095399,-0.012699
-0.010564,0.100715,-0.010510
-0.019191,0.112403,-0.005068
-0.023917,0.125054,0.011000
-0.013964,0.121790,0.017359
-0.000117,0.111134,0.015117
0.003958,0.100513,0.009677
0.006034,0.090905,0.009552
0.002251,0.067427,0.009340
-0.006442,0.036463,0.011198
-0.008357,0.012989,0.011027
-0.005423,0.011844,0.018446
0.003397,0.022459,0.023810
0.009319,0.038353,0.034455
0.007487,0.055377,0.038745
0.009558,0.068157,0.040916
0.009700,0.067120,0.037696
0.007886,0.057435,0.046184
0.008999,0.037235,0.038586
0.015915,0.011694,0.032094
0.026692,0.005346,0.026754
0.027702,0.001103,0.024586
0.020892,0.001070,0.027762
0.013086,-0.002078,0.022472
0.008259,0.018259,0.016255
0.012216,0.043833,0.020749
0.013276,0.066168,0.028372
0.006568,0.070450,0.027390
0.004714,0.055543,0.024098
0.007703,0.031010,0.022837
0.014553,0.002315,0.010921
0.020408,-0.008175,-0.007202
0.018434,0.003542,-0.004978
0.009656,0.020524,0.004740
0.009701,0.032209,0.010148
0.013675,0.025873,0.003732
0.018589,0.017366,0.000447
0.020534,0.012081,-0.004911
0.022504,0.003616,-0.012447
0.017628,-0.006980,-0.019968
0.008813,-0.010158,-0.022090
0.000024,-0.000556,-0.021963
-0.001915,-0.001665,-0.017714
0.000040,0.000538,-0.024063
0.003958,0.022988,-0.028153
0.002970,0.047496,-0.024819
-0.002852,0.057088,-0.023694
-0.003734,0.044365,-0.032293
-0.003688,0.014564,-0.039933
-0.000792,-0.008843,-0.046414
-0.001807,-0.018484,-0.042177
-0.004786,-0.016465,-0.030446
-0.008717,-0.011234,-0.019761
-0.013626,0.006941,-0.022815
-0.015580,0.017620,-0.023817
-0.023350,0.035726,-0.020517
-0.024317,0.041988,-0.006703
-0.022305,0.040903,-0.004577
-0.015416,0.039740,0.004962
-0.011480,0.035329,0.018727
-0.005580,0.017146,0.022826
-0.000680,-0.004101,0.013076
-0.002648,-0.021187,0.013974
-0.003652,-0.034036,0.018093
-0.007575,-0.021213,0.016041
-0.014403,0.004316,0.024752
-0.011447,0.027676,0.036635
-0.006491,0.034112,0.033515
-0.003485,0.036300,0.028235
0.000488,0.039511,0.027217
0.000571,0.025672,0.023926
-0.004280,-0.000930,0.016287
-0.006225,-0.033924,0.007538
-0.006281,-0.050962,0.004218
-0.008300,-0.047845,0.012748
-0.007377,-0.022411,0.029936
-0.004433,0.011756,0.028092
-0.006326,0.042726,0.026197
-0.004307,0.073700,0.023229
0.002621,0.099285,0.025541
0.005682,0.093951,0.025508
0.009716,0.069484,0.017908
0.004912,0.040611,0.024057
0.007875,0.014974,0.027071
0.010819,0.003227,0.028050
0.012784,0.007476,0.029102
0.013754,0.030926,0.031367
0.014776,0.050156,0.029334
0.016816,0.047082,0.016567
0.014928,0.026835,0.013215
0.011050,0.002360,0.006704
0.010081,-0.017929,0.008725
0.009090,-0.013670,0.009844
0.010062,0.001175,0.019509
0.011063,0.020328,0.024947
0.012079,0.024521,0.032404
0.014089,0.018226,0.021752
0.020975,0.015077,0.016412
0.028801,0.008742,0.010039
0.030742,0.002383,0.005781
0.024915,-0.018936,0.003500
0.014167,-0.039253,0.007581
0.004385,-0.050023,0.016996
0.005308,-0.058585,0.018994
0.012090,-0.060817,0.028490
0.011061,-0.071503,0.029402
0.006147,-0.082061,0.017590
-0.002676,-0.077515,-0.010017
-0.019322,-0.067871,-0.014211
-0.024267,-0.048592,-0.021483
-0.012589,-0.040025,-0.024619
-0.004837,-0.024038,-0.022386
-0.003876,-0.006968,-0.022286
-0.005840,-0.002663,-0.026519
-0.011712,-0.005812,-0.031858
-0.010763,-0.013332,-0.026598
-0.007861,-0.033667,-0.020347
-0.009850,-0.064660,-0.015244
-0.012839,-0.092474,-0.007983
-0.018807,-0.098864,-0.009044
-0.028669,-0.076633,0.009224
-0.033619,-0.022296,0.018152
-0.028715,0.036264,0.031348
-0.027661,0.075637,0.043391
-0.018755,0.073343,0.059294
-0.006918,0.042469,0.051640
0.004884,0.013785,0.038663
0.002958,-0.010851,0.048032
-0.002942,-0.042767,0.038238
-0.009810,-0.070531,0.040153
-0.011849,-0.087510,0.030448
-0.009986,-0.074724,0.032674
-0.006154,-0.039607,0.042503
-0.007124,0.002002,0.042798
-0.004121,0.042443,0.053721
-0.005970,0.064814,0.058181
-0.001966,0.067996,0.060358
0.004978,0.060577,0.056103
0.008979,0.055273,0.052881
0.014894,0.061811,0.039131
0.017908,0.065008,0.039103
0.013099,0.045817,0.036779
0.011181,0.014945,0.029082
0.008281,-0.015825,0.011883
0.009239,-0.009371,0.006613
0.014096,0.019367,0.014285
0.013134,0.058764,0.023104
0.011275,0.083242,0.029650
0.005525,0.088562,0.030702
0.008555,0.060799,0.032609
0.011551,0.017157,0.021658
0.016427,-0.021117,0.007585
0.016392,-0.037056,0.001135
0.018284,-0.030673,0.003348
0.019235,-0.020012,0.004495
0.021185,-0.016778,0.001339
0.017293,-0.019929,-0.004028
0.016297,-0.017702,-0.013586
0.012368,0.003699,-0.019849
0.008448,0.028207,-0.016493
0.011369,0.052751,-0.016279
0.013382,0.059247,-0.025764
0.014429,0.052892,-0.030001
0.014487,0.036954,-0.036466
0.013523,0.011315,-0.033444
0.013527,-0.009990,-0.036766
0.011533,-0.012160,-0.033643
0.007591,-0.002656,-0.024058
0.002678,0.004831,-0.026170
-0.004150,0.003737,-0.024113
-0.006095,0.004844,-0.028389
-0.004147,0.007058,-0.035778
-0.002196,0.011329,-0.035706
-0.004160,0.018850,-0.040916
-0.004168,0.021959,-0.031291
-0.007074,0.019819,-0.030222
-0.004142,0.014497,-0.031295
-0.007057,0.014465,-0.028119
-0.009020,0.024025,-0.023819
-0.016783,0.035720,-0.019479
-0.019674,0.032467,-0.014181
-0.020619,0.023983,-0.019547
-0.021590,0.013281,-0.016443
-0.020624,0.019632,-0.011069
-0.019633,0.030206,-0.001454
-0.018642,0.037605,0.004965
-0.021540,0.028962,0.015507
-0.016621,0.010869,0.011117
-0.010754,0.001204,0.017434
-0.002959,0.004294,0.028053
0.000958,0.017012,0.036625
-0.004837,0.048960,0.043171
-0.007685,0.057527,0.040035
-0.005645,0.049231,0.015488
-0.006572,0.023727,0.004661
-0.004622,0.003616,-0.011397
0.005095,0.000504,-0.019858
0.008003,0.001646,-0.027276
0.011888,0.011260,-0.028260
0.014822,0.025094,-0.024996
0.012903,0.032424,-0.011151
0.010001,0.035622,-0.011136
0.004178,0.045077,0.003802
0.002249,0.060916,0.020917
0.005256,0.059805,0.025138
0.009230,0.038392,0.032434
0.009279,0.017146,0.022698
0.011263,0.009737,0.016232
0.007369,0.008711,0.011958
0.007391,0.004537,0.002372
0.010322,0.004664,-0.010374
0.003478,0.028087,-0.004856
-0.002394,0.048185,0.013399
-0.003306,0.054522,0.019800
-0.003222,0.050190,0.026136
0.001723,0.037472,0.017535
0.006652,0.032264,0.004750
0.008635,0.039729,0.004781
0.001847,0.033350,0.002638
0.004793,0.010024,-0.012415
0.003835,-0.015575,-0.013686
0.001828,-0.024092,-0.015853
0.002749,-0.025159,-0.015863
-0.002141,-0.017703,-0.014785
-0.007055,0.018565,-0.013463
-0.003146,0.061135,-0.001441
0.001800,0.086694,0.004095
0.001898,0.102592,0.014852
0.001039,0.089799,0.013707
0.003072,0.063204,0.004951
0.004088,0.032204,0.009979
0.006044,0.002313,0.010737
0.009941,-0.028520,-0.001239
0.008956,-0.056064,-0.021633
0.005955,-0.050611,-0.033251
-0.000938,-0.025080,-0.024476
-0.003910,0.017595,-0.023029
-0.007794,0.048480,-0.016379
-0.003845,0.064414,-0.008791
0.006958,0.059119,-0.013067
0.013822,0.027213,-0.023936
0.007997,-0.002632,-0.027381
0.005037,-0.015457,-0.025350
0.001109,-0.011219,-0.022123
-0.004765,0.006827,-0.012416
-0.003801,0.022766,-0.005908
-0.001832,0.031250,-0.000515
-0.002768,0.034404,0.004809
0.000188,0.032343,-0.002664
0.006083,0.021785,-0.014427
0.005095,0.000464,-0.016736
0.000197,-0.019755,-0.022191
-0.001799,-0.029380,-0.020139
-0.001842,-0.026231,-0.014785
-0.001849,-0.022078,-0.003056
-0.004804,-0.007181,0.001312
-0.005776,0.018457,-0.001703
-0.011592,0.052570,0.001759
-0.010579,0.077110,0.001924
-0.005624,0.080429,-0.009712
-0.001641,0.064477,-0.015136
0.002296,0.038796,-0.007877
0.003285,0.005647,-0.000656
0.005231,-0.020004,0.003392
0.003258,-0.036076,0.009604
-0.003613,-0.025451,0.013857
-0.008514,0.003357,0.014047
-0.014344,0.025771,0.013120
-0.009424,0.019453,0.004569
0.003293,-0.006018,-0.009399
0.011079,-0.021935,-0.017964
0.008116,-0.012383,-0.012576
0.003185,0.000243,0.005594
0.001226,0.016213,0.008869
0.000287,0.035398,0.011138
-0.000645,0.035401,0.011144
0.003301,0.025864,0.004736
0.006259,0.002444,-0.000733
0.006288,-0.009220,-0.008256
0.006260,-0.016699,-0.007246
0.004277,-0.012476,-0.002999
0.004254,0.004561,0.000271
0.001319,0.022617,0.008924
0.000375,0.020494,0.007852
0.003330,0.008906,-0.007077
0.005284,-0.002815,-0.008158
0.002350,0.000409,-0.010231
-0.001568,0.017461,-0.007988
0.001376,0.031330,-0.007915
0.003348,0.036670,-0.008991
0.001417,0.040895,-0.004724
-0.001488,0.041918,-0.000470
-0.000484,0.035497,0.001637
0.005396,0.018437,0.000490
0.005433,-0.001835,0.000369
-0.001394,-0.011465,0.003494
-0.005308,-0.008234,0.000312
-0.004332,0.005605,0.003567
-0.001412,0.012067,-0.002806
-0.000427,0.018517,-0.008110
-0.001408,0.028109,-0.006986
-0.003340,0.035497,0.001581
-0.002338,0.034444,0.000559
-0.003279,0.023773,0.000494
-0.001312,0.020636,-0.005893
0.003581,0.015323,-0.008062
0.007490,-0.001804,-0.002899
0.006489,-0.019882,-0.009431
0.000631,-0.016767,-0.000935
-0.002335,-0.007238,0.006569
-0.003305,0.017261,0.010999
-0.005217,0.043862,0.018653
-0.001270,0.049164,0.021862
0.005632,0.034342,0.010053
0.010533,0.009876,0.002460
0.008561,-0.010225,-0.014666
0.006595,-0.010192,-0.017835
0.009483,-0.006000,-0.010377
0.007511,0.004596,-0.002857
0.005561,0.009905,0.000385
0.002686,0.013071,0.003555
0.004648,0.002449,-0.001863
0.006611,-0.014512,-0.013732
0.004638,-0.027182,-0.027664
0.003604,-0.020776,-0.027574
0.001615,-0.012283,-0.023233
0.002591,-0.002720,-0.018885
0.002573,0.007810,-0.003926
0.004522,0.020520,0.005742
0.004556,0.025814,0.008925
0.002639,0.020538,0.002464
0.004617,0.014309,-0.014597
0.003641,0.011182,-0.022059
0.001668,0.014490,-0.032606
0.000684,0.011272,-0.030449
0.001642,0.024039,-0.026052
0.004593,0.028200,-0.015426
0.001690,0.030217,-0.003751
-0.004147,0.037610,0.003707
-0.007035,0.037594,0.004720
-0.007972,0.036578,-0.000622
-0.006019,0.018460,-0.002889
-0.006011,0.014184,-0.001831
-0.001153,0.009898,0.000338
0.000806,0.009931,-0.002831
0.003744,0.019494,0.001489
0.006673,0.020581,-0.000637
0.009612,0.012052,-0.001786
0.002792,0.000418,-0.012519
-0.002080,0.001508,-0.014640
-0.003074,0.008980,-0.014554
-0.005026,0.017496,-0.012336
-0.002077,0.018610,-0.016515
0.002810,0.021820,-0.017519
0.000833,0.021713,-0.006916
0.001818,0.014205,-0.002717
0.002813,-0.000724,-0.003909
-0.001081,-0.006084,-0.001904
-0.003036,0.002441,-0.000796
-0.003047,0.014153,0.001388
-0.003034,0.028027,0.001523
0.000907,0.040919,-0.006854
0.001919,0.050547,-0.008857
0.002893,0.053683,-0.002449
0.005845,0.022729,-0.001617
0.006841,-0.011418,-0.001923
0.004890,-0.024171,-0.007360
-0.003915,-0.021045,0.000088
-0.008820,-0.001861,0.002336
-0.011744,0.014112,0.005667
-0.011729,0.026906,0.006840
-0.006841,0.033280,0.010092
-0.002913,0.023687,0.008961
0.002974,0.005621,0.001404
0.007871,-0.013555,-0.001940
0.002017,-0.021037,-0.000979
-0.000941,-0.022140,0.002153
-0.000951,-0.021084,0.003181
-0.002928,-0.012548,0.003234
-0.011730,0.003337,0.015047
-0.014651,0.006604,0.008737
-0.005868,0.009835,0.006675
0.001957,0.015203,0.003539
0.003923,0.021615,0.002534
0.002003,0.025789,0.012127
0.001046,0.021466,0.017395
0.001077,0.008660,0.017270
-0.005736,-0.001969,0.012947
-0.004745,-0.012627,0.011827
0.000116,-0.026485,0.010672
0.003994,-0.036098,0.011670
0.002988,-0.028638,0.012796
0.002967,-0.014809,0.017154
0.001036,0.014020,0.015264
0.002050,0.033175,0.020737
0.005027,0.044914,0.020818
0.007028,0.038594,0.012246
0.006079,0.031095,0.015377
0.006096,0.008780,0.005612
0.005117,-0.012460,-0.005212
0.002172,-0.022025,-0.009574
0.004104,-0.025154,-0.017036
0.006997,-0.026296,-0.009632
0.006951,-0.015633,-0.008457
0.004017,-0.000863,0.008656
0.003034,0.008649,0.018331
0.004012,0.013935,0.023731
0.004060,0.006508,0.019471
0.005065,0.010840,0.013149
0.007044,0.010924,0.004605
0.008025,0.001415,-0.005049
0.005102,-0.008013,-0.023211
0.003133,-0.009082,-0.023248
0.002111,-0.002689,-0.022138
0.001113,0.008944,-0.011405
0.003057,0.022702,0.000408
0.003089,0.032275,0.003689
0.000194,0.030098,0.007928
-0.000736,0.015245,-0.000669
0.000244,-0.001739,-0.009308
-0.000741,-0.013475,-0.009383
-0.004677,-0.023092,-0.008391
-0.003718,-0.022069,-0.004158
-0.004723,-0.009266,-0.004067
-0.004738,0.011991,0.004607
0.000145,0.034378,0.006918
0.006058,0.040856,-0.000446
0.010977,0.032364,-0.004758
0.008059,0.026058,-0.014356
0.005137,0.014301,-0.012324
0.004156,-0.004833,-0.019918
0.000264,-0.016561,-0.021074
-0.006634,-0.011374,-0.006167
-0.009599,-0.007263,0.009806
-0.007641,0.005500,0.014162
0.000186,0.015061,0.018497
0.002199,0.013002,0.011051
-0.002661,0.004546,0.002497
0.002208,0.006830,-0.012331
0.006114,0.008985,-0.014449
0.002191,0.017573,-0.019707
-0.006594,0.028106,-0.005856
-0.002706,0.025907,0.000477
0.001225,0.014140,0.003578
0.001245,0.001335,0.003473
-0.000691,-0.008301,0.006622
-0.004569,-0.013594,0.002331
-0.007505,-0.008182,-0.005064
-0.005567,0.013128,-0.001702
-0.002656,0.031255,-0.000502
-0.005567,0.037582,0.006960
-0.001638,0.032215,0.010082
0.000352,0.024744,0.009996
0.000384,0.015151,0.008858
0.005289,-0.004017,0.004425
0.006244,-0.016662,-0.011595
0.005254,-0.020886,-0.015855
0.005219,-0.021899,-0.021141
0.005186,-0.010213,-0.015713
0.003198,0.011004,-0.002774
-0.000708,0.035378,0.014423
0.003243,0.044914,0.020825
0.005255,0.030047,0.013240
0.002359,0.016204,0.009922
0.002366,-0.000773,0.000238
0.005289,-0.012371,-0.013651
0.008194,-0.005986,-0.011425
0.006248,-0.008213,-0.001853
0.005279,-0.014646,0.001302
0.000406,-0.007253,0.008759
0.000382,0.011907,0.013095
0.002351,0.022575,0.013147
0.001407,0.025847,0.005692
0.002412,0.019539,-0.003934
0.001451,0.003661,-0.016792
-0.001490,-0.014434,-0.021146
0.003343,-0.024014,-0.023317
0.007214,-0.023020,-0.015889
0.002317,-0.013492,-0.008405
-0.005515,0.003493,0.000212
-0.002594,0.014098,0.006636
-0.000615,0.016294,0.000268
-0.002558,0.024862,-0.002854
0.002324,0.029080,0.002516
0.003333,0.028055,-0.001744
-0.000532,0.018462,-0.002861
-0.000542,0.005691,-0.006121
0.000446,-0.011402,-0.004114
0.003347,-0.016649,-0.012600
0.002345,-0.004973,-0.006118
0.002315,0.016306,0.000435
-0.002525,0.025824,0.008986
-0.001502,0.022682,0.002537
-0.002455,0.012072,-0.003943
-0.002457,-0.008151,-0.009439
-0.001479,-0.022985,-0.020172
-0.002489,-0.009134,-0.017936
-0.012302,0.017352,0.001395
-0.011323,0.033232,0.014274
0.001408,0.028967,0.014278
0.006324,0.019416,0.008882
0.009264,0.004530,0.003432
0.006354,-0.000829,0.005487
0.001459,-0.002910,0.000177
-0.005378,-0.004008,0.003358
-0.006357,-0.002951,0.004435
-0.002466,0.004542,0.002413
0.000468,0.012027,0.001473
0.004383,0.014132,0.004702
0.004394,0.020548,0.003689
-0.001449,0.029019,0.010109
-0.002407,0.026914,0.006866
-0.000395,0.015150,0.008830
0.000585,-0.003984,0.001235
0.000577,-0.025317,-0.000034
-0.000417,-0.035986,-0.000071
0.000501,-0.018907,0.000148
0.002435,0.002374,0.006707
0.002444,0.024785,0.006916
0.001486,0.040789,0.007028
0.001523,0.040841,0.001703
0.002533,0.035577,-0.005799
0.007442,0.018514,-0.007009
0.006482,0.008962,-0.012390
0.003523,0.015260,-0.001696
0.002539,0.019487,0.002585
-0.001357,0.019445,0.006843
-0.002296,0.006713,-0.000696
-0.002285,-0.012464,-0.004061
-0.003286,-0.024223,-0.002020
-0.007188,-0.022107,0.000155
-0.008168,-0.009386,0.008740
-0.006225,0.004423,0.015242
-0.004259,0.017186,0.019597
-0.001298,0.017196,0.018529
0.003584,0.019413,0.010025
0.005551,0.020519,0.005735
0.005545,0.007723,0.004541
0.004586,0.004637,-0.007185
0.004568,-0.004998,-0.004058
0.004548,-0.003931,-0.004049
0.004546,0.003519,-0.001819
0.004522,0.017332,0.004723
0.004554,0.032192,0.013397
0.003613,0.032204,0.012357
0.002685,0.022608,0.011184
0.004663,0.006686,0.002542
0.003701,-0.007127,-0.003972
0.004653,-0.017768,-0.007276
0.001696,-0.013509,-0.006185
0.001676,0.005635,0.000335
0.002643,0.018442,0.000474
0.003646,0.024793,0.005849
0.002699,0.024805,0.004795
0.002727,0.017335,0.004736
0.003711,0.006704,0.000372
0.009583,-0.008101,-0.013593
0.006641,-0.016643,-0.013716
0.000753,-0.019866,-0.011629
-0.005135,-0.018842,-0.007390
-0.003208,-0.010304,-0.007294
-0.004202,0.011020,-0.004951
-0.004206,0.030080,0.010085
-0.003210,0.037608,0.004886
-0.001207,0.037618,0.003818
0.001753,0.024879,-0.002646
0.008608,0.001475,-0.010292
0.005657,-0.010314,-0.005069
-0.001200,-0.010399,0.003426
-0.004117,-0.003997,0.003461
-0.008995,0.009778,0.013117
-0.009943,0.028974,0.014332
-0.004078,0.039643,0.014398
0.000841,0.036557,0.002699
0.004774,0.016357,-0.004891
0.002823,0.003575,-0.007118
0.000851,-0.004992,-0.003982
-0.003073,-0.009367,0.006569
-0.003089,-0.007308,0.014008
-0.000142,-0.000857,0.008711
0.000854,0.005577,0.005577
0.007669,0.022630,0.007848
0.007669,0.033336,0.004793
0.005749,0.037627,0.002701
0.006741,0.034428,0.002707
0.003853,0.020593,-0.001670
0.003872,0.005665,-0.002841
0.001917,-0.001750,-0.008197
0.002888,-0.003887,-0.008251
0.002856,0.004607,-0.003953
0.004796,0.013123,-0.001764
0.005779,0.018421,0.001411
0.003850,0.011965,0.006667
-0.000049,0.007720,0.004486
-0.001006,-0.000752,-0.001941
0.003874,-0.015671,-0.004165
0.001911,-0.026274,-0.010576
0.000920,-0.016666,-0.010472
-0.000093,0.009958,-0.004934
-0.002054,0.026916,0.006893
-0.002999,0.032197,0.012224
-0.002005,0.032237,0.007974
0.001930,0.019463,0.004686
0.005856,-0.001814,-0.001867
0.000999,-0.009252,-0.005115
-0.003903,-0.003957,-0.000790
-0.003918,0.001295,0.007759
-0.004890,0.004421,0.015214
-0.005874,0.008688,0.015230
-0.005850,0.010812,0.016303
-0.001937,0.006691,0.001384
0.007830,0.008906,-0.007127
0.009770,0.017476,-0.010222
0.003914,0.016386,-0.008115
0.001965,0.017442,-0.007052
-0.001937,0.015268,-0.002799
0.000021,0.010959,0.001442
0.000025,0.006681,0.002473
0.004898,0.015221,0.002589
0.003932,0.025838,0.007959
0.003945,0.027001,-0.001580
0.004957,0.017502,-0.012302
0.005948,0.014395,-0.021893
0.007868,0.016506,-0.019766
0.005899,0.026067,-0.015452
0.005907,0.039828,-0.003634
0.006900,0.046156,0.003842
0.004981,0.040733,0.012299
0.002086,0.035396,0.012245
0.005030,0.018355,0.008913
0.007979,-0.004996,-0.004045
0.009922,-0.019832,-0.014791
0.006961,-0.025103,-0.021204
0.007934,-0.021889,-0.022245
0.010820,-0.009158,-0.014699
0.008846,0.004627,-0.006089
0.006908,0.011041,-0.007094
0.003997,0.015298,-0.006038
0.002061,0.016435,-0.013518
0.002061,0.018648,-0.022050
-0.005751,0.027164,-0.019853
-0.005766,0.027208,-0.024112
-0.007719,0.018621,-0.018840
-0.004822,0.006805,-0.010379
0.000074,-0.001824,-0.000849
0.003994,-0.012537,0.003344
0.003028,-0.016763,-0.000937
-0.000901,-0.016714,-0.006269
-0.003824,-0.003837,-0.013626
-0.010650,0.012207,-0.017785
-0.013593,0.033472,-0.010213
-0.011643,0.046132,0.004766
-0.010636,0.025850,0.005698
-0.005728,0.006612,0.008755
-0.000842,-0.012594,0.008622
-0.003803,-0.021174,0.012827
-0.009664,-0.016897,0.011776
-0.005759,-0.011551,0.010747
-0.001868,-0.012579,0.006446
-0.003808,-0.016846,0.006408
0.002034,-0.016844,0.006435
0.008882,-0.020043,0.006414
0.007888,-0.008303,0.006530
0.004931,0.006617,0.008810
-0.000917,0.030060,0.012171
0.000092,0.033256,0.012172
0.003050,0.022648,0.005699
0.005024,0.001327,0.003369
0.006976,-0.016791,0.001116
0.005017,-0.021100,0.005336
0.005973,-0.015752,0.004336
0.003043,0.000231,0.006620
0.004039,0.010841,0.013107
0.005988,0.019369,0.014227
0.003071,0.011845,0.019460
0.007991,-0.002969,0.006577
0.006053,-0.010398,0.002233
0.002129,-0.006107,0.000141
0.001150,0.002491,-0.006178
0.000157,0.012095,-0.006066
0.002114,0.024892,-0.004872
0.007003,0.027058,-0.008029
0.007010,0.018490,-0.004900
0.003107,0.008854,-0.001808
0.000193,-0.005009,-0.002997
0.002140,-0.014535,-0.010531
-0.000799,-0.012402,-0.010533
-0.004740,0.004584,-0.001902
-0.005710,0.023685,0.008869
-0.003742,0.026854,0.012109
-0.001762,0.015139,0.009905
0.002165,0.001351,0.001331
0.002177,-0.015638,-0.007313
-0.001737,-0.011399,-0.004108
-0.006638,-0.005041,0.000158
-0.005664,-0.002912,0.000150
-0.003727,0.002411,0.001230
-0.000812,0.000290,0.000163
-0.000826,0.003443,0.005551
-0.005717,0.020479,0.009971
-0.008599,0.036424,0.016505
-0.005634,0.037490,0.016507
-0.004625,0.025781,0.013187
-0.004600,0.008759,0.007755
-0.002633,-0.018879,-0.003091
0.002239,-0.039161,-0.002208
0.003142,-0.039220,0.004220
0.005057,-0.021154,0.011827
0.001167,0.001256,0.012023
-0.003689,0.024615,0.023899
-0.004629,0.035253,0.027169
0.002257,0.027887,0.016459
0.007169,0.010886,0.008862
0.010087,-0.007236,0.006575
0.008130,-0.021086,0.004352
0.003224,-0.023206,0.003293
0.002227,-0.013655,0.008682
0.006118,0.000218,0.008803
0.010044,0.014164,0.001490
0.007136,0.018459,-0.001689
0.005173,0.021723,-0.008041
0.006153,0.018509,-0.007050
0.003227,0.010962,0.000278
0.001292,0.001329,0.003397
0.001279,-0.002992,0.008678
-0.000671,-0.005188,0.015053
0.003253,-0.008334,0.009748
0.004229,-0.007211,0.004459
0.005190,-0.006089,-0.000809
0.007153,-0.006021,-0.008269
0.003256,-0.000622,-0.014589
0.001299,0.007875,-0.010299
-0.001627,0.024839,0.000418
-0.006497,0.037537,0.011148
-0.005487,0.036426,0.015369
0.001364,0.026897,0.007836
0.004317,0.003484,0.001265
0.005274,-0.026313,-0.007497
0.007197,-0.045446,-0.015071
0.001315,-0.056102,-0.016220
-0.000663,-0.057190,-0.014100
-0.001675,-0.034849,-0.007537
-0.001725,0.005545,0.008767
-0.005633,0.032107,0.020671
-0.000714,0.037446,0.020759
0.005195,0.031144,0.011188
0.005220,0.014156,0.002558
0.007176,0.001455,-0.008199
0.006210,-0.013477,-0.009418
0.005221,-0.030515,-0.013830
0.001296,-0.033675,-0.018123
-0.002670,-0.014588,-0.005183
-0.000748,0.010908,0.006740
-0.003651,0.026806,0.017511
-0.004596,0.028944,0.017572
0.003244,0.014146,0.003647
0.005230,0.002491,-0.004972
0.008142,0.001462,-0.009245
0.002309,-0.002809,-0.009317
-0.000639,0.006755,-0.005011
-0.003568,0.009937,-0.002833
-0.001612,0.010964,0.001448
-0.005528,0.010871,0.011038
-0.005520,0.007650,0.013168
-0.000630,-0.003021,0.013088
-0.002550,-0.010428,0.006615
-0.006458,-0.013590,0.002308
-0.005501,-0.007126,-0.004044
-0.000636,0.003513,-0.000774
-0.000647,0.014124,0.004598
0.001315,0.022611,0.010012
0.000349,0.011905,0.014231
0.002324,-0.003000,0.010952
0.001349,-0.014740,0.010886
0.002307,-0.023214,0.004431
0.003277,-0.013569,0.000222
0.002297,0.001411,-0.003926
0.002298,0.016325,-0.001729
0.003281,0.021614,0.002513
0.003303,0.014102,0.006685
0.002333,0.007691,0.007717
0.003314,0.003402,0.009823
0.004294,-0.002967,0.006605
-0.002541,-0.002943,0.004525
-0.003517,0.003428,0.007778
0.000424,0.003474,0.003533
0.002379,0.002387,0.005659
0.002353,0.003401,0.010988
0.003324,0.009675,0.023776
0.001399,0.005396,0.024806
0.004350,-0.009427,0.012991
0.004364,-0.016791,0.002316
-0.001486,-0.009281,-0.001905
-0.001520,-0.006080,-0.001891
0.003359,-0.003903,-0.006116
0.008238,-0.000675,-0.009305
0.008221,0.005662,-0.002904
0.006269,0.006711,-0.000767
0.003343,0.012024,0.001374
-0.001533,0.018361,0.007783
-0.000534,0.010933,0.003466
0.000445,0.003523,-0.003006
-0.004440,-0.001770,-0.007297
-0.005436,-0.003859,-0.011560
-0.003502,0.004671,-0.010390
-0.000586,0.013115,-0.000704
0.003340,0.019478,0.003638
0.001413,0.021517,0.013234
0.002417,0.015061,0.018483
0.002457,0.000161,0.014088
0.004425,-0.018923,0.001147
0.001485,-0.031634,-0.008578
-0.004418,-0.023097,-0.008510
-0.005434,-0.011373,-0.007360
-0.004460,0.009939,-0.003970
0.001391,0.026929,0.004710
0.009216,0.033321,0.005827
0.009246,0.030058,0.012150
0.009272,0.014114,0.005630
0.006361,-0.000743,-0.002987
0.002451,-0.012440,-0.007341
-0.003431,-0.013504,-0.007372
-0.004429,-0.008187,-0.005169
-0.002494,-0.002904,0.000232
-0.001518,0.000281,0.002451
-0.001516,0.006624,0.008900
0.000459,0.013041,0.007930
0.005349,0.015216,0.003676
0.007323,0.016344,-0.002729
0.001482,0.008792,0.004564
-0.001446,-0.000774,0.000174
-0.003387,-0.010359,-0.002081
-0.005360,-0.015736,0.002130
-0.005362,-0.006164,0.005426
-0.005376,0.004499,0.006608
-0.004409,0.013009,0.009920
-0.005363,0.015218,0.002519
-0.006333,0.017310,0.006774
-0.005349,0.014161,0.001427
-0.000462,0.014158,0.001407
-0.000457,0.017337,0.003543
-0.006308,0.011874,0.016236
-0.007261,0.004408,0.016219
-0.001426,-0.009502,0.020404
0.000531,-0.019108,0.021492
-0.000443,-0.021283,0.025724
-0.000423,-0.012725,0.023669
0.004481,0.002297,0.014177
0.001573,0.013036,0.006753
0.000588,0.029119,-0.000606
0.003525,0.034514,-0.006988
0.004509,0.034467,-0.002785
0.004504,0.027964,0.007846
0.009381,0.007660,0.010914
0.008423,-0.011534,0.009734
0.004532,-0.025438,0.012817
0.002574,-0.028597,0.008538
0.004506,-0.022152,0.004321
0.004502,-0.010354,-0.001997
0.004485,0.006706,-0.000829
0.001560,0.016276,0.002418
0.001567,0.018347,0.008838
0.005496,0.009792,0.010927
0.010382,-0.003958,-0.000832
0.012349,-0.008185,-0.005127
0.009413,-0.013436,-0.013655
0.005495,-0.018698,-0.021142
-0.001353,-0.011237,-0.020030
-0.000415,0.005708,-0.007156
0.001513,0.024748,0.010030
-0.000425,0.029928,0.026047
0.001588,0.010841,0.014271
0.004569,-0.005088,0.006745
0.005528,-0.013500,-0.006075
0.008450,-0.019799,-0.016768
0.003569,-0.017616,-0.022110
-0.001344,-0.014388,-0.025341
-0.008208,-0.003768,-0.020001
-0.010197,0.011077,-0.010314
-0.010192,0.025898,0.001516
-0.007249,0.036444,0.014376
