-0.009682,0.007157,0.004054
-0.010560,-0.016821,0.009911
-0.012256,-0.027919,0.006305
-0.012052,-0.032832,0.006126
-0.006392,-0.024685,0.002589
-0.006786,0.008890,-0.000919
-0.003499,0.056768,-0.003531
0.000043,0.102834,0.003913
-0.004766,0.126016,0.000209
-0.005938,0.126100,-0.010511
0.001943,0.099015,-0.017122
0.000528,0.064669,-0.031755
0.002037,0.037263,-0.041585
0.007894,0.001262,-0.040460
0.004520,-0.028255,-0.038504
-0.001190,-0.036664,-0.041690
-0.001544,-0.040277,-0.028449
-0.002556,-0.047925,-0.020395
-0.005133,-0.049943,-0.011437
-0.000270,-0.047361,0.006531
0.007005,-0.034007,0.019282
0.008645,-0.001481,0.023181
0.008033,0.041329,0.023251
0.009477,0.093031,0.015625
0.009169,0.132211,0.019616
0.011285,0.138947,-0.063732
-0.003657,0.128219,-0.449316
-0.006704,0.099578,-0.400758
0.006906,0.075259,-0.047544
0.007964,0.047002,0.038290
-0.006464,0.030148,0.041256
-0.006853,0.021489,0.020753
-0.005510,0.026003,-0.001095
-0.005497,0.020416,-0.003371
-0.007764,0.002185,-0.004959
-0.010728,-0.015718,-0.016988
-0.006865,-0.034839,-0.015420
-0.001038,-0.043407,-0.017862
-0.002710,-0.023884,-0.015059
-0.001663,0.006829,-0.004927
-0.005570,0.043443,-0.006216
-0.004733,0.074009,0.002850
-0.005441,0.081101,0.010815
-0.002910,0.067629,0.011246
-0.003420,0.056795,0.012294
-0.005763,0.040921,0.005697
-0.003701,0.009770,-0.006372
-0.001783,-0.011978,-0.012689
0.004159,-0.024425,-0.008710
0.002884,-0.020397,-0.004773
0.002273,-0.012765,-0.006509
-0.003979,-0.005820,-0.015968
-0.002447,-0.003189,-0.020486
-0.002529,-0.005242,-0.023965
-0.001040,-0.003397,-0.019559
-0.002236,-0.001420,-0.014585
-0.004521,-0.000085,-0.015378
0.000019,-0.005585,-0.014418
0.003258,-0.006055,-0.010916
0.003818,0.000283,-0.005574
0.008879,-0.001928,-0.003808
0.007310,-0.006299,-0.007148
0.002726,-0.013031,-0.009163
0.008994,-0.017704,-0.003876
0.011365,-0.026953,-0.001764
0.015019,-0.034002,0.011311
0.011388,-0.025222,0.017484
0.005863,-0.010047,0.015023
0.002660,0.006866,0.017747
0.001063,0.026882,0.025010
-0.000245,0.043614,0.029326
-0.001964,0.045856,0.028121
0.003082,0.036006,0.028691
0.007228,0.021948,0.029119
0.003215,-0.002057,0.036014
-0.003657,-0.017273,0.037867
-0.009354,-0.033057,0.033203
-0.011902,-0.048510,0.034364
-0.018520,-0.061594,0.024719
-0.019569,-0.063059,0.016179
-0.013735,-0.062760,0.006538
-0.006751,-0.054786,0.006023
-0.008862,-0.037205,0.003762
-0.007028,-0.012218,-0.003271
-0.004030,0.014915,-0.005584
-0.005014,0.041494,-0.004285
-0.002529,0.046370,0.004268
-0.002006,0.035380,0.008279
-0.004712,0.031298,0.010836
-0.012106,0.042808,0.007418
-0.011678,0.047476,0.008733
-0.012978,0.047812,-0.000422
-0.009191,0.038496,-0.014399
-0.002398,0.017478,-0.020061
0.003265,-0.004934,-0.026765
0.003075,-0.013440,-0.028286
0.005547,-0.003439,-0.023195
0.005890,0.026722,-0.005002
-0.000563,0.062974,-0.000938
0.002996,0.077269,-0.003103
0.004804,0.073121,0.005077
0.007657,0.046364,0.014410
0.004594,0.014837,0.018865
0.000045,-0.011073,0.011532
-0.005529,-0.018113,-0.002740
-0.009035,-0.011542,-0.012510
-0.008406,0.004606,-0.020092
-0.003295,0.011118,-0.018694
0.004673,0.009018,-0.016805
0.006761,0.001973,-0.009028
0.001001,0.000534,-0.005233
0.000343,-0.000702,-0.002882
-0.002457,0.000485,0.004124
-0.005516,0.010688,0.004838
-0.005499,0.018097,0.003498
-0.001456,0.019978,0.006921
-0.000660,0.018800,0.002094
-0.002593,0.029226,-0.008533
0.004264,0.039967,-0.007114
-0.001138,0.046039,-0.009366
-0.005231,0.055300,-0.010473
-0.007284,0.059557,-0.011897
-0.007962,0.044332,-0.017872
-0.000091,0.023694,-0.022045
0.005208,-0.000328,-0.017266
0.003881,-0.014965,-0.014340
0.003876,-0.026411,-0.012241
0.003278,-0.023771,-0.009032
-0.001696,-0.014570,-0.011187
-0.007363,-0.008091,-0.006619
-0.009129,-0.008496,-0.003130
-0.013020,0.000363,-0.012496
-0.006721,0.015769,-0.017173
-0.007553,0.036053,-0.026950
-0.003804,0.045966,-0.038368
-0.001208,0.055162,-0.047655
0.004374,0.046183,-0.051347
0.002012,0.017959,-0.048155
0.001705,0.001030,-0.038015
-0.002625,-0.010206,-0.036069
-0.007111,-0.012120,-0.033621
-0.007387,-0.012940,-0.025936
-0.000224,-0.010641,-0.018707
0.003673,-0.008758,-0.011330
0.006464,-0.002730,-0.005100
0.004627,0.012488,-0.020669
0.002130,0.031756,-0.037773
0.005287,0.037609,-0.034678
0.010166,0.024558,-0.025276
0.008679,0.015548,-0.017953
0.004182,0.007213,-0.017473
0.004591,0.004356,-0.019631
0.004370,0.006565,-0.014674
0.004214,0.010156,-0.006695
0.003838,0.007506,-0.008313
0.003723,0.007354,-0.006431
0.003940,0.010711,0.004214
0.003143,0.017418,0.003408
-0.004282,0.028101,0.002913
-0.001851,0.025717,-0.001764
0.003107,0.011722,-0.014875
0.005255,-0.001535,-0.019416
0.005755,-0.019725,-0.017884
0.003056,-0.030175,-0.032048
0.002964,-0.023311,-0.030618
-0.000789,0.000433,-0.020522
-0.001659,0.032363,-0.008361
-0.000767,0.049150,0.002100
0.000320,0.052633,0.008384
0.006791,0.038581,0.010686
0.009683,0.019213,0.009818
0.007878,0.002541,0.004758
0.010516,-0.009702,0.004445
0.003802,-0.013272,-0.006418
0.003728,-0.015669,-0.007166
0.002314,-0.018019,-0.010710
-0.002005,-0.013676,-0.019115
-0.001692,-0.007471,-0.019386
0.000220,0.012295,-0.017506
-0.000534,0.030507,-0.019617
0.003015,0.046932,-0.013314
0.004960,0.053550,-0.003205
0.006086,0.045185,0.005727
0.005916,0.027463,0.005600
0.006449,0.003575,0.009004
0.007852,0.001650,0.013043
0.004212,0.000310,0.015934
0.003383,0.000518,0.021391
-0.001945,-0.006762,0.027836
-0.008605,-0.013356,0.026957
-0.008372,-0.022748,0.018344
-0.007257,-0.020721,0.002389
-0.001083,-0.010207,-0.002052
-0.000294,-0.001274,-0.006551
0.003449,0.013583,-0.009161
-0.000239,0.032048,-0.012491
-0.006234,0.048333,-0.012529
-0.006850,0.056252,-0.007602
-0.009735,0.059738,-0.004549
-0.002453,0.044109,-0.002650
0.001274,0.017340,-0.001983
0.004054,-0.010880,-0.004756
0.009867,-0.032285,-0.002646
0.008470,-0.032982,-0.002872
0.005407,-0.020297,-0.006101
0.002982,-0.003185,-0.002953
0.004777,0.011074,-0.011686
0.008038,0.020013,-0.009019
0.008358,0.019808,0.007503
0.003666,0.012176,0.004561
0.002613,0.006112,-0.006307
0.003220,-0.000909,-0.004831
0.005255,0.000173,-0.010715
0.008455,0.000921,-0.015865
0.009178,0.007825,-0.013149
0.010130,0.014973,-0.008845
0.005838,0.026068,-0.002688
0.003091,0.026323,0.007270
-0.001969,0.018375,0.019209
-0.007460,0.005712,0.018540
-0.003061,-0.010791,0.021597
-0.001747,-0.016459,0.017627
-0.006433,-0.016600,0.006591
-0.001911,-0.018186,-0.005190
0.006607,-0.023001,-0.007826
0.006752,-0.034054,-0.018837
0.008292,-0.043457,-0.023009
0.009262,-0.052629,-0.016699
0.002825,-0.039403,-0.013712
-0.000768,-0.012718,-0.004938
-0.006942,0.010928,0.004348
-0.008543,0.034143,0.010924
-0.008478,0.041198,0.015045
-0.001112,0.031821,0.012103
0.004791,0.016303,0.007183
0.005275,0.005890,0.010440
0.002130,0.010830,0.005621
0.000186,0.017270,0.011401
-0.003609,0.019059,0.007341
-0.011369,0.030785,-0.013080
-0.008825,0.028940,-0.026562
-0.000955,0.007952,-0.026368
0.007406,-0.003924,-0.027151
0.014223,-0.023311,-0.021376
0.014731,-0.039238,-0.014028
0.010775,-0.039830,-0.004855
0.004735,-0.019428,0.007833
-0.000831,-0.001099,0.023887
-0.005607,0.005422,0.036164
-0.003470,0.005130,0.040685
-0.002783,0.001567,0.041508
-0.008172,-0.001831,0.030991
-0.009596,0.012825,0.018135
-0.008222,0.032130,-0.000563
-0.007695,0.044989,-0.014305
0.000889,0.052315,-0.016502
0.007787,0.038423,-0.024492
0.008087,0.007420,-0.022952
0.008859,-0.009437,-0.014793
0.006512,-0.015299,-0.007121
0.005309,-0.011380,0.004696
0.002633,-0.002184,0.011922
0.000215,0.008261,0.020635
0.000485,0.007613,0.023868
0.006448,-0.001930,0.022646
0.007289,-0.014490,0.016220
0.009733,-0.024329,0.015103
0.008924,-0.033830,0.009203
0.009143,-0.029594,0.002601
0.008575,-0.016951,0.004124
0.007721,-0.007698,0.003892
0.008309,0.003068,0.006983
0.003181,0.011141,0.006445
0.006515,0.018262,0.017799
0.002233,0.016600,0.026293
-0.003041,0.009230,0.023047
-0.003644,-0.000055,0.019104
-0.004849,-0.004060,0.013213
-0.007532,-0.005364,0.005218
-0.001944,0.003790,-0.000328
-0.001018,0.018035,-0.002740
0.003510,0.025046,0.005222
-0.003126,0.025498,0.013307
-0.005619,0.015425,0.023267
-0.008269,-0.006092,0.023700
-0.012304,-0.024293,0.015661
-0.012819,-0.031777,0.010115
-0.008633,-0.021708,0.007369
-0.006462,-0.010697,0.001491
-0.001067,0.004601,-0.001143
0.003953,0.021746,-0.003787
0.001126,0.033477,-0.006328
0.003336,0.042671,-0.003515
0.001526,0.039848,0.005793
-0.007687,0.039828,0.007525
-0.010240,0.045049,0.007118
-0.007402,0.042466,0.000973
-0.000420,0.019953,-0.006908
0.004353,0.000461,-0.009478
0.009265,-0.015717,-0.015875
0.012879,-0.021786,-0.019717
0.012912,-0.019354,-0.020333
0.008867,-0.006725,-0.013390
0.007428,0.005051,-0.001597
0.003462,0.008945,0.012413
-0.002579,0.008922,0.014720
0.002835,-0.001712,0.017131
0.000150,-0.012783,0.026096
0.000645,-0.020181,0.021583
0.001412,-0.021953,0.006836
0.002055,-0.022019,-0.005649
0.002210,-0.021062,-0.010109
0.006855,-0.014080,-0.007741
0.010299,-0.003994,0.002180
0.004029,0.002909,0.001124
0.003939,0.014899,0.010048
-0.001860,0.025178,0.021795
-0.006904,0.025902,0.016588
-0.004247,0.018202,0.022415
-0.004335,0.000877,0.025685
-0.005260,-0.016920,0.030711
-0.002444,-0.037336,0.037234
-0.004912,-0.048604,0.026265
-0.003525,-0.047474,0.018711
-0.005023,-0.033917,0.006519
0.001089,-0.016642,0.006536
-0.002521,-0.004126,0.004393
-0.004197,0.009724,-0.011154
-0.000420,0.019789,-0.009558
0.004736,0.014665,-0.010612
0.003946,0.007092,-0.008532
0.002877,-0.002543,-0.005005
0.000702,-0.004430,-0.002658
-0.003194,0.002556,0.001407
-0.003320,0.002674,0.005276
-0.002734,-0.003943,-0.003417
0.001714,-0.005964,-0.009351
0.003029,0.002183,-0.009662
0.005010,0.012700,-0.004340
0.003218,0.020196,0.002285
0.000300,0.022171,-0.001279
0.002419,0.010395,-0.000544
0.002424,-0.004801,-0.001536
0.002905,-0.022023,0.008323
0.005283,-0.030419,0.003835
0.003253,-0.028397,0.002834
0.004785,-0.012752,0.003766
0.005398,0.014666,0.003182
0.005331,0.025964,-0.002378
0.007479,0.023225,0.000439
0.007040,0.009358,0.003124
0.005843,-0.002064,0.011593
0.003731,-0.009666,0.014372
-0.000412,-0.008601,0.020571
-0.001727,0.000673,0.027655
-0.003969,0.007978,0.024552
-0.004048,0.003704,0.022421
-0.004261,0.001861,0.015187
-0.001482,-0.001529,0.018542
-0.001373,-0.009096,0.016212
0.001681,-0.014205,-0.000210
0.003660,-0.011078,-0.005210
0.005405,-0.008397,0.001176
0.004703,0.006238,0.008264
-0.000512,0.021354,0.009755
-0.004007,0.028280,0.017878
-0.004403,0.027549,0.023621
-0.004234,0.015483,0.022930
-0.005074,0.007124,0.015752
-0.002390,-0.002545,0.012801
0.001123,-0.009216,0.011147
0.000409,-0.011421,0.007739
-0.001454,-0.009935,-0.000790
-0.005436,-0.014435,0.000560
-0.008787,-0.008691,-0.008320
-0.011224,0.005006,-0.008780
-0.010399,0.013136,-0.011764
-0.008763,0.014121,-0.011256
-0.007690,0.014541,-0.008393
-0.002021,0.014925,0.000593
0.001709,0.014148,0.005307
0.002467,0.020373,0.006911
0.006747,0.023658,0.013344
0.006149,0.021079,0.012019
0.006925,0.015562,0.013404
0.007063,0.004814,0.000456
0.006328,-0.012024,-0.007300
0.005462,-0.032190,-0.012651
0.008200,-0.049633,-0.021186
0.006390,-0.045841,-0.032121
0.007461,-0.036135,-0.028803
0.006499,-0.019265,-0.025310
0.007455,-0.000099,-0.018438
0.005892,0.016089,-0.010595
0.006600,0.016285,0.005813
0.002733,0.004428,0.003216
0.004596,-0.020295,0.009156
0.005361,-0.047606,0.017468
0.005319,-0.060385,0.021142
0.005697,-0.050750,0.022000
0.008067,-0.028360,0.026882
0.006412,0.003446,0.030858
0.001740,0.025876,0.031512
0.001398,0.033022,0.034324
-0.003938,0.028143,0.025632
-0.009842,0.014736,0.015637
-0.006664,-0.008996,0.018732
-0.008521,-0.023908,0.011991
-0.008618,-0.028539,0.000895
-0.010779,-0.023761,-0.003327
-0.011292,-0.016828,-0.009190
-0.007077,0.002807,-0.015483
-0.008243,0.012514,-0.013098
-0.002644,0.020650,-0.000247
-0.005863,0.029750,0.007655
-0.009703,0.037767,0.018833
-0.013020,0.031077,0.015777
-0.014482,0.022431,0.010816
-0.013585,0.020735,0.007428
-0.005913,0.011949,0.011974
-0.000944,0.011540,0.003330
-0.000985,0.030861,-0.001711
-0.008839,0.055122,-0.018700
-0.005417,0.062593,-0.018037
-0.001562,0.065284,-0.022822
0.002120,0.062118,-0.020973
0.001750,0.051504,-0.025002
0.006286,0.036071,-0.027294
0.008471,0.021464,-0.027276
0.009430,0.017742,-0.017270
0.008259,0.012648,-0.006498
0.008824,0.010337,0.001806
0.007454,0.012227,0.011227
0.013121,0.008458,0.013975
0.014694,0.003215,0.017432
0.010185,-0.003884,0.014452
0.011098,-0.009697,0.009945
0.011180,0.000357,0.007918
0.008089,0.022156,0.005074
0.006207,0.049823,0.007703
0.006325,0.071014,0.012414
0.003180,0.070022,0.015165
0.001760,0.055434,0.012898
0.005281,0.025874,0.020610
0.007155,-0.010748,0.025681
0.004799,-0.030098,0.015949
0.005027,-0.031084,0.013589
0.002947,-0.019925,0.016271
-0.003264,-0.001617,0.008771
-0.005002,0.014217,0.009395
-0.005062,0.013769,-0.000232
-0.007757,0.013929,-0.003540
-0.004640,0.004236,0.002717
-0.004492,-0.010055,0.010642
-0.009485,-0.019227,0.012354
-0.010033,-0.014442,0.008930
-0.009703,-0.005245,0.009484
-0.011128,0.005216,0.003503
-0.005395,0.007325,-0.004962
-0.000548,0.003697,-0.011410
-0.001586,0.012414,-0.016597
-0.007782,0.016587,-0.022082
-0.005047,0.003559,-0.024506
-0.000954,-0.003967,-0.026930
0.001067,-0.004849,-0.024072
0.004007,0.002230,-0.015728
0.007361,0.006290,-0.005694
0.001613,0.017416,-0.010852
0.002618,0.028338,-0.004379
0.004030,0.026009,0.003560
0.001959,0.018597,-0.000641
0.001261,0.014348,-0.007372
0.008569,0.004038,-0.008992
0.010654,-0.009697,-0.013167
0.008803,-0.016302,-0.010918
0.010578,-0.025095,-0.019144
0.012051,-0.024736,-0.019007
0.010107,-0.018006,-0.019360
0.007110,-0.005126,-0.009326
0.009914,-0.003555,0.011033
0.008071,0.003496,0.024864
-0.000793,0.008044,0.023569
0.002637,0.004288,0.025951
0.005918,-0.007005,0.022232
0.004252,-0.011500,0.013064
0.007386,-0.016216,0.005810
0.005742,-0.010053,0.005833
0.000916,0.000647,0.001079
-0.000419,0.012734,-0.002525
0.000843,0.019239,-0.004247
0.001608,0.017011,0.008548
0.003579,0.005857,0.016211
0.003693,-0.012858,0.019958
0.001472,-0.029379,0.023952
-0.004275,-0.045708,0.017972
-0.007922,-0.053607,0.011189
-0.009987,-0.054041,0.010627
-0.004461,-0.044933,0.001554
-0.004783,-0.023886,-0.008360
-0.000191,-0.004300,-0.008924
0.002860,0.021380,-0.007829
0.002486,0.035287,0.002772
0.004631,0.035980,0.011035
-0.003445,0.035906,0.001427
-0.009287,0.020503,-0.004423
-0.005991,-0.007397,-0.000377
0.000172,-0.037646,-0.005100
0.004581,-0.049107,-0.004100
0.007618,-0.051897,0.000666
0.006820,-0.038551,-0.002458
0.000377,-0.006654,-0.013737
-0.005210,0.020771,-0.001675
-0.008216,0.024290,0.002236
-0.005509,0.023131,-0.003356
0.000560,0.012472,0.001494
0.000123,0.001699,-0.005297
0.005219,-0.004691,-0.005134
0.003680,-0.003941,0.001996
0.001296,0.004270,0.010027
-0.002240,0.010083,0.010056
0.001626,0.008356,0.015578
0.005152,0.009886,0.015539
0.001841,0.011426,0.014356
0.001914,0.012543,0.010086
0.002499,0.010124,0.003339
-0.005506,-0.001963,-0.004494
-0.003564,-0.016853,-0.011075
-0.001459,-0.033858,-0.011417
-0.004695,-0.032142,-0.013094
-0.004131,-0.010884,-0.014989
-0.003950,0.009102,-0.007241
-0.008317,0.029449,-0.005438
-0.007650,0.048300,0.000934
-0.005364,0.037437,0.012040
-0.006563,0.018791,0.014430
-0.007937,0.000583,0.006648
-0.002950,-0.014599,0.000490
-0.000878,-0.016216,-0.006739
0.001159,-0.003806,-0.016265
0.009859,0.009808,-0.012340
0.014432,0.015040,-0.010221
0.011718,0.026099,-0.013297
0.004925,0.036097,-0.002360
0.004054,0.031860,0.005035
0.006546,0.022164,0.012066
0.002334,0.013181,0.018996
0.005123,0.009709,0.023313
0.009058,0.001583,0.020716
0.009683,0.003535,0.014876
0.000036,0.010838,0.015432
-0.001849,0.007418,0.022372
-0.000533,-0.007168,0.016455
-0.007554,-0.015052,0.006329
-0.013769,-0.017596,-0.002420
-0.016862,-0.023107,-0.016138
-0.013738,-0.026632,-0.026548
-0.008250,-0.032134,-0.040938
-0.004641,-0.028376,-0.047064
-0.001505,-0.024063,-0.050847
0.001950,-0.017350,-0.051904
0.004199,-0.004151,-0.044910
0.004266,0.004047,-0.028489
0.003190,0.011676,-0.008816
-0.002240,0.012421,0.002921
-0.002990,0.002902,0.012487
-0.006101,-0.002414,0.011788
-0.005478,-0.010482,0.004284
-0.000094,-0.008010,-0.004327
0.005854,0.005314,-0.019398
0.008752,0.022826,-0.032407
0.011633,0.026566,-0.040253
0.012953,0.019411,-0.040265
0.010626,0.005963,-0.030345
0.010321,-0.004721,-0.022294
0.008618,-0.011693,-0.002634
0.004904,-0.011285,0.016465
0.001183,-0.006250,0.031769
-0.001082,-0.011493,0.030698
-0.000931,-0.026132,0.029334
-0.002183,-0.044950,0.026360
-0.001569,-0.053503,0.013616
-0.000546,-0.044899,-0.006062
-0.001791,-0.017239,-0.016853
-0.001788,0.024054,-0.018861
-0.003299,0.056884,-0.026550
-0.001768,0.070014,-0.025478
-0.000472,0.057568,-0.017489
0.000775,0.029683,-0.002203
-0.000017,0.000558,0.011990
-0.004301,-0.025603,0.019597
-0.002994,-0.033133,0.020832
-0.000557,-0.033522,0.018220
0.001853,-0.024704,-0.000646
0.011103,-0.016199,-0.015703
0.010505,-0.004973,-0.018581
0.012111,0.008892,-0.016427
0.006153,0.014172,-0.017016
0.001867,0.014907,-0.012100
-0.002730,0.012133,-0.010044
-0.000644,0.005005,0.002459
0.004160,-0.002664,0.016436
0.007865,-0.009199,0.015568
0.011633,-0.006381,0.017733
0.017902,-0.001177,0.020245
0.013763,0.014605,0.019468
0.010183,0.025193,0.020901
0.008368,0.023718,0.017144
0.002283,0.020410,0.019810
-0.001062,0.005675,0.027987
-0.005513,-0.009104,0.031021
-0.007802,-0.020195,0.020306
-0.006982,-0.030016,0.022366
-0.004886,-0.036970,0.016214
-0.000296,-0.044133,0.006103
0.002385,-0.041277,-0.005562
0.005234,-0.030848,-0.010039
0.006066,-0.009846,-0.011532
0.001897,0.006511,-0.010816
0.000196,0.017343,-0.006261
-0.004324,0.017547,0.010422
-0.006370,0.013850,0.021621
-0.006188,0.008784,0.022913
-0.007094,0.005284,0.027547
-0.006302,0.003730,0.026387
-0.002943,-0.000131,0.022259
-0.004303,-0.007049,0.007929
0.000769,-0.020605,-0.008500
0.003186,-0.024484,-0.011507
0.003370,-0.018483,-0.013897
0.001143,-0.006500,-0.008960
-0.001099,0.007831,-0.002653
0.000688,0.017368,0.004306
-0.002170,0.026640,0.019078
-0.001187,0.027653,0.022799
-0.003328,0.024753,0.021400
-0.000266,0.011482,0.019780
-0.000464,-0.002112,0.013323
-0.000440,-0.016699,0.007045
-0.000708,-0.016909,0.000699
0.002721,0.002560,-0.006488
-0.000023,0.022115,-0.006921
0.000826,0.034342,-0.015520
0.004078,0.026389,-0.012348
0.001830,0.008096,-0.004941
0.007111,-0.011838,0.002949
0.006089,-0.024280,0.008503
0.001581,-0.006180,0.005563
0.001127,0.002848,0.011052
-0.000767,0.003745,0.015970
-0.001255,-0.002410,0.013231
-0.002519,-0.005010,0.005010
-0.001469,-0.002651,-0.003729
-0.004195,-0.006225,-0.010743
-0.002390,-0.027682,-0.016960
0.002526,-0.042990,-0.020089
-0.000074,-0.040489,-0.025702
-0.002193,-0.015336,-0.018380
-0.003934,0.017907,-0.014815
-0.004649,0.052598,-0.010649
-0.001814,0.069674,-0.004040
0.003996,0.065938,-0.000405
0.007632,0.037907,0.008113
0.011745,0.007834,0.014326
0.012604,-0.015732,0.017167
0.007621,-0.023387,0.012018
0.006459,-0.022691,0.008587
0.009204,-0.036315,0.013868
0.001958,-0.046239,0.004763
-0.001937,-0.053857,0.007102
-0.002972,-0.054791,-0.003041
-0.004715,-0.040956,-0.012137
-0.005886,-0.005561,-0.008584
-0.006132,0.037791,-0.003788
-0.007839,0.071096,-0.001210
-0.007361,0.081572,0.001215
-0.005407,0.072385,0.000929
-0.001933,0.044810,0.002580
0.002787,0.020947,0.012666
0.000976,0.001618,0.008732
-0.001594,0.000823,0.007901
-0.003454,0.006974,0.007002
0.000379,0.014910,0.010420
0.005680,0.025971,0.003406
0.012386,0.026364,0.002760
0.016535,0.014418,0.006098
0.013376,-0.000903,0.005383
0.010759,-0.022293,0.010493
0.011768,-0.050469,0.021905
0.001370,-0.063540,0.017585
-0.000804,-0.062091,0.019453
0.000294,-0.059212,0.019874
-0.004564,-0.037956,0.016449
-0.009796,-0.003978,0.013312
-0.010008,0.029268,0.014220
-0.006302,0.049556,0.008915
-0.006822,0.058495,0.008973
-0.007373,0.048995,0.001573
-0.006731,0.024595,-0.010106
-0.004516,-0.004122,-0.018185
-0.005701,-0.029147,-0.022217
-0.002594,-0.047130,-0.019892
-0.004389,-0.044268,-0.016526
-0.006128,-0.027368,-0.012773
-0.003785,-0.011250,-0.009724
-0.001948,0.001446,-0.004145
-0.000758,0.006447,-0.006191
0.000013,0.004691,-0.010143
0.002175,-0.007028,-0.010255
0.003180,-0.014985,-0.007099
0.002705,-0.004656,-0.005357
0.001520,0.007263,-0.001786
0.002955,0.015320,0.002553
0.002921,0.023117,-0.001769
-0.000680,0.021784,-0.004912
0.005975,0.003695,-0.008262
0.011273,-0.022496,-0.004487
0.005560,-0.034690,-0.011201
0.004408,-0.035532,-0.006620
0.005573,-0.024721,-0.006130
0.002045,-0.005850,-0.005414
-0.002768,0.006437,-0.004115
0.001441,0.007651,-0.001575
0.002941,-0.000229,-0.001432
0.003007,-0.004446,0.004260
0.001087,-0.004701,0.007578
-0.001329,-0.006427,0.006627
-0.001608,-0.005025,0.002816
-0.001557,-0.000289,0.010016
-0.002554,0.005890,0.010102
-0.005598,0.013982,0.014524
-0.006908,0.018881,0.009682
-0.008333,0.025184,0.015779
-0.009533,0.029822,0.025883
-0.007869,0.028571,0.014859
-0.006297,0.012486,0.001495
-0.003708,-0.014912,-0.005717
-0.001659,-0.046248,-0.013772
0.000378,-0.052424,-0.020397
-0.000204,-0.043201,-0.026864
-0.000729,-0.021852,-0.031345
-0.001847,0.004754,-0.029500
0.002889,0.022916,-0.021886
0.006145,0.029260,-0.019176
0.006716,0.029520,-0.013999
0.003549,0.026150,-0.004691
0.003744,0.007546,0.004433
0.002974,-0.004631,0.010754
0.005473,-0.011508,0.013759
0.008727,-0.011877,0.019099
0.012480,0.001744,0.014297
0.010943,0.016269,0.009823
0.009643,0.027917,-0.003380
0.014251,0.023865,-0.001711
0.014064,0.007048,-0.001841
0.007084,-0.003759,0.001200
0.007035,-0.011349,0.017351
0.002433,-0.002484,0.017170
-0.003857,0.008144,0.020709
-0.000095,0.004664,0.031207
-0.000673,-0.001703,0.021533
-0.004365,-0.003647,0.014810
-0.001104,-0.008480,-0.001371
0.004993,-0.014889,-0.014154
0.008943,-0.016190,-0.021175
0.006323,-0.011567,-0.017939
0.002952,0.003266,-0.007029
0.005178,0.004625,0.003490
0.011196,0.015392,0.008952
0.010070,0.022277,0.024219
0.001726,0.019237,0.038451
-0.007835,0.007171,0.038344
-0.009849,-0.019748,0.032955
-0.004631,-0.048676,0.018495
-0.000463,-0.063143,0.011098
0.001564,-0.068051,0.002701
0.002287,-0.057122,-0.014337
-0.002794,-0.032654,-0.023131
-0.009184,-0.005505,-0.023928
-0.013916,0.007634,-0.023290
-0.012806,0.011402,-0.021247
-0.007586,0.010276,-0.012048
-0.000736,0.007983,0.002689
0.005831,0.003542,0.006606
0.011403,0.004899,0.009505
0.011659,0.009908,0.014001
0.013018,0.023637,0.018731
0.014771,0.034758,0.030546
0.006855,0.047996,0.037605
0.004206,0.053172,0.045653
0.002430,0.046128,0.050472
0.003924,0.033536,0.046711
0.001051,0.016270,0.041899
0.001263,-0.005742,0.030567
0.003937,-0.030702,0.013491
0.000985,-0.037021,0.002140
-0.000216,-0.036371,-0.011321
0.001225,-0.030790,-0.013876
-0.000453,-0.010482,-0.015847
-0.002740,0.014277,-0.008010
-0.002573,0.032814,0.007580
-0.004413,0.042760,0.018099
-0.009078,0.049497,0.025893
-0.009014,0.045310,0.034719
-0.005498,0.023769,0.031445
-0.002762,0.000088,0.024280
-0.001496,-0.018548,0.021494
-0.000431,-0.036410,0.011538
-0.001952,-0.041109,0.004594
-0.002968,-0.035958,-0.005395
-0.005339,-0.015762,-0.008367
-0.005669,0.004131,-0.011865
-0.001914,0.018714,-0.001473
-0.004189,0.036506,0.001083
-0.005163,0.040193,-0.004264
0.000301,0.026520,0.000745
-0.001986,0.004277,0.002977
-0.004088,-0.022928,-0.003637
-0.000606,-0.034569,-0.011151
-0.000661,-0.028455,-0.013578
-0.004090,-0.004222,-0.013056
-0.004753,0.017376,-0.006574
-0.002617,0.035025,0.000504
-0.002642,0.047707,0.008330
-0.004475,0.046954,0.005532
-0.001518,0.034584,-0.000858
0.005251,0.020793,-0.006778
0.007046,-0.006608,-0.004132
0.008309,-0.028064,-0.004080
0.007846,-0.040738,-0.006878
0.007461,-0.040100,-0.011664
0.008013,-0.027940,-0.008704
0.004972,-0.013154,-0.002802
0.003091,-0.000438,-0.000594
0.001482,0.009960,-0.006030
0.001004,0.012827,-0.004908
0.005327,0.010229,-0.001768
0.006576,0.005207,-0.001099
0.004730,0.001924,-0.002066
0.008083,-0.002544,-0.006462
0.005977,-0.002977,-0.003820
0.002125,0.003740,0.002656
0.004181,0.004422,0.009650
0.000996,0.019362,0.020033
-0.004109,0.024735,0.021312
-0.003070,0.020563,0.019961
0.004047,0.011446,0.012058
0.006684,0.001488,0.004780
0.004711,-0.004521,0.002090
0.001773,-0.019044,-0.000862
0.006605,-0.035677,-0.003958
0.006080,-0.039475,-0.003419
0.007834,-0.031578,-0.009288
0.009612,-0.022497,0.000438
0.008619,-0.004718,0.015306
-0.000262,0.009013,0.032015
-0.004808,0.012255,0.040417
-0.003614,0.008360,0.040856
-0.015886,0.002837,0.035796
-0.016305,-0.011625,0.023206
-0.012306,-0.034175,0.001923
-0.007578,-0.052856,-0.008584
-0.004124,-0.050404,-0.017461
-0.000654,-0.033914,-0.024522
-0.005085,-0.006399,-0.028104
-0.010614,0.024959,-0.028909
-0.007074,0.040650,-0.020767
0.000494,0.039248,-0.011969
0.000316,0.029377,0.000403
0.004878,0.008767,0.015105
0.013812,-0.022179,0.028583
0.008983,-0.034717,0.028383
0.005353,-0.027346,0.018848
0.007506,-0.019292,0.012677
0.007577,-0.007550,0.002419
0.009795,0.009785,-0.004539
0.013051,0.023247,-0.003844
0.011560,0.029967,0.006869
0.001731,0.037976,0.010907
-0.003364,0.035361,0.027307
-0.004498,0.028967,0.031342
-0.004281,0.013097,0.023723
0.001216,-0.011388,0.024899
0.009154,-0.042280,0.023996
0.009321,-0.054935,0.014702
0.009891,-0.040260,0.013379
0.000982,-0.013528,0.011907
-0.003580,0.022162,0.011571
-0.006277,0.050189,0.013345
-0.009597,0.053003,0.014626
-0.007145,0.045214,0.012126
-0.006950,0.019394,0.012853
-0.000059,-0.011990,0.013716
0.003249,-0.039961,0.016505
-0.006700,-0.046156,0.005151
-0.008483,-0.043277,-0.000804
-0.003193,-0.035824,-0.005336
-0.002677,-0.016130,-0.014296
-0.005698,0.006091,-0.013624
-0.003568,0.018982,-0.006916
0.000211,0.023391,-0.009606
0.002875,0.029746,-0.012397
0.003013,0.026786,-0.012961
-0.000870,0.009235,-0.008838
0.002771,-0.021846,-0.005828
0.006411,-0.048360,-0.006195
0.008475,-0.058989,-0.000667
0.002190,-0.053239,0.010103
-0.002686,-0.026695,0.013099
-0.009292,0.002309,0.016776
-0.008327,0.018038,0.015561
-0.004271,0.019918,0.015982
-0.002191,0.011124,0.012660
-0.001959,0.007799,0.007645
-0.004805,0.009156,-0.003333
-0.007992,0.021250,-0.020360
-0.006129,0.018248,-0.027220
0.000118,0.003315,-0.033923
0.000776,0.000424,-0.027009
-0.002745,0.001816,-0.026836
-0.001267,0.009974,-0.022238
-0.003313,0.015554,-0.009343
-0.001796,0.024997,-0.000966
-0.000443,0.032555,0.007001
0.000543,0.032371,0.010039
0.004310,0.037679,0.007192
0.003481,0.031859,0.000281
0.005829,0.024161,-0.006601
0.001602,0.011907,-0.015015
0.002895,0.003836,-0.028648
0.006622,-0.007798,-0.026273
0.004572,-0.009939,-0.021809
0.007068,-0.004214,-0.011209
0.004222,0.005744,0.000795
-0.000457,0.019848,0.001944
-0.001301,0.029544,0.002821
0.004726,0.031788,-0.000475
0.011989,0.028281,-0.002031
0.013794,0.026322,0.001363
0.016310,0.022707,0.005510
0.014929,0.017476,0.000372
0.010122,0.015631,-0.001035
0.007900,0.016478,-0.007308
0.008990,0.002587,-0.004514
0.005157,-0.011499,-0.002133
0.004513,-0.027661,-0.001711
0.003876,-0.041707,0.001339
-0.002562,-0.046918,0.002951
-0.007754,-0.041872,-0.000071
-0.004601,-0.036821,0.006072
-0.002931,-0.024629,0.007355
-0.006769,-0.000526,0.014202
-0.009925,0.019650,0.011809
-0.011139,0.034673,0.006160
-0.010962,0.032089,0.002597
-0.007107,0.017034,0.000674
-0.008796,0.001956,-0.006076
-0.003988,-0.011680,-0.006058
-0.001921,-0.010048,-0.002058
-0.003962,0.000163,0.001034
-0.011992,0.015120,0.000223
-0.011654,0.024231,-0.009673
-0.011353,0.025376,-0.012298
-0.011983,0.023447,-0.011501
-0.008714,0.018667,-0.014141
-0.003591,0.013002,-0.015886
0.000452,0.016135,-0.014894
0.002051,0.020935,-0.022664
0.005665,0.025729,-0.023115
0.008334,0.027575,-0.022553
0.010337,0.026140,-0.021012
0.007103,0.022681,-0.017265
0.005090,0.015792,-0.006926
0.004811,0.015070,-0.000111
-0.001141,0.014641,0.004351
0.000613,0.010709,0.004582
0.003273,0.003174,0.005201
0.002016,0.007354,0.002923
0.005482,0.009888,-0.004872
0.006011,0.005150,-0.007949
0.008542,0.002780,-0.015327
0.009448,-0.002153,-0.018513
0.009182,-0.011916,-0.019424
0.006636,-0.028153,-0.014253
0.004181,-0.036555,-0.012242
0.001642,-0.022839,-0.008121
0.001859,-0.006703,0.000933
0.005462,0.002162,-0.001291
0.010699,0.002269,-0.001039
0.010682,0.004544,-0.003571
0.009172,-0.001899,-0.010646
0.007593,-0.012773,-0.012176
0.007150,-0.018750,-0.008021
0.006694,-0.022886,-0.007927
0.005439,-0.024663,-0.001668
0.001884,-0.016051,0.007444
-0.005602,0.000687,0.014784
-0.003781,0.004187,0.022435
-0.003264,0.005775,0.018568
-0.006538,0.002182,0.011259
-0.005584,-0.010892,0.008869
-0.002892,-0.013286,0.003740
-0.007272,-0.005759,-0.003086
-0.011225,0.005250,-0.010535
-0.014411,0.009183,-0.016939
-0.011366,0.010246,-0.020647
-0.006726,0.010949,-0.013272
-0.010235,0.006088,-0.007915
-0.008742,-0.000146,-0.011494
-0.010156,0.001454,-0.013766
-0.007531,0.005695,-0.016065
-0.005226,0.008969,-0.019505
-0.004709,0.014277,-0.014220
-0.002321,0.021799,-0.017749
-0.003960,0.019869,-0.020918
-0.003847,0.020392,-0.020707
-0.001227,0.010707,-0.021866
0.002249,0.005737,-0.024183
0.001410,0.009162,-0.017511
0.000497,0.014741,-0.014057
0.000101,0.018919,-0.010859
0.000623,0.022251,-0.016315
0.000581,0.023423,-0.017310
0.002534,0.020973,-0.018451
0.005755,0.017142,-0.022016
