-0.014233,-0.105043,0.040152
-0.010203,-0.033404,0.025833
-0.012170,0.038121,0.023205
-0.015215,0.089367,0.023658
-0.013387,0.112958,0.012172
-0.010631,0.120530,0.001572
-0.014756,0.123807,-0.005863
-0.022793,0.123875,-0.012174
-0.027902,0.104513,0.003628
-0.018350,0.077918,-0.110003
-0.031434,0.046456,-0.688681
-0.012053,0.040670,-0.540524
0.014633,0.002311,-0.016913
0.010040,-0.030754,0.084303
-0.004565,-0.035616,0.036464
0.007216,-0.036551,0.022585
0.017290,-0.032233,0.017241
0.026304,-0.013979,0.005673
0.017843,0.001103,-0.009119
0.009392,0.024629,-0.013075
0.013647,0.046018,-0.017106
0.020969,0.045959,-0.010677
0.025094,0.048171,-0.018051
0.021761,0.057774,-0.017981
0.017301,0.067473,-0.027432
0.018535,0.077111,-0.030503
0.016955,0.069652,-0.031651
0.019340,0.052599,-0.033915
0.014969,0.027018,-0.036185
0.014390,0.014183,-0.033080
0.004896,0.001403,-0.035251
-0.005577,-0.013504,-0.038551
-0.006245,-0.028433,-0.039721
-0.002969,-0.044586,-0.024965
0.006065,-0.053245,-0.012224
-0.000527,-0.079922,-0.012429
-0.008135,-0.066969,-0.027221
-0.013934,-0.047637,-0.039833
-0.011026,-0.005008,-0.034204
-0.006143,0.037682,-0.034961
-0.006205,0.059912,-0.016764
-0.010193,0.065246,-0.016739
-0.009324,0.046110,-0.024333
0.000335,0.017225,-0.017130
-0.000667,-0.003182,-0.004609
-0.003509,-0.024457,-0.011120
-0.004316,-0.028716,-0.012218
-0.004210,-0.025535,-0.010054
-0.000253,-0.011589,-0.017402
0.000773,0.011959,-0.024666
0.005595,0.027864,-0.013896
0.001595,0.023613,-0.014897
-0.007233,0.004380,-0.012956
-0.010198,-0.006323,-0.009859
-0.004378,0.001203,-0.015064
-0.005327,0.009751,-0.016044
-0.003343,0.033114,-0.004190
-0.003304,0.061964,-0.008245
-0.006227,0.081359,-0.027216
-0.007321,0.088667,-0.011270
-0.001634,0.082010,0.014173
0.007081,0.047769,0.023458
0.010063,0.005189,0.012497
0.006287,-0.030956,-0.001634
0.005447,-0.056405,-0.017788
0.001638,-0.050123,-0.006109
-0.001199,-0.035114,-0.013411
-0.008941,-0.012857,0.001597
-0.014775,-0.006464,0.002735
-0.016774,-0.006537,0.010183
-0.011946,-0.000106,0.008129
-0.010076,0.012744,0.004010
-0.003404,0.045768,0.009577
0.001355,0.058646,0.002234
-0.001696,0.056500,0.003270
-0.000808,0.033999,0.012672
0.004057,0.002984,0.019883
0.009972,-0.018296,0.013317
0.012993,-0.021343,-0.002689
0.008181,-0.003090,-0.014270
0.011105,0.016103,-0.013097
0.015961,0.024595,-0.008806
0.014011,-0.001072,-0.003759
0.018895,-0.037394,0.000195
0.024786,-0.059919,0.011684
0.020926,-0.064142,0.007437
0.019001,-0.038360,-0.009273
0.010224,-0.006297,-0.013161
0.005352,0.017199,-0.013927
0.008254,0.022570,-0.017022
0.013103,0.009718,-0.012896
0.014053,-0.015837,-0.018397
0.016016,-0.025394,-0.022712
0.016063,-0.037006,-0.035568
0.008345,-0.035966,-0.033484
0.010416,-0.024263,-0.030254
0.000758,-0.010272,-0.042976
-0.006999,0.003695,-0.052424
-0.011885,-0.000611,-0.048177
-0.011878,-0.018952,-0.028142
-0.012848,-0.026497,-0.020794
-0.021614,-0.028724,-0.011222
-0.025518,-0.000070,0.004994
-0.030412,0.013762,0.009394
-0.027485,0.021267,0.006290
-0.022610,0.000953,0.010412
-0.019683,-0.020421,0.013415
-0.021553,-0.064269,0.022582
-0.018469,-0.111381,0.038094
-0.010384,-0.150723,0.023997
-0.010005,-0.196692,0.032077
-0.009670,-0.214031,0.058480
-0.003485,-0.191784,0.075728
-0.005079,-0.175681,0.066325
-0.001878,-0.155295,0.054784
-0.001663,-0.125343,0.047591
0.001414,-0.100705,0.038221
0.004455,-0.054736,0.030092
0.004464,-0.012987,0.016587
0.000533,0.036227,0.003070
-0.004426,0.071405,0.006506
-0.003561,0.091664,0.007668
-0.008560,0.076776,0.002190
-0.001856,0.048863,0.018959
0.003960,0.019867,0.037909
0.012743,0.001643,0.046273
0.016679,-0.005824,0.046242
0.016710,-0.008875,0.031374
0.014805,-0.011908,0.014343
0.018708,0.005372,-0.006811
0.016720,0.020511,-0.026888
0.016624,0.023743,-0.030057
0.017538,0.015260,-0.035444
0.014582,-0.007290,-0.021868
0.018453,-0.010649,-0.005953
0.016515,-0.019342,0.009936
0.015592,-0.031068,0.008829
0.011784,-0.043849,0.006637
0.007024,-0.045981,0.006638
0.016851,-0.041647,0.000330
0.019834,-0.018020,-0.014362
0.010070,0.003511,-0.033315
-0.000706,0.024916,-0.039472
-0.008562,0.017478,-0.042721
-0.006641,0.000385,-0.040728
-0.001764,-0.003852,-0.043955
-0.002735,-0.010268,-0.042949
-0.010576,0.003402,-0.022675
-0.009606,0.017204,-0.015086
-0.003766,0.025623,-0.003347
-0.010615,0.029765,0.009429
-0.005766,0.027731,-0.000090
0.001041,0.020264,-0.000136
0.001984,0.027797,-0.006443
-0.002935,0.029095,-0.029782
-0.006866,0.017411,-0.035169
-0.005885,-0.005091,-0.025809
-0.005854,-0.036110,-0.018625
-0.002837,-0.067242,0.000286
0.003166,-0.089741,0.009729
0.000419,-0.106928,0.021342
-0.005232,-0.106894,0.018194
-0.008952,-0.080122,0.008822
-0.005909,-0.041636,0.001661
-0.003924,-0.015940,-0.006646
0.000944,0.009730,-0.012851
-0.002010,0.010795,-0.012876
-0.002051,0.019326,-0.012870
-0.008916,0.018309,-0.018226
-0.009929,0.030023,-0.016036
-0.009970,0.031067,-0.013925
-0.009982,0.018223,-0.009738
-0.011914,-0.009556,-0.006789
-0.007016,-0.028954,0.012169
-0.005010,-0.041820,0.018443
-0.003001,-0.035358,0.012077
0.001897,-0.022515,0.007876
0.001898,0.006313,0.005930
-0.004981,0.035124,0.006139
-0.004090,0.064887,0.018078
-0.008096,0.073360,0.024533
-0.007236,0.072373,0.017166
-0.004373,0.053297,0.004300
-0.005394,0.031015,-0.008635
-0.006408,-0.000977,-0.011002
-0.006421,-0.011745,-0.001560
-0.006388,-0.010680,-0.001585
0.004305,0.009488,0.009202
0.004252,0.033922,0.020014
0.002245,0.048832,0.023348
0.009026,0.042405,0.026522
0.013849,0.034882,0.031769
0.016773,0.011395,0.032660
0.024614,-0.020415,0.012242
0.024664,-0.038365,-0.007014
0.009112,-0.037248,-0.012351
-0.000632,-0.007351,-0.014261
0.002254,0.034315,-0.018079
0.006106,0.047122,-0.017982
0.003134,0.043835,-0.009529
-0.001774,0.025608,-0.001156
-0.005682,-0.000170,0.015645
-0.004680,-0.011929,0.018778
-0.000747,-0.012995,0.018775
0.000252,-0.004412,0.013512
0.004165,0.010643,0.001944
0.003215,0.017118,-0.005441
0.008101,0.019469,-0.027793
0.003180,0.017301,-0.024699
-0.007624,0.019423,-0.023640
-0.007703,0.014153,-0.030011
-0.006795,0.011883,-0.016202
-0.010713,-0.005389,0.003849
-0.006791,-0.010848,0.016590
-0.009690,-0.008679,0.013502
-0.012610,0.000906,0.015736
-0.005802,0.019098,0.010555
-0.002944,0.041457,0.014891
-0.002059,0.058541,0.013958
0.004685,0.059724,0.002275
0.002688,0.032021,-0.002239
0.006558,0.001044,0.000694
0.007571,-0.030980,0.001525
0.005686,-0.048030,-0.000705
0.000917,-0.056498,-0.007104
-0.001936,-0.044749,-0.008070
-0.002865,-0.020214,-0.006795
-0.001855,0.004278,-0.001262
0.004009,0.017165,-0.009672
0.005911,0.031074,-0.013871
0.000938,0.055695,-0.022227
0.005638,0.077024,-0.021014
0.005498,0.082349,-0.019942
0.005394,0.074845,-0.016852
0.004320,0.051296,-0.009589
0.008153,0.029841,0.001958
0.011074,0.003150,0.003937
0.008193,-0.024564,0.000512
0.001414,-0.035223,-0.000621
0.000505,-0.034043,-0.012332
-0.007288,-0.019062,-0.016495
-0.005388,0.021391,-0.006619
-0.001550,0.040521,0.000991
-0.004517,0.040498,0.003093
-0.002602,0.026662,-0.000213
-0.010404,0.003388,-0.020563
-0.009444,-0.011551,-0.020680
-0.008498,-0.011790,0.003806
-0.009439,-0.015050,0.010192
-0.003530,-0.005429,0.008092
-0.005478,0.011601,0.012443
-0.004578,0.032922,0.014751
-0.003682,0.054210,0.020236
-0.002786,0.053207,0.013861
0.003984,0.035084,0.011560
0.005924,0.004182,0.007081
0.001084,-0.022371,-0.005912
-0.003759,-0.034140,-0.002804
-0.003773,-0.012938,0.012327
-0.006681,0.005301,0.002964
-0.000801,0.019152,0.005207
0.004043,0.019121,0.008390
0.010870,0.007360,0.010438
0.012820,-0.009703,0.009228
0.011844,-0.016229,0.021930
0.014791,-0.004458,0.018857
0.007034,0.007474,-0.001296
0.005072,0.036419,-0.014914
0.007912,0.044905,-0.009528
0.014690,0.036273,-0.000046
0.020533,0.003116,0.007121
0.025444,-0.019287,0.005809
0.015728,-0.023279,-0.021857
0.001113,-0.007095,-0.039810
0.001036,0.013290,-0.050216
-0.000031,0.022894,-0.050125
-0.005935,0.016326,-0.033135
-0.005944,-0.009470,-0.014164
-0.004943,-0.033185,0.010139
-0.003847,-0.048274,0.024862
-0.006696,-0.034268,0.011107
-0.013486,-0.020293,0.000570
-0.009595,0.007545,-0.008764
-0.014485,0.019343,-0.015090
-0.010643,0.022492,-0.009765
-0.002890,0.025606,-0.001276
0.001959,0.025511,0.008251
-0.007817,0.012738,0.004970
-0.008815,-0.002275,0.012294
-0.005894,-0.012973,0.015440
-0.003907,-0.008647,0.010241
0.000017,-0.002168,0.002891
0.005870,-0.000086,0.008243
0.011720,0.001913,0.022089
0.020550,-0.006594,0.018832
0.021562,-0.013908,0.002789
0.021563,0.009763,-0.017283
0.010754,0.042988,-0.031917
0.000848,0.076151,-0.040137
-0.001263,0.077244,-0.042194
0.003507,0.049495,-0.041307
0.003491,0.002348,-0.021440
0.004512,-0.039475,-0.000487
0.003601,-0.051232,0.001567
-0.004116,-0.040561,0.001661
-0.012866,-0.003170,-0.002271
-0.010917,0.036372,-0.008347
-0.008043,0.061995,-0.010363
-0.004247,0.080285,-0.026230
-0.003430,0.077049,-0.023102
-0.004533,0.053418,-0.007387
-0.004599,0.022301,0.009319
-0.001651,-0.005422,0.006975
0.002301,-0.024566,0.000448
0.005251,-0.023515,0.001492
0.005244,-0.015064,0.010055
0.001346,-0.013043,0.021779
0.001385,-0.019487,0.025981
0.006316,-0.023860,0.036524
0.006371,-0.015302,0.034470
-0.000449,0.004093,0.015534
0.003404,0.038460,-0.006518
0.002314,0.058875,-0.020148
-0.003664,0.065354,-0.027499
-0.005700,0.038679,-0.027704
-0.003822,0.001160,-0.011041
0.000101,-0.028770,-0.005955
0.002145,-0.060784,-0.006228
-0.002637,-0.058903,0.019297
-0.010338,-0.047265,0.030079
-0.010216,-0.049395,0.030130
-0.012003,-0.067522,0.028966
-0.005006,-0.086837,0.039415
-0.006818,-0.081491,0.038394
-0.006678,-0.080442,0.040545
-0.007488,-0.105998,0.035051
-0.010187,-0.115344,0.008339
-0.011004,-0.120704,0.010380
-0.002121,-0.083541,0.029845
0.005775,-0.050630,0.047117
0.015614,-0.011128,0.045312
0.017639,0.005087,0.024170
0.010830,0.008361,0.016750
0.013757,0.006265,0.012432
0.016662,0.015974,0.001836
0.013690,0.032039,-0.004460
0.014591,0.038471,-0.007572
0.020392,0.037434,-0.010792
0.022277,0.027821,-0.009815
0.013473,0.020437,-0.018362
0.010488,0.017260,-0.020470
0.009447,0.027900,-0.017180
0.004511,0.035513,-0.030902
0.001506,0.036635,-0.036170
0.000482,0.022742,-0.034134
0.003360,0.004462,-0.020507
0.001395,-0.000989,-0.008862
-0.006409,0.002256,-0.013071
-0.007396,-0.000882,-0.019436
0.000411,-0.012648,-0.016300
0.000468,-0.031986,-0.003749
0.000563,-0.050118,-0.004983
0.000642,-0.057650,0.001339
0.000738,-0.058729,0.002377
0.002758,-0.058790,0.008706
0.006739,-0.040649,0.008872
-0.000007,-0.023514,0.002642
-0.006805,-0.004149,-0.013140
-0.007823,0.017289,-0.022510
-0.003981,0.025847,-0.024557
-0.003046,0.030074,-0.020276
-0.001143,0.021493,-0.016127
-0.006060,0.016090,-0.009800
-0.005106,0.010725,-0.006622
-0.008987,-0.003051,-0.016292
-0.010907,-0.011684,-0.006825
-0.012843,-0.017099,0.001643
0.000809,-0.004325,0.004952
0.002787,-0.004260,-0.001393
0.003785,-0.007538,0.005979
-0.001085,-0.025719,0.010084
0.000933,-0.045010,0.018439
0.003955,-0.061051,0.021519
0.003104,-0.065406,0.029949
0.001250,-0.063252,0.027838
0.001351,-0.046126,0.022662
0.001417,-0.022639,0.021778
-0.004403,-0.000145,0.013465
-0.008313,0.023467,-0.000151
-0.003504,0.044859,-0.005311
-0.001625,0.052420,-0.014828
0.006074,0.051337,-0.013839
0.003055,0.048105,-0.010755
-0.005798,0.045916,-0.005483
-0.005905,0.044764,0.003067
-0.007919,0.031953,0.004078
-0.007941,0.017065,-0.000257
-0.008926,-0.004259,-0.001408
-0.013741,-0.035277,0.005855
-0.009750,-0.060972,0.014140
-0.004755,-0.073856,0.021428
-0.007579,-0.064276,0.023585
-0.007506,-0.033372,0.028050
-0.011384,0.006169,0.021946
-0.006537,0.044685,0.011581
-0.000776,0.061756,0.011689
0.000086,0.064906,0.017042
0.002942,0.044618,0.019112
0.007784,0.010403,0.026331
0.011721,-0.026042,0.043087
0.011805,-0.049496,0.040773
0.011928,-0.051516,0.029049
0.008111,-0.038599,0.017456
0.004280,-0.024606,0.004756
0.013069,-0.002156,0.000651
0.013066,0.003240,-0.005724
0.013062,0.009732,-0.015257
0.013975,0.017191,-0.014138
0.012936,0.023591,-0.012946
0.011911,0.025795,-0.019224
0.011885,0.013110,-0.030951
0.009913,-0.000742,-0.033201
0.007970,-0.008295,-0.024765
0.005033,-0.008327,-0.021582
-0.000823,-0.004071,-0.020504
-0.001790,0.007598,-0.014098
-0.007664,0.012796,-0.000266
-0.004738,0.009669,-0.007728
0.001131,-0.001017,-0.006765
-0.006652,-0.012841,0.001620
-0.007631,0.001022,0.002802
-0.011553,0.017148,-0.008694
-0.016472,0.023633,-0.016018
-0.007749,0.012847,-0.004399
-0.008710,-0.006465,0.006085
-0.007691,-0.019398,0.018712
-0.002785,-0.020549,0.027219
-0.001771,-0.017307,0.022975
0.003151,-0.004429,0.015618
-0.002649,-0.000074,0.005989
-0.004610,-0.004239,-0.004714
0.006075,-0.004242,-0.004756
0.010931,-0.004259,-0.003721
0.007983,0.001066,-0.002621
0.003064,0.017070,-0.001358
-0.002817,0.029848,0.001999
-0.000869,0.023554,-0.008640
0.003958,0.020293,-0.002246
0.005884,0.008514,0.001944
0.005905,-0.002134,-0.000250
0.005929,-0.007505,0.002852
0.001049,0.004312,-0.005624
-0.001914,0.020451,-0.019367
0.000933,0.044990,-0.019215
-0.002074,0.049163,-0.009629
-0.004089,0.042719,-0.005420
-0.002166,0.019169,0.001866
-0.000192,-0.005383,0.002740
-0.003109,-0.023574,0.007885
-0.002112,-0.014020,0.013323
0.001813,0.004020,0.024139
-0.006943,0.023260,0.021124
-0.006981,0.030847,0.009540
-0.003111,0.027866,-0.012811
0.001703,0.023706,-0.024623
0.003548,0.034364,-0.023510
-0.000442,0.037536,-0.020258
0.000458,0.035277,-0.007503
0.002346,0.028798,-0.000167
-0.000589,0.019195,-0.000237
0.003263,0.014871,0.006174
0.001313,0.004111,0.015713
-0.002553,-0.008682,0.014589
-0.001505,-0.017146,0.007067
0.004357,-0.016049,0.003851
-0.002486,0.006438,-0.004545
-0.003504,0.039706,-0.023395
0.004220,0.052544,-0.026466
0.000232,0.040721,-0.018088
-0.002733,0.023607,-0.013959
-0.002779,0.009721,-0.013018
-0.004730,-0.002035,-0.010957
-0.004744,-0.002119,-0.002455
-0.008661,0.010520,0.014681
-0.005741,0.010504,0.016844
-0.002787,0.004063,0.021087
0.000181,-0.007655,0.018856
-0.003683,-0.005400,0.006046
-0.006643,0.007510,-0.004466
-0.000837,0.019309,-0.010771
0.000103,0.018253,-0.011856
0.000034,0.014957,-0.002314
0.002944,0.010639,0.003023
0.002014,-0.008481,-0.005598
0.004015,-0.036195,-0.008987
0.010887,-0.063972,-0.006033
0.004211,-0.102470,0.002154
0.004421,-0.125028,0.016819
-0.002177,-0.136820,0.021994
0.001932,-0.141111,0.024071
-0.000757,-0.141098,0.023017
0.003371,-0.146538,0.033608
0.003632,-0.152964,0.035660
0.008740,-0.143310,0.030398
0.005012,-0.116592,0.026352
0.001260,-0.074863,0.014962
-0.001608,-0.009544,-0.007929
0.001265,0.054539,-0.013861
0.003085,0.099453,-0.023032
0.004882,0.118693,-0.026055
0.004681,0.119679,-0.017530
0.003514,0.103653,-0.015513
-0.000532,0.084396,-0.010321
0.001300,0.068329,-0.004046
0.000255,0.042743,-0.006322
0.002166,0.017177,-0.010762
0.001174,-0.007388,-0.008833
-0.003687,-0.019176,-0.003582
-0.002670,-0.024615,0.007009
-0.000646,-0.022493,0.008074
0.002326,-0.003279,0.007076
-0.003540,0.017064,-0.000257
-0.006537,0.041626,-0.002206
-0.007612,0.053288,0.005310
-0.008700,0.065955,0.019237
-0.003897,0.067139,0.007575
-0.000083,0.064046,-0.003071
0.002726,0.041536,0.007413
0.006599,0.012876,-0.007645
0.003702,-0.035151,-0.006941
0.004730,-0.069493,0.013024
0.004872,-0.103722,0.021276
0.005073,-0.127207,0.022152
0.005297,-0.132574,0.025303
0.005515,-0.118674,0.022193
0.004702,-0.087700,0.019218
0.003841,-0.050320,0.016354
0.002889,-0.007535,0.006034
-0.002001,0.026650,0.001998
0.000834,0.045792,0.008504
0.007599,0.060666,0.015016
0.008514,0.058551,0.012854
0.012359,0.044756,0.005319
0.018151,0.020297,-0.003390
0.014245,0.003251,-0.005614
0.012302,-0.010556,-0.012080
0.005483,-0.024333,-0.021729
0.009397,-0.019077,-0.013125
0.012357,-0.021265,-0.007803
0.010439,-0.008496,-0.004578
0.002657,0.003261,-0.006660
0.005558,0.024760,-0.022431
-0.001316,0.040752,-0.021306
-0.000440,0.050334,-0.019114
-0.007346,0.039545,-0.007522
-0.008375,0.021417,-0.008707
-0.007376,-0.016946,-0.013177
-0.008294,-0.057482,-0.014543
-0.009183,-0.071471,-0.002959
-0.014952,-0.051229,0.000381
-0.015861,-0.013809,-0.007890
-0.014912,0.023608,-0.015080
-0.014977,0.048071,-0.006429
-0.012146,0.052210,0.006312
-0.015134,0.039265,0.020015
-0.014194,0.026482,0.017795
-0.013252,0.017948,0.017769
-0.012334,0.031683,0.031697
-0.007516,0.028425,0.038125
0.004178,0.022033,0.037015
0.005162,0.004975,0.034711
0.008116,-0.017507,0.041970
0.008192,-0.042002,0.037537
0.005363,-0.047171,0.020466
0.002476,-0.033185,0.008897
0.008317,0.004325,-0.006678
0.013189,0.022638,-0.023475
0.012162,0.035334,-0.012795
0.007210,0.042664,0.001057
0.006180,0.037349,-0.001126
0.011018,0.022398,-0.000217
0.011953,0.007394,0.006012
0.012935,-0.006604,0.018658
0.015872,-0.004406,0.012317
0.009075,0.000968,0.008107
0.002255,0.005325,-0.000309
0.003240,0.000054,-0.005587
0.011073,-0.006307,-0.009900
0.008199,-0.011521,-0.022755
0.002309,-0.000737,-0.034381
0.000281,0.025873,-0.027802
-0.001777,0.051365,-0.015928
-0.004806,0.061979,-0.009414
-0.000963,0.052315,-0.003090
0.003889,0.019245,-0.004398
0.004873,-0.011661,-0.008933
0.004883,-0.022363,-0.005858
0.002917,-0.019185,-0.003729
-0.004875,-0.001131,0.004883
-0.003933,0.011625,0.010341
-0.001003,0.011645,0.008213
0.004882,-0.003187,-0.002507
0.008826,-0.027771,0.001579
0.007930,-0.043533,-0.022964
0.007982,-0.047814,-0.021975
-0.003684,-0.040429,-0.013415
-0.005592,-0.018017,-0.013220
-0.008457,-0.022273,-0.014298
-0.005472,-0.030721,-0.023983
-0.010326,-0.045759,-0.014592
-0.007359,-0.045704,-0.019862
-0.009266,-0.038318,-0.011295
-0.015102,-0.015001,0.004825
-0.013153,0.009468,0.012467
-0.011212,0.028685,0.011538
-0.009305,0.030776,0.015794
0.000400,0.031753,0.025386
0.005276,0.021070,0.026340
0.003304,0.029822,0.004051
0.001282,0.052491,-0.022368
0.002137,0.069737,-0.039188
0.000038,0.076140,-0.039132
-0.003985,0.067578,-0.037105
-0.002172,0.057809,-0.020144
-0.004172,0.031011,-0.007562
-0.004169,-0.000019,0.000690
-0.004159,-0.008647,0.010184
-0.012935,0.000917,0.014540
-0.018762,-0.005589,0.025192
-0.010916,-0.022822,0.040979
0.001843,-0.040967,0.040758
0.002910,-0.051548,0.031033
-0.003877,-0.032330,0.030118
0.003944,-0.005627,0.028278
0.003965,0.004094,0.016691
0.007862,0.008466,0.006077
0.016638,0.012810,-0.001299
0.011737,0.007463,-0.000292
0.005877,0.007498,-0.003412
0.011694,0.004277,-0.001290
0.010710,0.002216,-0.008763
0.009714,0.005397,-0.006593
0.022385,0.009603,-0.000176
0.017530,0.019180,0.001954
0.008750,0.026742,-0.007585
0.005772,0.023647,-0.018216
0.003779,0.016336,-0.034231
0.006662,0.008844,-0.032182
0.008587,0.001273,-0.021610
0.001747,0.018354,-0.022564
-0.014878,0.040749,-0.021291
-0.016916,0.049341,-0.026494
-0.011149,0.044028,-0.028698
-0.013188,0.034227,-0.009754
-0.011310,0.020260,-0.000326
-0.008379,0.014870,0.004918
-0.008387,0.011610,0.010190
-0.006464,0.010492,0.015514
-0.002583,0.009484,0.010254
0.004234,0.005288,0.002762
-0.000624,-0.013768,-0.012226
0.002295,-0.013755,-0.013252
0.005202,0.003301,-0.010939
-0.005551,0.018221,-0.008666
-0.000711,0.028874,-0.006409
0.006070,0.032003,0.001081
0.003117,0.018102,0.004156
0.002125,0.003194,0.000849
0.001124,0.012691,0.011551
-0.004745,0.023362,0.011644
-0.005742,0.039529,-0.004174
-0.007749,0.043834,-0.008457
-0.007829,0.039518,-0.004291
-0.002049,0.034162,-0.002209
0.003768,0.018146,-0.001267
0.001795,0.007420,0.003931
-0.007979,0.005316,0.000751
-0.009915,-0.001124,0.005009
-0.009901,-0.006517,0.011369
-0.005000,-0.010803,0.013502
-0.007881,-0.021471,0.013450
-0.003955,-0.026912,0.024027
0.005869,-0.053774,0.041846
0.007006,-0.084710,0.040515
0.005295,-0.153260,0.066567
0.008572,-0.187285,0.053474
0.007932,-0.191387,0.036391
0.008149,-0.132540,0.020920
0.002395,-0.036272,-0.001652
0.000396,0.049192,-0.010490
0.008080,0.091884,-0.011227
0.010894,0.089773,-0.014539
0.006886,0.055612,-0.013783
0.014581,0.033130,-0.006531
0.013532,0.026698,-0.003390
0.008625,0.015056,-0.013028
0.016395,0.005427,-0.009867
0.018399,-0.023284,-0.019585
0.011654,-0.042503,-0.018706
0.003880,-0.045766,-0.012340
-0.002914,-0.027575,-0.017542
-0.008760,-0.004104,-0.017406
-0.012713,0.032120,-0.011825
-0.006890,0.041670,-0.006450
-0.003057,0.045850,0.002055
-0.006055,0.043779,-0.004336
-0.008083,0.035255,-0.005416
-0.006184,0.023447,0.001971
-0.003269,0.019168,0.003001
-0.002337,0.026583,0.008351
-0.007266,0.038304,0.010581
-0.005339,0.032999,0.007331
-0.002455,0.026579,0.008274
-0.006394,0.017025,0.002851
-0.003508,0.014998,-0.007757
0.004271,0.003263,-0.007811
0.000356,-0.015015,0.005837
0.004299,-0.020384,0.008960
0.001401,-0.024682,0.012105
-0.006376,-0.015065,0.011163
-0.003448,0.000937,0.012397
-0.000532,0.014867,0.007261
0.000436,0.030933,0.001058
0.001358,0.033121,-0.004221
-0.001634,0.037439,-0.008423
-0.000718,0.028882,-0.006355
-0.000754,0.011760,-0.002237
0.002194,-0.009720,0.011384
-0.002639,-0.014118,0.024022
-0.002625,-0.002395,0.025123
0.001284,0.011441,0.028408
-0.000665,0.012432,0.035823
0.005211,-0.000212,0.019782
0.010123,-0.005433,0.008029
0.008158,-0.001006,-0.007884
0.010052,0.008708,-0.018375
0.008034,0.020360,-0.009791
0.004067,0.027811,-0.007576
0.002086,0.020302,-0.003356
0.002079,0.002090,0.003968
0.002099,-0.012893,0.008067
0.000175,-0.024610,0.005836
0.001165,-0.021417,0.006973
0.009005,-0.011876,0.013423
0.005149,-0.004428,0.015582
0.003218,0.000999,0.006017
0.001256,0.011785,-0.005588
0.001230,0.021315,0.001923
0.003151,0.030988,-0.005504
-0.002782,0.038434,-0.003344
-0.001898,0.033050,0.002019
0.001041,0.006440,-0.004517
0.000122,-0.036175,-0.011223
-0.003696,-0.068163,-0.013562
0.001296,-0.090781,0.007532
0.008255,-0.104880,0.029664
0.009435,-0.124194,0.040099
0.008705,-0.146678,0.047330
0.000221,-0.163706,0.041850
-0.002433,-0.148588,0.023902
0.002610,-0.097227,0.010492
0.005610,-0.029982,0.008888
0.001677,0.040599,-0.006451
-0.003302,0.084500,-0.020937
-0.001496,0.095133,-0.016616
0.000322,0.075905,-0.014648
0.006073,0.029810,0.006277
0.013881,-0.002315,0.017751
0.012038,-0.026776,0.009043
0.001364,-0.024573,0.001558
-0.001587,0.005354,-0.002441
-0.008423,0.032250,-0.024565
-0.012384,0.046262,-0.039351
-0.011524,0.042937,-0.026599
-0.009640,0.007681,-0.022606
0.001111,-0.025547,-0.008014
-0.000796,-0.052370,0.006634
-0.010475,-0.048198,0.016214
-0.014330,-0.022604,0.018579
-0.009424,0.000884,0.017730
-0.003548,0.002012,0.011339
0.002309,0.009477,0.011349
-0.007463,0.004168,0.009236
-0.003560,-0.004366,0.009196
0.003282,-0.017257,0.017593
0.000388,-0.020524,0.023904
0.001401,-0.013001,0.018650
-0.002484,-0.002331,0.018736
-0.003469,0.002912,0.028359
0.000427,0.016860,0.021060
0.003383,0.012794,0.000878
0.009209,0.008611,-0.007641
0.016990,0.007521,-0.005563
0.015007,0.008508,0.001811
0.009120,0.008471,0.006061
0.008163,0.004213,0.004962
0.004296,-0.007554,0.006949
0.007231,-0.011812,0.005837
0.009186,-0.003265,0.004829
0.007226,0.010661,-0.000362
0.001358,0.016025,-0.003469
0.001304,0.026675,-0.001254
0.001257,0.023648,-0.018216
0.006107,0.021611,-0.027763
0.005109,0.010898,-0.023641
0.005062,0.002257,-0.013064
0.000178,-0.004213,-0.006781
-0.003701,-0.010628,-0.005797
0.004123,-0.019195,-0.002675
0.003166,-0.018297,0.014324
-0.006553,-0.007701,0.021866
-0.007501,-0.001124,0.005001
-0.001609,-0.002116,-0.002442
-0.002570,-0.003187,-0.002493
-0.007434,-0.002076,-0.006770
-0.011353,-0.002152,0.000643
-0.007458,-0.007488,0.000618
-0.007403,-0.022472,0.004710
-0.005441,-0.035446,0.021616
-0.007372,-0.033404,0.031226
-0.006295,-0.038725,0.030152
-0.002323,-0.036559,0.026988
0.001645,-0.032197,0.017427
0.005605,-0.010734,0.004785
0.006526,0.022433,-0.004522
0.007419,0.053467,-0.012719
0.008304,0.063171,-0.022171
0.007214,0.066465,-0.031727
0.004174,0.059019,-0.033894
-0.000833,0.042908,-0.023396
-0.002810,0.019283,-0.008711
0.000106,-0.006527,0.011272
0.000156,-0.023727,0.023862
-0.001712,-0.029094,0.027005
-0.002641,-0.016224,0.020737
0.000303,0.000963,0.009159
0.006126,0.026552,0.011484
0.000254,0.026626,0.004043
-0.000768,0.024565,-0.003374
-0.002745,0.005329,-0.000310
-0.003714,-0.018128,-0.002637
-0.001727,-0.024605,0.004734
0.004151,-0.026823,0.013189
-0.002626,-0.018310,0.015358
-0.007484,-0.005523,0.017626
-0.007470,-0.006574,0.016618
-0.001578,-0.016178,0.016555
0.003324,-0.020415,0.013321
0.010180,-0.019298,0.007998
0.004357,-0.009582,-0.003665
0.002378,0.005347,-0.002488
-0.001564,0.017066,-0.000243
0.002329,0.019213,-0.001265
0.012041,0.010636,0.002946
0.013992,-0.002265,0.012383
0.011103,-0.006448,0.003865
0.005271,-0.008525,-0.001403
0.005283,-0.007445,-0.002420
0.010171,-0.014861,-0.007755
0.004342,-0.021305,-0.003553
0.004419,-0.034001,-0.014290
0.005451,-0.037277,-0.006891
0.000594,-0.030950,0.000592
0.000627,-0.010644,-0.002434
0.002587,0.004284,-0.001257
0.001624,0.013946,-0.007615
-0.005204,0.013985,-0.011922
-0.002312,0.013944,-0.007657
0.001562,0.004321,-0.005591
0.000602,-0.012778,-0.003667
0.002582,-0.022309,-0.011220
-0.000352,-0.011650,-0.010086
-0.010125,-0.001013,-0.006817
-0.007225,0.017105,-0.004557
-0.006276,0.027775,-0.004470
-0.007291,0.032042,-0.004447
-0.010271,0.025576,0.001920
-0.011264,0.011561,0.016736
-0.016107,-0.017258,0.017572
-0.012179,-0.019476,0.026055
-0.004327,-0.017262,0.018674
-0.007232,-0.006543,0.013399
-0.000454,0.013717,0.014597
-0.000523,0.032989,0.008406
0.001415,0.040500,0.004199
0.010147,0.029840,0.003045
0.011090,0.015936,0.006099
0.007177,0.013853,0.000741
-0.000638,0.008578,-0.005678
-0.000680,0.023464,-0.000242
0.000260,0.022369,0.002958
0.002197,0.018060,0.007186
0.005101,-0.001209,0.013425
0.005141,-0.024746,0.019635
0.003256,-0.032239,0.021714
0.004281,-0.019350,0.013317
0.002345,0.001017,0.003875
-0.001568,0.024626,-0.009789
0.000314,0.042778,-0.010741
-0.002708,0.043845,-0.010732
0.001123,0.041766,-0.016013
0.002008,0.022552,-0.015044
0.010758,0.001112,-0.004531
0.014709,-0.020240,-0.003635
0.007928,-0.022440,0.002713
0.007945,-0.011854,0.011301
0.013816,0.003137,0.006127
0.010902,0.014965,-0.003402
0.010870,0.023575,-0.010804
0.005952,0.015070,-0.014055
0.004974,-0.000853,-0.022718
0.003977,-0.018982,-0.023916
0.008884,-0.032852,-0.023996
0.006967,-0.031869,-0.015492
0.000180,-0.025605,-0.001600
-0.000763,-0.014931,-0.001479
0.002176,0.001194,-0.013039
-0.007552,0.003385,-0.018284
-0.006577,0.005600,-0.026802
-0.003694,0.006664,-0.026827
-0.003743,0.020575,-0.030991
-0.007731,0.029060,-0.025598
-0.004874,0.033155,-0.007455
-0.006854,0.025614,-0.000044
-0.007818,0.014974,-0.003292
-0.003915,-0.006369,-0.003485
0.000023,-0.032129,0.011110
-0.003800,-0.041728,0.009902
-0.017389,-0.034201,0.003533
-0.014481,-0.010714,0.002670
-0.014518,0.022302,0.009304
-0.010630,0.036243,0.003115
-0.004792,0.027611,0.012632
-0.000884,0.008457,0.007180
0.000077,-0.006481,0.007056
0.000057,-0.007556,0.008149
0.000052,0.013830,0.004048
-0.002911,0.040623,-0.007431
-0.006901,0.058769,-0.008396
-0.011871,0.060830,-0.000930
-0.009008,0.037268,0.007346
-0.006115,0.008381,0.014522
-0.007100,-0.014116,0.022829
-0.010003,-0.026937,0.024915
-0.001197,-0.035614,0.039777
0.008609,-0.033553,0.047236
0.009643,-0.019630,0.042054
0.013584,0.010332,0.033792
0.015554,0.024417,0.012658
0.014539,0.023442,0.003058
0.021323,0.018159,-0.002308
0.017447,0.013949,-0.008787
0.011568,0.013934,-0.007767
0.010536,0.008555,-0.003584
0.016370,0.003215,-0.003650
0.021262,-0.009600,-0.002687
0.018320,-0.014917,-0.003712
0.006632,-0.007294,-0.018453
0.005652,0.006635,-0.023616
0.007576,0.016239,-0.023532
0.005633,0.011989,-0.025719
0.009519,0.005523,-0.019402
0.012460,-0.007289,-0.019590
0.005619,-0.009503,-0.012237
0.003635,0.006491,-0.011078
-0.008111,0.021472,-0.015205
-0.005229,0.029022,-0.022519
0.001559,0.025759,-0.016160
0.000533,0.025822,-0.022505
-0.003442,0.028994,-0.019252
-0.004478,0.024670,-0.012869
-0.005449,-0.008425,-0.010946
-0.001479,-0.047977,-0.004945
-0.002336,-0.088519,-0.006381
-0.001251,-0.087539,0.002089
-0.006032,-0.049189,0.008756
-0.012834,-0.005424,0.008083
-0.022563,0.019154,0.005142
-0.018683,0.014918,0.001971
-0.016681,-0.017156,0.008099
-0.009800,-0.036406,0.013289
-0.008764,-0.046073,0.019592
-0.003811,-0.026935,0.026100
0.000102,0.010469,0.019950
-0.001892,0.046870,0.007424
-0.006847,0.061881,0.000079
-0.002076,0.054380,0.003211
0.001765,0.024441,0.009371
0.007630,-0.012913,0.010182
0.012583,-0.048139,0.010928
0.011657,-0.040690,0.013094
0.009717,-0.023552,0.006877
0.005812,0.007464,-0.000320
0.004819,0.026747,-0.007580
0.005755,0.031097,-0.016051
0.007659,0.016147,-0.015113
0.006674,0.001250,-0.019474
0.003748,-0.015917,-0.010039
0.002809,-0.029894,0.000463
0.002856,-0.024605,0.004705
0.000952,-0.009645,0.002679
-0.002966,0.006510,-0.012049
-0.004918,0.004376,-0.012061
-0.002982,-0.006379,-0.003638
0.001944,-0.027748,-0.000580
0.001991,-0.043921,0.016305
0.006922,-0.040891,0.033359
0.004095,-0.038695,0.026991
0.003204,-0.034438,0.028033
0.001302,-0.017252,0.016442
-0.000639,0.006411,-0.002549
0.000289,0.032127,-0.012949
0.002178,0.036482,-0.021393
0.001136,0.031093,-0.016128
-0.004739,0.004397,-0.014197
-0.003758,-0.011608,-0.014302
-0.004708,-0.021327,-0.002673
-0.003741,-0.021429,0.007992
0.000186,-0.014071,0.019777
0.003181,-0.019373,0.016575
0.011972,-0.015160,0.021918
0.011040,-0.013031,0.023060
0.009167,-0.023593,0.012398
0.007282,-0.021303,-0.003547
