0.017589,0.008495,-0.005433
0.014629,0.018028,0.008427
0.009752,0.039381,0.013809
0.010738,0.050047,0.022297
0.009834,0.051176,0.019006
0.010834,0.029843,0.012528
0.014745,0.005314,0.004965
0.015708,-0.019229,-0.003612
0.016666,-0.030900,-0.015388
0.015603,-0.037285,-0.020718
0.019492,-0.028667,-0.032362
0.019530,-0.012659,-0.032229
0.018500,0.007591,-0.027808
0.016482,0.025694,-0.021282
0.017489,0.035255,-0.014815
0.013641,0.033186,-0.022322
0.004834,0.025858,-0.041579
0.000945,0.028077,-0.050149
-0.000951,0.020616,-0.049191
0.003024,0.019545,-0.049190
0.007949,0.010986,-0.048157
0.014802,0.006643,-0.039631
0.019713,-0.001878,-0.043928
0.018739,-0.004031,-0.044941
0.012920,-0.011522,-0.042860
0.002104,-0.006894,-0.110691
-0.007851,-0.006309,-0.432927
0.008799,-0.016281,-0.521642
0.009640,-0.001129,-0.152553
0.000154,0.011009,-0.034622
-0.004898,0.021656,-0.039697
-0.001884,0.014186,-0.036621
-0.006746,0.012095,-0.049303
-0.016593,-0.003900,-0.054698
-0.017786,-0.003916,-0.051518
-0.016547,0.007810,-0.046156
-0.020226,0.032301,-0.035356
-0.020285,0.048234,-0.022480
-0.017455,0.059942,-0.014981
-0.015521,0.058848,-0.011783
-0.011677,0.042765,-0.005442
-0.008793,0.014911,0.005066
-0.004913,-0.003255,0.004979
-0.004929,-0.012854,0.002794
-0.012797,-0.011712,-0.006805
-0.013803,-0.001045,-0.004612
-0.010947,0.021367,-0.001292
-0.008091,0.026649,0.006212
-0.001249,0.020145,0.016879
0.001688,0.016854,0.026500
0.000714,0.011540,0.024307
-0.006127,0.017919,0.026512
-0.005135,0.015760,0.028653
-0.003164,0.023207,0.032959
-0.001212,0.027508,0.030818
-0.000246,0.032847,0.029809
0.002690,0.031810,0.025538
0.003631,0.009386,0.022249
0.009506,-0.012953,0.010372
0.005659,-0.035281,-0.005714
-0.007084,-0.048052,-0.010095
-0.010064,-0.047011,-0.006881
-0.012041,-0.019272,-0.001403
-0.011106,0.015921,0.006269
-0.005274,0.043511,0.027824
0.003554,0.043439,0.037424
0.005623,0.027429,0.035207
-0.002083,-0.000260,0.024368
-0.003051,-0.014069,0.016767
-0.002115,-0.009758,0.014599
-0.003114,0.004134,0.016757
0.000785,0.019065,0.022134
0.005649,0.026489,0.029635
0.011517,0.020025,0.036016
0.021384,0.003020,0.023143
0.017547,-0.018315,0.017716
0.018528,-0.034190,-0.001585
0.015567,-0.034088,-0.014401
0.012555,-0.018085,-0.011119
0.009604,0.002195,-0.008870
0.013489,0.019261,-0.005567
0.006614,0.039422,0.009543
0.002692,0.040436,0.015966
0.008585,0.037205,0.020198
0.013526,0.023355,0.016884
0.010669,0.008552,-0.000331
0.002870,-0.002030,-0.011110
0.005761,-0.008321,-0.022960
0.005746,-0.013634,-0.027248
0.000805,-0.023184,-0.035835
-0.001217,-0.020126,-0.018699
-0.002283,-0.007427,-0.005766
0.001599,0.010683,-0.001348
0.003598,0.011720,0.001875
0.005595,0.007525,-0.005672
0.000705,0.001178,-0.011102
-0.004203,-0.004088,-0.018650
-0.002241,-0.006219,-0.018675
0.000672,-0.003008,-0.020764
0.000606,0.004381,-0.011079
0.000561,0.016010,0.001856
-0.003350,0.025606,0.001957
-0.009184,0.010665,-0.001301
-0.008195,-0.001076,-0.003484
-0.010114,-0.011784,-0.000341
-0.006220,-0.018145,-0.005734
-0.005272,-0.014938,-0.003629
-0.005317,-0.003155,-0.005739
-0.004359,0.007515,-0.003555
-0.004424,0.019211,0.002930
-0.006391,0.019162,0.007241
-0.003411,0.019109,0.009469
-0.003351,0.002000,0.011510
-0.008243,-0.009744,0.009336
-0.008233,-0.014011,0.009295
-0.008241,0.002014,0.009383
-0.004363,0.021202,0.013779
-0.001446,0.041414,0.025619
0.001516,0.049919,0.029958
0.010387,0.040281,0.032058
0.012378,0.025366,0.027684
0.005595,0.004102,0.016841
0.001737,-0.011777,-0.000357
0.002679,-0.015991,-0.006812
0.006537,-0.010669,-0.004641
0.004591,-0.002123,-0.004593
0.002583,0.015991,-0.001231
-0.005267,0.024467,0.005275
-0.005267,0.016929,0.011666
0.000674,0.012626,0.012765
0.002666,0.000854,0.013803
0.006599,-0.006592,0.010539
0.009519,-0.001202,0.009395
0.005575,-0.003277,0.005040
0.005599,0.002136,0.000702
0.003692,0.007513,-0.002499
0.003658,0.020328,-0.002419
0.007517,0.015988,0.004006
0.010430,0.015948,0.005157
0.010464,0.014795,0.012693
0.009507,0.006281,0.004197
0.011516,-0.007535,-0.006525
0.008577,-0.021360,-0.015137
0.006595,-0.029790,-0.028036
0.004596,-0.022231,-0.035527
0.000641,-0.004092,-0.031184
-0.001376,0.015066,-0.021479
-0.000459,0.035217,-0.003209
-0.001409,0.037291,0.004289
0.002574,0.026564,0.008527
0.000641,0.010506,0.010619
-0.001304,-0.005455,0.002000
0.001629,-0.021413,-0.005585
0.002606,-0.023544,-0.007703
0.003581,-0.021342,-0.014135
0.002565,-0.010616,-0.018373
-0.002334,0.002240,-0.019443
0.002530,0.011876,-0.020492
0.003519,0.019339,-0.018319
-0.000391,0.016116,-0.016198
-0.000394,0.009697,-0.015164
0.000556,0.004339,-0.013059
-0.000434,-0.001033,-0.009870
-0.004333,-0.012800,-0.008847
-0.003409,-0.016030,-0.005662
0.005378,-0.025638,-0.006778
0.011265,-0.033049,-0.014317
0.004423,-0.029845,-0.013250
0.003336,-0.013870,-0.005712
0.002326,0.010710,-0.004553
0.000399,0.023542,-0.004517
0.001368,0.037407,-0.000198
-0.002543,0.037357,0.006207
0.001360,0.014954,0.002864
0.003344,0.003173,0.004970
0.000401,-0.016041,-0.000404
0.004292,-0.020308,-0.002536
0.005323,-0.021263,-0.017479
0.006257,-0.011603,-0.023818
0.001294,0.002280,-0.021637
0.000301,0.019304,-0.012998
0.003214,0.033120,-0.004368
0.007106,0.040550,0.002075
0.013003,0.033043,0.004200
0.014005,0.013817,0.001994
0.008146,-0.012859,-0.003465
0.001325,-0.021309,-0.017360
-0.006514,-0.024425,-0.027022
-0.005602,-0.016926,-0.028080
-0.007603,0.004399,-0.022625
-0.002736,0.017163,-0.016135
-0.003710,0.027751,-0.006416
-0.007650,0.026567,0.006431
-0.007679,0.017993,0.008547
-0.009581,0.000879,0.010598
-0.008535,-0.012944,0.001986
-0.012420,-0.025746,-0.000221
-0.014381,-0.022571,0.003010
-0.011459,-0.012971,0.006241
-0.007560,0.009438,0.011659
-0.001674,0.014715,0.023362
0.002275,0.022180,0.025530
0.004271,0.022184,0.026563
0.007183,0.012645,0.017948
0.006289,-0.005407,0.002921
0.008300,-0.013876,-0.007787
0.012153,-0.019221,-0.006762
0.015966,-0.019253,-0.000404
0.008170,-0.001096,0.001800
-0.003549,0.014856,0.011488
-0.006493,0.030851,0.015836
-0.000646,0.036164,0.020125
0.008198,0.027595,0.023273
0.011184,0.015859,0.022122
0.009271,-0.000105,0.014556
0.002440,-0.006420,0.004861
-0.000567,-0.002082,-0.002605
0.001383,0.011820,-0.001520
0.011203,0.022491,0.000662
0.019973,0.020274,0.010273
0.018012,0.005232,0.019826
0.018055,-0.008645,0.016585
0.020034,-0.011837,0.013394
0.021949,-0.005313,0.000583
0.018081,0.000235,-0.023978
0.002499,0.001573,-0.056050
-0.005426,0.014525,-0.073058
-0.004615,0.026268,-0.071926
0.000178,0.033620,-0.059007
0.002063,0.033531,-0.051453
0.002940,0.023725,-0.029045
-0.000982,0.010702,-0.007670
0.002959,-0.013902,-0.002491
0.003998,-0.020314,-0.003564
0.003017,-0.021318,-0.012105
0.001019,-0.008483,-0.013120
0.000997,0.004409,-0.020558
0.000974,0.013090,-0.036550
0.002909,0.010983,-0.040822
0.000933,0.007769,-0.039769
-0.003007,0.003468,-0.037630
-0.009888,0.000217,-0.033344
-0.011876,-0.007333,-0.024831
-0.006017,-0.014863,-0.017416
-0.004107,-0.021287,-0.016370
-0.005089,-0.027700,-0.015351
-0.009975,-0.039438,-0.015449
-0.013842,-0.028789,-0.011119
-0.017783,-0.016000,-0.007831
-0.018792,0.010635,0.000871
-0.014905,0.027722,0.004120
-0.019792,0.029823,0.009453
-0.024644,0.021225,0.014770
-0.023627,-0.000188,0.020003
-0.017740,-0.005568,0.022164
-0.007983,-0.007801,0.032862
0.001782,0.004961,0.040405
0.007704,0.008175,0.039352
0.006844,0.009315,0.030804
0.003981,0.006199,0.021142
0.002974,0.001965,0.017881
0.007853,0.014843,0.013614
0.007871,0.025582,0.008300
0.004955,0.031969,0.010487
0.004924,0.023423,0.010438
0.003029,0.017051,0.001938
0.004006,-0.003289,0.005072
0.006914,-0.018292,0.009295
0.003986,-0.029022,0.013541
0.005986,-0.031120,0.010292
0.006020,-0.017277,0.017804
0.011836,0.004116,0.019944
0.019689,0.024509,0.013536
0.023631,0.038421,0.012502
0.023628,0.044899,0.003992
0.024623,0.027883,-0.007805
0.028542,0.009784,-0.019572
0.021697,-0.018949,-0.035708
0.010895,-0.033831,-0.048532
0.002040,-0.030606,-0.053796
0.000968,-0.023151,-0.051602
0.001868,0.001279,-0.034367
0.001786,0.024636,-0.013987
-0.002132,0.039489,-0.000042
-0.001085,0.042685,0.005231
-0.003009,0.034156,0.005138
-0.003009,0.020299,0.003934
-0.002980,0.004385,-0.010038
-0.003905,-0.013665,-0.024024
-0.004947,-0.017858,-0.035759
-0.010910,-0.023205,-0.037867
-0.012891,-0.024291,-0.040963
-0.012921,-0.023249,-0.038797
-0.015950,-0.012731,-0.018436
-0.020859,-0.002114,-0.006700
-0.023763,0.007502,-0.002469
-0.026718,0.014861,0.017753
-0.022810,0.021217,0.027339
-0.017860,0.021135,0.036964
-0.011940,0.001889,0.037948
-0.009940,-0.014177,0.037967
-0.006932,-0.047209,0.025013
-0.008815,-0.068464,0.007874
-0.010782,-0.074789,-0.003886
-0.010861,-0.057718,-0.000597
-0.008943,-0.025710,0.007005
-0.006049,0.001999,0.018835
-0.000189,0.028627,0.031740
0.002809,0.042457,0.041382
0.002895,0.034931,0.044602
0.007858,0.016684,0.054137
0.011835,-0.008908,0.047599
0.011904,-0.040850,0.032500
0.009050,-0.051416,0.016450
0.008031,-0.046029,0.010088
0.006014,-0.019291,0.005974
0.006004,0.005256,0.007216
0.009898,0.023367,0.011632
0.016755,0.030787,0.020188
0.015817,0.026514,0.020164
0.017858,0.010487,0.020084
0.018880,-0.001227,0.015737
0.025700,-0.010815,0.012476
0.031573,-0.007542,0.003951
0.025729,0.002164,-0.009828
0.017935,0.008655,-0.023600
0.014002,0.010882,-0.037419
0.009095,0.002443,-0.051342
0.009038,-0.012476,-0.055705
0.008927,-0.017880,-0.045113
0.000062,-0.002975,-0.036531
-0.008798,0.017235,-0.023640
-0.008815,0.033163,-0.012844
-0.005868,0.025660,-0.010728
-0.003864,0.006481,-0.016195
-0.008756,0.001102,-0.011943
-0.010745,-0.013850,-0.012036
-0.009714,-0.021279,-0.016387
-0.009722,-0.015918,-0.016412
-0.007812,-0.006311,-0.016337
-0.006897,0.006539,-0.017391
-0.007874,0.007587,-0.014195
-0.008837,0.005431,-0.014158
-0.010804,-0.008455,-0.012146
-0.015726,-0.010632,-0.008913
-0.016768,-0.001061,-0.002472
-0.018780,0.006303,0.013551
-0.014874,0.016917,0.022156
-0.011893,0.022124,0.037180
-0.009912,0.017805,0.041459
-0.011770,0.007088,0.043580
-0.004857,-0.011006,0.033894
0.004951,-0.019478,0.026329
0.005920,-0.017273,0.019888
0.006881,-0.008658,0.011392
0.005954,0.002078,0.001901
0.006960,0.007431,-0.000193
0.002015,0.021229,0.010575
-0.001890,0.023359,0.012695
-0.003764,0.014834,0.010501
0.002118,0.004097,0.017904
0.006999,-0.009789,0.017824
0.010022,-0.030038,0.011310
0.010024,-0.044997,0.010189
0.005129,-0.051355,0.005833
0.004182,-0.040623,0.000535
0.010032,-0.021359,-0.002586
0.012932,0.002172,-0.002531
0.004167,0.012905,-0.009922
0.003179,0.010776,-0.010999
0.005093,0.000059,-0.007832
0.006083,-0.012832,-0.000396
0.006103,-0.020360,0.004922
0.005124,-0.015059,0.013422
0.002177,-0.000069,0.011326
0.000216,0.013882,0.006009
0.001180,0.028852,0.005010
0.002182,0.029965,-0.001376
0.004142,0.012899,-0.007813
0.001189,-0.004232,-0.005717
0.010936,-0.024548,-0.006826
0.012918,-0.032016,-0.011077
0.006065,-0.031983,-0.015346
0.004058,-0.010585,-0.016358
0.003024,0.014013,-0.015248
0.003026,0.042833,-0.009799
0.005973,0.048139,-0.002355
0.013775,0.049151,0.004075
0.013786,0.033090,0.007219
0.009939,0.008539,-0.000289
0.007035,-0.028764,-0.014320
0.002146,-0.056448,-0.026218
-0.005710,-0.065974,-0.038006
-0.011650,-0.046722,-0.040049
-0.010773,-0.012561,-0.034568
-0.006004,0.027913,-0.018341
-0.001139,0.053433,-0.002201
0.003809,0.061907,0.005356
0.000922,0.039414,0.010615
0.001945,0.003174,-0.001304
-0.002907,-0.023496,-0.007824
-0.004876,-0.044822,-0.012228
-0.006864,-0.040440,-0.025038
-0.010802,-0.014774,-0.027059
-0.012851,0.009738,-0.019451
-0.011923,0.035334,-0.012922
-0.013904,0.040532,0.004214
-0.010931,0.028682,0.014864
-0.002058,0.005151,0.016904
0.002874,-0.020575,0.025355
0.003878,-0.040832,0.020954
-0.000001,-0.031227,0.019987
0.007790,-0.010967,0.025425
0.006832,0.023245,0.023452
0.005849,0.046783,0.022444
0.007847,0.066125,0.008663
0.007847,0.066185,0.001183
0.014700,0.037314,0.003188
0.018690,0.002130,-0.009740
0.019689,-0.022443,-0.010917
0.019626,-0.040574,-0.014231
0.014711,-0.030956,-0.015234
0.008799,-0.010635,-0.016228
0.005873,0.007584,-0.018370
0.002936,0.026915,-0.027941
0.000004,0.035490,-0.031108
0.003877,0.034403,-0.025836
0.005818,0.026868,-0.017362
0.002883,0.016169,-0.016333
-0.001051,-0.000956,-0.013204
0.000863,-0.002054,-0.009997
0.005740,0.002217,-0.008922
0.007683,0.009693,-0.007829
0.006727,0.007602,-0.011097
0.006712,0.011913,-0.013265
-0.000126,0.004500,-0.020795
-0.004067,0.000245,-0.024004
-0.009963,0.006658,-0.025024
-0.009118,0.010922,-0.023931
-0.007202,0.023678,-0.017419
-0.002336,0.026802,-0.007777
0.000552,0.033189,-0.005590
-0.005303,0.026785,-0.006686
-0.006261,0.019331,-0.010973
-0.006260,0.004390,-0.016327
-0.007267,-0.006250,-0.021726
-0.011219,-0.007328,-0.020660
-0.008359,0.003225,-0.004574
-0.005463,0.013857,0.000847
-0.006440,0.021250,0.010524
-0.003502,0.013730,0.015817
-0.001493,0.000929,0.011515
0.003461,-0.020414,0.005064
0.009317,-0.028939,0.000777
0.010258,-0.022531,0.000818
0.010304,-0.004291,-0.009747
0.009327,0.009675,-0.019286
0.008346,0.017175,-0.019300
0.011282,0.021506,-0.024658
0.011313,0.019375,-0.024683
0.008294,0.016163,-0.024683
0.004321,0.008585,-0.015050
0.005297,-0.001033,-0.016143
0.004351,-0.014894,-0.022563
0.003363,-0.022401,-0.018345
0.000376,-0.020233,-0.021552
0.000347,0.006495,-0.021459
0.000323,0.028973,-0.025633
-0.006520,0.047254,-0.039440
-0.010506,0.047243,-0.037321
-0.009645,0.039659,-0.023491
-0.007685,0.028876,-0.012832
-0.004708,0.003166,-0.005466
-0.003731,-0.004410,0.008342
-0.002759,-0.006527,0.008282
-0.003727,0.002073,0.002959
0.001161,0.011678,0.005129
0.003127,0.012812,-0.001311
-0.007625,0.004385,-0.015265
-0.013487,0.001161,-0.016277
-0.012600,0.004279,-0.006622
-0.005815,0.016970,0.007379
0.001071,0.023317,0.014898
-0.008625,0.022194,0.019219
-0.005664,0.010425,0.024429
-0.001694,0.000864,0.020052
0.000273,0.007316,0.016839
0.000213,0.012663,0.018945
0.002177,0.024426,0.015844
-0.000689,0.021277,0.007314
-0.000674,0.011671,0.003056
-0.001637,-0.001138,0.000865
0.000302,-0.015035,0.002903
0.002260,-0.013911,-0.001418
0.001257,-0.006439,0.000730
0.000237,0.009551,0.005093
0.006070,0.027666,0.010542
0.006112,0.044793,0.004270
0.005158,0.039451,0.003198
0.007133,0.023464,-0.001174
0.005201,0.011791,-0.011898
0.002286,0.010750,-0.015113
-0.001700,0.015030,-0.015108
-0.002753,0.023523,-0.006555
-0.002766,0.036305,0.000935
0.004057,0.054461,0.003140
0.005983,0.073602,0.014979
0.004996,0.077811,0.020401
0.007979,0.071411,0.016157
0.004106,0.053327,0.004352
0.002165,0.026734,-0.011782
0.002113,0.019281,-0.015027
0.005995,0.019368,-0.024666
0.005961,0.026907,-0.031057
0.001985,0.032246,-0.029976
-0.002019,0.033317,-0.029977
-0.002050,0.023640,-0.019410
-0.003979,0.011822,-0.010933
-0.003007,-0.000007,-0.001384
-0.004985,-0.004343,0.007123
-0.007859,-0.005430,0.009257
-0.007842,-0.006539,0.015634
-0.006862,-0.002293,0.018864
-0.003887,-0.001169,0.012451
0.002974,-0.000089,0.011379
0.002947,0.007413,0.008221
0.008824,-0.000014,0.002817
0.013733,0.002197,-0.006776
0.010794,0.001164,-0.011059
0.009776,0.006505,-0.011027
0.006864,0.008633,-0.007856
0.013706,-0.000983,-0.006861
0.011733,-0.010603,-0.006900
0.007812,-0.027700,-0.005936
0.002931,-0.039371,-0.017715
-0.001985,-0.041480,-0.024071
-0.006005,-0.040429,-0.024023
-0.005065,-0.031891,-0.022906
-0.005044,-0.023332,-0.022894
-0.003116,-0.000954,-0.013210
-0.005109,0.029919,-0.000210
0.001695,0.043654,0.021181
0.013498,0.047895,0.025475
0.008725,0.036182,0.016943
-0.000042,-0.002244,0.010370
0.000929,-0.025678,0.000651
0.002841,-0.039455,-0.015404
-0.002038,-0.037133,-0.040973
-0.012838,-0.022164,-0.046155
-0.015905,-0.006302,-0.027863
-0.011073,0.008562,-0.018128
-0.007150,0.018049,-0.003100
-0.002266,0.016866,0.013926
-0.001244,0.005050,0.026579
-0.006042,0.000843,0.021152
-0.005976,0.000920,0.014677
-0.009915,0.008443,0.009371
-0.003108,0.018089,0.005161
-0.000198,0.029813,0.005297
-0.002111,0.019129,0.003149
-0.003007,0.004276,-0.011843
-0.011809,-0.011771,-0.010826
-0.011873,-0.016107,-0.000229
-0.006037,-0.008666,0.005136
0.002794,-0.007681,0.017910
0.006754,0.000781,0.030729
0.003867,0.007150,0.036098
0.002963,-0.001298,0.025336
-0.002829,-0.017251,0.016696
-0.005737,-0.038559,0.011196
-0.003791,-0.055623,0.007888
0.002079,-0.063096,0.006789
0.008883,-0.058873,0.015312
0.014746,-0.042943,0.026105
0.020586,-0.033409,0.036824
0.027541,-0.021659,0.035846
0.026627,-0.025834,0.021973
0.030542,-0.042835,0.009089
0.027719,-0.065118,-0.014438
0.028711,-0.080982,-0.036906
0.031566,-0.063843,-0.043206
0.028545,-0.022103,-0.053635
0.022602,0.018573,-0.063031
0.014726,0.043136,-0.060786
0.001015,0.053834,-0.062858
-0.001938,0.036679,-0.054422
0.002893,0.013097,-0.044933
0.000887,-0.008317,-0.038649
-0.007932,-0.012631,-0.033338
-0.010961,0.004431,-0.027935
-0.013918,0.017273,-0.030016
-0.015862,0.033340,-0.034221
-0.015932,0.038637,-0.026754
-0.016024,0.035375,-0.018256
-0.015975,0.026840,-0.018333
-0.019878,0.020453,-0.020520
-0.021902,0.021480,-0.015177
-0.019998,0.015049,-0.012020
-0.016105,0.015014,-0.006701
-0.015119,0.021362,0.001862
-0.017103,0.015959,0.009315
-0.019000,-0.001207,0.019870
-0.017972,-0.007618,0.020883
-0.016015,0.003098,0.018765
-0.015067,0.012706,0.023019
-0.013118,0.028767,0.019873
-0.013097,0.042676,0.018849
-0.012149,0.043725,0.019953
-0.006254,0.037254,0.024257
0.001556,0.028638,0.030667
0.004506,0.015794,0.031707
0.004558,0.005161,0.024198
0.003559,-0.006589,0.023084
0.003600,-0.015102,0.019812
0.005577,-0.008729,0.023082
0.007555,-0.001254,0.023131
0.006613,0.008387,0.018932
0.008534,0.020112,0.022201
0.009541,0.020070,0.026495
0.010562,0.011557,0.019039
0.013550,0.006216,0.015873
0.019409,0.001914,0.020106
0.026260,0.009439,0.015842
0.021444,0.016995,0.007314
0.018510,0.026685,-0.001196
0.016526,0.032146,-0.015075
0.008703,0.026875,-0.022607
0.002844,0.004488,-0.029130
0.006723,-0.007269,-0.030226
0.009590,-0.011684,-0.014192
0.011493,-0.007511,-0.003450
0.003680,0.000991,0.001942
-0.002148,0.012744,0.002003
-0.000186,0.014939,-0.004411
-0.002121,0.021378,-0.008637
0.000810,0.023550,-0.009762
0.002695,0.032137,-0.014006
0.005566,0.041770,-0.015045
0.010407,0.043884,-0.009746
0.007467,0.035367,-0.016142
0.000670,0.009728,-0.017332
-0.004183,-0.019068,-0.022845
-0.005216,-0.031907,-0.022864
-0.003344,-0.029869,-0.011092
-0.002410,-0.014971,-0.003538
0.002458,0.002101,-0.001296
0.000485,0.028776,0.003119
-0.003373,0.035254,-0.005390
-0.005303,0.035332,-0.015007
-0.005343,0.026763,-0.011858
-0.005379,0.024628,-0.011873
-0.004408,0.013982,-0.016213
-0.006393,0.004333,-0.011994
-0.009287,0.008550,-0.007640
-0.009339,0.010572,0.005220
-0.009348,0.005186,0.013674
-0.010267,0.004142,0.012560
-0.005373,0.006287,0.014641
-0.006353,0.008421,0.014658
-0.006298,0.010575,0.011487
-0.006308,0.011655,0.008328
-0.004400,0.014896,0.004069
-0.006355,0.010565,0.008378
-0.004355,0.006318,0.005148
-0.001388,-0.001202,0.010444
-0.001374,-0.005513,0.014704
0.000601,-0.008766,0.023179
0.003556,0.007198,0.031790
0.008464,0.018966,0.032858
0.009461,0.028658,0.025388
0.008557,0.016980,0.017810
-0.000211,0.001045,0.005984
-0.001185,-0.019136,-0.006980
0.003697,-0.023333,-0.016614
0.007568,-0.027594,-0.018762
0.015332,-0.016996,-0.009070
0.016277,-0.002134,0.002763
0.015305,0.011677,0.012452
0.017279,0.013850,0.009230
0.015403,0.006417,0.002796
0.011509,-0.006311,-0.007969
0.008555,-0.010494,-0.019731
0.009468,-0.016822,-0.031485
0.009416,-0.024290,-0.033644
0.011333,-0.016878,-0.029248
0.012294,-0.009517,-0.015306
0.011324,-0.010588,-0.015305
0.009406,-0.011624,-0.017487
0.007459,-0.013731,-0.018620
0.008426,-0.014734,-0.021934
0.002576,-0.014606,-0.035864
0.001584,-0.011342,-0.041228
0.003453,-0.000630,-0.044385
-0.005379,0.003657,-0.044397
-0.009360,0.007921,-0.039120
-0.019179,0.006792,-0.031647
-0.026042,0.000297,-0.019955
-0.022181,0.000177,-0.002910
-0.017343,0.006524,0.005655
-0.018344,0.009633,0.017427
-0.014451,0.003176,0.022745
-0.012387,-0.001076,0.018482
-0.014309,-0.017015,0.005621
-0.016281,-0.023372,0.000219
-0.014372,-0.015792,-0.011510
-0.010520,0.003414,-0.007159
-0.005723,0.023666,-0.001701
-0.002813,0.028893,0.012224
-0.000836,0.024464,0.026203
0.002159,0.009424,0.033659
0.006160,-0.014078,0.032484
0.001328,-0.026844,0.023908
-0.001601,-0.031069,0.017482
-0.003593,-0.011769,0.007994
-0.003602,-0.003167,-0.002565
0.002225,0.013817,0.008273
0.005142,0.016966,0.009481
0.008118,0.012688,0.008425
0.005226,-0.000193,0.013745
0.007241,-0.017252,0.010424
0.009231,-0.030071,0.010349
0.011223,-0.024762,0.012555
0.012252,-0.020441,0.007225
0.016187,-0.009728,0.003024
0.011304,0.001047,-0.008660
0.009340,0.007483,-0.012876
0.009322,0.012836,-0.013922
0.011256,0.013914,-0.016033
0.005395,0.004274,-0.012884
0.003431,-0.001078,-0.011839
0.008302,-0.003230,-0.011811
0.010251,-0.003281,-0.006450
0.006342,-0.003269,-0.007526
0.006306,-0.005350,-0.010821
0.005338,0.008550,-0.012868
-0.000539,0.013924,-0.018152
-0.003523,0.021408,-0.019172
-0.002575,0.022479,-0.021265
0.000325,0.007573,-0.027751
-0.003573,-0.006370,-0.021410
-0.003556,-0.015998,-0.017246
-0.006497,-0.008514,-0.016173
-0.009451,0.002110,-0.006550
-0.008506,0.014862,0.006247
-0.007528,0.026560,0.013772
0.001294,0.025498,0.012704
-0.000641,0.018030,0.011589
-0.009412,0.002027,0.007263
-0.007429,-0.005313,-0.009871
-0.007467,-0.008541,-0.008782
-0.007488,-0.005362,-0.005561
-0.008455,0.015967,-0.000115
-0.010473,0.034027,0.014887
-0.013430,0.046759,0.025647
-0.010448,0.049962,0.028806
-0.004535,0.042465,0.032996
0.002318,0.024322,0.032849
-0.001518,-0.003402,0.024194
-0.004405,-0.023698,0.020939
-0.003444,-0.041822,0.014468
-0.002439,-0.036446,0.010225
-0.003424,-0.022547,0.009227
0.000455,-0.000174,0.021015
0.002408,0.025459,0.024311
0.000541,0.032938,0.024350
0.005493,0.027632,0.020043
0.007469,0.015890,0.017863
0.003548,-0.001227,0.019923
0.004571,-0.020358,0.008056
0.007488,-0.025735,0.011257
0.008456,-0.023608,0.013385
0.017281,-0.017186,0.013389
0.021172,-0.005434,0.011361
0.013401,-0.003280,0.008189
0.010521,-0.010646,-0.005740
0.003695,-0.021209,-0.021799
0.000742,-0.034029,-0.021870
0.004597,-0.028712,-0.016548
0.008436,-0.010558,-0.015381
0.010337,0.004299,-0.001445
0.010336,0.019188,0.006134
0.007436,0.021267,0.010480
0.004536,0.010629,0.004028
0.006531,-0.003134,-0.011015
0.004567,-0.023319,-0.026064
0.002585,-0.035029,-0.030420
0.005451,-0.032841,-0.035770
0.009305,-0.025373,-0.033611
0.008279,-0.014752,-0.025025
0.001456,-0.005159,-0.024914
-0.007353,0.003351,-0.020588
-0.016180,-0.001930,-0.027050
-0.020096,-0.009383,-0.029249
-0.011307,-0.015935,-0.012181
-0.006409,-0.009668,0.003912
-0.009385,-0.000193,0.022109
-0.010383,0.012559,0.031769
-0.011322,0.029667,0.028686
-0.009338,0.023285,0.024396
-0.008290,0.005264,0.006151
-0.009175,-0.020202,-0.015357
-0.012158,-0.037250,-0.020797
-0.010297,-0.037327,-0.011185
-0.007382,-0.020265,-0.007874
-0.005428,0.006323,0.005137
-0.003501,0.029742,0.015942
-0.008422,0.036071,0.025600
-0.007386,0.026452,0.028696
-0.005352,0.013638,0.029655
-0.005328,-0.003417,0.026326
-0.002355,-0.008765,0.027361
0.005473,-0.004533,0.032719
0.008388,0.012494,0.038215
0.007456,0.016725,0.040439
0.008488,0.022107,0.033044
0.003668,0.016837,0.022370
0.000745,0.008398,0.009492
0.004653,0.007359,0.005226
0.013460,0.010534,0.010550
0.015405,0.016896,0.016984
0.010501,0.026462,0.022393
0.007599,0.026417,0.026695
0.003735,0.017897,0.020306
0.000822,0.002922,0.022364
0.002872,-0.016255,0.015847
0.003913,-0.026850,0.006146
0.009740,-0.015049,0.001895
0.008738,0.003122,0.005106
0.008733,0.024548,-0.001206
0.005832,0.045936,-0.004283
0.000898,0.048011,0.002167
0.000915,0.030877,0.006364
0.005811,0.004146,0.008368
0.008782,-0.010868,0.014710
0.005857,-0.021530,0.015642
0.003939,-0.021446,0.007056
0.003916,-0.000003,-0.000346
0.003869,0.018149,0.003960
0.003874,0.031039,-0.006612
0.009727,0.028952,-0.014073
0.008710,0.019364,-0.019426
0.006751,-0.000916,-0.021675
0.007712,-0.018015,-0.020706
0.005753,-0.018052,-0.015381
0.002790,-0.008486,-0.006835
0.001797,0.003264,-0.003629
0.000785,0.018206,-0.002464
-0.000201,0.024560,0.002947
-0.000196,0.016042,-0.002402
0.004722,0.004341,-0.009919
0.008618,-0.000942,-0.016378
0.004663,0.004455,-0.020675
-0.002255,0.015127,-0.018498
0.000665,0.033306,-0.019490
0.001624,0.041823,-0.016228
0.001607,0.032167,-0.014083
0.000596,0.015003,-0.005623
0.000588,-0.011672,-0.013175
-0.003283,-0.026576,-0.020716
-0.008189,-0.032957,-0.023962
-0.007312,-0.020152,-0.019670
-0.010283,0.004390,-0.015278
-0.009320,0.022472,-0.005560
-0.006403,0.038402,0.005233
-0.006473,0.040435,0.018066
-0.001529,0.030797,0.018073
0.002478,0.003059,0.012592
-0.002336,-0.022452,-0.004615
-0.005260,-0.045868,-0.015429
-0.007266,-0.044794,-0.015439
-0.005370,-0.021305,-0.013182
-0.004414,0.008587,-0.009826
-0.005434,0.034153,-0.000081
-0.007417,0.043698,0.007474
-0.005467,0.029697,0.022335
0.001459,0.004029,0.025406
0.006489,-0.025826,0.016723
0.011400,-0.038629,0.015565
0.009457,-0.024674,0.007098
0.008490,-0.005361,-0.002426
0.002592,0.012866,-0.008771
-0.000372,0.020394,-0.015135
-0.001387,0.023566,-0.011894
0.000594,0.001107,-0.008816
0.003549,-0.016005,-0.007815
0.008397,-0.026825,0.010262
0.015228,-0.030086,0.017714
0.010418,-0.022571,0.012428
0.004576,-0.007592,0.008267
0.003601,0.010691,-0.006591
0.004547,0.024614,-0.010790
0.006522,0.019345,-0.018330
0.002620,0.010828,-0.021592
0.003534,0.001106,-0.006722
0.003484,0.000003,-0.001408
0.007403,0.003272,-0.007832
0.004479,0.000126,-0.013234
0.005446,-0.003066,-0.011193
0.010320,-0.000900,-0.014396
0.003516,0.002292,-0.014344
-0.001441,0.004421,-0.013267
-0.004448,0.013994,-0.009968
-0.006395,0.017264,-0.019533
-0.008361,0.015161,-0.023816
0.001321,0.006556,-0.014295
0.004251,-0.004148,-0.013255
0.001315,-0.011679,-0.006884
-0.000664,-0.012846,0.004872
-0.003598,-0.002207,0.009229
-0.002602,0.010675,0.000769
0.001309,0.024635,-0.007707
-0.003615,0.032239,-0.023680
-0.009468,0.020582,-0.034448
-0.002679,-0.022146,-0.032605
-0.002694,-0.023320,-0.025013
-0.010601,-0.024579,-0.002560
-0.010691,-0.000231,0.022209
-0.012624,0.026411,0.028800
-0.012581,0.039274,0.024576
-0.013504,0.034984,0.026689
-0.005618,0.014725,0.023339
0.006208,0.005143,0.019017
0.005206,-0.004499,0.022171
0.001258,0.001943,0.016895
-0.006514,0.010488,0.012761
-0.003566,0.012650,0.007479
0.000411,0.008496,-0.006451
-0.001536,-0.012818,-0.011933
-0.000573,-0.024637,-0.001363
0.002380,-0.016070,-0.001369
0.006259,0.011645,0.006263
0.004259,0.038263,0.015010
0.000351,0.044655,0.017183
-0.002487,0.030787,0.013915
-0.000458,0.007367,0.005207
0.003473,-0.010846,0.011515
0.004469,-0.018349,0.015723
0.006424,-0.008671,0.008289
0.003442,0.008426,0.008373
0.000466,0.022353,0.005211
0.000488,0.020313,-0.006557
-0.003429,0.006429,-0.004554
-0.006347,-0.017036,-0.006873
-0.006267,-0.027722,-0.005878
-0.004362,-0.026755,0.010081
0.000466,-0.002295,0.024101
0.004392,0.026500,0.030662
0.012236,0.050960,0.044682
0.017165,0.048898,0.036109
0.018237,0.037251,0.020087
0.014311,0.009632,0.000699
0.011390,-0.014817,-0.015440
0.006478,-0.030705,-0.034712
0.001527,-0.037030,-0.046472
-0.000556,-0.021111,-0.033558
0.000358,0.000129,-0.017426
0.001290,0.024560,-0.000192
0.002261,0.030861,0.013724
0.000359,0.026521,0.022241
0.001424,0.010506,0.022126
0.003408,-0.006488,0.009224
-0.002425,-0.018181,0.001688
-0.000466,-0.019116,-0.013306
-0.004387,-0.008300,-0.031374
-0.012291,0.003507,-0.038773
-0.019206,0.008784,-0.032301
-0.015344,0.017213,-0.018352
-0.010467,0.019234,-0.006534
-0.004627,0.010525,0.012667
-0.001679,0.002893,0.032896
-0.001587,-0.004571,0.030728
-0.010286,-0.009887,0.026448
-0.012256,-0.013036,0.021054
-0.011289,-0.008715,0.017818
-0.008344,-0.005453,0.010367
-0.002459,0.002025,0.010406
0.001453,0.013775,0.009428
-0.005335,0.013758,0.009474
-0.006324,0.015853,0.013777
-0.006359,0.017910,0.024453
-0.002454,0.023229,0.028725
0.003439,0.028519,0.036211
0.008344,0.027386,0.043692
0.016199,0.019920,0.040483
0.013371,0.005031,0.030813
0.010511,-0.015178,0.017922
0.005648,-0.025782,0.008245
0.001710,-0.027821,-0.001435
0.000724,-0.005359,-0.002430
0.002687,0.020272,-0.000176
0.003621,0.039456,0.007369
0.008524,0.041529,0.014866
0.011501,0.026508,0.022274
0.007621,0.003010,0.021087
0.006648,-0.011933,0.019924
0.008576,-0.006584,0.018888
0.003677,0.013759,0.013656
0.005645,0.035173,0.005281
0.009582,0.042625,0.007481
0.008591,0.029885,-0.002210
0.004719,0.012780,-0.001227
0.001755,-0.003227,-0.003452
0.004670,-0.013884,-0.005671
0.006625,-0.017051,-0.009971
0.002705,-0.020273,-0.007851
-0.002161,-0.019146,-0.014274
-0.000181,-0.014874,-0.015295
0.002726,-0.007399,-0.013154
0.003635,0.004295,-0.003524
0.004592,0.022347,0.010455
0.005552,0.031897,0.019043
0.005568,0.039357,0.020178
0.004619,0.029804,0.010550
0.005606,0.011691,0.001960
0.013448,-0.013886,-0.007756
0.021279,-0.034138,-0.014262
0.023187,-0.034029,-0.028143
0.012402,-0.014804,-0.026980
0.005513,0.013018,-0.032176
-0.004293,0.036522,-0.032049
-0.003319,0.049347,-0.029902
-0.005332,0.046069,-0.020317
-0.004420,0.039566,-0.007558
-0.003462,0.024527,-0.000102
