0.006444,-0.080550,0.024900
0.010328,-0.079489,0.027019
0.007380,-0.040054,0.032704
0.006429,0.002691,0.028741
0.004589,0.042141,0.033342
0.009609,0.054882,0.038848
0.008762,0.046221,0.051651
0.000107,0.019406,0.064332
-0.005586,-0.009491,0.071630
-0.003510,-0.028668,0.070341
0.006391,-0.032803,0.059501
0.020208,-0.010192,0.040337
0.016356,0.018950,0.007300
-0.004124,0.037222,-0.007530
-0.009065,0.029781,-0.012896
-0.003251,-0.007604,-0.012071
0.000829,-0.042853,-0.009139
0.006454,-0.071650,-0.012559
0.010368,-0.076983,-0.011564
0.009478,-0.062010,-0.014663
0.006650,-0.022563,-0.010054
0.003961,0.013685,-0.008614
-0.002877,0.029638,-0.006249
-0.003893,0.013529,0.006434
-0.000917,-0.023858,0.016676
-0.005779,-0.024824,0.010128
-0.018339,-0.001598,0.115555
-0.000257,0.044188,0.382530
0.025382,0.067028,0.224733
-0.006139,0.054002,0.031032
-0.018491,0.025518,-0.016083
-0.007792,0.030829,-0.012836
-0.004032,0.021282,-0.022477
0.010581,-0.036372,-0.020794
0.019520,-0.087520,-0.029784
0.017100,-0.130109,-0.039805
0.013697,-0.145225,-0.019600
0.009186,-0.111232,-0.004265
0.008116,-0.047251,-0.000468
0.007086,0.008212,0.000070
0.007072,0.018802,0.008735
0.006191,0.004871,0.018183
0.007312,-0.011116,0.020088
0.005492,-0.003616,0.020073
0.000775,0.032642,0.021487
-0.003025,0.060449,0.012146
-0.003920,0.052925,0.015363
-0.001026,0.014404,0.023679
-0.000141,-0.038024,0.038244
-0.005060,-0.061494,0.034893
-0.003164,-0.050743,0.024317
-0.006081,-0.019619,0.004241
-0.006047,0.013560,-0.008286
-0.005020,0.017857,-0.010418
-0.002989,-0.003599,0.003294
-0.003011,-0.018578,0.009546
0.000858,-0.035677,0.014699
-0.000150,-0.049543,0.014565
-0.005060,-0.036737,0.013626
-0.010000,-0.001483,0.006499
-0.005057,0.023080,0.003519
0.008696,0.027335,0.005681
0.017591,0.005992,0.006549
0.018553,-0.029223,0.007300
0.007739,-0.062273,0.003803
-0.001164,-0.078241,0.000428
-0.005166,-0.071798,-0.002759
-0.008193,-0.040761,-0.012147
-0.003349,0.002030,-0.021478
0.004390,0.028732,-0.023409
0.011232,0.030822,-0.014908
0.017084,0.020124,-0.012835
0.020012,0.005181,-0.012952
0.018037,-0.022554,-0.013212
0.009166,-0.056689,-0.015625
-0.001613,-0.069641,-0.000707
-0.003633,-0.034510,0.008172
0.000215,0.010237,0.017105
-0.001730,0.035720,0.032295
0.005213,0.054778,0.049579
0.007234,0.054812,0.046355
-0.005308,0.039885,0.046194
-0.014973,0.027145,0.041734
-0.020675,0.023040,0.026630
-0.027464,0.036020,0.007457
-0.029413,0.077683,0.000371
-0.026404,0.101183,-0.005769
-0.016516,0.113985,-0.005652
0.003101,0.085271,-0.014517
0.010932,0.026685,-0.024698
0.007948,-0.037342,-0.025238
0.007870,-0.091832,-0.019246
0.006751,-0.108960,-0.015066
0.005665,-0.084492,-0.007341
0.008447,-0.045134,0.004823
0.007382,-0.007866,0.011624
0.008375,0.015603,0.008704
0.011366,0.006000,0.008621
0.017296,-0.033490,0.008307
0.015381,-0.066529,0.006873
0.014408,-0.067566,0.008875
0.011399,-0.044941,-0.013458
0.001545,-0.014006,-0.012123
-0.008323,0.015822,-0.009646
-0.003453,0.022109,0.002213
0.007316,0.026356,0.003351
0.014161,0.021185,-0.012808
0.008342,-0.006415,-0.027016
0.000490,-0.035201,-0.028374
-0.003459,-0.050334,-0.007079
-0.011383,-0.019539,0.008219
-0.002621,0.050927,0.000350
0.006240,0.081963,-0.011127
0.006302,0.044540,-0.008110
0.006380,-0.017464,0.003162
0.010306,-0.066547,0.004830
0.006309,-0.079258,-0.003894
-0.000634,-0.060024,-0.005892
-0.009529,-0.025861,-0.004594
-0.006651,-0.003464,-0.000191
0.001136,0.015688,0.006391
0.008953,0.026366,0.006464
0.005111,0.025307,0.005388
-0.000664,0.001833,0.004138
-0.000569,-0.031373,0.016734
0.002379,-0.065579,0.022874
0.001408,-0.061336,0.025069
0.002284,-0.042065,0.017746
-0.005612,-0.026092,0.020059
-0.010539,-0.022972,0.025527
-0.008570,-0.029409,0.029748
-0.009499,-0.032633,0.036054
-0.002587,-0.012263,0.028657
-0.002510,0.014636,0.007389
0.001466,0.029731,-0.009623
0.000502,0.040494,-0.019186
0.004436,0.043780,-0.028791
0.005330,0.027871,-0.041731
-0.002549,-0.020202,-0.040951
-0.010470,-0.066200,-0.031633
-0.010631,-0.091881,-0.024344
-0.006917,-0.086542,-0.023261
-0.000202,-0.061028,-0.011289
-0.005191,-0.024911,0.007223
-0.005186,0.011261,0.020366
0.000723,0.029328,0.025940
0.019448,0.034623,0.031320
0.030328,0.014527,0.010812
0.017758,-0.010913,-0.007629
-0.002758,-0.027956,-0.012036
-0.009675,-0.017332,-0.006593
-0.008790,0.004003,-0.003258
-0.006893,0.024212,0.003361
-0.002051,0.025232,0.008721
0.001865,0.005991,0.012827
0.000001,-0.021707,0.009334
-0.004864,-0.056836,0.002539
-0.002943,-0.085592,-0.002032
-0.003046,-0.067323,-0.016854
-0.009030,-0.020351,-0.020693
-0.016953,0.028713,-0.018126
-0.017929,0.049944,-0.006150
-0.002241,0.048826,-0.001845
0.019313,0.030772,-0.010590
0.022221,-0.003175,-0.037548
0.007587,-0.045845,-0.041084
0.002660,-0.073751,-0.019981
0.002475,-0.056701,-0.015592
0.001337,-0.011887,-0.013108
0.002249,0.014762,-0.008627
0.003244,0.002930,0.001977
0.003227,-0.017429,0.011439
0.003257,-0.040841,0.004798
0.006207,-0.056814,0.004574
0.008083,-0.049327,0.003547
-0.000768,-0.022610,-0.002605
-0.003707,0.018869,0.012749
-0.006677,0.057256,0.015238
-0.001697,0.079655,0.015453
0.005300,0.064680,0.015419
0.012264,0.030580,0.008736
0.015297,-0.017402,0.003002
0.020203,-0.061092,-0.006941
0.013264,-0.084589,-0.004994
0.004324,-0.073973,0.002562
-0.002683,-0.042053,0.013533
-0.004738,-0.017662,0.031915
0.002120,0.007907,0.038517
0.006090,0.024017,0.031060
0.000351,0.016678,0.018105
-0.008278,-0.005653,0.009347
-0.013103,-0.015230,0.006057
-0.008251,0.001913,-0.002344
-0.008299,0.034009,-0.014840
-0.003401,0.050122,-0.026484
0.002440,0.028749,-0.024494
0.004324,-0.009649,-0.029048
-0.000631,-0.042787,-0.022901
-0.004663,-0.070578,-0.017787
-0.008671,-0.061052,-0.009135
-0.007828,-0.028075,0.003963
-0.001040,0.010249,0.017076
0.000971,0.042206,0.026906
0.004993,0.067879,0.022775
0.003200,0.069060,0.012027
-0.010328,0.065932,0.003443
-0.013104,0.062818,-0.007269
-0.009122,0.050107,-0.018082
-0.002317,0.027734,-0.022548
-0.000374,0.020188,-0.016139
0.000555,0.023314,-0.007549
0.003426,0.013704,-0.007614
0.017094,0.002016,-0.012025
0.017069,-0.028816,-0.025134
0.005342,-0.065122,-0.023286
-0.009411,-0.074792,-0.016921
-0.007592,-0.041860,-0.001613
-0.005718,0.016814,0.002065
-0.000823,0.074470,-0.001715
0.005123,0.093602,0.009103
0.010198,0.065776,0.019540
0.013263,0.025217,0.020267
0.014345,-0.005730,0.020009
0.009569,-0.016327,0.009266
0.009587,-0.006665,0.001874
0.010546,0.005120,-0.003379
0.009522,0.010473,-0.005470
-0.000313,-0.002427,0.003035
-0.011103,-0.014216,0.006207
-0.005261,-0.033436,0.008169
-0.006249,-0.025844,-0.004637
-0.006271,0.000927,-0.016159
-0.008189,0.030899,-0.028698
-0.002345,0.035170,-0.027624
0.004459,0.011523,-0.009598
0.005409,-0.018533,0.009435
0.000509,-0.035815,0.031798
-0.002468,-0.039091,0.038239
-0.004363,-0.027352,0.039382
-0.002283,-0.002699,0.029890
0.003633,0.030630,0.001284
-0.000209,0.046783,-0.016742
-0.010920,0.039288,-0.014646
-0.006035,0.010403,-0.007379
0.004654,-0.013055,-0.006577
0.003587,-0.033276,-0.013164
-0.004303,-0.043948,-0.011161
-0.005364,-0.047087,-0.017625
-0.002489,-0.033211,-0.015427
-0.004475,-0.002260,-0.015179
-0.005444,0.037214,-0.012729
0.000382,0.057449,-0.008270
0.000444,0.054155,0.001358
0.000545,0.046617,0.012975
0.000631,0.038131,0.009633
-0.004177,0.043515,0.004322
-0.010900,0.067043,-0.002934
-0.008823,0.069278,-0.014682
-0.001922,0.050077,-0.021140
0.001036,0.019049,-0.014912
0.002887,-0.015138,-0.010912
0.010625,-0.045071,-0.004749
0.018390,-0.061032,-0.011277
0.017223,-0.061942,-0.030522
0.005368,-0.061905,-0.036891
0.002340,-0.063069,-0.029328
0.004190,-0.047162,-0.017430
0.008009,-0.015211,-0.008633
0.005940,0.009311,-0.006276
0.000068,0.012436,0.002317
-0.002799,0.000657,0.010691
0.000184,-0.017401,0.006140
0.006051,-0.007689,-0.001383
0.008945,0.001069,-0.025942
0.001090,-0.011647,-0.036741
-0.006777,-0.030972,-0.026138
-0.003967,-0.036420,-0.013341
0.002692,-0.018257,-0.017430
-0.000313,0.008378,-0.016047
-0.000328,-0.003330,-0.019362
0.010473,-0.035437,-0.005794
0.018246,-0.047175,-0.003802
0.013295,-0.030068,-0.006881
-0.004359,-0.002305,-0.008786
-0.010267,0.008280,0.000943
-0.006355,-0.001402,0.008386
0.004403,0.011504,-0.000137
0.006324,0.035164,-0.018196
-0.005366,0.034279,-0.037505
-0.010218,0.012896,-0.033395
-0.005370,-0.006442,-0.017531
-0.003496,-0.011882,-0.007891
-0.004568,-0.003455,0.001878
-0.006541,0.003894,0.012714
0.001341,0.002827,0.012706
0.013119,0.009359,0.000918
0.018979,-0.001187,-0.013094
0.013129,-0.021488,-0.011104
-0.000551,-0.036480,-0.007955
0.001328,-0.034468,0.004932
0.006126,-0.026028,0.013622
0.011943,-0.004710,0.017003
0.021750,-0.004679,0.013784
0.016900,-0.022797,0.011479
0.012040,-0.049492,0.015484
0.011077,-0.068813,0.029211
0.005166,-0.052871,0.033699
0.001212,0.002581,0.036357
-0.003601,0.042072,0.034579
-0.004479,0.038882,0.033476
-0.000429,0.018652,0.032141
0.000615,0.003884,0.016927
-0.004274,0.005226,-0.010974
-0.017946,0.009688,-0.030268
-0.027729,0.023615,-0.035520
-0.026789,0.043924,-0.039620
-0.018047,0.066352,-0.041573
-0.008319,0.069641,-0.053277
-0.002495,0.041832,-0.047069
0.002352,-0.009509,-0.034641
0.007198,-0.056625,-0.018925
0.013909,-0.068538,-0.001834
0.011867,-0.054790,0.008019
0.002080,-0.002592,0.014972
-0.004702,0.028322,0.017409
-0.002672,0.022896,0.024921
-0.000620,-0.018750,0.026736
-0.000592,-0.048625,0.027519
-0.003565,-0.059148,0.013448
0.002253,-0.054735,0.000557
-0.001714,-0.036590,0.001747
-0.010556,-0.003491,-0.000116
-0.007672,0.022093,0.002260
-0.003725,0.039177,0.001333
0.003148,0.036066,-0.006253
-0.000761,0.022363,-0.020408
-0.007562,-0.002103,-0.026045
-0.010519,-0.010665,-0.022914
-0.012514,0.012800,-0.023732
-0.008640,0.051212,-0.025490
-0.005719,0.059710,-0.022180
-0.000798,0.038287,-0.014828
0.004114,0.000876,-0.007659
0.011902,-0.031132,-0.007943
0.013814,-0.054543,-0.013541
0.009793,-0.055612,-0.012499
0.001886,-0.022602,-0.007853
-0.006970,0.025347,-0.003080
-0.006921,0.069021,0.005859
0.001954,0.077578,0.003787
0.005033,0.050907,0.004588
0.006074,0.008248,0.005209
0.002181,-0.017297,-0.000408
-0.003698,-0.027905,-0.004847
-0.005682,-0.016225,0.000634
-0.008639,0.024308,-0.001072
-0.007653,0.064965,-0.014601
0.003132,0.062844,-0.016746
0.016892,0.018023,-0.019210
0.023680,-0.032120,-0.019661
0.016740,-0.080174,-0.017888
0.008780,-0.092031,-0.007219
-0.001121,-0.045154,0.001744
-0.003125,0.015648,0.005457
0.001779,0.058402,0.000403
0.007758,0.061641,-0.000713
0.006846,0.040414,-0.011653
0.001017,0.006324,-0.016274
0.000025,-0.022457,-0.017646
-0.000058,-0.033104,-0.020934
-0.001107,-0.018214,-0.015450
-0.005104,0.014788,-0.008691
-0.004158,0.028544,0.002188
0.003724,0.015617,0.010766
0.019420,-0.009992,0.009500
0.026249,-0.045136,0.002743
0.013523,-0.081367,-0.002925
-0.002193,-0.092076,0.001268
-0.008224,-0.063291,0.004717
-0.009325,-0.009964,0.009423
-0.017197,0.044489,0.005622
-0.010233,0.072231,0.007956
0.004560,0.053101,0.003405
0.009509,0.011599,-0.005612
-0.000219,-0.024613,-0.012376
-0.006129,-0.029959,-0.009256
-0.010119,-0.000083,-0.008994
-0.008204,0.050057,-0.008533
-0.006219,0.069254,-0.010438
-0.001251,0.054255,-0.006224
0.006659,0.020016,0.002093
0.013524,-0.016260,-0.001367
0.012518,-0.047162,-0.008015
0.009527,-0.078128,-0.006135
0.006516,-0.085735,0.011940
0.003444,-0.055876,0.014336
-0.002513,0.011429,0.007379
-0.005428,0.045597,0.005524
-0.003361,0.040251,0.006551
0.004537,0.019977,0.008468
0.006561,-0.001289,0.002863
-0.000250,-0.007636,-0.002567
-0.006102,0.007363,-0.008869
-0.004133,0.013702,-0.001330
-0.003157,0.010420,0.007221
0.000790,0.030599,0.016009
0.010641,0.062655,0.009893
0.012657,0.053181,-0.005171
0.001058,0.004125,-0.011938
-0.003855,-0.048213,-0.008067
0.000904,-0.072850,0.003474
0.000748,-0.047198,-0.002695
0.000662,-0.007681,-0.006631
-0.004214,0.013547,0.006395
-0.008075,0.016624,0.019297
-0.004103,0.011172,0.030015
-0.000060,0.014298,0.038605
0.002029,0.026108,0.031197
0.001175,0.030467,0.020537
-0.001671,0.028383,0.015159
-0.000661,0.011350,0.009679
0.004231,0.001764,0.007458
0.013967,0.011542,-0.011736
0.008038,0.003195,-0.033222
-0.005689,-0.018135,-0.038663
-0.013626,-0.046976,-0.034647
-0.005938,-0.072637,-0.025319
-0.000250,-0.079184,-0.005126
0.001590,-0.049421,0.009025
-0.002351,0.014510,0.022363
-0.001268,0.092366,0.028361
0.004799,0.137247,0.020212
0.006026,0.120217,0.012632
0.004306,0.053959,0.021738
0.003471,-0.016513,0.023349
0.003450,-0.057046,0.020870
0.001404,-0.069811,0.017519
-0.005529,-0.057127,0.031539
-0.014352,-0.013356,0.030810
-0.012327,0.046460,0.026979
-0.000513,0.066957,0.003566
0.001555,0.042586,-0.015916
-0.004252,-0.006332,-0.033504
-0.008253,-0.054256,-0.042525
-0.003564,-0.084066,-0.048188
0.002037,-0.085161,-0.043940
-0.002146,-0.044620,-0.043573
-0.005227,-0.015858,-0.037971
-0.006278,0.000030,-0.024977
-0.003377,-0.001141,-0.015303
-0.002386,0.005233,-0.012036
0.006420,0.014895,-0.018383
0.004483,0.020293,-0.023728
0.007393,0.017033,-0.018373
0.002478,0.009483,-0.009861
0.002475,0.008355,-0.002388
0.010271,0.011581,-0.006610
0.011225,0.003140,-0.017390
0.012228,-0.018108,-0.025140
0.011178,-0.047962,-0.024411
0.001288,-0.057603,-0.018117
-0.008622,-0.024574,-0.013523
-0.013586,0.028751,-0.008811
-0.010649,0.059691,-0.008535
-0.008593,0.058569,-0.004217
-0.003618,0.040443,-0.007545
0.000342,0.007391,-0.015218
0.005233,-0.038503,-0.017675
0.007158,-0.062073,-0.009263
0.006057,-0.042921,-0.005817
0.002046,-0.003425,-0.007607
0.001016,0.015765,-0.006354
0.001971,0.007163,0.001065
0.003936,-0.014262,0.009468
0.011771,-0.016305,0.001890
0.020597,0.006250,-0.010852
0.014711,0.027864,-0.040660
0.003929,0.027916,-0.047073
-0.003004,-0.002117,-0.032283
-0.000130,-0.012945,-0.015230
0.004652,0.010461,-0.006482
0.004633,0.041437,-0.010482
0.001761,0.032871,-0.006292
0.003775,-0.005645,0.005148
0.013591,-0.036762,0.024156
0.017458,-0.027220,0.029628
0.012583,0.002633,0.032040
0.003851,0.037840,0.030266
0.002022,0.042116,0.028190
0.004116,0.025046,0.029082
0.006167,0.008027,0.022520
0.004263,-0.005748,0.011689
0.002349,-0.012226,0.020199
0.000400,-0.008027,0.028782
-0.003488,0.010042,0.036446
0.001448,0.018489,0.047208
0.001531,0.016380,0.045032
0.000695,0.007963,0.034188
-0.001148,-0.007847,0.015765
0.000848,-0.025839,0.000581
-0.002126,-0.036335,-0.019835
-0.005125,-0.029863,-0.025192
-0.012119,-0.021345,-0.022979
-0.010298,-0.018215,-0.015446
-0.003527,-0.019356,-0.007943
-0.002637,-0.019371,-0.006856
0.000297,-0.023612,-0.012195
-0.001640,-0.039663,-0.006985
-0.002629,-0.038628,-0.005845
0.000261,-0.016242,-0.004549
-0.004675,0.003992,-0.000087
-0.005683,0.009163,0.018168
0.003163,0.013359,0.027803
0.013012,0.019835,0.022436
0.013098,0.007187,0.008322
0.005368,-0.016229,0.001692
-0.000439,-0.033358,0.006920
-0.002398,-0.017443,0.016708
-0.007345,0.025317,0.006412
-0.003446,0.054148,0.002423
-0.002389,0.049859,0.003489
-0.000352,0.010286,0.012802
0.009496,-0.007797,0.009357
0.021233,0.005197,-0.007761
0.014322,0.020457,-0.045072
-0.007213,0.010944,-0.058985
-0.016086,-0.028691,-0.044282
-0.010398,-0.042764,-0.022961
-0.010553,-0.018281,-0.018409
-0.011636,0.012702,-0.024519
-0.006742,0.013685,-0.014881
-0.004760,-0.011989,-0.006565
-0.004744,-0.034505,0.003984
-0.006712,-0.027226,0.023369
-0.006718,0.005727,0.034438
-0.005693,0.041965,0.037998
0.003254,0.055821,0.038155
0.015125,0.040879,0.041173
0.025028,0.010047,0.032250
0.020245,-0.024979,0.013682
0.005624,-0.061170,0.005819
-0.007140,-0.066593,0.015415
-0.014095,-0.027097,0.012574
-0.013165,0.030609,0.004479
-0.003397,0.056341,-0.007122
-0.001416,0.044602,-0.005129
-0.007176,0.013622,-0.001121
-0.005192,-0.004536,-0.000184
-0.001282,-0.017332,0.000731
0.000672,-0.010908,-0.002408
0.001668,0.006193,-0.006518
0.002602,0.012666,-0.013968
0.000581,-0.004439,-0.009848
0.000524,-0.032265,-0.001504
0.000473,-0.041875,-0.000523
-0.000582,-0.040692,-0.011275
-0.000674,-0.032055,-0.020876
-0.003630,-0.025698,-0.015473
-0.007568,-0.005473,-0.009945
-0.002702,0.030810,-0.008596
0.000247,0.055357,-0.007351
0.008109,0.053214,-0.008391
0.008214,0.027578,-0.007496
0.009231,-0.008728,-0.008782
0.007229,-0.037590,-0.005756
0.008179,-0.044016,-0.003659
0.011058,-0.033369,-0.001417
0.007041,-0.016297,-0.001266
0.005967,-0.013132,0.003036
0.002087,-0.018550,0.013664
0.002105,-0.005764,0.019052
0.001141,0.022055,0.012818
0.004162,0.038165,0.001182
0.005251,0.033914,0.000053
0.006275,0.008274,0.000960
0.002349,-0.020591,0.005040
0.003327,-0.033361,-0.000392
0.011059,-0.041887,-0.003628
0.010963,-0.039700,-0.010024
0.000146,-0.033260,-0.014249
-0.000878,-0.028884,-0.023906
0.000034,-0.036411,-0.016501
0.000912,-0.033295,-0.007886
0.000814,-0.022712,0.000801
-0.001181,-0.021754,0.011555
-0.003136,-0.024028,0.027587
-0.000181,-0.029416,0.033953
0.004701,-0.025067,0.026459
0.004769,-0.011063,0.014731
-0.002957,0.011397,0.010603
-0.012672,0.037029,0.006578
-0.010715,0.058432,-0.000720
-0.005785,0.053116,-0.004999
-0.002785,0.023178,0.000131
0.001144,-0.005663,0.003101
0.005028,-0.023723,-0.002491
0.006941,-0.040733,-0.006983
0.001042,-0.033305,0.000510
-0.006785,0.006203,-0.000270
-0.002877,0.052154,-0.006328
-0.000851,0.068162,-0.008287
-0.002724,0.048842,0.001255
0.002230,0.023147,0.008578
0.005202,0.003862,0.018030
0.003290,-0.006797,0.016864
0.004283,-0.013168,0.011498
0.005298,-0.026065,0.021041
0.002404,-0.018658,0.026496
0.001420,0.015600,0.012902
0.002459,0.038119,0.001301
0.001488,0.025351,-0.006227
-0.000433,-0.006722,-0.001113
0.001501,-0.043014,0.000702
0.000467,-0.052641,0.005908
0.001376,-0.018442,0.002928
0.000344,0.022192,-0.003225
0.001331,0.024300,-0.001046
0.003346,0.009290,0.007379
0.005342,-0.002514,0.013724
0.005385,0.007152,0.007368
0.001507,0.018926,0.003193
0.007350,0.006079,0.007378
0.010284,-0.022784,0.011451
0.010327,-0.051650,0.017622
0.013201,-0.063375,0.018533
0.003346,-0.063352,0.017428
-0.009438,-0.040968,0.021866
-0.019198,-0.013191,0.017832
-0.023035,0.027394,0.011808
-0.018073,0.058440,-0.000741
-0.012141,0.046759,-0.006216
-0.006209,0.007214,0.000932
0.000657,-0.018414,0.003898
0.008411,-0.015180,0.001749
0.004454,-0.006602,-0.001422
-0.008208,-0.004455,-0.002484
-0.011168,0.008335,0.000800
-0.008239,0.025454,-0.006494
-0.001373,0.037254,-0.013877
0.004520,0.019127,-0.017205
0.005515,-0.020431,-0.011067
0.006465,-0.050389,-0.002748
0.011231,-0.058931,-0.001758
0.013102,-0.043993,-0.000583
0.008157,-0.010882,-0.002475
-0.003601,0.025402,-0.000084
-0.010417,0.038224,-0.002110
-0.006430,0.030802,-0.008571
-0.004425,0.014862,-0.017248
-0.000503,-0.016095,-0.018529
0.000419,-0.043913,-0.011251
0.003266,-0.052473,-0.011263
0.006053,-0.033234,-0.013273
0.001077,-0.000153,-0.009856
-0.004857,0.027611,-0.010719
-0.008702,0.044635,-0.005216
-0.009583,0.042483,-0.002050
-0.005592,0.040301,0.003286
-0.000604,0.039220,0.003313
0.003372,0.030660,0.003301
0.014161,0.010400,0.000999
0.018034,-0.012017,-0.000216
0.012152,-0.022705,0.003924
0.002351,-0.016296,0.002914
-0.011367,0.010365,0.001091
-0.013303,0.034933,-0.000856
-0.008374,0.037058,-0.001861
-0.001462,0.011407,0.001166
0.006380,-0.007900,0.010674
0.002419,-0.005739,0.005392
-0.005401,0.001729,0.005463
-0.003463,0.002778,0.009701
-0.000486,0.005980,0.014955
-0.003325,0.016680,0.013924
-0.005242,0.037046,0.006536
-0.003228,0.043531,-0.001991
0.007572,0.038265,-0.008492
0.020320,0.023443,-0.020427
0.015394,-0.005298,-0.030269
0.003573,-0.033111,-0.025095
0.004447,-0.056632,-0.017858
0.005309,-0.056678,-0.009372
-0.000640,-0.020336,-0.014452
-0.000732,0.029871,-0.020440
0.003191,0.040537,-0.020338
0.014012,0.011605,-0.007718
0.014038,-0.021644,0.008130
0.009108,-0.024995,0.022089
0.000305,-0.013329,0.028652
-0.002559,0.011137,0.037428
-0.001463,0.032475,0.038664
-0.000316,0.051702,0.036685
0.008650,0.056048,0.029199
0.007802,0.041166,0.021602
-0.000908,0.017669,0.021458
-0.003814,-0.015380,0.015867
0.001042,-0.039865,0.010278
0.001969,-0.050430,0.001546
-0.010833,-0.031129,-0.010041
-0.017731,-0.005486,-0.014090
-0.015820,0.011608,-0.017137
-0.009964,0.009462,-0.015034
-0.006086,-0.000262,-0.002250
0.000725,0.005052,-0.001104
0.001705,0.004034,-0.006469
-0.002192,-0.002393,-0.003322
0.002703,-0.002417,0.000921
0.005635,-0.002310,-0.008770
0.004674,-0.001323,0.000860
-0.000206,0.013547,0.009535
0.001753,0.035940,0.010811
0.004748,0.041283,0.011885
0.006802,0.017816,0.009568
0.008792,0.005003,0.013662
0.006861,-0.014072,-0.000442
0.002948,-0.030028,-0.005937
-0.001965,-0.036391,-0.011323
-0.004977,-0.033215,-0.010184
-0.006033,-0.015102,-0.008911
-0.000211,0.008359,-0.006583
0.006589,0.010512,-0.007659
0.011464,-0.002318,-0.005611
0.008526,-0.017260,-0.005729
0.000677,-0.020445,-0.007891
-0.004228,-0.017250,-0.006803
-0.008151,-0.002364,-0.001308
-0.006171,0.011459,0.005214
-0.003216,0.022041,0.015993
-0.000233,0.026241,0.024574
0.004704,0.031603,0.022460
0.001834,0.022036,0.016006
0.001968,-0.000324,0.009412
0.002960,-0.026978,0.009127
-0.001931,-0.025845,0.001645
-0.005855,0.008363,-0.008684
-0.001985,0.041614,-0.027674
-0.000071,0.045919,-0.034009
-0.002998,0.011706,-0.027852
-0.002080,-0.030006,-0.016452
0.003670,-0.061019,-0.007128
0.008454,-0.058900,-0.002885
0.011331,-0.022604,-0.001572
0.013262,0.011514,0.001933
0.011352,0.038171,0.006396
0.012417,0.049846,0.010842
0.009611,0.051939,0.013060
0.003840,0.035836,0.020495
-0.000953,0.017665,0.021468
-0.003795,0.002709,0.023478
-0.001783,-0.003671,0.021272
0.001191,-0.002536,0.013783
0.005101,0.000726,0.007377
0.005096,-0.000314,0.003116
-0.000767,-0.005625,-0.002224
-0.002745,-0.012074,0.002025
-0.003775,-0.019486,-0.004463
-0.003774,-0.021646,0.000816
-0.006765,-0.009922,0.003045
-0.008717,0.014587,0.008570
-0.009664,0.036953,0.015147
-0.009595,0.050831,0.015248
-0.002617,0.049744,0.018428
0.002345,0.026326,0.010760
0.001456,-0.006685,0.000885
-0.002449,-0.032274,-0.004616
-0.010293,-0.039710,-0.008949
-0.011345,-0.019380,-0.014153
-0.008516,0.003036,-0.013980
0.000232,0.016873,-0.008540
0.005076,0.009343,-0.001126
0.005095,-0.010945,0.001875
0.006114,-0.009901,0.005081
0.006134,0.012621,-0.004437
0.001254,0.026596,-0.015044
-0.001656,0.030849,-0.014970
-0.000667,0.028628,-0.007442
0.001279,0.038127,0.005464
0.003249,0.043442,0.004518
0.006248,0.037051,0.003388
0.013194,0.011435,0.002140
0.015159,0.000863,-0.011804
0.003448,-0.013001,-0.015082
-0.000514,-0.019512,-0.003349
0.001367,-0.003590,0.006420
0.004274,0.026211,0.016284
0.005263,0.047556,0.018551
0.005355,0.046526,0.016353
0.004473,0.017785,0.008604
0.012396,-0.017271,-0.005700
0.014323,-0.052327,-0.023145
0.002474,-0.067196,-0.033914
-0.006478,-0.055553,-0.023109
-0.007637,-0.031115,-0.011121
-0.003856,0.011523,-0.007504
-0.002888,0.032892,-0.011577
-0.001836,0.028625,-0.010569
0.001147,0.004092,-0.011851
0.000207,-0.019440,-0.005629
-0.009571,-0.009842,-0.005531
-0.009642,0.009369,-0.004331
-0.005767,0.027387,0.010784
-0.008676,0.028304,0.025827
-0.004667,0.021844,0.033241
0.001291,0.004783,0.033064
0.006285,-0.011111,0.020084
0.009284,-0.008780,0.000764
-0.000491,-0.007552,-0.018472
-0.012230,-0.002159,-0.024852
-0.015241,0.002084,-0.021609
-0.012405,-0.000158,-0.009842
-0.007572,0.000900,-0.008764
0.001182,-0.003364,-0.009857
0.006091,-0.016120,-0.015322
0.004148,-0.020405,-0.014268
0.001185,-0.007585,-0.018384
-0.001781,0.010480,-0.011759
-0.001834,0.016750,0.004330
0.000102,0.026257,0.011985
0.000145,0.032664,0.013074
0.002192,0.025189,0.013025
0.005190,0.000690,0.008516
0.006244,-0.020609,0.006132
0.002340,-0.015226,0.000824
-0.002584,0.000816,-0.001226
-0.004565,0.026408,0.002178
0.003264,0.033854,0.005442
0.010145,0.021023,0.007493
0.015085,-0.000322,0.007319
0.019012,-0.021602,0.000700
0.015128,-0.032228,-0.004735
0.010193,-0.024827,0.001780
0.007225,-0.008886,0.008362
0.005217,0.009169,0.018154
0.000370,0.020778,0.032183
0.003344,0.016483,0.034309
0.000509,0.014410,0.026811
-0.000345,0.009157,0.018183
0.005623,-0.004604,0.007316
0.000762,-0.009816,-0.006645
-0.004132,0.001961,-0.012922
-0.006146,0.008309,-0.004359
-0.005231,0.025273,0.007574
-0.000364,0.054061,0.009974
-0.004193,0.067907,0.013297
-0.000131,0.052978,0.011050
0.005874,0.032743,0.006591
0.007912,0.005163,-0.008711
0.003037,-0.024647,-0.017510
-0.006790,-0.046001,-0.016617
-0.009850,-0.045076,0.001541
-0.012937,-0.017389,0.006111
-0.010979,0.017844,0.005315
-0.003131,0.027450,0.004346
0.007701,0.014660,0.001059
0.008778,0.007268,-0.007575
0.002910,-0.008742,-0.009791
-0.000054,-0.005619,-0.003287
0.003791,-0.001404,0.004209
0.001786,-0.002542,0.012755
-0.003111,-0.002639,0.022418
-0.003038,0.012263,0.026826
-0.001009,0.031510,0.023751
-0.004792,0.046577,0.008902
-0.004670,0.044558,-0.003967
0.004210,0.026471,-0.008444
0.008102,0.000838,-0.005463
0.003153,-0.013045,-0.005555
0.005011,-0.013022,-0.008752
0.005951,-0.000271,-0.002226
0.001050,0.017917,-0.008471
-0.005760,0.036068,-0.010438
-0.004697,0.042481,-0.011457
-0.000747,0.037094,-0.006138
0.002215,0.033750,0.009895
0.007123,0.038997,0.021674
0.004211,0.040028,0.027008
0.005288,0.033609,0.031180
0.007345,0.019843,0.021372
0.006474,-0.005586,0.002904
-0.005203,-0.029031,0.000531
-0.012046,-0.018292,-0.007924
-0.016025,0.017015,-0.019371
-0.013152,0.027649,-0.015000
-0.007345,0.026507,-0.007491
-0.001471,0.011466,0.004150
0.004405,0.003957,0.009418
0.013226,-0.014083,-0.001456
0.014271,-0.035368,-0.008061
0.009376,-0.042865,-0.005961
0.008316,-0.017221,-0.011061
0.000417,0.015876,-0.015008
-0.004501,0.026512,-0.012734
-0.001581,0.006118,0.001001
0.003291,-0.026952,0.001741
0.004273,-0.042919,0.000457
0.006166,-0.049268,-0.003922
0.001268,-0.026897,-0.000494
0.001272,0.003009,-0.003451
0.005158,0.020028,0.002067
0.013977,0.011448,0.005243
0.018875,0.008172,0.012734
0.013005,0.014599,0.009586
0.006202,0.013545,0.008495
0.002363,0.011360,0.013840
0.003411,0.008153,0.014873
0.005466,0.005969,0.021260
0.002570,0.025148,0.024635
-0.000298,0.051815,0.024887
-0.003111,0.062449,0.027167
-0.007849,0.062362,0.033670
-0.001867,0.056021,0.025089
0.002174,0.031549,0.017373
0.003243,-0.002580,0.014945
0.003283,-0.033572,0.022123
-0.005527,-0.022908,0.022234
-0.012395,0.018833,0.007621
-0.011471,0.039170,-0.001784
-0.010422,0.019951,-0.004007
-0.004528,-0.012076,-0.003199
-0.007538,-0.042897,-0.016335
-0.008568,-0.070575,-0.023016
-0.010622,-0.062117,-0.012281
-0.013665,0.006152,-0.007456
-0.010794,0.100177,-0.020568
-0.009762,0.146091,-0.021301
-0.000800,0.135192,0.006394
0.000335,0.119146,0.009498
0.006370,0.091451,0.005996
0.011412,0.044566,-0.000849
0.014422,-0.012029,0.001910
0.008589,-0.024831,-0.001346
0.004642,-0.003432,-0.006542
0.004546,0.001949,-0.010798
0.005451,-0.014130,-0.005514
0.012279,-0.041941,0.002788
0.022009,-0.077118,0.001348
0.021901,-0.117627,-0.001192
0.011993,-0.116661,0.009540
0.007036,-0.050497,0.009041
0.006008,0.023271,-0.004292
0.003091,0.060594,-0.000770
0.004136,0.049794,0.009934
0.007185,0.011305,0.015029
0.010214,-0.030357,0.017931
0.011178,-0.052780,0.018824
0.006222,-0.058094,0.015586
0.001359,-0.039962,0.018899
0.005209,-0.019840,0.036201
-0.000700,0.004598,0.049236
-0.010376,0.032270,0.053843
-0.010182,0.044030,0.049701
-0.006098,0.029202,0.038826
-0.005957,0.005860,0.024683
-0.009768,-0.011131,0.015956
-0.010730,0.001757,0.007480
-0.014631,0.029610,-0.001978
-0.016592,0.048813,0.000286
-0.007819,0.042419,-0.001883
0.004928,0.011470,-0.001090
0.006887,-0.035433,-0.007892
0.003945,-0.068530,-0.006035
0.005803,-0.070628,-0.009284
0.006696,-0.030116,-0.004659
0.001715,0.023231,-0.001049
-0.004116,0.057286,0.013075
-0.002093,0.056145,0.023717
-0.002957,0.037918,0.034246
-0.003790,0.015489,0.036201
-0.002709,-0.001547,0.031775
0.001309,-0.012080,0.014592
0.000383,-0.006678,0.004007
-0.006413,0.012479,0.006393
-0.007386,0.029516,0.009770
-0.003480,0.030494,0.019424
0.002439,0.013461,0.014990
0.004435,-0.003442,-0.002332
0.003480,-0.027840,-0.018607
-0.003422,-0.044871,-0.024091
-0.015221,-0.043808,-0.025117
-0.014384,-0.020353,-0.022770
-0.006664,-0.002296,-0.011943
-0.002835,0.014644,0.004238
-0.001858,0.023127,0.009682
-0.001753,0.034803,0.017263
0.000323,0.039100,0.014084
0.002388,0.037017,0.006614
0.003442,0.024217,0.003353
0.004524,0.015696,0.001150
0.001580,0.009268,0.002210
-0.002406,0.010339,0.000117
-0.002442,0.002823,0.005403
-0.002408,0.007094,0.006478
-0.003403,0.026364,0.000200
-0.008205,0.049961,-0.011419
-0.008144,0.053223,-0.018870
-0.000269,0.026512,-0.013778
0.008504,0.006187,-0.008592
0.010392,0.003984,-0.001109
0.004511,0.018912,0.000093
0.004480,0.030610,0.005527
0.002569,0.027403,0.005514
-0.000294,0.022119,-0.000940
-0.000224,0.012604,-0.010667
0.003714,-0.002209,-0.025763
0.003669,-0.012868,-0.027976
0.001629,-0.016118,-0.022648
0.004433,-0.020509,-0.005629
0.005322,-0.022734,0.006092
0.008242,-0.030269,0.015610
0.011107,-0.038863,0.023007
0.005312,-0.022959,0.033870
0.003461,0.020906,0.021393
0.004537,0.047701,0.009807
0.007566,0.036977,0.015086
0.008636,0.013431,0.023436
0.004765,-0.000445,0.023329
0.004804,-0.000413,0.019062
0.006784,0.007125,0.008487
0.004878,-0.005610,-0.002262
0.003944,-0.015221,-0.003369
0.004907,-0.016253,-0.005564
0.004888,-0.009884,0.000853
0.000924,0.002880,0.007344
-0.009859,0.016651,0.016092
