0.005376,-0.008507,0.009971
0.002449,0.026773,0.003919
0.003456,0.085442,0.006533
0.002570,0.162191,0.018864
0.003743,0.247412,0.034428
-0.005707,0.313540,0.038168
-0.011178,0.331645,0.041475
-0.010840,0.295240,0.052753
-0.009581,0.206673,0.050857
0.006131,0.086024,0.056169
0.011939,-0.006847,0.058548
0.012764,-0.043097,0.055062
0.011623,-0.029023,0.036167
0.008622,0.028758,0.021907
0.006689,0.105735,0.008826
0.000983,0.160302,-0.004423
0.001423,0.176362,-0.009559
0.002009,0.168915,-0.011719
0.001248,0.129348,-0.003569
0.000203,0.084429,0.005547
-0.006080,0.037406,0.011448
-0.010677,-0.015037,0.025790
-0.008512,-0.077230,0.054886
-0.003367,-0.134099,0.085127
0.000919,-0.172650,0.098640
0.006345,-0.185587,0.108813
-0.010848,-0.192049,0.005533
-0.037375,-0.148975,0.072669
-0.009518,-0.056809,0.041382
0.016389,0.029749,0.030515
0.010814,0.096264,-0.002715
0.014250,0.162611,-0.020118
0.011756,0.199994,-0.022961
0.002288,0.202139,-0.024004
0.006250,0.165770,-0.015846
0.009518,0.110098,0.001692
0.010665,0.052309,0.017077
0.008184,0.004179,0.027233
0.007839,-0.022447,0.021659
0.013304,-0.056629,0.024523
0.020680,-0.082431,0.043405
0.011534,-0.076082,0.048759
0.004476,-0.057908,0.045748
0.003370,-0.047143,0.036264
0.012068,-0.049246,0.033035
0.015956,-0.040579,0.020405
0.014984,-0.028691,0.005660
0.015964,-0.011555,-0.000577
0.010093,0.013072,-0.008871
0.008159,0.033303,-0.004478
0.006174,0.038530,0.006165
0.003229,0.026779,0.007103
0.005144,0.002164,0.014314
0.004098,-0.030920,0.013984
0.011784,-0.058740,0.021133
0.018437,-0.073671,0.019921
0.018279,-0.066117,0.011505
0.015234,-0.042532,0.001121
0.011292,-0.010411,-0.009181
0.007431,0.020614,-0.016289
0.001663,0.045234,-0.023502
0.000779,0.068741,-0.026508
0.000915,0.076199,-0.025396
0.000046,0.070799,-0.019083
-0.000834,0.066537,-0.020201
-0.004678,0.051534,-0.013959
-0.008573,0.033315,-0.006711
-0.009574,0.002292,0.000411
-0.009645,-0.031919,0.006457
-0.004903,-0.055517,0.017875
-0.006980,-0.058765,0.022057
-0.005140,-0.047029,0.022132
-0.003296,-0.027843,0.024415
-0.005284,-0.003257,0.020371
0.000549,0.020307,0.012123
0.003496,0.043864,0.004963
0.003531,0.071690,-0.002181
0.005563,0.085643,-0.009418
0.004701,0.093199,-0.017798
0.003839,0.088963,-0.021012
0.001004,0.073952,-0.013667
-0.005742,0.056934,-0.019086
-0.004705,0.038718,-0.011825
-0.000802,0.007651,-0.000472
0.003029,-0.029778,0.006559
0.002941,-0.058562,0.003083
0.007699,-0.091861,0.023959
0.009453,-0.107020,0.044972
0.006331,-0.093122,0.042984
0.006196,-0.053591,0.039154
0.007101,-0.008620,0.024712
0.010976,0.037406,0.011341
0.012985,0.074909,-0.003124
0.014099,0.113503,-0.019682
0.011361,0.127537,-0.035448
0.008654,0.122265,-0.041867
0.010785,0.097678,-0.037852
0.006025,0.072035,-0.034893
0.000249,0.045277,-0.027747
0.001246,0.013120,-0.014296
-0.004634,-0.016893,-0.001872
-0.004723,-0.035123,0.006409
0.000052,-0.049103,0.016848
0.001901,-0.066246,0.023010
0.008607,-0.090855,0.029134
0.011405,-0.088719,0.029173
0.007395,-0.059777,0.016742
0.004408,-0.008424,0.004492
0.000546,0.046119,-0.006676
-0.001299,0.091110,-0.023240
-0.002096,0.111485,-0.032599
-0.000938,0.112585,-0.035752
-0.000758,0.101926,-0.036914
-0.006460,0.071969,-0.029782
-0.009312,0.027037,-0.019597
-0.015159,-0.015726,-0.012591
-0.016188,-0.061789,0.003901
-0.013405,-0.108939,0.022526
-0.011654,-0.146522,0.045513
-0.004115,-0.153094,0.062447
-0.001434,-0.128519,0.059472
-0.000657,-0.086856,0.055619
0.001182,-0.028031,0.043469
0.001136,0.034070,0.023919
-0.001712,0.083365,0.004259
-0.000571,0.112331,-0.010288
0.001558,0.122026,-0.018666
-0.000209,0.115666,-0.022959
0.002844,0.097443,-0.015709
0.000966,0.076001,-0.006388
-0.000954,0.052441,0.001845
-0.003863,0.017169,0.006801
-0.002936,-0.026794,0.026524
-0.004019,-0.074936,0.037727
0.000668,-0.127408,0.055272
0.008211,-0.178718,0.063285
0.016697,-0.202183,0.062019
0.024180,-0.193596,0.057932
0.022939,-0.142190,0.040405
0.013034,-0.068296,0.015667
0.005232,-0.003006,-0.002806
0.002413,0.039857,-0.019313
0.000590,0.069829,-0.027450
0.001713,0.084813,-0.031542
0.007706,0.082598,-0.023075
0.008779,0.078286,-0.018889
0.006919,0.061148,-0.013793
0.005010,0.031158,-0.003507
0.000133,-0.005169,0.000357
-0.001859,-0.031894,0.004312
-0.002921,-0.063966,0.009283
-0.001090,-0.095042,0.021724
0.001637,-0.115423,0.032185
0.005349,-0.111155,0.032222
0.006156,-0.075903,0.029395
0.006059,-0.027794,0.021368
0.003125,0.034255,0.007109
0.000293,0.093163,-0.013557
-0.001481,0.124237,-0.025975
-0.005173,0.120000,-0.029196
-0.003070,0.093279,-0.025227
-0.003953,0.058968,-0.009638
-0.007833,0.016215,-0.003721
-0.007843,-0.015889,0.004425
-0.006930,-0.048088,0.022120
-0.003170,-0.081299,0.034535
-0.001386,-0.096313,0.041824
-0.000619,-0.102772,0.047039
0.005010,-0.089988,0.049287
0.008760,-0.047236,0.043335
0.011624,0.010607,0.022659
0.016541,0.065261,0.000937
0.015675,0.129520,-0.020674
0.008117,0.194855,-0.043364
0.001591,0.224854,-0.054718
-0.003953,0.219509,-0.053676
-0.004657,0.181000,-0.044456
-0.005436,0.125356,-0.030135
-0.002434,0.060097,-0.014816
-0.002427,0.003385,-0.000518
-0.002475,-0.049060,0.013796
-0.003570,-0.110060,0.030193
0.006952,-0.164804,0.061484
0.006675,-0.206497,0.068547
0.005399,-0.200034,0.062210
0.002181,-0.149847,0.059465
-0.001898,-0.079178,0.036765
0.000945,-0.010687,0.018305
0.000984,0.049284,-0.002357
0.005015,0.076177,-0.023316
0.005181,0.079413,-0.026465
0.003351,0.071889,-0.021225
0.002444,0.065381,-0.010671
-0.001403,0.060025,-0.008589
0.000599,0.042910,-0.004474
0.001601,0.019401,-0.001503
0.005485,-0.014838,0.006661
0.010281,-0.044897,0.024451
0.010162,-0.062020,0.029612
0.007123,-0.054548,0.029698
0.005091,-0.034183,0.021428
0.004081,0.004344,0.011209
0.004098,0.055846,-0.015874
0.006146,0.102940,-0.029222
0.000486,0.137206,-0.040566
-0.003194,0.147920,-0.044717
-0.005914,0.141453,-0.038421
-0.008659,0.112509,-0.025982
-0.011481,0.068586,-0.009431
-0.009489,0.017230,0.002778
-0.010500,-0.038325,0.007524
-0.008623,-0.108953,0.025930
-0.002990,-0.176403,0.047566
0.002581,-0.222442,0.061985
0.008103,-0.233157,0.066108
0.009721,-0.194674,0.060119
0.006522,-0.109143,0.044985
0.006399,-0.009717,0.027850
0.010332,0.079149,0.000067
0.011481,0.142425,-0.030063
0.010786,0.171460,-0.050935
0.009125,0.170457,-0.057310
0.006451,0.144760,-0.049031
0.002738,0.101956,-0.037747
-0.002029,0.060229,-0.027528
-0.003959,0.024881,-0.015159
-0.007848,0.002387,-0.006916
-0.009821,-0.029747,0.004440
0.001793,-0.065212,0.028481
0.004561,-0.101649,0.042949
0.003385,-0.127396,0.056546
0.005109,-0.119925,0.056625
0.001996,-0.088835,0.043157
0.001900,-0.039531,0.022408
0.005757,0.015079,0.004901
0.006779,0.070787,-0.015779
0.004977,0.113666,-0.034441
0.005181,0.145800,-0.045791
0.002488,0.143655,-0.044763
-0.004128,0.118992,-0.033327
-0.006925,0.078319,-0.022044
-0.007824,0.023775,-0.010897
-0.008827,-0.011561,0.000425
-0.004981,-0.035148,0.010782
-0.000206,-0.050207,0.022273
0.002623,-0.051372,0.031785
0.003498,-0.045002,0.035046
0.000494,-0.035387,0.034083
0.000403,-0.011831,0.026866
-0.000589,0.021392,0.013404
0.000410,0.057814,-0.000023
0.004406,0.087878,-0.017758
0.002589,0.099694,-0.025076
-0.000183,0.097538,-0.022980
-0.001037,0.081464,-0.016781
-0.003896,0.056810,-0.006434
-0.007761,0.018259,0.005923
-0.008779,-0.028954,0.030935
-0.012752,-0.062944,0.014637
-0.000131,-0.101491,0.027006
0.009423,-0.126155,0.038421
0.016024,-0.119840,0.046937
0.016812,-0.081410,0.046239
0.015708,-0.025767,0.031918
0.014715,0.042715,0.014562
0.011854,0.107997,-0.002817
0.008100,0.165848,-0.023417
0.004433,0.191624,-0.039053
0.005682,0.182148,-0.051841
0.003007,0.144758,-0.047895
0.001240,0.095573,-0.038810
-0.001604,0.044147,-0.019119
-0.004514,0.000295,-0.009980
-0.004553,-0.028651,0.002432
-0.003658,-0.050144,0.017036
-0.003744,-0.056593,0.021168
-0.002848,-0.066286,0.029538
0.001905,-0.083406,0.033592
0.003737,-0.081292,0.035753
0.002631,-0.060939,0.028545
0.002558,-0.024492,0.012981
0.004492,0.019349,0.004923
0.007472,0.055811,-0.012754
0.005615,0.080475,-0.024183
0.002834,0.090154,-0.031533
-0.000926,0.078371,-0.027419
-0.002778,0.057988,-0.017000
-0.003704,0.032299,-0.009839
-0.002703,0.003356,0.002593
-0.003707,-0.023377,0.007644
-0.007665,-0.048982,0.006297
-0.001879,-0.068320,0.018848
0.001902,-0.093004,0.032420
0.005634,-0.088753,0.034628
0.003558,-0.057748,0.029641
0.005418,-0.012884,0.025823
0.009289,0.043855,0.008301
0.010363,0.097434,-0.012328
0.009530,0.132815,-0.027902
-0.000994,0.151128,-0.044706
-0.005664,0.141480,-0.040552
-0.007438,0.104042,-0.032432
-0.009301,0.055848,-0.015910
-0.007324,0.000194,-0.000528
-0.006362,-0.042559,0.005417
-0.006418,-0.088537,0.013428
-0.001680,-0.136800,0.036246
0.006861,-0.162660,0.060377
0.003705,-0.158412,0.062551
0.002512,-0.128468,0.056453
0.001344,-0.071760,0.042092
0.002224,0.002068,0.023700
0.009055,0.073783,0.003167
0.010141,0.125244,-0.019673
0.012298,0.153198,-0.039528
0.007662,0.150106,-0.050124
0.001046,0.130864,-0.047115
-0.002699,0.094453,-0.034707
-0.004531,0.050605,-0.025561
-0.005469,0.008857,-0.013221
-0.007433,-0.020113,0.001313
-0.006504,-0.044787,0.013797
-0.004653,-0.063119,0.032707
-0.001856,-0.066438,0.044343
-0.004911,-0.063269,0.047555
-0.006003,-0.050475,0.048721
-0.003202,-0.032268,0.042548
-0.001332,-0.005481,0.032199
0.000584,0.026698,0.016618
0.000640,0.049291,-0.001202
0.003625,0.061103,-0.008491
0.003698,0.069717,-0.015816
0.004741,0.079346,-0.017848
-0.001023,0.082481,-0.011482
-0.004835,0.070712,-0.008430
-0.005763,0.039594,0.008269
-0.006738,-0.003199,0.017392
-0.003837,-0.049184,0.026506
-0.001989,-0.094099,0.035649
0.002722,-0.112326,0.043965
0.006425,-0.105963,0.048264
0.007220,-0.065346,0.042286
0.009061,-0.001195,0.031222
0.009060,0.058792,0.009519
0.013039,0.105951,-0.010182
0.019029,0.139206,-0.026820
0.017262,0.160735,-0.044594
0.007756,0.162944,-0.052003
0.005041,0.137245,-0.043745
-0.002622,0.102936,-0.028142
-0.006429,0.058019,-0.019026
-0.006403,0.005491,0.003804
-0.006434,-0.050226,0.025551
-0.010428,-0.104675,0.027142
-0.003728,-0.142026,0.025639
0.006837,-0.153884,0.037179
0.016383,-0.146456,0.041481
0.014233,-0.106907,0.035481
0.009242,-0.033131,0.022393
0.001403,0.040672,0.006067
-0.003409,0.087732,-0.004118
-0.004245,0.096399,-0.016741
0.003685,0.080439,-0.021091
0.005724,0.054828,-0.021315
0.005772,0.038801,-0.019333
0.003869,0.033454,-0.018333
-0.000958,0.030210,-0.014095
-0.002884,0.031191,-0.005612
-0.006790,0.036420,0.005038
-0.007729,0.033195,0.007097
-0.002865,0.014989,0.013291
-0.002892,-0.009632,0.020476
0.000006,-0.033109,0.020285
0.004833,-0.043777,0.020233
0.006717,-0.040465,0.009671
0.007638,-0.012621,0.000406
0.008610,0.016276,-0.007837
0.006686,0.047331,-0.018156
0.002888,0.074073,-0.024296
-0.002833,0.075143,-0.025395
-0.002736,0.053706,-0.016082
-0.002678,0.024805,-0.007887
-0.006552,-0.005102,-0.006074
-0.004614,-0.036180,0.006339
-0.005642,-0.062949,0.014539
-0.002812,-0.086524,0.023855
0.002907,-0.089837,0.034397
0.004728,-0.063082,0.027230
0.007566,-0.014957,0.018133
0.008493,0.052382,0.008166
0.006589,0.117653,-0.008158
0.004795,0.159446,-0.024715
0.002070,0.154221,-0.035316
0.003242,0.114747,-0.036736
0.002407,0.062393,-0.030798
0.001496,0.016413,-0.021622
-0.004346,-0.010407,-0.008083
-0.009257,-0.023333,0.003428
-0.013193,-0.040527,0.014901
-0.017141,-0.056645,0.025309
-0.014290,-0.082299,0.029251
-0.007599,-0.094187,0.043996
-0.000957,-0.086796,0.051461
0.003754,-0.054761,0.049612
0.004628,-0.014040,0.033054
0.007526,0.022427,0.015382
0.005603,0.048171,0.002908
0.001773,0.055773,-0.009704
0.002811,0.055806,-0.012866
0.002876,0.056951,-0.020235
0.001979,0.048369,-0.016086
0.002029,0.035531,-0.013029
0.003016,0.027932,-0.000383
-0.001832,0.027836,0.009166
-0.007688,0.010682,0.017482
-0.014517,0.006441,0.014199
-0.005753,-0.017149,0.024592
0.000012,-0.037466,0.028666
0.006711,-0.035394,0.035043
0.010497,-0.009759,0.033179
0.008530,0.025682,0.011276
0.011481,0.059962,-0.001095
0.013477,0.101686,-0.010177
0.010637,0.141316,-0.023522
0.007863,0.170217,-0.031709
0.004133,0.168179,-0.041263
0.002392,0.136124,-0.037306
-0.000364,0.082659,-0.027190
-0.006153,0.030169,-0.008595
-0.008102,-0.022347,0.013188
-0.017910,-0.072548,0.016909
-0.008235,-0.108922,0.024997
-0.003475,-0.134647,0.035301
0.001219,-0.157075,0.036062
0.012716,-0.145475,0.049908
0.012531,-0.110175,0.041721
0.009499,-0.055636,0.030532
0.008475,0.006408,0.016240
0.009466,0.055671,-0.000280
0.011466,0.091006,-0.011602
0.014466,0.123140,-0.022945
0.009750,0.134008,-0.041873
0.006061,0.121278,-0.049391
0.006211,0.088121,-0.042274
-0.000513,0.053876,-0.033051
-0.001434,0.015329,-0.020689
-0.005331,-0.019011,-0.001932
-0.008286,-0.044659,0.000972
-0.007336,-0.062895,0.009241
-0.002541,-0.075851,0.023962
-0.004588,-0.085512,0.029142
-0.003715,-0.083420,0.033411
-0.004802,-0.062033,0.029403
-0.001986,-0.024628,0.024459
0.000873,0.025672,0.011180
0.003830,0.068502,-0.002157
0.006813,0.097460,-0.015644
0.008894,0.110354,-0.023978
0.003177,0.106171,-0.032476
0.003299,0.091189,-0.028362
-0.003437,0.066572,-0.021136
-0.006296,0.036628,-0.015038
-0.008193,0.006640,-0.004745
-0.009160,-0.025463,0.003415
-0.010175,-0.051138,0.008429
-0.012188,-0.065123,0.018842
-0.006447,-0.078099,0.035642
-0.001687,-0.081344,0.039837
0.002115,-0.062094,0.035783
0.002980,-0.027903,0.031851
0.004845,0.021264,0.024900
0.008728,0.076942,0.007424
0.015611,0.119790,-0.008048
0.018650,0.148801,-0.026811
0.012980,0.152157,-0.041582
0.009286,0.128714,-0.044950
0.004559,0.092370,-0.038873
-0.001202,0.047411,-0.025492
-0.007027,-0.001842,-0.010075
-0.009947,-0.037168,0.000179
-0.008010,-0.057489,0.004190
-0.005137,-0.081112,0.017681
-0.002315,-0.104767,0.034334
0.001444,-0.128345,0.043616
0.010065,-0.138039,0.052000
0.011839,-0.111272,0.043793
0.010701,-0.041745,0.028540
0.004782,0.044847,0.014503
0.005778,0.117675,-0.010237
0.011766,0.162692,-0.028861
0.009039,0.174595,-0.044604
0.002454,0.142701,-0.056520
0.000693,0.090308,-0.046354
-0.002143,0.032552,-0.034173
-0.004052,-0.013456,-0.022959
-0.004078,-0.042411,-0.009473
-0.005070,-0.057471,0.002019
-0.007092,-0.058692,0.016802
-0.007168,-0.060984,0.031590
-0.005315,-0.066462,0.045281
-0.004447,-0.070715,0.044195
0.000316,-0.064279,0.041096
0.006046,-0.036432,0.031873
0.008906,0.004336,0.011062
0.009878,0.049290,-0.001209
0.008961,0.091107,-0.019861
0.006163,0.115793,-0.033391
0.003387,0.113704,-0.037626
0.002557,0.088073,-0.035721
-0.001232,0.052804,-0.030731
-0.004076,0.007904,-0.023764
-0.003095,-0.026410,-0.008217
-0.005071,-0.052179,0.006324
-0.003185,-0.078031,0.029360
-0.004287,-0.105930,0.043902
-0.004415,-0.131631,0.052104
-0.000684,-0.132687,0.051048
0.004028,-0.101631,0.040743
0.006803,-0.033226,0.030757
0.007677,0.044902,0.009211
0.005777,0.114473,-0.010258
0.009829,0.150966,-0.029990
0.010991,0.156522,-0.051094
0.004387,0.140549,-0.054382
-0.000305,0.096725,-0.047331
-0.003110,0.038960,-0.034062
-0.005996,-0.012424,-0.018608
-0.005054,-0.041423,-0.000892
-0.012889,-0.054405,0.015903
-0.012938,-0.063055,0.026355
-0.013017,-0.079241,0.043102
-0.010212,-0.088957,0.053552
-0.006454,-0.085763,0.054604
-0.001727,-0.070770,0.049437
0.003017,-0.037531,0.033847
0.009744,0.011721,0.018416
0.008764,0.064218,-0.001210
0.010801,0.098583,-0.022083
0.012891,0.111535,-0.035682
0.009137,0.099877,-0.043142
0.005348,0.084902,-0.040089
0.001531,0.063443,-0.028590
-0.003260,0.030301,-0.022528
-0.002256,-0.003978,-0.010129
-0.003225,-0.032891,-0.000901
-0.006167,-0.048999,0.008432
-0.004275,-0.054530,0.027456
-0.003399,-0.056756,0.035849
0.000384,-0.048274,0.041215
0.002223,-0.029011,0.036085
0.005102,0.001022,0.021540
0.008002,0.019306,0.007968
0.014844,0.042961,-0.008699
0.016828,0.076209,-0.024221
0.015947,0.096618,-0.036707
0.014112,0.107401,-0.047162
0.012318,0.102112,-0.051404
0.011491,0.081774,-0.045201
0.003791,0.061429,-0.039060
-0.003906,0.027151,-0.026661
-0.006773,-0.019890,-0.018632
-0.005792,-0.061749,0.004270
-0.005840,-0.103529,0.019766
-0.003989,-0.137787,0.030029
-0.005109,-0.146426,0.039442
-0.002357,-0.131481,0.038449
0.001408,-0.095075,0.026000
0.002325,-0.040478,0.009534
0.005218,0.011962,-0.004829
0.008163,0.066539,-0.019152
0.005327,0.105118,-0.034697
0.003545,0.121233,-0.045139
-0.001176,0.112671,-0.042033
-0.006908,0.092297,-0.032689
-0.009744,0.058060,-0.024505
-0.013590,0.017399,-0.014304
-0.017461,-0.025458,0.002271
-0.013610,-0.060817,0.015694
-0.013688,-0.083412,0.033480
-0.012837,-0.101697,0.047052
-0.008121,-0.114605,0.056421
0.000489,-0.103955,0.058636
0.005232,-0.063273,0.046299
0.008040,0.001978,0.032097
0.007995,0.069403,0.013670
0.010004,0.124079,-0.010161
0.012068,0.163754,-0.027750
0.011238,0.190568,-0.040145
0.007528,0.192801,-0.049634
0.003833,0.166117,-0.048750
-0.001844,0.130837,-0.042692
-0.007569,0.085948,-0.036786
-0.007502,0.034572,-0.022442
-0.007464,-0.016848,-0.003867
-0.003603,-0.067335,0.028515
-0.004696,-0.098511,0.050464
-0.013608,-0.118892,0.059754
-0.009868,-0.113592,0.062935
-0.005140,-0.090006,0.052501
0.000573,-0.037544,0.036016
0.005381,0.018130,0.018527
0.007318,0.077030,-0.001057
0.008393,0.110322,-0.021938
0.008505,0.121061,-0.028170
0.006684,0.109369,-0.032496
0.001921,0.082606,-0.024234
0.001001,0.057923,-0.010662
-0.001902,0.026899,-0.003540
-0.003840,-0.000945,0.005710
-0.000951,-0.018129,0.016130
-0.001978,-0.032118,0.027637
-0.003039,-0.034340,0.036064
-0.000219,-0.025875,0.042465
0.002633,-0.017307,0.039343
0.007454,-0.015087,0.030887
0.012261,0.001021,0.021540
0.011257,0.021509,0.001683
0.015190,0.044087,-0.013926
0.017187,0.068791,-0.028462
0.014346,0.091301,-0.037760
0.013472,0.099860,-0.039751
0.013575,0.101998,-0.039684
0.006888,0.102030,-0.042867
0.004099,0.078489,-0.036713
0.002250,0.051713,-0.027425
-0.002552,0.018574,-0.022471
-0.007398,-0.015718,-0.009074
-0.010308,-0.053213,0.004303
-0.007424,-0.089678,0.020845
-0.006560,-0.112212,0.032224
-0.004714,-0.109014,0.032188
0.003961,-0.086531,0.024936
0.010694,-0.045861,0.013647
0.010649,0.010882,-0.003840
0.010672,0.064414,-0.020288
0.014606,0.110368,-0.026169
0.010806,0.154299,-0.042695
0.005132,0.169337,-0.052079
0.003381,0.138414,-0.054429
0.003528,0.093477,-0.043156
-0.002254,0.049585,-0.029752
-0.008056,0.006757,-0.016388
-0.012906,-0.035050,0.002311
-0.016831,-0.072500,0.011478
-0.021734,-0.096020,0.014375
-0.015973,-0.113251,0.028976
-0.008289,-0.135751,0.037184
0.002325,-0.141143,0.042408
0.005110,-0.112308,0.040573
0.005944,-0.047081,0.028458
0.001961,0.028873,0.011166
0.002961,0.099481,-0.005105
0.005963,0.140230,-0.023759
0.008034,0.145709,-0.037436
0.008195,0.127651,-0.044961
0.004429,0.091360,-0.044196
-0.000334,0.050747,-0.038185
-0.004181,0.019661,-0.024676
-0.009045,-0.007279,0.000522
-0.022704,-0.020040,-0.005006
-0.013853,-0.045768,0.005313
-0.012911,-0.077884,0.014506
-0.009099,-0.091921,0.030195
-0.005295,-0.087765,0.040773
-0.006402,-0.082487,0.046048
-0.001652,-0.072916,0.049302
0.004096,-0.053642,0.043160
0.010816,-0.018315,0.032919
0.014655,0.026688,0.016458
0.015615,0.076005,-0.005332
0.015678,0.119952,-0.023956
0.018709,0.139357,-0.042817
0.017883,0.140477,-0.046999
0.012196,0.113863,-0.053591
0.009417,0.070009,-0.044450
0.004622,0.022912,-0.031123
-0.000210,-0.017780,-0.017725
-0.006050,-0.048861,-0.005347
-0.011917,-0.073514,0.004978
-0.013926,-0.090637,0.008990
-0.010058,-0.098215,0.018365
-0.005268,-0.112229,0.032002
0.004356,-0.109068,0.036280
0.003290,-0.082354,0.033372
0.004154,-0.036392,0.026373
0.005062,0.016027,0.014126
0.006013,0.065251,0.001905
0.007992,0.098509,-0.014699
0.010996,0.117846,-0.026092
0.010149,0.130816,-0.041833
0.007398,0.108514,-0.052611
0.004601,0.064667,-0.043430
-0.001188,0.021850,-0.031056
-0.004080,-0.016686,-0.019755
-0.005032,-0.048818,-0.008384
-0.007945,-0.073430,-0.002281
-0.009913,-0.093785,0.004921
-0.009008,-0.100397,0.024941
-0.007154,-0.093013,0.033466
-0.007223,-0.086579,0.030325
-0.004383,-0.065225,0.029450
-0.002523,-0.031046,0.026544
0.001299,0.018119,0.019574
0.001258,0.059801,0.013578
0.004188,0.091948,0.001174
0.006188,0.113457,-0.014465
0.005318,0.121080,-0.029170
0.005428,0.123283,-0.035455
-0.000325,0.107299,-0.037689
-0.004154,0.075169,-0.026276
-0.008956,0.035619,-0.020254
-0.012793,-0.008274,-0.006878
-0.013747,-0.058560,0.005324
-0.013778,-0.101444,0.023960
-0.015817,-0.133620,0.039539
-0.012069,-0.160487,0.057232
-0.004432,-0.168105,0.070864
0.006125,-0.157414,0.068821
0.009839,-0.102860,0.056578
0.007742,-0.017319,0.040340
0.006698,0.060796,0.019850
0.008659,0.123963,0.000296
0.012636,0.166856,-0.019407
0.018589,0.186233,-0.035036
0.019732,0.185343,-0.051946
0.020867,0.169393,-0.057342
0.020025,0.155474,-0.052089
0.011392,0.148006,-0.052120
0.001804,0.134086,-0.048017
-0.003933,0.113626,-0.030212
-0.011667,0.096462,-0.021936
-0.015519,0.064303,-0.008512
-0.012549,0.019316,0.006900
-0.004771,-0.021327,0.014937
-0.001876,-0.049122,0.018877
0.003902,-0.063085,0.027188
0.002850,-0.055593,0.025124
0.004721,-0.037441,0.024215
0.002715,-0.012817,0.017043
0.003657,0.009682,0.008799
0.005579,0.032173,0.001636
0.011425,0.066411,-0.006484
0.014362,0.109173,-0.013461
0.019294,0.143498,-0.030062
0.014527,0.162808,-0.039396
0.009804,0.153259,-0.044757
0.006051,0.110531,-0.040879
0.001258,0.054964,-0.033957
-0.008410,0.001552,-0.029174
-0.012268,-0.048714,-0.019058
-0.014220,-0.098036,0.002720
-0.013293,-0.148445,0.026560
-0.008519,-0.194556,0.048391
-0.008662,-0.199957,0.054690
-0.004904,-0.185010,0.053703
0.000786,-0.150818,0.049771
0.007458,-0.087713,0.036619
0.007377,-0.011674,0.010831
0.006392,0.052569,-0.009795
0.005462,0.095385,-0.022112
-0.000256,0.108365,-0.038914
-0.002069,0.084954,-0.045471
-0.002948,0.053931,-0.038336
-0.003882,0.024992,-0.025841
-0.003843,0.004650,-0.019666
-0.003823,-0.009353,-0.007083
-0.009687,-0.021207,0.004464
-0.011666,-0.029853,0.014972
-0.011686,-0.034191,0.021267
-0.008789,-0.045939,0.022246
-0.003975,-0.055605,0.028521
-0.001118,-0.047035,0.025433
-0.001161,-0.028793,0.016098
0.001715,-0.002049,0.009986
0.000734,0.027927,0.000726
0.006579,0.053584,-0.003253
0.006595,0.081416,-0.011471
0.004716,0.096420,-0.017706
0.001869,0.088964,-0.018812
0.000939,0.073958,-0.012604
-0.003902,0.056810,-0.005334
-0.005833,0.020416,0.004890
-0.003881,-0.031962,0.012880
-0.000001,-0.081139,0.020891
0.000886,-0.101503,0.029160
0.002749,-0.098337,0.032330
0.004601,-0.068425,0.029429
0.005521,-0.034255,0.027619
0.007420,0.006397,0.018451
0.008366,0.042769,0.010335
0.009338,0.074900,-0.001014
0.011329,0.097442,-0.013488
0.016273,0.116796,-0.027023
0.015388,0.137139,-0.033163
0.002832,0.140436,-0.042706
0.000020,0.110499,-0.037717
-0.003797,0.056967,-0.021255
-0.006666,-0.000778,-0.010129
-0.012511,-0.050032,0.005295
-0.014482,-0.098185,0.017553
-0.016494,-0.122862,0.029980
-0.019525,-0.133670,0.042508
-0.015741,-0.141240,0.051929
-0.004175,-0.137036,0.058333
0.002510,-0.112470,0.056460
0.005293,-0.051523,0.045362
0.005165,0.023302,0.034397
0.008072,0.087548,0.013806
0.012001,0.134708,-0.005859
0.013035,0.162610,-0.020374
0.014109,0.169150,-0.032940
0.005463,0.159624,-0.040409
0.004607,0.125420,-0.035416
0.002732,0.076205,-0.023106
-0.002087,0.015225,-0.008831
-0.005965,-0.045775,0.007572
-0.012817,-0.098128,0.013410
-0.007015,-0.130352,0.033193
-0.008080,-0.148590,0.041420
-0.001389,-0.157282,0.056123
0.003345,-0.151980,0.059325
0.008067,-0.124224,0.058506
0.010828,-0.063289,0.048455
0.013627,0.013728,0.031124
0.013606,0.079049,0.009482
0.019496,0.114505,-0.013477
0.024461,0.133925,-0.033393
0.022639,0.131996,-0.053536
0.017923,0.107487,-0.056892
0.013174,0.074320,-0.048707
0.005446,0.039026,-0.041586
-0.001294,0.006967,-0.037649
-0.006114,-0.029476,-0.022093
-0.007064,-0.067043,-0.001262
-0.012953,-0.107793,0.017392
-0.015944,-0.152833,0.038117
-0.012168,-0.189262,0.051496
-0.000622,-0.207488,0.059825
0.009929,-0.183956,0.054753
0.018507,-0.111267,0.043799
0.019357,-0.003212,0.018312
0.021293,0.098501,-0.013611
0.024292,0.172392,-0.038354
0.030289,0.207870,-0.063421
0.034402,0.219828,-0.084448
0.033674,0.213635,-0.104566
0.026121,0.195555,-0.109983
0.006873,0.163508,-0.107086
-0.007532,0.106835,-0.097052
-0.017105,0.027680,-0.079788
-0.019920,-0.048399,-0.049744
-0.016977,-0.114970,-0.010052
-0.021896,-0.170760,0.019137
-0.021009,-0.209459,0.046325
-0.021140,-0.230905,0.055605
-0.014460,-0.234076,0.052373
-0.004864,-0.206279,0.047304
0.000825,-0.146326,0.028756
0.002672,-0.063980,0.012530
0.002601,0.041819,-0.001352
0.000670,0.140269,-0.026916
0.002746,0.211982,-0.047477
-0.000952,0.232409,-0.062098
-0.008551,0.211076,-0.063352
-0.012280,0.157602,-0.052154
-0.015106,0.083830,-0.039032
-0.016016,0.012149,-0.021647
-0.016965,-0.054218,-0.002100
-0.017988,-0.102431,0.016529
-0.017072,-0.136713,0.028893
-0.010345,-0.164658,0.047674
-0.006599,-0.164840,0.065697
-0.001902,-0.129591,0.062842
-0.001076,-0.064409,0.054943
0.005634,0.009392,0.038639
0.013390,0.081129,0.015991
0.021183,0.143289,-0.008830
0.032930,0.196876,-0.030555
0.033063,0.229164,-0.056717
0.029377,0.227257,-0.078969
0.020816,0.197451,-0.086628
0.013236,0.136570,-0.081868
0.006572,0.060608,-0.063494
-0.002116,-0.010028,-0.043985
-0.008878,-0.063612,-0.022218
-0.014715,-0.102226,-0.003525
-0.016685,-0.136633,0.021571
-0.019690,-0.174182,0.040253
-0.017862,-0.197813,0.054826
-0.009216,-0.199992,0.059023
-0.000594,-0.168907,0.045522
0.006086,-0.094068,0.032402
0.004998,0.007464,0.018482
0.003991,0.097275,0.002316
0.004997,0.162564,-0.016179
0.000241,0.189444,-0.036112
0.002379,0.161842,-0.050113
-0.000399,0.114889,-0.050523
-0.005194,0.064699,-0.047792
-0.006074,0.018777,-0.045058
-0.000191,-0.025163,-0.027472
0.002724,-0.051021,-0.003306
-0.003159,-0.061919,0.018869
-0.011998,-0.058838,0.030519
-0.017901,-0.055789,0.045374
-0.016030,-0.053623,0.042202
-0.004398,-0.046075,0.034868
0.008182,-0.023544,0.023448
0.012994,0.016109,0.007945
0.014929,0.061126,-0.010685
0.017904,0.106119,-0.027171
0.014089,0.132927,-0.039642
0.006432,0.134082,-0.048122
0.001702,0.098815,-0.043111
-0.004038,0.056044,-0.035017
-0.006917,0.015395,-0.025849
-0.009823,-0.021051,-0.010278
-0.010802,-0.043603,0.003277
-0.011815,-0.053275,0.009497
-0.008929,-0.063994,0.013571
-0.007004,-0.085481,0.027123
-0.002193,-0.101661,0.043925
0.003528,-0.101734,0.051366
0.004383,-0.073903,0.043134
0.003320,-0.023645,0.034092
0.007140,0.029879,0.018746
0.010055,0.081320,-0.001943
0.014003,0.119943,-0.021711
0.013126,0.139319,-0.037390
0.007389,0.134090,-0.048039
0.004583,0.107380,-0.045089
-0.000210,0.060339,-0.037032
-0.003058,0.005818,-0.027986
-0.006908,-0.051993,-0.010508
-0.007879,-0.115173,0.010094
-0.018656,-0.148369,0.020311
-0.014807,-0.166750,0.043418
-0.013941,-0.187150,0.054815
-0.009249,-0.190463,0.065349
-0.001593,-0.169131,0.066597
0.001152,-0.119876,0.051115
0.008849,-0.055665,0.033672
0.011705,0.019215,0.016373
0.012640,0.098370,-0.000892
0.011698,0.161551,-0.021507
0.015708,0.201221,-0.039137
0.010026,0.201362,-0.052874
0.006288,0.175807,-0.058362
0.003497,0.131936,-0.047065
0.000660,0.076370,-0.040136
-0.003163,0.019639,-0.023696
-0.008006,-0.027456,-0.010348
-0.010922,-0.064969,0.005171
-0.010957,-0.105726,0.024927
-0.014919,-0.134717,0.041576
-0.011150,-0.154101,0.058309
-0.005448,-0.152040,0.065754
-0.000716,-0.112426,0.053394
0.003066,-0.052569,0.044388
0.007833,0.013820,0.022733
0.011699,0.080168,0.005365
0.017574,0.131609,-0.015332
0.020559,0.160612,-0.033042
0.022639,0.165057,-0.049905
0.014999,0.139500,-0.055398
0.014152,0.089271,-0.048395
0.005487,0.036915,-0.042521
-0.001260,-0.020818,-0.032435
-0.005121,-0.077537,-0.017049
-0.007060,-0.111859,-0.000413
-0.011971,-0.124794,0.012173
-0.014984,-0.114299,0.029166
-0.017015,-0.108063,0.045068
-0.012226,-0.102784,0.050378
-0.006479,-0.092088,0.048348
-0.001696,-0.061046,0.039063
0.004055,-0.012930,0.029955
0.005952,0.044880,0.012469
0.010816,0.097367,-0.006103
0.017689,0.137069,-0.026909
0.024596,0.161801,-0.044642
0.016940,0.169445,-0.061504
0.011268,0.141752,-0.067051
0.003608,0.089281,-0.049471
-0.001184,0.040073,-0.038263
-0.005041,-0.007046,-0.022827
-0.009871,-0.046651,-0.011556
-0.008898,-0.075638,0.005113
-0.013810,-0.089620,0.015546
-0.017768,-0.090830,0.029274
-0.021745,-0.082429,0.042041
-0.023764,-0.077127,0.045243
-0.022888,-0.073948,0.047350
-0.014211,-0.054709,0.044321
-0.005536,-0.019391,0.035127
0.004125,0.029819,0.023940
0.009925,0.082270,0.008545
0.015786,0.122986,-0.006947
0.017799,0.149796,-0.019418
0.013025,0.144557,-0.029000
0.008270,0.106188,-0.034646
0.002500,0.055950,-0.026568
0.000600,0.018477,-0.014178
-0.003302,0.001336,-0.007989
-0.006225,-0.009442,0.002507
-0.007214,-0.013808,0.011998
-0.008204,-0.019264,0.023602
-0.010189,-0.025774,0.034142
-0.009271,-0.030067,0.036178
-0.010293,-0.043931,0.034975
-0.005486,-0.043941,0.036015
0.002221,-0.033261,0.035033
0.011891,-0.005406,0.024714
0.015724,0.038479,0.012427
0.019599,0.086661,-0.002991
0.024481,0.124198,-0.020626
0.027467,0.145650,-0.031001
0.023680,0.142591,-0.044780
0.017009,0.098936,-0.054705
0.013247,0.033734,-0.044670
0.005510,-0.016536,-0.033431
0.000652,-0.047582,-0.024201
-0.001268,-0.072299,-0.007488
-0.006139,-0.089460,0.000830
