-0.158685,-0.519232,-1.207598
-0.160880,-0.231012,-1.185562
-0.159373,0.043123,-1.154720
-0.148371,0.239449,-1.128945
-0.119243,0.339070,-1.157336
-0.093773,0.352150,-1.181998
-0.072474,0.322492,-1.201653
-0.058508,0.263694,-1.187227
-0.048933,0.211038,-1.142784
-0.052362,0.188487,-1.124826
-0.061721,0.209897,-1.118548
-0.071192,0.234608,-1.121917
-0.063164,0.249797,-1.143357
-0.067849,0.274567,-1.162567
-0.075600,0.280117,-1.178770
-0.073709,0.227801,-1.177046
-0.057344,0.236603,-1.202764
-0.040167,0.250638,-1.210391
-0.018556,0.243026,-1.197533
-0.008665,0.219623,-1.217794
0.007928,0.174990,-1.244802
0.025225,0.122941,-1.265739
0.053799,0.006727,-1.271163
0.081776,-0.125548,-1.277630
0.107278,-0.215262,-1.269822
0.110799,-0.251845,-1.237969
0.115232,-0.254664,-0.963595
0.136638,-0.182909,-0.687221
0.121772,-0.059479,-0.848046
0.105254,0.136146,-0.923638
0.107028,0.371206,-0.820285
0.091671,0.608657,-0.762553
0.070767,0.838797,-0.726215
0.064364,1.031621,-0.694461
0.066174,1.134925,-0.681548
0.084818,1.160417,-0.682066
0.098152,1.082370,-0.687565
0.108557,0.924210,-0.689349
0.106348,0.733894,-0.672203
0.089730,0.600078,-0.642930
0.057314,0.538973,-0.625981
0.039495,0.561183,-0.610628
0.034605,0.643300,-0.608760
0.028995,0.742356,-0.591753
0.021177,0.800906,-0.582522
0.027759,0.812506,-0.572649
0.035196,0.795333,-0.566258
0.030783,0.755619,-0.547164
0.042827,0.646719,-0.547938
0.064252,0.502529,-0.536264
0.069458,0.352994,-0.520426
0.061534,0.271734,-0.501871
0.053004,0.247065,-0.490246
0.057032,0.244789,-0.482573
0.070183,0.253228,-0.474925
0.085571,0.279955,-0.481104
0.110692,0.333308,-0.481694
0.140775,0.405835,-0.478895
0.160281,0.476251,-0.474082
0.165328,0.528545,-0.474701
0.170364,0.526163,-0.454202
0.173299,0.443712,-0.437421
0.186832,0.302389,-0.401841
0.197170,0.151588,-0.378170
0.202985,0.041315,-0.350966
0.199258,-0.012220,-0.339441
0.198337,-0.004995,-0.311551
0.186807,0.055612,-0.285368
0.186890,0.149294,-0.257850
0.188698,0.236669,-0.235862
0.177956,0.309088,-0.212910
0.185909,0.328111,-0.189259
0.189400,0.319454,-0.173330
0.180683,0.297827,-0.142439
0.156322,0.264712,-0.139489
0.141759,0.227328,-0.131346
0.141206,0.172831,-0.119062
0.134405,0.121564,-0.113100
0.123566,0.090562,-0.106942
0.100865,0.104214,-0.083241
0.085328,0.140390,-0.070110
0.090314,0.172325,-0.053949
0.075826,0.191530,-0.047505
0.088803,0.188245,-0.037902
0.096085,0.181758,-0.029368
0.084589,0.184783,-0.011103
0.067273,0.204853,0.007381
0.045014,0.224889,0.027002
0.043532,0.237453,0.047610
0.039803,0.276806,0.055605
0.043013,0.339586,0.068106
0.044302,0.394995,0.069831
0.042571,0.396925,0.083978
0.051506,0.359474,0.089159
0.051343,0.287009,0.072605
0.068304,0.175166,0.042892
0.072951,0.057985,0.020460
0.073269,-0.003831,0.012419
0.072600,-0.021070,0.030484
0.068151,-0.006282,0.049828
0.090408,0.029665,0.092843
0.090692,0.104148,0.124359
0.094705,0.196831,0.147512
0.094400,0.284211,0.166348
0.087311,0.338561,0.177454
0.080003,0.332094,0.183844
0.083038,0.291511,0.190906
0.068371,0.267032,0.191576
0.055546,0.247847,0.194493
0.041590,0.222554,0.161029
0.040340,0.180955,0.156444
0.021418,0.134031,0.146562
0.021099,0.083841,0.143095
0.014968,0.045419,0.136512
0.010727,0.040092,0.133310
-0.007072,0.072215,0.122834
-0.014961,0.107634,0.101681
-0.019893,0.138778,0.084694
-0.023869,0.153803,0.078322
-0.019013,0.152812,0.071838
-0.020008,0.134763,0.058897
-0.016311,0.102827,0.049013
-0.010898,0.064473,0.046436
-0.008327,0.050619,0.049409
-0.022165,0.056005,0.049324
-0.035815,0.056148,0.034308
-0.036740,0.031711,0.019181
-0.026990,-0.007687,0.001893
-0.013311,-0.049211,-0.012295
0.001268,-0.053390,-0.016748
-0.003853,-0.012838,-0.011182
-0.021668,0.046972,-0.011861
-0.019831,0.091783,-0.006234
-0.030654,0.125941,-0.004928
-0.030665,0.136691,-0.010272
-0.023820,0.129299,-0.014722
-0.016931,0.087766,-0.027842
-0.000281,0.014215,-0.047495
0.012245,-0.064758,-0.060693
0.024573,-0.117075,-0.062103
0.026158,-0.132010,-0.058057
0.026814,-0.104169,-0.063304
0.026535,-0.062533,-0.064049
0.034981,-0.042260,-0.059689
0.045467,-0.032767,-0.038403
0.048220,-0.010541,-0.012635
0.036376,0.013853,0.005737
0.024569,0.038331,0.019712
0.012823,0.054326,0.025109
0.018692,0.051107,0.030355
0.018825,0.038385,0.024799
0.023834,0.012910,0.006451
0.035547,-0.002064,0.007460
0.035359,-0.010532,-0.001156
0.027262,0.010819,-0.001000
0.007496,0.051377,0.004549
0.001531,0.097309,0.000634
-0.000495,0.111105,0.000950
-0.007431,0.088625,-0.007420
0.000330,0.051204,-0.007546
0.001252,0.019202,-0.012027
0.005018,-0.001058,-0.019557
0.011694,-0.019155,-0.026099
0.020289,-0.040549,-0.019870
0.034733,-0.069326,-0.024388
0.034439,-0.068343,-0.013702
0.018501,-0.048118,-0.007123
0.018280,-0.018337,0.008025
0.016190,0.016803,0.018973
0.010216,0.045559,0.027728
0.003354,0.057275,0.029979
0.006395,0.046582,0.026808
0.008485,0.025317,0.009695
0.011385,0.000846,-0.004298
0.007297,-0.013013,-0.008633
0.004198,-0.007646,-0.011807
0.006922,0.011653,-0.017113
0.000783,0.033001,-0.016948
0.012282,0.057504,-0.012451
0.011137,0.085234,-0.011132
0.013956,0.097960,-0.004542
0.016847,0.094674,0.004019
0.018756,0.073265,0.007150
0.022732,0.034812,0.010059
0.018820,0.002756,0.015130
0.009857,-0.014312,0.014970
0.004773,0.005965,0.019321
0.010585,0.036957,0.021553
0.018435,0.073204,0.029269
0.021436,0.076407,0.025110
0.030314,0.057230,0.020684
0.023515,0.039079,0.023695
0.019577,0.039135,0.022502
0.022413,0.079509,0.048402
0.019445,0.134902,0.064811
0.013720,0.185103,0.064067
0.015896,0.205337,0.071664
0.018096,0.176468,0.075752
0.030074,0.124188,0.071107
0.037140,0.067658,0.066377
0.037282,0.045140,0.075884
0.021666,0.059116,0.066319
0.000195,0.114709,0.059195
-0.009509,0.174562,0.056316
-0.001585,0.198093,0.055324
0.011277,0.178934,0.049804
0.017343,0.135246,0.039858
0.017443,0.075458,0.037339
0.006642,0.014616,0.034781
-0.003172,-0.029133,0.032314
-0.006084,-0.057920,0.025732
-0.005110,-0.073847,0.014930
-0.001195,-0.080181,0.007376
0.000698,-0.086514,0.004002
0.002570,-0.074720,0.001865
0.004450,-0.039481,0.003143
-0.006385,-0.000024,0.008773
-0.004515,0.028819,0.005799
-0.017242,0.054364,0.012462
-0.018203,0.056484,0.012514
-0.009414,0.037253,0.012413
-0.006414,0.024432,0.011300
-0.006314,0.012780,-0.001572
-0.009223,0.006416,-0.004864
-0.004375,0.007478,-0.003797
-0.011326,0.019218,-0.004747
-0.018323,0.031026,-0.010060
-0.025258,0.041752,-0.012206
-0.013529,0.026900,-0.023018
-0.001834,0.002447,-0.039148
-0.001026,-0.021023,-0.044593
0.003663,-0.025347,-0.037163
0.003546,-0.006250,-0.022070
-0.001441,0.022531,-0.017564
0.009194,0.051352,-0.013159
0.010150,0.082267,-0.002359
0.006321,0.104676,-0.002172
-0.002505,0.116401,-0.006220
0.001363,0.104658,-0.010489
0.004228,0.083321,-0.014866
0.012041,0.048062,-0.015046
0.017875,0.003276,-0.027013
0.021679,-0.023403,-0.031415
0.008788,-0.030885,-0.033538
0.007600,-0.010583,-0.034486
-0.000346,0.017227,-0.039651
0.008361,0.017212,-0.039612
0.022918,0.001145,-0.033315
0.027642,-0.013831,-0.031253
0.025555,-0.020254,-0.030206
0.024400,-0.014992,-0.021604
0.028204,-0.018229,-0.017354
0.033007,-0.021501,-0.007787
0.030055,-0.011975,0.000865
0.025227,0.005105,0.006221
0.025316,0.009373,0.009397
0.032212,-0.001318,0.012496
0.036141,-0.010982,0.023028
0.039138,-0.019584,0.034631
0.038245,-0.013302,0.052777
0.018789,0.002652,0.062460
0.014016,0.027100,0.075466
0.012246,0.062293,0.083142
-0.003107,0.108209,0.081359
-0.001828,0.134896,0.077375
-0.000585,0.135996,0.068933
0.000646,0.107203,0.062366
0.001818,0.052717,0.062071
-0.003920,-0.003833,0.056349
-0.014567,-0.048565,0.045288
-0.014481,-0.067649,0.032252
-0.011493,-0.071906,0.029049
-0.008558,-0.064421,0.024887
-0.011451,-0.036614,0.017639
-0.011434,-0.007695,0.009238
-0.009477,0.014782,0.009249
-0.004588,0.017036,-0.000460
-0.000674,0.005337,-0.004844
0.003282,-0.024525,-0.007229
0.008214,-0.061850,-0.014927
0.012040,-0.089667,-0.011835
0.011822,-0.095147,-0.001044
0.014644,-0.065362,0.009908
0.010789,-0.006699,0.017798
0.007973,0.050886,0.026752
0.007141,0.072216,0.035331
0.004390,0.060456,0.037379
-0.002289,0.024195,0.029698
0.001713,-0.016215,0.012258
0.007537,-0.050287,0.005500
0.005523,-0.054448,-0.004231
0.006374,-0.021333,-0.002997
0.000414,0.018152,0.005699
-0.003521,0.042634,0.015480
0.000449,0.042584,0.015610
0.002525,0.021210,0.014466
-0.000361,-0.002334,0.016535
-0.002281,-0.020423,0.005789
-0.002243,-0.012890,-0.000586
-0.005180,-0.006445,-0.005872
0.000602,-0.006460,-0.005834
-0.001434,-0.009676,-0.003731
0.006378,-0.018155,-0.008136
0.008279,-0.019280,-0.002765
0.011122,-0.011823,-0.003713
0.015054,0.003122,-0.002556
0.013147,0.011607,0.002883
0.006287,0.025392,0.011594
-0.002506,0.036010,0.018092
-0.002422,0.037118,0.014858
0.005466,0.032858,0.015846
0.010376,0.020020,0.016870
0.019211,0.015720,0.021100
0.024153,0.018903,0.024312
0.018343,0.019992,0.025310
0.009557,0.025325,0.027453
0.007650,0.022050,0.031801
0.012664,0.011354,0.030732
0.002002,0.023110,0.029737
-0.006760,0.037041,0.022381
-0.004734,0.047720,0.021407
-0.003656,0.046638,0.023527
-0.001678,0.021100,0.014754
0.004188,-0.008800,0.014559
0.001257,-0.034391,0.011154
0.001292,-0.041697,-0.005025
0.005175,-0.038511,0.002364
-0.002719,-0.014980,0.002418
-0.000818,0.009612,0.002496
-0.000850,0.025551,0.012220
0.001157,0.025497,0.018637
0.000306,0.016923,0.020753
-0.002532,0.003040,0.016483
-0.001541,-0.011854,0.007872
0.000434,-0.018249,0.007796
-0.000505,-0.020322,-0.001794
0.008304,-0.029874,-0.011422
0.004330,-0.042689,-0.010461
0.002327,-0.054399,-0.013769
0.002302,-0.061872,-0.014869
0.001278,-0.053313,-0.017992
0.003126,-0.033085,-0.011423
0.004008,0.002031,0.005865
0.009857,0.044652,0.018938
0.009979,0.071303,0.024461
0.010094,0.074506,0.020302
0.007208,0.050988,0.023348
0.006328,0.021106,0.024149
0.004459,0.000829,0.021895
0.005486,-0.014147,0.020819
0.009398,-0.011978,0.015514
0.008478,-0.000252,0.020876
0.007559,0.010431,0.020932
0.002733,0.014728,0.015667
-0.000177,0.009387,0.012498
-0.001188,0.007275,0.011376
-0.001186,0.006167,0.016703
0.003742,0.001866,0.018843
0.005754,0.007199,0.020985
0.002881,0.014665,0.022103
0.005887,0.026393,0.023275
0.007903,0.027514,0.016871
0.007970,0.026504,0.013574
0.000184,0.024382,0.012480
-0.003726,0.023373,0.007090
-0.002722,0.022300,0.010233
-0.001709,0.020136,0.012384
-0.002661,0.007307,0.010248
-0.001678,-0.005454,0.002702
0.005206,-0.019346,0.005773
0.011096,-0.016144,0.006846
0.013051,0.003068,0.011179
0.006199,0.019064,0.016573
0.005243,0.026505,0.024031
0.014113,0.009445,0.022803
0.017168,-0.015114,0.021590
0.015245,-0.027934,0.017339
0.008415,-0.025815,0.016350
0.008481,-0.005515,0.015411
-0.001233,0.011600,0.012310
0.000740,0.014762,0.014532
0.008593,0.006127,0.024130
0.010628,-0.006689,0.027185
0.012726,-0.024828,0.024934
0.007898,-0.031194,0.020605
0.010851,-0.037609,0.022675
0.012814,-0.025876,0.028013
0.012892,-0.006703,0.035589
0.012016,0.019956,0.039000
0.003383,0.034901,0.038065
-0.004343,0.028509,0.034843
-0.002288,0.003947,0.037823
-0.005078,-0.029095,0.032216
-0.000026,-0.070633,0.018064
0.004930,-0.100453,0.009291
0.008845,-0.119631,0.004868
0.009786,-0.115376,0.005982
0.001913,-0.080250,0.016969
0.003840,-0.040818,0.022668
0.001962,0.016732,0.037985
-0.001821,0.053984,0.052147
0.007199,0.069981,0.056491
0.002571,0.066785,0.055405
0.004720,0.037971,0.052030
0.013705,0.002736,0.052833
0.010969,-0.018582,0.049452
0.006171,-0.016484,0.051657
0.004293,0.003791,0.052873
-0.002387,0.034772,0.053044
-0.009031,0.040237,0.037063
-0.005939,0.013614,0.029376
0.002007,-0.034399,0.023724
0.006990,-0.071752,0.021330
0.007974,-0.071777,0.021393
0.007916,-0.040858,0.025910
-0.007737,0.022068,0.036985
-0.015465,0.073377,0.034047
-0.012385,0.084069,0.031992
-0.011251,0.056332,0.026510
-0.007190,-0.000203,0.016563
-0.001213,-0.057779,0.003404
0.000688,-0.092991,-0.002131
0.011407,-0.091896,-0.005334
0.011389,-0.056726,0.002402
0.004477,-0.012992,0.005957
0.009347,0.027482,0.018000
0.010373,0.046612,0.029868
0.004592,0.052940,0.036394
0.006704,0.037988,0.036299
0.008793,0.025181,0.037241
0.007950,0.017689,0.042467
0.006128,0.013479,0.036004
0.005235,-0.000401,0.037996
-0.000519,-0.012108,0.037814
-0.001350,-0.029094,0.025937
-0.005233,-0.044012,0.019482
-0.008201,-0.037605,0.016386
-0.012107,-0.014099,0.015463
-0.014965,0.018979,0.017838
-0.014897,0.027545,0.012605
-0.007993,0.013711,0.008205
-0.004060,-0.005508,0.011209
-0.001090,-0.025751,0.007817
-0.003021,-0.033095,-0.006170
-0.005946,-0.036265,-0.011506
0.003756,-0.037357,-0.009359
0.004654,-0.020302,-0.006028
0.010524,-0.003293,0.003696
0.008636,0.014837,0.008063
0.000848,0.031910,0.011347
-0.004997,0.026550,0.014500
0.004806,0.006261,0.011227
0.005862,-0.005482,0.010098
0.002951,-0.009712,0.001596
0.009745,0.000977,-0.002545
0.013598,0.023403,-0.004491
0.014561,0.032962,-0.001157
0.009701,0.017980,0.003011
0.004853,-0.012957,0.002726
0.004874,-0.051388,0.001397
0.008801,-0.067405,0.002333
0.009715,-0.060983,0.002337
0.011654,-0.038590,0.006754
0.004808,-0.010891,0.013381
0.005829,0.018895,0.030609
0.013730,0.035977,0.034916
0.014851,0.046618,0.038219
0.005220,0.045631,0.029634
0.000410,0.022185,0.026221
-0.008304,-0.009802,0.021698
-0.009164,-0.046097,0.016199
-0.007131,-0.069507,0.004324
-0.003202,-0.072735,0.007504
-0.002266,-0.049289,0.008827
-0.007240,-0.007673,0.006041
-0.011211,0.029693,0.008404
-0.013148,0.055324,0.012751
-0.012043,0.051088,0.009494
-0.006086,0.022344,-0.001382
0.002749,-0.010753,0.000472
0.002749,-0.027844,0.004556
0.003671,-0.032086,0.000266
0.003626,-0.018227,0.003555
0.001591,0.003126,0.004752
0.004563,0.026609,0.002842
0.000677,0.045792,0.006206
0.000733,0.053245,0.006316
-0.000201,0.033022,-0.003405
0.006696,-0.007540,-0.006852
0.014581,-0.048103,-0.010300
0.005701,-0.067313,-0.013593
0.008490,-0.057835,0.002504
0.008423,-0.023705,0.013295
0.008446,0.011534,0.016665
0.012384,0.036059,0.022151
0.014443,0.045677,0.023240
0.013594,0.044577,0.025410
0.006842,0.031786,0.018989
0.002033,0.012609,0.014563
-0.003802,-0.001281,0.016584
-0.008641,-0.002334,0.014446
-0.006697,-0.004402,0.005889
-0.001800,-0.014042,0.007994
-0.001776,-0.020403,-0.000533
-0.007667,-0.025690,-0.008027
-0.005777,-0.022435,-0.012322
-0.004879,-0.008515,-0.016515
-0.001025,0.006441,-0.017477
-0.002023,0.006445,-0.015393
-0.006926,0.002035,-0.000418
-0.002068,-0.003281,-0.003654
0.004796,-0.002207,-0.003664
0.004790,0.006345,-0.003633
0.007679,0.017009,-0.003524
0.007649,0.026606,0.000759
0.001758,0.026599,0.004961
0.002789,0.013853,-0.003668
0.004743,-0.007495,-0.005926
0.008602,-0.022453,-0.003912
0.003698,-0.010705,-0.003840
0.002693,0.007448,-0.004762
0.002668,0.022419,-0.006811
0.005597,0.020320,-0.010059
0.006580,0.000011,-0.011185
0.003657,-0.022452,-0.009141
0.007504,-0.032122,-0.000684
0.009404,-0.024646,-0.001685
0.008439,-0.007564,0.000530
0.010389,0.000911,0.008085
0.011391,-0.001262,0.010260
0.015334,-0.004503,0.015566
0.018323,0.002902,0.024165
0.013512,0.023177,0.025382
0.005754,0.040320,0.020116
0.001924,0.045609,0.028647
0.002987,0.032844,0.023204
0.006981,0.010423,0.021999
0.008990,-0.005619,0.021957
0.008041,-0.015209,0.017659
0.001229,-0.010915,0.013444
-0.002677,-0.001367,0.022038
-0.002627,0.015653,0.033827
-0.004474,0.028515,0.029602
-0.006317,0.021087,0.022108
-0.008200,0.002981,0.017682
-0.011100,-0.012906,0.007822
-0.011078,-0.027804,0.002358
-0.010057,-0.038455,-0.003014
-0.009103,-0.039465,-0.011535
-0.008170,-0.025698,0.003498
-0.007282,-0.009708,0.006812
0.002525,0.011678,0.002693
0.001604,0.028827,-0.002584
0.004548,0.028828,-0.003634
0.004571,0.024523,-0.001482
0.005532,0.012776,-0.004697
0.008450,0.002054,-0.003609
0.010418,-0.005509,0.007030
0.011411,-0.003435,0.014527
0.013400,0.014714,0.012566
0.011463,0.044597,0.014900
0.008547,0.056315,0.022372
0.008664,0.053095,0.023437
0.014672,0.024216,0.029644
0.019615,-0.005705,0.028457
0.014754,-0.016394,0.029461
0.007015,-0.004672,0.034832
-0.002742,0.010305,0.027539
-0.003645,0.012458,0.024373
-0.004550,0.005047,0.016834
0.005311,-0.013026,0.004999
0.007252,-0.018308,-0.002506
0.001340,-0.007639,-0.000321
-0.001642,0.008371,-0.001238
-0.006541,0.024404,-0.001171
-0.010466,0.045735,0.006357
-0.007512,0.039400,-0.000148
0.003331,0.013776,0.001765
0.003382,-0.023650,0.008969
0.009249,-0.058844,0.001297
0.007254,-0.070592,0.004361
0.001376,-0.051373,0.005542
0.008196,-0.014047,0.011146
0.011144,0.025436,0.013570
0.016092,0.055301,0.015949
0.013261,0.071203,0.028907
0.010384,0.064740,0.034238
0.014411,0.041223,0.036239
0.010636,0.008112,0.037086
0.015658,-0.031357,0.030441
0.011833,-0.043099,0.027217
0.006963,-0.037735,0.025093
0.007010,-0.012136,0.029522
0.006076,0.020920,0.035095
0.001269,0.043321,0.037398
0.002346,0.056126,0.041690
0.001531,0.048734,0.036194
0.001702,0.026385,0.031665
0.003761,-0.015226,0.027115
0.008725,-0.048316,0.026859
0.004854,-0.058985,0.027810
-0.001910,-0.039827,0.039606
-0.002816,-0.013124,0.039765
0.002221,0.013561,0.039972
-0.002523,0.018901,0.040005
-0.006307,0.012487,0.037890
-0.005236,-0.001307,0.026063
-0.004134,-0.006579,0.018531
-0.005071,-0.009821,0.021746
-0.007989,-0.015240,0.027148
-0.009864,-0.014081,0.015416
-0.012731,-0.012954,0.006902
-0.010750,-0.008627,0.001555
-0.007800,-0.006483,0.000503
-0.006804,-0.006483,0.002597
-0.003856,-0.019264,-0.001759
-0.002885,-0.028884,-0.001800
-0.004872,-0.026713,-0.002924
0.003872,-0.018175,-0.000762
0.010677,-0.004343,0.006781
0.013677,0.005222,0.010103
0.022546,-0.005495,0.011180
0.018733,-0.015185,0.016551
0.017826,-0.011052,0.029490
0.015969,-0.001473,0.031726
0.015092,0.016671,0.030824
0.008380,0.024049,0.041586
0.004580,0.016484,0.049091
0.000799,0.011186,0.044767
-0.008875,0.005864,0.045731
-0.007826,-0.012150,0.030604
0.000064,-0.027020,0.024022
0.000089,-0.038701,0.018546
0.003023,-0.038641,0.012116
-0.002808,-0.024858,0.023970
-0.011602,0.006019,0.032777
-0.012520,0.030666,0.023302
-0.011353,0.039274,0.015869
-0.009278,0.025424,0.010463
-0.005304,-0.009733,-0.000442
-0.010175,-0.041742,-0.004907
-0.011214,-0.054526,-0.009254
-0.014207,-0.042793,-0.006003
-0.013312,-0.011781,-0.011143
-0.011357,0.019150,-0.004567
-0.010356,0.024506,-0.005622
-0.002547,0.007355,0.001756
0.004285,-0.018187,-0.008052
0.008217,-0.033200,0.000382
0.004230,-0.027905,0.002624
0.009059,-0.005548,0.009224
0.010067,0.027515,0.014779
0.007220,0.041340,0.020249
0.008264,0.034939,0.018098
0.013216,0.024351,0.011515
0.017145,0.003123,-0.001511
0.021100,-0.023500,-0.010244
0.015223,-0.048031,-0.013622
0.009243,-0.065140,-0.011582
0.007181,-0.055562,-0.005158
0.003253,-0.028975,0.009943
0.000367,0.004010,0.021973
-0.002502,0.027503,0.024221
-0.002360,0.031789,0.028393
-0.009117,0.012628,0.021833
-0.005141,-0.008639,0.008907
-0.005116,-0.021442,0.007748
-0.004164,-0.018152,-0.000822
-0.003215,-0.012778,-0.005059
0.006562,-0.007415,-0.008224
0.009541,-0.004239,-0.007084
0.008533,0.001075,-0.005938
0.007530,0.006399,-0.003771
0.005590,0.005269,0.002660
0.013411,-0.007582,0.003715
0.013440,-0.008674,0.005862
0.002721,-0.009800,0.012283
-0.000163,-0.013023,0.014405
0.001844,-0.014089,0.014390
0.000904,-0.022584,0.011073
0.009687,-0.022543,0.007829
0.007748,-0.011885,0.011091
-0.000010,0.003074,0.010119
0.004931,-0.002301,0.012269
0.003993,-0.020502,0.015410
0.003093,-0.032247,0.015328
-0.002728,-0.029061,0.016442
-0.000782,-0.023741,0.018621
0.001169,-0.001366,0.023082
-0.005648,0.024199,0.025508
-0.001638,0.044515,0.019297
-0.001573,0.056232,0.021544
-0.002508,0.061515,0.024863
-0.000486,0.056173,0.025882
-0.002361,0.049790,0.027866
-0.005224,0.030631,0.022347
0.001676,0.011455,0.020011
0.001729,-0.015151,0.012278
0.001785,-0.044939,0.001332
-0.001154,-0.066219,-0.004241
-0.000268,-0.071600,0.002107
0.002628,-0.053488,0.007563
0.010460,-0.024604,0.003437
0.003660,0.009524,0.010050
-0.009037,0.026624,0.003851
-0.005059,0.014946,-0.004771
-0.006010,-0.012775,-0.010297
-0.005061,-0.033050,-0.013605
0.001719,-0.042645,-0.014756
0.002647,-0.029892,-0.006143
0.004589,-0.000025,0.001459
0.002601,0.016009,0.002570
-0.000301,0.017097,0.002524
-0.000220,0.001093,0.002382
0.001774,-0.020308,0.005491
-0.000152,-0.034132,-0.001028
0.005688,-0.035174,-0.005283
0.004662,-0.018062,-0.012560
0.003656,0.008580,-0.007012
0.002628,0.030941,-0.003560
-0.000305,0.038374,-0.004446
0.004573,0.024449,-0.004426
0.000672,0.003050,-0.004458
0.007565,-0.022558,-0.007817
0.009461,-0.027936,-0.002522
0.012338,-0.024792,0.004974
0.014302,-0.003430,0.009285
0.008480,0.017889,0.019984
0.005593,0.024269,0.025326
0.004656,0.020006,0.029459
0.012582,-0.000254,0.026109
0.014604,-0.001316,0.025041
0.004844,0.001894,0.024000
0.003922,0.012535,0.027307
-0.003842,0.028571,0.022135
-0.007654,0.040327,0.018005
-0.013479,0.049869,0.026617
-0.011501,0.041375,0.020157
0.000328,0.033955,0.012641
-0.000598,0.015862,0.008180
0.005292,-0.004407,0.007995
0.004337,-0.018192,-0.002809
-0.000542,-0.026710,-0.003975
-0.000582,-0.034161,-0.004087
0.007253,-0.037443,0.006552
0.006293,-0.028952,0.010930
0.001397,-0.009812,0.017544
0.002392,0.015783,0.018847
-0.001461,0.044533,0.025525
-0.007254,0.058441,0.019275
-0.004224,0.050972,0.015027
0.002716,0.021087,0.009561
0.011581,-0.013029,0.000824
0.005701,-0.035396,-0.003660
0.004651,-0.040719,-0.002690
0.000696,-0.030018,-0.000588
0.003591,-0.014063,0.008050
0.009444,0.001951,0.010257
0.008483,0.016882,0.013543
0.012477,0.023235,0.018954
0.012557,0.019999,0.022157
0.011662,0.016745,0.029586
0.008850,0.013478,0.037053
0.010881,0.008088,0.041332
0.009025,0.013407,0.042464
0.010127,0.027303,0.041476
0.000461,0.052992,0.037305
-0.001406,0.057299,0.035147
-0.001300,0.046744,0.021159
-0.011953,0.020058,0.017819
-0.007045,-0.015173,0.014426
-0.005057,-0.036487,0.011037
-0.007035,-0.034365,0.012130
-0.010950,-0.012960,0.005874
-0.011894,0.007379,-0.001444
-0.010873,0.013847,-0.007834
-0.007928,-0.001106,-0.012108
-0.002114,-0.009687,-0.007881
-0.005138,-0.008634,-0.004699
-0.007117,-0.000092,-0.002549
-0.005154,0.014837,0.000744
-0.001270,0.018062,-0.002429
0.003617,0.012728,-0.002479
0.003637,0.010616,-0.005692
0.006551,0.001005,-0.005753
0.010420,-0.004378,0.000600
0.016255,-0.006553,0.005915
0.022103,0.000931,0.004895
0.024122,0.015838,0.010336
0.012434,0.033855,0.026498
0.006618,0.034881,0.028706
0.009646,0.019857,0.035075
0.008801,-0.005722,0.028505
0.012805,-0.024853,0.018728
0.007039,-0.030251,0.027212
0.004143,-0.013185,0.032606
0.002240,-0.000316,0.029409
0.001315,0.007193,0.024141
0.000428,0.003971,0.025215
-0.002431,0.005063,0.023067
-0.004345,0.008252,0.024172
-0.008259,0.015720,0.022146
-0.007209,0.015783,0.016754
-0.006080,0.001973,0.010199
-0.004063,-0.024675,0.002579
0.001813,-0.052345,-0.007263
-0.003168,-0.056643,-0.004086
-0.003205,-0.027943,0.011090
-0.003241,-0.001222,0.008064
0.000728,0.028653,0.007281
-0.002177,0.046813,0.005294
-0.001205,0.053240,0.004238
-0.002130,0.046857,0.002041
0.000817,0.042554,0.005233
-0.000214,0.039385,0.004076
0.001723,0.039240,0.025369
0.001801,0.035993,0.028598
0.001937,0.022149,0.022132
-0.002852,-0.002363,0.016615
0.003039,-0.026803,0.004633
0.002070,-0.032051,-0.005053
0.004017,-0.031954,-0.014717
0.003981,-0.025536,-0.015750
-0.002946,-0.035225,-0.008289
-0.004960,-0.031003,-0.003947
-0.002042,-0.027842,0.003504
0.002856,-0.022525,0.004645
0.008788,-0.019326,0.002586
0.004938,-0.026799,0.000441
0.003970,-0.037466,-0.001752
0.002981,-0.040676,-0.000711
0.001984,-0.022483,-0.003831
-0.001005,0.007440,-0.003692
-0.001013,0.019179,-0.000458
-0.001941,0.013824,0.005819
-0.000891,-0.015004,0.002481
0.003062,-0.038487,-0.001883
0.004983,-0.057705,-0.000972
0.004955,-0.056714,0.006554
0.004945,-0.046113,0.011011
0.003019,-0.031186,0.014308
0.006016,-0.008835,0.021972
0.002160,0.025300,0.024383
0.002236,0.051983,0.025640
-0.000625,0.061651,0.020325
0.008270,0.045617,0.023398
0.004460,0.019982,0.023246
-0.001387,-0.005674,0.025240
-0.001371,-0.022723,0.020849
0.000616,-0.021619,0.017624
-0.006222,-0.006672,0.017731
-0.009125,0.010483,0.011387
-0.003191,0.005263,-0.000463
-0.000229,-0.013845,-0.009252
-0.003169,-0.021298,-0.011453
-0.008135,-0.033123,-0.005050
-0.011159,-0.027759,-0.011351
-0.003402,-0.022465,-0.007017
-0.009318,-0.001154,-0.002571
-0.004387,0.024552,-0.015152
-0.003397,0.026720,-0.018360
0.003396,0.012805,-0.014183
0.003379,-0.009658,-0.011094
0.008304,-0.018305,0.002715
0.005361,-0.015014,-0.003765
0.005289,-0.007461,-0.012285
0.001286,0.004298,-0.013288
0.001252,0.013891,-0.011085
0.001240,0.012778,-0.007840
0.002212,0.012733,-0.005630
-0.003690,0.013878,-0.013143
-0.002788,0.018224,-0.017493
-0.000861,0.012971,-0.022984
0.002994,-0.001911,-0.026396
0.004911,-0.014844,-0.011532
0.002896,-0.035241,-0.006155
0.003799,-0.030909,-0.015696
0.005672,-0.021312,-0.010369
0.002738,0.001117,-0.008139
0.003751,0.022447,-0.005836
0.001783,0.021345,-0.001571
0.008597,-0.000003,-0.001736
0.013554,-0.012851,0.000361
0.017546,-0.022442,-0.002892
0.016549,-0.023487,-0.004006
0.011589,-0.017030,-0.008277
0.009567,-0.000997,-0.009258
0.005617,0.010692,-0.000662
-0.001212,0.021270,0.011174
-0.006007,0.019092,0.014408
-0.004950,0.001000,0.006808
-0.005932,-0.022440,0.000241
-0.005919,-0.029878,-0.005133
-0.007888,-0.029842,-0.008366
-0.002046,-0.025604,-0.005113
-0.005001,-0.022397,-0.006148
-0.000162,-0.014880,-0.013527
-0.004114,-0.014914,-0.010303
-0.004145,-0.020249,-0.012441
-0.003209,-0.023412,-0.020934
-0.000311,-0.022396,-0.016605
-0.000382,-0.014902,-0.017652
0.002501,0.006365,-0.006820
-0.000447,0.031905,0.004038
0.003477,0.037324,-0.004501
0.008408,0.024580,-0.009998
0.008393,0.003263,-0.010244
0.008300,-0.013782,-0.013600
0.004336,-0.009546,-0.009298
0.003302,0.008624,-0.009221
0.003267,0.033095,-0.000457
-0.001651,0.051091,0.017852
-0.004489,0.047834,0.017971
0.001485,0.023337,0.011369
-0.003350,-0.010835,0.012191
-0.003317,-0.036415,0.004575
-0.000382,-0.035286,-0.003946
-0.002387,-0.033046,-0.014662
-0.002445,-0.025494,-0.021089
-0.005385,-0.019033,-0.029553
-0.003492,-0.011568,-0.029476
-0.003595,-0.001970,-0.026240
0.001227,-0.006291,-0.020912
0.006035,-0.005320,-0.011240
0.007967,0.000947,0.003807
0.005016,0.014844,0.003860
0.001098,0.029826,0.000739
0.005986,0.039461,-0.001352
0.008940,0.035256,-0.006783
0.010889,0.008641,-0.013447
0.014775,-0.018053,-0.015719
0.013703,-0.033060,-0.011487
0.011694,-0.027731,-0.011424
0.014582,-0.006492,0.001574
0.008756,0.019039,0.011409
0.008794,0.042436,0.021227
-0.000883,0.044609,0.018008
-0.004661,0.026521,0.012488
-0.002660,-0.000134,0.012204
-0.000701,-0.022553,0.014132
0.000273,-0.028898,0.006605
-0.002699,-0.018203,0.008726
-0.004630,-0.003304,0.016277
0.004224,0.005239,0.014242
-0.001627,0.010567,0.013262
-0.004511,0.007365,0.009053
-0.003459,0.003131,0.002651
-0.005441,-0.003278,-0.000523
0.002329,-0.008598,-0.008975
0.007190,-0.004364,-0.008851
0.012005,0.004114,-0.005487
0.015896,0.007269,-0.006386
0.018833,0.009445,-0.007518
0.012954,0.009444,-0.003334
0.004064,0.007317,-0.002326
0.012846,-0.005543,0.007121
0.015856,-0.025759,0.005748
0.016897,-0.040736,0.010949
0.013970,-0.051398,0.013975
0.008095,-0.049238,0.014970
0.000304,-0.035331,0.017089
-0.004519,-0.019250,0.012847
-0.004424,-0.016009,0.009631
-0.001435,-0.023500,0.010669
-0.008239,-0.028857,0.013817
-0.018991,-0.021345,0.010632
-0.019932,-0.024524,0.011594
-0.013027,-0.027651,0.004052
-0.009059,-0.035018,-0.006737
-0.004173,-0.036110,-0.006682
-0.008137,-0.032921,-0.007667
-0.011049,-0.025459,-0.007582
-0.019807,-0.008404,-0.004252
-0.016897,-0.004094,-0.013738
-0.001293,-0.010448,-0.025424
0.002551,-0.005061,-0.031786
0.001465,0.004499,-0.026362
0.004311,0.008708,-0.020940
-0.000603,0.010834,-0.022994
0.001352,0.003366,-0.023061
0.010076,-0.006317,-0.014568
0.014859,-0.002076,-0.012371
0.021651,0.002126,-0.007979
0.015761,0.002027,-0.000398
0.013793,0.001996,0.000728
0.005966,0.009424,0.001945
0.008885,0.007255,0.004109
0.013777,0.008307,0.005204
0.010896,0.008316,0.005180
0.012890,0.002982,0.005130
0.008968,-0.007729,0.008285
0.011875,-0.017429,0.017865
0.017808,-0.010996,0.016795
0.009054,0.011382,0.024386
0.000270,0.036913,0.038403
-0.001626,0.050877,0.032007
0.001425,0.055145,0.032046
0.006394,0.048812,0.026580
0.004518,0.037075,0.025432
0.003603,0.016850,0.015720
0.003669,-0.005640,0.020967
0.002728,-0.021608,0.014458
-0.002155,-0.017364,0.017696
-0.003142,-0.003485,0.019886
-0.002070,0.014694,0.017849
-0.002979,0.025422,0.012560
-0.005866,0.019038,0.011413
-0.006764,0.003080,0.006969
-0.006703,-0.027858,0.005639
-0.004745,-0.050276,0.008609
-0.004764,-0.056598,0.002072
-0.006763,-0.038444,0.003235
-0.009714,-0.006463,0.013003
-0.010631,0.014961,0.006692
-0.005662,0.021380,0.002521
0.000185,0.022397,0.005799
0.002140,0.022362,0.006937
0.007137,0.007466,-0.002716
0.007191,-0.007524,-0.000621
0.004226,-0.018305,0.008988
0.005151,-0.007635,0.009084
0.000332,0.016883,0.015632
0.002371,0.040346,0.020049
0.009293,0.036092,0.016836
