-0.004101,0.029539,0.008849
-0.003038,-0.001441,0.001355
-0.000082,-0.041011,0.003341
0.002871,-0.052790,0.004405
0.003905,-0.035602,-0.006210
-0.002034,0.009335,-0.011370
-0.004025,0.007268,-0.015746
0.003889,-0.007730,-0.010491
0.003887,-0.014175,-0.004161
-0.004921,-0.013160,0.004352
-0.003879,-0.017474,0.009662
-0.000872,-0.033541,0.015960
-0.002732,-0.041027,0.019077
-0.010493,-0.037775,0.012699
-0.007465,-0.031405,0.015975
-0.002484,-0.031365,0.010640
-0.006593,-0.014225,0.006431
-0.005198,0.001744,0.010847
0.004817,0.001746,0.007705
0.007876,-0.002606,0.017299
0.005964,-0.024931,0.005385
0.007488,-0.043065,0.001033
0.008571,-0.052734,0.010533
0.003842,-0.047388,0.009505
-0.005520,-0.054836,0.006249
-0.003117,-0.069781,0.000907
0.004384,-0.130598,0.412428
0.020208,-0.208564,0.822957
-0.000028,-0.191233,0.352856
-0.006368,-0.073779,-0.038529
0.004629,0.007091,0.009818
0.000530,0.027617,-0.017858
-0.002291,0.030833,-0.019961
-0.006359,0.037206,-0.017738
-0.002396,0.034965,-0.007021
-0.003269,0.005115,-0.012577
0.001529,-0.037716,0.002088
0.012445,-0.069817,0.011459
0.018544,-0.067763,0.022147
0.013776,-0.052924,0.038221
0.011953,-0.027232,0.034038
0.004095,0.007062,0.021396
0.002087,0.018881,0.011872
0.004915,0.023168,0.009768
0.004691,0.033910,0.001306
0.004405,0.028651,-0.007303
0.010052,0.018004,-0.010594
0.013806,-0.015120,-0.008667
0.014736,-0.046118,-0.007749
0.016831,-0.085616,-0.011180
0.020825,-0.080412,0.008034
0.010044,-0.035524,0.005093
0.003228,0.005183,-0.008569
0.006135,0.013600,0.009593
0.009132,-0.000312,0.010625
0.002284,-0.003447,-0.000032
-0.005717,0.008364,-0.010582
-0.002966,0.026596,-0.020078
0.000806,0.040576,-0.030702
0.000725,0.034070,-0.020028
0.004683,0.009481,-0.016976
0.005714,0.007322,-0.016930
-0.003194,-0.003464,-0.003127
0.000777,0.001979,-0.015910
0.004683,-0.017344,-0.002174
0.003783,-0.041885,-0.007617
-0.000966,-0.060024,-0.011960
-0.006730,-0.068577,-0.011990
-0.005631,-0.079191,-0.021640
-0.008507,-0.080233,-0.022762
-0.009479,-0.058823,-0.025895
-0.009557,-0.011812,-0.022515
-0.015546,0.041664,-0.026562
-0.016687,0.075773,-0.016761
-0.008033,0.076725,-0.001813
-0.002221,0.056331,0.007740
0.002641,0.023135,0.017175
0.005711,-0.042021,0.014697
0.016692,-0.081568,0.012440
0.007980,-0.081444,-0.004614
-0.002709,-0.047134,-0.020437
-0.003767,-0.007559,-0.025574
0.003016,0.011606,-0.016932
-0.002960,0.016862,-0.006221
-0.006869,0.007222,-0.005164
-0.004958,-0.011038,0.008589
-0.001992,-0.029170,0.005274
-0.007815,-0.030295,0.012738
-0.009678,-0.014295,0.016029
-0.006650,0.001740,0.018181
-0.003685,0.014487,0.025762
0.001304,-0.006896,0.025687
0.003357,-0.021865,0.025639
0.000468,-0.022836,0.009690
0.000490,-0.021657,-0.004187
0.004380,-0.002309,-0.017986
-0.002556,0.016969,-0.023234
-0.005584,0.035074,-0.015667
-0.003643,0.031767,-0.001825
0.000204,0.039172,0.008866
-0.002807,0.048769,0.015240
-0.000929,0.065804,0.025942
-0.000955,0.053189,0.003374
0.005952,0.008344,-0.000070
0.016761,-0.041923,0.001891
0.014905,-0.068698,0.006104
0.003214,-0.056884,-0.005497
0.004221,-0.032257,-0.013873
0.003190,-0.010961,-0.006253
0.005109,0.012546,-0.004042
0.005050,0.037137,0.000226
0.006951,0.043587,-0.004027
0.011789,0.042594,-0.011553
0.012628,0.040622,-0.029774
0.016465,0.014987,-0.033064
0.016494,-0.033034,-0.039739
0.012606,-0.054481,-0.030232
0.002832,-0.051316,-0.024882
-0.006922,-0.039674,-0.010939
-0.011749,-0.032207,-0.009822
-0.009796,-0.017261,-0.004484
-0.012797,-0.001148,-0.012991
-0.009820,0.012739,-0.011868
-0.007985,0.009362,0.010524
-0.004106,0.010416,0.010568
-0.010033,0.015730,0.013806
-0.010067,0.014682,0.009566
-0.003166,-0.008855,0.010571
0.005697,-0.020677,0.016965
-0.001162,-0.007769,0.006350
-0.006072,0.016901,-0.005279
-0.005191,0.032924,-0.006233
-0.002304,0.022137,0.001302
0.003620,-0.002545,0.015051
0.003639,-0.006851,0.019294
0.002646,0.018778,0.022599
0.003559,0.032621,0.029071
0.006600,0.023128,0.015103
0.010589,-0.003468,0.000024
0.010674,-0.022597,-0.016029
0.009683,-0.019479,-0.010558
0.009690,-0.007711,-0.015766
0.002797,0.007240,-0.016714
-0.006002,0.012532,-0.012371
-0.006957,-0.005703,-0.006004
-0.002976,-0.023911,0.005521
-0.001070,-0.011105,0.012948
-0.002965,-0.001445,0.011836
-0.001919,-0.001405,0.010685
-0.000888,-0.023782,0.008320
0.003138,-0.038685,0.001826
0.006130,-0.045197,0.015652
0.000292,-0.033339,0.004982
0.001299,-0.002355,0.004098
-0.002651,0.009340,0.009537
-0.003600,-0.002314,-0.001241
-0.002554,-0.031179,-0.000298
0.002379,-0.050446,0.004924
0.001447,-0.047244,0.007040
-0.007353,-0.011948,0.001897
-0.013295,0.029799,-0.003320
-0.014366,0.032925,0.008406
-0.007467,0.014754,0.011469
-0.009334,-0.007784,0.022073
-0.014201,-0.024896,0.024119
-0.013170,-0.024759,0.009121
-0.004402,-0.004482,0.015564
-0.003442,-0.005595,0.021950
0.001546,-0.003475,0.024098
-0.001340,-0.020486,0.013333
0.003567,-0.016203,0.009145
0.007432,-0.009795,0.007094
0.006442,0.000999,-0.008823
0.005404,0.013752,-0.006487
0.013185,0.022329,-0.014886
0.005349,0.008446,-0.017068
0.007337,0.000019,-0.033113
0.009312,-0.026765,-0.023646
0.011318,-0.039569,-0.026897
0.009376,-0.020300,-0.026893
0.005350,0.001003,-0.015107
0.004398,0.018104,-0.016080
0.006422,0.005285,-0.018245
0.009406,-0.012918,-0.015098
0.008359,-0.015110,-0.009739
0.003443,-0.009759,-0.009734
0.012245,-0.006478,-0.015143
0.007416,-0.026701,-0.022771
0.003580,-0.033006,-0.035626
0.004512,-0.020029,-0.054791
0.004450,-0.015771,-0.054730
0.010296,-0.005013,-0.063234
0.009207,0.006615,-0.048205
0.010146,0.002192,-0.033195
0.008262,-0.000146,-0.014905
0.003332,-0.016237,-0.008544
0.006320,-0.020404,-0.020347
0.002329,-0.004383,-0.020250
0.001319,0.011670,-0.024418
0.005171,0.015888,-0.014839
-0.001831,0.006274,-0.008620
-0.007721,0.004292,-0.024722
-0.001896,0.005283,-0.015101
-0.001974,-0.009745,-0.006631
0.001015,-0.026940,0.005045
0.001977,-0.024858,0.013567
-0.003894,-0.004453,-0.002290
0.000062,0.009573,-0.020351
-0.002951,0.006359,-0.021390
-0.001060,-0.001099,-0.021484
-0.002125,0.003082,-0.010762
-0.002080,-0.004455,-0.003330
0.003774,-0.009868,0.004147
0.000810,-0.006679,0.006300
-0.008951,-0.009875,0.003122
-0.007920,-0.018392,0.001951
-0.003952,-0.031180,-0.002385
-0.003906,-0.025875,0.001922
-0.011754,-0.003398,-0.003294
-0.010777,0.002973,-0.002113
-0.002896,-0.006539,-0.019167
-0.000004,-0.011984,-0.008467
-0.003021,-0.004657,0.006611
-0.000007,0.014620,-0.001772
-0.001990,0.022055,0.003607
-0.001036,0.023138,0.002529
0.000961,0.007070,0.009877
0.003973,-0.009997,0.008667
0.001058,-0.002553,0.016118
-0.004842,0.001737,0.018189
-0.000867,0.000684,0.017099
0.001163,-0.016359,0.012692
0.004196,-0.034501,0.006266
0.002304,-0.040968,0.010564
0.003264,-0.031396,0.013868
-0.000650,-0.012154,0.012893
-0.005531,0.009335,-0.002996
-0.001622,0.021090,-0.002942
0.000304,0.013557,0.005529
0.001363,0.003997,0.000102
-0.002560,0.006205,-0.004255
0.002264,0.023333,-0.007392
0.003184,0.011430,0.007581
0.005196,0.002930,0.001139
0.006131,0.005100,-0.002073
0.007098,0.012603,-0.006281
0.006118,-0.005567,-0.006358
0.007137,-0.024740,-0.017067
0.008090,-0.031189,-0.014910
0.002160,-0.020576,-0.009438
-0.003697,0.000741,-0.005011
-0.000795,0.017833,-0.002823
0.007037,0.011540,-0.015714
0.000251,-0.011977,-0.015805
0.003229,-0.017227,-0.028621
0.002145,-0.006603,-0.013767
0.000143,0.016900,-0.009459
0.002066,0.036172,-0.007372
-0.002895,0.054357,-0.009426
-0.001950,0.056438,-0.004039
-0.001015,0.030697,0.006544
0.000940,-0.011126,0.022416
0.003960,-0.043270,0.029808
-0.000851,-0.045462,0.030987
-0.006598,-0.053919,0.018158
-0.003550,-0.051554,-0.008571
-0.002558,-0.031252,-0.005333
-0.002601,-0.011931,-0.011741
-0.009439,0.020192,-0.018033
-0.010543,0.038287,-0.008347
-0.006653,0.042506,0.000182
-0.012580,0.033886,0.010785
-0.009635,0.042418,0.012963
-0.003878,0.045558,0.020468
-0.003855,0.004895,0.028791
0.002163,-0.041043,0.027494
0.009122,-0.056038,0.028559
0.004280,-0.037779,0.016898
-0.001613,-0.006679,0.005255
-0.000657,0.004000,0.004278
0.006252,-0.002386,0.001042
0.003286,0.010468,-0.003161
-0.003649,0.037192,-0.005147
0.003147,0.030668,0.009757
0.012031,-0.015396,0.023430
0.006322,-0.053744,0.010380
0.005447,-0.054753,0.001852
0.007377,-0.025955,0.008406
0.003451,0.009315,0.007515
-0.003402,0.036052,0.001309
-0.003444,0.041363,0.004556
-0.007350,0.032931,-0.007293
-0.003485,0.022261,-0.009478
0.001365,-0.004511,-0.001089
0.003361,-0.032314,0.000920
0.001494,-0.039776,-0.002299
-0.000480,-0.020575,0.001016
0.000519,-0.002319,-0.010636
0.003418,0.009417,-0.007394
0.001417,0.002983,-0.004228
0.002426,-0.001258,-0.009566
0.000474,-0.014131,-0.004267
0.001435,-0.004463,-0.010627
0.005301,0.009397,-0.007340
0.003317,0.021165,-0.009413
0.005261,0.023277,-0.006199
0.006168,0.039290,-0.003989
-0.000809,0.042455,0.001361
0.005075,0.036127,-0.007252
0.004092,0.015794,-0.000996
0.003084,-0.017243,-0.006619
0.007128,-0.061106,0.004807
0.007206,-0.075997,-0.000675
0.000442,-0.047119,-0.007924
-0.007434,-0.020437,-0.006664
-0.009306,-0.031096,-0.015152
-0.005329,-0.034336,-0.015077
-0.007365,-0.005561,-0.009511
-0.009435,0.021160,-0.009400
-0.005543,0.037215,-0.010436
-0.000688,0.040424,-0.010430
-0.005659,0.030812,-0.007352
0.000175,0.016845,0.005328
0.002130,0.003971,0.012719
0.000232,-0.016393,0.019055
0.002278,-0.028148,0.016909
0.005340,-0.044076,0.004020
0.001476,-0.054701,-0.000374
0.005422,-0.018215,-0.021518
0.002412,-0.007689,-0.000134
0.000411,-0.018390,0.002992
0.003482,-0.036604,0.008259
0.002521,-0.013120,0.007393
-0.001503,0.018857,0.017168
-0.001496,0.015585,0.023601
-0.003338,-0.013262,0.023451
0.000733,-0.032431,0.014822
0.004731,-0.023836,0.010559
-0.001196,0.002989,-0.001107
-0.000297,0.038319,-0.008434
-0.002319,0.031805,-0.000874
0.000768,0.000876,-0.011638
0.002674,-0.017432,0.002239
-0.000296,-0.026977,-0.005316
0.000802,-0.041923,-0.006469
0.003784,-0.046119,-0.012969
-0.000097,-0.042910,-0.010871
-0.003994,-0.027017,0.007340
-0.002954,-0.000230,0.001004
-0.007958,0.037168,0.004327
-0.011900,0.045821,-0.012634
-0.001121,0.022274,-0.007418
0.006689,-0.017345,0.003061
0.011688,-0.028014,-0.000174
0.002837,-0.023782,0.004142
0.001859,-0.006749,0.008576
0.000888,0.001767,0.011838
-0.006966,0.002859,0.009691
-0.004930,0.011411,0.007635
-0.001055,0.003933,0.010729
-0.000031,0.006125,0.006411
-0.001039,-0.000258,0.006307
0.003903,-0.004531,0.006283
-0.001964,-0.000233,0.003104
-0.004915,0.010407,0.007459
-0.002927,0.000805,0.006325
0.003013,-0.007835,0.018027
0.001047,0.000706,0.019134
0.003006,0.017806,0.018164
0.004931,0.016635,0.029930
0.008947,0.003850,0.023495
0.003127,0.011475,0.003283
-0.002822,0.004149,-0.015982
0.005088,-0.013894,-0.033123
0.005960,-0.020401,-0.019308
-0.000948,-0.005389,-0.026692
-0.002007,0.011631,-0.012812
0.002807,0.010496,-0.002187
0.004910,0.000927,-0.006540
0.003862,0.000809,0.011547
0.006819,0.006113,0.015856
0.003967,0.007134,0.022259
-0.004848,0.003965,0.014827
0.002045,0.000788,0.008463
0.004928,0.004138,-0.010723
0.003879,0.008355,-0.006370
0.006770,0.001986,-0.013830
0.005887,-0.028898,-0.024711
0.009733,-0.039687,-0.010899
0.004899,-0.026768,-0.022592
-0.003947,-0.009754,-0.011834
-0.009851,-0.008691,-0.009724
-0.011720,-0.010848,-0.007590
-0.008793,-0.002421,0.005319
-0.012715,0.002960,0.000016
-0.011706,-0.000291,0.006394
-0.003939,-0.003506,0.009537
-0.005805,-0.011016,0.011671
-0.003787,-0.020642,0.012696
-0.003731,-0.018477,0.005313
-0.000796,-0.013231,0.018139
-0.002719,-0.006747,0.006478
-0.006541,0.000764,0.003297
-0.002661,0.020014,0.002304
-0.000758,0.017926,0.000072
0.000214,0.004956,0.019219
-0.004625,-0.010001,0.020183
-0.010414,-0.021731,0.015881
-0.004494,-0.035656,0.022175
-0.001503,-0.034566,0.021079
-0.001482,-0.006826,0.024462
-0.000519,0.005003,0.018050
0.000514,0.023230,0.009612
0.003392,0.023151,0.019230
0.007344,0.023271,0.003229
0.009311,0.014706,0.002185
0.017096,0.008331,-0.004216
0.019070,0.005147,-0.006378
0.010250,-0.013079,-0.000034
0.009370,-0.042950,-0.005537
0.010354,-0.046123,-0.005636
0.005451,-0.033294,-0.003499
0.006436,-0.010809,-0.006647
0.001558,-0.005493,-0.004459
0.001560,-0.003356,-0.004448
-0.003320,-0.021575,-0.000214
-0.001268,-0.025811,-0.006608
0.006548,-0.023728,-0.001229
0.006508,-0.006625,-0.002205
0.001621,0.001966,-0.008551
0.000635,0.001984,-0.009644
0.001567,0.009410,-0.003192
-0.003339,0.023368,-0.012711
-0.004401,0.037118,0.006552
0.000442,0.024361,0.001089
-0.000433,0.013726,-0.007462
-0.005417,0.011577,-0.008489
-0.003461,0.004108,-0.013782
0.001459,-0.009756,-0.017057
-0.004461,-0.011962,-0.009566
-0.017158,-0.015169,-0.010626
-0.015167,-0.006626,-0.010569
-0.013233,-0.018419,-0.002159
-0.006347,-0.018500,0.010603
-0.002378,-0.021754,0.018032
0.002638,-0.020620,0.011591
0.000717,-0.018505,0.016889
0.000776,-0.002335,-0.001182
-0.000201,0.006109,0.012730
0.005664,0.010366,0.013840
0.001766,0.018884,0.017097
-0.001205,0.025392,0.005373
0.001716,0.028620,0.003241
0.004551,0.041356,0.017125
0.000578,0.044666,0.006409
0.005515,0.036183,-0.002171
0.008385,-0.005463,-0.004539
0.017210,-0.026745,-0.016378
0.016213,-0.044967,-0.014228
0.019097,-0.043889,-0.018431
0.024942,-0.020310,-0.027910
0.019001,-0.011711,-0.032182
0.018026,-0.019106,-0.040810
0.016063,-0.015763,-0.055793
0.009061,-0.006237,-0.047142
0.002129,0.019437,-0.055457
-0.002894,0.040786,-0.055296
-0.005989,0.052510,-0.053068
-0.006054,0.033222,-0.049884
-0.008021,0.021452,-0.045718
-0.018960,0.015861,-0.014767
-0.021893,0.012584,-0.005182
-0.027737,0.005034,0.006466
-0.031622,0.011391,0.013960
-0.022796,0.004854,0.030990
-0.007077,-0.007021,0.047980
0.004769,-0.019893,0.056410
0.019564,-0.011232,0.049882
0.029438,-0.007824,0.026365
0.031504,-0.017255,0.002824
0.034459,-0.023496,-0.019613
0.029527,-0.019098,-0.037694
0.020597,0.010840,-0.041778
0.007703,0.033319,-0.048044
-0.004128,0.023702,-0.052276
-0.011049,-0.011667,-0.040666
-0.017910,-0.045996,-0.024792
-0.025730,-0.036437,-0.017272
-0.028686,-0.011953,-0.005408
-0.029671,0.008251,0.008543
-0.027755,0.013544,0.018112
-0.021787,0.019875,0.026721
-0.018766,0.013422,0.030979
-0.012889,0.014603,0.017094
-0.004062,0.020069,0.002159
0.000735,0.025533,-0.012771
0.008404,0.016915,-0.002176
0.011337,0.000909,-0.008585
0.011361,-0.001244,-0.006463
0.010257,0.000918,-0.006518
0.015198,-0.005535,-0.002257
0.016211,-0.015232,0.004180
0.011383,-0.026962,0.001966
0.005562,-0.025916,0.004121
0.000758,-0.011999,-0.001104
0.000771,0.001938,-0.006385
-0.001190,0.008320,-0.002096
-0.002201,0.010455,-0.002079
-0.001261,0.015732,0.006484
0.001649,0.026426,0.003379
0.004552,0.032791,0.008760
0.004544,0.014721,-0.003082
0.006583,-0.028957,-0.017238
0.010543,-0.052439,-0.019512
0.002685,-0.050316,-0.017374
-0.004146,-0.038671,-0.005528
-0.003122,-0.027981,-0.007580
-0.006983,-0.021562,-0.011751
-0.007946,-0.007718,-0.009466
-0.005994,0.000701,0.003461
-0.009941,0.002823,0.005603
-0.004026,-0.006760,0.002332
-0.001991,-0.021677,-0.000993
0.002001,-0.048330,-0.005465
0.004002,-0.049397,-0.002338
-0.004807,-0.024857,0.005197
-0.008673,0.002918,0.006398
-0.001825,0.022103,0.010804
-0.003734,0.013648,-0.000985
-0.002780,0.022244,-0.007341
0.001021,0.003947,0.007555
0.006981,-0.019627,0.013885
0.004122,-0.045326,0.021220
0.000339,-0.046298,0.008414
-0.002567,-0.022820,0.011747
-0.005563,0.003997,0.001149
-0.006545,0.023237,0.002272
-0.002629,0.016783,0.008626
0.004260,0.012665,-0.005397
0.004140,0.013658,0.007355
0.009039,0.001863,0.012635
0.003208,-0.015315,0.020084
-0.001595,-0.028115,0.013684
-0.000533,-0.034420,-0.003356
-0.001526,-0.023778,-0.000049
-0.001511,-0.015276,0.001158
-0.009315,0.001839,-0.002988
-0.013280,0.027503,-0.006051
-0.005486,0.037178,-0.010336
0.002303,0.034019,-0.009428
0.000279,0.039360,-0.006263
-0.001750,0.036094,0.004336
-0.004717,0.035023,0.007476
-0.008640,0.022179,0.009560
-0.005743,0.010418,0.013705
-0.007670,-0.007701,0.006174
-0.000764,-0.027024,0.013633
0.000270,-0.040957,0.014722
-0.002614,-0.035602,0.009485
-0.000667,-0.012049,0.001117
-0.001663,-0.005685,0.004408
0.007161,-0.003641,0.017213
0.004305,-0.027072,0.008530
0.013202,-0.006717,0.005354
0.012125,0.009356,0.004270
0.011159,0.033995,-0.001001
0.009090,0.043545,0.008631
0.011091,0.036084,0.006454
0.006229,0.008293,0.006343
0.007268,-0.023702,-0.003387
0.006299,-0.048302,-0.001355
0.007312,-0.036550,-0.003383
0.004375,-0.010940,0.001016
-0.002515,0.017894,0.001203
-0.001502,0.013656,-0.002050
-0.001427,-0.000241,-0.002103
-0.004367,-0.000256,0.001072
-0.003428,0.030849,-0.011631
-0.006500,0.035086,-0.003146
-0.000644,0.031920,-0.006405
-0.001641,0.007317,-0.004365
-0.000660,-0.009836,0.000929
-0.005565,-0.019568,0.013731
-0.005548,-0.017407,0.010542
-0.007465,-0.015258,0.007385
-0.001603,-0.001414,0.013850
-0.000634,-0.006745,0.013793
-0.000532,-0.004635,0.015965
-0.002422,-0.012022,0.004184
-0.001410,-0.005516,-0.006490
0.000475,0.007392,-0.017107
-0.002462,0.005263,-0.018184
0.000384,0.007257,-0.002115
0.001363,0.021035,0.012891
0.000347,0.035982,0.016133
0.000387,0.021020,0.017113
0.000453,-0.019571,0.016878
0.002460,-0.030220,0.012548
-0.002373,-0.028086,0.012565
0.000589,-0.017370,0.010447
0.001626,-0.025923,0.009370
-0.002200,-0.025936,0.005222
-0.004151,-0.017309,-0.005399
-0.003204,-0.013028,-0.006444
0.001673,-0.009894,0.002127
0.005632,-0.016307,0.003146
0.003705,-0.010986,0.007412
0.004696,0.005129,-0.001105
0.010580,0.012719,-0.010767
0.007578,0.016875,0.003159
0.006559,0.010462,0.003131
0.006566,-0.004511,0.002047
0.010499,-0.005551,-0.002218
0.010495,-0.004416,-0.012842
0.010487,-0.009801,-0.008574
0.012467,-0.013927,-0.025716
0.009528,-0.016124,-0.019294
-0.000310,-0.011960,-0.008528
-0.004202,-0.023746,-0.006409
-0.004167,-0.026968,-0.004291
-0.005140,-0.011976,-0.006393
-0.007150,0.010560,-0.015947
-0.004215,0.010572,-0.017024
0.000683,0.000824,0.002093
-0.004233,0.009365,0.002154
-0.007170,0.036150,-0.007313
-0.003362,0.036151,-0.007315
-0.000415,0.005176,-0.009593
-0.000398,-0.012925,-0.019261
0.000535,-0.008592,-0.027759
0.001439,-0.007606,-0.019173
-0.002439,-0.025800,-0.017095
-0.004331,-0.041875,-0.011822
-0.011186,-0.041972,-0.002158
-0.015041,-0.020620,-0.000956
-0.015058,-0.001378,0.000162
-0.011173,0.014617,0.008695
-0.007212,0.018849,0.016145
-0.010149,0.013497,0.022416
-0.004239,0.018838,0.022449
-0.004237,0.014650,0.013836
-0.002277,-0.002440,0.012689
0.003669,-0.023831,0.012637
-0.000183,-0.022799,0.012736
-0.008042,-0.011033,0.009627
-0.003110,0.006127,0.000132
-0.003132,0.008411,-0.011744
0.001697,0.020148,-0.005367
0.003615,0.021180,0.002053
0.000688,0.001870,0.013661
0.005660,-0.023807,0.020940
0.006719,-0.036665,0.023060
0.000935,-0.018358,0.001864
-0.000078,0.003037,-0.005415
0.006738,0.004070,-0.004269
0.012640,-0.000294,0.004311
0.005831,-0.009901,0.002146
0.005830,-0.008690,-0.014955
0.007713,0.008375,-0.010604
0.004655,0.015898,-0.013816
0.003669,0.031954,-0.016949
0.001594,0.030815,-0.007357
0.004503,0.014742,-0.002091
0.006498,-0.000272,0.006343
0.005526,0.010427,0.003224
0.003547,0.015783,0.002170
0.004548,0.019019,-0.004170
0.003535,0.009358,0.003219
0.007463,-0.001396,0.011713
0.006540,-0.010996,0.013712
0.008564,-0.018401,0.006162
0.008606,-0.020468,-0.001354
0.006655,-0.011862,-0.008784
-0.004135,0.003151,-0.020352
-0.005162,0.004164,-0.016021
-0.006179,-0.010780,-0.021362
-0.008157,-0.007641,-0.012807
-0.013124,0.006290,-0.018070
-0.014143,0.031923,-0.013728
-0.013333,0.051101,-0.001987
-0.003551,0.038355,-0.009572
0.001358,0.015787,0.006340
0.005256,-0.017392,0.011548
0.011269,-0.044217,0.022165
0.011352,-0.037786,0.016919
0.007476,-0.021610,-0.002212
0.006512,-0.015097,-0.016041
0.005552,-0.020485,-0.010720
0.004549,-0.017256,-0.012858
-0.001339,0.006195,-0.006318
-0.008237,0.013732,-0.011662
-0.003317,0.009460,-0.010644
-0.001385,0.004105,-0.006452
-0.005346,0.003035,-0.005410
-0.008241,-0.006563,-0.004459
-0.003341,-0.002303,-0.001265
0.005405,0.003004,0.006175
0.002537,-0.005579,0.011453
-0.003241,-0.019446,0.008185
-0.002237,-0.024788,0.007111
0.000670,-0.022597,0.000706
-0.003193,-0.017173,-0.013074
-0.000272,-0.019358,-0.007731
-0.002250,-0.026861,-0.005615
-0.002171,-0.016134,-0.011945
-0.004221,0.001950,-0.004324
-0.005244,0.021248,-0.011717
-0.006250,0.035116,-0.009500
-0.004406,0.037205,-0.003088
-0.003410,0.016869,-0.001008
0.000539,-0.012115,0.014884
0.004509,-0.039888,0.012631
-0.002234,-0.046357,0.017980
-0.005124,-0.031342,0.010588
-0.005121,-0.008750,-0.006431
-0.002211,0.007252,-0.001054
-0.001266,0.010484,-0.004245
-0.002204,0.000869,-0.005343
0.000670,0.001782,0.013891
-0.000273,0.007221,0.001117
0.000742,0.008246,0.009603
0.000722,0.014666,0.008565
-0.002158,0.015724,0.007552
-0.004107,0.013624,0.003261
-0.007030,-0.002387,-0.001045
-0.006985,-0.035535,0.000945
-0.004009,-0.045187,0.003081
-0.001023,-0.037730,0.005267
-0.000092,-0.008918,0.012831
0.006745,0.018804,0.020445
0.007788,0.022994,0.030096
0.000959,0.016637,0.022602
0.001948,0.011340,0.019322
0.003917,0.001758,0.015000
0.006893,-0.016328,0.008429
0.011847,-0.014195,0.007404
0.008893,-0.003297,-0.018198
0.012767,0.021325,-0.025516
0.013617,0.024415,-0.010557
0.003760,0.026485,-0.005142
-0.004993,0.013622,-0.003010
-0.001074,0.000701,0.009734
0.003856,-0.007803,0.005396
0.002941,-0.004588,0.007477
-0.003907,-0.001359,0.006388
-0.007759,-0.004493,0.000956
-0.004846,-0.005528,0.000861
-0.004861,-0.003443,0.011465
-0.003849,-0.007837,0.023263
-0.007646,-0.019566,0.017910
-0.009569,-0.021617,0.006170
-0.010540,-0.014152,0.006246
-0.008692,0.015769,0.004298
-0.011722,0.039225,0.009778
-0.014632,0.019910,0.018261
-0.006683,-0.008912,0.013863
-0.002751,-0.012098,0.010656
-0.001775,0.008235,0.008585
0.000085,0.024156,0.024629
0.006990,0.015717,0.012798
0.013924,-0.014134,0.004108
0.010112,-0.046091,-0.009906
0.013093,-0.051429,-0.010989
0.010078,-0.029075,-0.003334
0.004193,0.003991,0.003257
0.001235,0.021026,0.006640
0.002226,0.014522,0.017308
-0.001602,-0.002532,0.012928
-0.000566,-0.001404,0.006504
0.001358,0.006096,0.006489
0.001360,0.001861,0.006366
0.000368,0.012553,0.007445
0.003288,0.016796,0.011730
0.006230,0.008298,0.004237
0.006310,-0.022704,0.005169
0.007338,-0.038700,-0.001268
0.001525,-0.032163,-0.018297
0.001501,-0.015080,-0.019225
0.001446,-0.002359,-0.007391
-0.008357,-0.001320,-0.005218
-0.014223,0.002872,0.003384
-0.015196,0.008179,0.008733
-0.010322,0.013545,0.008698
-0.011269,0.009263,0.013927
-0.009255,0.005994,0.022440
-0.001401,0.014545,0.025613
-0.000445,0.024215,0.022384
-0.002352,0.029652,0.012753
0.002454,0.030745,0.010603
0.006381,0.015761,0.009546
0.010292,-0.003498,0.010565
0.005429,-0.024880,0.006306
0.005434,-0.022734,0.000019
0.002481,-0.016260,-0.008481
0.008325,-0.000203,-0.010568
0.007319,0.005113,-0.006288
0.001486,-0.000197,-0.006401
0.007314,0.002855,0.015977
0.002426,0.002808,0.023421
0.002546,0.009194,0.027700
0.002541,0.007069,0.026613
0.007559,-0.009870,0.008340
0.007606,-0.025813,-0.003467
0.005629,-0.016129,-0.014053
0.009468,-0.006555,-0.011801
0.010418,0.000885,-0.007477
0.004534,-0.002358,-0.003212
0.000646,0.005138,-0.007402
0.000604,0.016943,-0.011658
0.002480,0.022279,-0.007433
0.003456,0.011562,-0.003220
-0.001321,-0.019450,-0.004356
-0.003252,-0.030179,-0.000110
-0.001321,-0.028085,0.005241
-0.000257,-0.025827,-0.007612
-0.000282,-0.015138,-0.006524
-0.002223,-0.020394,-0.016188
0.004642,-0.017252,-0.007640
0.005531,-0.003467,0.006300
0.009446,0.020054,0.004290
0.003564,0.032896,0.003259
0.003563,0.033949,0.003303
0.006470,0.023268,0.002193
0.004521,0.004110,-0.009603
0.001609,-0.011886,-0.014996
0.001620,-0.023542,-0.027857
0.001593,-0.037420,-0.027961
-0.005308,-0.037492,-0.018361
-0.007251,-0.025743,-0.018290
-0.007260,-0.018296,-0.016076
-0.006298,-0.007623,-0.015993
-0.002433,0.005095,-0.005197
-0.005424,0.021037,0.004517
-0.003504,0.030645,0.007725
0.003370,0.018848,0.015102
0.008305,-0.004572,0.008481
0.010349,-0.011966,-0.003281
0.013305,-0.012947,-0.015018
0.012300,-0.007571,-0.022401
0.009333,-0.007550,-0.024547
0.006305,0.009546,-0.026553
0.008247,0.010601,-0.025467
0.003277,0.011560,-0.012627
0.002284,0.015771,-0.005122
0.004215,0.024319,-0.005077
0.001251,0.015765,-0.003014
-0.000680,-0.008816,0.000016
-0.002582,-0.033369,-0.004349
-0.003489,-0.039789,-0.003312
-0.002543,-0.023722,-0.009609
-0.009401,-0.002367,-0.009463
-0.007511,0.011481,-0.005098
-0.005511,0.005057,-0.001959
-0.004529,0.001914,-0.006322
-0.005497,0.009483,-0.013841
-0.003568,0.011644,-0.014939
-0.001673,0.010602,-0.016058
-0.005637,0.003048,-0.006488
-0.014491,0.013670,-0.002087
-0.015477,0.025405,-0.001978
-0.021407,0.026436,0.002307
-0.017482,0.014651,0.007560
-0.012567,-0.010048,0.023446
-0.012479,-0.030355,0.026495
-0.013405,-0.022894,0.028673
-0.012396,-0.007881,0.022330
-0.004540,-0.002596,0.028783
-0.002525,-0.004775,0.028884
0.001437,-0.001634,0.034294
0.003400,-0.001516,0.018299
0.010350,0.002916,-0.000915
0.013236,0.009320,-0.000865
0.011245,0.024303,-0.005034
-0.002450,0.024392,-0.016772
0.000391,0.016809,-0.000853
0.007287,-0.002311,-0.013793
0.003422,-0.014093,-0.007503
0.000442,-0.025856,-0.003355
0.005424,-0.025898,0.004076
0.003407,-0.011041,0.018013
-0.000462,-0.002519,0.020214
-0.001362,0.001745,0.021306
0.002552,0.004965,0.018149
-0.001318,-0.010996,0.009530
0.002601,0.000864,-0.001146
0.003499,0.013736,-0.005395
0.004444,0.029753,-0.003199
-0.001447,0.014712,0.005308
-0.000386,-0.020566,0.005178
-0.000302,-0.043134,0.016905
-0.000251,-0.037735,0.006326
-0.007063,-0.018522,0.006475
-0.005128,-0.006752,0.005448
-0.003077,-0.019503,-0.004216
0.001809,-0.022733,0.002105
-0.000144,-0.006700,0.003216
-0.006045,0.017923,-0.003056
-0.009025,0.024308,0.002273
0.001740,0.006194,-0.001086
0.005773,-0.029039,-0.002382
-0.000022,-0.032285,0.002934
-0.005923,-0.017343,0.006193
-0.005911,0.005107,0.004183
-0.007837,-0.001215,-0.005494
-0.009765,-0.024768,-0.002353
-0.008756,-0.042990,0.001890
-0.002844,-0.042012,0.011543
-0.005785,-0.020670,0.016952
-0.000880,0.002823,0.020243
0.002095,0.030652,0.016074
0.004066,0.034945,0.013955
0.010935,0.017819,0.019176
0.013833,0.006056,0.023325
0.006101,-0.008854,0.017893
0.006144,-0.004520,0.011483
0.005123,0.001890,0.010472
0.003178,0.003005,0.003035
0.000269,-0.004484,0.000930
0.005173,-0.021585,-0.002277
0.004242,-0.040849,0.000844
0.006223,-0.038724,0.000887
0.005263,-0.028064,0.003098
0.004287,-0.007738,0.001045
0.005252,0.014840,-0.012802
0.007167,0.034081,-0.012730
0.004167,0.029866,-0.018133
0.004127,0.014877,-0.013948
0.010007,0.000963,-0.011864
0.007052,-0.007615,-0.007646
0.002124,-0.019391,-0.005554
0.007095,-0.021600,0.001945
0.011992,-0.022720,0.006257
0.007154,-0.012033,0.003168
0.001259,-0.000235,-0.005255
0.004247,-0.003369,-0.016962
0.004242,-0.024757,-0.015977
0.002308,-0.027976,-0.014912
-0.003550,-0.005485,-0.022256
-0.009492,0.019075,-0.017910
-0.007675,0.030781,-0.009360
-0.001786,0.022214,-0.006216
0.003067,0.018937,0.006502
0.002076,0.012633,-0.003222
0.007015,0.005165,-0.001196
0.002143,-0.014146,0.007276
-0.003706,-0.016307,0.010466
-0.007601,0.001886,0.004208
-0.006601,0.005151,-0.004299
-0.008531,-0.011896,-0.011830
-0.006555,-0.034306,-0.015155
-0.000690,-0.040748,-0.009881
-0.002662,-0.027970,-0.000290
-0.004617,0.000839,0.007283
-0.005618,0.020094,0.007322
-0.003687,0.029639,0.013831
0.000206,0.023212,0.014886
-0.006629,0.020040,0.007466
0.000164,0.014619,0.016010
0.005028,-0.004593,0.013765
0.004108,-0.014159,0.004172
0.006140,-0.010873,-0.007524
0.008049,-0.001219,-0.012802
0.006083,0.012694,-0.013837
0.003079,0.027600,-0.008396
0.000128,0.031798,0.000193
-0.001822,0.027510,0.002297
0.000137,0.011504,0.002160
0.002097,-0.006724,0.011647
0.002210,-0.025876,0.000881
-0.001687,-0.033304,-0.004520
-0.004661,-0.017287,-0.007548
-0.002714,-0.003488,0.001127
-0.000761,-0.002421,-0.000957
-0.000778,0.000810,-0.003097
-0.006695,0.015711,0.004451
0.001142,0.022131,0.005505
0.003100,0.020033,0.003298
0.002085,0.026451,0.005404
0.003027,0.032932,-0.003113
0.003980,0.021086,0.007529
0.004970,-0.003476,0.005277
0.003036,-0.023849,0.010590
-0.000800,-0.023725,-0.005417
-0.001745,-0.015098,-0.016038
-0.003763,-0.004295,-0.027799
-0.004809,0.016049,-0.031990
-0.005899,0.026637,-0.018088
-0.011828,0.024397,-0.003188
-0.009874,0.012614,0.002057
-0.007880,0.001896,0.009410
-0.001024,-0.004549,0.014696
0.004873,0.001876,0.012599
0.005833,-0.005664,0.020041
0.007824,-0.006712,0.016845
0.009834,-0.014195,0.016819
0.016764,-0.009880,0.010457
0.011913,-0.014190,0.010529
0.002184,-0.014100,-0.003301
-0.001753,-0.018380,-0.006443
-0.006610,-0.010870,-0.010670
-0.012543,0.009417,-0.007390
-0.010661,0.028642,-0.006227
-0.007725,0.026489,-0.003060
-0.004858,0.020044,0.002225
-0.000940,0.013609,0.005391
0.000995,0.013549,0.013914
-0.004867,0.010421,0.005330
0.001032,0.002970,0.003126
0.002969,-0.010919,0.004100
0.002051,-0.022634,-0.001289
-0.001841,-0.035476,0.001837
-0.000808,-0.027943,-0.005587
-0.004699,-0.022641,-0.001272
-0.010628,-0.011952,-0.000184
-0.010643,-0.015166,0.002963
-0.004710,-0.014124,0.007219
-0.007645,-0.010893,0.006123
-0.008596,-0.012027,0.014655
-0.010480,-0.013198,0.025373
-0.011411,-0.014330,0.032855
-0.011368,-0.007899,0.028653
-0.005436,0.003869,0.025538
0.002423,0.006093,0.012773
0.009319,-0.004639,0.015978
