0.007823,-0.018989,0.001693
0.007833,-0.004021,-0.001408
0.004903,0.014182,-0.007637
0.004880,0.022734,-0.009696
0.005840,0.016305,-0.007650
0.000986,0.001364,-0.007794
-0.001917,-0.016803,-0.004785
-0.002850,-0.023155,-0.010167
-0.001828,-0.015696,-0.009026
0.003089,-0.012451,-0.013229
0.001178,-0.010432,-0.001518
-0.001754,0.001275,0.001774
-0.008551,-0.011518,0.000622
-0.001663,-0.012703,0.012277
-0.004603,-0.004041,-0.000380
-0.003637,0.004493,-0.000354
-0.004917,0.011996,-0.003493
-0.005887,0.013114,-0.008831
-0.004604,0.007874,-0.018441
-0.000157,0.002474,-0.012128
0.001971,0.003444,-0.002562
-0.004394,0.015216,-0.005622
-0.002517,0.013029,-0.000322
0.000484,-0.004062,0.001700
0.000490,-0.007226,-0.001521
-0.003549,0.025310,0.045662
-0.021406,0.110500,-0.275342
-0.064844,0.078728,-0.190379
-0.036193,0.015938,-0.081425
-0.004640,0.013746,0.034686
-0.001778,0.018582,-0.021468
0.000122,0.013011,0.001821
0.002035,0.002417,-0.005701
0.003103,-0.011540,0.002673
0.003054,-0.017959,0.003659
0.007823,-0.027562,0.003589
0.008326,-0.030806,0.007797
0.005160,-0.021202,0.007868
0.006106,-0.010498,0.004749
0.003969,0.005583,-0.002545
-0.002037,0.010917,-0.002498
-0.003145,0.013053,-0.002459
0.001597,0.008797,-0.003529
0.003411,0.008746,0.001803
0.004249,0.012962,0.007174
0.006119,0.019368,0.007272
0.006989,0.022626,0.002000
0.006885,0.023769,-0.005404
0.009754,0.016274,-0.003353
0.007747,0.005611,-0.004535
0.002830,0.002358,0.000721
0.000859,0.007747,-0.004531
0.000858,0.008811,-0.004520
0.008623,0.008766,-0.000297
0.005653,0.003392,0.003892
0.005633,-0.016915,0.006898
0.005579,-0.024442,0.012139
0.006492,-0.023310,0.005803
0.005478,-0.009394,0.001680
0.006403,0.014201,-0.009786
0.002467,0.024888,-0.010735
0.003416,0.018487,-0.010770
0.001447,0.012093,-0.011900
0.000442,0.004589,-0.008810
0.000401,-0.005142,0.003830
0.000421,-0.020019,-0.002687
0.000494,-0.037054,-0.007086
-0.001369,-0.043553,0.002393
0.000664,-0.052124,0.005516
0.000737,-0.062848,0.010728
0.009549,-0.058669,0.020305
0.004710,-0.080813,-0.006423
0.027308,-0.075787,0.024415
0.009657,-0.015769,-0.000486
0.015496,0.030423,-0.030874
0.013432,0.058233,-0.036984
0.013313,0.069912,-0.031631
0.002439,0.067796,-0.033806
-0.001536,0.032456,-0.021390
-0.005412,0.002523,-0.016339
-0.005474,-0.017806,-0.011218
-0.007275,-0.019981,-0.006965
-0.008171,-0.015690,-0.009050
-0.005163,-0.006031,-0.014250
-0.006128,0.007788,-0.008810
-0.007125,0.021684,-0.010790
-0.004263,0.028099,-0.011781
-0.005333,0.029178,-0.012819
-0.005407,0.023789,-0.007575
-0.007422,0.014133,-0.002333
-0.004506,-0.001960,0.006022
-0.003546,-0.006250,0.008100
-0.006485,-0.003009,0.003878
-0.000645,0.004438,0.006045
0.005180,0.001169,0.012341
0.007141,-0.012749,0.016437
0.005202,-0.023523,0.026924
-0.004513,-0.025614,0.022661
-0.010360,-0.008416,0.010065
-0.015262,0.010921,-0.002492
-0.011359,0.014146,-0.004552
-0.002596,0.018450,-0.007649
0.005164,0.019518,-0.007640
0.007031,0.015113,0.006137
0.007938,0.010857,0.005030
0.006922,0.007547,0.015578
0.006883,0.003245,0.018710
0.006881,-0.001004,0.016537
0.002990,-0.007334,0.009054
0.003964,-0.017942,0.002588
0.005966,-0.031846,0.005650
0.004081,-0.028578,-0.000660
0.004094,-0.013626,-0.001585
0.004102,-0.007276,0.003783
0.003106,-0.000958,0.012327
-0.000793,0.000216,0.001733
-0.000805,0.001245,0.004900
0.002083,-0.004102,0.005914
0.004035,-0.005136,0.002686
0.006936,0.003433,-0.000423
0.005956,0.010964,-0.006729
0.004982,0.015189,-0.002455
0.003014,0.009902,-0.007841
0.006921,0.005634,-0.007878
0.008865,0.000396,-0.017495
0.004960,-0.002816,-0.016456
0.003009,0.000331,-0.011136
0.001044,0.006703,-0.007891
-0.000925,0.012063,-0.009960
-0.000960,0.024860,-0.008752
-0.002996,0.028041,-0.006581
-0.001082,0.010936,-0.003541
-0.003056,0.002346,0.001697
-0.004056,0.000202,0.002760
-0.006016,0.002291,0.007002
-0.006989,-0.005169,0.005862
-0.001116,-0.015956,0.017432
-0.004010,-0.019158,0.017398
-0.004955,-0.011656,0.014287
-0.004020,0.001226,0.006985
-0.004041,-0.001998,0.009087
-0.000135,-0.012744,0.016428
-0.000122,-0.021278,0.016359
0.000869,-0.009411,0.003737
0.001809,0.014109,-0.000310
-0.001176,0.026850,0.006168
-0.005112,0.016151,0.009299
-0.006087,0.000049,0.018708
-0.004153,-0.006314,0.014423
0.000701,-0.005236,0.013372
0.000686,-0.000936,0.010205
0.002642,-0.003052,0.008030
0.002652,-0.000826,-0.001528
0.009456,0.013013,0.001756
0.007473,0.018263,0.010262
-0.000399,0.013921,0.017666
-0.002400,0.004328,0.016542
-0.001462,-0.001024,0.018673
-0.001486,-0.007392,0.015440
0.003390,-0.008426,0.012261
0.005323,-0.008408,0.010133
0.008242,-0.012667,0.009021
0.006300,-0.011537,0.002636
0.002428,-0.011535,0.002657
0.002437,-0.006198,0.002696
0.005370,-0.018929,-0.004843
0.004427,-0.026453,0.000397
0.011255,0.006693,-0.005666
0.018933,0.066628,-0.023236
0.019796,0.075091,-0.015735
0.011882,0.064355,-0.009469
0.000097,0.061176,-0.011605
-0.001973,0.062316,-0.019029
-0.001068,0.046415,-0.029786
-0.000096,0.012127,-0.016298
-0.001054,-0.015694,-0.009127
-0.004888,-0.016745,-0.010185
-0.005833,-0.002959,-0.001589
-0.003883,0.004441,0.005930
-0.000983,0.000152,0.008014
-0.000006,-0.001967,0.005869
0.000941,-0.006278,0.010075
0.004827,-0.018070,0.015271
0.008706,-0.016985,0.013124
0.007716,-0.006294,0.011088
0.001869,0.000151,0.006900
-0.002031,0.001253,0.003740
-0.004001,-0.001841,-0.006884
0.000910,-0.012480,-0.010146
0.002921,-0.023150,-0.010219
0.004903,-0.019936,-0.011252
0.001058,-0.016832,-0.001689
-0.003778,-0.008303,-0.000554
-0.006702,0.006629,0.000672
-0.007688,0.016240,-0.000290
-0.008679,0.018354,0.001872
-0.009659,0.013044,-0.000291
-0.010665,0.006599,0.003911
-0.002874,0.001292,0.000682
-0.000961,0.008719,0.004992
0.000943,0.021527,0.005095
0.002842,0.031142,0.004118
-0.001111,0.024663,0.011469
-0.001125,0.001142,0.015480
-0.006005,-0.015945,0.016400
-0.007952,-0.012733,0.015360
-0.005071,0.000095,0.013335
-0.005103,0.011885,0.008119
-0.002231,0.019377,0.006062
-0.000338,0.025789,0.005050
-0.004308,0.021522,0.005026
-0.002405,0.010832,0.007083
-0.000505,-0.003052,0.008001
-0.001485,-0.009452,0.007980
0.001431,-0.003061,0.009090
0.005327,0.002284,0.008062
0.005302,0.006508,0.012358
0.004275,0.013966,0.013471
0.006187,0.008677,0.009150
0.009085,0.007610,0.009148
0.009027,0.015086,0.008139
0.008997,0.012995,0.003877
0.006061,0.008781,-0.001452
0.004104,0.001293,0.000647
0.005067,0.009789,0.004986
0.002104,0.018348,0.002945
0.003995,0.022712,-0.006538
0.006873,0.017366,-0.005524
0.006867,0.006598,0.003918
0.006887,0.001363,-0.005679
0.006874,-0.000770,-0.005705
0.008813,0.006667,-0.002471
0.005892,0.006684,-0.004599
0.002979,-0.002931,-0.003635
-0.003829,-0.002953,-0.001520
-0.005755,-0.015802,0.002591
-0.003774,-0.025439,0.005690
-0.005664,-0.036110,0.005597
-0.004658,-0.027526,0.001461
-0.001697,-0.014676,-0.002657
0.005125,0.000282,-0.004619
0.004083,0.022609,0.004099
0.000114,0.026848,0.007368
-0.002826,0.016180,0.007310
-0.007753,0.018333,0.006307
-0.008787,0.020509,0.002075
-0.004928,0.016217,0.004161
-0.002023,0.007688,0.002997
-0.000071,-0.004082,0.006021
-0.002934,-0.016836,0.000590
0.002983,-0.019072,0.010087
-0.008687,-0.016844,0.000529
-0.014478,-0.008328,0.002747
-0.022319,-0.000697,-0.013082
-0.006652,-0.024129,-0.017525
0.007037,-0.028332,-0.023907
0.018764,0.002665,-0.028955
0.021614,0.053993,-0.039132
0.032262,0.083860,-0.037830
0.027260,0.081594,-0.025179
0.010607,0.057918,-0.005241
-0.008024,0.050331,0.006365
-0.013011,0.041800,0.005202
-0.008201,0.030081,0.002943
-0.013089,0.010862,0.003843
-0.014061,0.002316,0.004858
-0.011163,0.009855,-0.001424
-0.003387,0.009845,-0.000349
-0.000504,0.007711,-0.000353
-0.002496,0.008799,-0.002473
-0.001523,0.006642,-0.000383
-0.003519,0.015189,-0.001376
-0.000650,0.014088,0.001798
-0.000664,0.003457,-0.002574
-0.002628,0.001225,0.006936
-0.008516,-0.002062,0.015389
-0.006589,-0.003138,0.016454
-0.002705,-0.006370,0.019616
0.000205,-0.011696,0.018516
0.006048,-0.017054,0.020577
0.005071,-0.010630,0.018525
0.000187,-0.003108,0.013272
0.004078,0.002290,0.006953
0.006020,0.007634,0.005911
0.003047,0.018384,-0.001410
0.003984,0.015151,0.001745
0.003978,0.000240,-0.001568
0.006902,0.000177,0.004805
0.002976,0.014146,-0.004623
0.002965,0.015182,-0.001424
-0.002956,0.020487,0.001805
-0.004951,0.018323,0.004997
-0.002086,0.015134,0.003879
-0.001118,-0.004094,0.005847
-0.000135,-0.013733,0.008955
-0.002089,-0.016935,0.008927
0.001841,-0.017989,0.007884
0.005779,-0.024393,0.007821
0.009701,-0.025470,0.008859
0.012636,-0.014745,0.003647
0.009742,-0.005146,0.003732
0.003896,-0.000876,0.003797
-0.001942,0.006674,-0.003559
-0.000948,-0.000805,-0.002543
0.000064,-0.016844,0.000501
-0.005751,-0.025413,0.003602
-0.006704,-0.017963,0.005810
-0.008615,-0.009383,0.001641
-0.009577,0.000264,-0.002505
-0.007638,0.007723,-0.001379
-0.004743,0.007681,0.002872
-0.003769,0.007726,-0.001351
-0.001832,0.007772,-0.005611
0.003984,0.007740,-0.002421
0.009815,0.005528,0.004967
0.002991,0.002305,0.007061
-0.007736,0.003369,0.007058
-0.009682,-0.003046,0.008042
-0.006727,-0.011542,0.003703
-0.005742,-0.014647,-0.005867
-0.003761,-0.008244,-0.005847
0.002051,0.018434,-0.005621
0.001022,0.026947,-0.003431
0.000003,0.018337,0.003942
-0.004927,0.012957,0.008162
-0.003991,0.005457,0.011307
-0.004030,0.002250,0.012324
-0.004043,-0.004142,0.011207
-0.002091,-0.019104,0.013221
-0.006926,-0.029859,0.021636
-0.007876,-0.020220,0.018543
-0.010784,-0.004063,0.003836
-0.006896,0.004528,-0.001381
-0.002992,-0.006102,-0.005732
0.003854,-0.013500,-0.013252
0.012642,0.005749,-0.017356
0.022322,0.050542,-0.014854
0.019259,0.085830,-0.021995
0.012343,0.070751,-0.008367
0.003471,0.035453,-0.000152
0.000495,0.018330,0.005038
-0.000512,0.012992,0.004963
0.000444,0.013010,0.002821
0.004305,0.012966,0.007045
0.002306,0.008685,0.008062
-0.001598,-0.002008,0.010076
-0.003559,-0.003052,0.007966
-0.006496,0.002382,-0.001495
-0.001657,0.003436,0.000676
0.005137,0.003415,0.002798
0.006116,0.002363,0.000648
0.006097,0.006651,-0.001451
0.003137,0.014122,-0.001386
0.003117,0.013086,-0.004585
0.001184,-0.000811,-0.002626
-0.003662,-0.015773,-0.000641
-0.005547,-0.027562,0.004532
-0.004553,-0.023306,0.005617
-0.002588,-0.002972,-0.000592
-0.006503,0.009845,-0.001541
-0.013336,0.017321,-0.001450
-0.013375,0.017367,-0.005652
-0.007578,0.014180,-0.006685
-0.001779,0.011983,-0.000324
0.001090,0.014085,0.002913
0.005934,0.006549,0.009193
0.006876,0.001160,0.014437
0.006865,0.000081,0.015475
0.009792,-0.000944,0.011201
0.008801,0.007675,0.002753
0.004891,0.020606,-0.009866
0.005844,0.020625,-0.012016
0.004830,0.026014,-0.017289
0.001893,0.016357,-0.012061
-0.001054,0.012036,-0.006786
-0.002037,0.003510,-0.007915
-0.003966,-0.001817,-0.009021
-0.002967,-0.010410,-0.003825
-0.001975,-0.013608,-0.003833
-0.002927,-0.013661,0.001472
-0.002884,-0.019040,0.005683
-0.003854,-0.015910,0.013173
-0.004838,-0.005203,0.010124
-0.002918,0.007648,0.006027
-0.002952,0.017285,0.002970
0.001881,0.016219,0.002974
0.006740,0.003439,0.000718
0.005773,0.001303,0.000685
0.007713,0.012012,-0.003485
0.008641,0.021605,-0.002354
0.002774,0.025954,-0.010853
-0.000159,0.017448,-0.014117
0.000818,0.007770,-0.006789
-0.004078,0.004537,-0.003634
-0.006034,-0.002984,0.001612
-0.005022,-0.016868,0.002545
-0.003026,-0.023298,0.004606
-0.006907,-0.015815,0.003631
-0.003952,-0.008278,-0.002663
-0.002967,0.002457,-0.008936
0.002878,0.004570,-0.006788
0.002877,0.004548,-0.004666
0.001881,0.011003,-0.009908
0.001884,0.014205,-0.009866
0.000887,0.016366,-0.011950
-0.000109,0.015276,-0.009858
0.001830,0.012042,-0.006696
-0.003050,0.005577,-0.000372
-0.005008,-0.003005,0.003784
-0.003043,-0.014786,0.007926
-0.003956,-0.023357,0.011028
-0.001980,-0.027658,0.014167
-0.004853,-0.030848,0.013063
-0.003821,-0.035139,0.015141
-0.002817,-0.022310,0.013137
0.000105,-0.010509,0.006860
0.004974,-0.001949,0.004812
0.000071,0.010868,0.003877
-0.001920,0.013053,-0.001401
0.000006,0.009855,-0.001381
0.000952,0.014137,-0.002392
-0.001046,0.016232,0.001906
-0.003047,0.019445,0.000879
-0.000156,0.008741,0.003969
0.000827,-0.012668,0.010157
0.002824,-0.026562,0.012151
0.003824,-0.020136,0.010077
0.006759,-0.012657,0.009053
0.008750,-0.021227,0.012162
0.008840,-0.033957,0.004630
0.008895,-0.021057,-0.004828
0.008896,0.005675,-0.009893
0.004980,0.029185,-0.012865
0.003967,0.030284,-0.016038
0.003959,0.009944,-0.009842
0.002043,-0.009287,-0.007901
0.004027,-0.023182,-0.005900
0.000154,-0.014625,-0.007961
0.002123,-0.003919,-0.011045
0.003121,0.005694,-0.012036
0.006050,0.006782,-0.014155
0.003115,0.014210,-0.009846
-0.001780,0.014188,-0.007724
-0.004702,-0.002887,-0.007880
-0.002704,-0.030651,-0.005980
-0.004568,-0.044587,0.000272
-0.008359,-0.043542,0.002425
-0.006322,-0.036102,0.005694
0.001521,-0.028666,0.008943
0.004510,-0.032913,0.006790
0.001644,-0.023217,-0.001581
-0.000256,-0.012419,-0.014226
-0.004103,-0.012194,-0.036508
0.014540,-0.018716,-0.024920
0.009699,-0.001379,-0.051288
0.019528,0.030494,-0.037243
0.015565,0.057130,-0.032809
0.003804,0.044217,-0.022331
-0.011813,0.027047,-0.012931
-0.020587,0.001363,-0.005700
-0.018628,-0.013607,-0.002627
-0.015645,-0.029636,-0.000659
-0.012646,-0.039286,0.003495
-0.008702,-0.026469,0.002567
-0.006731,-0.002949,-0.001465
-0.002852,0.018439,-0.005488
-0.002886,0.035558,-0.009562
-0.003914,0.036660,-0.012694
-0.002990,0.028126,-0.012756
-0.003015,0.019654,-0.019183
-0.001065,0.016472,-0.021360
0.003805,0.007825,-0.010859
0.004783,0.007737,-0.002420
0.000892,0.005610,-0.003541
0.000926,-0.013665,0.002615
-0.001959,-0.028658,0.007783
-0.005785,-0.041518,0.012969
-0.004769,-0.036202,0.015152
-0.005706,-0.020187,0.014239
-0.007652,-0.007328,0.009052
-0.010579,0.002294,0.008151
-0.007695,0.015145,0.004060
-0.004823,0.026962,-0.003265
-0.000980,0.031328,-0.012756
-0.000052,0.021680,-0.008610
0.004784,0.016326,-0.007629
0.005757,0.009846,-0.000328
0.004747,0.003378,0.005955
-0.000132,-0.002003,0.010153
0.000843,-0.008395,0.009043
0.003787,-0.009429,0.005872
0.001822,-0.001991,0.009120
-0.002103,0.001195,0.011275
-0.003081,-0.004087,0.005930
-0.001129,-0.011591,0.009041
-0.000143,-0.015901,0.013262
-0.001134,-0.005206,0.011254
0.002734,0.013042,0.000809
0.003681,0.017310,0.000847
0.006563,0.010886,0.002913
0.003657,-0.004034,0.000661
0.001717,-0.010481,0.004828
0.000770,-0.017951,0.004756
0.003720,-0.017921,0.001545
0.004713,-0.010450,0.001617
0.004734,-0.002970,0.000614
0.005737,-0.000795,-0.003632
0.005745,0.000304,-0.006798
0.005755,0.000324,-0.008920
0.003809,0.005671,-0.009927
-0.001065,0.014230,-0.011968
-0.002053,0.009970,-0.013087
-0.000104,0.005650,-0.007820
-0.003013,-0.001852,-0.004709
-0.003986,-0.012550,-0.002707
-0.003953,-0.014714,0.000478
0.000956,-0.011524,0.001560
0.000974,-0.005068,-0.003689
-0.000963,-0.002900,-0.006839
0.001991,-0.000734,-0.009997
0.005879,0.004580,-0.007835
0.001955,0.018422,-0.004517
-0.006846,0.021634,-0.005557
-0.009768,0.006661,-0.002519
-0.010739,-0.012598,0.002632
-0.009729,-0.017900,-0.000584
-0.003866,-0.011510,0.000541
0.000993,0.000216,0.001691
-0.002913,0.005509,0.005953
-0.001934,-0.005196,0.009029
-0.003834,-0.023324,0.007837
-0.002787,-0.031829,0.004580
0.001136,-0.030784,0.006733
0.001177,-0.026483,0.003594
0.003168,-0.021072,-0.003773
0.005158,-0.013570,-0.006891
0.006169,-0.004901,-0.019535
0.006203,0.009012,-0.023686
0.007181,0.016448,-0.020430
0.006194,0.015314,-0.014115
0.002309,0.004570,-0.006810
-0.002528,-0.012579,0.000461
-0.003449,-0.021160,0.004631
-0.009289,-0.012620,0.004740
-0.009275,0.001310,-0.000402
-0.007331,0.010937,-0.002420
-0.008326,0.008814,-0.003450
-0.008344,0.006628,0.001864
-0.010302,0.006628,0.001857
-0.009329,0.002338,0.003935
-0.005435,-0.005179,0.008065
-0.006405,-0.010550,0.011146
-0.002500,-0.013750,0.011089
0.000433,-0.016963,0.012108
-0.000550,-0.013821,0.017422
0.002376,-0.011708,0.019570
0.003352,-0.017040,0.019543
0.003348,-0.008480,0.017517
0.001375,0.002206,0.016597
-0.000643,0.012955,0.009298
0.002249,0.016179,0.007204
0.002208,0.006595,0.004991
0.001213,0.005546,0.002846
0.002162,0.015171,0.000794
-0.002751,0.024837,-0.005508
-0.003773,0.017356,-0.004513
-0.001807,0.002376,-0.000400
-0.004724,-0.007238,0.000584
-0.000823,-0.005168,0.006976
-0.000866,0.003357,0.008098
0.002060,-0.004160,0.012257
0.003987,-0.007404,0.016473
0.004004,-0.014853,0.014293
0.004993,-0.009466,0.009021
0.004984,-0.004060,0.002699
0.004990,-0.004040,0.000563
0.004978,-0.000806,-0.002571
0.002051,0.001286,0.001699
0.000087,0.002314,0.005958
0.001047,0.004481,0.002808
0.002027,0.001273,0.002768
0.002015,0.002330,0.003838
-0.001895,0.003376,0.005969
-0.002885,0.000218,0.001711
-0.001893,-0.001936,0.003807
-0.001897,0.000187,0.004873
-0.003868,0.009801,0.003896
-0.005846,0.008775,-0.000371
-0.002908,-0.001908,0.000590
-0.004854,-0.007264,0.002672
0.000014,-0.006187,0.001613
0.000019,0.001284,0.001686
0.000966,0.005563,0.000640
-0.001966,-0.000881,0.004835
-0.000023,-0.004107,0.006945
-0.002969,0.008752,0.001751
-0.001056,0.010900,0.000715
-0.000112,0.013033,0.000713
-0.004031,0.007719,-0.001463
-0.006954,-0.004029,-0.000484
-0.004998,-0.012619,0.004740
-0.000105,-0.019065,0.008914
0.000891,-0.019120,0.014234
0.001877,-0.012728,0.015351
-0.000066,-0.009541,0.016441
-0.000051,-0.009499,0.012190
0.002892,-0.009415,0.003681
0.005826,-0.009393,0.001573
0.002908,0.004524,-0.002565
-0.002967,0.016305,-0.006699
-0.002017,0.014138,-0.003563
-0.000087,0.004471,0.002733
-0.001074,-0.000875,0.003762
-0.004993,0.004441,0.005951
-0.004051,0.006660,-0.002504
0.001789,0.008751,0.001759
-0.001164,0.003387,0.004894
-0.000180,-0.005192,0.009084
0.002750,-0.009463,0.009034
0.007624,-0.013763,0.012180
0.010568,-0.011588,0.007941
0.007647,-0.009444,0.006891
0.005724,-0.009418,0.004782
0.006720,-0.008308,0.000547
0.006739,-0.002923,-0.004717
0.007709,0.003511,-0.007851
0.007706,0.008860,-0.008866
0.003783,0.010971,-0.006753
0.001817,0.006673,-0.003594
-0.000118,-0.009368,-0.000572
-0.004958,-0.016862,0.001493
-0.003939,-0.027553,0.003536
-0.003906,-0.026549,0.009896
-0.006780,-0.017924,0.001511
-0.006757,-0.006151,-0.001535
-0.004807,0.004596,-0.008855
0.001045,0.001407,-0.009931
0.004946,0.005656,-0.007751
0.003992,0.002463,-0.008853
0.002051,0.000351,-0.010987
-0.000875,0.003563,-0.012027
0.001099,0.007788,-0.007760
0.000134,0.010986,-0.007731
0.000144,0.003451,-0.001444
-0.003736,-0.010440,0.000542
-0.005665,-0.009364,-0.000523
-0.004685,-0.005111,0.000562
0.000192,0.006606,0.002780
-0.006639,0.004495,0.000639
-0.010542,-0.015864,0.008970
-0.006613,-0.037270,0.015164
-0.001677,-0.042616,0.016192
0.001283,-0.031891,0.010988
0.002285,-0.012575,0.000566
0.004260,-0.002915,-0.004641
0.005247,0.004619,-0.010935
0.002351,0.013221,-0.017241
0.003340,0.016433,-0.018274
-0.000572,0.013219,-0.017262
-0.004461,0.005663,-0.008846
-0.005421,-0.007179,-0.005794
-0.003432,-0.017915,0.000464
-0.002408,-0.025447,0.006772
-0.002368,-0.030836,0.012037
-0.007153,-0.040372,0.005635
-0.002225,-0.038246,0.006743
-0.003174,-0.017884,-0.001561
-0.000205,-0.009230,-0.013158
0.009578,-0.009328,-0.003644
0.006702,-0.012467,-0.010051
0.005740,0.003442,-0.000397
-0.000121,0.013095,-0.005681
-0.003027,0.006585,0.004873
-0.010842,0.001260,0.003759
-0.011832,0.005508,0.005925
-0.011866,0.006556,0.008077
-0.011906,0.017291,0.001847
-0.004167,0.019480,-0.003419
0.000659,0.006627,0.001808
0.003558,0.003396,0.004991
0.010380,0.000216,0.002841
0.009409,0.008796,-0.001315
0.005475,0.019519,-0.006526
0.004469,0.029154,-0.009639
0.003463,0.028117,-0.012866
-0.001433,0.016367,-0.011929
0.006340,0.009907,-0.006735
0.007329,0.000228,0.000594
0.003432,-0.004023,-0.001564
-0.002415,-0.002924,-0.004745
-0.005321,0.001344,-0.004686
-0.003332,-0.003927,-0.011099
-0.001361,-0.008175,-0.013265
-0.003291,-0.007106,-0.013235
0.000612,-0.000758,-0.007909
0.001572,0.008858,-0.008873
0.002533,0.013108,-0.006707
0.002535,0.005620,-0.004616
0.002531,0.002396,-0.002529
0.003492,0.006623,0.001767
0.004420,0.013016,0.002919
0.000491,0.018415,-0.003408
0.001449,0.017358,-0.004485
-0.001493,0.016323,-0.007677
-0.006363,0.012068,-0.008798
-0.005371,0.005696,-0.012058
-0.006348,0.000345,-0.011077
-0.001434,-0.011427,-0.008011
-0.001387,-0.017865,-0.004925
-0.004299,-0.014665,-0.004925
-0.005258,-0.012578,-0.000682
-0.006189,-0.020134,0.007727
-0.008105,-0.026566,0.010896
-0.007103,-0.025485,0.009879
-0.007101,-0.010585,0.014316
-0.007117,0.004379,0.012352
-0.008126,0.013996,0.011402
-0.010091,0.008683,0.009248
-0.008165,0.006602,0.003917
-0.006235,0.009814,0.002884
-0.006260,0.008727,0.005003
-0.002379,0.007668,0.003898
-0.006308,0.009833,0.000691
-0.005354,0.004379,0.012295
-0.002467,0.001149,0.014363
-0.003464,-0.007419,0.017479
0.000435,-0.018161,0.024796
0.002377,-0.024583,0.026883
0.003337,-0.017095,0.024828
0.004326,-0.013860,0.021701
0.010168,-0.004151,0.011161
0.007209,0.021580,-0.000259
0.004216,0.041955,-0.009611
0.007060,0.046257,-0.012743
0.006030,0.026994,-0.007605
0.004046,0.007744,-0.003515
0.002104,-0.000811,-0.001455
-0.002777,-0.001900,0.000658
-0.000800,-0.007262,0.002721
0.003111,-0.007222,-0.001550
0.006040,0.000224,0.000609
0.003076,0.016234,0.000734
0.000139,0.010907,-0.000387
0.000156,-0.006242,0.006891
-0.000827,-0.009388,0.001564
-0.002787,0.001329,-0.002552
-0.001821,0.000293,-0.005737
-0.001796,-0.005095,-0.000465
-0.003725,-0.015795,0.002660
-0.004662,-0.021182,0.007953
-0.000756,-0.014755,0.005900
-0.002695,0.008829,-0.004505
0.000218,0.014186,-0.006566
0.005036,0.024856,-0.006480
0.003034,0.029113,-0.005374
0.003971,0.026998,-0.007536
0.004932,0.019495,-0.004432
0.006861,0.008790,-0.001356
0.002938,0.009825,0.001823
-0.000003,0.007776,-0.006691
-0.003890,-0.001849,-0.004653
-0.006785,-0.010460,0.002706
-0.009675,-0.024352,0.004735
-0.005722,-0.021141,0.003695
-0.004717,-0.013692,0.005861
-0.006680,-0.005157,0.005915
-0.003764,-0.009458,0.009054
-0.000834,-0.006236,0.006960
-0.000831,-0.009440,0.006904
-0.000825,-0.013750,0.011118
0.006002,-0.025521,0.014205
0.012854,-0.027677,0.016302
0.010931,-0.019085,0.011085
0.006050,0.006613,0.002834
0.004080,0.022718,-0.006561
0.004050,0.030263,-0.013916
0.003067,0.026046,-0.019251
0.004986,0.022888,-0.023509
0.004972,0.016517,-0.026755
0.003026,0.011107,-0.019381
0.002052,0.009984,-0.014085
-0.002821,0.005671,-0.009899
-0.005714,0.004544,-0.003536
-0.011557,0.003465,-0.002492
-0.012536,-0.001877,-0.001465
-0.009595,-0.009389,0.002714
-0.010555,-0.014772,0.006899
-0.010535,-0.015871,0.010066
-0.007601,-0.015851,0.007923
-0.000765,-0.012684,0.011106
-0.000782,0.001225,0.008050
0.000165,0.010840,0.007073
-0.004721,0.011977,-0.000308
-0.006700,0.010933,-0.002419
-0.003820,0.005566,0.000746
0.002968,0.009825,0.001865
0.003916,0.009826,0.001858
0.008821,-0.007261,0.002749
0.006919,-0.022155,-0.001655
0.005015,-0.024239,-0.007013
0.004088,-0.022126,-0.004872
0.008991,-0.012513,-0.005870
0.016813,-0.002909,-0.005765
0.016836,0.003487,-0.004592
0.010987,0.017370,-0.005496
0.004169,0.018513,-0.012900
-0.003629,0.017466,-0.015067
-0.007539,0.011115,-0.020449
0.000257,0.007879,-0.017350
0.003180,0.007792,-0.008889
0.002180,0.012016,-0.004622
-0.005667,0.033212,0.010454
-0.010681,0.053529,0.006366
-0.002081,0.086698,-0.001792
0.000621,0.110175,-0.001565
-0.005495,0.134894,-0.018265
0.002014,0.156381,-0.031831
0.006598,0.139508,-0.052153
0.010355,0.069034,-0.048538
0.004560,-0.013412,-0.021662
-0.005082,-0.054048,-0.013529
-0.004992,-0.038151,-0.002820
-0.004952,-0.007169,-0.006834
-0.002946,-0.007256,0.001633
-0.001899,-0.024331,0.001463
-0.002779,-0.042399,-0.006136
-0.007548,-0.054177,-0.002003
-0.007412,-0.064804,-0.006326
-0.007273,-0.060511,-0.008398
-0.007129,-0.046542,-0.017812
0.003704,-0.025179,-0.019740
0.003762,-0.011402,-0.010063
0.000825,0.016341,-0.009834
-0.007002,0.031245,-0.006562
-0.008993,0.028002,-0.002367
-0.010988,0.017310,-0.000338
-0.011974,0.004518,-0.001498
-0.004224,0.003427,0.000594
-0.001357,0.023670,0.003983
-0.004370,0.035410,0.004106
-0.006323,0.013054,-0.001374
-0.004347,-0.023320,0.007907
-0.008175,-0.056513,0.019323
-0.009045,-0.060768,0.018259
-0.006063,-0.041561,0.018420
-0.004087,-0.018033,0.013293
-0.005031,-0.008354,0.005928
-0.004030,-0.009454,0.009088
-0.001103,-0.012657,0.009060
0.000837,-0.000930,0.010203
0.003714,0.014009,0.010326
0.003655,0.015023,0.015641
0.004594,0.005437,0.013450
0.004579,-0.015950,0.017487
0.004619,-0.028762,0.018442
0.004656,-0.026605,0.016359
-0.000205,-0.009412,0.004844
-0.000197,-0.001888,-0.000389
0.004698,-0.003993,-0.003611
0.005703,-0.012541,-0.002632
0.001807,-0.010419,-0.001544
0.007671,-0.005082,-0.001484
0.008659,-0.002903,-0.005717
0.009653,-0.005026,-0.006797
0.009694,-0.006129,-0.003629
0.008738,-0.002906,-0.005723
0.005820,0.000290,-0.005715
0.003856,0.001366,-0.006794
0.000947,-0.000773,-0.005754
0.000959,-0.000721,-0.011080
0.001976,-0.006091,-0.007950
0.000035,-0.002823,-0.014246
0.001020,0.003602,-0.016291
0.004945,0.007851,-0.014118
0.002028,0.015343,-0.016182
-0.000893,0.007926,-0.021553
-0.000855,-0.000664,-0.016337
-0.005686,-0.006023,-0.014296
-0.004685,-0.008171,-0.013260
-0.004662,-0.006113,-0.005842
-0.002685,0.001402,-0.010007
-0.002675,0.008896,-0.012029
-0.007543,0.011065,-0.015159
-0.006565,0.007855,-0.014098
0.002208,0.008911,-0.013014
-0.003623,0.006745,-0.009842
-0.006566,0.001365,-0.005672
-0.006538,-0.007217,-0.001524
-0.002627,-0.011554,0.004778
-0.001643,-0.013648,0.000488
0.000314,-0.019064,0.008949
-0.003545,-0.017963,0.005803
-0.004466,-0.021110,0.000505
-0.004417,-0.018962,-0.000495
-0.004380,-0.007190,-0.003555
-0.004382,0.000281,-0.003476
-0.009255,0.005618,-0.003416
-0.007303,0.001380,-0.006657
-0.006311,-0.008290,-0.000381
-0.008238,-0.009390,0.002779
-0.008203,-0.013659,0.002727
-0.003290,-0.017927,0.002697
-0.006169,-0.015779,0.001653
-0.004205,-0.008340,0.004908
-0.003265,0.004453,0.006082
-0.004245,0.010824,0.009328
-0.006240,0.006490,0.015622
-0.008188,-0.007417,0.018656
-0.004298,-0.017021,0.018565
-0.000380,-0.018081,0.017460
0.001570,-0.014838,0.013251
0.004488,-0.002001,0.010166
0.002501,0.008755,0.001751
0.005380,0.016216,0.002904
0.004370,0.009823,0.001795
0.003389,0.001269,0.003898
0.005318,-0.005196,0.010200
0.006296,-0.013722,0.009079
0.006305,-0.012685,0.012292
0.003394,-0.009431,0.007008
0.002435,-0.007308,0.008066
0.004420,-0.015846,0.007985
0.004457,-0.025440,0.006805
0.003541,-0.019050,0.007894
0.003554,-0.011460,-0.004813
0.005511,-0.009273,-0.010113
0.014276,0.005666,-0.009968
0.011339,0.018503,-0.013053
0.001600,0.011002,-0.009908
-0.002289,-0.005045,-0.005776
0.002643,-0.021092,-0.001651
-0.001239,-0.009319,-0.004697
0.000717,0.002486,-0.010940
0.005598,0.000340,-0.009905
0.005640,-0.012495,-0.006827
0.004717,-0.022130,-0.003721
0.005741,-0.024278,-0.002706
0.006752,-0.010330,-0.010005
0.009721,-0.014623,-0.007941
0.013686,-0.013628,-0.000484
0.001991,-0.001827,-0.006761
-0.008690,-0.000781,-0.004623
-0.015503,0.000340,-0.009912
-0.011565,-0.003983,-0.004658
-0.013500,-0.003952,-0.007840
-0.015422,-0.010355,-0.007903
-0.012436,-0.027477,-0.002742
-0.013347,-0.026442,0.000457
-0.018198,-0.009318,-0.004697
-0.014287,-0.001880,-0.001449
-0.009442,0.007722,-0.001372
-0.007518,0.010829,0.008219
-0.004606,0.004405,0.010271
-0.006565,0.000095,0.014492
-0.006583,-0.012713,0.014359
0.000246,-0.018072,0.016400
0.003192,-0.016977,0.013213
0.004158,-0.006307,0.013293
0.004149,0.000130,0.010158
0.006084,0.000183,0.004846
0.006077,-0.003018,0.004811
0.005083,-0.008395,0.009036
0.004129,-0.010529,0.009024
0.002188,-0.013697,0.005834
0.004167,-0.017975,0.006864
0.005177,-0.021176,0.006836
0.000322,-0.011529,0.002669
0.002275,-0.000772,-0.005726
0.001313,0.007761,-0.005650
0.001321,0.005616,-0.004614
-0.001615,0.006671,-0.003544
-0.005537,0.007716,-0.001419
-0.006509,0.003451,-0.001472
-0.001645,-0.000870,0.003810
0.000304,0.000208,0.002758
-0.001629,-0.010496,0.005827
-0.002597,-0.019024,0.004692
0.000390,-0.022204,0.002535
0.003326,-0.014778,0.006873
0.005273,0.004495,0.000682
0.002348,0.010957,-0.004570
0.001361,0.006722,-0.007762
0.001362,0.003529,-0.008850
0.003326,0.001395,-0.008862
0.002342,0.005686,-0.010940
0.002332,0.015268,-0.008748
0.000348,0.020573,-0.005505
-0.000629,0.014181,-0.006622
-0.001602,0.004577,-0.006699
-0.003564,-0.001869,-0.002517
-0.001602,-0.005135,0.003814
0.000341,0.002400,-0.002473
0.003245,0.005591,-0.001398
0.004230,0.000201,0.003853
-0.003570,0.003445,-0.000356
-0.004534,0.001354,-0.004611
-0.003540,-0.005016,-0.007837
0.003281,-0.006051,-0.011022
0.007207,-0.005990,-0.017372
0.009182,-0.009277,-0.008919
0.003409,-0.014673,-0.002594
-0.003334,-0.018932,-0.003713
-0.005260,-0.011454,-0.004701
-0.003290,-0.011518,0.001665
0.005518,-0.018964,-0.000530
0.007501,-0.017932,0.002627
0.009475,-0.012561,-0.000503
0.008511,-0.008282,-0.001520
0.008527,0.003544,-0.009878
0.005615,0.010055,-0.020411
0.006608,0.018655,-0.026666
0.001716,0.029324,-0.026608
-0.004125,0.021840,-0.025647
-0.008017,0.006837,-0.019404
-0.007026,-0.011401,-0.010035
-0.005998,-0.022127,-0.004844
-0.009850,-0.023270,0.002568
-0.014679,-0.012587,0.001614
-0.014643,-0.002931,-0.003607
-0.009763,-0.001853,-0.004659
-0.007784,0.004555,-0.004605
-0.004910,0.016261,-0.001326
-0.008836,0.026941,-0.002293
-0.014742,0.024784,-0.000211
