0.003126,0.000678,0.008385
-0.002813,0.004951,0.008409
-0.007693,0.005957,0.015898
-0.010601,0.011316,0.014847
-0.009595,0.024047,0.025606
-0.006639,0.038960,0.028937
-0.001677,0.046378,0.036456
0.004267,0.054973,0.032193
0.007248,0.065636,0.034397
0.012219,0.064530,0.038672
0.014271,0.050713,0.032138
0.017266,0.039094,0.017085
0.020253,0.021987,0.019119
0.019301,-0.002545,0.014700
0.016337,-0.015265,0.002864
0.011435,-0.014124,-0.003595
0.007894,-0.004473,-0.009908
0.007716,0.010537,-0.018333
0.005793,0.020145,-0.019310
0.001984,0.034057,-0.023477
0.000093,0.042495,-0.012692
0.002076,0.043480,-0.003056
0.003085,0.038135,-0.000984
0.000259,0.029657,-0.006439
-0.002533,0.018979,-0.004417
-0.005428,0.003030,-0.014114
0.003669,0.035564,0.004324
0.051902,0.050174,0.019954
0.035686,-0.014241,-0.011652
-0.009536,-0.040629,-0.024139
-0.014593,-0.013134,-0.000243
-0.013651,0.012408,0.009565
-0.011618,0.025110,0.022491
-0.006648,0.023948,0.033188
-0.001435,0.011185,0.027738
0.000997,-0.000575,0.028743
-0.001184,-0.013345,0.026451
0.000684,-0.012215,0.020020
-0.002351,0.004902,0.016916
-0.001506,0.018809,0.014849
0.000381,0.029550,0.008483
0.003233,0.042480,-0.003237
0.008025,0.043592,-0.007530
0.013824,0.041512,-0.012917
0.016693,0.026644,-0.021597
0.016597,0.023515,-0.030181
0.014533,0.025642,-0.029097
0.016406,0.025604,-0.026905
0.016341,0.029834,-0.023632
0.008423,0.030861,-0.022473
0.002460,0.038253,-0.014886
0.005362,0.036072,-0.010600
0.010232,0.029635,-0.007426
0.004396,0.018972,-0.007536
-0.004446,0.007214,-0.007586
-0.006478,0.002958,-0.009747
-0.006484,0.001899,-0.009773
-0.008478,0.011470,-0.005424
-0.010501,0.024196,0.004304
-0.008549,0.031632,0.008637
-0.004646,0.029531,0.005396
-0.000705,0.025265,0.005354
0.000266,0.022051,0.006405
0.002214,0.014620,0.001012
0.001238,0.009238,0.005272
0.003194,0.007096,0.005274
0.007090,-0.007897,0.009471
0.002208,-0.018541,0.006173
-0.000835,-0.017439,0.002954
-0.000867,-0.013115,-0.002383
-0.001836,0.001823,-0.001210
0.005937,0.027409,0.003254
0.011767,0.045505,0.009800
0.017661,0.046565,0.011918
0.018692,0.041343,0.000072
0.012859,0.040375,-0.007517
0.014775,0.032959,-0.013992
0.013769,0.026643,-0.024729
0.018636,0.006403,-0.031268
0.014670,-0.014897,-0.038878
0.007715,-0.030893,-0.043225
0.004661,-0.037318,-0.043220
-0.003284,-0.022454,-0.035576
-0.003416,-0.007590,-0.027934
-0.009336,0.009481,-0.026736
-0.011328,0.030820,-0.025502
-0.007436,0.039296,-0.020040
-0.006449,0.042535,-0.023249
-0.003511,0.045707,-0.020009
-0.002526,0.048909,-0.019984
0.002319,0.056372,-0.018856
0.003321,0.065848,-0.003801
0.005204,0.046656,-0.007142
0.004256,0.028570,-0.013712
-0.001616,0.013650,-0.017026
-0.004650,-0.010881,-0.020404
-0.004663,-0.027916,-0.023786
-0.008571,-0.023592,-0.029124
-0.007713,-0.002337,-0.017213
-0.005807,0.014701,-0.011747
-0.006730,0.011480,-0.008583
-0.009646,-0.002395,-0.009741
-0.012624,-0.014129,-0.010897
-0.015548,-0.019487,-0.008792
-0.012677,-0.021600,-0.010957
-0.011720,-0.014163,-0.008717
-0.014696,-0.004616,-0.001168
-0.014738,0.009192,0.006439
-0.012795,0.017695,0.011830
-0.007878,0.019791,0.016130
-0.009785,0.019802,0.016102
-0.005834,0.025044,0.028941
0.000075,0.019702,0.027865
0.005998,-0.001612,0.024476
0.006070,-0.021851,0.020026
0.002191,-0.030323,0.013512
0.002157,-0.034518,0.003870
0.002140,-0.038733,-0.001534
0.005081,-0.030157,-0.005748
0.006950,-0.024815,-0.006767
0.002000,-0.017359,-0.004575
-0.002897,-0.019535,-0.000299
0.000966,-0.030124,-0.008970
0.000963,-0.036472,-0.017533
0.001883,-0.029070,-0.013110
0.006769,-0.009965,-0.002220
0.012650,0.000631,0.006431
0.009767,0.000575,0.014945
0.007858,0.004869,0.011774
0.008808,0.017590,0.022560
0.012772,0.018609,0.028971
0.009921,0.021806,0.030056
0.003064,0.029236,0.035452
0.003056,0.037796,0.033372
0.008006,0.042059,0.033420
0.012994,0.015447,0.021521
0.015027,-0.012225,0.011685
0.010115,-0.027063,0.000837
0.002213,-0.016288,-0.009804
-0.001726,-0.001299,-0.011899
-0.001724,0.019984,-0.004243
-0.000787,0.042357,0.000223
0.004094,0.054046,0.004634
0.008000,0.042324,0.001356
0.009100,0.017802,-0.002045
0.006145,0.003997,-0.010702
0.000209,0.001844,-0.007535
-0.002746,0.003973,-0.006459
0.001164,0.025313,-0.004182
0.004088,0.036977,0.004476
0.005999,0.033717,0.010880
0.002162,0.023061,0.008659
-0.000751,0.015659,-0.000996
-0.003685,0.011441,-0.006391
0.002172,0.015754,-0.010653
0.006062,0.013614,-0.009610
0.004085,0.020036,-0.011699
0.004066,0.014711,-0.012818
0.005036,-0.000250,-0.010799
0.003112,-0.013039,-0.011994
-0.000884,-0.005605,-0.007655
-0.006798,0.007165,-0.001180
-0.010705,0.019972,-0.000029
-0.007749,0.027477,-0.003195
-0.004826,0.028542,-0.004228
0.003012,0.019936,0.004247
0.000105,0.002836,0.006265
-0.000900,-0.010977,-0.000282
-0.006749,-0.021606,-0.004666
-0.009719,-0.022665,-0.003650
-0.015603,-0.020506,-0.005788
-0.017607,-0.005605,0.000713
-0.015672,0.009348,0.000804
-0.012711,0.011457,0.004027
-0.010737,0.012475,0.009391
-0.006803,0.004965,0.013617
-0.000912,0.000705,0.013558
-0.000895,-0.003580,0.014612
-0.000879,-0.000358,0.011448
0.001120,-0.005730,0.015681
0.005030,-0.010006,0.014619
0.005070,-0.016493,0.022104
0.005072,-0.020833,0.029578
0.002166,-0.019771,0.030646
-0.005614,-0.011181,0.026397
-0.005582,-0.001538,0.023238
-0.002591,0.011279,0.024361
-0.001559,0.014550,0.016886
0.001358,0.019915,0.013716
0.002410,0.011432,0.007228
0.008300,-0.002386,0.000696
0.012188,-0.002371,-0.000391
0.007273,-0.003440,-0.001440
0.004307,-0.005553,-0.005695
0.007242,-0.013009,-0.007885
0.011140,-0.016235,-0.004712
0.013077,-0.018456,0.003863
0.009119,-0.020610,0.004943
0.002306,-0.019479,-0.000443
-0.003521,-0.008783,-0.001466
-0.005479,0.000859,-0.007758
-0.002556,0.005088,-0.004482
0.001322,0.008295,-0.006563
0.003231,0.006141,-0.005483
0.003239,0.012489,0.002036
0.004216,0.005001,0.003065
0.004204,-0.003536,0.001951
0.003275,-0.009874,-0.004547
0.004231,-0.002395,-0.005556
0.005143,0.012482,0.001008
0.009078,0.018868,0.001105
0.009123,0.012466,0.000005
0.008152,0.008240,-0.005372
0.005177,0.009302,-0.004304
0.004170,0.012555,-0.009639
0.004170,0.016815,-0.008537
0.005133,0.024273,-0.008444
0.007071,0.024247,-0.005237
0.011010,0.018893,-0.005234
0.012935,0.003978,-0.009606
0.011957,-0.003510,-0.008576
0.003183,-0.000271,-0.011785
-0.000849,0.010394,-0.010635
-0.001833,0.027481,-0.009479
-0.003792,0.046742,-0.012593
0.003986,0.060553,-0.004995
0.006948,0.059492,-0.005020
0.009907,0.042488,-0.013711
0.011905,0.009517,-0.028915
0.007968,-0.017082,-0.038758
0.002970,-0.032004,-0.041024
-0.000081,-0.022345,-0.047362
-0.001133,0.002154,-0.039716
-0.002209,0.013833,-0.033186
-0.004173,0.012693,-0.025685
-0.007136,-0.005470,-0.025780
-0.010081,-0.010822,-0.023691
-0.016023,-0.008738,-0.018313
-0.015113,-0.002358,-0.016108
-0.015110,0.003990,-0.009637
-0.010236,0.013543,-0.003148
-0.007307,0.020979,0.001184
0.000587,0.016662,0.007552
0.002565,0.009202,0.006417
0.000622,0.003875,0.004258
-0.004276,0.000718,-0.000068
-0.003304,0.004000,-0.007572
0.006459,0.014730,-0.013911
0.015244,0.015754,-0.008559
0.009330,0.027572,-0.017036
0.000474,0.020014,-0.004321
-0.002493,0.018964,-0.004374
-0.001482,0.016876,-0.008696
0.000499,0.013733,-0.013059
0.002419,0.005166,-0.008868
0.006311,-0.003345,-0.011099
0.006305,0.003082,-0.012155
0.008235,-0.016097,-0.017620
0.004303,-0.026745,-0.018816
-0.004547,-0.022453,-0.019887
-0.004685,-0.007540,-0.016553
-0.003712,0.006290,-0.010052
0.000232,0.013794,-0.014264
0.006114,0.014816,-0.009953
0.007077,-0.001253,-0.005743
0.004151,-0.024736,-0.008016
-0.001727,-0.033196,-0.016654
-0.010587,-0.023561,-0.020836
-0.013604,-0.000114,-0.016378
-0.009721,0.030801,-0.011855
0.000024,0.041446,-0.009602
0.004971,0.037118,-0.004255
0.001053,0.020021,-0.004335
0.000999,-0.000228,-0.010850
-0.003867,-0.011957,-0.013065
-0.004878,-0.002317,-0.018307
-0.003000,0.015726,-0.009535
-0.000081,0.024213,-0.005148
-0.000045,0.025297,-0.008321
0.001904,0.018939,-0.014764
0.003847,-0.003389,-0.024580
0.002854,-0.006589,-0.023563
-0.005050,-0.004481,-0.020341
-0.007087,0.005064,-0.012785
-0.009999,0.013549,-0.006302
-0.007093,0.020984,-0.000919
-0.006086,0.019887,0.001243
-0.005079,0.014561,-0.000917
-0.000149,0.011337,0.001205
0.001805,0.010254,0.002284
0.002779,0.010289,0.000101
0.001801,0.017741,0.003346
-0.000196,0.029451,0.007702
0.002753,0.032622,0.011993
0.001861,0.021973,0.008706
0.003838,0.012383,0.007544
0.000897,0.004979,-0.000011
0.001870,0.000764,-0.005415
0.002854,0.008233,-0.004307
0.000891,0.016776,-0.002157
-0.000154,0.025303,0.000030
0.002810,0.018944,-0.004322
0.005788,0.012578,-0.007607
0.002799,0.010445,-0.008674
-0.000220,0.008283,-0.005483
-0.000201,-0.000250,-0.006609
0.003721,-0.003408,-0.013023
0.007604,-0.004423,-0.019444
0.009536,-0.007707,-0.009841
0.006583,-0.012016,-0.005591
-0.001276,-0.010965,-0.002402
-0.007153,-0.004545,-0.003440
-0.008113,0.008203,0.004140
-0.004193,0.020016,-0.003278
0.000713,0.018928,-0.002186
0.000689,0.006130,-0.004404
0.003644,-0.016263,-0.006728
0.004612,-0.037583,-0.011150
-0.008117,-0.026975,-0.000436
-0.014112,0.008237,0.003006
-0.014103,0.039131,0.009675
-0.009120,0.053042,0.005508
-0.000270,0.053062,0.002319
0.008532,0.032757,0.002226
0.009520,0.002906,-0.004372
0.003635,-0.023714,-0.012068
-0.006204,-0.018398,-0.008835
-0.011161,0.010434,-0.007598
-0.007319,0.038054,0.006555
-0.004351,0.045486,0.011947
0.002561,0.024120,0.012876
0.008485,-0.006812,0.009440
0.009472,-0.027013,-0.000338
0.005583,-0.022703,-0.003548
0.002614,-0.004501,-0.009828
0.006457,0.032842,-0.008452
0.014247,0.047747,-0.005099
0.017186,0.043502,-0.007288
0.013335,0.017884,-0.007484
0.012332,-0.006566,-0.021531
0.009417,-0.028960,-0.025943
0.007335,-0.035333,-0.030259
0.003343,-0.032122,-0.030256
0.001327,-0.010834,-0.021568
0.000293,0.005140,-0.016118
0.002222,0.011542,-0.012925
0.002273,0.006232,-0.015128
0.001281,-0.006512,-0.022718
0.000243,-0.005474,-0.019495
0.000229,0.000906,-0.017290
-0.002746,0.006235,-0.016183
-0.002761,0.014782,-0.018227
0.001116,0.009397,-0.013962
-0.000822,0.004099,-0.018287
0.001102,-0.009754,-0.020545
-0.002867,-0.017205,-0.022750
-0.009753,-0.018240,-0.025981
-0.012731,-0.015048,-0.023837
-0.012794,-0.014011,-0.020613
-0.008911,-0.009785,-0.015236
-0.012846,-0.002383,-0.005585
-0.012892,0.002933,-0.001305
-0.013794,-0.002378,-0.003507
-0.014740,-0.015183,-0.005707
-0.011797,-0.019487,-0.000421
-0.006916,-0.015195,-0.003585
-0.001072,-0.002444,0.002942
0.001885,-0.000427,0.014769
-0.001008,-0.006883,0.019039
-0.006854,-0.014372,0.019026
-0.010730,-0.032459,0.012457
-0.008768,-0.024944,0.009263
-0.008790,-0.007940,0.017955
-0.002930,0.014440,0.022403
0.000060,0.020896,0.019183
0.003047,0.029428,0.021359
0.005043,0.029378,0.023580
0.003127,0.019735,0.028831
0.010001,0.014411,0.026664
0.011043,0.019813,0.021307
0.013966,0.029431,0.018214
0.015959,0.037926,0.023624
0.018917,0.035775,0.024693
0.017994,0.031565,0.018230
0.015064,0.025191,0.012871
0.011165,0.022021,0.008581
0.016048,0.015676,0.001056
0.017069,0.007141,-0.001112
0.012178,-0.006658,-0.009787
0.011182,-0.016179,-0.017406
0.006255,-0.021464,-0.023857
0.000297,-0.016071,-0.028145
-0.001746,0.001065,-0.031300
-0.001787,0.023368,-0.018284
0.000121,0.035064,-0.011800
0.005022,0.026548,-0.017156
0.007978,0.009538,-0.025829
0.009917,-0.006401,-0.035554
0.006901,-0.010642,-0.040893
0.005837,-0.006420,-0.037599
0.006730,-0.001124,-0.034311
-0.001127,0.001980,-0.023572
-0.009018,0.004112,-0.023551
-0.008102,0.005143,-0.020310
-0.010033,0.014701,-0.012787
-0.013928,0.021094,-0.011660
-0.011022,0.018999,-0.015966
-0.007084,0.003043,-0.023553
-0.006145,-0.011875,-0.025830
-0.007207,-0.019355,-0.026911
-0.010204,-0.017210,-0.026918
-0.009291,-0.004481,-0.017201
-0.009326,-0.003472,-0.009720
-0.013227,-0.004538,-0.008686
-0.009317,-0.012005,-0.009801
-0.009316,-0.018348,-0.017332
-0.003468,-0.012012,-0.009783
0.000416,-0.009923,-0.005464
0.000432,0.002810,0.004245
-0.009341,0.019820,0.009784
-0.006454,0.027168,0.022714
-0.005365,0.014424,0.015125
0.000561,0.002723,0.010746
0.004468,-0.000479,0.010721
0.007412,-0.003666,0.009612
0.008426,-0.002501,0.000998
0.007436,-0.000341,-0.000095
0.006438,0.007188,-0.005417
0.010332,0.020011,-0.004310
0.012273,0.026428,-0.005338
0.010315,0.013736,-0.017244
0.018145,0.006246,-0.015165
0.015158,0.002001,-0.019447
0.014089,-0.006503,-0.023788
0.009199,-0.015011,-0.028117
0.003268,-0.018219,-0.027082
0.001261,0.002030,-0.023704
0.000236,0.016917,-0.017167
0.001183,0.024335,-0.011740
0.005143,0.012571,-0.010725
0.005103,-0.006589,-0.017288
0.005040,-0.013955,-0.028078
0.003033,-0.008611,-0.027012
0.002959,0.005295,-0.028027
-0.002959,0.014902,-0.026908
-0.000054,0.021294,-0.023688
0.001851,0.040548,-0.027830
0.000817,0.044692,-0.014918
-0.001194,0.036109,-0.011735
-0.003111,0.017045,-0.027960
0.002702,0.005286,-0.029048
-0.000330,-0.000079,-0.022740
-0.000373,-0.000018,-0.029175
0.000584,0.003186,-0.030201
-0.003400,0.003149,-0.028014
0.000457,0.006405,-0.033360
-0.002500,0.017055,-0.031123
-0.006434,0.017982,-0.018199
-0.005485,0.005167,-0.017233
-0.005488,-0.003350,-0.020496
-0.007469,-0.005568,-0.012976
-0.007518,-0.002388,-0.011846
-0.007553,0.006115,-0.009595
-0.008574,0.010364,-0.007416
-0.008601,0.017819,-0.006269
-0.012519,0.026361,-0.004120
-0.009619,0.034917,-0.007232
-0.005673,0.023232,-0.013744
0.002146,0.011490,-0.013834
0.004082,-0.002427,-0.008606
0.001142,-0.006708,-0.006518
-0.002833,-0.008834,-0.007604
-0.003805,-0.013069,-0.010865
-0.005742,-0.006639,-0.011930
-0.006776,-0.001376,-0.003327
-0.005828,-0.003572,0.002046
-0.002855,0.004887,0.011735
-0.002863,0.005887,0.018192
-0.001844,0.001608,0.018182
-0.000770,-0.007923,0.008499
0.003131,-0.001466,0.004229
0.005076,0.016651,0.008626
0.010928,0.019845,0.008671
0.010990,0.009252,0.000012
0.012000,-0.002393,-0.010788
0.009975,-0.009798,-0.017294
0.005993,-0.003394,-0.016197
0.003016,-0.003345,-0.022600
0.003957,0.008371,-0.019305
0.002948,0.000894,-0.020395
0.004845,-0.005598,-0.012896
0.000924,-0.009917,-0.008618
-0.001999,-0.008855,-0.007549
0.000933,-0.006697,-0.010730
0.002888,-0.000307,-0.008552
0.002874,0.013580,-0.008472
0.002829,0.022114,-0.007346
0.004800,0.017842,-0.006329
0.003866,0.016806,-0.008511
-0.001032,0.007175,-0.006430
-0.007938,0.005016,-0.004291
-0.008934,-0.001379,-0.005410
-0.008939,0.002849,-0.001085
-0.008951,0.005986,0.006430
-0.004076,0.009183,0.006468
0.000830,0.014521,0.007551
0.002808,0.018802,0.007555
0.004797,0.013518,0.003193
0.001908,0.009330,-0.006466
-0.001022,0.008296,-0.009699
0.001841,0.013651,-0.012840
0.001823,0.001852,-0.007551
-0.002113,-0.006683,-0.008676
-0.008976,-0.017327,-0.011973
-0.002168,-0.010972,-0.005520
-0.004162,0.001743,0.006326
-0.009062,0.008118,0.009591
-0.007066,0.007086,0.005308
0.000799,0.002827,0.003156
0.002778,-0.011050,0.005141
0.004744,-0.011023,0.004025
0.002792,-0.014160,-0.005583
0.001839,-0.010945,-0.006637
0.004772,-0.009865,-0.007706
0.002741,-0.008743,-0.014116
0.006624,-0.000156,-0.017311
0.005638,0.008334,-0.010843
0.004614,0.007207,-0.004421
0.002651,0.004008,-0.006545
0.000716,-0.002376,-0.008741
-0.001283,-0.006659,-0.008738
-0.000331,-0.004566,-0.004428
-0.005216,-0.010986,-0.003392
-0.003235,-0.005668,-0.000162
-0.003248,0.004988,0.002056
-0.001338,0.013510,0.004260
-0.001277,0.010338,0.001020
0.003665,0.000750,-0.002242
-0.000245,-0.008871,-0.002278
-0.001254,-0.010990,-0.003382
-0.000315,-0.000288,-0.005462
-0.001325,0.012516,-0.004303
0.003535,0.022081,0.000060
0.004537,0.021027,0.000016
0.005567,0.012541,-0.006462
0.004579,-0.001332,-0.008671
0.005554,-0.007694,-0.013013
0.004559,-0.003446,-0.010833
0.002540,0.004002,-0.008621
0.001535,0.007195,-0.007527
-0.004353,0.016801,-0.005359
-0.007313,0.020024,-0.007480
-0.006330,0.016761,-0.000025
-0.002412,0.008208,-0.000055
-0.001433,-0.004633,0.002018
-0.001424,-0.012129,0.004116
-0.002390,-0.009975,0.001993
-0.002399,-0.003561,0.000974
-0.001390,0.006060,-0.000037
0.001532,0.018900,-0.004204
0.004436,0.028487,-0.001988
0.008300,0.031714,-0.004119
0.007353,0.022145,-0.007429
0.006369,0.010462,-0.012900
0.006341,0.016901,-0.016078
0.005308,0.030675,-0.003155
0.004295,0.029515,0.006490
0.002386,0.018894,-0.000005
0.004376,0.000798,-0.008643
0.006313,-0.014136,-0.009827
0.008228,-0.014062,-0.018387
0.003259,0.000822,-0.011841
0.000232,0.020035,-0.011692
0.002194,0.022140,-0.008461
0.001238,0.016871,-0.017046
0.002195,0.014752,-0.018149
0.003122,0.015826,-0.019206
0.004063,0.025391,-0.014838
0.005018,0.026358,-0.004110
0.001138,0.018804,0.005460
-0.003785,0.009169,0.007552
-0.006710,0.002815,0.000048
-0.007684,0.007075,0.002200
-0.005711,0.018805,0.004410
-0.002806,0.032643,0.010893
-0.001822,0.047607,0.010955
-0.000809,0.046526,0.013073
0.001192,0.033800,0.005438
0.004172,0.027493,-0.004276
0.004161,0.027447,0.000026
0.001158,0.011494,-0.008615
0.002213,-0.011850,-0.024846
0.002197,-0.023507,-0.035617
0.000082,-0.021391,-0.036596
0.000914,-0.004408,-0.026804
-0.002037,-0.001286,-0.018203
-0.002072,-0.002431,-0.008596
-0.002080,-0.002441,-0.006477
-0.003074,0.004950,0.004249
-0.005015,0.005994,0.007454
-0.001084,0.008186,0.003140
0.000946,0.013553,-0.000034
0.000939,0.016777,-0.003206
0.002911,0.014660,-0.005360
0.000921,0.001932,-0.015080
-0.000095,0.003001,-0.014030
-0.003085,0.008331,-0.013971
-0.004132,0.015747,-0.007492
-0.006109,0.022060,0.003251
-0.002199,0.022016,0.006503
-0.001185,0.019839,0.010780
-0.000178,0.010219,0.010742
-0.000148,-0.001447,0.002089
-0.002069,0.000717,-0.001110
-0.002136,0.011382,0.001089
-0.003117,0.021002,0.001127
0.000832,0.020998,0.002182
-0.000131,0.017774,0.003262
-0.004035,0.006051,0.001031
-0.003075,-0.004591,-0.001225
-0.005031,-0.004558,-0.004449
-0.007000,0.002856,0.003080
-0.006036,0.000735,0.001981
-0.006952,0.006072,0.002023
-0.008932,0.010309,0.005279
-0.008990,0.005010,0.000953
-0.006965,-0.001347,-0.004449
-0.007002,-0.000325,-0.000139
-0.005086,0.009176,0.011713
-0.008025,0.012315,0.018178
-0.006021,0.009064,0.024558
-0.005961,0.000501,0.026647
-0.006837,-0.009023,0.016941
-0.002886,-0.009026,0.016950
-0.002857,-0.003690,0.016996
-0.002842,0.006966,0.019216
-0.002827,0.016523,0.022556
-0.004763,0.014383,0.023599
-0.003742,0.009089,0.019265
-0.002734,0.002669,0.020302
-0.000729,-0.004810,0.021309
0.001276,-0.010109,0.019076
0.002307,-0.009054,0.021206
0.000362,-0.005850,0.022273
0.006289,-0.001564,0.020173
0.006361,-0.001511,0.013761
0.005402,-0.004679,0.008415
0.004421,-0.002539,0.007372
0.005398,-0.000458,0.012761
0.005388,-0.001515,0.010633
0.000527,-0.006861,0.012706
0.001513,-0.000477,0.014902
0.002471,0.009108,0.019214
-0.000416,0.011245,0.020272
-0.001302,0.003806,0.018038
0.000703,-0.010000,0.011473
0.005606,-0.019545,0.004961
0.006639,-0.031256,-0.000438
0.001744,-0.033368,-0.004698
0.001684,-0.032280,-0.006836
0.001635,-0.018430,-0.003522
0.002598,0.000729,0.004089
-0.000371,0.015625,0.009556
0.002587,0.018808,0.010677
-0.000270,0.001760,0.006282
0.002655,-0.007848,0.005166
0.003629,-0.003633,0.008480
0.003634,0.008034,0.017129
0.004656,0.007971,0.021480
-0.001114,-0.000533,0.017139
-0.000089,-0.007892,0.004237
-0.002055,-0.008896,-0.002211
-0.004030,-0.006697,-0.009683
-0.000120,-0.004569,-0.007556
-0.003058,0.006050,-0.000011
-0.004092,0.002795,0.004284
-0.005045,-0.000417,0.006377
-0.007931,-0.007906,0.008457
-0.006951,-0.014331,0.010553
-0.007915,-0.017581,0.015881
-0.005929,-0.015447,0.016947
-0.009809,-0.005928,0.027709
-0.007819,0.006829,0.036307
-0.005765,0.017508,0.035329
-0.001769,0.021819,0.030027
0.004160,0.021845,0.026821
0.006162,0.015474,0.023548
0.008139,0.004859,0.017035
0.012081,-0.006823,0.010515
0.012100,-0.016398,0.008267
0.010146,-0.023823,0.003904
0.008205,-0.028071,0.001725
0.004278,-0.019514,-0.000348
0.002302,-0.008843,-0.000257
0.000354,-0.003516,0.000855
-0.000635,0.009242,0.006316
0.000334,0.016648,0.011773
-0.002561,0.010182,0.017113
-0.006435,0.005834,0.024606
-0.006457,0.003671,0.026754
-0.008382,0.013240,0.030063
-0.010259,0.015345,0.033295
-0.009236,0.018545,0.034371
-0.005299,0.018587,0.030078
-0.001320,0.024972,0.033316
-0.000291,0.009077,0.022433
0.004684,0.010193,0.019177
0.008616,0.009127,0.018118
0.008643,0.002723,0.018069
0.007704,0.000644,0.011631
0.006741,0.004922,0.009552
0.010642,0.012361,0.012834
0.010701,0.017674,0.015026
0.010714,0.008083,0.011773
0.005857,-0.005732,0.004188
0.003925,-0.021677,-0.003426
-0.001005,-0.026984,-0.007729
-0.002986,-0.020646,-0.001231
-0.007905,-0.013216,0.003115
-0.008882,-0.000458,0.010668
-0.004009,0.013375,0.016116
-0.001025,0.021868,0.022577
-0.001941,0.018690,0.021445
0.001043,0.005946,0.013856
0.001120,-0.003591,0.005233
0.004063,-0.004690,0.009490
0.004044,-0.000403,0.006341
0.001109,-0.000411,0.005317
0.001147,-0.006801,0.003139
0.003091,-0.012128,0.003071
0.002110,-0.016401,0.004092
-0.002778,-0.017440,0.001919
-0.001774,-0.005722,0.006253
-0.003740,0.012361,0.012833
-0.006660,0.017631,0.020368
-0.006582,0.016508,0.026781
-0.007495,0.004809,0.020303
-0.003544,0.001632,0.018123
-0.001576,0.003730,0.022418
0.000391,0.011229,0.020311
0.000416,0.016602,0.016076
0.002401,0.012353,0.013897
0.004394,0.008177,0.003164
0.002444,0.006057,0.004153
0.002414,0.008216,0.000969
0.005342,0.010368,-0.001152
0.006344,0.015704,-0.001106
0.005320,0.016672,0.008575
0.005318,0.005964,0.011717
0.011211,0.000641,0.011640
0.011264,-0.007911,0.012652
0.005430,-0.013237,0.012583
0.001525,-0.015301,0.005060
0.002509,-0.007780,-0.001286
0.005446,0.001891,-0.008700
0.003478,0.010406,-0.006479
0.005413,0.013606,-0.007496
0.006360,0.011419,-0.003192
0.002425,0.006107,-0.006433
-0.000502,0.000779,-0.007543
-0.001548,0.002891,-0.004332
0.000384,0.003955,-0.002222
0.001388,0.000772,-0.004387
0.002360,0.001822,-0.002241
-0.001544,0.004976,0.003138
-0.002484,0.008165,0.004240
-0.002433,0.007105,0.003167
-0.003424,0.003919,-0.000037
-0.001440,-0.006755,0.000928
-0.005346,-0.013137,-0.002319
-0.008283,-0.018403,-0.009866
-0.006370,-0.009876,-0.008722
-0.005432,-0.002420,-0.005486
-0.008396,0.003953,-0.001171
-0.009371,0.008164,0.007382
-0.007405,0.008124,0.010624
-0.003465,0.005953,0.014881
-0.001486,0.004825,0.020262
-0.002441,0.000509,0.025580
-0.003364,-0.005862,0.022306
-0.004263,-0.008976,0.012640
-0.002257,-0.007890,0.011552
-0.000291,0.002816,0.007366
-0.001260,0.006039,0.005245
0.000683,0.013488,0.008503
0.000675,0.012429,0.007426
0.000668,0.001733,0.009492
-0.000283,-0.015284,0.001879
0.000687,-0.022743,0.001788
0.000677,-0.016306,-0.001387
0.002586,-0.002457,0.001932
0.002640,-0.001444,0.007311
0.004622,-0.005732,0.009417
0.001692,-0.013176,0.007195
-0.000248,-0.017432,0.003989
-0.003152,-0.014209,0.003960
-0.000208,-0.002543,0.012612
0.002724,0.005995,0.011636
0.004691,-0.000383,0.008380
0.006697,-0.021625,-0.004610
0.010637,-0.039744,-0.007957
0.011582,-0.039713,-0.012223
0.012540,-0.030136,-0.007889
0.005670,-0.017339,-0.004620
0.003683,-0.003447,-0.004556
0.001766,-0.000182,-0.010970
0.003729,0.000930,-0.015259
0.002764,-0.003370,-0.012077
0.003682,-0.010884,-0.008885
-0.001241,-0.013019,-0.008902
-0.003185,-0.011961,-0.007823
-0.002204,-0.010845,-0.014218
-0.002236,-0.005519,-0.013101
0.002631,-0.000238,-0.008731
0.002591,-0.002400,-0.006587
-0.002284,-0.008797,-0.006654
-0.004243,-0.006683,-0.004492
-0.006246,0.001837,-0.001238
-0.006249,0.017813,0.002115
-0.004292,0.024148,0.008622
-0.000359,0.021927,0.016151
0.004560,0.009102,0.019231
0.001689,-0.006876,0.015882
-0.002195,-0.021752,0.009318
-0.003168,-0.021685,0.003913
-0.000239,-0.016338,0.003927
0.000760,-0.013118,0.002862
0.000762,-0.002376,-0.004555
-0.001200,0.006184,-0.006634
-0.001259,0.010441,-0.005523
0.002632,0.014723,-0.005522
0.006537,0.013675,-0.008719
0.005536,0.021031,0.005233
0.010409,0.023096,0.011707
0.008530,0.016683,0.013774
0.007615,-0.011011,0.006087
0.007656,-0.032284,-0.004732
0.007641,-0.026896,-0.010052
0.007568,-0.006618,-0.009888
0.004597,0.007227,-0.007607
0.004611,0.010439,-0.008656
0.005569,0.013641,-0.008632
0.004542,0.015765,-0.008587
0.005515,0.014696,-0.007544
0.006491,0.008286,-0.007578
0.005493,0.006200,-0.013998
0.009377,0.021108,-0.006466
0.004449,0.041316,0.001199
0.007355,0.039139,0.004429
0.006463,0.015699,-0.002138
0.005519,-0.001306,-0.011874
0.005452,-0.000221,-0.014003
0.003414,0.017926,-0.014912
0.003385,0.039255,-0.011559
0.007238,0.053135,-0.013556
0.004305,0.055226,-0.008196
0.003311,0.041377,-0.011510
0.001368,0.021161,-0.019157
-0.004512,0.006226,-0.021387
-0.007518,-0.002334,-0.019306
-0.010504,-0.001300,-0.015026
-0.014445,0.017851,-0.007396
-0.013557,0.035915,0.002368
-0.012541,0.032706,0.004453
-0.008580,0.017819,0.000008
-0.004668,0.015712,-0.002173
-0.007623,0.013587,-0.002216
-0.008598,0.011512,-0.008663
-0.010553,0.004065,-0.011922
-0.007673,0.000859,-0.011937
-0.008682,0.000844,-0.009807
-0.010647,-0.001332,-0.007623
-0.008701,-0.002443,-0.002288
-0.006735,-0.006730,-0.002276
-0.007676,0.002793,0.006384
-0.012620,0.012313,0.016095
-0.013606,0.010166,0.016112
-0.015474,-0.001594,0.020251
-0.009598,-0.006914,0.019121
-0.008601,-0.003733,0.023385
-0.006608,0.009029,0.028835
-0.003639,0.025060,0.028905
-0.000656,0.037825,0.035394
0.003285,0.029329,0.029984
0.005356,0.016662,0.016967
0.009321,-0.005639,0.002901
0.014177,-0.022683,-0.002549
0.011234,-0.037583,-0.008008
0.013174,-0.031199,-0.003725
0.007233,-0.012061,0.006033
0.003250,0.004990,0.009372
0.001418,0.000708,0.012509
-0.000466,-0.014240,0.012406
-0.002440,-0.015295,0.011320
-0.002400,-0.012110,0.013483
-0.002361,-0.007832,0.012447
0.000607,-0.007854,0.013550
0.000629,-0.008944,0.014647
0.000665,-0.012076,0.008165
0.001686,-0.013110,0.004932
0.001677,-0.014164,0.000703
0.001667,-0.003500,0.000812
0.002646,0.003961,0.001946
0.003612,0.007121,0.006263
0.003618,0.006083,0.003043
0.007520,0.012519,-0.001173
0.012441,-0.008931,0.008338
0.009562,-0.022810,0.008240
0.002717,-0.021723,0.008195
-0.005139,-0.012093,0.005072
-0.007027,-0.006717,0.000828
-0.006037,-0.000281,-0.003388
-0.003129,0.003994,-0.005462
-0.003153,0.000785,-0.005469
-0.002223,-0.003524,0.000878
-0.003197,-0.000334,0.001981
0.000718,0.001762,0.006281
0.001707,0.005986,0.010616
0.002680,0.008147,0.007427
0.002691,0.016658,0.011750
0.000779,0.029456,0.012922
0.004650,0.034766,0.016169
0.005742,0.021993,0.011795
0.009718,-0.001437,0.005201
0.008734,-0.012091,0.004021
0.002835,-0.013150,0.000852
-0.005002,-0.016343,-0.000241
-0.006971,-0.009879,-0.006622
-0.009951,-0.003493,-0.004434
-0.003122,0.001833,-0.002273
-0.001139,0.001791,0.002020
-0.001121,-0.003502,-0.001273
0.002803,-0.003560,0.004107
0.004733,-0.003574,0.004144
0.006678,-0.001457,0.005253
0.006700,0.009206,0.007455
0.008675,0.018785,0.010741
0.009691,0.023054,0.010774
0.012666,0.016736,0.000040
0.013661,0.010429,-0.009673
0.009746,0.007286,-0.016128
0.008723,0.009472,-0.021473
0.006718,0.006308,-0.024738
0.002744,-0.000117,-0.022641
-0.005125,-0.016165,-0.019534
-0.007128,-0.020496,-0.012086
-0.011099,-0.001383,0.000877
-0.013085,0.015557,0.017058
-0.009126,0.019772,0.021412
-0.005122,0.014486,0.016009
-0.001168,0.009197,0.010617
-0.000169,0.011381,0.004230
-0.000172,0.009316,-0.004335
-0.000187,0.009351,-0.008610
0.000772,0.008307,-0.010769
0.003652,0.008298,-0.009701
0.004616,-0.005624,-0.006552
-0.001236,-0.010932,-0.007716
-0.006184,-0.007759,-0.004476
-0.008152,-0.007779,-0.001288
-0.007143,-0.007797,0.000854
-0.009125,0.002870,0.000954
-0.006204,0.014547,0.008534
-0.003265,0.023046,0.011843
-0.003253,0.024044,0.017259
-0.001265,0.016581,0.016132
-0.000221,0.006974,0.016061
-0.000171,-0.002612,0.013840
0.000819,-0.004690,0.008445
-0.004071,0.007068,0.005357
-0.004083,0.023069,0.007597
-0.003079,0.020982,0.002228
-0.001104,0.016733,-0.000997
0.001801,0.009273,-0.002132
0.000804,0.002825,0.003162
0.002742,-0.006743,-0.001196
0.002763,-0.008918,0.005168
0.003736,-0.012131,0.007263
0.001803,-0.014318,0.012610
-0.000129,-0.010011,0.009409
-0.001075,-0.005715,0.007283
0.000916,-0.001404,0.000931
-0.000058,-0.001396,-0.000134
-0.003024,0.010374,-0.001167
-0.000114,0.006067,-0.000053
0.000889,-0.002467,-0.001179
0.004823,-0.005664,-0.001218
0.001838,0.000656,0.007418
-0.006024,0.008089,0.010712
-0.007947,0.009150,0.012831
-0.006923,0.008100,0.010686
-0.000059,0.011287,0.011797
0.004839,0.007009,0.011786
0.005878,-0.006864,0.011669
0.002997,-0.019618,0.005153
0.001026,-0.017440,-0.000174
-0.000963,-0.005729,0.004180
0.001001,0.008117,0.009595
0.000062,0.018826,0.006450
0.003954,0.016730,0.002149
0.011795,0.012451,0.003187
0.006948,0.003898,0.003157
0.003014,-0.007806,-0.001215
0.001045,-0.012015,-0.006637
0.001025,-0.013081,-0.006647
0.001051,-0.002457,-0.000161
0.004967,0.009300,-0.001157
0.003967,0.010405,-0.006474
0.002027,0.002954,-0.009722
0.000058,0.001890,-0.009740
0.001006,-0.007712,-0.010873
0.000019,-0.022635,-0.013135
-0.003895,-0.033342,-0.009993
-0.003932,-0.027933,-0.017460
-0.003960,-0.019424,-0.012085
-0.005928,-0.001267,-0.010931
-0.004983,0.007299,-0.013025
-0.002071,0.014718,-0.006555
0.000859,0.007250,-0.007668
0.002813,-0.005547,-0.008845
0.003768,-0.004567,-0.001289
-0.005074,0.002830,0.008378
-0.006128,0.010290,0.010559
-0.006006,0.003880,0.013661
