-0.033687,0.071966,0.003118
-0.033795,0.094368,0.003210
-0.035830,0.098622,0.004267
-0.035922,0.087960,0.005228
-0.032162,0.087937,0.007308
-0.031315,0.103886,0.012690
-0.036311,0.111264,0.021181
-0.032571,0.113288,0.032954
-0.032768,0.107813,0.046680
-0.031977,0.095943,0.060453
-0.018423,0.048931,0.066506
-0.001832,-0.010861,0.070353
0.009931,-0.049185,0.061633
0.010032,-0.050180,0.054162
0.004218,-0.034135,0.049996
0.006186,-0.010558,0.039515
0.009447,0.011953,0.029031
0.013641,0.034359,0.029122
0.013533,0.086625,0.031658
0.014713,0.137775,0.038361
0.012947,0.137698,0.045753
0.011619,0.088620,0.045456
0.022417,0.007722,0.025838
0.036226,-0.060349,0.004187
0.036140,-0.081646,-0.000230
0.016553,-0.059630,-0.063254
-0.003983,-0.047647,-0.386608
-0.006336,-0.036382,-0.339890
-0.005082,0.018831,-0.011595
0.015317,0.033369,0.024091
0.034546,0.002534,0.014515
0.042213,-0.036978,0.017401
0.031445,-0.054170,0.030094
0.019834,-0.047850,0.038666
0.022853,-0.037163,0.037732
0.029822,-0.046743,0.035561
0.032933,-0.036071,0.035653
0.026183,-0.017901,0.032580
0.018269,0.000273,0.028427
0.010271,0.017429,0.020054
0.009091,0.035528,0.024435
0.000174,0.054765,0.021378
-0.005781,0.070802,0.018307
-0.005984,0.082497,0.022647
0.002597,0.063239,0.027776
0.003463,0.034376,0.032864
0.005341,0.006614,0.034805
0.001374,-0.000827,0.031516
-0.009365,-0.007179,0.026134
-0.012280,0.000286,0.026130
-0.017136,0.007724,0.028222
-0.013206,-0.005100,0.029074
-0.006356,-0.036024,0.026653
-0.005416,-0.057337,0.023255
-0.010361,-0.047717,0.021141
-0.015331,-0.020011,0.024477
-0.016378,0.006547,0.036318
-0.016435,0.027822,0.042829
-0.020339,0.025701,0.041812
-0.016483,0.020433,0.035448
-0.016656,0.028909,0.041909
-0.022679,0.033207,0.038729
-0.019865,0.023557,0.042876
-0.014049,-0.001139,0.057481
-0.007129,-0.031061,0.061471
0.001729,-0.054507,0.058069
0.004716,-0.055513,0.051666
0.005775,-0.047929,0.040019
0.003840,-0.006185,0.027601
0.001831,0.048277,0.023777
0.002686,0.088848,0.022002
0.000569,0.103697,0.031737
0.005222,0.110118,0.030829
0.013776,0.100541,0.028692
0.025373,0.060995,0.035877
0.028282,0.024711,0.036732
0.028321,0.003435,0.030256
0.021573,0.007792,0.021847
0.020686,0.016396,0.014462
0.019761,0.033597,0.001865
0.015873,0.050733,-0.004401
0.016868,0.051799,-0.004406
0.018824,0.035837,-0.008797
0.014901,0.023053,-0.011024
0.009022,0.017783,-0.017402
0.010003,0.017804,-0.019524
0.009993,0.026323,-0.017293
0.012898,0.033740,-0.011923
0.011905,0.039013,-0.005496
0.010906,0.039009,-0.004345
0.012807,0.037921,-0.002226
0.013725,0.029342,0.001944
0.007825,0.027232,-0.001305
0.001961,0.015488,-0.001484
-0.001915,-0.005838,-0.002726
-0.001897,-0.013287,-0.004913
-0.001899,-0.013290,-0.004934
-0.003840,-0.010089,-0.004920
-0.004833,-0.005812,-0.005936
-0.006825,-0.002580,-0.009111
-0.006833,-0.003645,-0.009164
-0.007812,-0.010051,-0.009255
-0.008804,-0.018612,-0.007213
-0.007852,-0.019792,0.003311
-0.013718,-0.019888,0.012832
-0.018556,-0.023109,0.014940
-0.021459,-0.018898,0.020269
-0.024394,-0.009326,0.023529
-0.018550,-0.001895,0.027837
-0.014706,0.004495,0.028926
-0.015726,0.018291,0.036482
-0.020680,0.030049,0.034449
-0.019787,0.040655,0.040880
-0.013057,0.039436,0.055691
-0.012125,0.027682,0.057722
-0.011175,0.014875,0.057604
-0.004377,0.002066,0.057465
-0.003414,-0.000036,0.054277
-0.002475,0.008560,0.047952
-0.001525,0.010704,0.046889
0.000405,0.009625,0.047948
0.002349,0.011760,0.047966
0.003246,0.021319,0.052259
0.001221,0.026655,0.052306
0.006984,0.031990,0.052310
0.010826,0.027745,0.050185
0.008840,0.023510,0.047007
0.008825,0.015095,0.035324
0.010755,0.011994,0.025802
0.009748,0.023765,0.022729
0.009694,0.033397,0.020696
0.008680,0.037644,0.022855
0.008634,0.045033,0.030335
0.007618,0.041765,0.036639
0.007596,0.041768,0.036659
0.008529,0.049314,0.029318
0.010400,0.054831,0.011334
0.010334,0.060317,-0.003459
0.013196,0.074340,-0.018192
0.009171,0.110617,-0.017945
0.006036,0.157623,-0.022818
0.002855,0.156554,-0.022855
-0.002203,0.104117,-0.008437
-0.000360,0.062417,-0.000278
-0.000441,0.043096,0.011274
0.001432,0.024817,0.024922
0.004365,0.008770,0.029054
0.013202,-0.012509,0.022494
0.017173,-0.028528,0.023416
0.013311,-0.030746,0.031913
0.010372,-0.019984,0.023531
0.015252,-0.020964,0.015054
0.017262,-0.023025,0.007666
0.020214,-0.018680,0.000304
0.022203,-0.015432,-0.003899
0.018333,-0.010023,-0.011294
0.011463,0.013421,-0.009041
0.004603,0.014590,-0.019704
0.001679,0.008220,-0.023014
0.001681,0.007233,-0.031581
0.001654,0.008276,-0.029484
0.005560,-0.006748,-0.021120
0.000686,-0.010019,-0.013666
-0.007100,-0.011149,-0.007288
-0.008076,-0.017668,0.004341
-0.009009,-0.032699,0.013822
-0.007015,-0.038063,0.016978
-0.010912,-0.031726,0.023380
-0.014797,-0.026413,0.025506
-0.006978,-0.017820,0.020317
-0.005001,-0.025245,0.016029
0.010625,-0.031623,0.013885
0.018534,-0.043340,0.011668
0.014728,-0.069109,0.027387
0.005115,-0.087260,0.028353
0.001355,-0.078670,0.023123
0.001453,-0.043361,0.013797
0.001475,-0.000584,0.004572
0.000481,0.026212,-0.007973
0.012176,0.031695,-0.022808
0.018947,0.039177,-0.023833
0.016013,-0.013242,-0.011579
0.012164,-0.049689,0.005143
0.007394,-0.064540,-0.003427
0.003588,-0.037818,-0.007474
-0.003227,-0.006788,-0.015713
0.000654,0.016810,-0.028266
0.008459,0.014738,-0.034664
0.011356,0.016799,-0.027212
0.000571,0.015601,-0.014531
-0.010234,0.023073,-0.014438
-0.013195,0.026360,-0.022891
-0.009334,0.029553,-0.021796
-0.008417,0.039167,-0.022780
-0.001613,0.038151,-0.028100
-0.001660,0.044582,-0.031283
-0.010562,0.048764,-0.022807
-0.017500,0.059403,-0.019545
-0.018565,0.087168,-0.021438
-0.015831,0.108443,-0.014941
-0.015047,0.112605,-0.004251
-0.013263,0.098747,-0.005392
-0.005614,0.085932,-0.004408
0.001064,0.055948,0.005969
0.003912,0.024965,0.010005
0.003911,0.006840,0.008868
0.002932,0.013318,0.001526
0.001924,0.027283,-0.007944
0.005788,0.041169,-0.008878
0.009631,0.041158,-0.007831
0.010542,0.037924,-0.004690
0.012473,0.026250,-0.011144
0.017320,0.017766,-0.016566
0.019234,0.011339,-0.014528
0.019233,-0.004657,-0.015721
0.017324,-0.009906,-0.024235
0.017339,-0.005595,-0.028435
0.018301,0.020091,-0.035631
0.019214,0.044710,-0.042837
0.017185,0.058657,-0.050143
0.013183,0.061858,-0.050100
0.011110,0.056469,-0.044849
0.006146,0.046857,-0.043880
0.008991,0.032931,-0.038689
0.008985,0.015847,-0.037742
0.006046,0.007354,-0.042054
0.001170,0.006276,-0.041023
-0.002727,0.015924,-0.045170
-0.001781,0.026635,-0.049312
-0.005702,0.020143,-0.040922
-0.013570,0.033975,-0.036557
-0.021456,0.048849,-0.030088
-0.021551,0.048785,-0.023736
-0.020661,0.043417,-0.020600
-0.019764,0.041278,-0.019510
-0.020811,0.038013,-0.013165
-0.019892,0.024131,-0.012197
-0.015014,-0.003656,-0.008188
-0.013990,-0.026161,0.001165
-0.016874,-0.028455,0.017054
-0.024635,-0.019935,0.018163
-0.025576,0.000297,0.022571
-0.021690,0.006677,0.024727
-0.014896,0.004488,0.029986
-0.009028,-0.005125,0.030977
-0.008025,-0.015816,0.033026
-0.006067,-0.019005,0.031965
-0.008008,-0.016826,0.027761
-0.006037,-0.018949,0.026688
-0.002097,-0.017860,0.024589
-0.005020,-0.004090,0.034219
-0.009905,0.002227,0.042763
-0.006000,0.002241,0.041672
-0.004025,-0.009540,0.045807
0.000878,-0.009501,0.041550
0.002845,-0.011668,0.044693
-0.000074,-0.003117,0.043706
0.000857,0.010786,0.040630
-0.001123,0.010788,0.039529
-0.001123,0.003385,0.033133
0.003788,-0.018978,0.028706
0.006727,-0.030772,0.033888
0.010661,-0.035050,0.034946
0.013643,-0.037162,0.032813
0.015661,-0.025375,0.028697
0.013707,0.004561,0.023688
0.012707,0.019549,0.018494
0.011679,0.027005,0.019571
0.007707,0.028073,0.019573
0.010581,0.022770,0.016351
0.016398,0.016358,0.017370
0.020285,0.002498,0.016215
0.017359,-0.011405,0.019298
0.020321,-0.021990,0.010737
0.015523,-0.030453,0.003250
0.010676,-0.020766,-0.005182
0.005810,-0.009007,-0.007236
0.003876,0.006017,-0.015601
0.002892,0.018884,-0.021861
-0.003953,0.020993,-0.019769
-0.001071,0.012414,-0.015621
-0.000104,-0.003697,-0.005123
-0.003037,-0.001658,0.004473
-0.005987,0.007894,0.009875
-0.005991,-0.000704,0.016194
-0.008938,0.002403,0.025792
-0.014795,0.009902,0.023761
-0.017714,0.009967,0.017416
-0.011888,0.006724,0.020560
-0.011918,0.002509,0.015225
-0.009001,0.002544,0.012020
-0.007032,-0.000639,0.009835
-0.007040,-0.001745,0.014068
-0.003132,0.003621,0.010918
0.003695,-0.007094,0.015069
0.003743,-0.010336,0.019313
0.002785,-0.010389,0.024625
-0.001111,-0.003952,0.021526
-0.003047,0.001447,0.015207
0.001827,0.003614,0.012049
0.005736,-0.007018,0.007699
0.007721,-0.012398,0.011876
0.010676,-0.014535,0.011837
0.005788,-0.000645,0.009787
0.001846,0.020705,0.008864
0.004705,0.034618,0.004721
0.008596,0.032508,0.002565
0.006595,0.021785,0.007790
0.009474,0.008937,0.011951
0.008473,-0.009307,0.022444
0.006522,-0.024296,0.027660
0.002676,-0.030642,0.022340
0.008567,-0.023055,0.010742
0.012487,-0.005908,0.003443
0.013456,0.005936,-0.007079
0.018294,0.020916,-0.011227
0.020174,0.039027,-0.007865
0.019116,0.043265,-0.004631
0.013211,0.035757,-0.000411
0.008296,0.013297,0.004740
0.003435,-0.012313,0.004573
0.003477,-0.024039,0.003444
0.008384,-0.026117,-0.001866
0.013317,-0.019649,-0.008156
0.014312,-0.004669,-0.012311
0.015297,0.008169,-0.015368
0.012364,0.021004,-0.018445
0.006480,0.026307,-0.015222
0.008397,0.032743,-0.018329
0.006415,0.022095,-0.020523
0.001543,0.009341,-0.024832
0.001526,0.007242,-0.027993
-0.001405,0.014752,-0.032178
0.000508,0.028602,-0.029955
0.001416,0.040252,-0.021413
0.000377,0.038019,-0.011917
-0.005550,0.038988,-0.002359
-0.009519,0.041060,0.004047
-0.008627,0.043184,0.005141
-0.007731,0.037884,0.001960
-0.004865,0.027259,-0.002336
-0.006863,0.025170,-0.006571
-0.002995,0.021985,-0.008762
-0.004004,0.016625,-0.006728
-0.007948,0.026110,0.004970
-0.005100,0.041024,0.007167
-0.007127,0.049499,0.012472
-0.015033,0.059068,0.015697
-0.026838,0.053712,0.017751
-0.029836,0.040939,0.014463
-0.026004,0.028146,0.013325
-0.020207,0.016408,0.013222
-0.016345,0.006794,0.014192
-0.016340,-0.002811,0.014101
-0.012434,-0.000668,0.013060
-0.011483,0.007810,0.018363
-0.007611,0.008846,0.021520
-0.004687,-0.005061,0.024561
-0.001764,-0.010411,0.025548
0.006016,-0.010370,0.021290
0.012837,-0.012460,0.017049
0.019691,-0.010234,0.008662
0.023588,-0.000525,-0.000721
0.019697,0.003823,-0.008048
0.014816,0.012362,-0.007939
0.012848,0.017765,-0.014217
0.014766,0.019894,-0.014211
0.020601,0.014525,-0.011102
0.020591,0.004867,-0.005888
0.018640,0.000597,-0.005939
0.016714,-0.003636,-0.009125
0.017715,-0.009951,-0.017634
0.016770,-0.007673,-0.031367
0.013879,0.002094,-0.047150
0.013860,0.021504,-0.067148
0.018703,0.036471,-0.070263
0.011794,0.051323,-0.061701
-0.003904,0.045890,-0.052226
-0.008822,0.029804,-0.044959
-0.012751,0.018055,-0.044000
-0.011815,0.015944,-0.046113
-0.011836,0.018080,-0.046081
-0.016765,0.022263,-0.037569
-0.018749,0.013735,-0.038726
-0.015824,0.012570,-0.029193
-0.015828,0.012547,-0.027092
-0.019806,0.024166,-0.015374
-0.021828,0.022989,-0.004808
-0.022832,0.015422,0.004677
-0.025791,0.006867,0.006766
-0.022876,0.007945,0.005714
-0.019004,0.010103,0.003631
-0.014183,0.018616,0.005800
-0.009334,0.019728,0.001593
-0.004484,0.021870,0.000516
-0.002585,0.015443,0.002541
-0.007507,0.019624,0.011031
-0.013458,0.037699,0.017535
-0.011578,0.046291,0.012332
-0.004821,0.047338,0.014478
0.001947,0.034536,0.014414
0.005785,0.019503,0.023874
0.001836,0.017318,0.029181
0.000829,0.020564,0.024986
0.005677,0.015269,0.020696
0.005651,0.015291,0.018574
0.005631,0.014248,0.016434
0.003671,0.013201,0.014289
0.002653,0.013271,0.006842
0.005553,0.017519,0.009009
0.008422,0.030327,0.009120
0.009302,0.042064,0.009208
0.008232,0.051668,0.009299
-0.003587,0.062287,0.014712
-0.006611,0.060225,0.008395
-0.007691,0.053792,0.011536
-0.005844,0.035617,0.014561
-0.000034,0.013191,0.016556
0.000928,0.005708,0.017568
0.002855,0.007892,0.012240
0.004814,0.006868,0.007965
0.001865,0.022862,0.009138
-0.006070,0.054809,0.015728
-0.009090,0.061223,0.014730
-0.010137,0.047359,0.013534
-0.007296,0.019509,0.023915
-0.002433,-0.005045,0.024769
-0.004374,-0.011519,0.032195
-0.003385,-0.004039,0.031235
0.004405,0.006663,0.028132
0.002423,0.018369,0.031382
0.002365,0.017229,0.038821
0.007224,0.008673,0.040860
0.007213,0.005513,0.036567
0.005244,0.010889,0.032328
0.003244,0.020491,0.032391
0.003150,0.030101,0.031394
0.006978,0.020520,0.029216
0.009872,0.009798,0.034449
0.012781,0.003453,0.029150
0.010827,0.000392,0.015342
0.011828,-0.003823,0.010000
0.007937,0.001566,0.004742
0.007878,0.021836,0.004849
0.009758,0.030315,0.010160
0.003880,0.012126,0.014183
0.005835,-0.019994,0.024549
0.008830,-0.048863,0.030760
0.005985,-0.048907,0.036161
-0.000773,-0.038115,0.024625
-0.005583,-0.027383,0.018339
-0.005517,-0.027351,0.015156
-0.001559,-0.026301,0.017279
0.001382,-0.009264,0.020542
0.004299,0.006689,0.024844
0.003287,0.022757,0.018590
0.012048,0.011125,0.007864
0.020830,-0.016689,0.015125
0.009129,-0.029651,0.030948
-0.001591,-0.026457,0.032078
-0.001536,-0.024337,0.033124
0.002430,-0.028606,0.033073
0.010305,-0.039195,0.024492
0.017264,-0.042281,0.012766
0.018278,-0.031589,0.010687
0.014393,-0.003723,-0.001886
0.015331,0.002643,0.001291
0.013386,0.002631,0.002339
0.013396,0.003710,0.001308
0.012415,-0.004847,0.003383
0.006567,-0.010125,-0.001927
0.008533,-0.012120,-0.015732
0.011496,-0.024948,-0.013722
0.011548,-0.027115,-0.010557
0.010599,-0.013228,-0.011526
0.001812,0.010253,-0.012466
-0.003022,-0.003534,-0.021032
0.005827,-0.039739,-0.028734
0.011740,-0.054784,-0.018234
0.004979,-0.057002,-0.009737
0.000187,-0.035639,-0.011708
-0.000703,-0.020626,-0.019025
0.001282,-0.007785,-0.023190
0.007138,0.000846,-0.032685
0.008131,0.001886,-0.030609
0.004220,0.006132,-0.028470
-0.002646,0.023219,-0.029433
-0.005626,0.027416,-0.021934
-0.007626,0.012415,-0.015628
-0.006635,-0.002500,-0.017833
-0.003680,-0.015311,-0.016814
-0.005553,-0.027977,-0.030698
-0.004511,-0.025842,-0.030701
-0.009358,-0.016254,-0.029618
-0.013231,-0.008798,-0.028569
-0.018107,-0.004606,-0.021132
-0.016158,0.002828,-0.017868
-0.015165,0.001753,-0.016775
-0.011276,0.003840,-0.011404
-0.011310,-0.000521,-0.001850
-0.008373,-0.004856,0.004500
-0.010318,-0.003843,0.009801
-0.009341,0.000363,0.016204
-0.009305,-0.004971,0.016185
-0.012220,0.005736,0.013115
-0.013210,0.003666,0.006730
-0.012232,-0.003857,0.011970
-0.012207,-0.002757,0.008810
-0.015120,0.001484,0.010922
-0.014159,-0.000740,0.019336
-0.011227,-0.006134,0.025654
-0.004362,-0.013562,0.021344
-0.001387,-0.017909,0.028721
-0.003366,-0.009427,0.034080
0.003513,-0.009273,0.018110
0.009389,-0.010383,0.022345
0.003500,-0.008245,0.022334
0.002528,0.000390,0.012887
0.000545,0.012189,0.006632
0.001462,0.025101,-0.003859
0.004338,0.022980,-0.004911
0.002359,0.025119,-0.004837
0.001326,0.029418,-0.007968
0.001274,0.033685,-0.007952
-0.003670,0.025054,0.001515
-0.005666,0.019678,0.005740
-0.001798,0.021783,0.008976
0.000139,0.015319,0.015321
0.000116,0.006742,0.019525
0.002095,-0.002808,0.014143
0.002091,-0.005997,0.013053
0.002060,0.006838,0.009955
0.001051,0.027194,0.001624
-0.001912,0.037961,-0.007839
0.000013,0.028495,-0.021716
0.005842,0.007221,-0.028206
0.002884,0.002835,-0.016565
-0.000108,0.017719,-0.011164
-0.005034,0.027259,-0.004764
-0.009926,0.016544,-0.000634
-0.006969,-0.005884,0.001341
-0.007921,-0.012315,0.004524
-0.012825,0.003670,0.006779
-0.015805,0.022835,0.011184
-0.016815,0.018588,0.009039
-0.012888,-0.010271,0.014182
-0.012860,-0.026375,0.024727
-0.012848,-0.021120,0.033317
-0.012853,0.000218,0.033498
-0.012885,0.016148,0.041037
-0.015845,0.002158,0.052566
-0.009924,-0.026728,0.059748
-0.009838,-0.050266,0.065936
-0.010709,-0.054537,0.065864
-0.010629,-0.041724,0.064881
-0.011541,-0.023509,0.057598
-0.005668,-0.016065,0.059751
-0.005634,-0.010699,0.056594
0.001223,-0.008515,0.051260
0.007022,-0.000089,0.061889
0.013769,0.010514,0.068300
0.024442,0.009367,0.075655
0.031224,-0.001302,0.075554
0.040971,-0.007617,0.067052
0.050709,-0.005393,0.058588
0.056558,-0.007364,0.042696
0.056548,-0.000784,0.024730
0.055555,0.009012,0.005709
0.058465,0.020997,-0.018585
0.055520,0.029723,-0.037643
0.053548,0.030959,-0.054638
0.047663,0.027819,-0.061059
0.036884,0.026767,-0.063238
0.028064,0.021486,-0.068576
0.028051,0.015075,-0.067565
0.029016,0.005464,-0.066532
0.025132,-0.001981,-0.068657
0.023176,-0.001958,-0.070758
0.021205,0.007650,-0.070611
0.022184,0.010897,-0.074786
0.019232,0.018371,-0.074708
0.012394,0.019419,-0.072542
0.010437,0.019486,-0.078902
0.004593,0.015239,-0.081054
-0.008106,0.026985,-0.082040
-0.015963,0.042008,-0.090411
-0.021878,0.053806,-0.096708
-0.026871,0.062288,-0.091349
-0.027933,0.059034,-0.086073
-0.028936,0.035486,-0.078809
-0.034798,0.016148,-0.066280
-0.037756,0.007424,-0.048393
-0.038768,0.004039,-0.030455
-0.038822,0.014547,-0.014488
-0.038850,0.017659,-0.005977
-0.039842,0.015487,-0.001690
-0.040850,0.013330,0.000450
-0.036022,0.018646,0.002646
-0.035092,0.022824,0.012252
-0.033200,0.028150,0.013374
-0.029365,0.021706,0.017561
-0.024522,0.011034,0.017454
-0.020628,-0.001825,0.022654
-0.019663,-0.003968,0.023724
-0.019645,0.000377,0.016334
-0.009892,-0.004976,0.018465
-0.003064,-0.014685,0.029011
-0.005009,-0.009487,0.042858
-0.003046,0.005475,0.040888
-0.000132,0.017238,0.038910
0.006648,0.016214,0.034670
0.011539,0.002479,0.020749
0.017421,-0.004874,0.009027
0.017398,0.004746,0.006920
0.004641,0.042169,-0.000230
0.001651,0.064674,-0.009597
0.001508,0.075331,-0.008463
-0.003529,0.072044,-0.000003
-0.001680,0.053862,0.004132
0.003113,0.028167,0.012424
0.005001,0.007815,0.020767
0.004993,-0.005053,0.027042
0.004023,-0.013597,0.028077
0.005012,0.000297,0.026077
0.002057,0.023864,0.016656
0.003949,0.047454,0.005128
-0.000046,0.060285,0.002016
-0.002121,0.063530,-0.002193
-0.004205,0.065651,-0.001148
-0.006294,0.057109,-0.001285
-0.008335,0.035661,0.009138
-0.009375,0.021757,0.012200
-0.011395,0.022778,0.016440
-0.014361,0.020580,0.022795
-0.016371,0.011944,0.032220
-0.011523,-0.006272,0.039489
-0.004662,-0.028693,0.040333
-0.002676,-0.027586,0.036064
-0.001682,-0.013681,0.032974
-0.001686,0.004476,0.030948
0.000206,0.021578,0.027894
0.000135,0.027925,0.033220
0.000077,0.022577,0.034250
0.004893,0.010805,0.037302
0.005795,0.011874,0.037282
0.009641,0.010849,0.033015
0.013546,0.007788,0.019201
0.015480,0.003575,0.013893
0.017390,0.004628,0.014993
0.011508,0.008919,0.012922
0.008536,0.022769,0.015144
0.006513,0.029142,0.018411
0.008415,0.020634,0.016247
0.014244,-0.000768,0.022482
0.014226,-0.015763,0.027672
0.011361,-0.025321,0.023385
0.013376,-0.020996,0.018145
0.010485,-0.016728,0.018168
0.008548,0.000357,0.017284
0.008557,0.005721,0.014107
0.005634,0.001396,0.019354
0.002733,-0.002786,0.010843
0.004674,-0.002749,0.006558
0.006622,-0.009161,0.007577
0.003767,-0.014481,0.006503
0.004748,-0.001652,0.004520
0.007636,0.009974,0.016321
0.008584,-0.000776,0.023592
0.001803,-0.026394,0.024506
0.001873,-0.041351,0.026560
0.001897,-0.025354,0.027761
-0.000043,-0.010318,0.018356
-0.002910,-0.013455,0.011962
0.000083,-0.031509,0.003344
0.003103,-0.047451,-0.003149
0.003191,-0.039972,-0.004165
0.005197,-0.023982,-0.003012
0.004277,-0.015414,-0.006141
0.004334,-0.014453,0.004457
-0.000532,-0.011274,0.006593
0.001437,-0.006025,0.015121
0.000483,-0.007124,0.018301
0.004385,-0.010312,0.017233
0.004425,-0.018837,0.016111
0.006438,-0.025164,0.008649
0.010368,-0.013416,0.007677
0.004493,0.007898,0.009917
0.000553,0.018662,0.000419
0.004449,0.018727,-0.005968
0.009305,0.008055,-0.006069
0.011232,0.003798,-0.007153
0.005381,0.007108,-0.017707
0.003391,0.015624,-0.015504
0.001400,0.019916,-0.017561
0.003333,0.018901,-0.022889
0.002330,0.012390,-0.012356
0.001319,0.008046,-0.005001
-0.000655,0.008033,-0.003968
0.002254,0.009131,-0.007169
0.008079,0.010199,-0.007153
0.003194,0.010215,-0.008131
-0.001709,0.016653,-0.011216
-0.003702,0.025274,-0.019601
-0.006667,0.024239,-0.022786
-0.002813,0.014561,-0.015479
-0.001847,-0.002629,-0.003950
-0.006717,-0.008021,0.001302
-0.004728,-0.007977,-0.002928
-0.005707,-0.004840,0.003430
-0.007664,-0.003792,0.005589
-0.003713,-0.002744,0.007770
-0.006635,-0.000567,0.003545
-0.005676,0.005812,0.005687
-0.008644,0.010028,0.011030
-0.009624,0.003625,0.010981
-0.004742,-0.008131,0.013042
-0.002765,-0.016697,0.016170
-0.003721,-0.016706,0.017252
-0.001741,-0.015676,0.020446
0.003153,-0.014683,0.027876
-0.000715,-0.012612,0.034260
0.004197,-0.011515,0.031059
0.004193,-0.008346,0.034248
0.008101,-0.009339,0.026812
0.011065,-0.016798,0.025700
0.010109,-0.024257,0.024581
0.010170,-0.024178,0.017167
0.009232,-0.015543,0.007720
0.007283,-0.001624,0.002496
0.009204,0.015479,-0.000580
0.012134,0.012378,-0.010158
0.017971,0.006954,-0.001759
0.012095,0.005807,0.005654
0.011084,0.007959,0.003509
0.009149,-0.000556,0.001305
0.007192,0.001593,0.000311
0.007150,0.006871,0.005636
0.007147,-0.004866,0.005561
0.012098,-0.029352,0.000047
0.016054,-0.031411,-0.007384
0.014172,-0.032384,-0.016971
0.009373,-0.023751,-0.026445
0.002575,-0.004473,-0.033767
0.001623,0.006270,-0.041135
0.004550,0.007301,-0.038005
-0.003293,0.002934,-0.028521
-0.005230,-0.011033,-0.019058
-0.005212,-0.019655,-0.010638
-0.004202,-0.023898,-0.012720
-0.002188,-0.011997,-0.028491
-0.000200,-0.009865,-0.027357
-0.004117,0.002905,-0.024097
-0.010931,0.010438,-0.030398
-0.013843,0.011492,-0.029369
-0.016794,0.013540,-0.020862
-0.013901,0.010297,-0.016625
-0.012916,0.001636,-0.003954
-0.010987,-0.004945,0.014068
-0.012905,-0.016701,0.016129
-0.009932,-0.025222,0.015063
-0.002019,-0.040084,0.007583
0.002944,-0.043295,0.008636
-0.000922,-0.024057,0.005608
-0.009659,0.006983,-0.003698
-0.018478,0.033745,-0.012045
-0.018571,0.037997,-0.011016
-0.009797,0.012353,-0.008049
-0.007846,-0.002683,0.001369
-0.010782,-0.005949,0.007715
-0.019555,0.002535,0.013094
-0.022521,0.015333,0.014259
-0.020608,0.017424,0.018515
-0.019661,0.006707,0.022688
-0.012826,-0.009342,0.026799
-0.008907,-0.028610,0.033017
-0.008879,-0.023349,0.040491
-0.006910,-0.016927,0.038418
-0.002012,-0.011602,0.039533
0.003854,-0.004098,0.036429
0.001917,0.006657,0.028013
-0.004935,0.016337,0.020641
-0.007918,0.025968,0.017473
-0.007989,0.032369,0.017508
-0.009041,0.029121,0.021675
-0.005214,0.022662,0.026933
-0.000380,0.010840,0.035332
0.001547,0.004474,0.032141
0.004441,0.005555,0.031124
0.005380,0.019450,0.029129
0.000438,0.023718,0.029160
0.001383,0.023782,0.022787
0.002325,0.014207,0.019485
0.000333,0.016367,0.016316
0.001239,0.029232,0.009999
-0.003766,0.048386,0.015408
-0.006801,0.054881,0.005867
-0.003955,0.047402,0.006869
-0.004050,0.037735,0.013172
-0.006082,0.028079,0.018464
-0.000302,0.019449,0.027973
-0.004256,0.009755,0.037472
-0.007233,0.003314,0.041715
-0.007230,-0.004177,0.043786
-0.002364,-0.009534,0.045869
0.006429,-0.005298,0.049068
0.000532,0.007515,0.048077
0.002438,0.016157,0.037528
0.009242,0.008753,0.031117
0.011196,-0.001852,0.024664
0.014067,0.009917,0.021563
0.013034,0.022734,0.020663
0.011011,0.019491,0.024893
0.013919,0.007793,0.021676
0.016830,-0.010430,0.030054
0.018809,-0.020048,0.032203
0.018835,-0.014690,0.030149
0.014954,-0.007192,0.026997
0.015987,-0.010254,0.013183
0.016002,-0.004901,0.011052
0.016964,0.003699,0.004746
0.015983,0.015443,0.003754
0.014952,0.015367,0.011153
0.017855,0.000364,0.017367
0.017874,-0.024186,0.018283
0.019898,-0.044441,0.017163
0.023889,-0.049685,0.008711
0.025920,-0.035724,0.000400
0.020115,-0.013258,-0.004661
0.015258,0.004952,-0.012013
0.016256,0.009315,-0.021552
0.016299,0.006138,-0.024846
0.016277,0.008238,-0.021679
0.010421,0.009303,-0.021719
0.005529,0.006101,-0.021753
0.002628,-0.007782,-0.020792
0.004638,-0.019495,-0.022968
0.007598,-0.021617,-0.024027
0.005670,-0.007733,-0.024960
-0.000187,0.010404,-0.024850
-0.002163,0.014715,-0.029057
-0.001193,-0.000225,-0.029194
-0.000199,-0.008762,-0.029262
0.003735,-0.017317,-0.027187
0.002782,-0.008814,-0.023957
-0.000172,0.006057,-0.017502
-0.005050,0.006047,-0.016434
-0.007926,-0.005685,-0.016503
-0.006924,-0.007766,-0.021820
-0.005921,-0.008868,-0.018631
-0.007822,-0.005612,-0.023894
-0.008763,-0.007757,-0.022894
-0.007783,-0.004632,-0.015467
-0.006812,-0.001553,-0.003823
-0.008749,0.000494,0.004663
-0.004864,-0.001696,0.009950
-0.005827,-0.000640,0.011021
-0.003894,0.012201,0.007941
-0.004928,0.020747,0.006934
-0.004966,0.022912,0.003770
-0.005030,0.036776,0.004980
-0.008093,0.047385,0.011467
-0.006314,0.070723,0.025465
-0.008433,0.080278,0.030853
-0.012540,0.085567,0.035095
-0.015683,0.085446,0.046739
-0.011996,0.076906,0.046616
-0.007310,0.061919,0.050695
-0.008409,0.040650,0.043075
-0.008523,0.043899,0.037779
-0.007645,0.041849,0.029258
-0.002850,0.023755,0.024818
0.002027,-0.013638,0.028722
0.006950,-0.046747,0.030536
0.008035,-0.058477,0.029338
0.004240,-0.046687,0.024087
-0.001519,-0.019842,0.007302
-0.002477,0.002589,0.005354
-0.002494,0.012238,0.001229
0.002370,0.004745,0.004443
0.009194,-0.013436,0.008563
0.012153,-0.037070,0.024358
0.016147,-0.048820,0.026495
0.021125,-0.056312,0.029694
0.024147,-0.043418,0.021360
0.024205,-0.028375,0.010874
0.028179,-0.020830,0.003512
0.029189,-0.021845,-0.001837
0.030228,-0.030276,-0.012529
0.030325,-0.036564,-0.024255
0.027486,-0.027986,-0.028445
0.020693,-0.007600,-0.040001
0.012923,-0.000045,-0.048430
0.006165,-0.006401,-0.052725
0.004265,-0.017040,-0.056001
-0.000536,-0.018110,-0.056024
-0.003397,-0.015957,-0.058155
-0.008237,-0.003189,-0.054893
-0.011151,0.009561,-0.049504
-0.016025,0.012734,-0.046308
-0.018952,0.014800,-0.039979
-0.026763,0.008242,-0.025243
-0.034567,0.002795,-0.014742
-0.030664,-0.000474,-0.008431
-0.026776,0.004804,-0.003142
-0.018066,0.011173,0.000055
-0.015185,0.019717,-0.000987
-0.014272,0.036824,-0.004007
-0.015325,0.044316,-0.006057
-0.016402,0.044303,-0.004995
-0.013571,0.042136,-0.001831
-0.009776,0.042103,0.001317
-0.007876,0.032518,-0.000909
-0.011829,0.025061,-0.002036
-0.011903,0.028300,-0.006314
-0.008098,0.036868,-0.009444
-0.003301,0.045404,-0.009383
0.000502,0.049623,-0.005121
0.004305,0.045379,-0.007238
0.006156,0.048585,-0.007191
0.004115,0.048611,-0.009251
0.000095,0.054973,-0.004894
-0.001055,0.062465,-0.006944
-0.001170,0.058173,-0.003716
-0.000328,0.048510,0.002642
0.002514,0.031476,-0.000607
0.008336,0.009074,-0.000692
0.010292,-0.005870,0.000279
0.016139,-0.005887,0.002456
0.018100,0.004783,0.002571
0.020982,0.029382,-0.002485
0.009220,0.042229,-0.006659
-0.002541,0.044355,-0.005551
-0.008468,0.039077,-0.010834
-0.005610,0.031673,-0.017237
0.002108,0.019915,-0.015183
0.005006,0.008096,-0.006735
0.011791,0.017662,-0.002366
0.013659,0.035814,-0.003261
0.007745,0.025104,0.000952
0.003882,-0.000501,0.000804
0.004854,0.001723,-0.007645
0.002869,0.023168,-0.018117
-0.000098,0.032778,-0.019128
-0.005977,0.026505,-0.031895
-0.005037,0.024425,-0.037191
-0.000205,0.025488,-0.037237
0.005627,0.016847,-0.026681
0.002746,0.005112,-0.026742
-0.000169,0.005080,-0.023573
-0.007971,0.012495,-0.018224
-0.011885,0.017834,-0.019286
-0.009977,0.030625,-0.018168
-0.009083,0.032729,-0.014974
-0.005229,0.033794,-0.014986
-0.004309,0.036010,-0.023496
-0.007298,0.034982,-0.027791
-0.005429,0.030706,-0.026768
-0.006490,0.033896,-0.025686
-0.013389,0.037070,-0.023577
-0.014457,0.033854,-0.022592
-0.019419,0.036980,-0.015151
-0.019543,0.043349,-0.011926
-0.016741,0.049719,-0.008708
-0.013941,0.044265,0.002903
-0.013055,0.024972,0.011244
-0.010151,0.003645,0.010059
-0.010178,0.000396,0.015370
-0.009240,0.016394,0.016591
-0.009328,0.036657,0.017809
-0.010393,0.040870,0.023130
-0.010451,0.026953,0.027232
-0.010503,0.006625,0.032367
-0.008551,-0.001954,0.036536
-0.006624,-0.000931,0.040762
0.001135,0.007583,0.042966
0.003058,0.019353,0.039879
0.004966,0.016115,0.042992
0.006877,0.003328,0.040724
0.006872,-0.000953,0.041713
0.006858,-0.003108,0.043816
0.009782,-0.007355,0.041642
0.011738,-0.009447,0.037366
0.017580,-0.013739,0.039423
0.020515,-0.019043,0.036200
0.022481,-0.017933,0.031959
0.023469,-0.017890,0.027721
0.021540,-0.011366,0.016141
0.018641,-0.008027,0.002376
0.019634,-0.009022,-0.005081
0.022604,-0.012147,-0.012515
0.020692,-0.018532,-0.014735
0.009006,-0.005817,-0.006204
0.005105,-0.002574,-0.010420
0.010020,-0.010055,-0.009424
0.013972,-0.009989,-0.015769
0.018842,-0.002542,-0.013603
0.015917,0.001664,-0.007207
0.007140,0.001622,-0.002956
-0.002604,0.002655,0.000237
-0.008438,0.000608,-0.008242
-0.011368,0.000619,-0.009324
-0.012361,0.001696,-0.010383
-0.016284,0.000645,-0.012548
-0.010432,-0.003625,-0.012606
-0.005539,-0.005812,-0.007334
-0.003567,-0.007936,-0.008428
-0.002563,-0.000524,-0.003070
-0.005517,0.004788,-0.000929
-0.005533,0.002626,0.002233
-0.013319,0.001527,0.005407
-0.010430,-0.003812,0.005347
-0.009444,-0.007041,0.008551
-0.009453,-0.002833,0.014989
0.003224,-0.016703,0.014902
0.012084,-0.037031,0.020065
0.009280,-0.061657,0.028380
0.005483,-0.052049,0.028484
0.000731,-0.046617,0.018982
-0.005044,-0.027349,0.012764
-0.002077,-0.010266,0.011824
-0.001098,0.005781,0.007692
-0.000169,0.017529,0.006720
0.004673,0.012175,0.008808
0.006623,-0.004940,0.012931
