0.003304,-0.008831,-0.034642
0.007126,0.013338,-0.011180
0.011076,0.033312,0.018663
0.007252,0.060920,0.037934
0.004412,0.077949,0.042293
-0.000386,0.082035,-0.043329
-0.015192,0.100437,-0.476150
-0.038361,0.080403,-0.505570
-0.029416,0.046476,-0.117051
-0.012913,0.006105,-0.031766
-0.015040,-0.004165,-0.069819
-0.005332,-0.007799,-0.025084
-0.000488,-0.005660,-0.023797
0.001368,-0.037730,-0.021212
0.001317,-0.008887,-0.022993
-0.001590,0.009217,-0.019714
0.006239,0.018899,-0.027030
0.011533,0.017801,-0.023842
0.014585,0.009161,-0.014436
0.012439,0.044386,-0.015203
0.014293,0.070979,-0.006511
0.015952,0.081589,-0.000017
0.011758,0.070910,0.001042
0.011644,0.058201,-0.008619
0.005763,0.027427,-0.025845
0.000901,-0.012016,-0.030447
0.001839,-0.050383,-0.034994
0.004723,-0.062124,-0.035131
0.006632,-0.052533,-0.034021
0.005651,-0.029154,-0.024287
0.001815,-0.009301,0.019592
-0.004892,0.017540,0.002745
-0.004899,0.017696,-0.014453
-0.005835,0.039162,-0.025862
-0.004922,0.043508,-0.034374
0.002802,0.045640,-0.034383
0.004706,0.030713,-0.035554
0.008551,-0.009795,-0.040152
0.006571,-0.039660,-0.041390
0.004594,-0.054564,-0.044655
0.006422,-0.049223,-0.044589
0.006372,-0.022511,-0.048711
0.004378,0.014813,-0.046318
0.002403,0.043632,-0.047176
-0.002470,0.046750,-0.038596
-0.003490,0.028676,-0.046286
-0.000589,0.019054,-0.044235
-0.003548,0.012759,-0.054894
-0.006546,0.007402,-0.052840
-0.004688,0.013795,-0.051716
-0.000894,0.010490,-0.042242
0.000040,0.028557,-0.034650
0.001970,0.034952,-0.033555
0.001945,0.042346,-0.026084
0.003898,0.050800,-0.017486
0.000997,0.064591,-0.008822
0.003941,0.044314,-0.008970
0.002002,0.030328,0.002622
-0.000956,0.006809,0.007838
-0.007777,-0.009355,0.024855
-0.017526,-0.015697,0.018377
-0.012706,-0.031509,-0.002026
-0.007854,-0.032407,-0.019025
-0.004961,-0.030271,-0.018979
0.002788,-0.022806,-0.018947
0.007638,-0.011156,-0.010398
0.006635,0.010121,-0.003916
0.005677,0.025048,-0.002745
0.003770,0.035766,-0.006862
0.000846,0.036909,-0.014259
0.002764,0.043308,-0.014216
-0.001184,0.040157,-0.019590
-0.000235,0.005004,-0.026263
-0.000259,-0.020644,-0.022167
0.000672,-0.040019,-0.004139
0.003550,-0.073071,-0.006460
0.009346,-0.112669,0.004907
0.009362,-0.106239,0.002911
0.010268,-0.107275,-0.001510
0.010214,-0.073076,-0.006544
-0.000525,-0.018565,-0.015693
-0.000574,0.025357,-0.033507
-0.001565,0.059602,-0.043958
-0.000607,0.078816,-0.044920
0.002292,0.078773,-0.040676
0.005199,0.079821,-0.038517
0.007118,0.086141,-0.029924
0.011958,0.063670,-0.023712
0.011969,0.026241,-0.015496
0.005175,0.003777,-0.009194
0.001254,-0.017583,-0.007224
-0.002647,-0.033567,-0.009458
-0.004625,-0.058053,-0.014936
-0.000755,-0.075185,-0.008636
-0.001764,-0.050775,0.006626
-0.008652,-0.007961,-0.008118
-0.001888,0.018887,-0.027231
0.003006,0.057181,-0.015294
0.000095,0.072162,-0.019429
0.003024,0.072334,-0.037583
0.003962,0.058502,-0.041983
0.004898,0.069063,-0.030136
0.004873,0.067981,-0.027962
0.008747,0.021095,-0.034690
0.007755,-0.004603,-0.025261
0.002835,-0.024855,-0.026339
0.002807,-0.028015,-0.030597
-0.000182,-0.050372,-0.036105
0.007533,-0.062180,-0.028760
0.008447,-0.048404,-0.019097
0.006460,-0.010204,0.003631
0.003558,-0.001622,-0.001710
0.004523,0.020771,-0.000516
-0.005196,0.040078,-0.011048
-0.005197,0.039233,-0.033416
-0.003292,0.034065,-0.050473
-0.006309,0.035235,-0.061094
-0.002507,0.012931,-0.071899
0.004227,-0.014872,-0.065721
0.001198,-0.021342,-0.058260
0.001096,-0.024565,-0.056130
-0.001897,0.000910,-0.042086
0.000975,-0.006671,-0.030433
0.002906,-0.001494,-0.014464
0.001928,0.007890,0.007928
-0.000993,0.022687,0.021789
-0.003852,0.020501,0.027153
-0.002801,0.018427,0.020727
-0.005733,0.026092,0.001722
-0.000831,0.008102,-0.013270
0.005006,-0.000307,-0.026077
0.005914,-0.010893,-0.034658
0.010736,-0.000215,-0.035674
0.007696,0.014731,-0.036653
0.005681,0.030679,-0.031277
0.000757,0.026321,-0.022889
-0.002168,0.014497,-0.014496
-0.003107,-0.003695,-0.009308
0.002735,-0.012279,-0.004037
0.009543,-0.019820,0.003366
0.013441,-0.011423,0.017220
0.006628,-0.002821,0.010942
0.006655,-0.001768,0.012007
-0.000163,0.025926,0.017575
-0.004055,0.020760,0.000538
-0.008915,0.023083,-0.018625
-0.011862,0.028563,-0.033481
-0.011903,0.018050,-0.049517
-0.008071,0.003132,-0.051741
-0.002311,-0.022448,-0.055155
0.002469,-0.039563,-0.051075
-0.002477,-0.029995,-0.046664
-0.004529,-0.019402,-0.039171
0.002224,-0.035514,-0.028687
0.006093,-0.034592,-0.013789
0.009972,-0.033651,-0.001027
0.009968,-0.010323,0.014018
0.006132,0.007663,0.030146
0.002275,0.023634,0.033463
-0.004483,0.035497,0.020792
-0.013249,0.036753,0.001662
-0.012270,0.026273,-0.017536
-0.007426,0.011433,-0.027231
0.002254,-0.005545,-0.036922
0.009024,-0.026862,-0.040283
0.011887,-0.026871,-0.039201
0.011811,-0.011981,-0.033788
0.009778,-0.004513,-0.033750
0.006831,-0.007772,-0.028465
0.001917,-0.023817,-0.024305
-0.002031,-0.026995,-0.026470
-0.001099,-0.024871,-0.025390
-0.004073,-0.007937,-0.011448
-0.004082,0.008007,-0.004928
-0.002140,0.024985,0.004756
-0.004060,0.035558,0.014364
-0.002091,0.051585,0.012346
-0.006915,0.055916,0.006011
-0.007862,0.041026,0.000570
-0.002977,0.014406,-0.004899
0.001875,-0.016473,-0.011480
0.005752,-0.030302,-0.015824
0.007655,-0.036671,-0.019050
0.009555,-0.024912,-0.021076
0.010498,-0.004702,-0.014582
0.010482,0.021919,-0.009107
0.016351,0.029389,-0.009034
0.016374,0.032572,-0.006843
0.011475,0.031463,-0.002573
0.009523,0.035735,-0.002494
0.001729,0.051722,-0.000211
-0.003175,0.031679,-0.022559
-0.007119,0.015735,-0.030342
-0.008173,0.022230,-0.039877
-0.009195,0.008469,-0.051681
-0.003365,-0.027735,-0.059384
0.002381,-0.046001,-0.046775
0.003252,-0.046032,-0.043579
0.005113,-0.029043,-0.034956
0.003113,-0.001361,-0.028340
-0.001784,0.023067,-0.016462
-0.002778,0.034697,-0.005771
-0.002756,0.037786,0.004798
-0.006620,0.027156,0.000433
-0.005641,0.020743,0.001459
-0.007574,0.016456,0.003579
-0.004655,0.019648,0.004660
-0.002726,0.007030,-0.014612
-0.001781,-0.004581,-0.027440
-0.005734,-0.020478,-0.038141
-0.004836,-0.015153,-0.036991
-0.005892,0.000747,-0.026248
-0.005931,-0.004630,-0.022072
-0.002047,-0.006973,-0.000823
-0.004969,0.008704,0.033450
-0.007814,0.001062,0.051540
0.002012,-0.020516,0.074646
0.000208,-0.007794,0.083260
-0.001608,-0.000309,0.081170
0.002429,-0.005456,0.061983
0.007367,-0.004167,0.039684
0.008411,0.023859,0.011182
0.010345,0.022062,-0.022852
0.012269,0.052053,-0.034338
0.007289,0.074499,-0.038491
0.008210,0.061869,-0.056716
0.011079,0.063939,-0.050345
0.006102,0.055434,-0.053603
0.005066,0.033057,-0.056939
0.005961,0.006258,-0.044350
0.007851,-0.024826,-0.030778
0.010762,-0.037698,-0.023366
0.013667,-0.055995,-0.007590
0.011715,-0.051932,0.013772
0.007837,-0.044554,0.023463
0.007860,-0.039327,0.034092
0.003022,-0.030758,0.030926
0.000125,-0.014673,0.022488
0.001125,0.008848,0.017278
0.001138,0.019714,-0.002885
-0.000799,0.020978,-0.023068
0.000139,-0.020463,-0.040325
0.002054,-0.019305,-0.048734
-0.000994,-0.019199,-0.059351
-0.001151,-0.019012,-0.078540
-0.001282,-0.009536,-0.065738
0.000529,0.007482,-0.060297
-0.000512,0.025524,-0.050638
-0.004450,0.036134,-0.044145
-0.003527,0.040331,-0.036653
0.000346,0.040175,-0.020689
-0.000638,0.035751,-0.004749
-0.001576,0.021802,0.002557
-0.002532,0.019544,0.015326
-0.008375,0.009985,0.011047
-0.005445,-0.007084,0.010960
-0.009340,-0.019825,0.004475
-0.008372,-0.026099,-0.008306
-0.002542,-0.033484,-0.016874
-0.000633,-0.019645,-0.013590
-0.004578,0.000657,-0.016658
-0.004601,0.023072,-0.017593
-0.006575,0.044413,-0.017463
-0.005615,0.049705,-0.013193
-0.006574,0.048607,-0.009991
-0.004609,0.039990,-0.001509
-0.001680,0.001595,-0.003938
0.000273,-0.029444,0.005389
-0.001687,-0.046592,0.013866
-0.004603,-0.057245,0.012809
-0.006557,-0.046617,0.017168
-0.006568,-0.029569,0.019377
-0.003615,-0.027434,0.019339
-0.000632,-0.019912,0.014085
0.002346,-0.018804,0.009858
0.004294,-0.007057,0.008879
0.009171,0.005768,0.006841
0.009171,0.020807,-0.003736
0.006254,0.034828,-0.018525
0.004272,0.044473,-0.022706
0.004220,0.049857,-0.028020
0.000290,0.046707,-0.033380
-0.000731,0.018924,-0.030452
0.000208,-0.026054,-0.013708
-0.001741,-0.048603,0.001061
0.002119,-0.083932,0.012473
0.005059,-0.093741,0.033741
0.008032,-0.092713,0.038043
0.010057,-0.077745,0.036085
0.013007,-0.062737,0.028712
0.013026,-0.042295,0.011843
0.010106,-0.033584,-0.006209
0.008127,-0.004683,-0.015568
0.004171,0.023172,-0.027093
0.005052,0.030748,-0.038823
0.004065,0.043541,-0.037678
0.004980,0.049955,-0.038726
0.004945,0.036126,-0.043070
0.005883,0.024313,-0.035718
0.002910,0.000756,-0.027372
0.003818,-0.031312,-0.022339
0.000887,-0.043199,-0.006375
-0.002073,-0.045408,0.002205
-0.004043,-0.034726,0.001244
-0.007955,-0.003755,-0.000594
-0.009923,0.019737,-0.002594
-0.007991,0.024083,-0.011135
-0.004088,0.011295,-0.013424
-0.001170,0.005992,-0.016661
0.004664,0.004906,-0.014514
0.008543,-0.004665,-0.017739
0.011445,-0.000418,-0.015586
0.010452,0.018888,-0.024961
0.006504,0.025350,-0.031340
0.000610,0.040369,-0.039767
-0.001415,0.026601,-0.050526
-0.001498,0.029853,-0.055845
-0.006453,0.030900,-0.053700
-0.005579,0.021273,-0.051654
0.002140,0.013646,-0.035763
0.006967,0.006088,-0.026225
-0.000882,-0.004645,-0.019924
-0.003873,-0.021867,-0.005163
-0.003862,-0.031521,0.000100
-0.001878,-0.033703,0.005441
-0.002847,-0.037991,0.007547
-0.003804,-0.017684,0.004541
-0.005777,-0.004799,-0.003904
-0.007743,0.028367,-0.013260
-0.009709,0.035968,-0.027078
-0.005850,0.028676,-0.045271
-0.003971,0.025602,-0.058031
-0.002134,-0.003163,-0.062465
0.000684,-0.031955,-0.063653
0.003485,-0.046936,-0.059504
0.008217,-0.039447,-0.061596
0.011031,-0.033189,-0.047773
0.014860,-0.028074,-0.025411
0.009988,0.000502,-0.000695
0.001216,0.021736,0.010067
-0.005590,0.035587,0.012274
-0.011383,0.043013,0.016570
-0.007426,0.054797,0.011313
-0.008373,0.036774,-0.000510
-0.005438,0.014336,0.002533
0.000394,-0.008079,0.003461
0.008194,-0.029431,0.004349
0.013067,-0.023089,0.010806
0.010131,-0.000798,0.022637
0.009194,0.017380,0.018482
0.006333,0.028197,0.003709
-0.000472,0.019808,-0.011241
-0.002440,0.003985,-0.029390
-0.005415,-0.001211,-0.043223
-0.001617,-0.008663,-0.045445
0.001203,-0.016175,-0.041259
0.003095,-0.014232,-0.022114
0.000110,-0.000527,-0.004989
-0.004763,0.009965,0.013126
-0.002767,0.018347,0.029178
0.000231,0.015037,0.039760
0.002273,0.002202,0.042852
-0.000554,-0.000972,0.040764
-0.003406,0.004461,0.031276
-0.004342,0.003499,0.020649
-0.005300,0.007923,0.004716
-0.006281,0.013346,-0.004876
-0.006314,0.018785,-0.015474
-0.006317,-0.002519,-0.019959
-0.003444,-0.020651,-0.021193
-0.000554,-0.026006,-0.019118
0.003304,-0.024970,-0.015926
0.006195,-0.016489,-0.010538
0.009087,-0.007891,-0.016864
0.008079,0.008136,-0.018881
0.004144,0.026310,-0.021892
0.002172,0.038092,-0.026048
0.003099,0.043408,-0.023866
0.003076,0.051836,-0.013159
0.002100,0.055970,0.000720
0.008964,0.053616,0.023031
0.004180,0.041843,0.027276
0.003255,0.010912,0.026014
-0.003558,-0.014599,0.016290
-0.005480,-0.021948,0.004538
-0.002564,-0.033520,-0.012589
0.001335,-0.044120,-0.020123
0.000304,-0.035621,-0.015749
0.002195,-0.029111,-0.027460
0.000179,0.011410,-0.025094
-0.001862,0.048823,-0.032348
0.000054,0.054171,-0.034534
0.000992,0.045655,-0.036745
0.000953,0.026399,-0.031531
0.007760,0.008098,-0.014575
0.006752,-0.017599,-0.006325
0.007708,-0.031545,0.001009
0.011635,-0.049772,0.011731
0.012642,-0.041425,0.032088
0.013616,-0.029835,0.047066
0.010801,-0.007512,0.055729
0.008943,0.009583,0.052571
0.007110,0.021528,0.031363
0.004265,0.021737,0.010102
0.001352,0.030503,-0.013264
0.001298,0.032859,-0.036760
0.001188,0.034120,-0.057006
-0.003802,0.038479,-0.066587
-0.002973,0.030009,-0.074143
0.000792,0.017204,-0.074255
0.000694,0.011750,-0.061495
0.004498,0.000952,-0.047643
0.006389,-0.008761,-0.035917
0.010229,-0.020732,-0.011457
0.006311,-0.033601,-0.004032
0.006335,-0.041119,0.001270
0.004381,-0.042256,0.008750
-0.001466,-0.016666,0.011103
-0.007323,0.009984,0.013368
-0.012167,0.033485,0.010293
-0.014084,0.043113,0.007083
-0.014042,0.039814,0.016584
-0.015958,0.019653,0.004694
-0.007180,-0.006841,-0.014734
-0.006228,-0.010940,-0.031747
-0.005321,-0.024683,-0.044573
0.004310,-0.038537,-0.046822
0.007118,-0.040671,-0.046841
0.010918,-0.025710,-0.048832
0.013786,-0.008801,-0.031638
0.011793,0.007034,-0.013365
0.005929,0.027131,0.004884
0.000068,0.040839,0.020894
-0.003775,0.038659,0.025077
-0.006629,0.026939,0.022819
-0.006558,0.016257,0.023786
-0.001616,0.017347,0.021645
0.004270,-0.002824,0.010830
0.011081,-0.012302,-0.002036
0.008136,-0.003609,-0.017924
0.004186,0.004142,-0.046554
0.002150,0.009565,-0.054974
0.002026,0.012916,-0.069801
0.002847,0.010811,-0.073044
0.001734,0.021408,-0.065495
0.012364,0.031851,-0.041977
0.008436,0.033798,-0.022784
0.001575,0.030327,0.004871
-0.002286,0.026980,0.019732
-0.007103,0.018389,0.024948
-0.011916,0.006599,0.030136
-0.015752,-0.005127,0.028993
-0.014727,-0.010453,0.027865
-0.012748,-0.018910,0.019247
-0.005908,-0.025190,0.006418
-0.003952,-0.031552,0.002097
-0.001033,-0.037767,-0.017084
0.004769,-0.050395,-0.035281
0.008601,-0.048226,-0.038425
0.006531,-0.035444,-0.036219
0.002561,0.001828,-0.028507
-0.001389,0.031631,-0.020847
0.000526,0.057142,-0.011101
-0.004351,0.063491,-0.005747
-0.003350,0.048423,0.007983
-0.002318,0.020643,0.012081
-0.002273,-0.011417,0.017182
0.000690,-0.049892,0.023289
0.004613,-0.070169,0.023191
-0.002181,-0.060490,0.015848
-0.005118,-0.053982,0.005223
-0.002208,-0.037935,0.001077
-0.006128,-0.007035,0.005578
-0.007117,0.004767,-0.001892
-0.003236,0.007094,-0.022185
-0.002291,0.032744,-0.026261
0.004497,0.043480,-0.032505
0.010308,0.045586,-0.029248
0.018078,0.041122,-0.009044
0.015148,0.022858,0.003599
0.008351,0.003633,0.005609
0.002496,-0.008197,0.015110
-0.002344,-0.017835,0.019346
-0.005256,-0.015711,0.020433
-0.010092,-0.008213,0.017281
-0.013959,-0.004918,0.007732
-0.011014,0.004666,0.009951
-0.005137,0.008963,0.006750
-0.000259,-0.004916,0.006567
0.000722,-0.016604,0.001125
0.006578,-0.033512,-0.016034
0.013385,-0.043031,-0.024613
0.018186,-0.021790,-0.013797
0.011287,0.012416,-0.019955
0.009289,0.044588,-0.036754
0.008298,0.055252,-0.035558
0.008245,0.062703,-0.033315
0.000376,0.066994,-0.035386
0.000324,0.056294,-0.032269
0.003216,0.030521,-0.015406
0.005173,0.005840,-0.000685
0.004196,-0.015667,0.016181
0.001297,-0.027565,0.032050
0.002352,-0.041478,0.036208
0.001449,-0.046896,0.044698
0.001517,-0.052157,0.037217
0.002544,-0.046697,0.024448
0.000614,-0.019832,0.005520
0.003528,0.010167,-0.007054
0.008388,0.032657,-0.015409
0.006421,0.046558,-0.018512
0.006389,0.048700,-0.019589
0.004419,0.047661,-0.022780
0.001473,0.041230,-0.019604
0.003368,0.016641,-0.014439
0.003352,-0.016509,-0.007224
0.004303,-0.049634,-0.002119
0.006250,-0.065701,0.004149
0.006229,-0.062447,-0.001100
0.008164,-0.065542,-0.011745
0.011058,-0.064409,-0.018081
0.006137,-0.030244,-0.019960
0.003155,0.006192,-0.035648
0.003071,0.017957,-0.038805
0.003037,0.027494,-0.032361
0.000071,0.043478,-0.030120
-0.001927,0.040208,-0.023809
-0.004877,0.032685,-0.018562
-0.002962,0.018777,-0.014420
-0.002968,-0.001508,-0.013516
-0.003967,-0.015366,-0.014642
-0.008861,-0.019610,-0.016760
-0.006004,-0.037647,-0.027535
-0.006073,-0.036622,-0.023275
-0.008091,-0.034445,-0.027507
-0.006205,-0.024854,-0.026397
-0.007224,-0.004660,-0.017719
-0.005318,0.015464,-0.002708
-0.003360,0.028181,0.005857
-0.002354,0.038724,0.018682
-0.002293,0.042939,0.024004
-0.002229,0.044029,0.021905
-0.003136,0.033410,0.016543
-0.002135,0.014299,0.006853
-0.004065,-0.002720,0.001434
-0.006013,-0.018616,-0.009267
-0.007017,-0.027094,-0.014649
-0.009008,-0.027063,-0.017839
-0.011011,-0.015361,-0.014573
-0.008126,-0.014351,-0.009307
-0.007163,-0.006968,-0.000768
-0.005197,0.001409,0.015208
-0.007106,-0.002986,0.027981
-0.000209,-0.017886,0.023565
-0.000194,-0.009364,0.024595
0.001789,-0.000806,0.022547
0.011605,-0.008235,0.018246
0.016523,-0.016821,0.023539
0.018488,-0.013626,0.024648
0.017529,-0.011387,0.014036
0.014631,-0.013467,0.008719
0.011722,-0.003725,-0.004997
0.008804,-0.004559,-0.028348
0.006786,0.001951,-0.038895
0.002803,0.010563,-0.046255
0.001724,0.005215,-0.045269
0.000669,0.010462,-0.036740
-0.003285,0.011336,-0.017653
0.001579,-0.009118,0.000213
0.005502,-0.026412,0.022393
0.007505,-0.025419,0.029829
0.009506,-0.018968,0.024511
0.008573,0.007748,0.020473
0.005683,0.027146,0.001508
0.006653,0.032620,-0.012274
0.006606,0.025264,-0.024059
0.004589,0.018942,-0.032608
0.003557,-0.002458,-0.026346
0.004492,-0.026043,-0.014797
0.007388,-0.035771,-0.002094
0.008351,-0.047561,0.003136
0.007377,-0.042245,0.005326
0.005432,-0.028350,0.003353
0.005437,-0.012333,0.002418
0.003494,0.003780,-0.008081
0.002517,0.009146,-0.011238
0.003461,0.003911,-0.021935
0.001473,-0.000293,-0.028338
0.000440,-0.005613,-0.029427
-0.003509,-0.008803,-0.030516
-0.003584,-0.013067,-0.031647
-0.004632,-0.003497,-0.028401
-0.008582,0.000700,-0.020952
-0.010584,-0.003634,-0.014644
-0.010586,-0.009041,-0.007215
-0.006685,-0.018747,0.003366
-0.002778,-0.024188,0.013972
0.001149,-0.015790,0.027840
-0.001715,-0.002942,0.023693
-0.007513,0.003606,0.008847
-0.005554,-0.002703,-0.000772
-0.008497,0.001651,-0.009222
-0.009519,0.008144,-0.018763
-0.008581,0.010287,-0.019826
-0.004726,0.004923,-0.016691
-0.000846,-0.009013,-0.010440
0.002057,-0.024079,0.002190
0.004031,-0.020917,0.006503
0.005022,-0.014545,0.009771
0.001134,-0.016700,0.011881
0.000175,-0.014541,0.009790
-0.004680,0.002562,0.006722
-0.009566,0.016576,-0.008065
-0.009587,0.024074,-0.011238
-0.008661,0.024059,-0.009076
-0.005742,0.012267,-0.003873
-0.003778,-0.003793,0.001306
0.001116,-0.012472,0.016176
0.004091,-0.030642,0.019220
0.008036,-0.044453,0.012705
0.007073,-0.026261,0.007560
0.004146,0.000531,-0.003920
0.002164,0.021943,-0.011244
0.002140,0.032663,-0.016511
0.000154,0.038055,-0.022892
-0.000867,0.026348,-0.026184
0.002022,0.008152,-0.019909
0.004926,-0.012221,-0.009358
0.007832,-0.025131,0.001203
0.006865,-0.038036,0.011792
0.006893,-0.047714,0.020334
0.007887,-0.066895,0.016921
0.004019,-0.034864,0.015030
0.001110,-0.029471,0.008635
0.003101,-0.035840,0.005409
0.009907,-0.052813,-0.005426
0.011809,-0.051572,-0.023487
0.015643,-0.043077,-0.019161
0.011699,-0.011009,-0.024237
0.010627,0.003063,-0.044316
0.016439,0.004184,-0.049626
0.015379,0.003059,-0.043180
0.008450,0.021217,-0.045184
0.000562,0.043583,-0.040765
-0.008274,0.043498,-0.032270
-0.004441,0.011369,-0.020858
-0.001491,-0.007073,0.009892
-0.007313,-0.010492,0.032221
-0.011162,-0.013816,0.044923
-0.009109,-0.006472,0.057748
-0.013901,-0.011628,0.038530
-0.013848,-0.012507,0.019367
-0.009912,-0.010170,-0.000788
-0.002123,0.000700,-0.020895
0.003667,0.011530,-0.036788
0.007498,0.024428,-0.046274
0.005463,0.029871,-0.056830
0.004384,0.035197,-0.055680
0.001343,0.030887,-0.051431
0.000264,0.021200,-0.043000
-0.004674,0.005113,-0.034603
-0.000831,-0.027116,-0.012498
0.002109,-0.043544,0.031085
-0.002673,-0.036342,0.058854
-0.007454,-0.033243,0.068327
-0.008302,-0.024898,0.087492
-0.012019,-0.027039,0.087426
-0.009902,-0.031239,0.079886
-0.007794,-0.034262,0.061743
-0.002819,-0.030788,0.034123
-0.001813,-0.015574,0.005483
0.002069,0.002898,-0.028435
0.005883,0.022323,-0.050652
0.007694,0.036384,-0.069678
0.008509,0.043909,-0.074940
0.012264,0.042705,-0.061135
0.017046,0.034959,-0.033536
0.020917,0.022877,0.001478
0.019998,0.014045,0.032274
0.017174,-0.005439,0.060906
0.015373,-0.032129,0.062948
0.010638,-0.058669,0.048922
0.006819,-0.060540,0.022387
0.001964,-0.059158,-0.009490
-0.001042,-0.040746,-0.037015
-0.003133,-0.024464,-0.065681
-0.000376,-0.000924,-0.073063
0.002395,0.021488,-0.074039
0.003230,0.044886,-0.066455
0.006064,0.050030,-0.047317
0.005037,0.048849,-0.035607
0.005960,0.039099,-0.020788
0.001077,0.040077,-0.011183
-0.000892,0.021846,-0.001723
-0.002829,0.007862,0.009931
-0.006701,0.000268,0.022647
-0.010562,-0.017892,0.024652
-0.010502,-0.048882,0.029811
-0.008487,-0.075551,0.029675
-0.007509,-0.078691,0.023246
-0.008481,-0.058152,-0.003130
-0.008504,-0.045120,-0.026471
-0.005668,-0.022528,-0.045469
-0.003823,0.004281,-0.059126
0.000930,0.014924,-0.057001
0.000839,0.029820,-0.052640
0.001721,0.037134,-0.036668
-0.001253,0.041224,-0.018559
-0.002237,0.035676,0.002650
-0.005113,0.035424,0.028169
-0.007963,0.030981,0.046231
-0.007860,0.021304,0.053594
-0.010645,0.009504,0.059928
-0.009552,-0.007589,0.061929
-0.007497,-0.019189,0.048040
-0.007422,-0.026585,0.040541
-0.002485,-0.029638,0.025638
0.003387,-0.015639,0.013006
0.006298,0.000447,0.004604
0.007275,0.015294,0.014325
0.006334,0.034608,0.003840
0.005358,0.043117,0.005939
0.005394,0.040985,0.005920
0.005454,0.027169,0.000542
0.007412,0.012228,0.000448
0.008393,-0.006996,0.002471
0.003522,-0.016515,-0.006094
0.004458,-0.031378,-0.013617
0.008334,-0.045282,-0.010519
0.011225,-0.035779,0.000244
0.010234,-0.025179,0.007727
0.007321,-0.003884,0.012095
0.004435,0.013171,0.013223
0.004462,0.023850,0.012207
0.004502,0.022832,0.006844
0.003552,0.022905,-0.000611
0.006464,0.020810,-0.004922
0.010353,0.010246,-0.015612
0.011309,-0.004620,-0.023161
0.011263,-0.022754,-0.023230
0.004386,-0.032238,-0.034943
0.002317,-0.041722,-0.047849
-0.000751,-0.035260,-0.053064
0.001082,-0.031023,-0.049837
0.005836,-0.030020,-0.043448
0.007720,-0.013116,-0.026316
0.008656,-0.000437,-0.013458
0.006690,0.016540,-0.003780
0.001820,0.020796,-0.002710
-0.000133,0.016539,-0.003802
-0.002072,0.004896,-0.013432
-0.004045,-0.013168,-0.020990
-0.003106,-0.023774,-0.027435
-0.001219,-0.022663,-0.031663
-0.009099,-0.008806,-0.030529
-0.007220,-0.009905,-0.027355
-0.009219,-0.006812,-0.016717
-0.011227,0.003778,-0.009294
-0.012227,0.012197,0.002445
-0.006324,0.019547,0.014147
-0.000420,0.033481,0.009031
-0.003319,0.029178,0.012149
-0.003287,0.012067,0.016278
-0.005182,0.001287,0.027959
-0.007087,-0.014676,0.023618
-0.006095,-0.024231,0.018173
-0.005106,-0.019953,0.017157
-0.003120,-0.015729,0.021418
0.003724,-0.013617,0.023509
0.006698,-0.008301,0.025705
0.008675,0.001213,0.034258
0.009728,0.009801,0.029000
0.005895,0.024778,0.026002
0.003029,0.033397,0.017554
0.002106,0.027153,0.001591
0.001133,0.020784,-0.001620
-0.003755,0.021908,-0.006939
-0.005721,0.009228,-0.019817
-0.003794,-0.002527,-0.018864
-0.002875,-0.006753,-0.023138
0.000010,-0.009939,-0.024235
0.004833,-0.008924,-0.018907
0.004784,-0.001487,-0.015645
0.005729,0.010238,-0.014523
0.003750,0.021973,-0.014454
0.002748,0.027194,-0.002702
0.001778,0.022902,-0.000652
0.004707,0.022815,0.007815
0.002813,0.018497,0.013160
0.003846,0.014137,0.022727
0.001943,0.007718,0.024841
-0.001899,-0.001893,0.025859
-0.002828,-0.011460,0.022662
-0.006705,-0.015645,0.014115
-0.007688,-0.019786,0.001311
-0.006721,-0.006921,-0.004999
0.000089,-0.003768,-0.000739
0.002039,-0.011251,0.000222
0.000082,0.004767,-0.000742
-0.004813,0.009130,-0.010282
-0.004819,0.003839,-0.014552
-0.001932,0.005974,-0.014533
-0.003925,0.019844,-0.014432
-0.000054,0.017644,-0.008106
0.002868,0.018657,-0.002770
0.004845,0.019620,0.007884
0.004881,0.011058,0.011054
0.004920,-0.001776,0.014174
0.004944,-0.004936,0.009903
0.003978,-0.003784,0.001417
0.002021,0.001591,-0.002836
-0.000902,0.013340,-0.003802
-0.003859,0.023023,-0.012247
-0.001914,0.015563,-0.013387
-0.000949,-0.002528,-0.017728
0.002914,-0.025952,-0.023245
0.002854,-0.035608,-0.018017
0.003786,-0.029266,-0.011561
0.004716,-0.012271,-0.003990
0.006652,0.003668,0.002453
0.007648,0.016363,0.013141
0.005747,0.026992,0.017478
0.004827,0.023795,0.017434
0.003921,0.007770,0.019458
0.004931,-0.000715,0.014136
0.003967,-0.011250,0.000222
0.005909,-0.018646,-0.007249
0.003931,-0.014314,-0.013592
0.004861,-0.014263,-0.018960
0.006756,-0.012139,-0.017881
0.007685,-0.003623,-0.015677
0.010577,0.001647,-0.009292
0.010566,0.007985,-0.002856
0.007643,0.018601,0.002522
0.001792,0.017724,-0.016635
0.001786,0.001900,-0.034791
0.003669,-0.009813,-0.036967
0.003564,-0.005533,-0.037984
0.002500,-0.006615,-0.036952
0.001436,-0.008783,-0.033801
-0.000579,-0.012097,-0.022110
-0.000627,-0.017461,-0.018939
-0.000651,-0.013200,-0.017792
-0.004571,-0.006830,-0.014567
-0.007511,0.004896,-0.013417
-0.007520,0.008068,-0.010172
-0.008523,0.008014,-0.004895
-0.011474,0.007999,-0.003882
-0.011479,-0.003790,0.001319
-0.005620,-0.018762,0.004372
0.000248,-0.020941,0.008591
0.003175,-0.020952,0.009638
0.006114,-0.011288,0.003343
0.004159,-0.000521,-0.006120
0.004126,0.008059,-0.010332
0.002127,0.024147,-0.018729
0.001118,0.025222,-0.019801
0.000139,0.016656,-0.016658
0.002067,0.012317,-0.009234
0.001081,0.003689,0.000303
0.001100,0.002574,0.005660
0.002090,0.001487,0.007787
0.000154,-0.001715,0.007766
-0.000798,-0.002759,0.005663
-0.002761,-0.000609,0.003554
-0.001787,-0.010329,0.015162
-0.000756,-0.014820,0.038562
-0.003617,-0.024368,0.032009
-0.002608,-0.025385,0.026653
0.001364,-0.022075,0.016091
0.005297,-0.006051,0.014054
0.003349,0.007012,-0.012477
0.009175,0.006977,-0.009336
0.004291,-0.001438,-0.021019
0.004235,0.009212,-0.018776
0.002238,0.015583,-0.015530
0.003158,-0.014230,-0.022129
0.009991,-0.011307,0.006664
0.011941,-0.016767,0.019433
0.012975,-0.016850,0.027949
0.012078,-0.010540,0.037588
0.006306,-0.001959,0.033433
0.001493,0.015249,0.019726
-0.004371,0.023913,0.005862
-0.006298,0.024980,0.005858
-0.009203,0.009206,-0.017645
-0.003415,-0.011837,-0.048747
0.000366,-0.013893,-0.056151
0.003166,-0.001069,-0.058139
0.003023,0.018160,-0.060107
0.004868,0.020212,-0.051602
0.003774,0.011592,-0.043167
0.004694,-0.004584,-0.026296
0.000760,0.010140,-0.003781
-0.003128,0.016350,0.016531
-0.003043,0.010880,0.030332
0.000932,-0.000911,0.035535
-0.000936,-0.009446,0.035488
-0.002811,-0.010478,0.031195
-0.005694,-0.005041,0.020569
-0.006658,0.013206,0.008911
-0.008601,-0.003726,-0.006182
-0.008625,-0.002559,-0.015745
-0.012575,0.001834,-0.028488
-0.009711,-0.009828,-0.035961
-0.001975,-0.015174,-0.034947
0.002792,-0.010963,-0.029639
0.005651,0.001792,-0.024180
0.006621,0.002725,-0.010322
0.009537,0.000521,-0.002845
0.009537,-0.000604,0.003545
0.004659,-0.002759,0.005663
0.000749,0.008978,0.005737
-0.005088,0.015458,-0.002763
-0.001181,0.005822,0.000315
-0.000202,0.005778,0.004545
-0.003139,0.001518,0.003419
-0.002143,-0.008096,0.004403
-0.000173,-0.009123,0.000136
0.001761,-0.003747,-0.004089
0.001742,0.001702,-0.015726
0.001727,0.005983,-0.016729
0.002670,0.010278,-0.018801
0.002607,0.016650,-0.015549
0.002564,0.013427,-0.013426
-0.001352,0.011295,-0.013424
-0.000384,0.001664,-0.010256
0.003484,-0.003795,0.002492
0.004463,-0.006045,0.014158
0.004498,-0.010377,0.020494
0.005538,-0.013660,0.028988
0.004635,-0.012614,0.031127
0.004703,-0.013645,0.027947
0.000880,-0.008292,0.027023
-0.001025,-0.007045,0.007824
-0.003001,-0.000449,-0.012397
-0.005971,-0.000301,-0.027314
-0.003110,-0.012982,-0.040192
0.005570,-0.024806,-0.031778
0.012307,-0.027118,-0.013711
0.014239,-0.016532,-0.005123
0.010347,-0.002753,0.004568
0.006478,0.009989,0.011053
0.004571,0.017395,0.017484
0.003642,0.022667,0.023896
-0.000225,0.025835,0.027080
-0.005034,0.024755,0.028118
-0.005967,0.009804,0.029041
-0.005930,-0.008302,0.025727
-0.001963,-0.027477,0.022397
0.004902,-0.042361,0.016996
0.009806,-0.056061,-0.000073
0.013698,-0.055911,-0.014913
0.014604,-0.045114,-0.027580
0.011587,-0.017289,-0.035881
0.002720,0.024396,-0.043048
0.000667,0.031878,-0.044101
0.000639,0.021124,-0.035665
0.000598,0.016705,-0.020833
-0.001370,0.001651,-0.009258
-0.002380,-0.015582,0.006543
0.002521,-0.027528,0.027737
0.002604,-0.033958,0.030898
0.001695,-0.052119,0.032875
0.002732,-0.055227,0.023313
0.001764,-0.050856,0.012685
0.004674,-0.039104,0.010569
-0.000218,-0.006106,0.018174
-0.000212,0.007938,0.000091
0.003703,-0.002547,-0.019177
0.008551,-0.021700,-0.024601
0.011418,-0.039750,-0.033171
0.013276,-0.049300,-0.038539
0.012156,-0.038529,-0.047946
0.012026,-0.035363,-0.044762
0.009961,-0.011907,-0.042428
0.003046,0.023260,-0.036789
-0.001870,0.041400,-0.036637
-0.004842,0.038143,-0.031345
-0.011691,0.035935,-0.023923
-0.020493,0.037985,-0.015445
-0.022444,0.017619,-0.005997
-0.017557,0.003625,0.006669
-0.016576,-0.027411,0.016038
-0.012638,-0.061673,0.027495
-0.005770,-0.089473,0.033736
-0.002772,-0.079783,0.025339
0.001132,-0.062524,0.006300
0.002073,-0.036714,-0.013713
0.000059,-0.002447,-0.026271
-0.001009,0.028595,-0.036735
-0.004977,0.063803,-0.036510
-0.006999,0.073364,-0.032232
-0.007998,0.063659,-0.021644
-0.010922,0.042127,-0.002648
-0.007966,0.015266,0.016335
-0.005925,-0.027493,0.024596
-0.004882,-0.062793,0.033983
-0.005811,-0.066040,0.039349
-0.001865,-0.061721,0.034040
-0.004737,-0.049876,0.023525
-0.005710,-0.014615,0.018424
-0.010586,0.017545,0.002651
-0.007647,0.031534,-0.010112
-0.004739,0.036955,-0.018589
0.000120,0.043301,-0.013270
0.003993,0.047558,-0.012178
0.004003,0.048553,-0.004700
0.007931,0.025007,0.002591
0.011849,0.004676,0.008898
0.009929,-0.002791,0.008896
0.008957,-0.004941,0.011061
0.009955,-0.009207,0.011037
0.009975,-0.013508,0.014176
0.007052,-0.014555,0.012059
0.006100,-0.016721,0.015224
0.006145,-0.016765,0.019468
0.003232,-0.015657,0.015206
0.002284,-0.010323,0.015210
0.000340,-0.000658,0.008886
-0.003555,0.005839,-0.000706
-0.001597,0.005965,-0.013459
0.000353,0.006052,-0.023047
0.005195,0.002956,-0.033699
