0.020236,0.084991,-0.047763
0.027131,0.124631,-0.062182
0.032032,0.139727,-0.076816
0.033109,0.115161,-0.072779
0.020446,0.065839,-0.049887
0.018532,0.004735,-0.022840
0.017596,-0.041498,0.010650
0.011696,-0.069555,0.041135
0.007880,-0.133130,0.103322
0.029011,-0.177350,0.042356
0.023830,-0.162342,0.034983
0.009700,-0.134725,0.049150
0.010655,-0.100297,0.021911
0.014509,-0.031594,-0.018982
0.010616,0.049822,-0.049002
0.004812,0.108722,-0.069779
0.005791,0.118371,-0.073890
-0.001111,0.083071,-0.065702
0.001625,0.032767,-0.051265
0.004347,-0.018744,-0.023072
-0.001072,-0.036129,0.007491
-0.013242,-0.011852,0.033018
-0.020980,0.034001,0.036538
-0.024028,0.062885,0.029328
-0.019361,0.050197,0.017573
-0.013831,0.003482,-0.006130
-0.018188,-0.045416,-0.024471
-0.010929,-0.109330,-0.035551
0.000189,-0.135966,-0.038857
0.004484,-0.114622,-0.038656
-0.004903,-0.050510,-0.046549
-0.012427,0.016588,-0.033279
-0.016156,0.076133,-0.011593
-0.010171,0.111159,0.006648
-0.004166,0.129167,0.019469
-0.005058,0.109862,0.028836
-0.010814,0.059709,0.028412
-0.014617,-0.011727,0.021393
-0.024319,-0.075660,0.011279
-0.027184,-0.108578,-0.004884
-0.018281,-0.115945,-0.015593
-0.004538,-0.109520,-0.017646
-0.000553,-0.082843,-0.017419
-0.006358,-0.045533,-0.012808
-0.006333,-0.003107,0.012988
-0.011233,0.054438,0.020842
-0.013185,0.098117,0.028651
-0.008268,0.105540,0.032912
-0.011208,0.074530,0.039021
-0.016068,0.022171,0.046061
-0.014090,-0.037522,0.039179
-0.014066,-0.087652,0.036668
-0.008198,-0.098323,0.036575
-0.006178,-0.101470,0.031255
-0.004212,-0.097285,0.039787
-0.005211,-0.090960,0.047236
-0.009135,-0.063334,0.059086
-0.015044,-0.005702,0.058480
-0.013131,0.051884,0.062069
-0.006357,0.111652,0.061509
-0.002461,0.138419,0.052196
0.004340,0.117186,0.041441
0.006265,0.064895,0.042113
0.013076,-0.002374,0.045797
0.019859,-0.038579,0.038074
0.012090,-0.049241,0.036899
0.007231,-0.048185,0.037983
0.012126,-0.057716,0.030459
0.010221,-0.059839,0.029379
0.016991,-0.059881,0.033637
0.015048,-0.045979,0.030512
0.009150,0.005207,0.034094
0.006188,0.050079,0.029174
0.009141,0.067217,0.022964
0.002295,0.069402,0.017650
0.003245,0.054526,0.011153
0.007151,0.022517,0.010922
0.008118,-0.007362,0.010668
0.009066,-0.030858,0.012634
0.006151,-0.055410,0.013522
-0.000678,-0.066112,0.016619
-0.006553,-0.069337,0.018685
-0.006543,-0.067162,0.014418
-0.005573,-0.039485,0.020964
0.002175,-0.014999,0.026406
0.008990,0.025536,0.027759
0.009947,0.060838,0.019614
0.009967,0.079023,0.015542
0.007984,0.076934,0.011293
0.007018,0.049194,0.011113
0.008967,0.017308,-0.001856
0.007995,-0.011631,0.010638
0.003102,-0.012626,0.004316
0.006993,-0.011622,0.010706
0.006961,-0.012757,0.017043
0.003026,-0.022456,0.026529
-0.000880,-0.020417,0.036089
-0.008701,-0.011856,0.034069
-0.006748,0.000032,0.019303
-0.007771,0.006521,0.010885
-0.007740,0.001279,0.001262
0.001040,-0.014746,0.003278
0.006872,-0.003079,0.009735
0.007800,0.015009,0.015199
0.003859,0.027689,0.028042
-0.002982,0.035129,0.031318
-0.004965,0.027713,0.025947
-0.004983,0.002039,0.032104
-0.002079,-0.036402,0.035012
0.002770,-0.064068,0.027412
0.004698,-0.087599,0.032513
0.000773,-0.084364,0.029385
-0.002177,-0.055427,0.016842
-0.001216,-0.029750,0.010721
0.008552,-0.009444,0.007708
0.012458,0.015089,0.008976
0.013418,0.037605,-0.001431
0.010506,0.063248,-0.004397
0.008542,0.071818,-0.007520
0.007589,0.063319,-0.011894
0.005628,0.051461,-0.000346
0.007581,0.014034,0.006706
0.008576,-0.011612,0.009631
0.007594,-0.033935,0.000968
0.005655,-0.049951,0.001917
0.006638,-0.049904,-0.002279
0.003723,-0.047698,-0.009693
0.002736,-0.009259,-0.011466
0.001735,0.032348,-0.010055
0.005677,0.054822,-0.016219
0.002792,0.068665,-0.012908
-0.002101,0.057943,-0.007662
0.000830,0.035482,-0.002518
0.004750,0.007675,0.003641
0.003769,-0.022281,0.010786
0.005716,-0.029760,0.011802
0.004744,-0.023296,0.005415
0.001829,-0.013669,0.003398
0.001832,-0.020047,0.001262
0.003814,-0.044613,0.003169
0.000900,-0.050963,-0.002213
-0.001994,-0.042341,-0.010633
-0.001016,0.002417,-0.005005
-0.001037,0.051576,-0.012045
0.001912,0.082492,-0.008635
0.002902,0.099617,-0.013825
0.000965,0.071793,-0.006646
0.002958,0.024747,0.002534
0.002977,-0.026334,-0.011686
0.002997,-0.064718,-0.015191
-0.001923,-0.091404,-0.014363
-0.002892,-0.089093,-0.032430
-0.005793,-0.069825,-0.038634
-0.006730,-0.050689,-0.031019
-0.001831,-0.031561,-0.022343
0.003046,0.024891,-0.011232
0.004018,0.078174,-0.004447
0.001080,0.116528,0.002276
-0.004771,0.110066,0.008620
-0.007677,0.069444,0.015727
-0.008654,0.006524,0.012083
0.002055,-0.060727,0.013611
0.004974,-0.086283,0.008118
0.003040,-0.078623,-0.010936
0.002058,-0.056177,-0.013882
0.004981,-0.025189,-0.017877
0.009872,0.002551,-0.017675
0.009908,0.018547,-0.016488
0.010895,0.016316,-0.006986
0.009954,0.002401,-0.002849
0.005089,-0.018977,0.000106
0.003131,-0.040374,0.005204
-0.001754,-0.044622,0.003066
-0.002694,-0.042446,-0.001159
-0.000733,-0.041324,-0.006484
0.005097,-0.023077,-0.016935
0.000251,-0.012419,-0.015809
-0.000708,-0.008172,-0.013649
0.001257,-0.019938,-0.010556
-0.004558,-0.046697,-0.002239
-0.007497,-0.076681,0.008160
-0.005581,-0.087406,0.013371
-0.003659,-0.078948,0.020860
-0.001740,-0.059744,0.020973
0.002144,-0.022332,0.014919
0.000211,0.017245,0.005673
-0.001761,0.035462,-0.001610
-0.000752,0.039825,-0.011135
-0.001692,0.021810,-0.024061
-0.006542,0.014372,-0.027316
-0.011374,0.010155,-0.031537
-0.009386,0.013343,-0.030475
-0.005496,0.013274,-0.024108
0.000347,0.005645,-0.008258
0.007169,-0.000914,0.007607
0.010064,-0.011777,0.026612
0.004212,-0.027955,0.043448
-0.000701,-0.033331,0.047673
-0.002676,-0.018215,0.029733
-0.008558,0.007564,0.012946
-0.006626,0.034393,-0.001690
-0.002689,0.047436,-0.024878
0.003194,0.040131,-0.040811
0.008104,0.018720,-0.033480
0.013987,-0.011144,-0.034754
0.017929,-0.032601,-0.023235
0.018883,-0.039357,0.010566
0.015908,0.016853,0.044916
0.004122,0.094790,0.041276
-0.005604,0.132206,0.034071
-0.007573,0.125888,0.025527
-0.000766,0.080170,0.009272
0.011940,-0.000795,-0.004043
0.020729,-0.086039,-0.016342
0.023680,-0.132881,-0.027272
0.016865,-0.122123,-0.035653
0.009041,-0.085862,-0.033214
0.003227,-0.013431,-0.019917
0.001250,0.062123,0.000765
0.002234,0.107987,0.003267
0.000303,0.113246,0.010649
-0.004559,0.086601,0.007246
-0.002593,0.037592,-0.000504
-0.004526,-0.030534,-0.016891
-0.003553,-0.078530,-0.019370
-0.005516,-0.098715,-0.027966
-0.007428,-0.088081,-0.023602
-0.008403,-0.052888,-0.021186
-0.004478,-0.010326,-0.009190
-0.007379,0.035351,0.011280
-0.011310,0.086459,0.022290
-0.014259,0.117382,0.024641
-0.015187,0.102636,0.005404
-0.014216,0.061114,-0.004508
-0.016171,-0.000656,-0.017808
-0.005396,-0.052857,-0.026704
0.003401,-0.079506,-0.028969
0.006340,-0.090230,-0.023744
0.007317,-0.078546,-0.017221
0.006346,-0.053019,-0.008489
0.003414,-0.007361,0.014138
-0.003451,0.078878,0.033908
-0.012299,0.157860,0.032421
-0.013264,0.204874,0.026424
-0.006463,0.192147,0.018898
0.003290,0.113164,0.020399
0.008160,0.022463,0.019712
0.012053,-0.071349,0.010535
0.012058,-0.130049,0.011125
0.006168,-0.139526,-0.001712
0.001281,-0.121302,-0.010062
-0.003565,-0.091456,-0.006639
-0.001608,-0.063665,-0.010691
0.004257,-0.026472,0.004399
0.002257,0.033111,0.020714
-0.001691,0.083337,0.013670
-0.000678,0.104704,0.011719
0.003206,0.082297,0.011558
0.007143,0.025796,0.005842
0.013980,-0.030628,-0.007307
0.014979,-0.079626,-0.016155
0.011086,-0.088119,-0.020445
0.006190,-0.052898,-0.021268
-0.000648,0.001563,-0.025099
-0.006452,0.037832,-0.023805
-0.005453,0.046367,-0.023759
-0.001486,0.028162,-0.017551
0.005374,-0.002852,-0.011497
0.010258,-0.026445,-0.000017
0.005386,-0.022255,0.007399
-0.000511,0.000111,0.011825
-0.013201,0.035345,0.009983
-0.018107,0.054669,-0.001548
-0.012245,0.040882,-0.010144
-0.004436,0.013268,-0.023055
0.003383,-0.020845,-0.026495
0.007324,-0.052748,-0.037358
0.008326,-0.045251,-0.039331
0.002510,-0.021764,-0.040194
-0.000386,0.019695,-0.023902
-0.000396,0.060178,-0.017208
-0.000378,0.082382,0.003098
-0.003327,0.083274,0.020064
-0.001357,0.053407,0.018776
-0.000375,0.006451,0.019439
-0.001374,-0.028794,0.022342
0.000553,-0.044692,0.011641
-0.000443,-0.057465,0.008353
0.003419,-0.048887,0.004198
0.006339,-0.032780,-0.005163
0.008355,-0.029477,-0.014672
0.007376,-0.030595,-0.009348
0.007402,-0.030586,-0.010409
0.002543,0.002439,-0.004842
-0.001412,0.036534,-0.000346
-0.000411,0.069580,0.003077
-0.001413,0.075940,0.007306
-0.001432,0.063047,0.015655
0.004433,0.028927,0.013275
0.008335,-0.018133,0.023475
0.015134,-0.056550,0.023175
0.016092,-0.059711,0.018882
0.004369,-0.025447,0.007467
-0.004448,0.014207,-0.009157
-0.009268,0.030329,-0.020694
-0.004373,0.015434,-0.025041
0.003419,-0.017676,-0.022120
0.013173,-0.038080,-0.009565
0.014140,-0.046763,0.005235
0.008278,-0.010677,0.024595
0.001415,0.038465,0.019739
-0.003425,0.077016,0.006227
-0.002447,0.090928,0.002070
-0.000481,0.071870,-0.012938
0.005408,0.036732,-0.020653
0.006408,-0.009139,-0.022045
0.004487,-0.042197,-0.024428
0.000587,-0.062472,-0.024606
-0.001335,-0.059357,-0.016110
-0.006214,-0.045573,-0.007543
-0.008144,-0.036052,0.001035
-0.003278,-0.035108,0.012640
-0.005234,-0.017068,0.022306
-0.001366,0.006427,0.020341
0.001561,0.032135,0.009915
0.001571,0.044044,-0.006951
-0.000355,0.033531,-0.021887
-0.000327,0.024023,-0.031513
0.000655,0.013449,-0.041121
0.009489,-0.008967,-0.040207
0.007544,-0.019714,-0.032880
0.002663,-0.021964,-0.021207
-0.001232,-0.031752,-0.003267
0.003652,-0.063869,0.007105
0.003707,-0.070336,0.013408
-0.002177,-0.059677,0.014549
-0.005086,-0.019056,0.007428
-0.008040,0.048211,0.003702
-0.008080,0.086640,0.002947
-0.006122,0.087704,0.002915
-0.002222,0.056778,0.000544
0.003638,0.006654,-0.003084
0.004635,-0.032791,-0.006557
0.006604,-0.065789,-0.014170
0.003667,-0.070025,-0.017348
0.000750,-0.062507,-0.021457
-0.002135,-0.024005,-0.029610
-0.003079,-0.012295,-0.026283
-0.000141,0.004686,-0.017721
0.001790,0.023739,-0.002782
0.003732,0.061966,0.015479
0.002726,0.085373,0.021967
0.002722,0.089645,0.021989
0.003703,0.071615,0.011276
0.007609,0.020415,0.008820
0.012507,-0.037075,-0.004318
0.013488,-0.063605,-0.018291
0.010547,-0.070966,-0.028939
0.007625,-0.052824,-0.028745
-0.001111,-0.034661,-0.030708
-0.008862,-0.024041,-0.025311
-0.012751,-0.019923,-0.010441
-0.011755,-0.004072,0.004485
-0.004965,0.020351,0.016315
-0.003008,0.048052,0.020759
-0.000107,0.056609,0.018698
-0.003040,0.053515,0.008088
-0.003047,0.031194,-0.000548
0.003792,-0.017857,-0.004097
0.014518,-0.053014,-0.009647
0.014523,-0.075358,-0.016160
0.007730,-0.072146,-0.017200
0.002858,-0.061429,-0.021359
-0.000016,-0.040057,-0.024383
0.000012,-0.031511,-0.025369
0.001987,-0.019874,-0.015794
0.000013,0.003498,-0.006129
-0.001942,0.025819,0.002499
-0.001932,0.033277,0.003619
-0.003912,0.041778,0.006828
-0.001004,0.035465,-0.001682
0.008762,0.017373,-0.006009
0.013654,-0.004940,-0.015683
0.015627,-0.031548,-0.022206
0.008823,-0.045336,-0.029651
0.004964,-0.049626,-0.027566
0.002049,-0.044290,-0.027491
0.002063,-0.026207,-0.022090
-0.001824,-0.004962,-0.012425
-0.008638,0.002388,-0.000723
-0.007666,-0.009438,0.007620
-0.001819,-0.023406,0.017055
0.001109,-0.022366,0.019196
0.004009,-0.003029,0.006638
0.004020,0.018407,-0.001638
0.000133,0.043039,-0.009863
-0.001789,0.059206,-0.025610
-0.000788,0.047501,-0.028881
-0.001756,0.021814,-0.021649
0.003115,-0.003909,-0.011325
0.006055,-0.031691,-0.007333
0.009006,-0.045650,0.001014
0.003144,-0.036139,0.009510
-0.000801,-0.013721,0.008603
-0.007614,0.020451,0.005650
-0.014442,0.049338,-0.001526
-0.013446,0.064399,-0.013032
-0.012441,0.068725,-0.018251
-0.012462,0.053725,-0.011989
-0.010539,0.028002,-0.000479
-0.007600,0.009766,0.008946
-0.007615,-0.012811,0.025761
-0.005656,-0.035274,0.030899
-0.005682,-0.042776,0.034017
-0.003755,-0.042724,0.028698
-0.002801,-0.038404,0.023396
-0.000858,-0.025410,0.004347
-0.002809,-0.014699,0.000161
-0.009637,-0.008226,-0.007265
-0.009622,-0.003854,-0.017866
-0.001824,0.003574,-0.013542
0.004033,0.025952,-0.010164
0.004022,0.041908,-0.004727
0.008901,0.046084,0.004908
0.006967,0.046055,0.008126
0.003043,0.043823,0.017635
0.004016,0.044908,0.015545
0.001068,0.039527,0.019715
-0.003835,0.029957,0.016447
-0.001881,0.003301,0.014099
0.002020,-0.025422,0.005358
0.006887,-0.058535,0.008259
0.005911,-0.075575,0.004948
0.006894,-0.074432,-0.002449
0.005909,-0.050962,-0.002277
0.002986,-0.011415,-0.008305
0.001012,0.047327,-0.013153
-0.000963,0.092176,-0.015980
-0.003871,0.111392,-0.016900
-0.003821,0.103937,-0.017971
0.001078,0.062199,-0.005527
0.004034,0.002354,0.003632
0.000153,-0.034000,0.010833
-0.003778,-0.055407,0.016999
-0.006753,-0.044808,0.024483
-0.007746,-0.025571,0.021433
-0.001901,-0.012735,0.018348
0.000990,-0.021180,0.008676
0.000970,-0.020073,0.004421
-0.002952,-0.011492,0.000265
-0.004890,0.018417,-0.002656
-0.001965,0.065299,0.005223
-0.002921,0.094234,-0.006148
0.003929,0.105815,0.009904
0.007793,0.088675,0.017257
0.010744,0.043845,0.017933
0.007806,0.006385,0.028176
0.004836,-0.033101,0.027803
0.009715,-0.067240,0.026395
0.008709,-0.076840,0.025174
0.005749,-0.078933,0.020919
0.007673,-0.078921,0.019865
0.004714,-0.051207,0.023290
0.003686,0.009705,0.015340
0.005610,0.072814,0.001029
0.006581,0.122071,-0.015539
0.000738,0.128582,-0.026079
0.000778,0.090200,-0.029563
0.003727,0.042213,-0.033117
0.004716,0.000585,-0.032419
-0.000124,-0.021976,-0.017775
-0.003055,-0.032811,-0.002001
0.000869,-0.046793,0.008453
-0.002065,-0.049017,0.016860
-0.011859,-0.049087,0.023114
-0.013794,-0.041532,0.014684
-0.009895,-0.027609,0.009466
-0.005043,-0.000867,0.003326
-0.003119,0.033400,-0.008019
0.003714,0.060207,-0.020504
0.005665,0.083708,-0.022344
0.009599,0.096574,-0.027454
0.008655,0.090187,-0.028494
0.003802,0.091246,-0.027383
0.000896,0.093331,-0.022060
-0.000049,0.088975,-0.013637
-0.001017,0.075014,-0.005326
-0.001974,0.034354,0.004895
-0.002942,-0.015824,0.006551
-0.000030,-0.061806,0.015706
0.001912,-0.098017,0.007935
-0.001980,-0.108625,0.001469
-0.003948,-0.086185,-0.001489
-0.006881,-0.045626,-0.002224
-0.000057,-0.001893,0.000280
-0.000074,0.028021,-0.002615
-0.001029,0.045022,0.004968
-0.001028,0.039708,0.002813
-0.002964,0.018324,0.006878
-0.001998,-0.004096,0.007750
-0.003944,-0.011537,0.004468
-0.008860,-0.023332,0.009628
-0.008883,-0.031895,0.011628
-0.010826,-0.039356,0.010488
-0.004989,-0.057553,0.016771
-0.000115,-0.070395,0.020986
0.001795,-0.082206,0.028352
0.005660,-0.067424,0.044419
-0.003172,-0.009791,0.043848
-0.010039,0.051055,0.042236
-0.008118,0.099165,0.033024
-0.005233,0.119562,0.020386
0.002571,0.104680,0.014949
0.007444,0.068502,0.004001
0.012302,0.033338,-0.001604
0.011345,0.002493,-0.011354
0.013300,-0.015611,-0.014626
0.009379,-0.029545,-0.008347
0.003532,-0.043496,0.000082
0.005459,-0.061764,0.012662
0.006427,-0.068262,0.022155
-0.000420,-0.035376,0.041500
-0.006353,0.010450,0.047152
-0.002486,0.059564,0.044321
0.002360,0.096017,0.027641
0.011127,0.096167,0.012794
0.016963,0.071749,-0.000117
0.016961,0.033434,-0.009932
0.015992,-0.023181,-0.003984
0.017962,-0.058369,-0.006338
0.010173,-0.060426,-0.013756
0.003376,-0.058354,-0.007350
-0.002467,-0.046669,-0.001978
0.001425,-0.022204,0.005608
0.002410,0.005503,0.008986
0.007279,0.019314,0.014308
0.005303,0.045951,0.017606
0.001389,0.077005,0.007267
0.000411,0.087780,-0.003271
-0.000555,0.076160,-0.015024
-0.000564,0.050579,-0.017308
-0.000551,0.008965,-0.017616
0.000430,-0.018799,-0.015688
0.005303,-0.039137,-0.009478
0.010188,-0.065867,-0.004392
0.007258,-0.073381,-0.000234
0.008266,-0.082953,-0.003537
0.011279,-0.089271,-0.012081
0.005480,-0.066839,-0.015150
0.001535,-0.016669,-0.016924
-0.001361,0.049583,-0.025992
-0.003317,0.101856,-0.024551
-0.006247,0.126267,-0.011646
-0.006274,0.111289,-0.007477
-0.006255,0.061054,0.000657
-0.001402,0.003340,0.009793
0.002478,-0.030814,0.011746
0.003449,-0.046837,0.013790
0.000518,-0.045713,0.007436
-0.002409,-0.028566,0.000137
-0.002366,-0.023124,-0.010454
0.002570,-0.025187,-0.017942
0.004534,-0.019845,-0.019011
0.005505,-0.002753,-0.021026
0.002593,0.026004,-0.015525
-0.001319,0.053769,-0.017433
-0.003270,0.060049,-0.005718
0.001590,0.049325,-0.000492
0.000649,0.029002,0.004691
-0.003270,0.007610,0.009858
-0.007189,-0.009479,0.011885
-0.007198,-0.010526,0.009740
-0.012088,0.008767,0.001399
-0.012074,0.016290,-0.003848
-0.008166,0.016276,-0.002786
-0.002318,-0.003979,-0.005092
0.002539,-0.040324,0.000971
0.008406,-0.069178,0.004977
0.011328,-0.075644,0.011252
0.015222,-0.069293,0.016633
0.015215,-0.018043,0.013885
0.006418,0.040820,-0.002572
0.002565,0.093183,-0.009591
0.000588,0.133838,-0.019889
-0.000359,0.121142,-0.030584
0.004561,0.061320,-0.024726
0.007490,0.005730,-0.015682
0.008434,-0.043518,-0.000202
0.012338,-0.071274,0.000588
0.005516,-0.072363,0.002701
-0.001327,-0.066023,0.009144
-0.001321,-0.047826,0.004039
0.001632,-0.033807,-0.010707
0.004597,-0.016629,-0.020010
0.002670,-0.001580,-0.030462
0.003653,0.029248,-0.018542
-0.000259,0.076242,-0.022425
-0.004128,0.096551,-0.025417
-0.008017,0.092192,-0.017000
-0.006069,0.070796,-0.011881
-0.002133,0.033428,-0.010051
0.001762,-0.010377,-0.005114
0.001750,-0.039284,0.004169
0.002749,-0.052111,0.006172
0.003703,-0.047817,0.002957
0.001740,-0.042470,0.001950
-0.003084,-0.041285,-0.009712
-0.004043,-0.037026,-0.008593
-0.003081,-0.024199,-0.010582
-0.005036,0.006750,-0.010284
-0.007001,0.050519,-0.012036
-0.011907,0.085673,-0.005335
-0.009953,0.093126,-0.003114
-0.003119,0.073908,-0.002214
0.003686,0.046124,0.001829
0.010539,0.008758,0.003687
0.012533,-0.013653,0.003456
0.000820,-0.031751,-0.000932
-0.000147,-0.039204,-0.003175
-0.007946,-0.044578,-0.000114
-0.011858,-0.035030,0.005226
-0.008962,-0.016968,0.012756
-0.008991,-0.001030,0.019235
-0.008999,0.019205,0.023691
-0.005137,0.026704,0.021689
-0.000299,0.026708,0.021751
0.004560,0.033220,0.011239
0.000648,0.039604,0.013451
-0.002285,0.032179,0.009162
-0.007167,0.024751,0.004846
-0.009109,0.014096,0.002576
-0.007193,0.005534,0.004568
-0.001330,-0.010403,-0.003061
0.004535,-0.021154,0.004203
0.013341,-0.025432,0.005262
0.016287,-0.015795,0.002170
0.012363,0.005522,0.005565
0.006495,0.030041,0.007860
0.003519,0.061025,0.003853
0.000589,0.079189,0.001903
-0.000394,0.074885,0.006164
0.008360,0.039673,0.005898
0.014207,-0.000902,0.007688
0.015145,-0.036192,0.014801
0.018090,-0.061749,0.009272
0.014192,-0.058482,0.002954
0.007369,-0.038139,-0.003207
0.001520,-0.000739,-0.008221
0.002473,0.034507,-0.011096
0.001516,0.067674,-0.019288
-0.000422,0.077266,-0.018150
0.003464,0.062212,-0.006568
0.006401,0.034411,-0.001511
0.008362,-0.005189,0.009829
0.008371,-0.050078,0.016870
0.011302,-0.068208,0.015664
0.012268,-0.056422,0.010400
0.003462,0.000196,0.004486
-0.005332,0.052634,-0.009932
-0.006294,0.085874,-0.025572
-0.006272,0.077384,-0.029828
-0.007203,0.031484,-0.028010
0.002570,-0.025197,-0.015696
0.006478,-0.044521,-0.004172
0.004504,-0.047828,0.006403
0.002549,-0.022285,0.012944
-0.009167,0.008635,0.015296
-0.014037,0.020406,0.012215
-0.008174,0.007676,0.004690
0.001575,-0.012547,-0.000806
0.002564,-0.043418,-0.008475
0.008426,-0.050920,-0.005357
0.004524,-0.039155,-0.007386
0.000653,-0.025194,-0.015704
0.001633,-0.001743,-0.013389
-0.002253,0.044100,-0.008758
-0.000356,0.088917,-0.008416
0.002568,0.121986,-0.007080
-0.000378,0.126193,-0.001813
-0.002352,0.103731,0.003310
-0.002381,0.067430,0.005157
0.002499,0.011945,0.004756
0.007399,-0.039297,0.006452
0.010312,-0.076632,0.005113
0.013248,-0.091575,0.006062
0.010324,-0.076622,0.005159
0.010318,-0.035030,0.007611
0.004462,0.010986,-0.004700
-0.008223,0.053647,-0.002233
-0.010209,0.071794,-0.003190
-0.003376,0.069732,-0.010642
0.002510,0.040909,-0.009840
0.003486,-0.009293,-0.004904
0.004525,-0.061568,-0.006381
0.007486,-0.094660,-0.005580
0.005518,-0.089380,-0.000256
-0.000321,-0.047784,0.002180
-0.009102,0.014140,-0.000483
-0.013975,0.057961,-0.007626
-0.011056,0.066497,-0.007558
-0.003257,0.067534,-0.005509
-0.001303,0.046174,-0.003532
0.007465,0.012042,-0.004843
0.007470,-0.014625,-0.006137
0.004538,-0.032765,-0.006261
-0.006152,-0.054061,-0.010643
-0.005197,-0.057309,-0.006468
0.000654,-0.044496,-0.007459
-0.005163,-0.015770,0.001246
-0.010031,0.007729,-0.000657
-0.006112,0.013044,0.001497
-0.002210,0.007720,0.000403
0.002689,0.004558,-0.003867
0.005623,0.011038,-0.011197
0.005614,0.027074,-0.014296
0.001700,0.037756,-0.015271
-0.002184,0.033537,-0.020605
0.002714,0.005768,-0.018753
0.004656,-0.039135,-0.010643
0.005671,-0.066987,-0.000275
-0.000185,-0.060594,0.000856
-0.006030,-0.037076,-0.003204
-0.006024,-0.004017,-0.000814
-0.006982,0.018479,-0.009099
-0.005989,0.033407,-0.007943
-0.003096,0.048333,-0.006786
-0.004081,0.049370,-0.003601
-0.007984,0.039746,-0.001536
-0.004089,0.022610,0.004716
-0.005076,0.004460,0.005654
-0.001175,-0.024438,0.013926
0.001780,-0.036185,0.014912
0.006627,-0.024445,0.014978
0.003671,0.000085,0.016212
0.001703,0.015051,0.013126
-0.001210,0.022571,0.007845
0.002687,0.007739,-0.002896
0.008553,-0.005024,-0.007252
0.003651,-0.004970,-0.012543
0.000716,0.009936,-0.009250
-0.004167,0.042987,-0.005765
-0.008051,0.067621,-0.013976
-0.003177,0.063324,-0.010810
0.001694,0.048312,-0.003479
0.005617,0.021557,0.003744
0.008538,-0.022283,0.011815
0.007545,-0.052171,0.012601
0.007553,-0.060660,0.007159
0.002703,-0.055255,-0.000305
-0.002179,-0.015682,-0.009592
-0.006090,0.025979,-0.013509
-0.004151,0.051588,-0.013306
0.003656,0.048322,-0.006946
0.008526,0.036469,0.004657
0.006535,0.026719,0.019476
0.010397,0.017109,0.020509
0.005536,0.005354,0.022569
0.001578,0.000083,0.016170
0.005474,-0.016918,0.008630
0.006473,-0.041323,-0.005377
0.004556,-0.057326,-0.005497
0.005558,-0.062640,-0.007666
0.006547,-0.056219,-0.009759
0.002683,-0.048775,-0.007620
0.000759,-0.040325,0.000922
-0.003161,0.001234,0.006521
-0.004181,0.040723,0.006892
0.000682,0.066377,0.002872
0.003606,0.058931,0.000734
0.003609,0.035512,-0.004707
0.006523,0.004585,-0.007042
0.004580,-0.033830,-0.007350
0.002659,-0.055228,-0.001130
0.002630,-0.061674,0.003044
0.001664,-0.048913,0.007358
0.006550,-0.045779,0.013710
0.009505,-0.041597,0.022179
0.006580,-0.043721,0.021100
0.004633,-0.037312,0.020089
0.001715,-0.022235,0.006413
0.001686,0.004543,-0.002947
0.002636,0.028103,-0.011258
0.001651,0.047426,-0.022739
0.002622,0.045292,-0.022758
0.002635,0.025020,-0.022865
0.004607,0.001560,-0.024055
0.006580,-0.014508,-0.017773
0.006615,-0.019908,-0.011453
0.000797,-0.018968,0.001281
-0.005049,-0.016913,0.008664
-0.006977,-0.011622,0.012934
-0.008908,-0.015886,0.011753
-0.007916,-0.026475,0.003151
-0.003054,-0.049964,0.003986
0.000834,-0.060668,0.007062
0.000814,-0.039271,0.001957
-0.000187,0.009902,-0.006109
-0.004108,0.065501,-0.016200
-0.009936,0.113705,-0.033782
-0.011862,0.139362,-0.037761
-0.008919,0.130838,-0.038862
-0.005982,0.113633,-0.026321
-0.008943,0.094285,-0.012709
-0.013830,0.063198,0.000786
-0.009964,0.034213,0.017461
-0.008020,-0.008547,0.024522
-0.003156,-0.056693,0.036820
0.000722,-0.097274,0.039676
0.001700,-0.119557,0.026770
0.000736,-0.114155,0.020479
-0.003186,-0.074555,0.009160
-0.006124,0.000269,-0.002947
-0.012980,0.060073,-0.006641
-0.003253,0.109089,0.001249
0.003528,0.127206,0.004631
0.005481,0.104704,0.014032
0.011314,0.063077,0.014772
0.012295,0.016200,0.006955
0.009360,-0.013673,0.005642
0.002543,-0.026435,0.001293
0.002537,-0.029648,0.002283
0.003505,-0.025427,0.006495
0.003540,-0.030731,0.003230
0.003532,-0.038216,0.004164
0.005463,-0.053202,0.008243
0.005499,-0.055369,0.011393
0.006448,-0.033997,0.008390
0.000571,0.002317,0.005517
0.000546,0.047224,-0.002559
0.001522,0.079270,-0.005455
0.001517,0.088893,-0.007464
0.005437,0.072967,-0.014955
0.009337,0.046276,-0.013033
0.011291,0.005675,-0.008041
0.012281,-0.024195,-0.009348
0.008381,-0.043470,-0.003178
0.005456,-0.056308,-0.000135
0.008405,-0.046685,-0.002207
-0.001329,-0.021056,-0.004147
-0.006220,-0.003983,-0.004012
-0.006202,0.018481,-0.009115
-0.005226,0.039835,-0.009982
-0.007187,0.040851,-0.004633
-0.006187,0.028047,-0.004731
-0.003294,0.020512,0.001563
0.000606,0.010920,0.000439
0.003550,-0.008282,0.000319
0.006470,-0.025366,0.001237
0.004546,-0.039188,-0.004188
0.002627,-0.035930,-0.009430
0.003579,-0.033821,-0.007317
0.003611,-0.024207,-0.008308
0.002665,-0.009247,-0.010335
0.003621,-0.001854,-0.002863
0.000704,0.021617,-0.002713
-0.002255,0.048230,0.003872
0.001628,0.070694,-0.001230
0.003556,0.062083,0.006129
-0.000356,0.047304,-0.009895
0.001617,0.017451,-0.012216
0.006490,-0.006064,-0.008157
0.008456,-0.028469,-0.008291
0.008493,-0.043411,-0.008413
0.005538,-0.047790,0.002104
-0.001288,-0.030777,0.007461
0.000716,-0.017919,0.002261
-0.004149,-0.012621,0.005422
-0.004167,-0.014765,0.006471
-0.003174,-0.011522,0.002212
-0.001249,-0.006153,-0.000917
0.001667,-0.000794,-0.002979
0.003625,0.001367,-0.005020
0.005579,0.007718,0.000383
0.006534,0.016237,0.002628
0.007501,0.023721,0.000552
0.005540,0.028030,-0.003675
0.003596,0.015227,-0.003795
0.006543,0.002432,-0.004975
0.004614,-0.022112,-0.005189
0.004629,-0.035956,-0.008528
0.002693,-0.032763,-0.007447
-0.001192,-0.029510,-0.012752
0.001741,-0.025295,-0.007395
0.001756,-0.021036,-0.006283
0.002745,-0.029591,-0.004208
0.001745,-0.014719,0.002233
-0.001199,0.010959,-0.003868
-0.003139,0.024852,-0.005882
-0.006075,0.036554,-0.002603
-0.006073,0.044023,-0.002551
-0.004099,0.033361,-0.003719
-0.006027,0.016276,-0.002814
-0.006988,-0.008286,-0.000901
-0.009911,-0.022159,-0.001029
-0.007979,-0.040349,0.003037
-0.004094,-0.057499,0.010294
-0.000178,-0.074637,0.016476
0.004695,-0.080012,0.020722
0.001781,-0.060823,0.023011
-0.007048,-0.034153,0.024340
-0.004153,-0.001039,0.021452
0.001683,0.037441,0.015415
0.006556,0.064224,0.005038
0.010456,0.069635,-0.002335
0.010461,0.064449,-0.017250
0.009522,0.035733,-0.027044
0.011465,0.002639,-0.026271
0.013435,-0.020849,-0.025422
0.007600,-0.018883,-0.008478
0.004672,-0.028475,-0.009602
0.002767,-0.037067,-0.004371
-0.001150,-0.039411,0.016872
-0.001175,-0.028820,0.024359
-0.001194,-0.006406,0.024610
0.001694,0.023513,0.020606
0.002645,0.042854,0.008098
0.007544,0.043028,-0.008837
0.011470,0.026062,-0.019575
0.012452,-0.002651,-0.029356
0.010534,-0.022884,-0.033777
0.008638,-0.032498,-0.032779
0.004771,-0.037911,-0.025433
0.000880,-0.032696,-0.013757
0.001845,-0.026391,-0.004180
0.001869,-0.038193,0.002070
0.002883,-0.048971,0.012593
0.001889,-0.040458,0.014748
-0.001060,-0.015838,0.007549
-0.004936,0.009922,-0.007074
-0.001980,0.026090,-0.022828
-0.004890,0.021899,-0.030272
-0.003902,-0.001598,-0.028342
-0.002897,-0.020872,-0.022157
-0.002868,-0.033679,-0.022296
-0.004794,-0.047685,-0.009712
-0.007721,-0.043502,-0.001187
-0.007713,-0.032896,0.005230
-0.013574,-0.015875,0.010691
-0.013554,0.005447,0.013021
-0.010639,0.030047,0.007972
-0.008732,0.037536,0.007023
-0.004857,0.042928,0.001792
-0.004835,0.036612,-0.006731
-0.003862,0.023763,-0.002606
-0.000952,0.018441,-0.004800
0.001976,0.011983,0.000421
0.002932,0.000172,0.007702
0.003898,-0.019144,0.018131
0.007827,-0.038353,0.017963
0.006861,-0.054392,0.021013
0.001957,-0.062981,0.026272
0.000939,-0.024534,0.023397
-0.003977,0.017157,0.016327
-0.003006,0.041753,0.011222
0.002802,0.056781,0.002885
0.007687,0.041908,-0.003577
0.009681,0.005626,-0.003858
0.009671,-0.017861,-0.002996
0.004815,-0.027412,-0.008392
-0.000055,-0.017866,-0.003065
-0.005929,0.002317,0.005524
-0.005938,0.007607,0.009780
-0.006912,0.006485,0.015077
-0.006961,-0.004270,0.023485
-0.001137,-0.026726,0.028635
0.004706,-0.045917,0.027489
0.007609,-0.050138,0.023263
0.007585,-0.029828,0.020292
0.004661,-0.008400,0.012032
0.003725,0.007715,0.001576
0.003737,0.009850,0.001587
0.009580,0.004522,0.000445
0.013473,0.001366,-0.004970
0.013494,-0.001861,-0.002932
0.010566,0.011990,-0.000774
0.005682,0.032371,-0.011220
0.006681,0.050630,-0.022726
0.003762,0.049628,-0.029081
0.000851,0.032620,-0.035525
0.000861,-0.001629,-0.025144
0.003783,-0.030538,-0.015819
0.001868,-0.060529,-0.004339
0.001866,-0.064937,0.009417
-0.006901,-0.056422,0.011599
-0.008826,-0.038312,0.014926
-0.008849,-0.018040,0.015062
-0.002023,-0.013767,0.013983
0.005782,-0.004068,0.004504
0.006757,0.007701,0.001396
0.003841,0.018448,-0.005924
0.000915,0.032408,-0.014277
-0.005898,0.036734,-0.019490
-0.005901,0.028231,-0.022719
0.000921,0.006857,-0.019709
0.003870,-0.017736,-0.014598
0.005824,-0.038131,-0.003125
0.003879,-0.042467,0.003198
0.003881,-0.035050,0.008568
-0.001948,-0.025449,0.008617
-0.006807,-0.013741,0.011917
-0.010725,0.010791,0.013136
-0.008784,0.037585,0.001677
-0.006858,0.043997,0.000651
-0.002957,0.025919,-0.005873
0.003885,-0.004988,-0.010401
0.007777,-0.039115,-0.012835
0.010732,-0.052981,-0.012923
0.008805,-0.029375,-0.025430
0.001983,-0.000553,-0.026224
-0.002878,0.020770,-0.023895
-0.004819,0.037788,-0.018454
-0.003841,0.040880,-0.007844
-0.000888,0.025824,0.003690
0.001090,0.007725,-0.000713
-0.004774,-0.006223,0.006600
-0.004794,-0.018009,0.010680
0.001063,-0.011509,0.001172
0.003007,-0.000744,-0.008311
0.003995,0.006812,-0.016728
0.004974,0.012202,-0.021972
0.002051,0.017611,-0.029345
0.001078,0.013305,-0.025069
-0.000838,0.013334,-0.027158
-0.000816,0.012214,-0.021862
