0.009684,0.151846,-0.003874
0.005833,0.161427,-0.001696
0.006809,0.162331,0.014180
0.002914,0.158049,0.017312
0.004860,0.153858,0.009882
0.006815,0.141011,0.014021
0.009722,0.123932,0.013838
0.012630,0.107975,0.008345
0.015539,0.098401,0.005029
0.015534,0.084575,-0.000480
0.019460,0.073969,-0.006983
0.022400,0.061234,-0.014563
0.021445,0.046319,-0.017888
0.021475,0.033419,-0.008430
0.023409,0.024787,0.002158
0.018490,0.035411,0.007633
0.014163,0.057900,0.000549
0.007500,0.071834,-0.004531
0.004125,0.072916,-0.005556
0.004992,0.074038,-0.010824
0.005290,0.073087,-0.021368
0.007678,0.078439,-0.022306
0.010114,0.081620,-0.020121
0.008566,0.079487,-0.020126
0.015590,0.062469,-0.025538
0.013921,0.054829,-0.111104
-0.004806,0.052503,-0.395905
-0.026268,0.062952,-0.275817
-0.016081,0.031501,-0.022487
0.003696,0.015699,-0.043944
0.006622,0.005991,-0.033440
0.003909,0.030599,-0.039592
-0.000834,0.046582,-0.037315
0.001227,0.060404,-0.031861
-0.002438,0.065735,-0.030706
-0.001147,0.049677,-0.025506
-0.002712,0.036845,-0.022401
-0.007161,0.045364,-0.020156
-0.008145,0.069968,-0.026320
-0.007259,0.089304,-0.038884
-0.006252,0.097896,-0.044151
-0.003262,0.092555,-0.044274
-0.004092,0.074352,-0.039160
-0.003976,0.045483,-0.034155
-0.002920,0.024031,-0.023809
-0.002888,-0.000571,-0.018787
0.000006,-0.011376,-0.006182
0.000867,-0.013618,0.004388
0.005591,-0.005150,0.011924
0.005423,0.003357,0.015216
0.000414,0.008728,0.012135
-0.001658,0.011995,0.005818
-0.004676,0.005593,0.005790
-0.009585,0.003556,-0.003757
-0.009633,-0.000653,-0.009066
-0.008648,0.007927,-0.013228
-0.008630,0.011104,-0.011084
-0.006644,0.003538,-0.001601
-0.006657,-0.004038,0.008944
0.000130,-0.014772,0.015231
0.002033,-0.016991,0.023686
-0.001925,-0.014914,0.028968
-0.001009,-0.018096,0.026790
-0.000066,-0.020234,0.026716
0.001862,-0.019110,0.021405
0.003810,-0.009506,0.021489
0.004805,-0.004128,0.017306
0.002863,-0.004214,0.025794
0.002841,-0.008507,0.027880
0.001818,-0.017025,0.025649
0.002727,-0.013806,0.023514
0.007521,-0.004230,0.025636
0.009429,0.006605,0.009799
0.012343,-0.001794,-0.004083
0.010366,-0.006011,-0.009446
0.005538,-0.013372,-0.020087
0.005567,-0.011176,-0.026454
0.004643,-0.001584,-0.025330
0.005690,0.015502,-0.026214
0.008678,0.013219,-0.011372
0.008685,0.004544,0.002375
0.005716,0.000214,0.008731
0.002742,0.004430,0.014088
-0.003149,0.011919,0.012010
-0.005118,0.008772,0.006649
-0.001191,-0.006084,-0.001991
-0.003088,-0.022031,-0.008502
-0.003051,-0.024128,-0.012834
-0.005922,-0.030452,-0.020326
-0.003891,-0.034709,-0.021417
-0.004826,-0.027340,-0.011823
-0.003832,-0.014517,-0.013874
0.002045,0.003625,-0.013730
0.003025,0.013214,-0.012641
0.004974,0.004622,-0.007445
0.007903,-0.003954,-0.003227
0.006923,-0.007205,0.002120
0.004920,-0.003005,0.009667
0.000023,0.010875,0.009843
-0.000965,0.025900,0.001492
-0.000010,0.033428,-0.004877
0.005859,0.031303,-0.005971
0.007868,0.019595,-0.009263
0.007887,0.006793,-0.009333
0.005972,0.000420,-0.012557
0.004067,0.000538,-0.024222
0.001199,-0.000463,-0.030640
-0.000663,-0.003574,-0.040280
0.002378,-0.015301,-0.041464
0.002467,-0.025972,-0.041551
0.008353,-0.019694,-0.028728
0.010306,0.001524,-0.015768
0.008349,0.025984,-0.007010
0.003454,0.040864,-0.000465
-0.000475,0.047256,0.000645
-0.007303,0.036561,0.002639
-0.007317,0.013143,-0.003959
-0.006323,-0.023119,-0.006411
-0.001437,-0.045567,-0.002386
0.000518,-0.051957,-0.003468
0.001519,-0.042351,-0.003314
-0.000410,-0.026289,-0.008458
-0.001369,-0.028414,-0.009558
-0.002292,-0.030476,-0.017025
0.000669,-0.030461,-0.018073
0.001685,-0.033748,-0.009613
0.002661,-0.030592,-0.005347
0.000655,-0.010455,0.008630
-0.003297,0.003411,0.009839
-0.001378,-0.003022,0.012987
-0.004336,-0.014826,0.019273
-0.008310,-0.019137,0.023486
-0.005436,-0.011536,0.010833
-0.003521,-0.002935,0.004541
-0.003521,0.001342,0.003490
-0.004451,0.001437,-0.006066
-0.003393,-0.004899,-0.012482
-0.002375,-0.010152,-0.021044
-0.001357,-0.007026,-0.013610
0.000631,0.000411,-0.010362
0.006499,0.005692,-0.005009
0.011378,0.018381,0.006780
0.009404,0.022566,0.015312
0.009329,0.024616,0.023826
0.002434,0.025681,0.023807
-0.002534,0.028880,0.023801
-0.003559,0.023661,0.012055
-0.002591,0.021622,0.002480
0.002295,0.012134,-0.009275
0.002316,0.000501,-0.020008
0.001387,-0.010111,-0.026501
-0.000504,-0.012203,-0.030778
-0.000416,-0.005650,-0.045569
0.003595,-0.001424,-0.041281
0.008576,0.004940,-0.036961
0.006712,0.008028,-0.025213
0.001879,0.007886,-0.011433
-0.006875,0.007792,-0.001857
-0.007883,0.024750,0.009970
-0.010835,0.048268,0.005917
-0.011836,0.063239,0.002887
-0.013791,0.064284,0.004997
-0.011852,0.045022,0.010106
-0.007965,0.010948,0.002374
-0.005060,-0.008301,0.006456
-0.005084,-0.005099,0.006491
-0.007065,-0.005053,0.002274
-0.003155,-0.011442,0.001192
-0.002183,-0.019937,-0.003148
-0.002177,-0.025327,0.002104
0.001708,-0.028574,0.006335
0.004609,-0.026533,0.015930
0.006504,-0.013735,0.017109
0.006424,0.016071,0.024804
0.003432,0.053438,0.023003
-0.002470,0.079136,0.014766
-0.004407,0.066427,0.005112
-0.005374,0.034423,0.003765
-0.005396,0.001340,0.003412
-0.001521,-0.022265,0.015932
-0.000603,-0.030833,0.019047
0.005230,-0.041416,0.010508
0.005207,-0.047861,0.014689
0.005155,-0.039326,0.014736
0.004167,-0.025327,0.002118
0.005167,-0.018839,-0.006314
0.008108,-0.006065,-0.002998
0.009094,0.001363,0.001325
0.005181,0.019494,0.002523
0.004189,0.030168,0.002651
0.001217,0.022609,0.011068
0.004093,0.006505,0.020456
0.009867,-0.003081,0.018195
0.008841,-0.005247,0.021359
0.007792,-0.003091,0.019248
0.004847,-0.007210,0.004371
0.009697,-0.010286,-0.008374
0.007793,-0.016572,-0.020108
0.006878,-0.023951,-0.028627
0.005972,-0.029329,-0.024423
0.006999,-0.023991,-0.024349
0.009999,-0.013294,-0.026315
0.012976,0.004827,-0.024021
0.013991,0.009013,-0.015461
0.011083,0.012107,-0.004865
0.005227,0.009928,-0.000675
0.002302,0.003459,0.005643
0.001361,-0.001728,-0.009257
-0.001504,-0.013366,-0.018889
-0.003433,-0.021898,-0.020094
-0.004352,-0.026136,-0.023335
-0.007184,-0.023916,-0.031797
-0.007115,-0.021728,-0.037063
-0.006040,-0.006872,-0.028437
-0.002094,0.009062,-0.020850
-0.003034,0.025009,-0.014295
-0.004962,0.029152,-0.001534
-0.003960,0.021629,0.003713
-0.005907,0.004490,0.009944
-0.005950,-0.007315,0.016166
-0.005039,-0.003082,0.019345
-0.009939,0.004526,0.005603
-0.011892,0.002356,0.008740
-0.013870,-0.004019,0.005439
-0.012908,-0.010382,0.001147
-0.010949,-0.012485,-0.002055
-0.002204,-0.001863,0.003335
0.000711,0.008797,0.004489
0.002657,0.012074,-0.002881
0.004611,0.019544,-0.002809
0.001672,0.023750,0.003580
0.002635,0.022662,0.005699
0.002626,0.028039,0.001502
-0.004205,0.024826,0.002514
-0.002242,0.005626,0.001265
-0.003249,-0.012604,0.009553
-0.004288,-0.019060,0.014759
0.000554,-0.013671,0.009501
0.003472,-0.009421,0.011695
-0.000471,0.006607,0.009713
-0.000469,0.021756,-0.010240
0.003475,0.030334,-0.013231
0.003509,0.037794,-0.012062
0.001593,0.047399,-0.011971
0.000654,0.061294,-0.013972
-0.003203,0.061313,-0.016129
0.000726,0.047395,-0.012055
0.000721,0.033339,0.005826
-0.001255,0.016199,0.012043
0.001602,-0.003093,0.020378
0.001549,-0.014796,0.017112
0.000521,-0.017974,0.014990
0.001451,-0.004094,0.014072
-0.000542,0.018423,0.003665
0.003380,0.027049,-0.004721
-0.001491,0.035619,-0.007823
-0.002431,0.039924,-0.010942
-0.000429,0.039946,-0.013057
0.003472,0.022827,-0.008983
0.010306,0.003448,0.007826
0.007332,-0.009465,0.018317
0.004347,-0.010543,0.019362
-0.000603,-0.011652,0.023603
-0.004555,-0.010499,0.015131
-0.003606,-0.009412,0.013019
-0.002684,-0.004024,0.007740
-0.003661,0.002421,0.003531
0.001177,0.010990,0.000422
0.008981,0.009957,-0.002764
0.006049,0.013107,0.002590
0.003105,0.017399,0.000533
0.003084,0.018458,0.001645
0.001144,0.017422,-0.001526
0.002124,0.019586,-0.004718
0.005061,0.018560,-0.008992
0.003157,0.019648,-0.011119
0.001240,0.021782,-0.011107
0.000295,0.022859,-0.012173
-0.001624,0.015385,-0.012251
-0.000610,-0.000625,-0.012425
-0.000557,-0.026286,-0.007352
0.000438,-0.050947,0.004112
-0.000558,-0.048837,0.006239
-0.001558,-0.041334,0.003142
0.001347,-0.027478,0.005412
0.000368,-0.007115,-0.002864
0.003292,0.018541,-0.006835
0.004290,0.038901,-0.015146
0.003339,0.051780,-0.022496
0.000480,0.049720,-0.029956
-0.002346,0.027276,-0.026954
-0.003261,0.003633,-0.010134
-0.008133,-0.014568,-0.003900
-0.006202,-0.028617,0.014078
-0.003325,-0.042583,0.023541
0.005383,-0.056580,0.036186
0.015030,-0.059867,0.044653
0.020740,-0.051322,0.043639
0.020638,-0.033104,0.036391
0.016671,-0.014782,0.018506
0.009802,0.013208,-0.005669
0.004988,0.041165,-0.026668
0.002154,0.040261,-0.043700
0.001291,0.016744,-0.040819
-0.000574,0.000661,-0.033652
-0.008306,-0.019696,-0.026492
-0.008232,-0.032582,-0.019225
-0.006249,-0.024100,-0.013866
-0.007185,-0.008086,-0.014807
-0.002242,0.002596,-0.015775
-0.002161,-0.002629,-0.026405
0.000871,-0.012245,-0.025442
-0.002934,-0.014444,-0.019094
-0.008671,-0.012225,-0.027563
-0.011474,0.010297,-0.037944
-0.010419,0.028367,-0.030324
-0.013284,0.049606,-0.020621
-0.014187,0.065633,-0.022617
-0.011227,0.069851,-0.017262
-0.008274,0.060171,-0.009932
-0.007300,0.033377,0.001498
-0.003439,0.010893,0.008736
-0.001533,-0.007203,0.004355
0.004285,-0.008344,0.011786
-0.002605,0.005522,0.011888
0.001294,0.004614,-0.002850
0.004247,0.005809,-0.014416
0.002266,0.020654,-0.004723
0.003204,0.037685,-0.000294
0.003201,0.036570,0.005064
0.005143,0.018306,0.017650
0.003139,0.002129,0.034493
-0.001809,-0.009597,0.033364
0.000047,-0.017077,0.034367
-0.002031,-0.009653,0.038642
-0.005037,-0.011693,0.029053
0.000792,-0.028650,0.017190
0.002703,-0.045693,0.013844
0.006544,-0.055372,0.020059
0.009404,-0.042526,0.015906
0.011308,-0.023294,0.013916
0.013238,-0.001835,0.002424
0.012300,0.020733,-0.013301
0.016247,0.038939,-0.019495
0.011433,0.056140,-0.032092
0.008606,0.049928,-0.051253
0.007748,0.029620,-0.048268
0.012748,-0.002467,-0.041100
0.010895,-0.018654,-0.023167
-0.001757,-0.014564,-0.005058
-0.007595,0.000374,-0.003785
-0.012456,0.015326,-0.004701
-0.010488,0.023838,-0.002511
-0.008509,0.020645,-0.003627
-0.008435,0.006802,-0.006938
-0.006444,-0.010190,-0.015623
-0.007371,-0.014475,-0.014683
-0.003431,-0.008001,-0.022110
-0.004321,0.004907,-0.032699
-0.002293,0.012427,-0.037987
0.002668,0.010206,-0.029546
0.005675,0.003764,-0.025302
0.010598,-0.002764,-0.012542
0.012518,0.005643,0.001430
0.002730,0.009917,0.001515
-0.004131,0.009918,0.001522
-0.004152,-0.001816,0.001481
-0.003193,-0.007171,0.003578
-0.001276,-0.008268,0.006814
0.001611,-0.013609,0.007891
0.002554,-0.013676,0.015351
0.003497,-0.023310,0.018478
0.002509,-0.036106,0.017327
-0.000425,-0.037047,0.004557
0.001551,-0.029419,-0.011320
-0.000352,-0.021805,-0.026178
0.006560,-0.015354,-0.031483
0.011537,-0.010062,-0.027213
0.013548,-0.005904,-0.016571
0.008696,0.003536,-0.000621
0.002844,0.002377,0.008882
-0.003980,-0.005031,0.002416
-0.006881,-0.013554,0.000179
-0.007808,-0.021994,-0.009431
-0.004817,-0.026112,-0.024301
-0.009661,-0.026157,-0.020085
-0.013502,-0.034718,-0.018029
-0.014383,-0.043220,-0.021245
-0.018209,-0.046439,-0.019138
-0.015251,-0.049737,-0.009631
-0.012276,-0.043406,-0.002163
-0.012286,-0.031690,0.000054
-0.012286,-0.029532,-0.003143
-0.008373,-0.023183,0.002204
-0.008399,-0.022180,0.008559
-0.008424,-0.020057,0.009631
-0.005535,-0.009439,0.015051
-0.010473,0.009654,0.026903
-0.011519,0.011763,0.029038
-0.002873,0.010598,0.038557
0.003835,0.001951,0.049023
0.007617,-0.003406,0.051105
0.009440,-0.014018,0.045719
0.007424,-0.018104,0.027659
0.005449,-0.009330,0.004440
0.001573,0.005846,-0.018758
0.002624,0.016672,-0.034607
-0.000210,0.019922,-0.039953
0.002840,0.009175,-0.032640
0.004865,-0.009094,-0.020060
0.003874,-0.023251,0.008486
0.006704,-0.024552,0.031819
0.009466,-0.019503,0.060548
0.011255,-0.018423,0.059524
0.014019,-0.025868,0.057364
0.013880,-0.032219,0.051982
0.013786,-0.036320,0.034970
0.013780,-0.037067,0.003137
0.009923,-0.043266,-0.017064
0.010962,-0.042032,-0.034072
0.010108,-0.032313,-0.045694
0.005398,-0.013988,-0.063531
0.001684,0.011636,-0.064369
0.003775,0.030737,-0.053598
0.003932,0.034875,-0.040863
0.003068,0.015526,-0.027266
-0.000795,-0.002853,-0.004102
-0.004713,-0.013717,0.014896
-0.010603,-0.021165,0.012708
-0.016448,-0.020035,0.006338
-0.018423,-0.014633,0.000025
-0.014532,-0.002786,-0.010448
-0.010628,0.009040,-0.018784
-0.008671,0.019714,-0.018664
-0.006685,0.016484,-0.015489
-0.003730,0.002605,-0.014500
0.004105,-0.013531,-0.001879
0.006996,-0.009408,0.013053
0.008898,0.012992,0.014331
0.008873,0.046200,0.001867
0.006954,0.075200,-0.017035
0.007061,0.072144,-0.031972
0.010090,0.048673,-0.033308
0.011172,0.015565,-0.031551
0.008317,-0.016569,-0.020187
0.005420,-0.040186,-0.006627
0.007359,-0.053052,-0.000353
0.006368,-0.045623,0.003984
0.003414,-0.020022,0.005262
0.005343,-0.007129,-0.003087
0.004410,-0.000651,-0.010394
0.008333,0.001513,-0.012387
0.006364,0.015370,-0.010089
0.006372,0.029257,-0.010980
0.006417,0.036785,-0.016171
0.009398,0.029322,-0.017339
0.007506,0.022982,-0.023810
0.006628,0.023052,-0.031286
0.004811,0.020015,-0.048323
-0.000867,0.021143,-0.054721
-0.002674,0.024404,-0.061143
-0.002499,0.023468,-0.075043
-0.004241,0.023486,-0.077213
-0.002108,0.021311,-0.072974
-0.003859,0.018032,-0.065588
-0.012457,0.016905,-0.059183
-0.015255,0.013674,-0.055994
-0.012262,0.023033,-0.031492
-0.018042,0.031517,-0.026127
-0.013108,0.035724,-0.019689
-0.015995,0.048457,-0.012144
-0.014073,0.066461,0.001822
-0.006306,0.091006,0.002057
-0.007315,0.108134,-0.003092
-0.007298,0.112478,-0.010461
-0.005294,0.095524,-0.022253
-0.007194,0.067848,-0.029964
-0.007113,0.026310,-0.038878
-0.005071,-0.013217,-0.034985
-0.003054,-0.032511,-0.026672
0.002847,-0.035791,-0.018164
0.003867,-0.016563,-0.018940
0.004873,0.005778,-0.011255
0.003903,0.027025,-0.001520
-0.000964,0.039819,-0.000333
-0.004856,0.037664,0.001771
-0.006803,0.029063,0.008098
-0.001961,0.021584,0.009114
-0.001026,0.014105,0.010131
0.000897,0.004492,0.011129
0.002830,-0.006158,0.008885
-0.001076,-0.017857,0.004490
-0.002064,-0.016750,0.000206
-0.000110,-0.022075,-0.000894
-0.004002,-0.017855,0.003311
-0.000107,-0.002843,-0.004020
0.008713,0.002542,-0.008135
0.015567,0.024934,-0.005768
0.015550,0.055866,-0.004464
0.011625,0.077151,0.000979
0.000911,0.068689,-0.006530
-0.002961,0.042052,-0.011028
-0.003935,0.015330,-0.007052
-0.001019,0.006791,-0.007154
-0.001979,0.014279,-0.009203
-0.005840,0.015419,-0.016634
-0.006786,0.003723,-0.020995
-0.008689,-0.010204,-0.015818
-0.008664,-0.021973,-0.012752
-0.006692,-0.023080,-0.008476
-0.001810,-0.003957,0.000237
0.001097,0.024869,-0.000538
0.006921,0.055779,0.003996
0.003977,0.088817,0.008522
-0.000928,0.113436,0.001302
0.001957,0.135844,0.001484
-0.006846,0.139109,-0.004861
-0.003907,0.127467,-0.014498
-0.000040,0.116751,-0.010361
-0.003946,0.101805,-0.010575
-0.000047,0.081545,-0.012921
-0.002002,0.050506,-0.004787
-0.006891,0.004540,0.002163
-0.006879,-0.049948,0.008054
-0.002986,-0.075602,0.012053
-0.004990,-0.069347,0.026984
-0.005069,-0.046998,0.033587
0.000741,-0.024506,0.026453
0.006508,-0.004310,0.035180
0.001535,0.009500,0.041695
0.004332,0.034068,0.039815
0.001279,0.062933,0.034755
-0.006639,0.060832,0.031538
-0.006697,0.031033,0.022727
-0.001880,0.005470,0.017143
-0.003859,-0.024398,0.015835
-0.003854,-0.046772,0.012512
0.001971,-0.040258,0.002027
0.001960,-0.005989,-0.009311
-0.001933,0.026037,-0.010065
-0.001899,0.021750,-0.007917
0.003953,0.011017,-0.001617
0.001001,0.002409,0.005749
0.004866,-0.008368,0.016273
0.009693,-0.019178,0.029973
0.004749,-0.028879,0.039438
-0.001174,-0.033061,0.030926
-0.007049,-0.038319,0.023487
-0.005144,-0.037146,0.012886
-0.000281,-0.040232,0.001160
0.005585,-0.034835,-0.005187
0.009510,-0.035885,-0.007367
0.013458,-0.033705,-0.011593
0.017392,-0.018741,-0.013550
0.018394,0.002623,-0.015450
0.017437,0.020765,-0.015278
0.007724,0.033539,-0.011976
-0.000031,0.027174,-0.016331
-0.002925,0.019712,-0.017506
-0.005837,0.016476,-0.014386
-0.006796,0.008946,-0.008072
0.000073,0.001511,-0.011286
0.000076,-0.003887,-0.004939
-0.003822,-0.012463,-0.000721
-0.000886,-0.016732,-0.000758
-0.003789,-0.012421,-0.004964
0.003063,-0.002847,-0.001655
0.002139,0.018578,-0.009992
-0.000757,0.025049,-0.017410
-0.002655,0.036855,-0.024825
-0.000659,0.039073,-0.033358
0.006247,0.030545,-0.034514
0.009240,0.012328,-0.027252
0.007340,-0.013442,-0.011554
0.006376,-0.036987,-0.005449
-0.000444,-0.046680,0.002900
-0.000446,-0.041292,-0.002401
0.001514,-0.019908,-0.006465
0.004473,0.007944,-0.016797
0.007459,0.030486,-0.029271
0.008495,0.054065,-0.038553
-0.001134,0.056289,-0.046960
-0.002975,0.041375,-0.049143
-0.004820,0.024217,-0.040791
-0.005703,0.013459,-0.032409
-0.004659,0.010130,-0.019705
-0.002669,0.002529,-0.007059
-0.007527,-0.009340,0.005536
-0.007515,-0.029679,0.011725
-0.006560,-0.040395,0.015848
-0.007561,-0.035057,0.015887
-0.002725,-0.029660,0.009540
0.000193,-0.017809,-0.002056
-0.000777,-0.003876,-0.008349
0.000231,0.002571,-0.012545
0.002198,0.012261,-0.020942
-0.000685,0.027233,-0.023973
0.001336,0.029360,-0.022845
0.006266,0.026132,-0.019642
0.004358,0.023915,-0.011145
0.004376,0.015351,-0.009124
0.002453,0.001444,-0.006090
0.002483,-0.008170,-0.005142
0.001519,-0.011404,-0.001993
-0.000431,-0.006029,-0.006211
0.003502,-0.005985,-0.010434
0.003546,-0.006958,-0.020034
0.003601,-0.007930,-0.029600
0.003659,-0.008964,-0.032807
-0.001114,0.002848,-0.040152
-0.002957,0.017830,-0.044244
-0.000908,0.026391,-0.046257
0.001148,0.034855,-0.038728
0.001231,0.039088,-0.034356
0.006146,0.034674,-0.019484
0.002273,0.027077,-0.006803
-0.000651,0.016319,0.001592
-0.007484,0.006722,0.000399
-0.007481,0.001437,-0.004973
-0.006461,-0.003792,-0.015630
-0.003495,-0.008002,-0.020967
-0.004397,-0.019674,-0.027408
-0.005293,-0.030389,-0.023228
-0.009151,-0.046512,-0.011683
-0.011038,-0.050820,-0.007442
-0.010030,-0.041318,0.003307
-0.007102,-0.020048,0.010941
-0.003249,0.009756,0.018622
-0.003315,0.039614,0.020991
-0.005307,0.053582,0.011550
-0.003357,0.036539,0.008211
-0.004376,0.012996,0.014344
-0.001537,-0.013843,0.029991
0.001300,-0.023511,0.036280
0.009037,-0.031969,0.028834
0.007969,-0.013777,0.023660
0.010846,-0.006235,0.016277
0.007929,-0.010427,0.008834
0.003053,-0.002851,-0.001704
0.004016,0.015415,-0.014319
0.005064,0.028430,-0.035454
0.010021,0.029514,-0.037622
0.009119,0.025261,-0.039851
0.011115,0.022022,-0.036765
0.007288,0.025224,-0.036758
0.002505,0.025255,-0.039948
-0.005194,0.019979,-0.046381
-0.010937,0.011503,-0.052863
-0.011790,0.015742,-0.049651
-0.017548,0.025230,-0.037889
-0.020399,0.048691,-0.035507
-0.020311,0.063564,-0.027846
-0.023206,0.078461,-0.023443
-0.027066,0.076262,-0.017109
-0.028996,0.055936,-0.011989
-0.023101,0.029182,-0.004816
-0.019189,0.011013,-0.002886
-0.019210,0.008865,-0.001878
-0.019231,0.022662,0.005656
-0.023142,0.038789,-0.005847
-0.020201,0.054925,-0.018418
-0.026062,0.060207,-0.013060
-0.024197,0.059974,0.010225
-0.027204,0.059812,0.026105
-0.022457,0.045672,0.052566
-0.022675,0.038983,0.081171
-0.019979,0.032470,0.092834
-0.014407,0.031329,0.100258
-0.009816,0.036654,0.101387
-0.000328,0.045275,0.092967
0.007234,0.062486,0.079324
0.010920,0.075471,0.061378
0.014666,0.079897,0.045486
0.014562,0.054401,0.033564
0.017418,0.025652,0.026890
0.019300,0.006440,0.026680
0.019245,-0.005213,0.018047
0.026993,-0.007362,0.019034
0.026915,-0.006410,0.029600
0.023895,-0.002261,0.041280
0.023780,0.003050,0.043400
0.024614,0.009431,0.045578
0.021565,0.016945,0.041413
0.024374,0.014985,0.024467
0.029166,0.020354,0.021351
0.021278,0.021522,0.010674
0.021305,0.011013,-0.005270
0.019412,0.003656,-0.015863
0.014571,-0.004809,-0.022214
0.016589,0.008045,-0.026270
0.007884,0.013407,-0.028333
0.003082,0.026210,-0.028255
0.003164,0.017679,-0.029425
0.000327,-0.001596,-0.023268
-0.001559,-0.010201,-0.017011
0.001396,-0.014512,-0.012811
0.003355,-0.009294,-0.001101
0.000416,0.001315,0.005386
-0.004497,0.011934,0.010798
-0.011377,0.027994,0.005633
-0.014301,0.035566,-0.004903
-0.009426,0.024915,-0.007132
-0.007473,0.003514,-0.000940
-0.005536,-0.017883,0.004165
-0.005548,-0.025311,-0.000144
-0.003599,-0.026367,-0.001201
-0.003581,-0.015628,-0.007454
-0.001606,0.006880,-0.016779
-0.002553,0.033628,-0.023971
-0.002507,0.046508,-0.031294
-0.000484,0.040088,-0.029186
0.001511,0.021801,-0.014449
-0.003393,0.010919,0.006691
-0.005387,0.010835,0.015200
-0.009324,0.019399,0.013236
-0.010354,0.019384,0.015441
-0.005534,0.017199,0.020748
-0.006586,0.011887,0.018614
-0.004670,0.000162,0.017464
-0.002766,-0.007329,0.019520
-0.001857,0.000151,0.018517
0.002017,0.011932,0.014376
0.002973,0.018413,0.007040
0.006844,0.028014,0.007096
0.004867,0.024874,0.000653
0.009731,0.016377,-0.003686
0.012669,0.003583,-0.004866
0.013655,-0.007166,0.002419
0.013635,-0.025386,0.009675
0.016545,-0.040397,0.017006
0.015542,-0.045756,0.019089
0.014503,-0.039395,0.023403
0.008582,-0.020157,0.021474
0.001736,0.003465,0.007976
-0.002151,0.022835,-0.007679
-0.003097,0.027170,-0.013980
-0.002121,0.026060,-0.009760
-0.000134,0.008960,-0.007842
0.000857,-0.007127,-0.000603
-0.000094,-0.016723,-0.001776
-0.000073,-0.024150,-0.006127
-0.000028,-0.030514,-0.010476
-0.000936,-0.029418,-0.013670
-0.000867,-0.032549,-0.021187
0.000205,-0.041023,-0.027677
-0.002617,-0.055028,-0.015115
0.000328,-0.059437,-0.001380
-0.000645,-0.042458,0.008332
-0.003605,-0.021292,0.026590
-0.010514,0.016060,0.026944
-0.010599,0.041755,0.018708
-0.010650,0.054689,0.006088
-0.009718,0.055798,0.001868
-0.001949,0.035567,-0.002526
0.001966,0.001380,0.001419
0.003907,-0.027488,0.006444
0.003906,-0.047758,0.005159
0.005887,-0.054100,-0.001305
0.006933,-0.048667,-0.010822
0.008942,-0.030429,-0.020206
0.004133,-0.005853,-0.023167
0.004212,0.016567,-0.024033
0.004257,0.026124,-0.019725
0.003309,0.022793,-0.007041
-0.002530,0.013032,0.008796
-0.003542,0.000140,0.017165
-0.003613,-0.010602,0.023377
-0.003664,-0.018022,0.017965
0.000214,-0.025426,0.011547
0.002134,-0.008298,0.006398
0.001161,0.006803,-0.009358
0.006081,0.006910,-0.019954
0.007135,-0.004762,-0.026431
0.007191,-0.015487,-0.021226
0.006290,-0.016524,-0.024446
0.004415,-0.014358,-0.027610
0.001556,-0.012203,-0.029671
0.002594,-0.006930,-0.023245
-0.001262,-0.002732,-0.015760
-0.001213,-0.003852,-0.010458
-0.003153,-0.003953,0.000200
-0.005132,0.002332,0.011920
-0.008084,0.007667,0.011981
-0.010051,0.013078,0.004615
-0.010048,0.014218,-0.002795
-0.008085,0.007900,-0.011339
-0.010011,0.004730,-0.014571
-0.008984,0.000546,-0.023117
-0.006975,0.002702,-0.025221
-0.005928,-0.005879,-0.021072
-0.002962,-0.008108,-0.011542
-0.006843,-0.006048,-0.004090
-0.001966,0.003539,-0.001843
-0.002957,0.006635,0.008802
0.001891,0.007653,0.013029
0.003800,0.009741,0.017251
0.004719,0.012945,0.017271
0.005642,0.021514,0.014162
0.006580,0.026947,0.004645
0.005611,0.016397,-0.007057
0.003704,-0.000561,-0.018855
0.001807,-0.014348,-0.027457
0.001884,-0.024985,-0.030706
-0.000945,-0.022838,-0.031728
-0.001831,-0.017511,-0.030585
-0.000761,-0.006911,-0.023024
-0.002687,0.006850,-0.012312
-0.003612,0.018578,-0.011148
-0.001649,0.027085,-0.007906
-0.000680,0.040911,-0.003582
0.002259,0.045219,-0.007837
0.001305,0.038882,-0.015438
-0.000626,0.023948,-0.016699
-0.003518,0.014384,-0.021054
-0.005401,0.003761,-0.026465
-0.002433,-0.002666,-0.024448
-0.003352,-0.001564,-0.027630
-0.000376,0.005917,-0.028619
0.002597,0.017593,-0.022094
-0.001271,0.028236,-0.018776
-0.002226,0.038881,-0.015424
-0.007100,0.054894,-0.015215
-0.010006,0.046359,-0.015247
-0.007063,0.027006,-0.000513
-0.005153,0.008751,0.011020
-0.003272,0.005412,0.024799
-0.006280,0.011777,0.029104
-0.007316,0.025758,0.018643
-0.008333,0.034358,0.012395
-0.005461,0.034347,0.013449
-0.005470,0.030162,0.004910
-0.003526,0.019578,-0.003644
0.002342,0.001438,-0.003817
0.005265,-0.013578,0.003466
0.008184,-0.012502,0.002394
0.009174,-0.002848,-0.002862
0.006272,0.000361,-0.003944
0.006284,0.004637,-0.005009
0.004341,0.019594,-0.007027
-0.005403,0.037811,-0.014289
-0.004433,0.052747,-0.013050
-0.006390,0.063429,-0.014018
-0.006390,0.059179,-0.016177
-0.006392,0.038830,-0.008913
-0.006410,0.020553,0.004728
0.001352,0.005553,0.011019
0.004244,0.006602,0.013178
0.004224,0.003437,0.010015
0.008097,-0.007216,0.007801
0.003216,-0.016826,0.007648
0.001256,-0.016830,0.007593
-0.001663,-0.010346,-0.000888
-0.005594,0.013143,-0.001759
-0.005622,0.033385,0.001581
-0.004667,0.046275,-0.006802
-0.000777,0.051589,-0.004634
0.000150,0.040779,0.009102
0.000073,0.033131,0.027108
0.002919,0.035259,0.028229
0.004798,0.055652,0.016749
0.005730,0.064280,0.007227
0.002810,0.041983,-0.004696
0.006712,0.007910,-0.013578
0.003816,-0.012338,-0.017000
0.000920,-0.008033,-0.020176
-0.003896,0.021940,-0.029506
-0.008703,0.056228,-0.044115
-0.012500,0.073478,-0.062080
-0.014329,0.061690,-0.058007
-0.014221,0.030536,-0.038181
-0.011249,0.004597,-0.005507
-0.006419,-0.007405,0.020951
-0.005549,0.010500,0.045573
-0.003731,0.032820,0.055408
-0.000957,0.057440,0.048230
0.000860,0.072551,0.031399
0.008573,0.068524,0.006938
0.013393,0.055813,-0.002737
0.012400,0.038789,-0.008225
0.012370,0.029282,-0.017851
0.005591,0.016587,-0.028553
0.002733,-0.002587,-0.031869
0.002796,-0.016565,-0.021402
0.006723,-0.020985,-0.006620
0.010651,-0.025399,0.007110
0.011616,-0.020191,0.019895
0.013511,-0.008512,0.026383
0.013418,0.005246,0.038196
0.013315,0.019211,0.028748
0.012267,0.033155,0.021408
0.007376,0.022655,0.004331
0.004500,0.005753,-0.012766
0.000632,-0.005906,-0.020297
-0.001320,-0.008032,-0.021412
-0.003219,-0.011218,-0.023545
-0.001207,-0.011194,-0.025633
-0.001181,-0.013493,-0.008620
-0.002146,-0.016807,0.003092
-0.000211,-0.015848,0.014833
0.001729,-0.022297,0.020166
0.002690,-0.019030,0.013876
-0.003207,-0.018078,0.025585
-0.005217,-0.012741,0.025659
-0.004273,-0.000870,0.013092
-0.000412,0.007679,0.012169
-0.001433,0.011894,0.017511
0.000521,-0.004065,0.013140
0.001518,-0.017838,0.003518
-0.002361,-0.015654,-0.001781
-0.005282,0.000455,-0.012321
-0.003282,0.013391,-0.026063
0.000679,0.015587,-0.032438
0.009506,0.010157,-0.022936
0.012434,0.007808,-0.001756
0.016284,0.002308,0.015250
0.015223,0.001138,0.025906
0.015153,0.004308,0.029131
0.015081,0.018309,0.016534
0.010203,0.031324,-0.004615
0.010221,0.024064,-0.025935
0.008379,0.002888,-0.043139
0.003632,-0.018350,-0.053956
0.001808,-0.034372,-0.051954
0.001913,-0.032321,-0.043420
-0.001886,-0.023841,-0.036904
-0.001792,-0.013281,-0.025063
0.000208,-0.008024,-0.016488
0.006098,-0.002750,-0.010041
0.009070,0.001570,-0.015287
0.005215,0.009062,-0.017337
0.001377,0.006935,-0.018465
-0.006326,-0.004679,-0.031341
-0.007156,-0.029101,-0.044349
-0.004112,-0.046234,-0.039270
-0.004968,-0.043068,-0.036115
-0.003887,-0.016286,-0.046526
-0.010617,0.022106,-0.044110
-0.019282,0.051995,-0.044924
-0.024996,0.058443,-0.049049
-0.018066,0.039145,-0.039591
-0.010187,0.015454,-0.018597
-0.004282,-0.002891,0.001389
0.001522,-0.011643,0.022472
0.003385,-0.002184,0.036252
0.002331,0.005379,0.025591
0.010068,0.005510,0.011701
0.013910,-0.009379,0.006195
0.022672,-0.033904,0.003824
0.028539,-0.047671,-0.006914
0.031472,-0.049719,-0.015414
0.030532,-0.031432,-0.030123
0.024763,-0.008808,-0.051133
0.019068,0.014832,-0.066788
0.007549,0.022465,-0.081404
0.010720,0.023640,-0.090848
0.000176,0.022325,-0.065282
-0.005490,0.007243,-0.050433
-0.003383,-0.023940,-0.026190
-0.002346,-0.047718,0.004386
-0.003318,-0.047912,0.023449
-0.003362,-0.034060,0.024585
-0.008234,-0.012529,0.005625
-0.013044,-0.003736,-0.019758
-0.015886,-0.002459,-0.041017
-0.020654,-0.000170,-0.056947
-0.019497,-0.008584,-0.069809
-0.017370,-0.005342,-0.074088
-0.019177,0.005208,-0.062380
-0.016159,0.029567,-0.044148
-0.015116,0.054023,-0.035487
-0.014115,0.070992,-0.024701
-0.020943,0.066619,-0.014107
-0.020011,0.058988,0.001708
-0.023999,0.052422,0.017525
-0.027016,0.057778,0.015429
-0.017369,0.071640,0.016611
-0.016494,0.071593,0.020842
-0.017560,0.052343,0.024933
-0.011802,0.020171,0.040596
-0.011916,-0.004430,0.046830
-0.013013,0.000885,0.050163
-0.008277,0.016848,0.055725
-0.004574,0.040253,0.063371
0.003053,0.035902,0.071856
0.009723,0.019817,0.079130
0.010489,0.017563,0.090748
0.007321,0.025033,0.090820
0.009070,0.039119,0.069728
0.010813,0.048815,0.060243
0.009653,0.054191,0.056004
0.009440,0.067055,0.049695
0.010267,0.071472,0.034871
0.018904,0.070481,0.027427
0.025534,0.079861,0.049792
0.021417,0.079666,0.068856
0.015342,0.080806,0.061417
0.011190,0.086085,0.066720
0.001217,0.066956,0.057988
0.000132,0.022318,0.039588
0.002006,-0.024479,0.023215
-0.000021,-0.049020,0.021828
-0.003916,-0.061670,0.005746
0.000054,-0.060439,-0.010098
0.004994,-0.041089,-0.023681
0.009976,0.002847,-0.041308
0.013053,0.052137,-0.061039
0.017077,0.086403,-0.072433
0.009367,0.076704,-0.062947
0.005543,0.024083,-0.030512
0.003605,-0.010275,-0.010748
0.004589,-0.018984,0.006118
0.002612,-0.011621,0.016801
-0.000329,-0.004114,0.013717
-0.005205,-0.020089,0.011600
-0.004252,-0.027521,0.008421
0.000615,-0.013471,-0.009536
0.001654,0.015604,-0.035872
0.001772,0.031814,-0.055884
-0.005869,-0.000162,-0.059285
-0.007677,-0.030127,-0.051065
-0.002705,-0.027032,-0.040370
-0.001615,-0.008936,-0.034796
-0.001515,0.012477,-0.040921
-0.003403,0.027324,-0.031200
