-0.014640,0.141934,-0.013125
-0.012392,0.087841,-0.052092
-0.011249,0.046506,-0.085599
-0.019149,0.020990,-0.095468
-0.027050,0.019920,-0.095467
-0.032904,0.027290,-0.086778
-0.033828,0.050619,-0.073643
-0.036681,0.072837,-0.059359
-0.031618,0.101499,-0.048267
-0.025479,0.126027,-0.051156
-0.014559,0.134602,-0.055367
-0.008498,0.138975,-0.062924
-0.005324,0.127345,-0.069583
0.001659,0.110388,-0.074216
0.006584,0.084866,-0.075707
0.009569,0.063534,-0.067549
0.004755,0.039972,-0.050791
-0.005524,0.013218,-0.039313
-0.008804,-0.013566,-0.030894
-0.002367,-0.040240,-0.037404
0.004858,-0.060445,-0.054492
0.014082,-0.069995,-0.072490
0.023539,-0.064560,-0.092573
0.029250,-0.046407,-0.096636
0.026399,-0.023044,-0.083593
0.025820,0.001431,-0.087389
0.026296,0.028852,-0.280475
0.050446,0.075251,-0.372411
0.058336,0.063198,-0.079220
0.027411,0.026439,0.025253
0.021503,-0.009885,0.025057
0.030332,-0.033339,0.022710
0.033174,-0.050373,0.014095
0.033147,-0.052508,0.011986
0.030174,-0.025901,0.016582
0.022942,0.021885,0.039560
0.005033,0.078150,0.072171
-0.011351,0.122698,0.103583
-0.017750,0.150254,0.126273
-0.021298,0.151344,0.123084
-0.016034,0.127949,0.115351
-0.007932,0.074790,0.091381
0.005908,0.006796,0.056556
0.022570,-0.069691,0.013176
0.027325,-0.123873,-0.019284
0.015346,-0.135544,-0.027924
-0.009300,-0.114262,-0.020268
-0.027019,-0.089965,0.007772
-0.034914,-0.052815,0.030568
-0.032954,-0.017756,0.048004
-0.030858,0.014206,0.051547
-0.019860,0.024984,0.035671
-0.007000,0.025066,0.025000
-0.000134,0.010249,0.009913
0.009673,-0.010919,-0.006409
0.008670,-0.031140,-0.010904
-0.006100,-0.033355,0.001836
-0.013086,-0.034484,0.013493
-0.018090,-0.031321,0.023031
-0.023955,-0.013140,0.020989
-0.022016,0.007165,0.020035
-0.013226,0.012643,0.002977
-0.000471,0.018181,-0.020513
0.009380,0.015180,-0.045119
0.018252,0.004680,-0.064478
0.025101,-0.007012,-0.068880
0.020139,-0.021097,-0.043344
0.000494,-0.022404,-0.015538
-0.017200,-0.025927,0.019786
-0.021207,-0.034717,0.046520
-0.024203,-0.051865,0.052846
-0.029100,-0.071043,0.044238
-0.028158,-0.087932,0.019561
-0.027254,-0.095321,0.007783
-0.013735,-0.101399,-0.032860
0.003825,-0.104224,-0.074655
0.021390,-0.105007,-0.105731
0.029172,-0.099594,-0.112166
0.033034,-0.090010,-0.107847
0.027104,-0.071103,-0.069251
0.012352,-0.041601,-0.023048
0.000538,-0.014244,0.023167
-0.004275,0.004717,0.050122
0.003589,0.013020,0.070675
0.013269,0.023603,0.075176
0.025931,0.025854,0.056064
0.033784,0.034603,0.026303
0.027029,0.057220,0.003987
0.024214,0.090477,-0.012928
0.015486,0.110808,-0.013948
0.008715,0.120376,-0.004362
0.001043,0.113885,0.011501
-0.002658,0.094628,0.019835
-0.004412,0.044460,0.017355
0.000578,-0.018470,0.009426
0.007333,-0.082429,-0.005932
0.015958,-0.126077,-0.022256
0.016697,-0.129231,-0.031818
0.007659,-0.087606,-0.033579
-0.002274,-0.024714,-0.022414
-0.003235,0.041391,-0.007069
-0.012845,0.103210,0.009332
-0.029260,0.166134,0.022503
-0.029984,0.207809,0.023748
-0.023712,0.204754,0.011837
-0.013582,0.154912,-0.020776
0.004197,0.076221,-0.051442
0.011133,-0.007812,-0.084229
0.013961,-0.081298,-0.100914
0.014733,-0.129297,-0.104509
0.009573,-0.151829,-0.093922
0.006297,-0.147838,-0.064925
-0.003761,-0.119364,-0.028241
-0.014646,-0.068511,0.010801
-0.028356,-0.010131,0.041389
-0.029239,0.035670,0.046182
-0.015375,0.043243,0.032381
0.001444,0.032831,-0.000805
0.016191,0.007580,-0.039611
0.019137,-0.017688,-0.075231
0.016183,-0.048528,-0.084137
0.005372,-0.070945,-0.081168
-0.000577,-0.081717,-0.069489
-0.005582,-0.082985,-0.045967
-0.008594,-0.073625,-0.019103
-0.013561,-0.058890,0.001427
-0.017530,-0.034572,0.025229
-0.024374,-0.001537,0.028764
-0.033072,0.021968,0.023661
-0.029037,0.034901,0.007747
-0.022153,0.030826,-0.014758
-0.013313,0.027859,-0.040496
-0.003476,0.021701,-0.066286
0.002423,0.010049,-0.073931
0.007344,-0.002751,-0.073007
0.013228,-0.012497,-0.054940
0.014083,-0.004194,-0.028111
0.009085,0.015760,0.010547
-0.003611,0.036778,0.046084
-0.006497,0.040729,0.076231
0.001366,0.040590,0.084958
0.005294,0.046968,0.080896
0.009289,0.047035,0.066079
0.013311,0.050417,0.040535
0.009501,0.049518,0.019171
0.007626,0.045533,-0.010885
0.004751,0.027521,-0.023924
0.003798,0.001080,-0.046728
0.007722,-0.037224,-0.053619
0.002735,-0.072391,-0.052995
-0.008176,-0.098022,-0.046882
-0.010337,-0.115117,-0.041743
-0.006663,-0.117323,-0.033208
-0.001970,-0.106691,-0.030925
-0.001070,-0.085404,-0.029555
-0.002127,-0.056644,-0.030220
0.002772,-0.025688,-0.033122
0.008722,-0.008578,-0.039348
0.007836,0.004180,-0.034933
0.012747,0.012737,-0.034912
0.008824,0.027630,-0.025255
0.001016,0.045708,-0.012390
-0.011656,0.062767,-0.003841
-0.024217,0.059598,-0.007090
-0.018211,0.013848,-0.026653
-0.002487,-0.048861,-0.059211
0.008252,-0.109395,-0.098134
0.019838,-0.161446,-0.129522
0.026457,-0.186979,-0.142491
0.028070,-0.182709,-0.144550
0.032618,-0.146619,-0.120735
0.022542,-0.080844,-0.073154
-0.003069,-0.003407,-0.014820
-0.024501,0.070885,0.037066
-0.031946,0.097364,0.061863
-0.014112,0.081444,0.055227
-0.004150,0.041151,0.025976
0.012588,-0.025690,-0.021613
0.026306,-0.089273,-0.078740
0.027092,-0.134836,-0.121799
0.019935,-0.143246,-0.139981
0.015640,-0.112397,-0.129009
0.013376,-0.059236,-0.106087
0.008366,0.003394,-0.063910
0.002505,0.059556,-0.012209
-0.008079,0.109328,0.036272
-0.012716,0.135737,0.071710
-0.008519,0.143129,0.085570
-0.002398,0.119711,0.081041
0.007587,0.078294,0.058204
0.019439,0.029463,0.027840
0.024292,-0.002331,0.001898
0.020266,-0.019295,-0.008992
0.011398,-0.016016,-0.015443
-0.001381,-0.002212,-0.006780
-0.010241,0.022179,0.011606
-0.007317,0.039063,0.034204
-0.010138,0.049702,0.038562
-0.010006,0.050738,0.039699
-0.006998,0.031544,0.034270
-0.007918,0.000622,0.024536
-0.001070,-0.034501,0.006222
0.000862,-0.051443,-0.015182
-0.000185,-0.040687,-0.026819
0.002673,-0.016061,-0.035194
0.000662,0.026603,-0.028506
-0.004210,0.075676,-0.020736
-0.005136,0.124647,0.001942
-0.009856,0.167269,0.021293
-0.022243,0.194933,0.041606
-0.026733,0.180030,0.039293
-0.022466,0.143819,0.032527
-0.016394,0.092820,0.003281
-0.003543,0.033327,-0.033473
0.008239,-0.025200,-0.060542
0.012001,-0.072048,-0.082126
0.013776,-0.081697,-0.086273
0.014609,-0.059439,-0.077324
0.014474,-0.015934,-0.053303
0.010474,0.044618,-0.021749
0.003681,0.091245,0.017146
-0.000144,0.120894,0.048325
-0.000932,0.114351,0.069555
0.006146,0.071648,0.073427
0.015103,0.006680,0.061048
0.021012,-0.052930,0.043422
0.019994,-0.096510,0.022736
0.020840,-0.115599,0.008667
0.013833,-0.106999,0.000209
0.010770,-0.085693,0.002575
0.010685,-0.044107,0.005099
0.003756,0.014389,0.027018
-0.008962,0.069763,0.039293
-0.009768,0.096374,0.048058
-0.005691,0.102726,0.056612
-0.009577,0.091016,0.056440
-0.004591,0.071917,0.046580
-0.000552,0.042160,0.033460
0.003368,0.006013,0.019207
0.012101,-0.024772,0.002837
0.014938,-0.042850,-0.003753
0.012854,-0.041797,0.000476
0.004931,-0.022655,0.009178
-0.001943,0.002800,0.028622
-0.006837,0.031449,0.047071
-0.012651,0.052698,0.055858
-0.015452,0.060096,0.062383
-0.016293,0.065499,0.052842
-0.019071,0.057116,0.033544
-0.017038,0.042361,0.010976
-0.012086,0.022327,-0.017017
-0.003310,-0.004163,-0.039694
0.002498,-0.027469,-0.060207
0.006304,-0.037105,-0.057066
0.000279,-0.029800,-0.036703
-0.002728,-0.009685,-0.015198
-0.011506,0.017827,0.015971
-0.023240,0.041063,0.048169
-0.027982,0.058020,0.062214
-0.028811,0.053738,0.063259
-0.022804,0.055026,0.037591
-0.024595,0.039255,0.007561
-0.016663,0.022498,-0.031061
-0.008764,-0.000691,-0.066519
-0.004929,-0.028209,-0.093487
0.002818,-0.049468,-0.105390
0.013547,-0.065485,-0.105499
0.015378,-0.072052,-0.089436
0.015168,-0.054120,-0.065730
0.012107,-0.009636,-0.025786
0.004300,0.035955,0.010930
-0.006332,0.066677,0.041057
-0.002220,0.077214,0.058229
-0.000132,0.059051,0.060226
0.006809,0.030322,0.047217
0.010839,0.005893,0.031023
0.015721,-0.022715,0.003059
0.025455,-0.051259,-0.028212
0.028289,-0.060693,-0.046512
0.024254,-0.042509,-0.052748
0.012406,-0.014852,-0.041826
0.001614,0.009447,-0.014837
-0.005223,0.025238,0.008870
-0.003226,0.019711,0.030239
0.001713,0.006813,0.038738
0.004653,-0.001693,0.035448
0.006641,-0.000569,0.027991
0.000751,0.015496,0.022744
-0.007121,0.030450,0.022831
-0.011990,0.055061,0.017632
-0.013856,0.072093,0.024161
-0.015689,0.087058,0.022130
-0.020425,0.084924,0.021063
-0.020206,0.080727,0.009337
-0.011252,0.063777,-0.008907
0.002564,0.036185,-0.029410
0.017231,-0.006314,-0.051170
0.029841,-0.039330,-0.057892
0.036530,-0.060704,-0.051712
0.039330,-0.080076,-0.030531
0.040134,-0.092032,-0.004965
0.035029,-0.089048,0.020727
0.023137,-0.064741,0.047697
0.014276,-0.040350,0.061898
0.006447,-0.023377,0.070671
0.006464,-0.004140,0.065530
0.004509,0.015212,0.050676
-0.000369,0.046443,0.023002
-0.001223,0.088329,-0.003493
-0.008857,0.140873,-0.028819
-0.009657,0.171985,-0.043632
-0.004562,0.172070,-0.049084
-0.003365,0.152804,-0.040727
-0.008042,0.130288,-0.027043
-0.011782,0.102413,-0.011251
-0.013634,0.059580,0.005509
-0.013657,-0.008885,0.023155
-0.017561,-0.065602,0.034600
-0.024469,-0.105191,0.038730
-0.028515,-0.112701,0.034587
-0.030610,-0.101942,0.018760
-0.022874,-0.070804,-0.006577
-0.017071,-0.019353,-0.030799
-0.012233,0.026752,-0.047716
-0.012161,0.053564,-0.054114
-0.013072,0.062092,-0.045652
-0.014998,0.051334,-0.028786
-0.017832,0.020245,-0.009852
-0.015827,-0.020397,-0.000540
-0.004156,-0.057789,-0.001789
0.009428,-0.080119,-0.017869
0.016170,-0.067269,-0.031473
0.018009,-0.042693,-0.040761
0.015986,-0.005310,-0.046812
0.011147,0.039474,-0.044252
0.008258,0.083161,-0.032212
0.006410,0.098041,-0.017289
0.004654,0.084129,-0.004753
0.006793,0.033962,0.002178
0.008828,-0.034254,-0.004881
0.006820,-0.111044,-0.012957
0.005752,-0.174968,-0.032590
0.012404,-0.207955,-0.052981
0.017890,-0.209994,-0.069979
0.019461,-0.173680,-0.078126
0.018261,-0.115032,-0.075426
0.018104,-0.046895,-0.054567
0.014040,0.005137,-0.019991
0.010104,0.044324,0.020853
-0.000548,0.058993,0.059334
-0.004315,0.048143,0.086899
-0.005193,0.016078,0.097221
-0.004184,-0.015866,0.090496
-0.010978,-0.038159,0.074319
-0.010971,-0.050725,0.042212
-0.006142,-0.053674,0.008061
-0.000402,-0.047066,-0.019612
-0.000497,-0.029870,-0.035475
-0.004460,-0.003201,-0.035225
-0.010436,0.016951,-0.019046
-0.013344,0.028577,-0.001923
-0.009388,0.018906,0.012811
-0.008415,0.002826,0.029602
-0.014314,-0.003608,0.040086
-0.017217,-0.004633,0.039968
-0.015266,-0.001335,0.030329
-0.011313,-0.003393,0.019655
-0.004474,-0.003272,0.003652
-0.003494,-0.007412,-0.018680
0.002396,0.007608,-0.032359
-0.001516,0.022521,-0.034256
-0.000499,0.029937,-0.029869
-0.003390,0.026604,-0.014911
-0.003381,0.012605,-0.000056
0.000515,0.000778,0.010535
0.007370,-0.012059,0.016785
0.007316,-0.017407,0.020956
0.002408,-0.017329,0.013430
-0.001504,-0.013054,0.012404
-0.008385,-0.004489,0.009264
-0.010314,0.013756,-0.001313
-0.004395,0.022353,-0.006626
0.000526,0.031009,-0.016277
0.002510,0.034216,-0.015219
-0.005242,0.034168,-0.007773
-0.011997,0.025508,0.003980
-0.009004,0.015850,0.009267
-0.002134,0.008323,0.011447
0.003783,0.001938,0.007165
0.008689,0.000902,0.002891
0.000843,0.004116,0.000792
-0.006108,0.012655,0.000859
-0.006192,0.024372,0.004152
-0.010130,0.044607,0.010703
-0.016960,0.065859,0.023666
-0.017855,0.093590,0.028119
-0.021635,0.118156,0.029314
-0.022437,0.127827,0.023990
-0.025044,0.112932,0.016429
-0.016951,0.076783,-0.002002
-0.010944,0.040615,-0.018294
-0.004011,0.007709,-0.042034
0.002897,-0.012479,-0.056029
0.007672,-0.015697,-0.054967
0.003584,-0.002969,-0.046287
-0.004301,0.018181,-0.025735
-0.011108,0.042572,-0.010490
-0.009088,0.058505,-0.001798
-0.003138,0.054296,-0.007215
0.007679,0.029886,-0.022413
0.019425,-0.009425,-0.040974
0.025337,-0.038069,-0.058387
0.024305,-0.040126,-0.063837
0.022269,-0.025191,-0.057426
0.019291,0.004595,-0.040197
0.012419,0.032145,-0.013309
0.001759,0.059646,0.015797
-0.007893,0.070159,0.030942
-0.006731,0.060473,0.037347
0.003227,0.026454,0.015808
0.016025,-0.019217,-0.015468
0.022821,-0.045662,-0.049765
0.023689,-0.051870,-0.078562
0.022597,-0.046440,-0.092360
0.022540,-0.036845,-0.094345
0.022474,-0.033745,-0.081504
0.022363,-0.032931,-0.049461
0.022240,-0.020357,-0.014239
0.013338,-0.007783,0.023076
0.006470,0.007008,0.050779
0.003626,-0.001607,0.063460
0.008531,-0.013353,0.065471
0.013422,-0.018629,0.054814
0.017352,-0.016358,0.034606
0.014501,-0.012002,0.017681
0.015460,-0.003397,0.006072
0.013477,0.011514,0.004180
0.008554,0.030615,0.012987
0.002701,0.040058,0.031270
-0.007092,0.035597,0.055790
-0.019786,0.019412,0.079126
-0.023655,0.001236,0.084293
-0.024630,-0.016877,0.083022
-0.020803,-0.032713,0.065708
-0.015968,-0.048476,0.038794
-0.006234,-0.068513,0.009763
-0.004345,-0.067200,-0.019103
0.000423,-0.063816,-0.040471
0.006215,-0.049831,-0.051106
0.010082,-0.042380,-0.046809
0.009986,-0.034030,-0.025337
0.002087,-0.010812,0.005865
-0.007688,0.006000,0.033882
-0.010513,0.012247,0.048984
-0.007481,0.011077,0.058656
-0.003563,0.017543,0.051225
-0.008443,0.036909,0.036332
-0.010320,0.049893,0.019241
-0.012173,0.042613,-0.000142
-0.017973,0.023525,-0.014211
-0.016976,0.001178,-0.025020
-0.008187,-0.012637,-0.034701
-0.000419,-0.027611,-0.033689
0.011255,-0.037254,-0.030530
0.021958,-0.036258,-0.023015
0.021915,-0.014027,-0.004582
0.022786,0.020974,0.021371
0.015944,0.052749,0.051543
-0.003516,0.062156,0.075148
-0.007331,0.050283,0.091088
-0.012155,0.037480,0.088881
-0.012114,0.017359,0.068437
-0.008154,-0.001652,0.042662
-0.007200,-0.019513,0.006222
-0.007227,-0.021441,-0.021525
-0.005303,-0.011630,-0.049174
-0.002428,-0.006199,-0.061926
-0.002431,-0.005116,-0.063004
-0.004306,-0.000909,-0.054441
-0.004290,-0.005265,-0.040654
-0.001388,-0.018160,-0.024844
-0.003411,-0.040632,-0.012319
-0.007384,-0.057733,-0.005070
-0.011347,-0.067268,-0.012653
-0.016325,-0.072497,-0.026570
-0.015397,-0.072355,-0.046812
-0.013501,-0.073255,-0.071310
-0.007666,-0.078405,-0.099029
-0.001908,-0.084687,-0.118221
0.006777,-0.087796,-0.132085
0.011557,-0.081401,-0.130965
0.021199,-0.068700,-0.116990
0.021058,-0.049683,-0.089138
0.021922,-0.034972,-0.054950
0.020907,-0.020196,-0.030348
0.011126,-0.015114,0.002779
0.010173,-0.024784,0.011239
0.013123,-0.034417,0.012279
0.010176,-0.033331,0.007010
0.013056,-0.016154,-0.005665
0.013059,0.001008,-0.016210
0.010141,0.018078,-0.015009
0.005304,0.030829,-0.009533
0.004356,0.038171,0.005505
0.002521,0.031697,0.012958
0.003624,0.004970,0.017045
0.014408,-0.029157,0.014613
0.026086,-0.050442,0.008008
0.029884,-0.068563,0.006757
0.025781,-0.068592,0.013106
0.016771,-0.054859,0.030322
0.007797,-0.027281,0.050861
-0.007964,0.003469,0.074643
-0.019596,0.007623,0.085436
-0.012578,-0.006207,0.073702
-0.001811,-0.024204,0.052260
0.002077,-0.034626,0.017009
0.001108,-0.041920,-0.007566
-0.000862,-0.036443,-0.027760
-0.001913,-0.015048,-0.032947
0.002885,0.009446,-0.024246
0.001791,0.030631,0.001442
-0.002215,0.040099,0.026978
-0.011932,0.031464,0.048078
-0.021620,-0.002689,0.055124
-0.017695,-0.046296,0.042876
-0.012918,-0.080219,0.020039
-0.009179,-0.087400,-0.005877
-0.014156,-0.072177,-0.030542
-0.015278,-0.032520,-0.041123
-0.024141,0.014438,-0.035512
-0.031903,0.059163,-0.024433
-0.042450,0.095240,-0.002677
-0.051927,0.113209,0.009428
-0.041882,0.109982,0.003195
-0.024056,0.084466,-0.017136
-0.003401,0.041970,-0.045179
0.007336,0.005870,-0.070014
0.006233,-0.028180,-0.083104
0.005131,-0.045274,-0.082150
0.002079,-0.046453,-0.069319
0.000937,-0.033835,-0.048851
-0.002011,-0.010524,-0.028351
-0.000953,-0.001070,-0.012191
0.003008,-0.003245,-0.011056
0.011799,-0.011784,-0.015306
0.020629,-0.016002,-0.025931
0.015797,-0.020243,-0.034405
0.014858,-0.014878,-0.041758
0.007999,-0.011679,-0.041724
0.006990,-0.006350,-0.038524
0.008945,-0.007352,-0.040796
0.013819,-0.023320,-0.041032
0.020593,-0.040357,-0.039181
0.027308,-0.041378,-0.038265
0.026172,-0.025484,-0.021105
0.020186,-0.007518,0.001468
0.015310,0.019990,0.028464
0.014454,0.040119,0.043660
0.010747,0.045329,0.049262
0.014845,0.031424,0.046093
0.022764,0.004845,0.028878
0.031514,-0.026030,0.016925
0.026482,-0.049409,0.004969
0.024396,-0.049416,0.007080
0.021331,-0.032345,0.013507
0.016231,-0.007928,0.034958
0.007291,0.019660,0.061746
-0.005343,0.044071,0.083214
-0.013046,0.051400,0.101422
-0.010948,0.051379,0.102525
-0.007840,0.036543,0.084349
-0.001810,0.019602,0.061899
-0.001719,0.006971,0.035190
-0.002658,-0.002507,0.012819
0.000291,-0.003502,-0.000974
-0.004641,0.003993,-0.005158
-0.008625,0.017818,0.000311
-0.015533,0.033752,0.012139
-0.020452,0.047569,0.023903
-0.022331,0.041163,0.030135
-0.017349,0.018808,0.026665
-0.010493,-0.014176,0.016722
-0.004635,-0.037497,-0.000614
0.000160,-0.053437,-0.009289
0.002977,-0.050229,-0.010324
-0.002013,-0.019378,-0.000406
-0.011828,0.019949,0.020205
-0.025414,0.051759,0.039831
-0.032017,0.061238,0.049651
-0.024997,0.052697,0.043316
-0.017070,0.018669,0.024938
-0.008210,-0.021649,-0.004245
0.000575,-0.060832,-0.037781
-0.000619,-0.081930,-0.063699
-0.003789,-0.076479,-0.073367
-0.007871,-0.057281,-0.068997
-0.009042,-0.031831,-0.048493
-0.009114,-0.005263,-0.033340
-0.003225,0.008460,-0.015055
0.007624,0.004152,-0.010801
0.018441,-0.015100,-0.006666
0.024299,-0.039647,-0.010004
0.018423,-0.054620,-0.008997
0.015449,-0.050365,-0.012061
0.013417,-0.017286,-0.013870
0.008503,0.021047,-0.001826
0.007563,0.059443,0.003778
0.004724,0.080741,0.013484
0.002816,0.083841,0.030509
0.006836,0.069999,0.032403
0.005968,0.031602,0.033075
0.007043,-0.014190,0.021986
0.011909,-0.048216,0.008833
0.012725,-0.067341,0.000087
0.014515,-0.075841,-0.006355
0.010430,-0.067354,-0.001969
0.004416,-0.037586,0.009031
-0.004465,0.003869,0.025492
-0.015176,0.034631,0.042967
-0.019923,0.047320,0.051744
-0.014870,0.043060,0.046458
-0.007923,0.024001,0.027082
0.004844,-0.005603,-0.004215
0.010693,-0.041663,-0.028107
0.009624,-0.064959,-0.044465
0.009437,-0.074532,-0.041488
0.010226,-0.061802,-0.026544
0.004166,-0.040651,0.001326
-0.003773,-0.011036,0.034688
-0.014550,0.016518,0.057381
-0.018360,0.032376,0.071498
-0.016181,0.030287,0.061953
-0.008234,0.008049,0.037262
-0.004299,-0.017319,0.005040
0.000588,-0.038381,-0.030384
0.001608,-0.043539,-0.054945
0.001530,-0.041345,-0.064493
-0.000489,-0.029644,-0.060115
0.000444,-0.007375,-0.041782
0.000327,0.023398,-0.014924
-0.003767,0.053040,0.020457
-0.005840,0.066724,0.051394
-0.018470,0.063384,0.070552
-0.021269,0.043053,0.074710
-0.017214,0.022866,0.060714
-0.011244,0.006004,0.032827
-0.003276,-0.008661,-0.001478
-0.004148,-0.014809,-0.033572
0.002766,-0.010394,-0.051698
-0.000202,0.003468,-0.052597
-0.009084,0.023615,-0.037451
-0.021856,0.034128,-0.016036
-0.031478,0.035146,-0.007532
-0.019526,0.011748,-0.017345
-0.001900,-0.023213,-0.045495
0.012724,-0.059142,-0.086461
0.022447,-0.084503,-0.116611
0.022303,-0.072692,-0.127159
0.016194,-0.034424,-0.109717
0.015055,0.015469,-0.080375
0.017893,0.057764,-0.035077
0.018886,0.073373,0.011063
0.011262,0.077266,0.052867
0.007620,0.086678,0.071229
0.008865,0.105839,0.075698
0.011969,0.104958,0.055332
0.018048,0.081721,0.029410
0.021041,0.048881,0.002358
0.019988,0.020306,-0.021513
0.015015,-0.006252,-0.032505
0.011080,-0.027644,-0.025234
0.005164,-0.043748,-0.013612
-0.002719,-0.037475,-0.001716
-0.003732,-0.031263,0.014522
0.001038,-0.016466,0.025479
0.000915,0.002660,0.031082
-0.003073,0.025004,0.034580
-0.002042,0.042074,0.034736
0.003975,0.049545,0.034793
0.006137,0.073049,0.032829
0.000479,0.128583,0.032135
-0.000311,0.172398,0.033386
-0.002011,0.186304,0.037596
-0.003752,0.162828,0.041580
-0.009463,0.112659,0.042243
-0.010257,0.051926,0.028938
-0.012028,-0.019457,0.008170
-0.002283,-0.083341,-0.015751
0.007291,-0.116257,-0.041556
0.001205,-0.100159,-0.058394
-0.007816,-0.059657,-0.055835
-0.006869,-0.005316,-0.048886
-0.006780,0.053164,-0.023787
-0.011592,0.121237,0.008741
-0.022101,0.195803,0.032722
-0.019857,0.221337,0.050916
-0.014720,0.203267,0.050577
-0.008584,0.141552,0.030768
-0.005441,0.067123,-0.004027
0.000427,-0.006311,-0.031307
0.004252,-0.066943,-0.056377
0.010970,-0.096736,-0.069402
0.014637,-0.083964,-0.068162
0.017376,-0.040344,-0.052810
0.016253,0.016009,-0.027746
0.010429,0.064789,0.009026
0.001809,0.097622,0.037141
-0.002840,0.101694,0.058605
0.007136,0.092100,0.057453
0.017094,0.069865,0.036937
0.023025,0.041263,0.013139
0.023098,0.010510,-0.010633
0.020082,0.002090,-0.023560
0.012097,0.014913,-0.022452
0.001338,0.038302,-0.008432
-0.006380,0.052072,0.007639
-0.013174,0.059443,0.021554
-0.014999,0.073348,0.022634
-0.015792,0.071287,0.016150
-0.009773,0.051145,0.002036
-0.006802,0.020361,-0.018518
-0.004863,0.000232,-0.036850
-0.003880,-0.006119,-0.045404
0.000001,-0.007156,-0.050718
0.007786,-0.005093,-0.043193
0.010718,-0.004120,-0.032483
0.012579,-0.001090,-0.013185
0.017406,0.013663,0.007296
0.016467,0.038080,0.022475
0.007816,0.064523,0.049459
-0.004734,0.085748,0.062494
-0.009505,0.097406,0.073261
-0.011388,0.094257,0.066823
-0.006445,0.075125,0.058096
-0.003448,0.043244,0.040748
0.000449,0.016705,0.025520
0.002392,0.005068,0.014697
0.001369,0.005142,0.008233
-0.001606,0.001927,0.009286
0.000356,-0.004492,0.010319
-0.002484,-0.021634,0.013492
-0.006318,-0.037642,0.006041
-0.013169,-0.045131,0.001844
-0.023028,-0.048287,-0.004576
-0.021129,-0.060957,-0.020724
-0.018324,-0.069325,-0.036922
-0.010576,-0.071318,-0.050905
-0.007709,-0.073294,-0.065976
-0.005834,-0.078570,-0.073498
-0.000167,-0.084971,-0.073558
0.010393,-0.081795,-0.070328
0.019162,-0.068012,-0.059516
0.029886,-0.042525,-0.042245
0.030847,-0.028832,-0.018654
0.028938,-0.005536,0.005022
0.020201,0.020901,0.033067
0.011378,0.045254,0.056778
0.000664,0.055775,0.077130
-0.001277,0.054653,0.084585
-0.004185,0.051519,0.079152
-0.002171,0.044156,0.070445
-0.004026,0.028322,0.051034
-0.003975,0.008166,0.034865
-0.001042,-0.004497,0.017653
-0.005939,-0.003367,0.008088
-0.010794,0.007314,0.002920
-0.013710,0.022213,0.005246
-0.015678,0.039257,0.008604
-0.012736,0.045642,0.009749
-0.002944,0.031767,0.007549
0.010796,0.009388,0.004142
0.016719,-0.003384,-0.000235
0.015767,-0.005564,0.004050
0.003045,-0.009915,0.014686
-0.005778,-0.012148,0.027476
-0.009819,-0.025008,0.032739
-0.003071,-0.032476,0.032673
0.008648,-0.038794,0.020893
0.009628,-0.030174,0.014474
0.002839,-0.018405,0.012401
-0.013715,-0.000247,0.011463
-0.020640,0.017865,0.015874
-0.027642,0.018941,0.014814
-0.017940,0.005153,0.005065
-0.000264,-0.030954,-0.013475
0.015448,-0.071334,-0.029949
0.019312,-0.103294,-0.033493
0.019160,-0.125725,-0.030490
0.013117,-0.126960,-0.012285
0.009038,-0.117546,0.006073
0.007901,-0.096379,0.022396
0.004868,-0.065604,0.037745
0.002912,-0.026192,0.041401
-0.008751,0.012188,0.043913
-0.007759,0.033503,0.043118
-0.007899,0.055998,0.034719
-0.003948,0.057186,0.022908
0.003099,0.046627,0.009976
0.006148,0.026407,0.004430
0.000279,0.010391,0.007458
-0.007529,-0.002416,0.006308
-0.004630,-0.017382,0.008345
0.000138,-0.018418,0.006163
0.008861,-0.012035,0.009401
0.012744,0.003958,0.013755
0.012782,0.015659,0.020227
0.005000,0.026208,0.034231
-0.009568,0.035636,0.053597
-0.024066,0.046198,0.062338
-0.030871,0.047240,0.061367
-0.032839,0.038773,0.047516
-0.019256,0.043225,0.024067
-0.009458,0.047765,-0.010072
0.003361,0.049100,-0.036908
0.008388,0.039742,-0.060639
0.014245,0.024890,-0.067265
0.006383,0.014158,-0.055692
0.006408,0.001242,-0.039825
0.006378,-0.017054,-0.017612
0.008285,-0.040741,0.008884
0.005364,-0.065428,0.025785
-0.000524,-0.067608,0.031113
-0.012312,-0.053789,0.034508
-0.017283,-0.028079,0.020868
-0.011457,0.006219,-0.000152
-0.004627,0.036237,-0.018041
0.004208,0.055665,-0.045643
0.008239,0.053571,-0.052040
0.008348,0.057846,-0.053067
0.005480,0.051311,-0.038134
0.013326,0.040531,-0.021208
0.016298,0.027621,-0.006402
0.013490,0.003961,0.017934
0.006711,-0.021762,0.029513
-0.003101,-0.039998,0.035884
-0.010061,-0.046458,0.038070
-0.014056,-0.038922,0.025412
-0.010255,-0.029190,0.006334
-0.001533,-0.010875,-0.014882
0.004308,0.018093,-0.028643
0.002419,0.045920,-0.033854
-0.002414,0.072571,-0.026238
-0.011139,0.078877,-0.011290
-0.020755,0.071349,-0.002834
-0.026467,0.053250,-0.008328
-0.018559,0.027741,-0.021355
-0.014611,0.004441,-0.042929
-0.008745,-0.019886,-0.071941
0.001008,-0.043203,-0.093470
0.008697,-0.060198,-0.105323
0.017415,-0.062316,-0.110611
0.027097,-0.049689,-0.090170
0.030910,-0.039247,-0.060199
0.028900,-0.027776,-0.024889
0.022984,-0.019537,0.015698
0.013209,-0.014439,0.047739
0.004439,-0.010300,0.064844
-0.002376,-0.009213,0.060617
-0.002424,0.000550,0.040413
0.004383,0.016805,0.010619
0.007370,0.033034,-0.017017
0.011362,0.049238,-0.039361
0.018308,0.042962,-0.053340
0.018291,0.015146,-0.042930
0.018250,-0.020232,-0.020841
0.016272,-0.055670,0.006638
0.011257,-0.080421,0.034162
0.003313,-0.093423,0.060713
-0.002664,-0.075339,0.070427
-0.005677,-0.030478,0.067554
-0.004721,0.025135,0.057242
-0.004621,0.061620,0.037149
0.000470,0.069213,0.023295
0.002538,0.053331,0.006102
0.000659,0.024501,0.003814
0.001666,-0.019273,-0.000677
0.008470,-0.059891,0.000205
0.015145,-0.078116,0.007592
0.016933,-0.057982,0.023815
0.013888,-0.011154,0.040223
0.012853,0.045239,0.062044
0.009005,0.093089,0.084856
0.003302,0.117526,0.102074
-0.007221,0.105777,0.104093
-0.009026,0.075942,0.099542
-0.014853,0.037641,0.087415
-0.014805,-0.008271,0.089189
-0.014862,-0.042295,0.069757
-0.010120,-0.047523,0.052697
-0.005313,-0.024858,0.018752
-0.008247,-0.000150,-0.002387
-0.018956,0.034039,-0.009527
-0.034499,0.074597,-0.011296
-0.044157,0.107647,-0.007799
-0.047935,0.106634,-0.015270
-0.034157,0.065155,-0.031668
-0.018439,0.018382,-0.053451
-0.006692,-0.004892,-0.073002
0.000132,-0.012179,-0.090277
-0.007710,-0.012157,-0.089285
-0.010748,-0.012213,-0.077638
-0.011776,-0.012200,-0.075580
-0.006829,-0.025042,-0.072455
0.004881,-0.033548,-0.078880
0.015657,-0.032437,-0.086308
0.022506,-0.017452,-0.093620
0.029295,0.003812,-0.084869
0.031246,0.050657,-0.071642
0.031204,0.052591,-0.051229
0.041072,0.092877,-0.020918
0.039218,0.122473,0.011447
0.048201,0.142561,0.033022
0.045447,0.163638,0.063175
0.038771,0.189062,0.090025
0.037953,0.208092,0.113658
0.024434,0.199374,0.137065
0.014810,0.174798,0.140081
0.009149,0.139617,0.136557
-0.007180,0.114063,0.127828
-0.025552,0.108792,0.116110
-0.039205,0.125952,0.101389
-0.047962,0.160215,0.084646
-0.044872,0.191364,0.062415
-0.032986,0.192698,0.033490
-0.017123,0.155584,0.009554
-0.016972,0.085330,-0.009276
-0.014996,-0.009604,-0.013316
-0.016021,-0.087460,-0.018269
-0.023893,-0.136532,-0.020813
-0.023045,-0.137573,-0.024027
-0.027100,-0.114073,-0.025983
-0.028222,-0.061682,-0.039403
-0.031155,0.018455,-0.052596
-0.024319,0.100707,-0.065717
-0.013476,0.161674,-0.083351
0.000411,0.187375,-0.096970
0.018311,0.164984,-0.099298
0.028271,0.121090,-0.086746
0.032248,0.070754,-0.065777
0.035214,0.025702,-0.036266
0.035206,-0.022536,-0.007863
0.037058,-0.061179,0.020643
0.033994,-0.080545,0.038672
0.030004,-0.045424,0.045486
0.031884,0.015321,0.048303
0.033819,0.085680,0.053261
0.029040,0.129424,0.052603
0.022405,0.147479,0.060303
0.009807,0.151649,0.070009
-0.002846,0.136552,0.083888
-0.020331,0.111890,0.096541
-0.032894,0.094803,0.100613
-0.040647,0.075784,0.084270
-0.039747,0.044035,0.062394
-0.036805,0.003807,0.031930
-0.026090,-0.025672,-0.009106
-0.020278,-0.052017,-0.043665
-0.016335,-0.077382,-0.069624
-0.014417,-0.092201,-0.081568
-0.009578,-0.095399,-0.081604
-0.006742,-0.100786,-0.076284
0.001027,-0.111597,-0.062414
0.006876,-0.116008,-0.048481
0.009770,-0.117248,-0.033399
0.005743,-0.085388,-0.021224
0.005608,-0.034199,-0.019660
0.005564,0.019141,-0.022309
0.005575,0.062900,-0.021958
0.009584,0.088620,-0.031442
0.018443,0.087653,-0.037988
0.023428,0.057751,-0.027722
0.024502,0.011806,-0.015403
0.020623,-0.024595,0.001335
0.017674,-0.052500,0.021389
0.016609,-0.065451,0.039440
0.011672,-0.062419,0.051409
0.005737,-0.041154,0.051792
0.007605,-0.010260,0.050100
0.003733,0.020671,0.044126
0.004796,0.042010,0.040132
-0.005016,0.063339,0.041393
-0.014755,0.080399,0.047846
-0.022506,0.079341,0.054087
-0.022498,0.065563,0.055814
-0.019507,0.021954,0.049842
-0.008771,-0.037631,0.038430
-0.003965,-0.090795,0.020745
-0.007995,-0.134436,0.007538
-0.011030,-0.158896,-0.006482
-0.016990,-0.167354,-0.022447
-0.013207,-0.145989,-0.035922
-0.003535,-0.108590,-0.049330
0.004222,-0.061629,-0.056275
0.008082,-0.019003,-0.054717
0.007064,0.025689,-0.040414
0.005115,0.062876,-0.017713
0.004255,0.089369,0.009139
0.005335,0.093461,0.036826
0.012241,0.070976,0.052520
0.013246,0.042134,0.061769
0.011277,0.012241,0.062597
0.017096,-0.017573,0.050673
0.016096,-0.033506,0.035704
0.018043,-0.025945,0.017750
0.018013,0.014605,0.012865
0.009190,0.066860,0.014437
0.003383,0.116912,0.025585
-0.006271,0.151990,0.045062
-0.007093,0.166823,0.063246
-0.005986,0.151842,0.074730
-0.000974,0.100647,0.077368
0.002967,0.032407,0.072465
0.001048,-0.028299,0.058046
-0.001894,-0.062341,0.042840
-0.004909,-0.071831,0.025729
-0.002102,-0.062155,0.013075
-0.001188,-0.042899,0.004746
-0.003181,-0.014096,0.006057
-0.004133,0.002928,0.009467
-0.002145,0.020973,0.021375
-0.005097,0.024064,0.035284
-0.008028,0.014382,0.044819
-0.014858,0.014345,0.048052
