-0.005428,0.026694,-0.031740
-0.005326,0.020386,-0.041453
-0.003283,0.011836,-0.037308
-0.005232,-0.005382,-0.015100
-0.006253,-0.009856,0.010498
-0.002388,-0.007809,0.023294
0.003441,-0.000273,0.020046
0.007330,0.010382,0.023317
0.004333,0.017774,0.031947
0.000410,0.026533,-0.017710
-0.002487,0.009704,-0.063798
-0.050935,-0.023658,-0.053928
-0.078893,-0.003185,0.074352
-0.041073,-0.004269,-0.008935
0.003566,-0.009597,-0.022597
-0.019042,-0.017990,-0.036638
-0.018001,-0.026492,-0.045167
-0.024836,-0.035097,-0.040877
-0.027921,-0.037259,-0.039778
-0.014054,-0.037241,-0.041916
0.001826,-0.025381,-0.052594
0.017501,-0.015694,-0.059004
0.024863,-0.005050,-0.052566
0.027467,0.002218,-0.028969
0.027185,0.015856,-0.001053
0.028976,0.024288,0.012889
0.030802,0.031760,0.016084
0.028634,0.021031,0.025557
0.022541,0.005871,0.050060
0.023277,-0.003889,0.065029
0.022128,-0.000775,0.069465
0.014294,0.009917,0.065318
0.004487,0.024947,0.052658
-0.004419,0.030383,0.037800
-0.006487,0.021963,0.023831
-0.008453,-0.003507,0.006515
-0.012325,-0.033314,-0.002291
-0.013319,-0.059971,-0.004662
-0.014324,-0.071745,-0.000486
-0.016308,-0.065356,0.000650
-0.012451,-0.037553,-0.006589
-0.007542,-0.017272,-0.006433
-0.007594,-0.000331,0.009744
-0.003710,0.012483,0.006691
0.001180,0.027476,0.002496
-0.002677,0.029728,-0.007206
-0.003632,0.027688,-0.013746
-0.009503,0.006237,-0.000045
-0.016374,-0.015192,0.008366
-0.016369,-0.025755,-0.007693
-0.015381,-0.016009,-0.025761
-0.019307,-0.002036,-0.037409
-0.017409,0.011892,-0.044757
-0.013519,0.013062,-0.057565
-0.009592,-0.000816,-0.057666
-0.010554,-0.019989,-0.061057
-0.006651,-0.029592,-0.064279
-0.004724,-0.039281,-0.056818
0.003052,-0.048972,-0.049354
0.006974,-0.044846,-0.034304
0.007966,-0.043876,-0.023583
0.005969,-0.027877,-0.022382
0.005922,-0.013011,-0.013699
0.007844,0.000876,-0.013619
0.006932,0.003038,-0.013672
0.017707,-0.008606,-0.020293
0.018768,-0.027795,-0.017364
0.028536,-0.040594,-0.015398
0.029469,-0.049099,-0.019740
0.023604,-0.044749,-0.028284
0.015820,-0.030823,-0.036669
0.008024,-0.006271,-0.039622
0.005147,0.012963,-0.043711
0.005196,0.019327,-0.038327
0.004213,0.027788,-0.030736
-0.002659,0.020169,-0.017860
-0.009515,0.008295,-0.005055
-0.021203,-0.012200,0.018355
-0.022179,-0.023021,0.033296
-0.014389,-0.030560,0.039687
-0.005596,-0.036961,0.040677
0.007094,-0.037823,0.018171
0.011032,-0.026966,-0.002094
0.015907,-0.008575,-0.027693
0.016863,-0.002008,-0.044801
0.012921,-0.006310,-0.038476
0.009046,-0.010661,-0.027837
0.011039,-0.009581,-0.026815
0.007165,-0.014913,-0.023731
0.002323,-0.024599,-0.014187
0.005236,-0.029997,-0.005704
0.011121,-0.025766,-0.001387
0.011101,-0.013018,0.007237
0.003184,0.006012,0.028778
-0.009646,0.029266,0.049428
-0.021408,0.048334,0.061459
-0.025242,0.053654,0.060497
-0.016345,0.045217,0.049708
-0.005586,0.031506,0.031393
0.006097,0.014499,0.021661
0.009945,0.006053,0.012987
0.007016,-0.002495,0.013990
0.005124,-0.016289,0.003208
0.009134,-0.024712,-0.009710
0.013134,-0.031934,-0.038655
0.012206,-0.039341,-0.042019
0.011179,-0.049063,-0.029244
0.010129,-0.054535,-0.013245
0.013004,-0.045134,0.011420
0.010976,-0.014460,0.041675
0.001095,0.020579,0.058116
-0.001878,0.046116,0.062707
-0.001871,0.066421,0.058617
0.004030,0.066489,0.051118
0.005945,0.047339,0.046619
0.005893,0.023920,0.042090
0.002933,0.000422,0.045088
-0.010779,-0.014529,0.044991
-0.019570,-0.022986,0.036346
-0.017581,-0.029233,0.019151
-0.013661,-0.031247,0.006269
-0.004888,-0.021521,-0.004426
-0.002061,-0.025807,-0.001279
0.002794,-0.015165,0.003069
-0.002104,-0.014218,0.016988
-0.006968,0.000634,0.025708
-0.003018,0.011366,0.019364
0.006757,0.020971,0.020489
0.004760,0.015556,0.027972
0.005709,0.017724,0.020580
-0.002115,0.016725,0.013076
-0.007937,0.007064,0.020465
-0.000118,-0.003621,0.022502
0.002796,-0.007877,0.022433
0.003750,-0.010064,0.029875
-0.000214,-0.011154,0.030972
-0.001232,-0.004792,0.033221
0.002636,0.020908,0.019607
0.009506,0.041326,0.004764
0.010475,0.039232,0.001505
0.003632,0.022160,0.001356
-0.001242,-0.016359,0.012806
-0.006111,-0.058129,0.031679
-0.006099,-0.078366,0.028271
-0.001172,-0.086625,-0.004948
0.001777,-0.087503,-0.024275
0.003682,-0.082067,-0.033906
0.006544,-0.069376,-0.019904
0.010383,-0.048221,0.002729
0.006389,-0.026052,0.030735
-0.000511,0.005810,0.047087
-0.008338,0.032448,0.050553
-0.000505,0.062302,0.051914
0.002431,0.069862,0.039192
0.006344,0.059263,0.029503
0.008294,0.031407,0.043154
0.008285,-0.005995,0.050299
0.019032,-0.034676,0.034028
0.020013,-0.050552,0.017865
0.005350,-0.051470,-0.000311
-0.010282,-0.047172,-0.003489
-0.022031,-0.037623,0.001965
-0.024979,-0.030227,0.010586
-0.020113,-0.022905,0.028812
-0.015296,-0.001472,0.019343
-0.005541,0.016784,0.007691
-0.002622,0.027435,0.013062
-0.004607,0.035978,0.013119
-0.003662,0.034917,0.012048
-0.007554,0.021088,0.010773
-0.005566,0.009403,0.007396
-0.005559,-0.007708,0.012580
-0.004659,-0.009909,0.020057
-0.000813,-0.001262,0.004155
0.001163,0.012824,-0.021385
0.000324,0.015152,-0.042789
0.000397,0.008755,-0.045992
-0.002526,-0.009519,-0.034295
-0.006449,-0.020496,-0.000121
-0.008459,-0.023902,0.021301
-0.005564,-0.010083,0.025740
-0.004606,0.007031,0.021597
-0.002650,0.025314,0.006737
-0.000722,0.028567,0.003492
-0.003691,0.030700,0.005603
-0.009551,0.016732,0.020376
-0.012500,0.000770,0.019081
-0.005628,-0.010821,0.006047
0.000279,-0.020283,-0.004864
0.008073,-0.020170,-0.015615
0.014865,-0.014703,-0.030552
0.008972,0.001346,-0.034712
0.008064,0.006820,-0.048625
0.013088,0.004726,-0.053976
0.011199,-0.001759,-0.044401
-0.001497,-0.002983,-0.026223
-0.005461,0.010599,0.009162
-0.004587,0.025243,0.040388
-0.011454,0.026085,0.061901
-0.013355,0.027120,0.058857
-0.015217,0.019739,0.044967
-0.012246,0.014530,0.028904
-0.003487,0.005123,0.006349
0.003290,-0.015093,-0.003390
0.002312,-0.037456,-0.009977
0.005342,-0.053410,-0.018615
0.009343,-0.059658,-0.035803
0.017180,-0.052159,-0.037910
0.015215,-0.045697,-0.045330
0.021021,-0.023216,-0.052646
0.013183,-0.004129,-0.038576
0.004366,0.013788,-0.010648
-0.000566,0.031715,0.013070
-0.003505,0.041157,0.032400
-0.004483,0.044226,0.049504
0.000358,0.039937,0.052659
0.005196,0.021773,0.054658
0.009092,0.006824,0.053510
0.005165,-0.003781,0.045928
0.002183,-0.002593,0.032025
0.000222,-0.003562,0.022348
-0.006611,-0.010949,0.011612
-0.016417,-0.018456,0.013738
-0.023267,-0.020636,0.018024
-0.021310,-0.023760,0.007335
-0.015448,-0.025736,-0.014011
-0.010510,-0.025570,-0.036405
-0.009479,-0.021176,-0.050293
-0.007540,-0.015806,-0.054519
-0.004622,-0.012578,-0.055608
-0.004596,-0.017012,-0.034296
-0.005584,-0.009789,-0.004305
-0.005652,0.006045,0.015101
-0.006682,0.024110,0.025911
0.004042,0.033675,0.033412
0.007977,0.033819,0.018396
0.010007,0.022249,0.003219
0.007087,0.016973,-0.000119
0.001164,0.005203,0.005095
0.002070,-0.002388,0.015806
0.000107,-0.006560,0.001920
0.004085,-0.004246,-0.019447
0.006081,0.011873,-0.036338
-0.003696,0.022597,-0.046843
-0.007596,0.030015,-0.044553
-0.012415,0.023567,-0.039259
-0.012278,0.003189,-0.026613
-0.012244,-0.021544,-0.005410
-0.006427,-0.036604,0.008374
0.002295,-0.039785,0.008295
0.009110,-0.035458,0.005043
0.012071,-0.027899,-0.003494
0.017956,-0.017122,-0.013095
0.019906,-0.007446,-0.017386
0.020852,0.001149,-0.020603
0.017887,0.004260,-0.007789
0.006106,0.011592,0.007275
-0.002678,0.024299,0.016005
-0.002686,0.025213,0.032101
-0.002661,0.023024,0.037456
-0.002631,0.025277,0.020432
-0.003602,0.028727,-0.010518
-0.000604,0.022587,-0.041587
-0.001522,-0.002911,-0.052553
-0.001460,-0.030774,-0.038885
-0.000484,-0.048019,-0.018711
-0.002436,-0.049177,-0.008025
-0.010306,-0.037581,0.008133
-0.013297,-0.020660,0.025409
-0.005510,-0.003629,0.030894
0.004286,0.010226,0.032100
0.011112,0.029522,0.020528
0.007197,0.022015,0.026837
0.010087,0.028418,0.025845
0.016004,0.032772,0.015200
0.007207,0.037116,0.004582
-0.007495,0.041317,0.012114
-0.010427,0.036953,0.022785
-0.011373,0.030426,0.034559
-0.010396,0.015568,0.022714
-0.003570,0.002996,-0.005192
0.000400,-0.008490,-0.034184
-0.003467,-0.015826,-0.050286
-0.014210,-0.022234,-0.048234
-0.017152,-0.033082,-0.026944
-0.019154,-0.034334,-0.004509
-0.012316,-0.022622,-0.003296
-0.002574,0.004184,-0.017002
0.000321,0.026561,-0.013590
0.003208,0.036091,-0.007040
0.006086,0.030625,0.005803
0.010968,0.020941,0.014296
0.015912,0.029540,0.010023
0.019830,0.030746,-0.003926
0.019737,0.033928,0.000335
0.010953,0.016746,0.011977
-0.002662,-0.007967,0.029993
-0.009435,-0.021873,0.033101
-0.011364,-0.027088,0.019146
-0.001552,-0.023638,-0.009712
0.008199,-0.032048,-0.023712
0.020834,-0.025573,-0.034304
0.020756,-0.026816,-0.017121
0.014830,-0.002483,0.004552
0.007014,0.011301,0.012222
0.009016,0.016608,0.015479
0.009094,0.013467,0.009018
0.010075,0.007115,0.004648
0.014905,0.007125,0.002529
0.010881,0.003770,0.022774
0.009827,-0.002883,0.053703
0.008833,-0.000808,0.062243
0.008889,-0.000765,0.061084
0.011843,0.004663,0.052521
0.014695,0.004685,0.051414
0.026336,-0.001670,0.049146
0.022398,-0.014490,0.050121
0.022376,-0.017630,0.042615
0.015512,-0.018619,0.032989
0.008635,-0.025067,0.038283
0.007607,-0.021930,0.043706
0.004621,-0.011271,0.042783
-0.001273,-0.007146,0.059925
-0.009148,0.003430,0.068629
-0.012112,0.007697,0.068671
-0.007246,0.006675,0.062269
-0.005291,0.001398,0.059981
-0.002355,-0.024121,0.054294
0.007400,-0.047416,0.037937
0.014179,-0.067589,0.031223
0.009232,-0.081535,0.041757
0.012063,-0.071949,0.041886
0.004189,-0.055847,0.026084
0.000277,-0.018457,0.016881
-0.014424,0.014474,0.029053
-0.022352,0.043105,0.044410
-0.025303,0.047268,0.054134
-0.014531,0.045049,0.062703
-0.008676,0.032225,0.065781
-0.009717,0.014119,0.064490
-0.002940,-0.007106,0.053547
-0.000050,-0.025238,0.055463
-0.003042,-0.044542,0.068102
-0.007020,-0.048852,0.073403
-0.012027,-0.031799,0.075691
-0.013060,-0.011378,0.058748
-0.009186,0.014480,0.029037
-0.006234,0.027590,-0.010343
-0.009172,0.029849,-0.027384
-0.013995,0.019129,-0.023164
-0.012933,-0.001176,-0.020119
-0.010908,-0.023481,-0.029992
-0.008931,-0.028956,-0.011894
-0.015895,-0.023891,0.019185
-0.022904,-0.008102,0.041847
-0.028837,0.012014,0.059167
-0.024896,0.026882,0.067848
-0.013154,0.039870,0.048655
0.000505,0.040116,0.021867
0.007309,0.029644,0.001388
0.011156,0.013747,-0.010538
0.014090,-0.004242,-0.026773
0.013203,-0.020071,-0.043058
0.013321,-0.031697,-0.051816
0.004570,-0.045619,-0.044485
-0.004338,-0.043658,-0.024144
-0.010281,-0.029990,-0.003627
-0.011293,-0.009811,0.005162
-0.001502,0.015839,0.001096
0.005420,0.030905,-0.015843
0.009388,0.034082,-0.013660
0.004509,0.035003,0.004507
-0.003401,0.035842,0.030211
-0.008321,0.025085,0.039757
-0.010227,0.007931,0.048190
-0.014105,0.002577,0.048194
-0.014164,0.012267,0.036544
-0.009375,0.028371,0.024921
-0.005518,0.033892,0.003568
0.002318,0.040490,-0.019895
0.003378,0.029970,-0.039205
-0.000464,0.006549,-0.044776
-0.000433,-0.018017,-0.040740
0.006441,-0.031983,-0.029109
0.004491,-0.039645,-0.006707
-0.002395,-0.031282,0.012641
-0.003372,-0.005741,0.019315
-0.004368,0.018834,0.017349
0.002478,0.038071,0.016388
0.013238,0.043508,0.006756
0.022019,0.038210,0.006612
0.023963,0.018979,0.010693
0.021032,0.003954,0.021249
0.019111,-0.011922,0.007177
0.017157,-0.017168,-0.002512
0.012262,-0.006476,-0.006659
0.009218,0.010637,-0.013938
0.000400,0.022198,0.002311
-0.008419,0.024122,0.022746
-0.017215,0.019647,0.043118
-0.018168,0.007825,0.052651
-0.016211,-0.004956,0.050388
-0.012312,-0.017697,0.041745
-0.012315,-0.019637,0.019258
-0.013303,-0.013132,0.008588
-0.013334,-0.009853,0.002137
-0.008472,-0.012919,-0.013929
-0.004501,-0.016967,-0.037547
0.000448,-0.016841,-0.048337
0.003355,-0.020017,-0.047383
0.010148,-0.015737,-0.045284
0.014065,-0.021164,-0.031495
0.014038,-0.031982,-0.011336
0.020908,-0.036323,-0.001768
0.027785,-0.036368,0.004623
0.025783,-0.031229,0.027144
0.016842,-0.017543,0.046572
0.012843,0.010043,0.060816
0.002068,0.026946,0.078137
-0.005779,0.050278,0.091261
-0.014590,0.066320,0.081892
-0.012699,0.067559,0.057401
-0.012663,0.036779,0.041019
-0.012585,-0.003503,0.013833
-0.010599,-0.046012,-0.004763
-0.009622,-0.082049,-0.031853
-0.006733,-0.091549,-0.043711
-0.014526,-0.083020,-0.041526
-0.014539,-0.057393,-0.040306
-0.013531,-0.027489,-0.042212
-0.006652,0.000214,-0.036640
-0.006651,0.017155,-0.021509
-0.006705,0.031881,0.002181
-0.001837,0.040250,0.020470
0.001095,0.032731,0.025766
0.005061,0.014564,0.027772
0.001218,-0.014209,0.022201
0.002235,-0.024802,0.011449
0.003208,-0.016075,-0.011981
0.000242,-0.004181,-0.030068
-0.003647,-0.001046,-0.021505
-0.005593,-0.004301,-0.015117
-0.003625,-0.006523,-0.007584
-0.002678,-0.007710,0.005269
-0.001788,0.008237,0.009744
-0.002765,0.020995,0.013112
-0.004690,0.033805,0.011117
-0.008594,0.047702,0.006986
-0.001804,0.051930,0.011311
0.002038,0.051906,0.015558
0.004963,0.034858,0.013254
0.007972,0.020015,0.003465
0.011890,0.007219,0.006471
0.007000,-0.004507,0.007385
0.007968,-0.015143,0.004067
0.006076,-0.030008,-0.003575
0.008084,-0.037413,-0.009038
0.008033,-0.024653,-0.004627
0.005956,0.003987,0.011750
-0.003940,0.030500,0.027046
-0.010840,0.047564,0.025125
-0.009769,0.048700,0.015542
-0.006725,0.040364,-0.008062
-0.001781,0.025603,-0.027478
0.003068,-0.001041,-0.029882
0.000097,-0.039645,-0.005662
0.001987,-0.065424,0.012337
0.007863,-0.076106,0.013323
0.016685,-0.072670,-0.010269
0.018641,-0.060852,-0.016654
0.016618,-0.036460,0.000681
0.015519,-0.012078,0.015951
0.012495,0.014611,0.014056
0.007737,0.025299,0.012010
0.003938,0.012403,0.022598
0.007833,0.003830,0.025756
0.013646,-0.005794,0.027818
0.008694,-0.016547,0.037354
0.001799,-0.011219,0.037421
-0.003106,-0.005877,0.036403
-0.008960,-0.005925,0.042802
-0.010963,-0.011289,0.045967
-0.011978,-0.019821,0.042746
-0.010959,-0.032357,0.011609
-0.007980,-0.039574,-0.015261
-0.008934,-0.044843,-0.018617
-0.007957,-0.046855,-0.030456
-0.004048,-0.045806,-0.026218
-0.001136,-0.041515,-0.027287
-0.003069,-0.033986,-0.032609
-0.006961,-0.012755,-0.019587
-0.016762,0.002041,-0.002353
-0.017778,0.024333,0.009645
-0.021744,0.041184,0.033380
-0.017858,0.051754,0.042101
-0.009116,0.079587,0.031646
-0.000312,0.110648,0.016965
-0.003183,0.119240,0.010619
-0.010083,0.102157,0.013637
-0.015914,0.060542,0.011187
-0.025589,-0.004580,0.013848
-0.021659,-0.059934,0.000476
-0.013874,-0.092810,-0.023344
-0.008951,-0.122510,-0.039751
-0.008921,-0.126518,-0.064518
0.001827,-0.115693,-0.081562
0.005797,-0.091109,-0.084598
0.005764,-0.050623,-0.076767
0.009665,-0.002640,-0.072086
0.005768,0.032396,-0.051453
0.006801,0.053505,-0.023471
0.008810,0.065055,-0.000918
0.014743,0.065023,0.003347
0.015802,0.056450,0.008598
0.011926,0.053196,0.012890
-0.005687,0.048820,0.022548
-0.023347,0.034770,0.039627
-0.022417,0.026210,0.039616
-0.019430,0.006073,0.020263
-0.004689,-0.008756,0.006254
0.008023,-0.019314,-0.009821
0.016705,-0.025709,-0.015124
0.017654,-0.028906,-0.019344
0.014798,-0.026694,-0.029987
0.016822,-0.019188,-0.036294
0.022756,-0.014936,-0.034124
0.029552,-0.007501,-0.028741
0.032430,-0.011879,-0.015940
0.030438,-0.008863,0.005486
0.023573,-0.008993,0.020466
0.014772,-0.001606,0.030155
0.014762,0.007918,0.041949
0.014740,0.005766,0.046162
0.021506,0.007917,0.046135
0.019480,-0.000671,0.051426
0.014536,0.000356,0.056769
0.012556,-0.001697,0.047126
0.008616,-0.005898,0.039594
0.002753,-0.003659,0.025744
-0.000171,-0.005729,0.016145
-0.003167,-0.004721,0.019446
-0.011997,-0.002683,0.027034
-0.015923,0.002561,0.035689
-0.023684,0.001469,0.037837
-0.022700,0.007941,0.030387
-0.018842,0.013322,0.027177
-0.020844,0.012237,0.029306
-0.020910,0.004770,0.030281
-0.017056,-0.008066,0.034437
-0.006350,-0.014385,0.028935
0.008243,-0.016356,0.014895
0.013077,-0.020584,0.012662
0.011074,-0.031254,0.012569
0.006139,-0.034463,0.012562
0.001322,-0.030154,0.005173
-0.005446,-0.019508,0.005328
-0.013362,0.019881,0.013227
-0.017379,0.056076,0.018988
-0.017422,0.078419,0.023533
-0.017355,0.081636,0.019337
-0.017285,0.072028,0.019266
-0.021156,0.050650,0.024408
-0.030921,0.031445,0.024239
-0.034856,0.025121,0.017704
-0.033907,0.018856,0.003694
-0.025137,0.008421,-0.022111
-0.012386,-0.013765,-0.042750
-0.001593,-0.031685,-0.065442
0.006279,-0.041138,-0.080559
0.012179,-0.053826,-0.092477
0.016184,-0.063346,-0.100100
0.020238,-0.075079,-0.099167
0.018343,-0.077365,-0.081008
0.020236,-0.058386,-0.056197
0.020192,-0.034075,-0.032374
0.017292,-0.020507,-0.000087
0.006637,-0.005865,0.029051
-0.002102,0.011087,0.039970
-0.008000,0.032317,0.051950
-0.006140,0.048326,0.053124
0.008423,0.051667,0.039188
0.020148,0.041277,0.009082
0.023133,0.024454,-0.017860
0.021264,0.006499,-0.036278
0.007639,-0.019069,-0.038695
-0.000229,-0.032005,-0.021731
-0.000257,-0.028864,-0.013179
0.005587,-0.008555,-0.015186
0.010474,0.020296,-0.018185
0.013391,0.034120,-0.011666
0.013455,0.031820,0.005481
0.014491,0.018897,0.019275
0.009637,0.002755,0.034133
0.008582,-0.008081,0.050163
0.006508,-0.012437,0.056628
0.001576,-0.016769,0.058851
-0.006243,-0.018948,0.059997
-0.011159,-0.005022,0.049516
-0.018013,0.008918,0.038999
-0.019040,0.019732,0.021982
-0.020062,0.020953,0.004858
-0.023930,-0.001292,-0.013538
-0.021902,-0.029956,-0.027764
-0.014030,-0.052215,-0.039848
-0.004239,-0.062755,-0.050739
0.000696,-0.060468,-0.062623
0.001674,-0.050742,-0.072274
0.004605,-0.039066,-0.060508
0.008491,-0.022146,-0.039048
0.007461,-0.007485,-0.003683
0.013230,0.021087,0.024376
0.007296,0.037953,0.047024
-0.000524,0.048428,0.065403
-0.006394,0.056826,0.077343
-0.006383,0.057836,0.080637
-0.013203,0.053629,0.068939
-0.015163,0.046321,0.046492
-0.016158,0.043387,0.013346
-0.010255,0.025636,-0.031746
-0.005268,0.004535,-0.056609
-0.003234,-0.022025,-0.067598
-0.002250,-0.041210,-0.067819
-0.000288,-0.047571,-0.071120
0.003646,-0.049789,-0.057324
0.008559,-0.044511,-0.048762
0.012483,-0.039290,-0.033777
0.012461,-0.034165,-0.009129
0.018271,-0.012906,0.003816
0.025095,0.004101,0.011456
0.029969,0.024296,0.024384
0.030885,0.041349,0.027720
0.025979,0.041226,0.042682
0.017143,0.029261,0.066181
-0.001422,0.004581,0.078879
-0.009172,-0.016752,0.073449
-0.009138,-0.033664,0.053011
-0.006263,-0.027995,0.013493
0.001531,-0.009480,-0.031253
0.002484,-0.001866,-0.048301
-0.005296,-0.009315,-0.051556
-0.013056,-0.027649,-0.030288
-0.016960,-0.042852,-0.000443
-0.012086,-0.041848,0.007050
-0.002282,-0.033206,-0.002566
0.012388,-0.021358,-0.013210
0.019179,-0.012972,0.005033
0.022013,0.003943,0.023371
0.021970,0.024215,0.024596
0.017102,0.041210,0.035401
0.008290,0.044228,0.055777
0.002359,0.032410,0.065300
0.002329,0.030335,0.056761
-0.004475,0.021940,0.040631
-0.016220,0.018869,0.024576
-0.027976,0.009353,0.013810
-0.026032,-0.011958,0.008320
-0.027965,-0.035411,0.004923
-0.026989,-0.044942,-0.004760
-0.017224,-0.038395,-0.022861
-0.011362,-0.028694,-0.035585
-0.006434,-0.014767,-0.040836
-0.006401,-0.008380,-0.040741
-0.003430,-0.009506,-0.034323
0.000507,-0.008565,-0.019343
0.006355,-0.003264,-0.015027
0.011226,0.004208,-0.014969
0.013148,0.006302,-0.011708
0.010192,0.011484,0.005469
-0.002508,0.011304,0.023719
-0.012298,0.011165,0.037676
-0.014267,0.014375,0.034542
-0.011271,0.012300,0.028095
-0.006353,0.007124,0.010903
0.000435,0.001989,-0.011627
0.000445,-0.003178,-0.029890
-0.008354,-0.017093,-0.025714
-0.017203,-0.022432,-0.025748
-0.021081,-0.025666,-0.023599
-0.021043,-0.026762,-0.021441
-0.017078,-0.011759,-0.029848
-0.009276,0.001104,-0.036164
0.000457,0.008651,-0.043624
0.009268,0.008719,-0.049029
0.021066,0.008815,-0.058693
0.020161,0.006707,-0.057733
0.018267,-0.011510,-0.045139
0.018319,-0.027688,-0.023912
0.018330,-0.040630,-0.004837
0.023211,-0.039610,0.001567
0.023167,-0.025879,0.019833
0.022113,-0.002534,0.033972
0.013268,0.019822,0.036392
0.001568,0.033648,0.037674
-0.007222,0.041025,0.044253
-0.015055,0.032445,0.046387
-0.017011,0.017531,0.038872
-0.014072,-0.009016,0.021574
-0.007212,-0.036459,-0.012912
-0.000295,-0.051140,-0.042999
-0.001226,-0.063808,-0.060198
-0.007118,-0.060504,-0.071939
-0.005112,-0.057221,-0.078399
-0.005985,-0.067056,-0.049643
-0.011870,-0.058768,-0.018593
-0.010060,-0.033280,-0.002371
-0.005226,-0.004529,0.007444
-0.001318,0.018918,0.015040
0.007504,0.040336,0.008747
0.016329,0.039269,0.010827
0.014375,0.028565,0.016051
0.014370,0.017889,0.018067
0.014409,-0.001334,0.020037
0.017418,-0.019317,0.002740
0.025289,-0.037207,-0.025260
0.026307,-0.042357,-0.047753
0.021391,-0.039114,-0.055155
0.009589,-0.030708,-0.042189
-0.007028,-0.026719,-0.014233
-0.010907,-0.031284,0.015787
-0.007885,-0.031414,0.028675
0.002882,-0.028164,0.022299
0.003816,-0.011052,0.019207
-0.000179,0.008085,0.027920
-0.009149,0.017508,0.048346
-0.012199,0.027034,0.055950
-0.010164,0.027113,0.046331
-0.006143,0.019843,0.024831
0.000757,0.001946,-0.001058
0.009585,-0.024610,-0.015195
0.012560,-0.053402,-0.017583
0.007679,-0.069339,-0.025219
0.003801,-0.070394,-0.028398
0.003751,-0.057643,-0.021872
0.004648,-0.043902,-0.007817
0.007483,-0.021591,0.002039
0.008451,0.001813,0.007655
0.009428,0.018793,0.017459
0.005511,0.027216,0.028285
0.004478,0.026039,0.040064
0.004445,0.015336,0.043197
0.005366,0.003551,0.048448
0.004362,-0.019886,0.043965
0.003382,-0.042216,0.034156
-0.001510,-0.060273,0.026463
0.003406,-0.064350,0.006058
0.004322,-0.047082,-0.017313
-0.001617,-0.016029,-0.029878
-0.015363,0.014840,-0.022095
-0.023202,0.035991,-0.001548
-0.021206,0.034812,0.011287
-0.010358,0.013426,0.018541
-0.001518,-0.013268,0.021495
0.001376,-0.040047,0.034086
0.004162,-0.050792,0.042553
0.002103,-0.033771,0.047017
-0.002822,-0.008129,0.042968
-0.004766,0.027261,0.022938
-0.005727,0.050828,0.012442
-0.001808,0.060570,-0.001432
-0.001813,0.057406,-0.005740
-0.002780,0.037141,-0.006982
-0.001820,0.012650,-0.013602
-0.004659,-0.010646,-0.033094
-0.004544,-0.028729,-0.037582
-0.003579,-0.046947,-0.028122
-0.005641,-0.058868,-0.006829
-0.003749,-0.048405,0.015768
-0.003776,-0.024936,0.015986
-0.004757,0.013484,0.016299
-0.010649,0.045431,0.021971
-0.013636,0.061348,0.030704
-0.010704,0.046466,0.023107
-0.004785,0.025276,0.005799
0.000198,-0.003327,-0.015908
0.001216,-0.027798,-0.023624
0.002104,-0.027696,-0.034347
0.003048,-0.022310,-0.038616
-0.004741,-0.021305,-0.031127
-0.003671,-0.009604,-0.024654
-0.001639,0.000031,-0.030929
-0.006496,0.002014,-0.011693
-0.016306,-0.002426,0.008589
-0.015413,0.011239,0.031207
-0.010535,0.022963,0.031344
-0.008550,0.032661,0.021769
-0.009507,0.027503,0.002437
-0.005564,0.016904,-0.007255
-0.001633,0.004138,-0.011647
-0.005538,-0.004331,-0.018171
-0.007445,-0.003136,-0.032092
-0.013233,0.002243,-0.036344
-0.015226,0.003189,-0.022424
-0.011373,0.011669,-0.015928
-0.001633,0.020214,-0.016922
0.001328,0.022286,-0.009421
0.002329,0.029725,-0.006139
0.002387,0.039355,-0.011356
-0.000498,0.043599,-0.007075
0.000441,0.031877,-0.007215
0.006313,0.005224,-0.009595
0.012250,-0.016042,-0.017295
0.025927,-0.027763,-0.017440
0.019130,-0.040493,-0.025064
0.014292,-0.047944,-0.027268
0.005511,-0.045857,-0.021899
0.000661,-0.036268,-0.019687
0.002604,-0.020226,-0.022781
0.012340,-0.001950,-0.035529
0.018242,0.005559,-0.036617
0.014388,0.004449,-0.028147
0.013389,0.002149,-0.008907
-0.000332,-0.008669,0.008119
-0.004255,-0.018342,0.014491
-0.001254,-0.017271,0.014491
0.002651,-0.017232,0.009161
0.004496,-0.011920,0.011358
0.002513,-0.015097,0.007086
0.004536,-0.020378,-0.001469
0.003640,-0.016081,-0.006737
0.002654,-0.011890,0.000823
0.004528,-0.012969,0.001889
0.007459,-0.009700,-0.004535
0.012361,-0.003329,-0.001258
0.011371,0.007296,0.003135
0.005465,0.020121,0.000053
0.003512,0.021099,0.009706
0.004485,0.010291,0.025661
0.008397,0.005036,0.015992
0.012347,0.003989,0.013839
0.002573,0.003868,0.027751
-0.008304,0.009006,0.048184
-0.012285,0.018525,0.054761
-0.012278,0.025002,0.043118
-0.010271,0.028364,0.024947
-0.005331,0.019943,0.013067
-0.008241,-0.003500,0.009643
-0.009292,-0.023783,0.012631
-0.018126,-0.035467,0.007160
-0.018112,-0.033185,-0.008890
-0.012213,-0.028702,-0.032423
-0.003410,-0.025366,-0.046343
0.003432,-0.025330,-0.047484
0.011250,-0.021047,-0.046442
0.012247,-0.013535,-0.049627
0.012280,-0.007222,-0.036789
0.009312,-0.003249,-0.003562
0.006288,0.001742,0.032940
0.005240,0.014302,0.056696
0.006221,0.021689,0.063251
0.003359,0.023838,0.059047
0.001415,0.023835,0.058010
0.003269,0.016284,0.063386
0.003156,0.008917,0.051550
-0.001709,0.004895,0.024726
-0.003599,0.000849,0.002149
-0.003557,-0.008605,-0.011918
-0.002594,-0.019187,-0.019563
0.005231,-0.027607,-0.030398
0.004242,-0.026527,-0.028329
0.001228,-0.014893,-0.014363
0.004093,0.003189,-0.005690
0.008935,0.019163,-0.002333
0.009923,0.023307,0.010579
0.006967,0.028412,0.034232
0.003972,0.037821,0.051553
0.002917,0.054817,0.059221
-0.001990,0.066463,0.066882
-0.003922,0.066530,0.056249
-0.006737,0.038905,0.041062
-0.005694,0.003793,0.030039
-0.004698,-0.038765,0.015754
-0.000851,-0.057861,0.005887
-0.003898,-0.063190,0.007918
-0.006915,-0.043981,0.008076
-0.007915,-0.024734,0.002907
-0.012750,-0.003321,-0.004418
-0.014649,0.008440,-0.006471
-0.015668,0.012669,-0.001103
-0.006905,0.020186,-0.004298
-0.001050,0.022393,-0.009698
0.006778,0.018167,-0.011941
0.009723,0.013891,-0.009864
0.008773,0.000841,0.016812
0.002850,-0.002503,0.030753
-0.002074,0.008145,0.028811
-0.007924,0.026249,0.029060
-0.010888,0.046514,0.027166
-0.006991,0.056145,0.020901
-0.004065,0.045474,0.020813
-0.007946,0.018807,0.018469
-0.004999,-0.007759,0.004354
-0.005945,-0.026891,-0.004371
-0.006895,-0.042794,-0.016280
-0.002007,-0.059781,-0.025016
0.006794,-0.070398,-0.029434
0.017508,-0.067097,-0.038031
0.029188,-0.054292,-0.034787
0.028119,-0.050119,-0.020906
0.022185,-0.031156,0.008133
0.012385,-0.020798,0.042505
0.005480,-0.001760,0.059844
-0.000426,0.019526,0.063306
0.004443,0.036639,0.058123
0.013233,0.049591,0.041113
0.014227,0.044321,0.034621
0.010302,0.016642,0.027940
-0.002389,-0.017410,0.015900
-0.011120,-0.051488,0.008110
-0.014028,-0.071652,-0.004899
-0.013109,-0.069458,-0.011313
-0.011257,-0.056653,-0.011205
-0.011346,-0.037512,-0.003548
-0.015253,-0.021516,-0.003383
-0.013252,-0.009783,-0.002223
-0.011283,0.005142,0.000032
-0.001532,0.012601,0.003259
0.000401,0.008280,0.008589
0.001359,0.002833,0.020340
0.000383,0.000635,0.026764
-0.001528,0.000649,0.024636
-0.006374,0.003916,0.015077
-0.009305,0.000756,0.008667
-0.009364,0.006051,0.013001
-0.008493,0.011413,0.010887
-0.009489,0.027494,0.001415
-0.013378,0.037071,0.004705
-0.020199,0.043459,0.004796
-0.020185,0.033867,0.002593
-0.010350,0.025441,-0.009274
-0.006415,0.013728,-0.011530
-0.004492,0.006288,-0.013762
0.000385,0.006357,-0.021262
0.006277,0.004278,-0.026655
0.012205,0.001151,-0.034197
0.019069,-0.003121,-0.033176
0.021990,-0.004225,-0.027859
0.021046,-0.008457,-0.027990
0.020073,-0.014806,-0.030277
0.026921,-0.024506,-0.016511
0.024943,-0.038483,-0.000669
0.024849,-0.051438,0.017392
0.015975,-0.053692,0.030236
0.007117,-0.033529,0.041158
0.002191,0.003748,0.046890
-0.010571,0.039912,0.057960
-0.026278,0.064437,0.055079
-0.033095,0.065521,0.048771
-0.041810,0.045320,0.036904
-0.040777,0.013393,0.025947
-0.032921,-0.025920,0.005300
-0.014365,-0.056720,-0.009983
-0.004612,-0.084262,-0.029570
0.004144,-0.086140,-0.055356
0.005110,-0.068985,-0.061700
0.003150,-0.037004,-0.056116
-0.000741,-0.004015,-0.044095
-0.000694,0.026774,-0.026691
-0.003570,0.050011,-0.000769
-0.007503,0.064689,0.030367
-0.004616,0.077303,0.052936
-0.006612,0.077278,0.055092
-0.010469,0.067735,0.048578
-0.017263,0.048636,0.036628
-0.015266,0.024259,0.018207
-0.010325,-0.001064,-0.014133
-0.010206,-0.032686,-0.057257
-0.007189,-0.058038,-0.086385
-0.000273,-0.077125,-0.097320
0.004666,-0.086632,-0.106019
0.012489,-0.069582,-0.101630
0.015420,-0.046228,-0.087518
0.008616,-0.015377,-0.075505
0.005746,0.011078,-0.050645
0.005772,0.033207,-0.019397
0.012589,0.052169,0.007552
0.013513,0.061518,0.034444
0.009591,0.062447,0.047364
0.007648,0.058164,0.047367
0.000898,0.041088,0.043041
-0.001074,0.025079,0.041867
-0.002094,0.009184,0.028895
0.002786,0.004087,0.002081
0.001870,-0.004188,-0.025865
-0.002022,-0.009358,-0.044119
-0.003940,-0.008185,-0.056940
-0.004877,-0.004995,-0.053745
-0.003901,0.003499,-0.047287
-0.003874,0.015227,-0.047159
-0.001888,0.019377,-0.033219
0.003028,0.025629,-0.017084
0.004019,0.029743,-0.002005
0.001051,0.031699,0.017303
-0.001850,0.033806,0.018439
-0.006676,0.036959,0.020683
-0.005775,0.046417,0.035785
-0.004913,0.044279,0.033686
-0.000004,0.035977,0.004765
0.005979,0.023421,-0.025277
0.002144,0.004300,-0.032984
0.000159,-0.012724,-0.038487
-0.003751,-0.024508,-0.033238
-0.007644,-0.032086,-0.020471
-0.004692,-0.023518,-0.023617
0.000205,-0.002177,-0.023434
0.001176,0.015904,-0.014757
0.001162,0.028678,-0.010383
0.003110,0.031850,-0.005052
0.009955,0.027620,-0.006235
0.017827,0.024519,-0.013845
0.024670,0.017111,-0.017208
0.019789,0.010675,-0.010897
0.007048,0.009432,0.010469
-0.005701,0.014630,0.025512
-0.012552,0.027406,0.026743
-0.013530,0.044456,0.029040
-0.016413,0.059419,0.025967
-0.014434,0.061664,0.012101
-0.012456,0.055323,0.005612
-0.011446,0.041527,-0.003072
-0.005551,0.025715,-0.025675
-0.004477,-0.000754,-0.050499
-0.006322,-0.027415,-0.050768
-0.003384,-0.038129,-0.044469
-0.006338,-0.029536,-0.051866
