-0.023747,-0.141335,0.088601
-0.022207,-0.190547,0.098972
-0.024707,-0.231073,0.094383
-0.026284,-0.233085,0.081507
-0.021083,-0.236155,0.063359
-0.009023,-0.258515,0.060949
0.001134,-0.268156,0.067239
0.005306,-0.258525,0.067250
0.009547,-0.270144,0.055336
0.014777,-0.297676,0.035721
0.018094,-0.320864,0.001304
0.021257,-0.330293,-0.021196
0.030197,-0.319743,-0.007193
0.031334,-0.314686,0.023905
0.024597,-0.301025,0.049676
0.013988,-0.253142,0.070308
0.015806,-0.179578,0.082606
0.023044,-0.075155,0.110033
0.026090,-0.012257,0.124321
0.032182,0.012386,0.119041
0.034322,-0.005591,0.103817
0.039653,-0.037459,0.092710
0.043032,-0.072532,0.081585
0.049087,-0.102350,0.076989
0.057892,-0.113039,0.084268
0.058955,-0.103259,0.052516
0.059250,-0.107347,-0.063024
0.077646,-0.110223,-0.131873
0.079114,-0.104292,0.047190
0.069465,-0.102006,0.066680
0.059536,-0.119121,0.068735
0.047623,-0.102001,0.061440
0.040609,-0.065702,0.056471
0.038401,-0.030443,0.050376
0.038178,0.010152,0.041187
0.035115,0.034791,0.026505
0.033207,0.030572,0.015885
0.029087,0.019914,0.008439
0.026052,0.001815,-0.003330
0.024773,0.008150,-0.003099
0.023334,0.004793,0.010880
0.021708,-0.023014,0.013944
0.019971,-0.034868,0.023561
0.014320,-0.012467,0.025863
0.007848,0.028098,0.025120
0.003618,0.052742,0.009379
0.004432,0.061350,-0.000148
0.001419,0.064672,-0.017169
-0.000584,0.072217,-0.028804
-0.003563,0.071257,-0.044780
-0.002599,0.061666,-0.048033
-0.003709,0.044530,-0.038601
-0.003016,0.025182,-0.021667
-0.007282,0.015414,-0.000403
-0.013425,0.013185,0.011329
-0.012577,0.004540,0.026180
-0.013729,-0.013657,0.033494
-0.015840,-0.015774,0.033432
-0.016882,0.006652,0.031486
-0.012872,0.031287,0.024132
-0.006796,0.031367,0.011375
-0.003603,0.016475,0.003805
-0.002422,0.003713,-0.003736
-0.004224,-0.002667,-0.008033
-0.000157,-0.008016,-0.008041
0.002877,-0.021926,-0.007016
0.005750,-0.029500,0.004698
0.005594,-0.024237,0.013299
0.004543,-0.012612,0.024153
0.002567,-0.005095,0.017817
0.002593,0.002414,0.011502
-0.000315,0.006758,0.000884
0.003634,0.013228,-0.006561
0.005679,0.016541,-0.018329
0.010613,0.008088,-0.028031
0.009626,0.002789,-0.030264
0.001776,0.003771,-0.020619
-0.004114,-0.002672,-0.018477
-0.007074,-0.009078,-0.017473
-0.006098,-0.005918,-0.013156
-0.006076,-0.002731,-0.013093
-0.004117,-0.003843,-0.010891
-0.003160,-0.000692,-0.002366
-0.005123,-0.000635,-0.007746
-0.005080,-0.003784,-0.015229
-0.002159,-0.004954,-0.002422
-0.004142,-0.007166,0.008223
-0.009045,-0.005025,0.008221
-0.009036,-0.000717,0.001882
-0.008020,-0.003865,-0.003514
-0.004099,-0.004886,-0.009920
-0.001124,-0.012256,-0.020702
-0.002072,-0.016435,-0.030382
-0.006960,-0.023791,-0.045384
-0.010843,-0.017368,-0.047474
-0.011798,-0.014206,-0.044207
-0.011775,-0.013241,-0.034518
-0.007851,-0.016615,-0.015270
-0.004949,-0.011408,0.000794
-0.001012,-0.011525,0.014696
-0.000080,-0.015800,0.017817
-0.000130,-0.013629,0.014600
-0.004054,-0.014605,0.003895
-0.004078,-0.009126,-0.010030
-0.001161,-0.011175,-0.017589
-0.001151,-0.013258,-0.021926
-0.000158,-0.017496,-0.025177
0.000782,-0.029250,-0.022098
-0.001287,-0.033561,-0.015748
0.000585,-0.020863,-0.001765
0.000546,-0.009195,0.006882
0.006437,0.003490,0.020902
0.010401,0.003521,0.017684
0.013414,0.003529,0.016615
0.009578,0.002555,0.005905
0.012567,-0.002749,0.002639
0.007649,-0.020867,0.000335
0.003655,-0.020839,-0.001830
-0.000320,-0.008048,-0.001683
-0.001342,0.006887,-0.002591
0.000639,0.021789,0.000770
0.004623,0.024955,0.006121
0.005711,0.022834,0.005021
0.003869,0.012298,-0.009019
0.000036,0.006036,-0.025126
-0.003878,0.002885,-0.030512
-0.004887,0.004994,-0.027291
-0.003870,0.008140,-0.018753
0.000087,-0.000479,-0.011292
-0.003801,-0.014398,-0.010240
-0.003855,-0.024054,-0.007047
-0.001030,-0.026193,-0.004962
0.001799,-0.011347,0.005867
-0.000200,0.001346,0.018817
-0.001179,0.002433,0.016685
-0.003106,-0.000743,0.011362
-0.000173,-0.007069,0.004834
-0.001151,-0.009125,-0.004801
-0.002152,-0.012337,-0.004801
-0.005142,-0.015511,-0.009082
-0.007143,-0.013377,-0.009064
-0.006194,-0.008061,-0.006876
-0.008201,0.003644,-0.001463
-0.003269,0.012163,0.000750
0.002646,0.004633,0.009210
0.004612,-0.010218,0.001532
0.002650,-0.017699,0.001498
-0.001331,-0.018756,0.001462
-0.000439,-0.013455,0.007871
-0.000450,-0.006001,0.012158
0.000521,0.001518,0.008955
-0.001456,-0.003763,0.004584
0.000471,-0.007997,0.003415
0.002396,-0.011200,0.005483
0.004359,-0.005917,0.009847
0.006329,0.000374,0.019605
0.007289,0.009880,0.029353
0.005354,0.007702,0.032588
0.007364,0.008805,0.026229
0.007379,0.010996,0.019824
0.010354,0.012184,0.005922
0.007503,0.011283,-0.014392
0.004667,0.011394,-0.028273
0.004686,0.004043,-0.042242
0.006648,0.008310,-0.041157
0.005716,0.004019,-0.036952
0.003771,-0.003444,-0.035986
0.004760,-0.003553,-0.023152
-0.001099,0.000666,-0.015666
-0.002101,-0.001579,-0.003891
-0.004067,-0.006980,0.004601
-0.006032,-0.011206,-0.000776
-0.007025,-0.009010,-0.010332
-0.007066,-0.003722,-0.005980
-0.002225,-0.005886,-0.001735
-0.000312,-0.011221,-0.000735
0.000656,-0.018684,-0.002908
-0.002283,-0.017571,-0.009294
-0.004294,-0.015387,-0.015680
-0.004325,-0.005716,-0.023095
-0.005297,0.008158,-0.021936
-0.005250,0.012439,-0.024022
-0.006153,0.004986,-0.026222
-0.006106,-0.003537,-0.027375
-0.003126,-0.005633,-0.031678
-0.005066,-0.005630,-0.033780
-0.002129,-0.016343,-0.030621
0.001743,-0.019577,-0.028472
0.003639,-0.017526,-0.019869
0.002646,-0.019708,-0.016625
-0.001293,-0.030370,-0.018830
-0.008200,-0.031397,-0.026265
-0.008279,-0.023931,-0.025147
-0.012201,-0.020793,-0.019724
-0.013257,-0.020797,-0.018667
-0.010367,-0.014451,-0.013237
-0.011397,-0.015561,-0.006860
-0.008518,-0.011360,0.000673
-0.003639,-0.003924,0.003962
0.000263,-0.010337,0.004981
0.001242,-0.020990,0.002753
-0.001713,-0.027333,-0.004778
-0.004726,-0.026202,-0.011213
-0.008708,-0.016569,-0.014345
-0.007802,-0.004838,-0.013179
-0.005852,0.004705,-0.004573
-0.001928,0.006775,0.005024
0.001963,0.002405,0.018848
0.004897,-0.002970,0.025181
0.004849,-0.010508,0.033664
0.004790,-0.026569,0.039945
0.002746,-0.040378,0.029205
0.002589,-0.036093,0.026063
0.003433,-0.023225,0.017639
0.003364,-0.011424,0.010253
0.006292,-0.004944,0.002785
0.002435,-0.002710,-0.008962
0.001496,0.003751,-0.017426
0.003448,0.004774,-0.011028
0.003466,0.000454,-0.005699
0.005435,-0.000697,0.003922
0.005379,-0.005030,0.012421
0.003385,-0.009336,0.018756
0.004294,-0.015772,0.022973
0.003265,-0.013616,0.019799
0.002231,-0.007154,0.012377
0.003161,0.004622,0.009241
0.002185,0.002508,0.007078
0.000287,0.000428,-0.001450
-0.001646,-0.005873,-0.013274
-0.004582,0.001676,-0.021779
-0.001625,0.015595,-0.024923
0.000402,0.019766,-0.015221
0.003387,0.018579,-0.002369
0.002488,0.007877,0.000761
0.001509,-0.002800,0.002779
-0.000458,-0.013500,0.006946
-0.005385,-0.015573,-0.000552
-0.006467,-0.015662,0.009092
-0.008498,-0.011433,0.012367
-0.010508,-0.009381,0.022013
-0.011502,-0.007256,0.022057
-0.008568,-0.010431,0.016730
-0.005681,-0.016842,0.014606
-0.002818,-0.011474,0.011430
-0.001916,-0.000819,0.014700
0.000049,0.007734,0.013685
0.002009,0.006668,0.014718
0.003023,-0.006050,0.008107
0.005934,-0.012412,0.003764
0.006857,-0.010265,0.001657
0.005835,-0.010295,0.004872
0.007752,-0.015584,-0.001567
0.009684,-0.017709,-0.001611
0.010648,-0.018632,-0.017684
0.010630,-0.012115,-0.030477
0.008666,-0.006773,-0.032540
0.008647,-0.005727,-0.030385
0.007688,0.000642,-0.028151
0.011633,0.011255,-0.020588
0.014623,0.008007,-0.015267
0.017610,0.005776,-0.005620
0.015668,0.000395,0.000731
0.011762,0.001481,-0.002449
0.003946,-0.001668,-0.008887
0.002006,-0.010175,-0.015311
-0.000913,-0.014393,-0.024890
-0.001927,-0.018610,-0.033428
-0.004881,-0.011145,-0.033352
-0.007840,0.000628,-0.037527
-0.009745,0.012432,-0.043874
-0.007711,0.024170,-0.041682
-0.007595,0.031591,-0.034174
-0.005488,0.025170,-0.026860
-0.004414,0.014457,-0.021611
-0.002423,0.003730,-0.013189
-0.000458,-0.010176,-0.007989
-0.000483,-0.009125,-0.004802
-0.000506,-0.013385,-0.004857
-0.004466,-0.015506,-0.007002
-0.006440,-0.012233,-0.016574
-0.007428,-0.005828,-0.018617
-0.005458,0.002707,-0.019585
-0.008334,0.005892,-0.019515
-0.007355,0.013288,-0.011940
-0.007334,0.005753,-0.003466
-0.004388,-0.009282,0.007115
-0.002465,-0.012574,0.018828
-0.000559,-0.005116,0.021013
0.000418,0.002354,0.022121
-0.000504,0.003536,0.010326
-0.002430,0.004744,-0.004673
0.000557,0.002728,-0.018596
0.001540,0.000657,-0.025053
0.002533,-0.000394,-0.027195
0.002532,-0.003636,-0.021886
0.001542,-0.003674,-0.018649
-0.000442,-0.001533,-0.018651
0.001517,0.005853,-0.010003
0.001598,0.012170,-0.001358
0.000644,0.004622,0.007149
0.000656,0.000352,0.007116
0.000661,-0.002869,0.008186
0.000630,-0.002885,0.011365
-0.001325,0.001402,0.009263
-0.001290,-0.000677,0.002825
-0.002250,0.000511,-0.011075
-0.001278,-0.000539,-0.013220
-0.002265,-0.004837,-0.010043
-0.006185,-0.007964,-0.017585
-0.008135,-0.007895,-0.026130
-0.009127,-0.002549,-0.027157
-0.012096,0.001630,-0.016431
-0.010109,-0.000549,-0.011104
-0.007164,-0.002776,0.000626
-0.006252,-0.001832,0.015597
-0.005296,-0.001899,0.023091
-0.001385,-0.001913,0.025219
0.000577,-0.007219,0.020913
0.000542,-0.013585,0.016580
0.000524,-0.015637,0.006936
-0.001464,-0.018774,-0.002671
-0.003494,-0.021931,-0.009088
-0.001626,-0.018752,-0.007958
-0.001648,-0.004888,-0.008864
-0.001675,0.003616,-0.004523
-0.000700,0.003572,0.000822
-0.000659,0.004637,0.003974
-0.000638,0.002545,-0.000339
0.001334,0.000417,-0.000374
-0.000611,-0.000634,0.000622
-0.000613,0.003630,0.001715
0.000363,0.001494,0.002748
0.002307,-0.004889,0.000552
0.005226,-0.010262,0.004789
0.008096,-0.008152,0.009053
0.007076,-0.001734,0.005928
0.010997,-0.005997,0.005877
0.013919,-0.008155,0.009058
0.012964,-0.007017,0.000517
0.008096,-0.003669,-0.017617
0.004181,0.001687,-0.022856
0.000275,0.005960,-0.023875
-0.000675,-0.004744,-0.022835
0.003261,-0.011221,-0.017466
0.002190,-0.008113,-0.006736
-0.001803,0.003557,0.003997
-0.004647,0.017419,0.004141
-0.006497,0.015338,-0.001242
-0.004484,0.005823,-0.012013
-0.004427,0.005904,-0.020594
-0.006392,0.001671,-0.023860
-0.005408,-0.006807,-0.029312
-0.003438,-0.007905,-0.024013
-0.002509,-0.005925,-0.005815
-0.002523,-0.010259,0.001642
-0.001590,-0.016666,0.002644
-0.000661,-0.014542,0.004780
-0.001660,-0.010227,0.001558
-0.002639,0.003690,-0.003669
-0.002598,0.006855,-0.002501
-0.003554,0.000468,-0.004688
-0.003543,0.000408,-0.000349
-0.002568,0.006737,0.007218
0.002282,0.006653,0.017895
0.004230,0.004521,0.019962
0.004243,0.000237,0.023103
0.002262,-0.001819,0.015560
0.002306,0.009980,0.009226
-0.001558,0.009044,-0.004721
-0.001533,0.007017,-0.016520
-0.004417,0.006011,-0.024010
-0.002457,0.007089,-0.026121
0.001449,0.008056,-0.014347
0.004386,0.007954,-0.002575
0.003465,0.006863,0.000613
0.008363,0.002535,0.005964
0.003484,-0.005978,0.004784
0.004438,-0.003859,0.004841
0.007424,-0.000604,-0.001547
0.004468,-0.000554,-0.006907
-0.001368,0.001593,-0.010061
-0.002347,-0.002623,-0.017553
-0.006261,-0.004772,-0.015441
-0.005323,-0.003692,-0.016511
-0.002379,0.006887,-0.005723
-0.000405,0.013274,-0.003538
0.002542,0.012147,0.004976
0.003545,0.008927,0.007090
0.006516,0.006778,0.009202
0.001668,-0.000574,-0.004763
-0.000241,-0.002608,-0.018636
0.001721,-0.008947,-0.025133
-0.000276,-0.007874,-0.026184
0.000715,-0.006773,-0.031494
-0.002210,-0.003603,-0.030337
-0.005137,-0.003700,-0.019627
-0.005169,-0.007026,-0.007823
-0.003255,-0.012448,0.000721
-0.005247,-0.014576,0.000686
-0.006245,-0.007110,0.001808
-0.005245,0.006762,0.001924
-0.007169,0.005735,-0.003420
-0.008116,0.000490,-0.014158
-0.006157,-0.004830,-0.016333
-0.004207,-0.006997,-0.012084
-0.007161,-0.008055,-0.013164
-0.001290,-0.003796,-0.011012
-0.001302,0.002560,-0.003514
-0.003255,0.002483,0.005054
-0.003251,-0.001791,0.006075
-0.003226,-0.008164,0.003852
-0.002246,-0.006025,0.002815
-0.001313,-0.003901,0.002858
-0.002336,-0.014594,0.007007
-0.002386,-0.026358,0.008022
-0.004417,-0.031683,0.006903
-0.008409,-0.025259,0.003765
-0.013358,-0.012431,0.000677
-0.012430,-0.003892,0.000743
-0.008536,0.002481,0.006105
-0.001676,-0.004998,0.010249
-0.003617,-0.012451,0.010140
-0.005626,-0.019907,0.008995
-0.004736,-0.026347,0.014268
-0.002865,-0.028475,0.016326
-0.004899,-0.028416,0.008853
-0.002044,-0.020888,0.002489
-0.000172,-0.014497,0.003618
0.005639,-0.008113,0.005814
0.005613,-0.011304,0.004713
0.005587,-0.017758,0.008974
0.000632,-0.022049,0.008998
-0.002365,-0.024171,0.005811
-0.002473,-0.016732,0.009091
-0.006487,-0.006088,0.014481
-0.008459,0.004531,0.022028
-0.006508,0.003445,0.026250
-0.006471,0.000216,0.029433
-0.003572,-0.008327,0.031468
-0.003622,-0.013630,0.029249
-0.000787,-0.020024,0.029172
0.004002,-0.021085,0.029147
0.006844,-0.013607,0.031278
0.007782,-0.008210,0.023845
0.006799,-0.005998,0.013202
0.009720,-0.016613,0.005643
0.010621,-0.025120,0.001311
0.011522,-0.022998,0.001361
0.008467,-0.020940,0.007853
0.003480,-0.013529,0.012254
0.003453,-0.006045,0.009142
0.005378,0.003544,0.009259
0.007324,0.009915,0.014625
0.012252,0.011026,0.010338
0.016199,0.005708,0.007109
0.013308,-0.000663,0.003835
0.010363,-0.001688,-0.000466
0.006432,-0.001605,-0.011141
0.007396,-0.001647,-0.008940
0.008350,-0.005896,-0.011120
0.006394,-0.001651,-0.008931
0.007323,0.001498,-0.002490
0.003424,0.004672,-0.000301
0.003455,0.006819,-0.002408
0.003520,0.015388,-0.005558
-0.000339,0.021898,-0.017286
0.004659,0.024076,-0.022613
0.006705,0.023076,-0.030117
0.005826,0.013481,-0.031269
0.006873,0.013470,-0.031239
0.006939,0.013432,-0.026955
0.006976,0.015529,-0.023704
0.008003,0.015501,-0.019447
0.009022,0.013290,-0.009852
0.009118,0.014378,-0.009898
0.006287,0.012332,-0.020604
-0.000478,0.010219,-0.024859
-0.005316,0.007111,-0.036633
-0.009180,0.011405,-0.040848
-0.011070,0.021003,-0.040752
-0.011023,0.025206,-0.034271
-0.008012,0.022946,-0.018274
-0.006004,0.018615,-0.008733
-0.004972,0.009992,0.001878
-0.006848,0.006779,0.003972
-0.006808,0.001542,-0.007835
-0.005818,0.004732,-0.006732
-0.002898,0.004775,-0.011026
0.000084,-0.000489,-0.019626
0.000114,-0.004762,-0.020696
0.003044,-0.010118,-0.017549
0.001070,-0.009010,-0.021830
0.000105,0.002777,-0.026041
-0.005735,0.009180,-0.027037
-0.006664,0.011273,-0.020635
-0.001709,0.010126,-0.011022
-0.005580,0.006840,-0.002461
-0.005595,0.004683,0.001762
-0.008512,0.001425,0.010251
-0.006550,0.001421,0.010260
-0.008490,0.005706,0.009207
-0.011398,0.006781,0.007102
-0.009401,0.004692,0.000691
-0.006434,-0.003802,-0.004720
-0.004501,-0.006991,-0.006873
-0.003568,-0.010235,-0.001557
-0.003616,-0.007012,-0.003679
-0.003634,-0.008057,-0.005839
-0.003622,-0.009133,-0.004778
-0.005639,-0.005927,-0.004763
-0.001765,-0.005964,-0.001529
-0.000806,-0.009220,0.005909
0.001105,-0.014570,0.009038
0.003005,-0.014625,0.016501
-0.000940,-0.011367,0.010104
-0.001919,-0.009178,0.001613
-0.002927,-0.005898,-0.006930
-0.002924,-0.008010,-0.010143
-0.001002,-0.010183,-0.005876
-0.002036,-0.017679,-0.003780
-0.001103,-0.013502,0.005908
-0.003115,-0.010345,0.010235
-0.002161,-0.013550,0.011260
-0.001216,-0.012437,0.006970
0.002656,-0.012451,0.009099
0.005527,-0.009232,0.008031
0.008453,-0.008166,0.009089
0.006468,-0.010256,0.004773
0.001553,-0.009115,-0.003778
-0.001391,-0.007980,-0.012312
-0.003342,-0.006819,-0.024051
-0.002367,-0.003632,-0.022943
-0.000432,0.004870,-0.017552
0.000542,0.004873,-0.017557
-0.001398,-0.000559,-0.004801
-0.001432,-0.002773,0.003755
-0.000474,-0.001783,0.012331
-0.000469,-0.005019,0.017623
-0.000480,-0.012455,0.013290
-0.001488,-0.018852,0.011129
-0.004476,-0.026248,0.001462
-0.003569,-0.020911,0.000457
-0.003645,-0.012345,-0.002683
-0.003694,-0.005997,0.001696
-0.002729,-0.001736,0.002798
-0.002706,-0.004917,-0.000418
-0.003671,-0.011302,-0.003656
-0.004679,-0.016621,-0.007929
-0.004728,-0.011270,-0.010016
-0.002787,-0.013438,-0.006809
0.000079,-0.010264,-0.002528
-0.000928,-0.009263,0.006021
-0.001915,-0.013494,0.001705
-0.001006,-0.016713,0.004859
0.000888,-0.014620,0.011261
-0.001100,-0.018858,0.009051
-0.006993,-0.017738,0.002647
-0.009017,-0.016652,-0.000527
-0.011047,-0.015578,-0.000537
-0.010148,-0.016685,0.004787
-0.004342,-0.016735,0.011191
-0.000537,-0.021083,0.021821
0.004270,-0.013684,0.031479
0.007182,-0.011532,0.028315
0.007112,-0.007287,0.030504
0.007074,-0.010465,0.028326
0.009029,-0.006090,0.015534
0.006076,-0.005977,0.001644
0.003114,-0.000638,-0.001458
0.000140,0.003626,-0.001411
-0.000886,0.003591,0.002864
0.004013,0.002487,0.008181
0.003024,-0.002899,0.012450
0.004953,-0.002981,0.022076
0.005911,-0.003007,0.025282
0.003985,-0.001868,0.015690
0.004004,-0.005052,0.013527
0.002023,-0.006993,-0.006867
0.001057,-0.000532,-0.013238
0.003004,0.005891,-0.014284
-0.001858,0.009086,-0.012148
0.002063,0.006914,-0.007885
-0.000848,0.004716,-0.001462
0.002047,-0.003909,0.009154
0.002002,-0.010359,0.015499
0.006869,-0.016833,0.023997
0.007800,-0.009293,0.018648
0.002908,-0.004993,0.013372
-0.001012,0.001459,0.005977
-0.001992,0.005805,-0.002556
0.001927,0.006906,-0.005772
0.002925,0.001609,-0.010103
0.002946,-0.004809,-0.008024
0.003901,-0.008047,-0.004818
-0.000062,-0.011269,-0.001655
0.001855,-0.012359,0.001535
0.000848,0.000446,0.001643
0.001815,0.006784,0.008142
0.000868,0.012051,0.014641
0.002831,0.005651,0.013532
0.002888,-0.000698,0.006019
-0.001014,-0.003859,-0.000386
-0.001053,-0.005932,-0.009976
0.000887,-0.001641,-0.012091
0.001885,0.004813,-0.018445
0.003863,0.012281,-0.018378
0.002925,0.012263,-0.014148
0.002001,0.012282,-0.015245
0.002078,0.010130,-0.015216
0.003116,0.000523,-0.014244
0.002116,-0.001621,-0.011100
0.000186,0.002624,-0.007864
0.000193,0.006895,-0.006790
-0.000756,0.006888,-0.006771
0.002224,0.001546,-0.005753
0.001234,-0.001654,-0.005785
-0.002648,0.001617,-0.015351
-0.001656,0.008020,-0.016346
-0.001649,0.005859,-0.013157
-0.003573,0.005841,-0.009968
-0.003536,0.001576,-0.011061
-0.003529,0.003716,-0.011056
-0.000621,0.006877,-0.003604
0.002319,0.011111,0.000703
0.001403,0.008976,0.002779
0.000490,0.005825,-0.003656
0.000529,0.004797,-0.010041
0.001539,-0.001572,-0.014364
0.004449,-0.004742,-0.018655
0.002494,-0.011169,-0.017600
-0.001459,-0.012267,-0.015435
-0.007334,-0.010109,-0.018620
-0.010264,0.006933,-0.017347
-0.008289,0.005786,-0.007736
-0.004368,-0.002776,-0.004605
-0.002378,-0.003846,-0.001466
-0.001399,-0.003813,-0.002598
-0.001422,-0.002756,0.000573
0.001511,-0.002749,0.000555
-0.000456,-0.004864,0.000486
-0.002407,-0.004843,-0.003753
-0.000462,-0.008011,-0.009094
-0.000486,-0.012281,-0.009127
0.000441,-0.018681,-0.010234
0.003283,-0.014462,-0.004839
0.006147,-0.009188,0.001640
0.004167,0.000382,0.004947
0.001271,0.000419,-0.000378
0.001323,-0.000618,-0.005694
-0.002568,0.003688,-0.009939
-0.003526,0.007970,-0.010983
-0.002519,0.001603,-0.014267
0.000451,0.004798,-0.012132
0.002417,0.004786,-0.008967
0.002418,0.004771,-0.005787
0.002482,-0.004860,-0.003708
0.001495,-0.012332,-0.003765
-0.001504,-0.016621,-0.001654
-0.003518,-0.014521,0.000545
-0.003561,-0.002827,0.003897
-0.003580,0.003568,0.005015
-0.001620,0.013143,0.008311
0.000373,0.016389,0.005084
0.002386,0.016429,0.002886
0.003448,0.011136,-0.002499
0.000560,0.004777,-0.007894
0.000562,0.000507,-0.007927
-0.000430,-0.003775,-0.005837
-0.002412,-0.011250,-0.005885
0.001445,-0.014500,-0.000558
0.002355,-0.017714,0.002587
0.002327,-0.015647,0.008007
-0.000631,-0.008171,0.005963
-0.002599,-0.002812,0.001765
-0.005510,0.002601,-0.007803
-0.003569,0.002603,-0.006762
-0.002579,0.009023,-0.007799
-0.001561,0.015399,-0.003492
0.001410,0.011104,0.000723
0.002390,0.006806,0.007042
0.000493,0.006809,0.007033
-0.001433,0.005760,0.002792
-0.000469,-0.001721,0.003803
0.000493,-0.006011,0.005917
0.003397,-0.006022,0.008036
0.004322,-0.000656,0.005908
0.002371,0.003607,0.005959
-0.000534,0.003663,0.000585
-0.003450,0.002659,-0.007955
-0.006366,-0.001620,-0.009009
-0.004438,-0.000602,-0.004690
-0.006411,-0.003865,0.002765
-0.009378,-0.007095,0.004905
-0.009446,-0.006136,0.016700
-0.007547,-0.003003,0.024224
-0.008519,0.004446,0.026435
-0.007515,0.003427,0.022115
-0.005565,-0.001864,0.015681
-0.002650,-0.007145,0.011310
0.001212,-0.017838,0.014415
-0.000780,-0.006014,0.004878
0.004084,-0.013478,0.005844
0.004027,-0.013430,0.000491
0.004990,-0.011335,0.005841
0.007853,-0.015614,0.008969
0.006854,-0.014582,0.013252
0.002889,-0.017726,0.005755
0.000848,-0.018762,0.002529
-0.002144,-0.004888,0.003687
-0.004114,0.004690,0.004880
-0.003129,0.002544,0.003849
-0.003128,0.000409,0.004876
0.000807,-0.001732,0.004878
0.001794,-0.000662,0.004881
0.001773,0.001438,0.007080
0.001783,-0.000684,0.004937
-0.000205,0.001412,0.009238
0.002741,-0.001801,0.012380
0.001733,-0.008228,0.013435
-0.002179,-0.016746,0.011222
-0.008161,-0.015680,0.008097
-0.008218,-0.006015,0.000698
-0.008235,0.003586,-0.000260
-0.000396,0.006771,0.002948
0.002570,-0.001791,0.006079
0.002551,-0.008173,0.002832
-0.000430,-0.008183,0.004951
-0.004358,-0.000727,0.007143
-0.002390,0.005691,0.005064
-0.003358,0.005672,0.008249
-0.001403,0.004622,0.008195
-0.001381,-0.003889,0.004920
0.001514,-0.014569,0.007989
0.002416,-0.016752,0.013327
0.001342,-0.012561,0.022979
-0.000663,-0.006173,0.025160
-0.001637,0.004531,0.019935
-0.001628,-0.004026,0.022009
0.000263,-0.006045,0.009140
0.002235,-0.000664,0.004884
0.000257,-0.007042,0.003721
-0.000743,-0.010233,0.001574
-0.000798,-0.009176,0.001609
-0.000859,0.000371,0.007070
-0.002832,0.006665,0.018912
0.000094,0.007687,0.023219
-0.001839,0.002323,0.025342
-0.000843,-0.002912,0.013530
0.000132,-0.006101,0.012427
0.000123,-0.002796,0.000676
0.000097,-0.002776,-0.000420
0.002018,-0.005978,0.000601
0.000999,-0.009179,0.001618
0.003915,-0.011333,0.004789
0.002922,-0.007109,0.011217
-0.001956,-0.008130,0.005859
-0.002955,-0.016635,0.000477
-0.003989,-0.014499,0.000489
-0.004025,-0.012365,0.000505
-0.001162,-0.011306,0.000534
-0.000221,-0.011383,0.009102
0.000674,-0.013610,0.020831
0.000636,-0.017850,0.017583
-0.001373,-0.017827,0.014387
-0.003431,-0.011428,0.015496
-0.003468,-0.003928,0.012343
-0.003446,0.004676,0.004919
-0.000491,0.005755,0.003851
0.000501,-0.002749,-0.000490
-0.000512,-0.008050,-0.003763
-0.001526,-0.007060,0.004813
-0.004509,-0.002878,0.014486
-0.003571,-0.000757,0.016630
-0.000653,-0.001847,0.020866
0.001273,0.000263,0.025130
0.003202,-0.001932,0.034682
0.005128,-0.011511,0.032443
0.007024,-0.016764,0.023816
0.005990,-0.017782,0.019497
0.001036,-0.010241,0.011006
-0.006799,-0.004822,-0.001714
-0.007810,-0.002647,-0.007033
-0.000026,-0.001618,-0.002741
0.002868,0.000409,0.011153
0.003831,0.000369,0.016488
0.002835,0.002425,0.025075
0.002804,-0.001890,0.029344
0.002783,-0.006152,0.029289
0.001769,-0.008229,0.021801
0.001746,-0.004946,0.012203
0.004635,-0.002781,0.006913
0.007532,-0.003840,0.005837
0.008496,-0.001674,0.001588
0.009439,0.002611,0.000538
0.010436,0.000486,0.000494
0.008481,-0.002672,-0.003829
0.006511,0.001624,-0.007002
0.002621,0.002743,-0.013402
0.000686,-0.000460,-0.016561
0.001655,0.001652,-0.017533
0.003631,0.003723,-0.011077
0.004639,0.000485,-0.008915
0.005650,0.001507,-0.004605
0.004620,-0.004993,0.006052
0.003603,-0.003925,0.006060
0.004586,0.001468,0.000724
0.008522,0.011070,0.001858
0.010509,0.012181,-0.002430
0.013544,0.012281,-0.014195
0.014597,0.005980,-0.026019
0.011743,0.001788,-0.034620
0.008844,-0.001337,-0.046350
0.005941,-0.004490,-0.052778
0.003007,-0.002407,-0.048444
0.000098,0.005039,-0.045180
0.002097,0.015628,-0.036511
0.002179,0.015532,-0.024755
0.002242,0.003716,-0.015239
-0.001643,-0.005945,-0.009942
-0.002628,-0.002751,-0.007807
-0.004525,0.002647,-0.015247
-0.006451,0.004826,-0.019526
-0.005416,0.007033,-0.027017
-0.005364,0.008141,-0.031300
-0.005288,0.008182,-0.036635
-0.002327,0.004947,-0.032392
-0.002298,-0.001470,-0.029271
-0.001309,-0.000426,-0.026065
-0.004226,0.001728,-0.027144
-0.009114,0.010172,-0.016371
-0.009052,0.010135,-0.011045
-0.008016,0.013346,-0.012089
-0.005045,0.010065,-0.002495
-0.001117,0.004656,0.004970
0.000845,0.003588,0.004962
-0.000094,0.004637,0.006067
-0.002990,0.006868,-0.005673
-0.007825,0.004803,-0.014236
-0.006801,-0.000452,-0.021813
-0.008741,-0.008923,-0.030424
-0.011719,-0.012185,-0.024018
-0.011792,-0.009086,-0.011176
-0.012838,-0.009172,0.000553
-0.006995,-0.008142,0.005888
-0.006051,-0.006107,0.017669
-0.004119,-0.005093,0.022000
-0.003114,-0.003969,0.015587
-0.003081,-0.008137,0.001693
-0.002153,-0.008044,-0.007962
-0.000251,-0.003737,-0.013256
0.001700,-0.001626,-0.013176
0.002652,-0.002722,-0.007880
0.000673,-0.007071,0.001706
0.000659,-0.002815,0.002822
-0.003246,-0.004952,0.003856
-0.006140,-0.012378,-0.003643
-0.005226,-0.020915,-0.004759
-0.005304,-0.020940,-0.001557
-0.001485,-0.015652,0.004888
-0.000557,-0.013554,0.009183
0.001356,-0.008210,0.009206
0.004259,-0.002883,0.011361
0.006220,0.002496,0.007110
0.008204,0.001430,0.007100
0.011178,-0.001695,-0.003585
0.009273,-0.005880,-0.014297
0.007321,-0.006915,-0.018571
0.002428,-0.008969,-0.029256
-0.001521,-0.008985,-0.028169
-0.002533,-0.010106,-0.020717
-0.003555,-0.009112,-0.010058
0.000308,-0.003865,0.000674
-0.000663,0.001409,0.009247
-0.000629,0.007828,0.008213
0.001362,0.003572,0.008144
0.002365,0.000396,0.005959
-0.003475,-0.004904,-0.001500
-0.005467,-0.012370,-0.002618
-0.006493,-0.014486,-0.005822
-0.003643,-0.020927,-0.001592
-0.002751,-0.014563,0.003792
-0.000862,-0.003927,0.008155
0.003088,0.008900,0.006117
0.004128,0.016349,0.009370
0.003208,0.013200,0.005025
0.002279,0.006893,-0.005737
0.002299,-0.001566,-0.014380
0.003272,-0.001588,-0.011184
0.001279,-0.004804,-0.009080
0.004180,-0.005968,0.003710
0.004143,-0.009258,0.014373
0.001187,-0.009275,0.015466
-0.002789,-0.005053,0.018759
-0.004803,-0.003969,0.017679
-0.002802,0.002488,0.009224
0.000133,0.004620,0.009247
0.000177,0.006806,0.001809
-0.002748,0.006842,-0.002468
-0.002729,0.011154,-0.006728
-0.003691,0.007915,-0.001428
-0.001691,0.001597,-0.011114
-0.004638,-0.007034,-0.000483
-0.001765,-0.008163,0.006990
-0.001816,-0.006122,0.018756
0.000125,-0.002992,0.026289
0.001052,0.000233,0.025209
0.001033,-0.002994,0.029432
-0.004791,0.000359,0.011284
0.002057,-0.007062,0.005865
0.002025,-0.003801,0.000507
0.002963,0.005825,-0.002607
0.003982,0.009016,-0.000461
0.003010,0.003696,-0.000547
0.004944,-0.002748,0.004737
0.002986,-0.007023,0.005763
-0.000946,-0.013442,0.006799
-0.002981,-0.014521,0.008910
-0.003026,-0.008151,0.012188
-0.002096,-0.003871,0.010102
-0.005043,0.000374,0.011244
-0.000164,0.003599,0.008072
0.001811,0.005716,0.010228
0.005751,0.001482,0.005920
0.006714,-0.004889,0.002644
0.001806,-0.011281,-0.000575
-0.000191,-0.008029,-0.005910
0.000733,-0.001642,-0.005815
-0.000250,0.002633,-0.006841
0.001725,0.008981,-0.000370
0.004667,0.012128,0.007122
0.006674,0.008883,0.011390
0.008661,0.003531,0.013479
0.004744,-0.000714,0.011291
0.002803,0.004721,-0.001473
-0.001063,0.006930,-0.012108
-0.002003,0.008008,-0.014219
-0.001023,0.000603,-0.022818
0.000917,-0.001527,-0.022849
-0.000072,0.002683,-0.014293
-0.001051,0.008000,-0.012106
-0.000048,0.016400,0.004009
0.000036,0.013139,0.011457
-0.003791,0.005685,0.007170
-0.008674,-0.001776,0.004992
-0.008665,-0.001748,0.000736
-0.003813,0.001432,0.003956
-0.000870,0.001399,0.007181
0.001109,-0.001744,0.000726
0.000088,-0.002837,0.003924
-0.002836,-0.003834,-0.003590
-0.002795,-0.001638,-0.011054
-0.002788,-0.002672,-0.015333
-0.002791,-0.001576,-0.017489
-0.002798,0.000604,-0.022821
-0.001826,-0.008994,-0.021872
-0.001819,-0.011134,-0.019782
-0.000857,-0.011148,-0.017654
-0.000895,-0.015471,-0.012319
-0.006853,-0.011292,-0.001590
-0.002944,0.001428,0.007106
0.001946,-0.001878,0.018856
0.000878,-0.011569,0.029460
0.000857,-0.011555,0.027331
0.000857,-0.002886,0.012417
0.002771,0.005681,0.010318
0.003824,0.009001,-0.002515
0.004890,0.002701,-0.016431
0.003964,-0.006819,-0.027188
0.002928,-0.014261,-0.030461
-0.000064,-0.019609,-0.028383
-0.002065,-0.013204,-0.028333
-0.002100,-0.004815,-0.011146
-0.003088,0.002578,-0.001469
0.002786,0.000380,0.008092
0.006696,0.000321,0.014522
0.000834,0.002363,0.026282
-0.003087,0.003519,0.013511
-0.003026,0.000381,0.005996
-0.001072,0.001494,0.001703
-0.002057,0.000534,-0.012182
0.000863,-0.003723,-0.013293
0.000835,-0.000542,-0.010073
-0.002108,-0.001605,-0.009049
-0.002118,0.000509,-0.004795
-0.002096,0.000467,-0.000502
-0.003071,0.000417,0.004860
-0.005043,-0.004968,0.010171
-0.007030,-0.010310,0.011190
-0.006100,-0.008209,0.014430
-0.004178,-0.000814,0.022008
-0.003227,0.008816,0.018886
-0.002214,0.007720,0.022090
0.005614,-0.001866,0.021962
0.004605,-0.008197,0.016493
0.002600,-0.008141,0.010071
0.000610,-0.011263,0.001469
-0.000398,-0.012287,-0.001791
-0.001404,-0.009087,-0.002804
-0.000485,-0.006995,0.003597
-0.000528,-0.007058,0.008991
-0.001546,-0.005975,0.007913
0.000397,-0.002786,0.010067
-0.000600,-0.003882,0.012223
-0.000592,0.006730,0.017695
-0.001559,0.010977,0.018833
-0.004490,0.008885,0.013477
-0.003500,-0.000716,0.012343
-0.002562,-0.004957,0.009097
-0.000657,-0.009232,0.010124
-0.001644,-0.011355,0.007984
-0.004629,-0.011292,0.001544
-0.005626,-0.007008,0.000495
-0.004647,-0.000576,-0.003712
-0.004670,-0.004864,-0.000558
-0.002756,-0.006060,0.013364
0.001083,-0.005055,0.019810
-0.000910,-0.005078,0.023007
0.002961,-0.002942,0.024067
0.003933,-0.002951,0.025136
0.005858,-0.005026,0.019734
0.007791,-0.004989,0.016501
0.004851,-0.004907,0.005828
0.002889,-0.009138,0.001511
