-0.015407,-0.048346,-0.002468
-0.013770,-0.056921,-0.005577
-0.012024,-0.046260,-0.004414
-0.006319,-0.046331,0.006228
-0.002582,-0.033711,0.030873
-0.004721,-0.014613,0.049099
-0.007685,0.012017,0.060952
-0.009539,0.030245,0.055649
-0.014231,0.035820,0.029970
-0.004106,0.042367,0.011869
0.000975,0.030736,-0.004194
0.003972,0.022280,-0.018072
0.007035,0.009437,-0.017040
0.013861,0.009381,-0.010619
0.011878,0.001811,0.002132
0.009929,-0.001401,0.007361
0.007014,-0.002317,-0.006639
0.005983,-0.005569,0.003924
0.000910,-0.021634,0.011263
-0.006098,-0.044123,0.017556
-0.009152,-0.047266,0.004827
-0.006371,-0.033178,-0.024900
0.007172,-0.004341,-0.029951
0.019899,0.028664,-0.019017
0.025005,0.070136,-0.001552
0.009788,0.111843,-0.010849
0.000574,0.137683,-0.033194
-0.014380,0.111052,-0.036679
-0.021661,0.040362,-0.006264
-0.019667,-0.028101,0.011376
-0.013095,-0.111530,0.303315
-0.022011,-0.127653,0.567383
-0.044981,-0.089668,0.205929
-0.015295,-0.037688,-0.005481
0.023929,-0.021982,0.026812
0.023604,0.026035,0.028271
0.034694,0.049556,0.030445
0.016454,0.072257,-0.000456
-0.011381,0.059726,-0.032654
-0.023794,-0.002224,-0.023614
-0.022016,-0.087892,0.009915
-0.011813,-0.121018,0.012892
0.001254,-0.119929,0.009702
0.013347,-0.085875,0.019648
0.016882,-0.023053,0.035182
0.013882,0.032397,0.040982
0.013219,0.093276,0.035079
0.010990,0.131894,0.012915
0.009751,0.130985,-0.005285
0.008372,0.080852,-0.007856
0.000862,0.014645,-0.007248
-0.003034,-0.045080,-0.016206
0.005408,-0.092060,-0.016528
0.004842,-0.105036,-0.000505
0.005158,-0.089110,0.010299
0.008677,-0.035625,0.004136
0.006686,0.011434,0.000070
0.006774,0.017908,-0.000062
0.006026,-0.000327,0.015718
0.001165,-0.020645,0.025071
-0.007783,-0.031400,0.031475
-0.010931,-0.036837,0.039015
-0.015072,-0.027199,0.031688
-0.022925,0.002726,0.016133
-0.021929,0.032550,0.011301
-0.010148,0.063731,-0.019380
0.001906,0.065021,-0.048189
0.010230,0.029010,-0.080576
0.006539,-0.028491,-0.089747
0.002413,-0.065879,-0.079503
0.007782,-0.093745,-0.054321
0.017938,-0.095108,-0.008592
0.012482,-0.075056,0.022490
0.003312,-0.040041,0.043177
-0.005622,0.007805,0.059724
-0.006501,0.048200,0.066747
-0.002327,0.086592,0.058770
0.004140,0.119871,0.029246
0.014743,0.137265,-0.007001
0.024438,0.107630,-0.032990
0.027900,0.044968,-0.063580
0.020169,-0.010349,-0.074959
0.007200,-0.060568,-0.061616
-0.006069,-0.096049,-0.029845
-0.011659,-0.091227,0.028014
-0.007363,-0.044774,0.084096
-0.009472,0.030757,0.106261
-0.006118,0.103417,0.088844
-0.003282,0.181550,0.056468
0.010552,0.217111,0.018212
0.020547,0.239683,0.001245
0.008465,0.323808,0.021243
-0.022394,0.247965,-0.088657
0.024626,0.224983,-0.136162
0.006250,0.106235,-0.095593
0.012093,-0.020263,-0.026122
0.005587,-0.123295,0.047756
0.000866,-0.171845,0.109389
-0.005779,-0.152878,0.137371
-0.001532,-0.068485,0.124247
0.000325,0.036312,0.091094
0.006613,0.157130,0.051760
0.020196,0.210934,-0.003346
0.019388,0.182496,-0.049533
0.011730,0.088811,-0.078090
0.008232,-0.025331,-0.079155
0.003888,-0.111939,-0.054335
0.002051,-0.162294,-0.024953
-0.003740,-0.162528,0.007029
-0.011341,-0.123226,0.029796
-0.013945,-0.068940,0.043162
-0.013361,-0.019033,0.066193
-0.013466,0.032882,0.097938
-0.016165,0.087242,0.089148
-0.011453,0.130244,0.047896
0.006164,0.128611,-0.007812
0.013788,0.097189,-0.069238
0.012131,0.016299,-0.084066
0.009051,-0.063752,-0.072147
0.001753,-0.115984,-0.067507
0.005927,-0.129969,-0.042230
0.008084,-0.103567,-0.006774
-0.000386,-0.052685,0.032193
-0.009543,-0.009151,0.053000
-0.007478,0.036572,0.060083
-0.003200,0.066557,0.038097
0.005988,0.066836,0.005998
0.021019,0.041360,-0.017577
0.022404,0.015059,-0.062708
0.015772,-0.020961,-0.087751
0.013528,-0.040196,-0.081568
0.011174,-0.040322,-0.059279
0.000051,-0.035234,-0.024074
-0.015927,-0.031307,0.015547
-0.027844,-0.023137,0.057362
-0.030897,-0.025460,0.079797
-0.022139,-0.014774,0.071483
-0.006265,0.030336,0.036589
0.018481,0.076698,-0.014464
0.034421,0.110394,-0.092135
0.028268,0.102411,-0.159537
0.018958,0.034076,-0.153735
0.005158,-0.057040,-0.105318
-0.005168,-0.116282,-0.040580
-0.009826,-0.122110,0.018178
-0.014385,-0.078657,0.059065
-0.017628,-0.021237,0.084137
-0.014708,0.019344,0.077079
-0.007598,0.043020,0.045381
0.011450,0.066605,0.026471
0.025539,0.090144,0.018139
0.026967,0.096777,-0.005414
0.016710,0.055455,-0.034773
0.005319,0.012848,-0.038473
-0.004466,-0.026591,-0.036828
-0.000933,-0.056451,-0.035039
0.004510,-0.083250,-0.022399
0.005042,-0.091989,0.001065
0.004451,-0.075275,0.038749
-0.006767,-0.033884,0.056424
-0.018523,0.019399,0.061248
-0.008342,0.096228,0.053538
-0.002792,0.139421,-0.005994
0.001929,0.136598,-0.044656
-0.001194,0.071584,-0.054828
0.000984,-0.020137,-0.056779
0.007510,-0.099189,-0.042581
0.009779,-0.127082,-0.021512
0.008969,-0.096212,-0.008503
0.002550,-0.042006,0.015530
-0.003525,0.019696,0.036419
0.003458,0.060146,0.043299
0.005889,0.071996,0.023233
0.010392,0.045480,0.001671
0.015538,0.002834,-0.005064
0.017408,-0.023726,-0.019191
0.021097,-0.036411,-0.029026
0.013986,-0.017151,-0.030046
0.005070,0.005277,-0.027814
-0.006616,0.023406,-0.022402
-0.012368,0.016901,-0.007546
-0.014236,0.001829,0.008360
-0.015138,-0.019583,0.017774
-0.014346,-0.045413,0.042184
-0.012744,-0.057260,0.048643
-0.009963,-0.045384,0.029560
-0.008044,-0.022936,0.020238
0.007408,0.008029,0.014174
0.011298,0.042321,-0.006831
0.014594,0.073619,-0.045139
0.007232,0.068578,-0.073141
-0.006179,0.021735,-0.088467
-0.008113,-0.037982,-0.090123
0.004351,-0.080758,-0.076651
0.014518,-0.098029,-0.053272
0.022699,-0.077013,-0.013546
0.019358,-0.035822,0.034979
0.019123,0.019400,0.064381
0.009504,0.068652,0.039266
0.000327,0.094537,0.005301
-0.003874,0.081802,-0.005447
-0.005465,0.034939,-0.013400
-0.004418,-0.030150,-0.007683
0.003135,-0.061082,-0.006935
0.008716,-0.058770,-0.020979
0.010322,-0.049182,-0.014583
-0.001807,-0.034452,0.008052
-0.004907,0.005957,0.020267
-0.004814,0.047778,-0.003968
-0.003533,0.076758,-0.024032
-0.008993,0.074598,-0.022936
-0.008608,0.042548,-0.018927
-0.001510,0.010566,-0.021373
0.003408,-0.013983,-0.014245
0.001303,-0.031117,-0.004817
-0.009718,-0.040722,-0.008034
-0.014885,-0.043876,-0.016550
-0.019059,-0.030983,-0.031314
-0.010399,-0.011633,-0.050343
0.001308,0.012903,-0.050117
0.011237,0.037426,-0.043582
0.020283,0.056542,-0.025400
0.032311,0.071506,-0.021158
0.026827,0.071518,-0.015959
0.015469,0.055342,0.002123
0.017562,0.037040,0.020170
0.018576,0.014427,0.039336
0.010806,-0.012386,0.048875
0.001937,-0.015451,0.025487
-0.003950,-0.016419,0.008488
0.000866,-0.007954,0.012930
0.005776,0.007013,0.009849
0.009809,0.048605,0.016538
0.005305,0.105156,0.023306
0.002078,0.141667,0.001052
0.011538,0.141916,-0.024697
0.008212,0.099215,-0.023967
-0.005196,0.036042,-0.007210
-0.014038,-0.025960,-0.001169
-0.016110,-0.050509,-0.002409
-0.013373,-0.047282,-0.003492
-0.008744,-0.026967,-0.005518
0.000993,0.018896,-0.001934
0.006074,0.050028,-0.019935
0.006321,0.085296,-0.027098
0.003763,0.091616,-0.020554
-0.000727,0.083190,-0.036602
0.002527,0.057623,-0.042162
0.000809,0.014796,-0.027509
0.004704,-0.018330,-0.020348
0.013376,-0.037535,-0.015290
0.018053,-0.054677,-0.000614
0.015856,-0.059043,0.017380
0.010658,-0.046271,0.022805
0.003627,-0.014395,0.040167
0.005563,0.015490,0.034130
0.006642,0.048803,0.002429
0.010806,0.054353,-0.026322
0.007110,0.020238,-0.037153
0.007216,-0.030979,-0.041779
0.011003,-0.074772,-0.035766
0.011519,-0.086549,-0.029489
0.013962,-0.078189,0.000327
0.014609,-0.037861,0.034714
-0.011983,0.006864,0.049976
-0.036398,0.044273,0.039677
-0.038034,0.051859,0.018521
-0.028811,0.033862,-0.007106
-0.010076,0.000862,-0.026421
0.003528,-0.032091,-0.046901
0.013117,-0.047910,-0.067395
0.019764,-0.037298,-0.059831
0.012709,-0.007482,-0.045818
0.006757,0.031926,-0.028558
0.002972,0.055241,-0.005976
0.000215,0.054007,0.017455
0.000381,0.040988,0.039869
0.005441,0.017332,0.057919
0.007439,-0.016794,0.051300
0.001496,-0.034690,0.019134
0.008379,-0.021554,-0.018225
0.013197,-0.011478,-0.063300
0.020818,-0.033702,-0.081752
0.010909,-0.055968,-0.095909
0.006776,-0.063542,-0.082104
0.003327,-0.053163,-0.047786
0.000864,-0.035406,-0.005849
-0.002271,-0.010176,0.036148
0.000656,0.008699,0.072737
0.000766,0.024519,0.091138
0.001144,0.037403,0.080583
0.004466,0.041805,0.060401
0.009714,0.039943,0.029346
0.021697,0.037326,-0.032864
0.032619,0.018529,-0.071748
0.028421,-0.060606,-0.053149
0.021080,-0.077933,-0.033807
0.006086,-0.079110,-0.018889
-0.007921,-0.052750,0.019815
-0.018964,-0.010381,0.056554
-0.010124,0.025828,0.071693
-0.005905,0.045046,0.072874
-0.006518,0.030100,0.073811
0.000476,0.008758,0.068402
0.007319,-0.001897,0.059901
0.011207,0.011172,0.016445
0.010329,0.039014,-0.004490
0.010551,0.070199,-0.035180
0.006028,0.076957,-0.070564
-0.002446,0.039742,-0.085869
-0.008113,-0.021110,-0.076900
-0.002430,-0.069308,-0.046514
0.003917,-0.082298,-0.012673
0.007341,-0.050545,0.028014
-0.001748,-0.010213,0.056114
-0.001794,0.034413,0.076866
-0.014167,0.078074,0.076427
-0.019479,0.099431,0.061929
-0.012067,0.106891,0.050515
-0.006591,0.097499,0.018505
0.005726,0.077486,-0.015815
0.002292,0.115846,-0.006977
-0.012826,0.097116,-0.060678
0.011881,0.068621,-0.084757
0.011245,-0.005222,-0.053448
0.013029,-0.051447,-0.005891
0.011514,-0.079552,0.045012
0.004145,-0.076675,0.086672
-0.009801,-0.031977,0.100959
-0.017713,0.016136,0.083343
-0.026287,0.057012,0.030547
-0.012138,0.064951,-0.030224
0.012619,0.022448,-0.054065
0.013384,-0.068252,-0.063207
0.003200,-0.141829,-0.074426
-0.005218,-0.194064,-0.078145
-0.009197,-0.203775,-0.059122
-0.000581,-0.151709,-0.022544
0.006488,-0.081490,0.016248
0.012115,-0.000531,0.044490
0.009339,0.065510,0.064186
0.007811,0.104850,0.082669
0.003471,0.119672,0.087286
-0.006537,0.125284,0.044777
0.002137,0.121362,-0.003222
0.018320,0.084238,-0.036542
0.015577,0.013032,-0.075553
0.004771,-0.055164,-0.081615
-0.004453,-0.126896,-0.061734
-0.002163,-0.139851,-0.041581
0.005983,-0.110131,-0.013722
0.013164,-0.061318,0.024009
0.018666,0.007915,0.046892
0.028553,0.062332,0.052594
0.021212,0.108187,0.055155
0.016855,0.101756,0.054127
0.003705,0.072039,0.027308
-0.004578,0.045597,-0.004906
-0.001333,0.013879,-0.041502
0.001601,-0.014634,-0.072853
-0.002554,-0.046602,-0.076380
-0.012672,-0.064893,-0.058362
-0.016911,-0.052297,-0.034701
-0.021153,-0.018325,-0.014086
-0.018406,0.028460,0.005572
-0.010463,0.071100,0.006047
-0.004157,0.111767,-0.009600
0.002349,0.114060,-0.026729
0.008757,0.076712,-0.027048
0.017958,0.018165,-0.041513
0.024894,-0.037285,-0.041040
0.025608,-0.078902,-0.036163
0.014306,-0.088681,-0.012780
0.001956,-0.076090,0.012986
-0.007333,-0.053806,0.027097
-0.013320,-0.002709,0.035174
-0.012265,0.031478,0.024904
-0.001344,0.066918,-0.005717
0.006991,0.089622,-0.037671
0.008452,0.075976,-0.064524
0.004933,0.036454,-0.058479
0.002151,-0.010708,-0.028003
-0.000970,-0.038687,0.002702
-0.012035,-0.043160,0.028301
-0.015265,-0.033758,0.049823
-0.009629,-0.019957,0.055355
0.002082,-0.008206,0.050195
0.005111,0.016438,0.032362
0.007285,0.038138,-0.010225
0.014384,0.039492,-0.038158
0.018469,0.028842,-0.038302
0.011791,0.006505,-0.041817
0.006957,-0.018056,-0.034660
-0.001055,-0.031011,-0.014507
-0.005321,-0.046155,0.010999
-0.010575,-0.045268,0.027165
-0.014669,-0.031488,0.031709
-0.006954,-0.003731,0.023546
-0.001077,0.024070,0.013174
0.003063,0.047689,-0.006869
0.010300,0.059613,-0.026078
0.017494,0.044756,-0.030604
0.023532,0.014899,-0.027777
0.019612,-0.013785,-0.034630
0.016584,-0.039512,-0.015717
0.006509,-0.054600,0.001277
-0.002676,-0.043025,0.020626
-0.009862,-0.027071,0.019853
-0.017836,-0.011027,0.005248
-0.008947,-0.001440,-0.002992
0.005782,0.002863,-0.013501
0.014575,0.009359,-0.024147
0.017713,0.007296,-0.031674
0.014868,-0.001232,-0.026541
0.013891,0.006130,-0.004238
0.007000,0.011310,0.020267
-0.007709,0.016458,0.044856
-0.017401,0.018547,0.051267
-0.021213,0.016456,0.039632
-0.019177,0.013298,0.024853
-0.011250,-0.003627,-0.000781
-0.006442,-0.021561,-0.030755
-0.002573,-0.043654,-0.067328
0.003077,-0.061568,-0.088987
0.006643,-0.073279,-0.088112
0.009205,-0.065956,-0.062567
0.009749,-0.034147,-0.030391
0.006573,0.010509,-0.005536
0.001749,0.043525,0.006416
0.003971,0.051924,0.023582
0.008131,0.027216,0.037397
0.008238,0.006910,0.032078
0.011291,-0.008932,0.010599
0.010262,0.006149,-0.006376
0.004350,0.006465,-0.041711
0.014197,0.022730,-0.072580
0.026105,0.014395,-0.090955
0.020250,-0.004765,-0.090198
0.017231,-0.030482,-0.072361
0.004279,-0.060577,-0.042768
-0.007888,-0.075833,-0.003373
-0.013208,-0.067687,0.039551
-0.010566,-0.041293,0.067709
-0.009808,-0.020144,0.080943
-0.011766,0.000119,0.071734
-0.010605,0.010975,0.041013
-0.003564,0.016524,0.013312
0.013231,-0.003460,-0.020039
0.019074,-0.033169,-0.037468
0.024756,-0.056480,-0.052739
0.018540,-0.057511,-0.050751
0.005359,-0.046978,-0.033569
-0.006730,-0.027907,-0.017363
-0.015749,-0.021672,0.006135
-0.014967,-0.044578,0.062670
-0.007367,-0.029896,0.080202
-0.006370,-0.028729,0.067401
-0.009176,-0.002872,0.037693
-0.001150,0.020985,-0.002842
0.011671,0.029774,-0.025391
0.018594,0.012791,-0.032047
0.011810,-0.005227,-0.044024
0.008780,-0.013773,-0.039890
-0.000244,-0.011843,-0.017376
-0.008303,-0.003549,0.006337
-0.017144,0.018751,0.015178
-0.020925,0.035756,0.021777
-0.009938,0.040032,0.019700
-0.004751,0.011343,0.005543
0.003293,-0.011993,-0.007572
0.018002,-0.022535,-0.016366
0.027600,-0.007545,-0.015326
0.025540,0.020324,-0.023784
0.008959,0.045987,-0.032072
-0.006427,0.083352,-0.038071
-0.019798,0.092858,-0.035642
-0.025204,0.130893,0.001230
-0.031028,0.209832,-0.007442
-0.019521,0.199431,-0.030198
0.008981,0.213093,-0.006525
0.000359,0.127765,-0.013626
0.026179,0.060905,-0.043391
0.027312,-0.030901,-0.027343
0.019115,-0.100437,-0.004467
0.004760,-0.113409,0.012592
0.003164,-0.095446,0.029941
0.005690,-0.035817,0.043332
0.003615,0.020918,0.018247
0.013612,0.058395,-0.001643
0.023722,0.051953,-0.001593
0.024948,0.030670,-0.013433
0.020224,-0.006499,-0.033040
0.011390,-0.025615,-0.043902
0.003375,-0.029859,-0.048183
-0.004685,-0.034203,-0.038610
-0.001000,-0.029069,-0.015030
-0.001193,-0.021841,0.014945
-0.002341,0.009939,0.040924
-0.005151,0.041972,0.041143
-0.002848,0.056982,0.036902
-0.006432,0.044431,0.012076
-0.008044,0.013657,-0.004321
-0.001136,-0.019350,-0.011067
0.002590,-0.043778,-0.024127
-0.001525,-0.039342,-0.046489
-0.000850,-0.032878,-0.057054
-0.001137,-0.023278,-0.063235
0.001611,-0.016842,-0.069543
0.006285,-0.031954,-0.044119
0.012868,-0.027199,0.013914
0.006073,-0.003827,0.024841
0.007174,0.026098,0.024972
0.010378,0.066761,0.021883
0.000035,0.079767,0.005779
-0.002547,0.049906,0.007573
0.000576,-0.004538,0.007170
0.004384,-0.058953,0.000414
0.007867,-0.086740,-0.001802
0.010295,-0.078233,-0.005833
0.006961,-0.055943,0.000943
-0.000162,-0.010131,0.006751
-0.010848,0.046413,0.007261
-0.008519,0.073216,0.000884
0.001710,0.063491,0.023081
0.007907,0.061432,0.018682
0.014112,0.039149,0.011888
0.015261,0.013644,0.005123
0.015298,-0.001197,-0.002582
0.011244,-0.014004,-0.003728
0.001153,-0.024739,-0.002606
-0.006921,-0.039679,-0.013189
-0.019863,-0.054683,-0.012100
-0.012219,-0.060172,-0.005469
-0.005553,-0.056961,-0.008605
0.001131,-0.023895,-0.004106
0.011861,0.001828,-0.009415
0.022641,0.015773,-0.008439
0.024699,0.026500,-0.005359
0.013134,0.026571,-0.005544
0.007402,0.012643,0.005987
-0.001395,0.008282,0.013512
-0.006272,0.011424,0.012650
-0.004356,0.002777,0.019139
-0.004474,-0.014170,-0.002250
-0.005531,-0.031137,-0.013132
-0.007769,-0.075022,-0.004785
-0.006117,-0.060093,-0.009861
-0.003212,-0.030034,-0.028903
0.010434,0.027670,-0.029672
0.016411,0.078903,-0.024040
0.009933,0.094957,-0.021937
0.006501,0.074543,-0.002920
-0.001003,0.026211,0.030954
-0.010804,-0.023029,0.039305
-0.010960,-0.049693,0.026495
-0.003327,-0.046276,-0.003323
0.005253,-0.030110,-0.025567
0.010000,-0.008677,-0.036080
0.009011,0.012664,-0.026486
0.005121,0.037188,-0.015772
0.005362,0.047853,-0.011482
0.005689,0.038218,-0.001023
0.005952,0.019943,0.019042
0.002016,0.002714,0.036037
0.003855,-0.006981,0.045607
0.006735,-0.006982,0.040381
0.001847,-0.007897,0.018012
-0.000070,-0.016425,0.011642
-0.001003,-0.006933,0.019336
-0.000950,0.011168,0.021686
-0.006829,0.015591,0.008769
-0.013623,0.036985,0.000447
0.001185,0.047738,-0.009090
0.004375,0.027579,-0.021066
0.007459,-0.008697,-0.022433
0.012211,-0.044977,-0.019607
0.011945,-0.039628,-0.015416
0.015653,-0.015060,-0.013179
0.008742,0.031832,-0.003212
0.007911,0.056193,0.018388
0.010188,0.067968,0.010023
0.001843,0.046396,0.033451
-0.009636,0.027230,0.036318
-0.006710,0.000615,0.039064
-0.015879,0.005144,0.112330
-0.022485,0.027059,0.035719
-0.000610,0.012399,0.005580
-0.000312,0.004892,0.010842
0.007471,-0.015340,0.011606
0.019962,-0.037908,0.036928
0.017897,-0.021833,0.031655
0.018963,0.025410,0.006197
0.021072,0.066228,-0.021352
0.007583,0.109097,-0.046572
-0.008626,0.093131,-0.058319
-0.014139,0.046110,-0.058537
-0.020822,-0.002078,-0.042813
-0.012274,-0.066275,-0.034541
-0.009749,-0.101544,-0.030515
-0.003164,-0.099475,-0.028234
0.004288,-0.050383,-0.025742
0.010782,-0.014299,0.004364
0.018478,0.025164,0.009975
0.014834,0.070056,0.004932
0.012313,0.103180,0.000915
0.000013,0.094723,-0.016097
-0.015200,0.059509,-0.020579
-0.012056,-0.016137,-0.027804
-0.007427,-0.078039,-0.025163
-0.011779,-0.088476,-0.052009
-0.009267,-0.117261,-0.053370
-0.002980,-0.125847,-0.045991
0.004305,-0.096098,-0.026577
0.000842,-0.059005,0.008916
0.004409,-0.016422,0.024183
0.009408,0.054059,0.019411
0.005924,0.106338,0.014651
-0.001480,0.133072,-0.003048
0.000081,0.117069,-0.012607
0.000644,0.074428,-0.024584
-0.002871,0.027546,-0.034575
-0.003684,-0.025765,-0.035141
-0.002888,-0.086651,-0.020855
-0.000514,-0.109074,-0.005323
0.005675,-0.097602,0.028938
0.017115,-0.037790,0.033485
0.022019,0.029581,0.020083
0.020143,0.079901,0.002294
0.014618,0.076793,-0.011574
0.017029,0.037415,-0.029958
0.019177,-0.006243,-0.051488
0.012187,-0.049976,-0.061318
0.011763,-0.085580,-0.027131
-0.001410,-0.073018,-0.006518
-0.010584,-0.039936,-0.007287
-0.017601,-0.011219,0.005751
-0.017687,0.008871,0.025230
-0.005755,0.007798,0.030466
0.009995,-0.011418,0.035552
0.009926,-0.017807,0.038600
0.009772,-0.037049,0.043753
0.013421,-0.062763,0.057403
0.015221,-0.017602,0.020285
0.001632,0.023278,-0.015793
-0.007249,0.028923,-0.047925
-0.015048,0.000174,-0.058790
-0.013055,-0.044812,-0.046181
-0.008415,-0.095149,-0.025213
-0.007994,-0.104805,-0.017835
-0.008518,-0.087834,-0.003828
-0.014787,-0.054813,0.007062
-0.008175,-0.022878,0.023223
0.000576,0.010066,0.040590
0.002670,0.027238,0.028975
0.018484,0.040193,0.011961
0.022711,0.056459,-0.021000
0.017152,0.065177,-0.043364
0.013474,0.050332,-0.056286
0.008690,0.004489,-0.065153
-0.002185,-0.052264,-0.038972
-0.001645,-0.098565,-0.001671
0.002724,-0.114532,-0.005047
0.009138,-0.099456,-0.013643
0.007725,-0.071789,-0.000658
0.002398,-0.045236,0.018718
0.004157,-0.014420,0.035006
0.007177,0.021733,0.052380
-0.001464,0.053739,0.049531
-0.009032,0.054962,0.028218
-0.007630,0.037157,-0.012552
0.002482,0.019141,-0.031855
0.018051,-0.016022,-0.039609
0.020756,-0.036180,-0.054727
0.005017,-0.043569,-0.064412
-0.006919,-0.037242,-0.055794
-0.012182,-0.023662,-0.024585
-0.013485,-0.017620,0.016149
-0.012618,-0.000827,0.045264
-0.010511,0.026769,0.064712
-0.005373,0.039647,0.060445
0.002768,0.044073,0.046475
0.010970,0.060545,0.000427
0.023043,0.066232,-0.031823
0.016454,0.042869,-0.042773
-0.001174,-0.009420,-0.041120
-0.015121,-0.062840,-0.042448
-0.017407,-0.092713,-0.046899
-0.015973,-0.115279,-0.029945
-0.005874,-0.099532,-0.000895
0.002539,-0.040959,0.016641
0.011181,0.016698,0.018085
0.019228,0.068998,0.023724
0.020704,0.094671,0.020640
0.007474,0.090452,0.013153
-0.003846,0.051048,0.000065
-0.003690,-0.024720,0.001525
-0.001038,-0.086811,0.018255
-0.003664,-0.127374,0.009581
-0.007169,-0.130400,-0.014957
-0.002673,-0.104758,-0.021099
0.011574,-0.035459,-0.008845
0.026046,0.049804,0.009929
0.030384,0.136239,0.017981
0.026337,0.169310,0.026651
0.018434,0.160627,0.046831
0.007460,0.101836,0.057055
0.001980,-0.008091,0.059303
-0.000122,-0.075441,0.063239
-0.001634,-0.122180,0.026728
0.001647,-0.135858,-0.005269
0.005888,-0.126114,-0.026469
0.003315,-0.091834,-0.043259
-0.001941,-0.040630,-0.041738
-0.008846,0.014831,-0.033872
-0.011697,0.042516,-0.021981
-0.009483,0.059493,-0.009033
-0.008159,0.055121,0.000612
-0.004073,0.022729,0.042117
0.001784,-0.010621,0.072867
0.001710,-0.010589,0.066509
-0.006068,0.027034,0.037876
-0.002890,0.074295,-0.000181
-0.003422,0.099265,-0.042920
0.008902,0.096278,-0.063377
0.006410,0.055891,-0.078786
0.002592,-0.030750,-0.050744
-0.000640,-0.114364,-0.010715
0.006426,-0.141157,0.007139
0.002706,-0.106099,0.024576
-0.016323,-0.046378,0.024133
-0.012597,0.009028,0.031095
-0.001755,0.038805,0.038934
0.001515,0.050676,0.018815
0.002914,0.043338,-0.000416
0.015933,0.026306,-0.004851
0.022819,-0.017399,-0.001159
0.010929,-0.042106,0.015794
-0.002176,-0.061347,0.017810
0.000489,-0.038784,0.001910
0.008261,-0.029143,0.001894
0.012106,-0.006822,0.015910
0.004131,0.002795,0.015957
-0.005676,0.013614,0.002065
-0.002570,0.013779,-0.015098
0.001497,0.019096,-0.015007
-0.002390,0.021158,-0.012708
-0.002368,0.011624,-0.024473
0.001656,0.022279,-0.025387
0.007670,0.031863,-0.023162
0.003792,0.044799,-0.036992
-0.006756,0.038352,-0.035883
-0.011403,0.020211,-0.039175
-0.008437,-0.002260,-0.031881
0.003129,-0.030074,-0.020430
0.012727,-0.039770,-0.005631
0.019459,-0.022734,0.005071
0.017365,0.009210,0.021207
0.012543,0.034748,0.033116
0.015670,0.042265,0.033056
0.011005,0.029451,0.034016
0.011168,0.015790,0.000930
0.014261,-0.009471,-0.045170
0.018086,-0.025277,-0.073020
0.013866,-0.044433,-0.087958
0.001774,-0.047650,-0.091079
-0.009188,-0.033851,-0.084496
-0.010288,-0.026616,-0.058722
-0.011403,-0.006641,-0.020118
-0.011465,0.007008,0.010908
-0.009472,0.006663,0.057823
-0.015295,-0.003271,0.098344
-0.011418,-0.003460,0.117663
-0.006503,0.003983,0.115702
0.002460,0.028689,0.090387
0.008616,0.056917,0.033933
0.015882,0.077552,-0.008668
0.021279,0.073506,-0.033336
0.017617,0.040684,-0.058345
0.001018,-0.016917,-0.056798
-0.009859,-0.050020,-0.054926
-0.004320,-0.061893,-0.035850
-0.000955,-0.055698,-0.011201
0.001530,-0.037710,0.005038
0.003311,-0.020657,0.006284
0.008222,-0.015360,0.009564
0.012155,-0.025049,0.017025
0.012031,-0.036740,0.012622
0.007991,-0.031254,-0.003413
0.008930,-0.006730,-0.000019
0.000107,0.027492,-0.007245
0.002129,0.080044,-0.036774
0.004462,0.099456,-0.059105
0.003991,0.077029,-0.057158
0.008251,0.009637,-0.037426
0.010137,-0.061045,-0.007035
0.013656,-0.090045,0.018310
0.016052,-0.092436,0.052431
0.009698,-0.064963,0.085795
0.001686,-0.037292,0.091448
-0.002279,0.011881,0.078043
0.000926,0.055699,0.066737
-0.003651,0.071860,0.042416
-0.002257,0.074228,0.009403
0.004130,0.063859,-0.028076
-0.000507,0.041555,-0.042136
-0.002344,-0.001182,-0.032947
0.001515,-0.038637,-0.013115
0.007120,-0.061110,0.003594
0.001837,-0.054773,0.023690
-0.000381,-0.045248,0.038618
-0.007507,-0.050619,0.044940
-0.014560,-0.038931,0.042032
-0.012715,-0.028217,0.024234
-0.002044,0.009303,-0.008318
0.006904,0.029761,-0.037905
0.011943,0.028961,-0.064758
0.017887,0.006549,-0.069121
0.014885,-0.022306,-0.058792
0.004846,-0.073828,-0.021840
-0.001375,-0.077339,0.014499
-0.006598,-0.064795,0.051892
-0.011826,-0.022244,0.071423
-0.009006,0.025801,0.071762
-0.005834,0.061134,0.057109
-0.004425,0.053774,0.038982
-0.003084,0.026064,0.030290
0.001972,-0.002711,0.022631
0.009731,-0.023719,-0.016071
0.011531,-0.016929,-0.054674
0.013389,-0.003865,-0.076157
0.011355,0.006981,-0.091168
0.006473,0.014430,-0.083729
0.000635,0.006642,-0.044268
-0.004246,0.001938,0.005984
-0.013188,0.000511,0.044564
-0.016206,0.031383,0.050247
-0.019978,0.030212,0.052605
-0.018704,0.022704,0.047412
-0.012574,0.000358,0.033464
-0.004596,0.013462,-0.002765
0.011125,0.001834,-0.009428
0.026774,-0.001309,-0.009606
0.030692,0.007404,-0.022546
0.023843,0.022448,-0.027920
0.008177,0.015912,-0.011939
-0.005521,-0.002397,0.004033
-0.008476,-0.010024,0.016929
0.001224,-0.014395,0.025527
0.010957,-0.013333,0.022412
0.016860,0.003881,0.004412
0.020789,0.020955,0.004554
0.017886,0.038994,0.014385
0.008481,0.053018,-0.002624
0.003840,0.019868,0.007734
-0.002074,-0.022941,0.019204
-0.012894,-0.031446,0.013821
-0.011005,-0.019585,0.004186
0.001525,-0.002403,-0.005364
0.001487,0.014753,-0.013801
0.002624,0.007390,-0.022508
-0.005102,-0.004276,-0.031165
-0.007119,-0.025650,-0.026031
0.002476,-0.038671,0.002661
0.007099,-0.037864,0.030537
-0.001057,-0.027458,0.054329
-0.011919,0.012100,0.037734
-0.009762,0.036908,0.002740
0.005193,0.050877,-0.010992
0.012245,0.035038,-0.030389
0.014312,0.006443,-0.052113
0.013441,-0.033933,-0.066504
0.014281,-0.054222,-0.056182
0.010948,-0.069371,-0.023341
-0.004204,-0.056795,0.008739
-0.016206,-0.012163,0.030518
-0.023016,0.032506,0.045927
-0.009190,0.069853,0.036838
-0.002971,0.067750,0.026279
0.007280,0.043304,0.009085
0.019259,-0.001386,-0.008361
0.021137,-0.039702,-0.020450
0.017964,-0.051337,-0.030231
0.012862,-0.037316,-0.039913
0.000961,-0.009569,-0.034454
-0.002166,-0.009646,-0.020660
-0.012144,-0.022647,-0.001432
-0.020099,-0.039813,0.000757
-0.011497,-0.049470,-0.000232
0.000987,-0.043117,0.000996
0.012567,-0.023793,-0.014832
0.017391,0.004108,-0.028597
0.018459,0.014849,-0.029738
0.015735,0.040316,-0.006139
0.002227,0.029572,0.009646
-0.003696,-0.009043,0.034942
-0.017496,-0.022915,0.028549
-0.010649,-0.049501,0.016580
-0.007090,-0.071633,-0.018843
-0.005556,-0.085133,-0.061764
-0.006994,-0.097557,-0.105744
-0.003611,-0.115574,-0.118772
0.000632,-0.122087,-0.105987
0.008721,-0.091385,-0.074759
0.007328,-0.034122,-0.029409
0.004276,0.023110,0.013932
0.000542,0.065486,0.048561
0.001003,0.108986,0.076779
0.006603,0.106637,0.098236
0.016967,0.074638,0.095838
0.017376,0.026892,0.062300
0.015707,-0.018818,0.047853
0.028148,-0.041256,0.041467
0.023751,-0.039804,-0.004496
0.011862,-0.027525,-0.068556
-0.003786,-0.033721,-0.095296
-0.007973,-0.055162,-0.081622
-0.001505,-0.065079,-0.044285
0.008875,-0.067522,-0.004804
0.008473,-0.046472,0.031700
0.009340,-0.009302,0.058625
0.003595,0.015112,0.077993
-0.004026,0.012107,0.056539
-0.012659,0.032506,0.034424
-0.005562,0.064631,0.015580
0.020960,0.128094,-0.056318
0.022261,0.126277,-0.101085
0.006220,0.109538,-0.144981
-0.012661,0.029720,-0.172363
-0.017482,-0.088028,-0.121155
-0.010504,-0.172804,-0.067293
0.003017,-0.197526,-0.029385
0.019636,-0.182871,0.020635
0.019843,-0.127688,0.072101
0.009599,-0.074544,0.108660
-0.000380,-0.017924,0.103741
-0.005133,0.024789,0.092523
0.000041,0.047301,0.070485
0.017891,0.019680,0.054240
0.021970,-0.040027,0.043146
0.020959,-0.096558,0.033189
0.021512,-0.126062,-0.008826
0.025754,-0.132220,-0.033574
0.018061,-0.127979,-0.033466
0.005509,-0.091906,-0.016928
0.006700,-0.070853,0.007014
0.001255,-0.034800,0.017330
-0.007621,-0.028526,0.019812
-0.007511,-0.039364,0.030616
-0.000657,-0.056555,0.041236
0.008933,-0.070301,0.030332
0.016468,-0.075493,0.026774
0.017126,-0.072120,0.024263
0.003037,-0.063489,0.020950
-0.014966,-0.027136,0.013749
-0.011230,0.027294,0.013141
-0.004394,0.041197,0.010043
-0.006207,0.023158,-0.005016
-0.014681,-0.019380,-0.026676
-0.018486,-0.076926,-0.035731
-0.015020,-0.131406,-0.025583
-0.005096,-0.166728,-0.002594
-0.000071,-0.156080,0.014289
-0.013510,-0.108087,0.027312
-0.028713,-0.011919,0.013148
-0.015255,0.074589,-0.003042
-0.004310,0.101186,-0.007835
-0.006723,0.093773,-0.027916
-0.011868,0.052248,-0.049423
-0.011515,-0.011820,-0.047763
-0.008715,-0.078026,-0.040884
0.000591,-0.119562,-0.040401
0.013661,-0.133222,-0.049439
0.013926,-0.146868,-0.054333
0.010213,-0.140199,-0.065433
0.006553,-0.091984,-0.071814
0.012909,-0.017289,-0.068039
0.015581,0.026639,-0.086953
0.007822,0.047003,-0.104792
0.002329,0.011575,-0.091983
-0.003389,-0.038915,-0.064340
0.005279,-0.070085,-0.042053
0.017602,-0.082018,-0.017590
0.021132,-0.089521,-0.000835
0.003057,-0.104370,-0.007471
-0.011135,-0.090278,-0.036163
0.001751,-0.109339,-0.063900
0.011297,-0.136239,-0.060405
0.015988,-0.194150,-0.059094
0.008905,-0.246485,-0.080329
0.003710,-0.295435,-0.111430
-0.009561,-0.358288,-0.134197
-0.017321,-0.415799,-0.154849
-0.005830,-0.449873,-0.156376
0.004472,-0.415902,-0.117982
0.002376,-0.326606,-0.056725
-0.016842,-0.183946,0.003913
-0.035283,-0.011722,-0.026060
-0.028362,0.097831,-0.094965
-0.015926,0.121271,-0.090490
-0.000768,0.043959,-0.034460
0.010026,-0.038665,0.004735
0.018712,-0.119546,-0.024757
0.035003,-0.176503,-0.089731
0.049895,-0.209819,-0.169579
0.043722,-0.250543,-0.258019
0.024078,-0.317753,-0.371235
0.009627,-0.396218,-0.439094
0.003273,-0.479008,-0.394236
-0.007451,-0.535142,-0.352235
0.007328,-0.573032,-0.315580
0.004907,-0.574744,-0.258478
0.006616,-0.550724,-0.209842
0.016299,-0.471033,-0.162262
0.013015,-0.318547,-0.137678
-0.002166,-0.146674,-0.132225
0.009558,-0.016616,-0.104644
0.025723,0.067251,-0.044234
0.041668,0.055012,0.016583
0.039380,-0.013449,0.035265
0.036829,-0.077489,0.046263
0.053455,-0.132386,-0.005950
0.077546,-0.162236,-0.104241
0.125550,-0.253633,-0.232191
0.111484,-0.393601,-0.317276
