-0.030192,-0.140945,-0.066212
-0.024724,-0.135708,-0.054405
-0.020238,-0.121960,-0.038276
-0.021577,-0.093081,-0.044477
-0.023827,-0.087661,-0.053017
-0.026053,-0.092954,-0.060494
-0.023466,-0.105728,-0.065913
-0.025925,-0.111107,-0.061661
-0.024450,-0.121929,-0.044624
-0.015228,-0.154152,-0.017157
-0.002951,-0.182193,0.018939
0.003510,-0.194063,0.036962
0.005031,-0.181149,0.027373
0.006545,-0.161850,0.019977
0.012029,-0.141439,0.008288
0.010706,-0.109139,-0.023562
0.003032,-0.085371,-0.057590
-0.004490,-0.084169,-0.073622
-0.010487,-0.091687,-0.070420
-0.013287,-0.107842,-0.053435
-0.018297,-0.108028,-0.030986
-0.022253,-0.098624,-0.006331
-0.020436,-0.074100,0.000200
-0.010795,-0.044239,0.007822
-0.003667,-0.002741,0.026264
-0.003436,0.050622,0.024602
-0.000963,-0.010906,-0.078310
0.019569,-0.049934,-0.176042
0.032947,0.008237,-0.028832
0.020267,0.034762,0.020944
0.006490,0.003839,0.021672
0.005369,0.001632,0.029164
-0.001625,-0.013255,0.022623
0.002989,-0.016479,0.021611
0.007748,-0.023001,0.030233
0.013264,-0.021996,0.034588
0.016913,-0.014632,0.044340
0.025351,-0.007132,0.038049
0.025043,0.006805,0.027541
0.031466,0.024995,0.018154
0.045665,0.014324,0.010745
0.054877,-0.032710,0.015788
0.047454,-0.075787,0.047828
0.029003,-0.063978,0.042512
0.012548,-0.034782,0.003057
0.010915,-0.032358,-0.033236
0.015994,-0.050394,-0.043077
0.016958,-0.067367,-0.053941
0.014180,-0.073636,-0.072122
0.010569,-0.076657,-0.092489
0.008091,-0.060657,-0.093382
0.008378,-0.038333,-0.084604
0.005829,-0.029868,-0.079114
-0.007060,-0.030990,-0.077936
-0.020042,-0.028885,-0.072613
-0.026184,-0.028001,-0.052253
-0.028299,-0.018554,-0.030848
-0.022473,-0.000465,-0.022194
-0.018541,0.018682,-0.010369
-0.017581,0.044229,0.002564
-0.012703,0.059160,0.005850
-0.010567,0.055036,-0.012343
-0.007495,0.044322,-0.010229
-0.002594,0.025068,-0.007135
0.003273,0.002639,-0.011455
-0.000652,-0.004869,-0.010371
-0.001638,-0.000452,-0.027457
0.004200,0.000512,-0.017767
0.005050,-0.012359,-0.006196
0.003975,-0.009126,-0.004161
0.004033,0.004679,0.006589
0.011844,0.036707,0.011003
0.017873,0.064538,0.005784
0.027927,0.054034,-0.012521
0.029092,0.029622,-0.026667
0.022277,0.006334,-0.047226
0.017320,-0.011681,-0.063396
0.015213,-0.031932,-0.068860
0.010041,-0.051190,-0.065753
0.004815,-0.064191,-0.046524
0.001602,-0.055764,-0.031526
0.005313,-0.041003,-0.010018
0.011146,-0.024985,-0.006776
0.016067,-0.004636,-0.012026
0.018083,0.010407,-0.021582
0.017126,0.003065,-0.034528
0.020025,-0.022633,-0.025105
0.019929,-0.051926,0.021923
0.022557,-0.048901,0.049602
0.025416,-0.003158,0.069185
0.032525,0.057764,0.064215
0.042636,0.099765,0.025918
0.044036,0.126977,-0.042183
0.038499,0.149960,-0.113560
0.031746,0.138597,-0.163788
0.024752,0.099255,-0.187497
0.018554,0.061819,-0.190722
0.011257,0.041315,-0.175654
0.006732,0.023965,-0.142657
0.004373,0.029078,-0.111704
0.006290,0.065190,-0.087948
0.009289,0.139839,-0.073594
0.007730,0.249879,-0.084503
0.005542,0.351444,-0.109241
0.010308,0.396464,-0.137625
0.014001,0.374243,-0.169679
0.015462,0.285587,-0.176476
0.018432,0.168999,-0.153737
0.012239,0.063131,-0.131035
0.005969,0.005356,-0.115441
0.008385,-0.014893,-0.112544
0.014772,-0.027547,-0.118277
0.009407,-0.050723,-0.139129
-0.002764,-0.054856,-0.144751
-0.017890,-0.050621,-0.135212
-0.027050,-0.036944,-0.110533
-0.032222,-0.011606,-0.078233
-0.032295,0.027694,-0.052323
-0.026273,0.064064,-0.056427
-0.028928,0.094035,-0.062689
-0.029618,0.099491,-0.074465
-0.021520,0.089896,-0.073525
-0.024257,0.078367,-0.098221
-0.033922,0.069798,-0.097164
-0.044736,0.059005,-0.085434
-0.049632,0.055593,-0.066086
-0.054280,0.053304,-0.058378
-0.054211,0.049813,-0.031504
-0.054210,0.051679,0.003725
-0.052017,0.076016,0.034799
-0.040804,0.113263,0.055250
-0.018672,0.138802,0.070293
0.014216,0.110001,0.079430
0.035174,0.041895,0.073133
0.044300,-0.017564,0.046750
0.049240,-0.055664,0.012136
0.051920,-0.068192,-0.020072
0.058457,-0.071207,-0.045683
0.069876,-0.069043,-0.053061
0.082243,-0.075311,-0.070202
0.072991,-0.062101,-0.110889
0.059802,-0.023367,-0.150089
0.052620,0.019478,-0.175247
0.041636,0.069544,-0.175638
0.024780,0.125916,-0.165268
0.015878,0.188675,-0.154801
0.009184,0.250461,-0.145634
0.011438,0.268594,-0.142324
0.007926,0.228049,-0.146862
-0.024221,0.169354,-0.153619
-0.061440,0.097762,-0.156065
-0.099881,0.005710,-0.142510
-0.123053,-0.111003,-0.113170
-0.119946,-0.193694,-0.062299
-0.114912,-0.220827,-0.012184
-0.107795,-0.215763,0.027265
-0.092530,-0.175505,0.076475
-0.073072,-0.096802,0.122796
-0.058180,0.006684,0.146738
-0.044779,0.119972,0.146191
-0.027208,0.225780,0.140379
-0.009441,0.297328,0.143984
0.017283,0.334627,0.154886
0.044141,0.343115,0.164498
0.075871,0.339880,0.171878
0.104580,0.330296,0.172791
0.136140,0.346430,0.166319
0.171608,0.381800,0.157843
0.211071,0.370582,0.110370
0.219057,0.282066,-0.011488
0.193172,0.180863,-0.155721
0.159468,0.048237,-0.259233
0.120398,-0.011517,-0.282753
0.061678,0.123381,-0.245468
-0.030218,0.317600,-0.260573
-0.086829,0.478677,-0.267433
-0.110594,0.551939,-0.230291
-0.120751,0.563069,-0.159582
-0.109105,0.555962,-0.067861
-0.079859,0.470456,-0.029531
-0.063228,0.317807,-0.007673
-0.056522,0.116824,0.040742
-0.045272,-0.034338,0.127053
-0.055834,-0.110518,0.172467
-0.060369,-0.111643,0.171563
-0.050363,-0.086942,0.138940
-0.036500,-0.065223,0.080617
-0.034348,-0.066847,0.014430
-0.026637,-0.063280,-0.032511
-0.020128,-0.040606,-0.065432
-0.021369,-0.014881,-0.083293
-0.012821,-0.009545,-0.088478
-0.001291,-0.005514,-0.066909
0.009327,0.012341,-0.036726
0.024920,0.039895,-0.017170
0.021241,0.051776,-0.039405
-0.012768,0.066832,-0.055269
-0.044147,0.063718,-0.065981
-0.066798,0.041374,-0.072614
-0.075660,0.027392,-0.059897
-0.077671,0.032447,-0.027746
-0.080602,0.044897,0.015120
-0.079414,0.070179,0.061164
-0.076054,0.106132,0.108342
-0.058797,0.123110,0.129654
-0.050180,0.109383,0.122881
-0.067177,0.100109,0.087426
-0.070759,0.079844,0.086183
-0.066670,0.024146,0.108221
-0.061488,-0.017840,0.146482
-0.055238,-0.003441,0.201355
-0.045959,0.048401,0.253158
-0.031461,0.116393,0.295308
-0.012720,0.200599,0.316139
0.010137,0.294421,0.338063
0.047847,0.359797,0.311731
0.046622,0.415175,0.206166
0.028377,0.483438,0.087948
0.022251,0.509853,-0.008055
0.022867,0.470915,-0.076741
0.026329,0.387837,-0.111318
0.034420,0.285158,-0.103199
0.027665,0.224853,-0.048939
0.016096,0.275300,0.047634
0.005976,0.414409,0.145761
0.005255,0.607150,0.218516
0.004992,0.843936,0.261594
0.009018,1.034140,0.262520
0.012254,1.111753,0.190015
0.009256,1.105078,0.109441
0.003784,1.030918,0.047799
0.008687,0.841104,0.017619
0.010516,0.649720,0.044165
-0.003491,0.498607,0.097932
-0.021556,0.340299,0.119545
-0.022991,0.146913,0.130042
-0.004043,-0.033847,0.167261
0.014694,-0.154932,0.213569
0.014797,-0.217019,0.238655
0.011240,-0.224413,0.235256
0.019487,-0.259148,0.179328
0.028595,-0.360984,0.102628
0.037304,-0.487621,0.052541
0.042596,-0.616633,0.029207
0.042803,-0.716879,0.013557
0.040967,-0.750987,0.001664
0.049731,-0.737209,0.009347
0.058515,-0.690448,0.037434
0.047067,-0.608239,0.047432
0.013383,-0.489682,0.057559
0.008031,-0.344525,0.084848
0.015585,-0.181143,0.102659
0.015724,-0.036908,0.104462
0.027806,-0.046003,0.052853
0.049524,-0.237774,0.020099
0.057977,-0.540080,0.038240
0.042314,-0.852192,0.065197
0.002559,-1.046933,0.100493
-0.042582,-1.107088,0.133444
-0.066027,-1.027207,0.138700
-0.075309,-0.806488,0.142063
-0.084295,-0.472778,0.174934
-0.082787,-0.068468,0.199584
-0.064599,0.293416,0.201242
-0.033764,0.522121,0.176126
0.007100,0.576880,0.146423
0.018488,0.501543,0.101792
0.003967,0.395187,0.063361
-0.019834,0.317680,0.014618
-0.038845,0.278460,-0.029279
-0.047243,0.269882,-0.043879
-0.048005,0.276017,-0.024303
-0.044703,0.274645,0.004719
-0.035403,0.249710,0.048411
-0.026046,0.199261,0.085362
-0.009860,0.126559,0.109164
0.012091,0.033633,0.127431
0.028003,-0.057151,0.146745
0.032013,-0.095599,0.161145
0.037849,-0.121020,0.151021
0.057512,-0.160363,0.137774
0.074144,-0.201067,0.153518
0.081732,-0.238492,0.164909
0.082530,-0.257674,0.160494
0.093176,-0.245829,0.148809
0.109629,-0.235954,0.117854
0.119298,-0.226840,0.048446
0.123002,-0.219840,-0.030445
0.120551,-0.258722,-0.110784
0.109946,-0.360397,-0.211956
0.078392,-0.473948,-0.296133
0.040555,-0.553660,-0.349935
0.012147,-0.581401,-0.371093
-0.007609,-0.581687,-0.357797
-0.019454,-0.564101,-0.305998
-0.031037,-0.519854,-0.246609
-0.038435,-0.455243,-0.192510
-0.035786,-0.387282,-0.147140
-0.028961,-0.310702,-0.105049
-0.006166,-0.213790,-0.067119
-0.005450,-0.046564,-0.020972
-0.017064,0.157311,-0.015220
-0.012501,0.293241,-0.067427
0.006859,0.280461,-0.087470
0.022949,0.084853,-0.069438
0.015108,-0.180094,-0.055192
-0.003289,-0.414883,-0.069657
-0.015557,-0.534253,-0.095099
-0.022194,-0.530878,-0.114350
-0.022928,-0.439016,-0.115904
-0.026164,-0.290582,-0.110745
-0.032711,-0.104765,-0.100134
-0.031820,0.071467,-0.088608
-0.006012,0.178216,-0.061662
0.037644,0.195190,-0.022565
0.057773,0.099217,-0.015184
0.074809,-0.063411,0.038943
0.068830,-0.249758,0.101875
0.042646,-0.357695,0.109746
0.012352,-0.364913,0.077653
-0.009039,-0.319599,0.015038
-0.018614,-0.251906,-0.042081
-0.016422,-0.184376,-0.078907
-0.012089,-0.120220,-0.091255
-0.013394,-0.053914,-0.100487
-0.015469,0.019800,-0.099039
0.000150,0.063468,-0.080675
0.002208,0.076198,-0.068865
-0.013386,0.070801,-0.061429
-0.031976,0.070845,-0.070957
-0.044720,0.092175,-0.074928
-0.052419,0.134667,-0.062561
-0.048288,0.173916,-0.041746
-0.039022,0.200352,-0.015791
-0.032619,0.212055,-0.006188
-0.034929,0.228085,0.002251
-0.022589,0.237575,0.029820
-0.011123,0.279084,0.054506
-0.012209,0.361417,0.047445
-0.011094,0.453515,0.013902
-0.002065,0.507029,-0.005931
0.004856,0.448678,-0.053328
0.022357,0.254536,-0.077116
0.029491,0.000211,-0.050099
0.024147,-0.222275,0.001693
0.007689,-0.359114,0.027336
-0.009853,-0.400708,0.024832
-0.018616,-0.371803,0.023786
-0.016533,-0.283172,0.029604
-0.012133,-0.156098,0.027307
-0.008323,-0.005617,0.030620
-0.003108,0.125678,0.032668
0.007234,0.197314,0.025584
0.018751,0.220669,0.037603
0.029216,0.217313,0.051575
0.039484,0.192792,0.052355
0.047878,0.128788,0.039206
0.055039,0.047774,0.018427
0.048124,-0.017146,-0.009765
0.044981,-0.060704,-0.042012
0.043693,-0.083967,-0.076232
0.041277,-0.109311,-0.111653
0.024068,-0.143015,-0.165389
0.004689,-0.170506,-0.194522
-0.015851,-0.194050,-0.187223
-0.036378,-0.194319,-0.156194
-0.055827,-0.171158,-0.123798
-0.071136,-0.141483,-0.101051
-0.081336,-0.116085,-0.079365
-0.080744,-0.091865,-0.042757
-0.076142,-0.072957,-0.008347
-0.066441,-0.043397,0.030386
-0.046817,-0.007464,0.070298
-0.026068,-0.002400,0.109746
-0.020840,-0.055627,0.096408
-0.020522,-0.116543,0.095086
-0.019729,-0.170021,0.106462
-0.017224,-0.205243,0.105139
-0.010667,-0.219278,0.111721
0.001687,-0.222652,0.126785
0.011076,-0.215211,0.134245
0.030504,-0.197960,0.118237
0.048993,-0.195440,0.073325
0.059381,-0.201463,0.031496
0.057914,-0.205337,-0.011401
0.048608,-0.164516,-0.045232
0.041229,-0.072471,-0.078638
0.039934,0.008690,-0.091705
0.039769,0.032167,-0.093602
0.024958,0.005545,-0.100248
-0.001624,-0.036014,-0.109116
-0.018640,-0.069258,-0.090144
-0.028900,-0.073806,-0.055985
-0.035114,-0.059182,-0.017386
-0.036229,-0.033899,0.026561
-0.032248,0.006352,0.065331
-0.023185,0.049857,0.099810
-0.014954,0.094720,0.105302
0.000259,0.127915,0.102142
0.018484,0.142014,0.083891
0.039553,0.144377,0.062396
0.046944,0.128687,0.024831
0.046381,0.103342,-0.009545
0.052410,0.059797,-0.039736
0.052400,0.013020,-0.069871
0.049234,-0.025375,-0.079660
0.041991,-0.063784,-0.082094
0.039603,-0.095885,-0.074816
0.038109,-0.126859,-0.068728
0.031667,-0.156778,-0.064693
0.019332,-0.176016,-0.061639
0.008915,-0.161154,-0.050855
-0.003333,-0.106659,-0.057905
-0.008550,-0.052282,-0.058372
-0.002864,-0.001177,-0.046132
0.003906,0.034959,-0.031849
0.015743,0.053080,-0.029553
0.026609,0.040366,-0.038265
0.033489,0.008519,-0.055702
0.031416,-0.027569,-0.077430
0.028186,-0.062560,-0.103412
0.019915,-0.082626,-0.129227
0.010552,-0.085765,-0.140919
-0.000843,-0.086843,-0.145085
-0.007336,-0.096605,-0.134292
-0.012791,-0.102158,-0.113901
-0.016256,-0.094918,-0.092323
-0.017683,-0.054576,-0.065291
-0.007208,-0.021605,-0.042767
0.003466,0.005184,-0.040740
0.010398,0.033242,-0.067469
0.009489,0.061196,-0.087651
0.002645,0.084891,-0.108939
-0.006209,0.092625,-0.136759
-0.007221,0.068097,-0.141187
-0.007410,0.021093,-0.139359
-0.003894,-0.032449,-0.119451
-0.003399,-0.073181,-0.097357
-0.003930,-0.085057,-0.076181
-0.006266,-0.089346,-0.065708
-0.016324,-0.083908,-0.074294
-0.022554,-0.060378,-0.081557
-0.027775,-0.044420,-0.081295
-0.038765,-0.023357,-0.060516
-0.040011,-0.013194,-0.007856
-0.039069,-0.008362,0.045793
-0.039859,-0.000127,0.075934
-0.035750,-0.004689,0.112220
-0.021838,-0.034859,0.155607
-0.019556,-0.057345,0.170260
-0.023155,-0.055142,0.165914
-0.017058,-0.030536,0.163867
-0.009838,0.015500,0.151312
-0.003501,0.060578,0.122776
0.006807,0.093764,0.108138
0.018133,0.127958,0.100984
0.033353,0.150572,0.076587
0.049576,0.144435,0.044466
0.058811,0.090316,0.003474
0.049213,0.028628,-0.029999
0.033347,-0.018262,-0.050429
0.029029,-0.040738,-0.051490
0.022769,-0.041922,-0.043872
0.015695,-0.021720,-0.038281
0.012599,0.013476,-0.031662
0.014580,0.076393,-0.015334
0.016821,0.160569,0.017079
0.024356,0.248957,0.058041
0.023350,0.320304,0.089361
0.008893,0.350093,0.096122
-0.020186,0.346725,0.106988
-0.049529,0.335797,0.127438
-0.070200,0.304799,0.127313
-0.061292,0.276982,0.123086
-0.047603,0.249014,0.128666
-0.037103,0.238374,0.121175
-0.022656,0.240580,0.109500
0.002641,0.247052,0.098916
0.013186,0.240848,0.078472
0.014945,0.235726,0.050680
0.019515,0.214616,0.021658
0.019007,0.194667,-0.013876
0.019437,0.186361,-0.038606
0.028566,0.174732,-0.051539
0.040575,0.157673,-0.052766
0.039790,0.124582,-0.051972
0.037992,0.098882,-0.038361
0.028322,0.082767,-0.018342
0.021618,0.055072,-0.016614
0.009950,0.039041,-0.007273
-0.001769,0.041161,0.000101
-0.011445,0.078493,0.005688
-0.016075,0.117940,0.011346
-0.018678,0.140355,0.011519
-0.012463,0.146821,0.004087
-0.007270,0.154137,0.018147
-0.007900,0.157185,0.033215
-0.009513,0.174359,0.027867
-0.009070,0.178648,0.024715
-0.007621,0.164937,0.007445
-0.012084,0.131943,-0.005611
-0.009849,0.100829,0.008161
-0.004830,0.079339,0.024053
-0.007642,0.066488,0.030339
-0.009343,0.049314,0.040915
-0.001320,0.043794,0.064358
0.003711,0.045873,0.070794
0.007904,0.052366,0.063290
0.008255,0.076041,0.042058
0.012382,0.099566,0.035854
0.019487,0.116660,0.031761
0.026648,0.115614,0.023330
0.034733,0.098634,0.007256
0.042706,0.059281,-0.012242
0.043747,0.007158,-0.035074
0.045665,-0.045978,-0.066425
0.038494,-0.101141,-0.106440
0.029080,-0.153135,-0.139025
0.020504,-0.191373,-0.158637
0.015784,-0.205197,-0.163065
0.005166,-0.201062,-0.148037
-0.007320,-0.167116,-0.122124
-0.011839,-0.121482,-0.088663
-0.016068,-0.072605,-0.061556
-0.017205,-0.015231,-0.031134
-0.012410,0.040028,-0.002873
-0.015234,0.096587,-0.001356
-0.019766,0.124395,-0.007563
-0.024384,0.137227,-0.011708
-0.026133,0.154328,-0.014773
-0.026815,0.170391,-0.020012
-0.020591,0.172558,-0.024262
-0.016385,0.161938,-0.026578
-0.027856,0.166358,-0.041580
-0.032551,0.177067,-0.046818
-0.030368,0.184480,-0.042422
-0.021273,0.171552,-0.035936
-0.020874,0.156041,0.010402
-0.026432,0.149423,0.030781
-0.025167,0.138698,0.038152
-0.015921,0.090845,0.018485
-0.006885,0.021599,0.004001
-0.003981,-0.024198,-0.000801
-0.004076,-0.030569,0.000109
-0.004130,0.000454,-0.000876
-0.006039,0.049630,-0.002788
-0.014580,0.085865,0.011238
-0.018287,0.105098,0.015517
-0.027830,0.111429,0.025170
-0.043158,0.119710,0.054146
-0.046780,0.141861,0.086381
-0.045325,0.186397,0.120964
-0.037766,0.239607,0.143755
-0.021325,0.291931,0.147239
-0.005764,0.319883,0.133339
0.011830,0.323291,0.118184
0.025379,0.298978,0.095413
0.026111,0.276755,0.075912
0.019792,0.268575,0.037260
0.021264,0.255888,0.019065
0.026520,0.216401,0.013515
0.031694,0.163890,0.031433
0.035865,0.113486,0.049441
0.035141,0.058870,0.064127
0.036284,0.002249,0.063818
0.036379,-0.043610,0.057087
0.034395,-0.062638,0.036586
0.026513,-0.047416,0.005645
0.029387,-0.018338,-0.025133
0.030299,0.011809,-0.056955
0.032107,0.018347,-0.076078
0.032874,0.005603,-0.083667
0.028774,-0.029537,-0.094617
0.026562,-0.063787,-0.092545
0.018394,-0.084222,-0.075567
0.002334,-0.070423,-0.066891
-0.014514,-0.044773,-0.075141
-0.024512,-0.043814,-0.066483
-0.027703,-0.050447,-0.041885
-0.029823,-0.037819,-0.021444
-0.029884,0.004714,-0.002909
-0.027826,0.051498,0.017796
-0.020785,0.083344,0.038374
-0.017560,0.124954,0.047110
-0.048208,0.302798,0.108124
-0.080540,0.588447,0.174162
-0.076072,0.957432,0.239589
-0.077670,1.310907,0.237703
-0.077122,1.557872,0.214518
-0.072588,1.671279,0.205294
-0.069326,1.643620,0.210062
-0.055744,1.507903,0.237661
-0.045375,1.259976,0.268928
-0.036308,0.894799,0.275850
-0.022599,0.427127,0.287275
0.004550,-0.028052,0.336226
0.018713,-0.386137,0.394396
0.021896,-0.619878,0.391492
0.024096,-0.729500,0.355298
0.026047,-0.746198,0.315479
0.030693,-0.709557,0.282426
0.035476,-0.633395,0.243333
0.033408,-0.535883,0.198128
0.040049,-0.428885,0.163767
0.049596,-0.350880,0.144279
0.054421,-0.295303,0.119421
0.052459,-0.268662,0.103010
0.048450,-0.244122,0.085448
0.040540,-0.206632,0.051929
0.037508,-0.185177,0.019398
0.042321,-0.202124,-0.008269
0.039285,-0.254690,0.009794
0.036985,-0.322044,0.026288
0.034683,-0.396918,0.055399
0.044145,-0.446175,0.081574
0.055490,-0.464228,0.075963
0.047237,-0.418233,0.064560
0.026354,-0.324055,0.029086
0.014361,-0.234132,-0.011690
0.013135,-0.174152,-0.049412
0.022592,-0.148421,-0.073563
0.031045,-0.139803,-0.092525
0.034670,-0.157866,-0.108569
0.038196,-0.199398,-0.120647
0.043584,-0.249563,-0.118948
0.044849,-0.306180,-0.107766
0.042169,-0.366784,-0.129773
0.024900,-0.394226,-0.168444
0.008341,-0.375910,-0.193850
-0.006429,-0.322576,-0.196480
-0.011212,-0.233029,-0.195488
-0.015778,-0.155222,-0.193545
-0.015310,-0.093449,-0.183297
-0.009829,-0.079490,-0.197001
-0.010293,-0.107215,-0.194149
-0.013795,-0.137362,-0.152917
0.001222,-0.164278,-0.115920
0.002749,-0.189843,-0.116254
-0.012269,-0.170452,-0.135395
-0.023483,-0.112916,-0.125267
-0.026897,-0.058547,-0.125712
-0.031967,-0.003347,-0.099389
-0.041922,0.060385,-0.070888
-0.038976,0.150735,-0.037825
-0.027921,0.224296,-0.031793
-0.037282,0.260727,-0.042335
-0.068181,0.256805,-0.062099
-0.079569,0.233625,-0.079805
-0.087144,0.232591,-0.070489
-0.097668,0.261156,-0.027771
-0.107984,0.333184,0.045353
-0.102345,0.426471,0.123055
-0.095473,0.495319,0.189823
-0.088383,0.534330,0.254135
-0.072423,0.556423,0.304301
-0.052429,0.594737,0.328943
-0.033408,0.604664,0.296807
-0.001762,0.519691,0.250083
0.044380,0.358595,0.237124
0.086236,0.148303,0.234492
0.094635,-0.049108,0.213991
0.085068,-0.185729,0.196188
0.068222,-0.265548,0.163580
0.057263,-0.276924,0.118612
0.053214,-0.205186,0.089303
0.054853,-0.113199,0.073828
0.061622,-0.028725,0.066767
0.066622,0.038543,0.074551
0.076610,0.081372,0.070351
0.087632,0.081616,0.047754
0.091806,0.058384,0.019723
0.087091,0.027653,-0.005151
0.072338,-0.016817,-0.041998
0.058403,-0.047359,-0.088283
0.046257,-0.065317,-0.109829
0.023255,-0.070872,-0.082110
0.010149,-0.057500,-0.018984
0.009038,0.003791,0.050038
0.017971,0.056854,0.073213
0.007614,0.102881,0.037675
-0.015490,0.126654,-0.023556
-0.034828,0.127017,-0.092480
-0.043618,0.115522,-0.148638
-0.037068,0.083608,-0.176355
-0.029652,0.042014,-0.192454
-0.027979,-0.010392,-0.187361
-0.036228,-0.062875,-0.163236
-0.048384,-0.093143,-0.110185
-0.042850,-0.122281,-0.062518
-0.033218,-0.126758,-0.027500
-0.019615,-0.106685,0.007708
-0.011776,-0.061834,0.012184
-0.014555,0.034504,-0.021248
-0.010524,0.159605,-0.052217
0.012126,0.219514,-0.081389
0.023149,0.186812,-0.148541
0.027211,0.080381,-0.204551
0.036648,-0.104001,-0.247488
0.042846,-0.279067,-0.251945
0.048702,-0.437214,-0.229709
0.047443,-0.570625,-0.219273
0.021750,-0.640043,-0.198798
-0.003075,-0.630556,-0.165993
-0.019097,-0.562354,-0.131709
-0.028027,-0.442994,-0.089509
-0.029737,-0.295928,-0.043836
-0.030112,-0.136033,-0.001254
-0.024287,0.010090,0.027356
-0.013296,0.124145,0.061064
0.004783,0.196735,0.073110
0.029892,0.204478,0.049455
-0.002704,0.163803,-0.063165
-0.042617,0.082638,-0.184648
-0.062678,-0.024675,-0.250565
-0.078271,-0.123024,-0.240478
-0.096800,-0.189831,-0.183922
-0.117139,-0.222570,-0.114319
-0.136413,-0.227619,-0.030747
-0.141846,-0.207112,0.068871
-0.136268,-0.185551,0.175854
-0.119618,-0.148781,0.252976
-0.098777,-0.095836,0.314107
-0.086429,-0.005374,0.354197
-0.073740,0.135455,0.358601
-0.050096,0.281682,0.347201
-0.016588,0.408510,0.357050
0.003387,0.503420,0.355924
0.023469,0.590926,0.343060
0.045640,0.644402,0.317050
0.074564,0.643518,0.287280
0.100479,0.588348,0.245194
0.116466,0.488514,0.181409
0.124232,0.370749,0.096006
0.119854,0.247687,0.003138
0.119073,0.124384,-0.059821
0.106287,0.031820,-0.101060
0.087394,-0.010751,-0.122631
0.061662,0.021186,-0.116931
0.027114,0.149046,-0.091296
0.014413,0.307859,-0.067505
0.012892,0.458194,-0.047079
0.023223,0.541345,-0.029426
0.032642,0.557321,-0.014572
0.044042,0.526407,-0.006551
0.053436,0.462487,-0.008415
0.055913,0.405038,-0.025046
0.053299,0.360386,-0.038407
0.045682,0.309297,-0.049644
0.040019,0.231469,-0.055716
0.033252,0.145086,-0.056584
0.026357,0.075630,-0.043328
0.019390,0.044663,-0.040398
0.021323,0.015797,-0.036315
0.025235,-0.002346,-0.041690
0.016410,-0.026698,-0.069587
0.015303,-0.063756,-0.107263
0.016004,-0.105117,-0.137567
0.017557,-0.159404,-0.153022
0.012271,-0.182921,-0.151019
-0.001956,-0.188220,-0.153252
-0.017141,-0.173352,-0.143530
-0.024373,-0.169235,-0.127412
-0.027745,-0.175927,-0.088017
-0.035907,-0.179378,-0.050790
-0.034162,-0.173083,-0.029538
-0.033352,-0.143280,-0.011310
-0.035439,-0.089924,-0.003539
-0.027673,-0.047141,-0.013896
-0.030604,-0.030909,-0.042583
-0.040443,-0.032875,-0.068141
-0.039655,-0.048931,-0.069194
-0.032106,-0.066257,-0.047761
-0.029374,-0.080388,-0.028379
-0.026546,-0.092377,-0.011090
-0.024765,-0.112883,0.012349
-0.024789,-0.113987,0.015574
-0.023781,-0.085159,0.013684
-0.019023,-0.028493,0.007600
-0.008296,0.022800,0.006799
0.003550,0.058096,0.003748
0.016377,0.050621,0.009971
0.028259,-0.010195,0.014663
0.029269,-0.071040,0.024658
0.034094,-0.127586,0.029383
0.036898,-0.155299,0.029061
0.040673,-0.150929,0.021513
0.040558,-0.120835,-0.001801
0.044348,-0.081148,-0.025008
0.054877,-0.059579,-0.051567
0.066428,-0.076432,-0.079477
0.077905,-0.136173,-0.085252
0.081453,-0.210782,-0.098664
0.070241,-0.279982,-0.126861
0.053025,-0.333062,-0.174045
0.034587,-0.356338,-0.206142
0.015050,-0.341373,-0.216542
0.000447,-0.287994,-0.223471
-0.012093,-0.188767,-0.224687
-0.019636,-0.073545,-0.224693
-0.028870,0.019357,-0.232443
-0.034028,0.081256,-0.238212
-0.030424,0.096126,-0.229537
-0.030771,0.091816,-0.224237
-0.028108,0.071464,-0.216886
-0.033331,0.041550,-0.209726
-0.051343,0.015814,-0.189746
-0.054708,-0.006921,-0.145161
-0.058906,-0.018987,-0.100483
-0.065914,-0.022503,-0.057856
-0.068962,-0.034339,-0.037831
-0.062133,-0.049499,-0.004962
-0.051427,-0.074266,0.027834
-0.049443,-0.080738,0.038418
-0.042596,-0.083967,0.045784
-0.042638,-0.073249,0.043659
-0.041660,-0.055124,0.043854
-0.038732,-0.032754,0.049375
-0.036734,-0.012493,0.050628
-0.031729,0.003479,0.053990
-0.024785,-0.013640,0.059193
-0.022766,-0.031797,0.064311
-0.021766,-0.030819,0.076057
-0.017784,-0.012773,0.085870
-0.015672,0.026639,0.089527
-0.013464,0.061816,0.086784
-0.004423,0.068245,0.078402
0.003663,0.046965,0.068650
0.009782,0.006466,0.054578
0.015775,-0.034153,0.056507
0.017707,-0.066192,0.056305
0.016733,-0.100349,0.052905
0.010879,-0.109906,0.044335
0.005894,-0.105645,0.043345
0.004827,-0.075783,0.045731
0.010646,-0.052272,0.042704
0.012662,-0.037275,0.041633
0.011822,-0.025468,0.037370
0.018747,-0.024334,0.033022
0.026617,-0.038151,0.031712
0.028563,-0.045532,0.025142
0.028538,-0.041165,0.015510
0.027484,-0.031466,0.008022
0.030332,-0.026053,0.001588
0.031288,-0.034393,-0.023049
0.032179,-0.059836,-0.044617
0.030990,-0.118384,-0.061174
0.026754,-0.177078,-0.061661
0.019448,-0.210189,-0.059770
0.010188,-0.185764,-0.047749
-0.008814,-0.095125,-0.041586
-0.020696,0.013631,-0.038340
-0.026444,0.104245,-0.033155
-0.025323,0.150059,-0.022126
-0.011416,0.151054,-0.008333
0.000651,0.118978,0.003065
0.006697,0.077334,0.011148
0.003878,0.039970,0.018195
-0.000886,0.032570,0.012721
-0.002783,0.030481,0.007353
-0.001750,0.020959,-0.003399
-0.001757,0.007106,-0.006704
0.001131,-0.003579,-0.004667
0.004059,-0.008979,0.004871
0.008895,-0.006873,0.013329
0.015711,-0.017465,0.010938
0.023538,-0.016333,0.009733
0.027436,-0.008795,0.005432
0.034253,0.004045,0.003357
0.041130,-0.003203,-0.021334
0.035338,-0.006064,-0.066173
0.031180,-0.021738,-0.109009
0.027833,-0.072869,-0.121179
0.022597,-0.124117,-0.122586
0.011367,-0.143395,-0.124655
-0.001014,-0.130798,-0.107272
-0.012306,-0.085015,-0.098250
-0.022417,-0.042444,-0.087137
-0.028422,0.003212,-0.065236
-0.026596,0.030840,-0.049009
-0.017740,0.045629,-0.031758
-0.012729,0.049749,-0.018784
-0.008785,0.050679,-0.003777
-0.005796,0.055957,0.004786
0.001129,0.071994,0.003796
0.013039,0.088090,-0.006763
0.025858,0.071264,-0.032653
0.025963,0.032139,-0.073658
0.019101,-0.003762,-0.123064
0.011916,-0.043106,-0.142584
0.007520,-0.078263,-0.155582
-0.006714,-0.089955,-0.168349
-0.016187,-0.101814,-0.154538
-0.026503,-0.104190,-0.126735
-0.032783,-0.085184,-0.100946
-0.037035,-0.056508,-0.080479
-0.028463,-0.045910,-0.066603
-0.018876,-0.066352,-0.038101
-0.023801,-0.083454,-0.026667
-0.031655,-0.095019,-0.042906
-0.050401,-0.126907,-0.048733
-0.070200,-0.129997,-0.058463
-0.092126,-0.108681,-0.051939
-0.108123,-0.077948,-0.023933
-0.117949,-0.053773,0.016977
-0.125787,-0.063954,0.083239
-0.119828,-0.103036,0.163087
-0.107877,-0.138744,0.222644
-0.096806,-0.155999,0.252255
-0.073993,-0.143251,0.273427
-0.057005,-0.120821,0.280883
-0.050674,-0.068448,0.277966
-0.047239,0.001996,0.278520
-0.039790,0.082110,0.272713
-0.028312,0.151474,0.274336
-0.009921,0.202688,0.274788
0.014414,0.217578,0.276090
0.038765,0.189935,0.258857
0.062098,0.126950,0.257346
0.089192,0.030931,0.247070
0.102402,-0.075628,0.223810
0.100674,-0.141519,0.188037
0.095779,-0.187049,0.141754
0.085883,-0.232318,0.063415
0.068921,-0.259688,0.010959
0.056529,-0.280935,-0.005156
0.052994,-0.256528,0.001681
0.038888,-0.152113,0.008218
0.036641,-0.028461,0.012744
0.039539,0.052662,0.007095
0.047566,0.085041,-0.036466
0.054676,0.068350,-0.088853
0.049839,0.021957,-0.157642
0.016434,-0.011466,-0.249757
-0.017464,-0.047177,-0.322665
-0.046725,-0.088637,-0.343299
-0.076034,-0.106049,-0.304912
-0.094497,-0.104618,-0.224623
-0.105844,-0.077664,-0.126112
-0.105187,-0.057061,-0.029881
-0.094418,-0.038690,0.081225
-0.065768,-0.032987,0.179318
-0.044784,-0.032338,0.246303
-0.030501,-0.001631,0.286927
-0.011270,0.054808,0.311764
0.008992,0.134761,0.329379
0.033356,0.208508,0.322377
0.062712,0.249350,0.293722
0.081359,0.263630,0.248852
0.101900,0.264089,0.192226
0.116406,0.242131,0.134387
0.122905,0.187255,0.052837
0.120311,0.099358,-0.039605
0.113362,-0.006962,-0.101134
0.107075,-0.101818,-0.129429
0.102514,-0.186098,-0.146931
0.090096,-0.256523,-0.160083
0.069732,-0.299127,-0.173201
0.053167,-0.303277,-0.188187
0.047332,-0.292592,-0.188136
0.032685,-0.281700,-0.202219
0.007394,-0.247359,-0.221261
-0.006095,-0.203580,-0.222009
-0.011819,-0.155642,-0.206746
-0.013480,-0.126960,-0.189433
-0.012992,-0.121813,-0.170070
-0.015416,-0.128428,-0.148655
-0.015945,-0.148981,-0.118819
-0.012586,-0.166364,-0.081555
-0.018951,-0.179296,-0.070873
-0.013509,-0.200570,-0.079597
-0.012102,-0.249548,-0.093891
-0.019651,-0.303860,-0.112417
-0.030331,-0.338933,-0.137133
-0.044096,-0.335843,-0.132635
-0.069589,-0.306101,-0.119476
-0.083177,-0.263550,-0.105171
-0.090705,-0.210470,-0.070538
-0.092244,-0.140367,-0.023078
-0.090490,-0.051105,0.034085
-0.080557,0.046786,0.080619
-0.062508,0.109599,0.108722
-0.038393,0.137217,0.132294
-0.016200,0.147941,0.135384
0.006009,0.132056,0.124473
0.018356,0.069459,0.083257
0.002060,0.038054,0.009240
-0.011624,0.009595,-0.045258
-0.018778,-0.048226,-0.032680
-0.029942,-0.118048,0.011856
-0.034183,-0.163354,0.061903
-0.032483,-0.156386,0.121841
-0.025698,-0.103386,0.171324
-0.009860,-0.061961,0.203553
0.000380,-0.040546,0.202496
0.003779,-0.017938,0.184387
0.011956,0.003768,0.145969
0.013170,-0.004339,0.096669
0.005489,-0.028585,0.059082
-0.004282,-0.045442,0.026998
-0.013217,-0.085893,0.005482
-0.023167,-0.104216,0.013126
-0.031245,-0.108003,0.066917
-0.048125,-0.077533,0.122805
-0.061742,-0.042666,0.166886
-0.050586,-0.023785,0.210778
-0.034470,0.004902,0.235401
-0.022163,0.055109,0.238819
-0.004833,0.096902,0.226163
0.019383,0.116299,0.208054
0.037658,0.113180,0.199443
0.052938,0.100312,0.198455
0.059311,0.099431,0.174953
0.067599,0.078386,0.140533
0.080823,0.028593,0.092107
0.089829,-0.028722,0.052120
0.089709,-0.073233,0.015382
0.090518,-0.113523,-0.015968
0.078506,-0.154844,-0.049511
0.066255,-0.181411,-0.058391
0.052955,-0.192931,-0.082066
0.035692,-0.184292,-0.095856
0.017317,-0.179065,-0.080889
0.000045,-0.167551,-0.053012
-0.013114,-0.142189,-0.027047
