0.026090,-0.051988,0.003893
0.029771,-0.013708,0.018035
0.027847,0.017158,0.026863
0.026040,0.028092,0.006846
0.034996,0.033755,-0.024904
0.031262,0.034228,-0.072732
0.012910,0.053667,-0.097098
0.013229,0.106272,-0.129712
0.007915,0.140513,-0.140232
0.000739,0.148900,-0.126510
-0.006435,0.149696,-0.100031
-0.000018,0.134437,-0.068324
0.012206,0.110846,-0.055645
0.014561,0.055123,-0.031561
0.013673,-0.025042,-0.017192
0.006612,-0.082572,-0.026059
-0.006800,-0.100820,-0.015572
-0.017784,-0.048556,-0.013048
-0.029071,0.047569,-0.020739
-0.034127,0.148991,-0.025270
-0.026013,0.211998,-0.030094
-0.010668,0.214259,-0.042828
-0.006353,0.154496,-0.042199
0.010750,0.101282,-0.056410
0.010776,0.058630,-0.059952
0.011251,0.031502,-0.118141
0.006835,-0.034944,-0.386685
0.066806,-0.050014,-0.369327
0.056566,-0.020124,-0.073480
0.004666,-0.022218,0.021108
-0.002332,-0.020059,0.020274
0.020431,-0.021185,0.026693
0.023670,-0.048768,0.010556
0.017773,-0.063420,-0.018229
0.009990,-0.035512,-0.035074
-0.002054,0.027587,-0.049516
-0.016955,0.080853,-0.041809
-0.020471,0.110606,-0.030002
-0.010096,0.092371,-0.021733
-0.003920,0.036786,-0.012641
0.004965,-0.023044,-0.004545
0.037175,-0.049455,-0.030090
0.033141,-0.079256,-0.037715
0.014173,-0.068537,-0.041804
0.007035,-0.013840,-0.068963
-0.007714,0.053686,-0.099297
-0.016144,0.123175,-0.112700
-0.017302,0.191323,-0.098435
0.000382,0.246681,-0.085253
0.013174,0.253952,-0.064994
0.033720,0.218682,-0.058761
0.030471,0.136495,-0.056108
0.023633,0.043675,-0.056735
0.012403,-0.037425,-0.056230
-0.004882,-0.076790,-0.068196
-0.029168,-0.078889,-0.071356
-0.044640,-0.035341,-0.050829
-0.044142,0.014612,-0.030225
-0.031616,0.042288,-0.022508
-0.021650,0.029352,-0.008722
-0.006681,0.015508,-0.010890
0.004236,-0.006804,-0.020607
0.001389,-0.010007,-0.020634
-0.005496,-0.005755,-0.019612
-0.011568,0.011314,-0.019511
-0.013712,0.022956,-0.009866
-0.005033,0.018646,-0.005639
0.003791,0.001518,-0.000497
0.010719,-0.014434,-0.005928
0.024499,-0.020667,-0.022981
0.026456,-0.037583,-0.039088
0.014583,-0.059917,-0.046696
-0.002289,-0.063083,-0.049923
-0.013338,-0.050304,-0.047758
-0.017435,-0.008855,-0.031547
-0.014425,0.026304,-0.025976
-0.006344,0.026304,-0.025962
0.000714,-0.001460,-0.024041
0.003779,-0.034598,-0.017909
0.008620,-0.067706,-0.014946
0.018189,-0.080362,-0.029869
0.018875,-0.076973,-0.048995
0.013650,-0.037171,-0.081722
-0.002133,0.030126,-0.089851
-0.010716,0.090875,-0.083084
-0.007305,0.111042,-0.072325
-0.007751,0.071315,-0.047139
-0.000649,0.003844,-0.022082
0.007096,-0.062459,-0.007659
0.014601,-0.093461,-0.001446
0.016197,-0.102088,0.008119
0.019680,-0.099823,-0.004546
0.018300,-0.094212,-0.032141
0.010088,-0.071431,-0.070294
-0.014552,-0.023447,-0.067953
-0.038895,0.041506,-0.054833
-0.041453,0.078864,-0.056766
-0.037239,0.061754,-0.053781
-0.032228,0.018881,-0.034986
-0.023478,-0.003566,-0.030875
-0.005950,-0.017428,-0.030908
0.007602,-0.034526,-0.027763
0.012258,-0.047375,-0.022467
0.011898,-0.055008,-0.005459
0.007631,-0.044533,0.014905
0.003588,-0.012492,0.013139
-0.000175,0.024993,-0.000348
-0.008663,0.039931,-0.000245
-0.013209,0.042119,-0.005575
-0.016869,0.034645,-0.005695
-0.016701,0.025185,-0.020695
-0.019550,0.009212,-0.025190
-0.022578,-0.001559,-0.015768
-0.021735,0.002551,0.000205
-0.004175,0.022786,0.004647
0.007669,0.025886,0.015354
0.016571,0.007614,0.029099
0.017604,-0.022218,0.024650
0.012633,-0.051038,0.025458
0.003624,-0.051903,0.005283
-0.004324,-0.016549,-0.009410
-0.010196,0.028367,-0.019753
-0.011977,0.049724,-0.021771
-0.004903,0.048577,-0.014423
0.005002,0.023838,0.004505
0.013905,-0.004082,0.022382
0.032493,-0.025454,0.026535
0.047044,-0.032728,0.007427
0.043966,-0.031488,-0.009505
0.030127,-0.028256,-0.012681
0.027045,-0.004531,-0.037994
0.020235,0.029822,-0.059020
0.009679,0.055511,-0.067409
0.012835,0.068457,-0.082255
0.003340,0.077902,-0.066271
0.007459,0.078718,-0.040742
-0.000136,0.049635,-0.013303
-0.005933,0.012200,-0.003949
-0.010936,-0.013325,-0.011476
-0.018943,-0.015401,-0.016737
-0.026906,-0.002581,-0.017638
-0.028911,0.024124,-0.019458
-0.020037,0.042296,-0.022432
-0.009159,0.049800,-0.025515
-0.004120,0.042252,-0.017052
-0.004943,0.028325,-0.011889
0.001004,0.014463,-0.013078
0.005911,0.013463,-0.020605
-0.001933,0.012197,-0.001585
-0.015640,0.009809,0.023882
-0.017613,0.003307,0.034483
-0.018641,-0.007474,0.046158
-0.013803,-0.014992,0.051474
-0.001125,-0.012725,0.038830
0.001847,-0.009397,0.026140
0.009729,-0.004859,-0.000313
0.007802,-0.010043,-0.015236
0.006761,-0.013150,-0.024841
0.007696,0.006076,-0.027951
0.004796,0.040099,-0.016092
0.011821,0.067692,-0.001052
0.016946,0.059049,0.009484
0.018079,0.009916,0.014457
0.021907,-0.034780,0.002470
0.021695,-0.049594,-0.009249
0.013634,-0.045248,-0.016597
0.007586,-0.031358,-0.018611
0.001557,-0.006847,-0.015227
-0.002388,0.021944,-0.012889
-0.001299,0.037832,-0.001106
0.006698,0.030367,-0.002273
0.014643,0.009014,-0.001391
0.018545,-0.011098,-0.017471
0.022339,-0.019442,-0.036629
0.014421,-0.007462,-0.060957
0.004575,0.000065,-0.067348
-0.009171,0.022397,-0.059774
-0.014955,0.053277,-0.053179
-0.007933,0.054236,-0.042538
0.002987,0.027348,-0.021509
0.001052,-0.015607,0.005794
0.003830,-0.029577,0.016393
0.002753,-0.018819,0.008012
-0.001145,-0.005865,-0.006737
-0.007016,-0.008950,-0.018471
-0.009039,-0.013040,-0.036580
-0.012024,-0.002272,-0.046072
-0.010074,0.003057,-0.046109
-0.009077,0.001903,-0.038786
-0.000325,0.000755,-0.031451
0.008398,0.009232,-0.026134
0.010384,0.019817,-0.017573
0.010501,0.025188,-0.020725
0.000876,0.019800,-0.015446
-0.004927,0.002737,-0.016642
-0.007889,-0.008944,-0.022001
-0.010843,-0.010972,-0.032608
-0.008917,-0.005669,-0.029385
-0.003049,0.014626,-0.031344
0.001937,0.030643,-0.032265
0.007949,0.032808,-0.035464
0.002232,0.019980,-0.033468
-0.002589,0.006151,-0.037855
-0.012350,-0.005590,-0.037985
-0.024134,-0.018529,-0.025391
-0.028202,-0.026189,-0.006345
-0.026442,-0.027481,0.017049
-0.017786,-0.022299,0.033093
-0.003201,-0.021208,0.031037
0.003586,-0.030732,0.023595
0.004465,-0.048813,0.018200
0.004263,-0.066950,0.018104
0.017674,-0.070917,-0.012742
0.022304,-0.037782,-0.018944
0.007574,0.021892,-0.011140
0.007757,0.076191,0.000909
0.016906,0.089122,-0.011760
0.027988,0.053951,-0.016284
0.026142,0.008171,-0.026131
0.020223,-0.028035,-0.032661
0.010272,-0.050417,-0.034889
0.012889,-0.044998,-0.043358
0.006725,-0.026797,-0.048472
-0.006144,-0.002385,-0.035574
-0.007162,0.018728,-0.013154
-0.005183,0.008978,0.001665
0.005558,-0.008112,0.003721
0.014276,-0.034702,-0.004958
0.008272,-0.047267,-0.029493
-0.008564,-0.047132,-0.043334
-0.022453,-0.019243,-0.058065
-0.042128,0.006276,-0.049436
-0.051907,0.031655,-0.026993
-0.046893,0.042050,0.000687
-0.035015,0.028994,0.026094
-0.015364,0.009603,0.045135
-0.002595,-0.003223,0.048323
0.001351,-0.018126,0.045071
-0.001579,-0.023423,0.040768
0.000310,-0.023347,0.033355
0.007083,-0.009277,0.013276
0.011020,0.012228,-0.003618
0.006276,0.028178,0.001729
0.002499,0.040864,0.013470
0.004691,0.040715,0.028367
0.019547,0.007595,0.032363
0.018568,-0.049141,0.051083
0.018284,-0.085452,0.055183
0.016888,-0.102469,0.049820
0.016457,-0.100163,0.032877
0.015084,-0.080789,0.016027
0.019672,-0.037826,-0.012371
0.026411,0.011474,-0.034390
0.026525,0.043647,-0.051232
0.029669,0.058714,-0.065033
0.024012,0.055423,-0.056635
0.016337,0.037212,-0.050468
0.010538,0.011381,-0.028363
0.008532,-0.016448,-0.018946
0.010334,-0.043172,-0.013777
0.011005,-0.060196,-0.018038
0.002890,-0.054791,-0.024295
-0.003204,-0.031224,-0.032594
-0.000393,0.009469,-0.047177
-0.004248,0.042570,-0.050216
-0.013840,0.059519,-0.038500
-0.017526,0.050950,-0.036527
-0.019326,0.018811,-0.024040
-0.012512,-0.021869,-0.010555
0.003871,-0.039855,-0.025484
-0.000271,-0.054826,-0.022382
-0.004470,-0.037727,-0.024306
-0.002662,-0.000301,-0.031379
-0.003558,0.038199,-0.039560
-0.011174,0.043541,-0.040615
-0.019776,0.046571,-0.023618
-0.021570,0.043207,-0.006609
-0.009671,0.041001,0.000834
0.000266,0.024858,0.014529
0.001293,-0.000861,0.026094
0.004187,-0.024237,0.016424
0.000132,-0.044489,0.014152
-0.002021,-0.050712,-0.003947
-0.003215,-0.031404,-0.014479
-0.005293,0.005007,-0.028094
-0.007170,0.051855,-0.018260
-0.007905,0.065670,-0.012903
-0.005705,0.044306,-0.010968
0.000265,0.003664,-0.001696
0.007062,-0.018803,0.004557
0.002104,-0.027311,0.002429
0.002954,-0.033679,-0.000768
0.003803,-0.024980,-0.016617
-0.005094,0.001609,-0.007944
-0.021629,0.036643,0.009258
-0.023310,0.062195,0.014711
-0.020037,0.052524,0.020944
-0.011016,0.018357,0.022803
-0.003170,-0.009384,0.022637
0.006512,-0.025316,0.015070
0.006406,-0.027409,0.011936
0.009253,-0.015619,0.006713
0.012138,-0.007094,0.007849
0.015066,0.009019,-0.002628
0.018099,0.020816,-0.008968
0.015318,0.019682,-0.002653
0.014450,0.010035,0.001522
0.009591,-0.014574,0.007666
0.011425,-0.035843,0.000046
0.004379,-0.041074,-0.010631
-0.004626,-0.034700,-0.007408
-0.007723,-0.001683,-0.000753
-0.001843,0.028218,-0.002592
0.003215,0.037984,-0.018403
0.003371,0.014520,-0.019641
0.000490,-0.004760,-0.012341
-0.000530,-0.022933,-0.009302
-0.000639,-0.020862,-0.002917
0.004140,-0.014538,0.004553
0.006967,-0.009236,0.007762
0.001060,-0.013609,0.018327
0.006861,-0.014636,0.014046
0.016551,-0.017764,0.006577
0.017436,-0.024087,-0.000865
0.012438,-0.028302,-0.006179
0.008422,-0.023885,-0.021003
0.002437,-0.023770,-0.032701
0.000298,-0.021596,-0.036954
-0.007650,-0.007793,-0.029386
-0.004768,0.008150,-0.022888
-0.003752,0.013439,-0.018603
-0.000830,0.006955,-0.010122
0.000157,0.004770,-0.004822
0.001152,-0.003722,-0.009113
-0.003785,-0.022007,0.005623
-0.000994,-0.033679,-0.000818
0.001755,-0.028158,-0.019881
-0.017858,-0.015304,-0.025137
-0.031542,0.002736,-0.015520
-0.027627,0.033564,-0.003606
-0.018743,0.043083,0.004973
-0.010795,0.020580,0.014367
0.001935,-0.003871,0.005741
0.000943,-0.026329,0.010919
0.002787,-0.033743,0.005562
0.002664,-0.018752,0.000367
-0.004191,0.008978,0.001637
-0.002156,0.036709,0.002892
-0.003929,0.037710,0.009232
0.003078,0.033419,0.011303
0.005175,0.018490,0.010126
0.005263,0.001379,0.014297
0.006259,-0.003964,0.015338
0.008202,0.000413,0.004786
0.001394,0.010134,-0.006794
-0.009268,0.012235,-0.003613
-0.008195,0.009030,-0.003675
-0.003292,0.011078,0.004818
-0.002258,0.016309,0.015495
0.001726,0.017355,0.017633
0.006712,0.011016,0.011197
0.000884,-0.006016,0.006797
-0.002088,-0.016749,0.013083
-0.005098,-0.015629,0.007781
0.000743,-0.000694,0.007877
0.004672,0.012049,0.014376
0.009641,0.027990,0.020854
0.014687,0.028056,0.014516
0.017777,0.014195,0.013340
0.016892,-0.000670,0.005790
0.014928,-0.008040,-0.003805
0.008036,-0.016567,-0.004947
0.007955,-0.016461,-0.015550
0.007871,-0.010010,-0.020868
0.002905,-0.000527,-0.009190
-0.000039,0.016471,-0.001642
-0.003871,0.016360,0.008970
0.000106,0.005744,0.003600
0.003049,-0.009136,-0.001803
0.000053,-0.017626,-0.006059
-0.001020,-0.017501,-0.018811
-0.006957,-0.012156,-0.019846
-0.012842,0.011365,-0.024986
-0.024477,0.036874,-0.015289
-0.034047,0.048431,0.002815
-0.028967,0.050449,0.014511
-0.023870,0.017184,0.033382
-0.007231,-0.007560,0.054546
0.015203,-0.035283,0.053403
0.032644,-0.057536,0.038457
0.035385,-0.053160,0.027926
0.027394,-0.050001,0.032191
0.027228,-0.028385,0.004686
0.024220,-0.013140,-0.027200
0.007572,-0.004516,-0.037914
-0.005188,0.008288,-0.039023
-0.010063,0.028494,-0.032591
-0.008987,0.049743,-0.022821
-0.007826,0.045303,-0.004753
-0.003760,0.022810,0.004766
0.008967,-0.011358,0.007824
0.006914,-0.051981,0.016138
0.010558,-0.075420,0.012876
0.010234,-0.073295,0.013984
0.008002,-0.046462,-0.001775
0.007888,-0.009074,-0.006954
0.004961,0.032509,-0.004663
0.007121,0.075162,-0.002307
0.013326,0.080500,-0.003418
0.024431,0.060331,-0.014205
0.027515,-0.006950,-0.008295
0.021444,-0.072038,-0.007574
0.021028,-0.077153,-0.028737
0.009931,-0.055662,-0.043404
-0.004946,-0.011901,-0.044118
-0.014729,0.036114,-0.043775
-0.027248,0.057364,-0.035190
-0.027046,0.049762,-0.022572
-0.024933,0.020837,-0.011111
-0.016130,-0.009206,0.005701
-0.007462,-0.032756,0.014100
0.000187,-0.044478,0.013006
0.004835,-0.046563,0.007705
0.000697,-0.044438,0.008791
0.000533,-0.018628,-0.011200
-0.008262,0.008196,-0.027062
-0.019895,0.034822,-0.022716
-0.017771,0.058208,-0.014100
-0.007744,0.057097,-0.009900
-0.001715,0.018611,-0.002739
0.007046,-0.016607,-0.001889
0.008876,-0.032628,0.000183
0.003828,-0.042244,0.001239
0.003644,-0.034737,-0.001817
-0.002304,-0.016665,0.005781
-0.005242,0.005729,0.006983
-0.002208,0.033611,-0.006638
-0.010789,0.039962,-0.002456
-0.016440,0.041976,0.009185
-0.012384,0.029098,0.016528
-0.006460,-0.000856,0.023786
0.004221,-0.030610,0.011965
0.006992,-0.050908,0.015060
0.009663,-0.058372,0.015064
0.014303,-0.046565,0.008792
0.015122,-0.025214,0.007896
0.014116,0.002540,0.005914
0.012255,0.022838,0.002791
0.015322,0.023854,0.006934
0.012473,0.023885,0.003744
0.008672,0.014338,-0.001647
0.001862,-0.010172,-0.005023
-0.000209,-0.028280,-0.008301
0.002542,-0.030396,-0.009291
0.006289,-0.027201,-0.008140
0.012026,-0.022802,-0.020800
0.013889,-0.018500,-0.023975
0.005984,-0.019694,-0.011238
0.003933,-0.010129,-0.008018
0.001001,0.007942,-0.001584
-0.006761,0.006887,-0.003840
-0.007731,0.000426,0.001333
-0.009718,-0.001818,0.011925
-0.008764,0.000308,0.013039
-0.001945,-0.005978,0.002462
-0.002934,-0.030522,0.002248
0.002717,-0.047551,-0.002061
0.004438,-0.042125,-0.010440
0.002334,-0.023826,-0.026238
-0.007510,-0.007800,-0.028248
-0.013379,0.009207,-0.021761
-0.016275,0.020877,-0.015354
-0.016215,0.019651,0.000537
-0.010232,0.025938,0.012277
-0.006182,0.023685,0.023959
-0.005083,0.010746,0.037702
0.003742,-0.005153,0.028102
0.004697,-0.024219,0.014189
0.001656,-0.037984,0.003465
0.004397,-0.036789,-0.009265
0.005206,-0.005656,-0.028162
-0.001639,0.016747,-0.028049
-0.008387,0.036938,-0.020534
-0.011175,0.035667,-0.000412
-0.005166,0.023824,0.010109
0.003716,0.012048,0.014320
0.010601,-0.005098,0.021654
0.011563,-0.021163,0.027963
0.009494,-0.036097,0.027916
0.004455,-0.040255,0.017317
0.002342,-0.036948,0.006721
-0.001666,-0.020891,0.001507
0.000239,0.001554,-0.002624
0.006132,0.022986,-0.012070
0.008204,0.037934,-0.013049
0.008372,0.032596,-0.013131
0.001649,0.006880,-0.002752
0.002598,-0.010211,-0.000731
0.000575,-0.019923,0.009838
0.001466,-0.016705,0.008881
0.005309,-0.016647,0.003589
-0.001582,-0.013476,0.006828
-0.006514,-0.005014,0.014351
-0.005513,0.018496,0.011387
-0.005358,0.032408,0.007265
-0.006170,0.023860,0.008245
-0.007045,0.006796,0.008099
-0.002137,-0.004911,0.004800
0.001739,-0.014532,0.005758
0.005599,-0.008122,0.004711
0.004588,0.002479,0.011087
0.007546,0.026965,0.016544
0.007691,0.045138,0.013520
0.005998,0.043111,0.002898
0.001310,0.019750,-0.008985
-0.009387,0.001572,-0.004830
-0.011368,-0.002641,-0.010138
-0.012358,-0.000537,-0.006908
-0.011374,0.004734,-0.000474
-0.006460,0.011000,0.013396
0.000440,0.005584,0.021850
0.009224,-0.000767,0.016468
0.015095,-0.012550,0.020588
0.019921,-0.012478,0.013127
0.012076,-0.014563,0.007776
0.003282,-0.001708,0.002528
0.000419,0.020645,0.007980
-0.002378,0.043084,0.004965
0.000753,0.038794,0.007064
0.006787,0.013178,0.007984
0.010694,-0.018808,0.005652
0.009592,-0.034808,0.005595
0.011371,-0.030517,0.003502
0.009320,-0.013414,0.000427
0.010254,0.010279,-0.021724
0.000587,0.018785,-0.019646
-0.005222,0.030491,-0.016395
-0.003134,0.041163,-0.016302
-0.002015,0.030463,-0.013157
-0.000940,0.000447,0.000396
0.005777,-0.034822,0.006572
0.011414,-0.044397,0.004477
0.015120,-0.034675,-0.007089
0.006234,-0.023930,-0.014437
-0.001662,-0.004750,-0.012202
-0.002649,0.017615,-0.007783
0.000361,0.021924,-0.012059
0.002379,0.006887,-0.002655
0.007203,-0.013444,0.003624
0.012013,-0.018809,0.006795
0.007995,-0.032794,0.018421
0.007860,-0.029474,0.006792
0.002902,-0.028307,-0.003863
-0.005056,-0.023018,0.000379
-0.003196,0.000608,-0.014292
-0.003142,0.026371,-0.030080
-0.013757,0.027367,-0.023794
-0.014627,0.029470,-0.020586
-0.017437,0.025076,-0.007885
-0.017370,0.010001,0.005819
-0.003682,-0.006032,0.008953
0.005091,-0.012400,0.005756
0.005980,-0.022109,0.016295
0.000980,-0.016895,0.029150
0.001957,0.001221,0.031425
-0.001814,0.020522,0.022009
-0.001654,0.015310,0.009161
-0.009364,0.003525,0.013240
-0.007392,0.002498,0.008916
-0.005397,0.012132,0.005789
0.003434,0.008926,0.005720
0.010264,0.001508,0.000343
0.012175,-0.017792,0.009801
0.015046,-0.016606,-0.001839
0.014030,-0.012327,-0.002878
0.008133,-0.003770,-0.004939
-0.000643,0.011165,-0.004870
-0.009354,0.018537,0.004716
-0.006342,0.021665,0.012185
0.005483,0.021730,0.005818
0.008525,0.010038,0.001535
0.007573,-0.003808,-0.000646
0.002669,-0.004936,0.005723
0.001623,-0.009193,0.004632
0.006452,-0.005906,-0.003807
0.012309,0.000673,-0.021850
0.001567,0.005907,-0.012310
-0.003283,0.030400,-0.006756
-0.005055,0.036802,-0.006728
-0.004886,0.025009,-0.001539
-0.002879,0.008838,0.015380
0.000085,0.006699,0.016492
0.001122,0.002537,0.005873
-0.001822,-0.025237,0.008855
-0.000043,-0.039046,0.003503
-0.000229,-0.029421,0.001458
0.001607,-0.006922,-0.007942
0.003571,0.018724,-0.012053
0.001742,0.035783,-0.010884
0.003872,0.041053,-0.004506
0.005006,0.023905,0.002793
0.010946,0.006919,-0.005809
0.012895,-0.013356,-0.005979
0.003996,-0.022028,0.007787
-0.001001,-0.025216,0.006726
0.001814,-0.020852,-0.002800
-0.002174,-0.011195,-0.008042
-0.005109,0.003754,-0.009000
-0.008012,0.018701,-0.009987
-0.008899,0.025007,-0.000396
-0.011708,0.020576,0.015469
-0.008708,-0.012981,0.062966
0.004894,-0.038601,0.063874
0.015543,-0.035248,0.049076
0.011621,-0.008461,0.038691
0.004861,0.011945,0.024978
-0.000888,0.015351,0.003711
-0.009591,0.003758,-0.011287
-0.018384,0.004813,-0.010273
-0.015447,0.021866,-0.008009
-0.005586,0.034672,-0.007898
0.005275,0.028188,0.000590
0.007318,0.012114,0.007996
0.009290,-0.010333,0.012120
0.011206,-0.019878,0.006743
0.012131,-0.029366,-0.005018
0.003208,-0.043128,-0.016844
-0.002866,-0.022783,-0.024156
-0.003938,0.014570,-0.025009
-0.002896,0.045491,-0.022686
0.000250,0.065666,-0.013001
0.005409,0.062342,-0.000228
0.006604,0.027115,0.001711
0.005742,-0.031646,0.008695
0.004483,-0.086175,0.020050
0.008924,-0.087209,0.018064
0.013485,-0.049627,-0.004973
0.008493,-0.008907,-0.022808
-0.009024,0.032671,-0.019365
-0.022513,0.058177,-0.009717
-0.026158,0.067744,-0.006513
-0.020974,0.060159,0.005114
-0.009998,0.041949,0.012430
0.000880,0.007727,0.020758
0.011581,-0.032835,0.022686
0.017231,-0.069101,0.021391
0.013012,-0.061566,0.015118
-0.000870,-0.033804,0.013176
-0.006776,0.009004,0.000691
-0.009570,0.043227,-0.007637
-0.009296,0.067757,-0.007546
-0.005094,0.063413,-0.000170
0.002972,0.043047,0.009228
0.010920,0.008820,0.017501
0.018720,-0.016757,0.014193
0.017649,-0.032729,0.010912
0.012589,-0.042309,0.008734
0.009500,-0.029452,0.003520
0.004537,0.001534,-0.000517
0.005585,0.032504,-0.003540
0.006768,0.043140,-0.000334
0.013798,0.040996,0.000722
0.023741,0.018623,-0.002637
0.025727,-0.015510,-0.003934
0.027538,-0.034541,-0.022102
0.012701,-0.040883,-0.028558
0.000771,-0.021669,-0.028371
-0.007140,0.009183,-0.018531
-0.010970,0.027219,-0.007763
-0.006934,0.026069,0.000751
-0.002936,0.015264,0.014513
0.004961,0.004556,0.018740
0.011826,-0.005981,0.005955
0.012771,-0.023036,0.003656
0.008700,-0.044320,-0.002937
0.007474,-0.049512,-0.017914
-0.001534,-0.020585,-0.030539
-0.012312,0.013631,-0.038957
-0.017109,0.047631,-0.024998
-0.010048,0.073282,-0.029052
-0.004857,0.066785,-0.019553
-0.007578,0.037738,0.004737
-0.006480,0.003421,0.022671
0.001310,-0.033915,0.022518
0.004067,-0.058319,0.009716
-0.000110,-0.068933,0.004366
-0.003346,-0.054942,-0.007191
-0.004536,-0.021660,-0.028274
-0.010435,0.014754,-0.043004
-0.016200,0.048813,-0.035466
-0.022802,0.070992,-0.013093
-0.016671,0.059103,0.001651
-0.003768,0.032399,0.004706
0.009005,-0.008225,0.012999
0.018665,-0.035995,0.017186
0.026299,-0.045535,0.011936
0.017318,-0.034827,0.008901
0.004558,-0.004940,0.008060
-0.005121,0.011079,0.005988
-0.009921,0.012141,0.005935
-0.009866,0.006831,0.002594
-0.002005,0.019570,0.009037
0.001035,0.041941,0.012355
0.003207,0.036722,0.000630
0.002336,0.000462,-0.001767
0.004196,-0.037949,-0.002033
0.005900,-0.052818,-0.008468
-0.000182,-0.029296,-0.012465
0.000736,0.011307,-0.017458
-0.002098,0.034789,-0.018383
-0.004889,0.034720,-0.012072
-0.002842,0.019630,0.002644
-0.002741,0.010926,0.019580
0.000286,-0.003020,0.026900
0.003212,-0.029685,0.025662
0.005922,-0.055290,0.025521
0.002724,-0.062628,0.012751
0.004427,-0.033712,0.002358
-0.000527,0.003759,-0.010110
-0.001425,0.028361,-0.016344
0.001645,0.031518,-0.012100
0.005646,0.021916,-0.012163
0.011586,0.013348,-0.009020
0.001884,-0.001718,0.003596
0.000843,-0.014617,0.013074
0.001763,-0.015726,0.017316
0.001686,-0.025374,0.021498
0.005463,-0.027387,0.009864
0.003422,-0.011203,-0.006989
-0.005337,0.001671,-0.014395
-0.006303,0.010170,-0.011199
-0.001378,0.029596,-0.033388
-0.010037,0.027395,-0.028218
-0.014852,0.019783,-0.014546
-0.012864,0.019681,-0.003874
-0.008898,0.022727,0.012125
-0.002923,0.018352,0.023847
0.007906,0.008769,0.022834
0.006991,-0.018993,0.024819
0.009824,-0.040363,0.027871
0.009643,-0.046826,0.034243
0.017295,-0.037190,0.031137
0.026948,-0.027397,0.012095
0.026888,-0.020612,-0.027265
0.011170,-0.023932,-0.016878
0.001259,0.010195,-0.015643
0.000368,0.036855,-0.014453
0.001466,0.024071,-0.016687
0.006381,0.001695,-0.019988
0.005325,-0.018625,-0.014756
0.003239,-0.023950,-0.014700
0.004119,-0.012159,-0.019903
-0.000788,-0.007945,-0.014602
-0.007714,-0.006951,-0.007145
-0.011667,0.004721,-0.000690
-0.010613,0.030353,-0.002595
-0.009418,0.051676,-0.000287
-0.006258,0.038874,-0.000344
0.000716,0.010131,-0.006914
-0.004176,-0.021870,-0.008220
-0.001417,-0.039031,0.000163
0.008153,-0.020770,-0.011315
0.015938,0.024113,-0.018503
0.010250,0.048634,-0.017394
0.002626,0.043279,-0.015319
-0.005070,0.025024,-0.003758
-0.002083,0.017636,-0.012310
0.003865,0.017573,-0.005930
0.006824,0.007898,0.002568
0.010754,-0.009234,0.008868
0.015549,-0.029435,0.001314
0.011445,-0.048607,-0.001974
0.003400,-0.035747,-0.007154
-0.001572,-0.000314,-0.029210
-0.011286,0.022115,-0.032350
-0.020957,0.036997,-0.026977
-0.018863,0.044330,-0.013119
-0.017711,0.031399,-0.000478
-0.009805,0.001366,0.015280
0.005802,-0.019929,0.010905
0.017418,-0.027290,0.000279
0.013382,-0.030424,-0.006074
-0.001409,-0.025131,-0.001790
-0.014206,-0.006972,-0.003802
-0.021031,0.018522,0.006921
-0.023846,0.040833,0.016631
-0.017762,0.048287,0.018845
-0.010669,0.037596,0.020895
-0.006567,0.005514,0.028139
0.001251,-0.023343,0.033297
0.010913,-0.038211,0.026883
0.013703,-0.040240,0.016247
0.009620,-0.034917,0.017292
0.009516,-0.008239,0.016332
0.003710,0.008721,0.027044
0.002802,0.003367,0.029154
0.004768,-0.004104,0.029125
0.004792,-0.001960,0.028076
0.007738,0.007701,0.022839
0.006854,0.008831,0.016475
0.001040,-0.013553,0.014192
0.002890,-0.033814,0.013002
0.008583,-0.031624,0.007786
0.012376,-0.016673,0.006862
0.014317,-0.001761,0.010196
0.020208,0.011102,0.005051
0.023174,0.002539,0.007071
0.014387,-0.017693,0.002657
0.009405,-0.028300,-0.003823
0.000507,-0.013299,-0.010086
-0.002461,0.012317,-0.011007
-0.012160,0.016518,-0.004652
-0.017022,0.006861,0.000604
-0.013116,-0.004971,0.010079
-0.006313,-0.010295,0.008992
-0.003411,-0.003911,0.011197
0.000523,0.000367,0.010153
0.003478,-0.003882,0.007966
0.009307,-0.013443,0.003638
0.010224,-0.020885,0.000341
0.007206,-0.018768,0.001387
-0.003632,-0.007064,0.004638
-0.000696,0.021843,-0.004716
-0.003488,0.034592,0.000660
-0.002355,0.031348,0.004890
0.001682,0.010051,0.000508
0.001676,-0.030600,0.010812
0.000488,-0.057356,0.019157
0.001209,-0.054229,0.026654
0.001996,-0.029578,0.016258
0.000012,-0.001727,0.005834
-0.009701,0.010017,0.004813
-0.013515,0.017472,0.005920
-0.010470,0.023883,0.004880
-0.009332,0.025962,0.010183
-0.005293,0.027008,0.012279
-0.003217,0.021669,0.012233
0.001758,0.020646,0.008008
-0.004013,0.004660,0.005739
0.000868,-0.009273,0.012025
0.001775,-0.010314,0.009949
0.002730,0.008872,0.012232
0.008682,0.026993,0.014505
0.008834,0.031211,0.019875
0.008030,0.018333,0.027246
0.007159,-0.001918,0.024989
0.010070,-0.023150,0.014219
0.008982,-0.029546,0.013054
0.008866,-0.020948,0.006721
0.006835,-0.010163,-0.004898
0.005835,0.003778,-0.012259
0.007802,0.013375,-0.012265
0.007869,0.028269,-0.007918
0.006075,0.037831,-0.003590
0.007228,0.034634,-0.003613
0.001506,0.013124,0.013212
0.004437,-0.006156,0.020569
0.008316,-0.016749,0.013098
0.003367,-0.025110,-0.003948
-0.005511,-0.018701,-0.005022
-0.011447,-0.003788,-0.002832
-0.005602,0.020816,-0.009032
-0.002585,0.025100,-0.011158
0.002401,0.017692,-0.017616
0.001467,-0.000559,-0.006057
-0.001503,-0.003904,0.008846
-0.002488,-0.007148,0.013126
0.001371,-0.024207,0.011978
0.003207,-0.040211,0.011851
0.000086,-0.038139,0.018257
0.001917,-0.012475,0.013147
0.000945,0.015308,0.009076
0.003017,0.027120,0.001738
0.005094,0.016478,-0.001580
0.008075,-0.001676,-0.000655
0.015865,-0.000472,-0.014453
0.009974,-0.007991,-0.009200
0.005058,-0.004753,-0.012293
-0.002798,-0.013411,-0.000688
-0.007743,-0.009174,0.002539
-0.007771,-0.000687,0.007896
-0.006754,0.013111,0.015444
-0.003735,0.015254,0.014403
0.002217,0.008904,0.009035
0.003197,-0.010228,0.001446
0.004111,-0.018629,-0.012456
0.001077,-0.016435,-0.018858
-0.005847,-0.003690,-0.013532
-0.008799,0.010063,-0.001753
-0.009750,0.012160,0.002572
-0.006754,0.008821,0.016387
-0.001817,0.007699,0.022861
0.001196,0.004496,0.023962
-0.001676,-0.004052,0.024949
-0.003612,-0.010444,0.023832
-0.008512,-0.009336,0.019569
-0.005603,0.001371,0.015350
-0.000696,0.014196,0.013319
0.008185,0.028172,0.002781
0.012247,0.029280,-0.001474
0.013332,0.012240,-0.004800
0.013367,0.000492,-0.003828
0.009432,-0.007043,0.002502
0.011345,-0.011340,0.005682
0.012269,-0.013535,0.012085
0.005386,-0.017844,0.016327
0.002412,-0.011429,0.015321
0.000458,0.005654,0.014382
-0.004360,0.019471,0.019780
0.000633,0.024975,0.002830
-0.002162,0.017569,-0.003616
-0.000172,-0.003764,-0.004884
0.002731,-0.007997,-0.008098
0.004611,0.000551,-0.009092
0.000734,0.019827,-0.016363
-0.005995,0.028310,-0.010983
-0.006839,0.026125,-0.005698
-0.002831,0.016416,0.004856
0.004025,0.006718,0.014378
0.009930,0.007796,0.013333
0.008990,-0.000704,0.010088
0.003127,-0.007114,0.011127
-0.000785,-0.002823,0.009042
-0.000769,0.007847,0.009122
0.000271,0.022834,0.003928
0.000399,0.021797,0.000715
-0.001461,0.005835,-0.003713
-0.000482,-0.011259,-0.001726
0.003360,-0.017653,-0.002842
0.005235,-0.011231,-0.004943
-0.000681,0.003626,0.002575
-0.004560,0.017443,0.007980
-0.002513,0.023883,0.004844
-0.003345,0.021715,0.007995
-0.000306,0.016369,0.009038
-0.001194,-0.000670,0.005733
-0.005172,-0.022079,0.013042
-0.002354,-0.022098,0.015199
0.002493,-0.002852,0.011067
0.002547,0.007847,0.007922
0.002603,0.015386,0.000534
0.000700,0.012140,0.004715
-0.005086,0.013220,0.003641
-0.004985,0.019570,0.009009
-0.004892,0.009911,0.014266
0.001015,0.001401,0.012153
0.002935,-0.012524,0.018486
0.003863,-0.016800,0.019545
0.007722,-0.015713,0.017461
0.010628,-0.005971,0.003738
0.001864,-0.002723,-0.001615
-0.002015,0.010105,-0.004804
-0.002923,0.018550,0.003675
-0.002881,0.028100,0.009051
-0.001754,0.028028,0.016470
0.000305,0.004482,0.023768
0.006154,-0.021121,0.023648
0.008994,-0.038083,0.012965
0.006889,-0.041321,0.017243
0.002825,-0.016694,0.008942
-0.003023,0.012212,-0.001533
-0.011702,0.027166,-0.003622
-0.011554,0.031441,-0.004701
-0.011417,0.022866,-0.001668
-0.005478,0.019626,0.002596
-0.001505,0.009920,0.013178
0.000469,-0.004073,0.025878
0.003336,-0.025418,0.026857
0.007117,-0.042579,0.036324
0.010853,-0.045746,0.033155
0.013621,-0.037165,0.028992
0.011574,-0.024257,0.018439
0.012541,0.005725,0.006899
0.005816,0.031485,-0.008945
-0.000859,0.036805,-0.007942
-0.001705,0.027158,-0.003789
0.005201,0.012208,-0.002788
0.012041,-0.010183,-0.003941
0.013874,-0.028338,-0.001887
0.009806,-0.036945,0.005527
0.006703,-0.029449,0.003512
0.001733,-0.010136,-0.006951
-0.010969,0.000612,-0.015443
-0.021669,0.009082,-0.009037
-0.018673,0.022982,-0.012154
-0.020486,0.031482,-0.008972
-0.018401,0.029189,0.006916
-0.014379,0.024785,0.020707
-0.002598,0.011995,0.019575
0.003309,-0.012600,0.024693
0.012968,-0.031892,0.033119
0.011908,-0.024459,0.037512
0.013876,-0.004120,0.031288
0.008104,0.013067,0.019710
-0.001507,0.025891,0.017609
-0.004280,0.032351,0.011209
-0.002174,0.035523,0.013304
0.008713,0.035596,0.005864
0.021556,0.028160,0.002650
0.025541,0.010027,0.002589
0.027486,-0.012323,-0.002872
0.023480,-0.035828,0.000154
0.020414,-0.032575,-0.005129
0.018344,-0.010124,-0.009198
0.004666,0.024021,-0.008963
-0.013696,0.050599,0.000764
-0.016392,0.053806,-0.000275
-0.013264,0.025007,-0.001553
-0.008339,-0.004904,0.002526
0.002336,-0.016616,0.000364
0.010057,-0.012367,0.002586
0.019795,0.004663,0.006959
0.019853,0.003702,-0.003668
0.000288,-0.046503,0.001241
-0.008772,-0.054940,-0.008363
-0.009005,-0.010091,-0.011196
-0.009917,0.058130,-0.004350
-0.007613,0.067823,-0.013899
-0.013205,0.020945,-0.021722
-0.014230,-0.027200,-0.009361
-0.012464,-0.019800,-0.001842
-0.006649,0.017467,0.007000
-0.002579,0.041996,0.008284
0.001539,0.030281,0.006087
