-0.007655,0.042574,0.080656
-0.002017,0.028689,0.083710
0.000674,0.023452,0.076088
0.008244,0.015155,0.055542
0.002230,0.005653,0.043692
0.009998,-0.002592,0.009390
0.011070,-0.026822,-0.028237
0.004387,-0.055514,-0.040298
-0.003222,-0.085351,-0.049022
-0.010805,-0.082187,-0.050990
-0.017395,-0.067393,-0.028524
-0.011392,-0.056880,-0.003970
-0.009445,-0.046391,0.022743
-0.011473,-0.029535,0.056920
-0.014603,0.001290,0.080504
-0.004107,0.022642,0.085886
-0.000299,0.056867,0.081787
0.007935,0.091101,0.073483
0.014058,0.126444,0.054623
0.008097,0.114732,0.041907
0.006416,0.083835,0.031059
0.000876,0.034680,0.032916
0.011926,0.005905,0.024209
0.015818,0.003832,0.014619
0.014634,0.008205,0.001834
0.007439,0.030682,-0.007566
0.012046,0.029466,0.126330
0.044399,0.020666,0.282424
0.024180,0.016860,0.122565
-0.002463,-0.013945,-0.017858
-0.000799,-0.024533,-0.027576
0.005862,0.003487,-0.063616
0.007712,0.040975,-0.075167
0.005648,0.054928,-0.085720
0.002254,0.038913,-0.087926
-0.001630,0.007738,-0.062489
-0.008481,-0.013988,-0.020882
-0.001574,-0.004792,0.022095
0.002314,0.021643,0.048053
-0.001704,0.053471,0.062403
-0.007733,0.090636,0.085159
-0.006050,0.059493,0.107372
0.021159,0.036209,0.087850
0.037785,-0.009195,0.038098
0.036062,-0.056775,-0.012608
0.024718,-0.071382,-0.051252
0.005638,-0.076556,-0.073677
0.001216,-0.076527,-0.084210
-0.008198,-0.054309,-0.064699
-0.014825,-0.046129,-0.022908
-0.015803,-0.028319,0.013663
-0.016099,0.015074,0.053663
-0.019573,0.063830,0.089453
-0.021201,0.104008,0.134689
-0.019854,0.110181,0.162533
-0.014535,0.112191,0.180655
-0.007177,0.091964,0.179313
0.007202,0.079526,0.146871
0.015798,0.039509,0.090756
0.008004,0.036811,0.033989
-0.005465,0.021203,-0.010064
-0.010949,0.023668,-0.052742
-0.001708,0.034731,-0.097598
-0.005181,0.045641,-0.131597
-0.019473,0.071207,-0.131263
-0.032999,0.101829,-0.093554
-0.033055,0.133592,-0.065439
-0.024451,0.148293,-0.035408
-0.022697,0.169340,-0.002039
-0.022001,0.177688,0.020489
-0.009603,0.178728,0.021615
0.000927,0.170249,0.013026
-0.003164,0.151020,0.012917
-0.004241,0.106058,0.024417
-0.008213,0.030081,0.044202
0.001532,-0.015856,0.052315
0.010406,-0.051949,0.035830
0.002695,-0.066755,0.025942
-0.003170,-0.047320,0.000413
-0.006115,0.002063,-0.032365
-0.000125,0.047203,-0.063155
-0.002908,0.061242,-0.079160
-0.003734,0.076241,-0.084417
-0.003652,0.083767,-0.091822
-0.006530,0.103016,-0.098041
-0.006473,0.133963,-0.095691
-0.003482,0.159508,-0.085891
-0.008347,0.167845,-0.063336
-0.003555,0.174129,-0.047286
-0.008628,0.152567,-0.017608
-0.013699,0.101086,0.010875
-0.011848,0.059294,0.032942
-0.007055,0.013270,0.050693
0.001606,-0.017647,0.045128
-0.001426,-0.018688,0.034591
-0.000483,-0.002473,0.002807
-0.003312,0.033060,-0.039556
0.000797,0.066515,-0.086269
-0.000919,0.083765,-0.105410
-0.007521,0.066736,-0.111946
-0.008297,0.045328,-0.102541
-0.010087,0.030268,-0.083528
-0.009930,0.018436,-0.070834
-0.010763,0.025769,-0.054728
-0.017603,0.047936,-0.023576
-0.016764,0.085155,-0.012464
-0.013012,0.132052,-0.008786
-0.002484,0.203547,-0.008178
0.010902,0.245356,-0.032381
0.014576,0.263730,-0.057935
0.009509,0.238209,-0.063615
0.010374,0.169925,-0.061082
0.014410,0.080265,-0.061781
0.022475,0.007778,-0.065729
0.027624,-0.040182,-0.067336
0.022054,-0.055021,-0.081318
0.025249,-0.046401,-0.096106
0.013782,-0.016499,-0.104280
0.017045,0.010203,-0.110393
0.013380,0.035705,-0.099435
0.007634,0.048249,-0.070408
-0.000294,0.039294,-0.028603
-0.005335,0.032515,0.015204
-0.005544,0.024677,0.060023
0.000039,0.020226,0.079289
0.004647,0.024382,0.091123
0.012118,0.033982,0.090169
0.020596,0.042674,0.072058
0.027257,0.047201,0.043180
0.037035,0.042416,-0.021048
0.033269,0.027868,-0.064030
0.024663,0.012082,-0.085655
0.012199,-0.032698,-0.091361
0.005672,-0.064856,-0.075568
-0.001857,-0.074650,-0.049010
-0.003647,-0.049249,-0.017918
-0.007559,-0.009953,0.008003
-0.003829,0.014376,0.031777
0.000841,0.029118,0.054379
0.006439,0.022531,0.075723
0.000328,0.002124,0.087401
0.008002,-0.018156,0.083060
0.018628,-0.016936,0.060706
0.013623,-0.019812,0.016954
0.006811,-0.017383,-0.023536
-0.005662,-0.026865,-0.035439
-0.008355,-0.059961,-0.028358
-0.011070,-0.079161,-0.024358
-0.016791,-0.056851,-0.007176
-0.022680,-0.018503,0.003782
-0.027679,0.036857,0.023413
-0.023970,0.098736,0.027107
-0.016370,0.125570,0.009146
-0.003862,0.128862,-0.006752
0.003791,0.111909,-0.020805
0.003721,0.056541,-0.036232
-0.007858,-0.003261,-0.034529
-0.010599,-0.044929,-0.028475
-0.010401,-0.063134,-0.023229
-0.014144,-0.056849,-0.012411
-0.002261,-0.049360,-0.014490
0.003737,-0.036509,-0.018684
0.006831,-0.024635,-0.031489
0.002073,-0.011829,-0.026155
-0.001743,-0.006341,-0.039055
0.005249,0.009764,-0.045453
0.004393,0.010956,-0.059367
0.002575,0.015102,-0.049598
0.000709,0.016064,-0.038858
0.005649,0.004148,-0.021758
0.009629,-0.002323,-0.017450
0.008719,-0.008824,-0.007836
0.001857,-0.012136,0.006020
0.003772,-0.009012,0.015664
0.010614,-0.013280,0.015625
0.006698,-0.020761,0.016636
0.005714,-0.017612,0.022029
0.005639,-0.014480,0.028511
0.013377,0.000596,0.014688
0.019194,0.028445,0.001054
0.018183,0.050976,-0.013717
0.011276,0.051001,-0.015872
0.000438,0.045662,-0.016955
-0.004479,0.016709,0.001996
-0.002560,-0.006849,0.011423
0.002316,-0.000517,0.016889
-0.004653,0.014368,0.023434
-0.001871,0.027152,0.025689
-0.001024,0.012162,0.033016
-0.001149,0.004620,0.039416
-0.004188,0.008842,0.044803
-0.005336,0.015244,0.043811
-0.000636,0.020606,0.037513
-0.005654,0.033508,0.025866
-0.005756,0.041123,0.010910
-0.007770,0.028482,-0.006361
-0.002791,0.005227,-0.027008
-0.000679,0.000075,-0.040083
0.003366,0.005690,-0.067956
-0.005247,0.004709,-0.079693
-0.013833,0.001459,-0.076459
-0.010714,0.008842,-0.068848
-0.010501,0.011996,-0.064512
-0.008392,0.004359,-0.043222
-0.010230,-0.002160,-0.032517
-0.007250,-0.002279,-0.019656
-0.010190,-0.007826,0.000722
-0.010237,-0.006892,0.013628
-0.011209,-0.002659,0.013755
0.001525,0.014409,0.013914
0.009306,0.026282,0.000067
0.011188,0.017895,-0.020268
0.011249,-0.003359,-0.029042
0.015356,-0.034248,-0.029454
0.016565,-0.055445,-0.041516
0.009952,-0.053233,-0.050068
0.002283,-0.015935,-0.043346
-0.007415,0.010662,-0.032452
-0.006423,0.035045,-0.014049
-0.004512,0.055149,0.004349
0.000249,0.076428,0.014104
0.005924,0.090273,0.018478
0.002739,0.094459,0.027095
0.011261,0.080531,0.031307
0.013053,0.055975,0.031133
0.023735,0.018705,0.021199
0.021845,-0.018573,0.013377
0.015077,-0.052716,0.015169
0.017048,-0.056878,0.003353
0.017164,-0.034237,-0.021117
0.012441,-0.006342,-0.038005
-0.002127,0.021350,-0.031360
-0.006065,0.037299,-0.027937
-0.002160,0.039395,-0.025729
-0.003134,0.037109,-0.006525
-0.002191,0.019883,0.010460
-0.000326,0.020803,0.025494
0.003392,0.028150,0.041564
0.005102,0.039855,0.046979
0.014663,0.053737,0.046027
0.021340,0.045335,0.032005
0.026094,0.035765,0.028698
0.012293,0.034759,0.021210
0.008283,0.036998,0.005268
0.003276,0.036948,0.009582
0.004186,0.034842,0.005309
0.003195,0.027416,0.000945
-0.001752,0.007048,0.011476
-0.001842,-0.011191,0.023081
0.000975,-0.018799,0.040114
0.004814,-0.009255,0.047670
0.005621,0.000273,0.059455
0.002474,0.009788,0.066044
0.010087,0.023676,0.065074
0.021603,0.027040,0.045852
0.021462,0.015523,0.014849
0.005737,0.002740,0.006314
0.004746,-0.023957,0.011370
-0.000073,-0.060343,0.027021
-0.003917,-0.080789,0.048212
-0.008917,-0.063907,0.070820
-0.014036,-0.010657,0.084094
-0.009504,0.043728,0.089881
-0.006967,0.080041,0.085923
-0.008291,0.105706,0.079721
0.005042,0.115621,0.047616
0.009663,0.099967,0.007867
0.004663,0.063911,-0.020218
-0.002182,0.024483,-0.032198
-0.011896,-0.018303,-0.020790
-0.018596,-0.057919,-0.002999
-0.018460,-0.073076,0.018360
-0.019494,-0.048711,0.037856
-0.017695,-0.005060,0.051038
-0.015947,0.030104,0.059834
-0.009292,0.048210,0.066351
-0.006611,0.043977,0.060993
-0.002004,0.029092,0.051314
0.003711,0.020709,0.030971
0.006608,-0.000450,0.009395
0.009655,-0.027942,-0.019735
0.004898,-0.042786,-0.031616
-0.005705,-0.048073,-0.040150
-0.006515,-0.029912,-0.043189
-0.003436,-0.007476,-0.040976
-0.010161,0.014940,-0.039761
-0.011100,0.030837,-0.025743
-0.015054,0.045645,-0.007495
-0.019110,0.067886,0.014046
-0.021248,0.069853,0.031235
-0.017594,0.061198,0.041930
-0.018811,0.055728,0.056878
-0.015122,0.034404,0.050376
-0.003499,0.017444,0.032157
0.005259,0.018689,0.010787
0.008154,0.009314,-0.014991
0.011177,0.001041,-0.047126
0.012405,-0.019047,-0.066610
-0.000026,-0.040333,-0.070076
-0.001702,-0.063814,-0.069216
-0.009232,-0.077726,-0.062955
-0.015815,-0.062921,-0.046790
-0.019581,-0.036382,-0.032607
-0.020513,0.008263,-0.015043
-0.018616,0.048621,0.007761
-0.013924,0.089001,0.026325
-0.007393,0.116695,0.031920
0.000103,0.117812,0.025525
0.010620,0.114701,0.011668
0.008492,0.098811,-0.000275
0.013290,0.048839,-0.022091
0.021267,0.002136,-0.053465
0.018619,-0.033947,-0.069977
0.011056,-0.068059,-0.072451
0.006508,-0.077638,-0.078872
0.001971,-0.062795,-0.064899
-0.003683,-0.038389,-0.046553
-0.003566,-0.005500,-0.022767
0.002272,0.015676,-0.004374
0.004187,0.039069,0.005453
0.007010,0.065649,0.019530
0.011705,0.067771,0.020624
0.011510,0.057048,0.019622
0.005448,0.051603,0.030322
0.009181,0.031247,0.037683
0.013902,0.006623,0.043960
0.016716,-0.021154,0.044857
0.011709,-0.030801,0.045933
0.016495,-0.015813,0.039659
0.018401,-0.003848,0.016156
0.016486,-0.001496,-0.007399
0.009718,-0.000287,-0.017172
0.008774,-0.009821,-0.019528
0.004909,-0.020470,-0.019673
-0.001848,-0.030120,-0.014408
-0.009641,-0.014246,0.000714
-0.007742,0.008080,0.010533
-0.007795,0.029381,0.013959
-0.002991,0.053932,0.013099
-0.001184,0.057083,0.020577
-0.000395,0.048475,0.025923
-0.003478,0.038784,0.034434
0.001275,0.022818,0.031058
0.005077,0.005745,0.029866
-0.000835,-0.010156,0.013766
0.003057,-0.015390,0.004043
0.005072,-0.025939,-0.005778
0.000350,-0.049290,-0.017806
-0.004366,-0.059929,-0.020073
-0.011060,-0.046000,-0.024286
-0.011930,-0.013972,-0.024056
-0.018681,0.012675,-0.021658
-0.012786,0.048997,-0.027730
-0.004025,0.081074,-0.037038
0.000810,0.098185,-0.043267
-0.006082,0.083153,-0.032695
-0.002181,0.037151,-0.022319
-0.000177,-0.000349,-0.005508
0.000807,-0.026075,0.007126
-0.002151,-0.034751,0.024151
-0.007028,-0.031597,0.029531
-0.002164,-0.014438,0.021086
0.006652,0.000715,-0.002353
0.007663,0.011624,-0.027984
0.004838,0.005381,-0.046233
-0.001844,-0.003098,-0.050638
-0.004643,-0.021249,-0.047628
-0.000576,-0.027693,-0.044435
-0.000387,-0.005333,-0.038890
-0.002318,0.016936,-0.018465
0.002491,0.032806,-0.004378
0.005383,0.045517,0.004344
0.010161,0.053963,0.017201
0.013938,0.045391,0.022451
0.020672,0.034712,0.021335
0.014666,0.030427,0.020297
0.011560,0.020785,0.020314
0.009515,0.021799,0.023601
0.019219,0.014433,0.012809
0.022143,-0.005716,-0.003379
0.018290,-0.010905,-0.021583
0.015446,-0.008653,-0.033377
0.009680,-0.005483,-0.026992
0.004812,-0.004476,-0.020553
-0.000057,0.002855,-0.005486
-0.001092,0.008025,0.012769
-0.006143,0.014155,0.042816
-0.003451,0.022453,0.071747
-0.001785,0.036246,0.080440
0.001816,0.053331,0.080554
0.000451,0.053328,0.077422
0.005058,0.053478,0.061346
0.013629,0.045150,0.039813
0.013497,0.026181,0.012883
0.010534,-0.002551,0.004065
0.007653,-0.033410,-0.003746
0.001915,-0.066487,-0.002987
0.002058,-0.068631,0.000158
0.000198,-0.059024,0.002323
0.002201,-0.022689,-0.004832
0.005157,0.024357,-0.016181
-0.004694,0.045638,-0.009567
-0.010650,0.033737,0.007490
-0.011681,0.012203,0.030819
-0.009821,-0.019956,0.049752
-0.012890,-0.025461,0.066883
-0.015019,-0.011609,0.068099
-0.008363,0.004451,0.063912
-0.001686,0.006733,0.047858
-0.003747,0.001534,0.033860
-0.002800,-0.010075,0.020873
-0.002759,-0.018404,-0.000658
0.002205,-0.023495,-0.026437
-0.002496,-0.020126,-0.046718
-0.009162,-0.004053,-0.058262
-0.010964,0.020490,-0.058054
-0.010821,0.024709,-0.049520
-0.000933,0.022509,-0.044138
-0.004788,0.018068,-0.024899
-0.005772,0.024288,-0.004498
-0.002905,0.032691,0.010564
0.000887,0.044378,0.016025
0.002655,0.052783,0.028993
-0.000484,0.054860,0.032297
-0.000705,0.041938,0.043997
0.002052,0.022625,0.057706
0.003853,0.004458,0.061804
0.002710,-0.008305,0.057403
0.003495,0.002406,0.047973
0.010185,0.027162,0.021481
0.013072,0.053118,-0.016853
0.016087,0.048124,-0.056482
0.009385,0.020522,-0.074867
-0.002199,-0.016939,-0.062340
-0.008863,-0.044805,-0.047618
-0.008655,-0.048098,-0.036946
-0.006517,-0.031115,-0.027153
-0.011348,-0.003518,-0.007711
-0.018289,0.025134,0.007590
-0.021417,0.066512,0.032620
-0.017806,0.074880,0.053005
-0.006360,0.063098,0.058248
-0.000746,0.049199,0.059246
0.003870,0.044023,0.042051
0.010483,0.045252,0.024905
0.013300,0.042338,-0.007245
0.005526,0.022264,-0.027811
-0.002185,-0.004337,-0.034511
-0.006888,-0.035208,-0.039152
-0.007652,-0.057577,-0.045720
-0.007411,-0.049066,-0.042444
-0.007257,-0.033039,-0.045499
-0.006108,-0.008499,-0.046329
-0.002054,0.012833,-0.045077
-0.000033,0.022338,-0.035326
0.000022,0.014831,-0.033202
0.005950,0.014763,-0.021518
0.001105,-0.001336,-0.010954
0.000176,-0.012082,-0.004575
0.002162,-0.004716,0.010399
0.002083,-0.000501,0.015806
-0.000905,0.011190,0.019167
-0.000014,0.029266,0.027856
0.004733,0.031435,0.027782
0.013411,0.027265,0.017029
0.011386,0.033835,-0.000084
0.016248,0.036120,-0.014058
0.015297,0.018076,-0.022829
0.006545,-0.000048,-0.025117
-0.001211,-0.005483,-0.016536
-0.002149,-0.001296,-0.008968
-0.000159,0.000781,-0.001480
0.000840,-0.005724,0.011284
0.000811,-0.010104,0.025135
0.003669,-0.019776,0.032551
0.009504,-0.016531,0.027234
0.015331,0.001685,0.014641
0.005500,0.012310,0.019035
0.004459,0.000586,0.015763
0.005443,-0.028293,0.019878
0.000598,-0.049678,0.026083
0.001589,-0.051767,0.021764
-0.000341,-0.037833,0.014403
-0.007175,-0.016429,0.006055
-0.005240,0.008242,-0.007670
-0.004226,0.028634,-0.021397
0.003626,0.044835,-0.042686
-0.001219,0.052377,-0.053270
-0.007055,0.047047,-0.057510
-0.011856,0.024518,-0.045882
-0.012772,-0.003473,-0.018283
-0.010767,-0.027139,0.002929
-0.007846,-0.031590,0.022191
-0.006950,-0.015793,0.045881
-0.004215,-0.002063,0.061012
0.002442,0.004235,0.070753
0.010101,0.002157,0.062222
0.020731,0.002374,0.036555
0.025527,0.002633,0.003461
0.020688,-0.000373,-0.020085
0.013958,-0.022636,-0.034251
0.012163,-0.053558,-0.038756
0.009397,-0.048227,-0.036611
0.002641,-0.021654,-0.023562
-0.001284,0.007024,-0.006236
-0.001358,0.031400,0.016370
-0.002502,0.037611,0.043068
0.002079,0.034233,0.064418
0.011554,0.034131,0.078281
0.014187,0.028757,0.083565
0.019809,0.020462,0.053579
0.027521,0.007774,0.037477
0.023534,-0.014485,0.024348
0.022540,-0.054943,0.012260
0.015804,-0.068802,0.011065
0.013961,-0.066609,0.010927
0.015035,-0.050523,0.008763
0.013130,-0.029140,0.006746
0.007246,0.008177,0.014466
0.005159,0.040235,0.011480
0.005053,0.049852,0.008390
0.002992,0.044547,0.001990
-0.001962,0.035984,-0.001150
-0.008868,0.018784,0.014722
-0.012849,-0.014480,0.038973
-0.007044,-0.046637,0.054765
-0.008098,-0.047838,0.069749
-0.012240,-0.030862,0.082697
-0.009494,-0.007385,0.081847
-0.010674,0.010823,0.072414
-0.002058,0.014155,0.056410
0.004714,0.003721,0.026421
0.004711,-0.018464,0.000548
0.005802,-0.038518,-0.024253
0.000134,-0.040497,-0.037227
-0.005585,-0.035051,-0.045835
-0.014223,-0.017994,-0.044601
-0.019022,0.001080,-0.030495
-0.018014,0.013710,-0.010059
-0.020952,0.024116,0.022094
-0.019077,0.023928,0.041411
-0.011479,0.034557,0.041611
-0.006825,0.055908,0.034448
-0.011911,0.052720,0.028111
-0.010046,0.028201,0.020521
-0.001234,-0.013229,-0.002280
-0.000164,-0.054761,-0.012267
-0.010755,-0.080336,-0.014666
-0.008624,-0.068600,-0.013516
-0.012451,-0.045092,-0.014448
-0.006531,-0.020577,-0.009985
-0.005522,0.009233,-0.001186
-0.007465,0.011345,0.002026
0.006228,0.018943,-0.010795
0.011144,0.024426,-0.025773
0.007295,0.016007,-0.042885
0.000511,0.014921,-0.044935
-0.005222,0.006322,-0.042755
-0.006107,0.003036,-0.032101
-0.009006,-0.004605,-0.008710
-0.012923,-0.001612,0.018002
-0.014019,0.007842,0.036254
-0.008349,0.037698,0.038658
-0.000715,0.075188,0.025008
0.000074,0.083904,0.002653
-0.008868,0.073262,-0.001696
-0.009917,0.053027,-0.007202
-0.004097,0.023238,-0.016056
0.000839,-0.002230,-0.033377
0.006883,-0.007370,-0.054847
0.008067,-0.001835,-0.073101
0.007352,-0.012369,-0.088191
-0.000197,-0.011327,-0.082887
-0.007792,-0.006127,-0.067847
-0.012488,-0.005236,-0.047509
-0.010424,-0.002232,-0.025004
-0.009392,0.005022,-0.000326
-0.004575,0.015528,0.014837
-0.004710,0.029262,0.028910
-0.003878,0.030233,0.036490
-0.004022,0.026982,0.040778
0.007554,0.016424,0.025751
0.014370,0.015602,-0.003134
0.017329,0.008425,-0.035335
0.011613,-0.011705,-0.050525
0.006991,-0.029689,-0.065727
0.007260,-0.033910,-0.070071
0.001609,-0.017917,-0.065717
-0.001181,-0.003063,-0.054910
0.000925,0.022413,-0.042838
0.000036,0.045738,-0.018194
0.005809,0.033814,0.003108
0.010572,0.028298,0.019219
0.020251,0.030411,0.020341
0.020157,0.029367,0.016086
0.016144,0.028240,0.020416
0.011062,0.027037,0.033313
0.006965,0.019492,0.037630
0.008782,0.011975,0.043965
0.008622,0.000217,0.049145
0.006466,-0.006215,0.052305
0.002403,-0.007302,0.057577
0.012012,0.001366,0.044759
0.020779,0.011307,0.011540
0.024722,0.010606,-0.027072
0.011151,0.005464,-0.049583
0.002483,0.005486,-0.055917
-0.003279,0.002247,-0.054801
-0.004090,-0.009637,-0.039877
-0.003958,-0.017323,-0.014276
-0.006906,-0.015447,0.017788
-0.002168,0.003532,0.046784
0.000531,0.025778,0.067269
0.003183,0.042781,0.077011
0.003811,0.052286,0.088855
0.004433,0.053387,0.083546
0.012974,0.037592,0.056714
0.012810,0.031370,0.035272
0.018582,0.016805,-0.008710
0.010833,0.003141,-0.033426
0.003184,-0.018143,-0.040030
-0.007431,-0.033176,-0.030500
-0.012191,-0.017243,-0.022851
-0.011197,0.022191,-0.018208
-0.014213,0.060465,-0.002873
-0.015393,0.105164,0.009320
-0.014713,0.140270,0.021407
-0.009272,0.158394,0.025786
-0.007774,0.164703,0.036543
-0.009162,0.137993,0.040584
-0.005664,0.087788,0.045522
0.004888,0.039893,0.030152
0.004821,-0.008007,0.016883
0.000940,-0.044120,-0.000597
-0.002825,-0.068624,-0.002996
-0.006569,-0.077144,-0.006251
-0.005429,-0.065392,-0.010370
-0.003334,-0.032260,-0.016499
0.002650,0.005234,-0.032252
0.004694,0.024591,-0.049212
0.001911,0.018246,-0.055692
0.002058,-0.006264,-0.057032
-0.004670,-0.029889,-0.044291
-0.011323,-0.041780,-0.026214
-0.011213,-0.041937,-0.005931
-0.014065,-0.035604,0.004761
-0.011111,-0.027202,0.018780
-0.013106,-0.012343,0.029574
-0.000432,-0.004780,0.017890
0.010368,-0.004639,-0.001302
0.009512,-0.008787,-0.016295
0.003745,-0.019408,-0.022790
0.001869,-0.013009,-0.027952
0.001932,0.003014,-0.030998
0.003963,0.007268,-0.027787
0.006929,0.000812,-0.018290
0.011842,0.006132,-0.012975
0.011836,0.007214,-0.009869
0.013738,0.024334,-0.012983
0.005854,0.030686,-0.006521
0.005793,0.029557,-0.002186
0.006736,0.016643,0.008448
0.003761,0.002709,0.012673
0.005698,-0.009094,0.020063
0.004635,-0.019895,0.033908
0.003575,-0.026322,0.034963
0.002547,-0.015650,0.035053
0.007370,-0.002742,0.025479
0.009262,-0.000493,0.011603
0.009253,-0.012159,0.003995
0.005414,-0.022796,0.000679
0.005487,-0.029190,0.000603
0.003591,-0.039883,0.004753
0.000661,-0.030346,0.013377
0.004564,-0.015395,0.012423
0.009434,0.004982,0.002916
0.003524,0.019959,0.000853
0.004431,0.013482,0.005178
0.006396,-0.015406,0.013498
0.006469,-0.034679,0.026057
0.006458,-0.055005,0.027064
0.002511,-0.029371,0.021991
-0.006301,-0.006973,0.026390
-0.009291,-0.017761,0.044386
-0.005501,-0.031749,0.055027
-0.006573,-0.031768,0.058215
-0.001844,-0.018849,0.047570
0.002963,0.004747,0.035950
-0.000042,0.024066,0.026410
0.001773,0.038107,0.007262
0.002674,0.039315,-0.006693
0.001690,0.036183,-0.011083
0.007544,0.020256,-0.018745
0.006630,-0.002173,-0.018882
-0.002170,-0.004464,-0.002805
-0.009061,-0.000401,0.016592
-0.011095,0.010115,0.032773
-0.009253,0.009999,0.047717
-0.008438,0.000269,0.061561
-0.007618,-0.002904,0.058321
-0.005852,-0.007183,0.058313
-0.010921,0.002397,0.061594
-0.010155,0.007683,0.071181
-0.009446,0.015151,0.073340
-0.005834,0.024749,0.076575
-0.001252,0.030239,0.056347
0.001525,0.035811,0.027537
0.002382,0.038139,0.006133
0.001429,0.030912,-0.021754
0.006388,0.010848,-0.048620
0.001641,-0.002930,-0.062580
-0.007933,-0.002981,-0.059310
-0.016605,0.005443,-0.047438
-0.012620,0.012740,-0.028098
-0.008685,0.022190,-0.010881
-0.007740,0.034851,0.006335
-0.005952,0.056096,0.018270
-0.009126,0.064409,0.045073
-0.005541,0.053641,0.050464
0.004008,0.053615,0.049486
0.005722,0.052629,0.037762
0.009421,0.045221,0.024989
0.010273,0.024105,-0.004020
0.016165,-0.005533,-0.027908
0.015391,-0.035224,-0.045384
0.007826,-0.066028,-0.058566
0.002285,-0.078762,-0.065133
-0.005229,-0.061738,-0.057538
-0.007959,-0.029789,-0.052917
-0.006832,0.027768,-0.049121
-0.007784,0.075749,-0.044429
-0.003925,0.087385,-0.032562
-0.000085,0.084077,-0.022896
0.007650,0.049778,-0.009194
0.002717,0.009087,0.004425
0.002663,-0.024150,0.021287
0.005596,-0.033781,0.026507
0.005552,-0.032703,0.028580
0.007441,-0.033721,0.022169
0.006459,-0.026178,0.014718
-0.000310,-0.015428,0.007283
0.007538,-0.005655,-0.008764
0.009543,-0.002293,-0.024844
0.003801,0.004301,-0.046205
-0.001910,0.008625,-0.054682
-0.005639,-0.000978,-0.054765
-0.005449,-0.021361,-0.041058
-0.005313,-0.026807,-0.030357
-0.006178,-0.016241,-0.017444
-0.006120,-0.006739,-0.003503
-0.007068,0.009200,0.007268
-0.005199,0.032619,0.013890
-0.002409,0.055069,0.010839
0.002343,0.050836,0.007573
0.006168,0.034907,-0.002180
0.006146,0.008314,-0.013083
0.001327,-0.013040,-0.014278
0.001439,-0.026899,-0.014431
0.003570,-0.047095,-0.024220
0.004755,-0.042739,-0.035916
0.002046,-0.026627,-0.046514
0.001273,-0.011636,-0.051752
-0.004453,-0.008478,-0.046382
-0.009201,-0.003273,-0.032402
-0.006200,-0.001196,-0.025959
-0.000260,0.005195,-0.025873
-0.001163,0.015860,-0.024721
-0.000166,0.010489,-0.021538
0.005758,0.009376,-0.018288
0.010721,-0.000249,-0.012040
0.011710,-0.013132,-0.004627
0.009786,-0.014287,0.001868
0.011737,-0.001559,0.011589
0.012663,-0.001664,0.022322
0.021374,-0.007010,0.021261
0.020352,-0.007000,0.019142
0.026171,-0.007998,0.011630
0.031051,-0.008907,-0.005523
0.028195,-0.019427,-0.020649
0.025415,-0.024680,-0.029276
0.017738,-0.031093,-0.025122
0.008020,-0.031182,-0.017568
0.004149,-0.014263,-0.003422
0.001190,0.004787,0.014932
0.002064,0.015271,0.035377
0.003829,0.020405,0.058957
0.008448,0.026688,0.072921
0.010092,0.022278,0.087896
0.012689,0.013744,0.085723
0.012394,0.020095,0.094277
0.018929,0.012676,0.091990
0.022527,0.007485,0.075882
0.019379,0.011916,0.055624
0.028992,0.010106,0.022341
0.020168,-0.007887,0.009251
0.011441,-0.037660,-0.000689
-0.001156,-0.063352,0.005580
-0.007931,-0.064571,0.019565
-0.024578,-0.044463,0.038996
-0.022751,-0.020116,0.058541
-0.019979,0.002156,0.073729
-0.019273,0.021296,0.085570
-0.017636,0.027713,0.083496
-0.017973,0.023408,0.089830
-0.016312,-0.000021,0.083234
-0.015536,-0.003099,0.067197
-0.013742,-0.006163,0.051126
-0.016787,-0.003887,0.034043
-0.019830,-0.009165,0.026526
-0.018917,-0.009106,0.020095
-0.010112,0.004946,0.001966
-0.004207,-0.002313,-0.018515
-0.004076,-0.006413,-0.034682
-0.007839,0.001226,-0.052838
-0.010664,0.016239,-0.063362
-0.017344,0.018351,-0.060149
-0.015243,0.001177,-0.047479
-0.014078,-0.016016,-0.035810
-0.012956,-0.019362,-0.018725
-0.011990,-0.006740,0.002776
-0.010094,0.001597,0.024287
-0.006296,0.008999,0.030802
0.003383,0.019681,0.027725
0.003240,0.033605,0.022480
0.006039,0.038009,0.007521
0.005991,0.020985,0.002019
0.010911,0.008364,-0.016353
0.012974,-0.008509,-0.034798
0.009253,-0.019052,-0.046725
0.003556,-0.017966,-0.045720
0.000753,-0.011593,-0.042454
-0.005984,0.009641,-0.030488
-0.007906,0.036253,-0.022769
0.000855,0.053323,-0.023660
0.003765,0.067172,-0.022437
0.003700,0.067117,-0.014974
0.006581,0.040377,-0.005621
0.010479,0.007246,-0.003676
0.007544,-0.004644,0.010213
0.007498,-0.006889,0.019896
0.010353,-0.008008,0.021070
0.005395,0.011185,0.019181
-0.001615,0.018516,0.034245
-0.002782,0.022726,0.040708
0.002010,0.012142,0.037253
0.014698,-0.015364,0.011298
0.023606,-0.017138,-0.027310
0.020834,-0.029692,-0.054218
0.010307,-0.040260,-0.068173
-0.003079,-0.047789,-0.064943
-0.011609,-0.043739,-0.041332
-0.014406,-0.031218,-0.011200
-0.013437,-0.002664,0.017956
-0.010667,0.033377,0.048170
-0.007090,0.063151,0.059158
-0.003503,0.084381,0.069041
0.011751,0.088721,0.063660
0.020260,0.064324,0.045293
0.020039,0.034573,0.030067
0.011131,-0.008021,0.019013
0.007210,-0.035696,0.008139
0.001415,-0.046350,0.006960
-0.001466,-0.036697,0.003771
0.001487,-0.019551,-0.004637
-0.001420,0.001810,-0.005553
0.002492,0.024264,-0.005479
0.003392,0.040302,-0.005427
0.004309,0.039226,-0.006459
0.003225,0.040179,0.007443
0.003124,0.019866,0.008418
0.007004,0.001695,0.010434
0.006028,-0.017509,0.009216
0.003135,-0.035734,0.016603
0.006123,-0.052863,0.021833
0.006159,-0.058222,0.024987
-0.000666,-0.043312,0.028327
-0.003682,-0.014565,0.037107
-0.005796,0.003517,0.043687
-0.001078,0.017379,0.044879
-0.000263,0.025942,0.044882
0.007408,0.023988,0.026613
0.007335,0.004951,0.007182
0.007398,-0.002311,-0.015386
0.006520,-0.008482,-0.042189
-0.000138,-0.016866,-0.060437
-0.006704,-0.032861,-0.063739
-0.015258,-0.040505,-0.046618
-0.019978,-0.035428,-0.014524
-0.018979,-0.022854,0.014426
-0.017076,0.003666,0.033887
-0.016300,0.025869,0.056577
-0.011688,0.040724,0.065287
-0.001236,0.052485,0.062190
0.006340,0.040862,0.046105
0.009148,0.027107,0.028950
0.011998,0.006970,0.011684
0.012990,-0.014190,-0.010932
0.008241,-0.039706,-0.023945
0.001585,-0.053546,-0.027286
0.001786,-0.050273,-0.035811
0.004923,-0.040535,-0.049676
0.002219,-0.024453,-0.058102
-0.004431,-0.016003,-0.047347
-0.006263,-0.015039,-0.035564
-0.004184,-0.020553,-0.017365
-0.004115,-0.016535,0.013653
-0.004193,-0.011355,0.033972
-0.001437,0.003440,0.050164
0.000295,0.020408,0.061043
0.003938,0.035323,0.063323
0.009565,0.034394,0.048314
0.013318,0.015309,0.034236
0.015229,-0.001578,0.010595
0.011372,-0.022727,-0.009957
0.009564,-0.032152,-0.030378
0.008778,-0.031945,-0.053926
0.002168,-0.035098,-0.057214
0.001446,-0.039400,-0.050889
0.001661,-0.041586,-0.047635
0.005751,-0.012780,-0.045284
-0.002965,0.009484,-0.024846
-0.009850,0.020962,0.003123
-0.010932,0.028176,0.031044
-0.004294,0.031146,0.056773
-0.000656,0.024645,0.064297
0.002055,0.011761,0.069623
0.002840,0.010673,0.072805
0.011459,0.005618,0.041698
0.013327,-0.000533,0.011708
-0.000423,-0.000459,0.003149
-0.008256,-0.008986,0.003050
-0.001386,-0.021696,-0.007764
0.007583,-0.037599,-0.014445
0.010665,-0.044937,-0.027400
0.011759,-0.034194,-0.035863
0.005043,-0.013960,-0.031404
-0.001701,0.000882,-0.019520
-0.002650,0.013521,-0.001198
-0.001755,0.020840,0.014945
0.002022,0.035656,0.026898
-0.002101,0.040869,0.041903
0.006522,0.025971,0.041669
0.007334,0.001448,0.039315
0.005256,-0.017703,0.031685
0.006184,-0.015494,0.020006
0.004218,-0.024044,0.022059
0.006172,-0.036849,0.024040
0.007140,-0.041124,0.025066
0.006145,-0.028389,0.035819
0.000155,-0.010284,0.039202
0.004884,0.013170,0.040502
0.010611,0.032448,0.035253
0.012454,0.025035,0.031904
0.015296,0.017702,0.015797
0.020139,0.006162,-0.005736
0.012326,0.005126,-0.007918
0.004512,-0.009767,-0.015485
-0.002253,-0.025883,-0.004877
-0.009012,-0.031302,0.005755
-0.010002,-0.023944,0.019706
-0.012031,-0.016631,0.039002
-0.012138,-0.009304,0.056168
-0.010377,-0.005198,0.077545
-0.010698,0.002112,0.098942
-0.011043,0.004161,0.105455
-0.007478,0.024502,0.094997
-0.000918,0.039643,0.071591
0.001803,0.048517,0.032087
0.005583,0.040302,-0.006475
-0.000309,0.019107,-0.024817
-0.005075,-0.003186,-0.036813
-0.010790,-0.029856,-0.039148
-0.022405,-0.031094,-0.021977
-0.028224,-0.007819,0.003845
-0.026337,0.020884,0.017968
-0.022611,0.044217,0.036318
-0.017986,0.057971,0.049294
-0.013417,0.070745,0.049483
-0.001905,0.077350,0.024959
0.003798,0.066852,0.001410
-0.000205,0.054136,-0.010439
-0.007119,0.029573,-0.010593
-0.007116,-0.001389,-0.010814
-0.008017,-0.023759,-0.013197
-0.000075,-0.024714,-0.023956
-0.001884,-0.010750,-0.032444
-0.006689,0.012813,-0.040839
0.000239,0.026787,-0.050398
-0.000602,0.020431,-0.055806
-0.003380,0.013987,-0.052613
-0.000292,0.003357,-0.059084
0.002790,0.010767,-0.051545
-0.001018,0.026705,-0.046003
-0.000992,0.040422,-0.029793
-0.003015,0.046596,-0.006133
-0.000208,0.050695,0.010031
0.005478,0.054760,0.034652
0.008176,0.054637,0.049614
0.016706,0.048240,0.048499
0.020364,0.054692,0.041104
0.020082,0.049427,0.033554
0.018944,0.033515,0.022715
0.026725,0.022003,-0.002028
0.028701,0.013751,-0.032127
0.020994,-0.011686,-0.050575
0.005537,-0.027765,-0.043200
-0.006987,-0.028901,-0.035708
-0.002006,-0.018262,-0.033443
-0.006765,0.009450,-0.031031
-0.009677,0.030634,-0.010569
-0.009772,0.039003,0.010856
-0.008009,0.035622,0.030123
-0.006303,0.030050,0.058932
-0.004603,0.014975,0.076940
0.001990,0.009599,0.082227
-0.000278,0.018098,0.085535
-0.000636,0.024629,0.067477
0.002106,0.025951,0.036492
0.010889,0.009202,0.004127
0.013981,-0.029835,-0.045476
0.006446,-0.051985,-0.075626
-0.010822,-0.059423,-0.076816
-0.018302,-0.059495,-0.067217
-0.018979,-0.049984,-0.057479
