0.014272,-0.034978,-0.004157
-0.000278,-0.004894,-0.024035
-0.011985,0.021886,-0.034474
-0.023738,0.049693,-0.041747
-0.020848,0.060502,-0.055467
-0.018948,0.053053,-0.057655
-0.017009,0.036970,-0.050402
-0.013115,0.018703,-0.037801
-0.016011,0.004672,-0.021986
-0.019910,-0.005104,-0.005115
-0.022815,-0.011531,-0.003069
-0.024750,-0.009516,0.008600
-0.023781,-0.013897,0.020268
-0.015960,-0.018215,0.025584
-0.010079,-0.019275,0.025664
-0.009082,-0.022545,0.033132
-0.001515,-0.025726,0.030969
0.000411,-0.033206,0.031971
0.004954,-0.031044,0.028780
0.000660,-0.011687,0.014087
-0.005688,0.020391,0.007922
-0.011419,0.044962,0.004891
-0.012656,0.057620,0.018749
-0.008987,0.040427,0.030250
-0.007214,0.029725,0.033347
0.002288,0.012575,0.041796
0.017835,-0.026868,0.150487
0.065234,-0.040877,0.170177
0.060109,-0.013458,0.088830
0.031430,0.030077,0.001889
0.022637,0.043736,0.023224
0.016727,0.051568,-0.011586
0.008838,0.046465,-0.034988
0.003892,0.026222,-0.038341
0.002680,0.003809,-0.038557
-0.005371,-0.013322,-0.033443
-0.007044,-0.030473,-0.026235
-0.006701,-0.031541,-0.026251
-0.000582,-0.027271,-0.026221
0.009323,-0.031680,-0.012486
0.022063,-0.049959,0.000006
0.026058,-0.029712,0.003407
0.023151,-0.005144,0.001520
0.019204,-0.005125,-0.000637
0.012371,-0.012569,-0.003940
-0.001328,-0.005114,-0.002869
-0.009237,0.000251,-0.006033
-0.010310,0.011953,-0.002810
-0.013309,0.028110,-0.017546
-0.017347,0.049504,-0.022685
-0.014621,0.036576,-0.011167
-0.009929,0.013034,-0.005034
-0.005259,-0.006159,-0.006236
-0.002449,-0.009228,-0.018933
0.000489,-0.003861,-0.022041
-0.002336,0.003793,-0.039978
-0.008084,0.011381,-0.051606
-0.010918,0.022112,-0.057927
-0.013771,0.036014,-0.060974
-0.009872,0.034927,-0.058840
-0.006959,0.022926,-0.032426
-0.001115,0.015252,-0.012353
0.000878,0.027930,0.000519
0.001871,0.032144,0.005841
0.001948,0.021486,0.004700
0.001111,0.002279,0.004560
0.007091,-0.010538,0.005509
0.007214,-0.009371,-0.003982
0.001484,-0.008139,-0.019861
-0.005279,-0.000637,-0.022979
-0.006205,0.005920,-0.038886
-0.009073,0.012409,-0.047311
-0.006231,0.005910,-0.037868
-0.008299,0.011055,-0.018709
-0.012328,0.021663,-0.012186
-0.014415,0.031216,-0.006769
-0.011607,0.021496,0.004867
-0.009698,0.005350,0.018513
-0.007751,-0.000074,0.028049
-0.002890,0.001997,0.034447
0.000060,0.007314,0.036636
0.002103,-0.000087,0.030267
0.009074,-0.014986,0.025922
0.018065,-0.038389,0.018283
0.019286,-0.050880,-0.012557
0.023429,-0.052810,-0.032721
0.020697,-0.056910,-0.049741
0.010214,-0.060052,-0.056198
-0.002222,-0.053505,-0.071108
-0.011814,-0.034378,-0.063596
-0.011774,-0.017465,-0.048738
-0.003004,-0.013297,-0.039214
0.006709,-0.011294,-0.026512
0.014423,-0.016682,-0.021233
0.017276,-0.026505,0.001013
0.019189,-0.031911,0.008449
0.018268,-0.035046,0.002125
0.016420,-0.046684,-0.007464
0.016511,-0.052081,-0.001138
0.016640,-0.062742,-0.002286
0.012873,-0.060531,-0.009702
0.010052,-0.049819,-0.013887
0.006231,-0.029419,-0.026441
0.001454,-0.022962,-0.031676
-0.003307,-0.030411,-0.033892
-0.005122,-0.038959,-0.032906
-0.004946,-0.048459,-0.043627
-0.005723,-0.045207,-0.048932
-0.003604,-0.044104,-0.053228
-0.002457,-0.036554,-0.061720
-0.004228,-0.014063,-0.070096
-0.008989,0.011586,-0.074179
-0.015801,0.025358,-0.064557
-0.015820,0.017690,-0.045600
-0.018763,0.023987,-0.034920
-0.019837,0.031245,-0.013614
-0.023877,0.029928,0.011889
-0.025959,0.023393,0.025709
-0.020235,0.008278,0.043684
-0.014467,-0.003508,0.048956
-0.009609,-0.015257,0.051078
-0.000831,-0.022746,0.053163
-0.000816,-0.016233,0.042707
0.003108,-0.012860,0.025773
0.005132,-0.015895,0.009877
0.002316,-0.031764,-0.004063
0.003422,-0.044504,-0.010527
0.003635,-0.045432,-0.024315
0.011642,-0.049572,-0.037035
0.010857,-0.043151,-0.039136
0.005181,-0.028167,-0.043221
0.001412,-0.019622,-0.044235
-0.001397,-0.027209,-0.032672
0.001639,-0.023061,-0.021005
0.000706,0.021687,-0.013167
-0.009131,0.056838,-0.006507
-0.014122,0.039524,0.016638
-0.011285,0.007316,0.035415
-0.009342,-0.018269,0.033110
-0.007406,-0.024668,0.033103
-0.004505,-0.017244,0.037420
-0.003549,-0.004273,0.021693
-0.004525,-0.007409,0.015320
-0.003508,-0.007336,0.007872
0.000430,-0.012566,-0.002834
0.005341,-0.011353,-0.017713
0.007288,-0.010332,-0.013473
0.003384,-0.007122,-0.014534
-0.002457,0.001397,-0.012338
-0.007309,0.005582,-0.003799
-0.008276,-0.002065,0.013071
-0.007312,-0.014999,0.025678
-0.002393,-0.019361,0.035203
0.003455,-0.013907,0.023606
0.001498,0.007616,0.005749
-0.003422,0.036469,0.001729
-0.009316,0.046341,-0.024734
-0.014199,0.051912,-0.048009
-0.016163,0.038102,-0.054496
-0.013256,0.018729,-0.038818
-0.013283,0.019615,-0.020828
-0.012392,0.021491,0.004613
-0.012514,0.029882,0.018462
-0.011663,0.045804,0.027096
-0.001096,0.046749,0.039871
0.007504,0.037000,0.054697
0.014195,0.018864,0.054643
0.014119,0.006086,0.052492
0.010180,-0.010937,0.048196
0.003400,-0.024600,0.028013
0.001538,-0.039416,0.016259
0.002609,-0.035139,0.015214
0.007593,-0.028610,0.002574
0.009682,-0.027470,-0.004871
0.007849,-0.021063,-0.004824
0.005990,-0.015645,-0.013293
0.004077,-0.011449,-0.006943
0.004116,-0.013532,-0.012295
0.009015,-0.009285,-0.010192
0.014880,0.002486,-0.013266
0.012929,0.005695,-0.014312
0.009005,0.001359,-0.008025
0.001192,0.000294,-0.007985
0.001185,0.004681,-0.019605
0.000226,0.006903,-0.028054
-0.001736,0.004759,-0.027005
0.001191,0.003701,-0.028088
0.004103,0.000381,-0.016459
0.006036,0.013103,-0.007846
0.011864,0.023738,-0.004618
0.006930,0.033273,0.002898
0.002960,0.029964,0.013459
-0.002931,0.024661,0.009130
-0.006838,0.006476,0.013201
-0.006845,-0.017082,0.021483
0.002950,-0.052449,0.036002
0.012765,-0.067400,0.036933
0.018715,-0.062020,0.032756
0.015889,-0.056502,0.014744
0.008228,-0.045648,-0.003179
0.001509,-0.037905,-0.030727
-0.002281,-0.038858,-0.042449
-0.005088,-0.030314,-0.043484
-0.000149,-0.031537,-0.028729
0.002823,-0.022096,-0.012801
0.002875,0.002474,-0.015845
0.002898,0.018564,-0.024228
-0.000046,0.012211,-0.029638
-0.002032,0.010010,-0.023318
-0.001074,0.000299,-0.012799
0.001853,-0.021216,0.003970
0.003850,-0.025463,0.001811
0.003865,-0.019016,-0.002356
-0.000001,-0.017926,-0.004448
-0.001899,-0.011323,-0.024537
-0.012542,-0.009914,-0.058472
-0.025114,-0.009707,-0.078619
-0.030877,-0.028928,-0.077761
-0.030730,-0.040775,-0.067316
-0.027674,-0.048463,-0.046231
-0.020759,-0.028360,-0.030205
-0.009049,-0.004088,-0.003542
-0.001324,0.038354,0.021212
-0.000471,0.064941,0.031063
-0.004535,0.063872,0.032219
-0.012469,0.050051,0.027978
-0.016463,0.030936,0.019448
-0.019411,0.018267,0.006721
-0.017464,0.003445,-0.003909
-0.015480,-0.006104,-0.009271
-0.013511,-0.008259,-0.007132
-0.015445,0.008726,0.001450
-0.016464,0.029970,0.011158
-0.019471,0.034036,0.031354
-0.020512,0.028661,0.035565
-0.015699,0.016874,0.040830
-0.012839,0.009368,0.045099
-0.013916,0.005017,0.053584
-0.016915,0.006047,0.057921
-0.013112,0.014554,0.061199
-0.011304,0.034785,0.065621
-0.006639,0.051691,0.082781
-0.003961,0.070845,0.088246
-0.000347,0.086800,0.093698
0.007117,0.089799,0.113821
0.011657,0.086595,0.113766
0.021093,0.085539,0.112702
0.019822,0.091988,0.108549
0.016631,0.087828,0.097943
0.017375,0.070942,0.079854
0.026029,0.031558,0.069994
0.038639,-0.012163,0.066422
0.044536,-0.035456,0.048229
0.049503,-0.046960,0.024791
0.054497,-0.041219,-0.015452
0.046815,-0.029227,-0.040834
0.035238,-0.019413,-0.062012
0.021712,-0.005321,-0.084227
0.010142,-0.009439,-0.099161
0.007353,-0.022313,-0.092963
0.008455,-0.027838,-0.075062
0.004666,-0.001301,-0.061077
0.002757,0.017702,-0.040806
0.003690,0.012039,-0.009120
0.010481,-0.005198,0.006647
0.007556,-0.017071,0.020393
0.007541,-0.029883,0.021348
0.001712,-0.025460,0.006608
-0.005047,-0.023133,-0.012436
-0.013756,-0.019739,-0.031493
-0.015620,-0.021689,-0.049521
-0.016493,-0.008692,-0.068514
-0.015446,-0.003346,-0.069529
-0.012467,-0.007713,-0.060052
-0.012396,-0.007853,-0.046286
-0.007475,-0.011273,-0.025171
-0.001603,0.000257,-0.005028
-0.002580,0.032151,0.006888
-0.002639,0.051322,0.010213
-0.003674,0.046006,0.008030
-0.004714,0.020440,0.003547
-0.002794,-0.004133,0.006551
-0.004710,-0.023267,-0.001001
-0.005634,-0.019977,-0.009420
-0.004620,-0.017779,-0.015746
-0.003564,-0.017692,-0.024220
-0.001505,-0.026130,-0.033838
0.001486,-0.027233,-0.030720
-0.003338,-0.005812,-0.039090
-0.011165,0.021766,-0.021830
-0.008304,0.031216,-0.006955
-0.009359,0.037565,-0.001607
-0.006497,0.031134,0.001575
-0.006551,0.019283,0.013199
-0.007592,0.010813,0.006814
-0.000797,0.001128,0.015274
0.008919,-0.010690,0.023686
0.013806,-0.014989,0.026852
0.018742,-0.019160,0.017329
0.017832,-0.021231,0.010938
0.012072,-0.013559,-0.009213
0.011178,-0.009079,-0.030416
0.005384,0.011281,-0.039877
-0.003390,0.031583,-0.042952
-0.012179,0.037988,-0.042940
-0.015126,0.029383,-0.036697
-0.015130,0.013308,-0.030469
-0.009288,-0.008162,-0.017930
-0.007350,-0.012503,-0.010534
-0.004408,-0.011454,-0.008354
-0.007354,-0.007277,0.001280
-0.010249,-0.001918,-0.000775
-0.006331,-0.011504,-0.002958
-0.006324,-0.000907,0.004569
-0.009270,0.011866,0.007829
-0.006411,0.018216,0.013197
-0.006477,0.023548,0.014330
-0.001672,0.019261,0.016457
-0.000760,0.009533,0.029175
-0.000799,-0.000088,0.031275
-0.001748,-0.002058,0.015383
0.001198,-0.008452,0.014245
-0.000739,-0.006211,0.003639
0.003209,-0.001795,-0.011198
0.004186,0.007753,-0.005837
0.007071,0.022626,0.000618
0.009964,0.016199,0.002621
0.012879,0.014042,0.004697
0.013834,0.005595,-0.004932
0.012852,-0.006133,-0.006096
0.011895,-0.010337,-0.012492
0.008040,-0.001702,-0.021939
0.005129,-0.001645,-0.027231
0.003243,-0.009037,-0.034682
0.000402,-0.017611,-0.031572
0.001447,-0.033724,-0.021094
-0.002359,-0.028419,-0.017879
-0.004233,-0.025185,-0.021028
-0.002207,-0.020939,-0.018882
-0.001175,-0.010300,-0.015613
0.000798,0.000429,-0.020812
0.003714,0.005677,-0.012305
0.007587,0.008864,-0.011222
0.009520,0.005652,-0.010189
0.012447,0.002400,-0.004912
0.011484,0.007799,-0.011239
0.010524,0.010043,-0.021774
0.006670,0.003782,-0.035582
0.005752,-0.011111,-0.039894
0.004854,-0.018549,-0.043149
0.002037,-0.007820,-0.048291
0.002170,-0.016271,-0.056833
0.004250,-0.026982,-0.052676
0.003415,-0.031299,-0.048553
0.000598,-0.023898,-0.042184
-0.005167,-0.014310,-0.041115
-0.008014,-0.011191,-0.033736
-0.005017,-0.014479,-0.025296
-0.003027,-0.015655,-0.014759
0.000907,-0.017909,-0.003141
0.013581,-0.021229,0.008488
0.021372,-0.024484,0.013758
0.019464,-0.015862,0.005359
0.012658,-0.001797,-0.013611
0.003899,0.016504,-0.029374
-0.003875,0.029605,-0.058998
-0.006761,0.028721,-0.077031
-0.008670,0.015970,-0.082434
-0.009587,0.004146,-0.074049
-0.011464,0.006122,-0.058087
-0.012421,0.003732,-0.032656
-0.009494,-0.005094,-0.004104
-0.005595,-0.006406,0.020304
-0.005567,-0.015033,0.029861
-0.005544,-0.033316,0.044647
-0.009411,-0.042982,0.050950
-0.009385,-0.041871,0.046729
-0.009358,-0.031136,0.040449
-0.008379,-0.019281,0.028881
-0.010311,-0.000927,0.007812
-0.014206,0.013117,-0.009029
-0.012285,0.020702,-0.020663
-0.010345,0.024012,-0.031224
-0.003510,0.012251,-0.029225
0.000419,0.006891,-0.027163
0.004328,0.010029,-0.020762
0.012137,0.004603,-0.012411
0.017055,-0.000672,-0.018866
0.020011,-0.002774,-0.023203
0.021050,0.002763,-0.043322
0.023091,-0.001263,-0.066676
0.025126,-0.004325,-0.080483
0.027169,-0.013874,-0.085851
0.027297,-0.015897,-0.096418
0.023572,-0.029798,-0.093286
0.019842,-0.036503,-0.062483
0.013146,-0.047478,-0.031751
0.008358,-0.057486,0.008497
-0.000360,-0.058848,0.038280
-0.007143,-0.058055,0.065910
-0.011025,-0.056075,0.080698
-0.013950,-0.050747,0.080634
-0.021753,-0.054877,0.065619
-0.023698,-0.038654,0.043373
-0.033397,-0.024495,0.014812
-0.032310,-0.039095,-0.019284
-0.027229,-0.057966,-0.052267
-0.020173,-0.058740,-0.080854
-0.016086,-0.047983,-0.089249
-0.018792,-0.032862,-0.107156
-0.016600,-0.029529,-0.120976
-0.009532,-0.025188,-0.128386
-0.003471,-0.014531,-0.126109
0.012271,0.009702,-0.093961
0.023988,0.029513,-0.046995
0.024868,0.036153,0.035850
0.009096,0.039666,0.111204
-0.008682,0.056270,0.159216
-0.016833,0.057006,0.192116
-0.020191,0.058825,0.222814
-0.020633,0.053400,0.231193
-0.020033,0.055782,0.206850
-0.017463,0.049692,0.176045
-0.012873,0.029724,0.145085
-0.010144,0.013077,0.102503
-0.010243,0.003933,0.056830
-0.010266,-0.008493,0.018502
-0.009213,-0.016583,-0.026148
-0.000320,-0.020544,-0.056947
0.006621,-0.009822,-0.062193
0.005754,0.011631,-0.072647
0.013629,0.022332,-0.075757
0.017586,0.031896,-0.072516
0.018591,0.033977,-0.067199
0.022518,0.022101,-0.053524
0.020593,0.009199,-0.044093
0.018705,-0.003617,-0.043137
0.019757,-0.015347,-0.044321
0.017872,-0.019563,-0.049706
0.013061,-0.016331,-0.052875
0.012170,-0.013022,-0.063464
0.012247,-0.015100,-0.068753
0.018188,-0.024793,-0.060348
0.025146,-0.034437,-0.056160
0.029231,-0.042887,-0.064688
0.035275,-0.046053,-0.067851
0.034475,-0.043894,-0.069948
0.023917,-0.038592,-0.066739
0.014344,-0.034314,-0.067798
0.002823,-0.022503,-0.075143
-0.001925,-0.021514,-0.067727
-0.013525,-0.041985,-0.048854
-0.016329,-0.047482,-0.033028
-0.020147,-0.047687,-0.012896
-0.020092,-0.038180,-0.003284
-0.018076,-0.029662,-0.001060
-0.013148,-0.024339,0.000041
-0.008230,-0.016781,-0.008340
-0.006222,-0.017760,-0.016831
-0.009077,-0.019788,-0.027460
-0.010942,-0.015394,-0.040168
-0.011822,-0.008876,-0.051804
-0.014652,-0.009999,-0.046536
-0.014579,-0.011090,-0.044465
-0.018390,-0.008988,-0.041270
-0.016381,-0.005851,-0.034883
-0.015365,-0.006982,-0.028555
-0.013362,-0.005907,-0.029634
-0.006476,-0.001545,-0.039138
-0.000561,-0.006882,-0.039198
0.001440,-0.010052,-0.042402
0.002483,-0.009013,-0.039168
0.004501,-0.007923,-0.041274
0.006520,-0.010077,-0.039157
0.007521,-0.008143,-0.018994
0.007528,-0.002969,-0.003060
0.005572,0.000123,0.007593
0.002638,0.003261,0.014001
0.001636,0.001154,0.011900
0.002601,-0.001980,0.005548
-0.002281,0.002428,-0.008158
-0.006162,0.000443,-0.023024
-0.007119,-0.007006,-0.025225
-0.004156,-0.010188,-0.027403
-0.002137,0.000556,-0.034750
-0.004064,0.009051,-0.030425
-0.005031,0.008981,-0.022971
-0.004995,-0.008188,-0.013557
-0.001048,-0.017885,-0.004079
0.004881,-0.023231,-0.003058
0.009796,-0.014727,0.000236
0.008811,-0.009498,0.010886
0.008816,-0.004134,0.007729
0.002008,0.001222,0.005640
-0.004815,0.003478,-0.006014
-0.013570,0.003606,-0.018746
-0.015528,-0.004860,-0.026233
-0.014548,-0.007036,-0.022000
-0.011621,-0.008208,-0.011386
-0.004780,-0.005101,-0.001788
-0.001852,0.000156,0.006823
0.000108,-0.006383,0.020594
0.001072,-0.007477,0.023809
-0.000888,-0.000073,0.030220
-0.004797,0.007440,0.026026
-0.006775,0.011781,0.018609
-0.006823,0.008645,0.012207
-0.002960,0.011813,0.015398
-0.002983,0.012814,0.021767
-0.002993,-0.000938,0.010016
-0.002973,-0.011609,0.009915
-0.000056,-0.017010,0.016214
-0.000028,-0.008358,0.004597
0.004902,-0.006118,-0.006008
0.006857,0.000312,-0.009184
0.002005,0.017543,-0.024977
0.005897,0.012309,-0.035667
0.008811,0.007994,-0.031509
0.004924,0.007047,-0.043183
0.005883,0.008028,-0.034693
0.000975,0.012128,-0.017673
-0.001983,0.023859,-0.016468
-0.001039,0.016324,-0.010160
0.003808,0.000202,0.001406
0.000894,-0.008309,-0.000756
0.000942,-0.013651,0.000313
0.002904,-0.016936,0.008787
-0.001911,-0.008271,-0.003870
-0.007710,-0.011415,-0.009155
-0.008661,-0.016847,0.000333
-0.011572,-0.010459,0.001430
-0.014495,0.005548,0.001563
-0.008689,0.008610,0.015370
-0.002875,-0.002187,0.028037
0.003942,-0.010766,0.032220
0.008815,-0.013954,0.031173
0.009792,-0.015993,0.021627
0.008817,-0.002032,0.013294
0.005906,0.007681,0.002782
0.006870,0.008812,-0.003575
0.006874,-0.005103,0.000548
0.006891,-0.007283,0.004738
0.005909,-0.005135,0.003681
0.009802,-0.003102,0.013179
0.006878,0.003387,0.003604
0.009815,0.003427,-0.000674
0.013730,-0.010423,-0.002925
0.009874,-0.014639,-0.008281
0.007968,-0.019923,-0.013654
0.008006,-0.015571,-0.022132
0.001255,-0.008994,-0.040140
-0.001610,-0.011085,-0.044395
0.001358,-0.016511,-0.036009
0.000439,-0.007920,-0.041232
0.000508,-0.013329,-0.033860
0.003467,-0.019810,-0.026537
0.001578,-0.002643,-0.035957
0.001636,-0.001480,-0.045504
0.002654,-0.015436,-0.037152
-0.000222,-0.016504,-0.037175
-0.005978,-0.011075,-0.046663
-0.005904,-0.012163,-0.044543
-0.006809,-0.009994,-0.047694
-0.008692,-0.008892,-0.050826
-0.004751,-0.010057,-0.041271
-0.003734,-0.004740,-0.039061
-0.003686,-0.004778,-0.034805
0.003143,-0.005991,-0.019911
0.003188,-0.000641,-0.020884
0.001256,-0.001758,-0.015540
0.002231,-0.007266,0.001397
-0.002583,-0.012515,-0.007124
-0.011278,-0.018826,-0.015599
-0.010269,-0.026437,-0.001906
-0.009275,-0.013674,0.002422
-0.010212,-0.009383,0.000351
-0.005320,-0.020195,0.014066
-0.003327,-0.032105,0.030918
-0.002286,-0.022410,0.022526
0.002637,-0.015889,0.010932
0.005563,-0.009556,0.017306
-0.000255,-0.005030,-0.008100
0.002707,-0.013610,-0.003937
0.008545,-0.017935,0.001282
0.014424,-0.009261,-0.012450
0.018320,0.002475,-0.012376
0.018311,0.017465,-0.017570
0.011483,0.026188,-0.035477
0.009536,0.016607,-0.037684
-0.000185,0.005972,-0.040912
-0.006964,-0.010049,-0.039990
-0.009852,-0.027294,-0.023170
-0.011729,-0.024147,-0.017865
-0.009714,-0.013476,-0.017778
-0.006754,-0.002903,-0.008157
-0.003817,-0.000824,-0.002861
0.000144,-0.010438,-0.001891
-0.001746,-0.021078,-0.005181
-0.006575,-0.027460,-0.007387
-0.012373,-0.019898,-0.016920
-0.016206,-0.005784,-0.041229
-0.021061,0.012442,-0.049572
-0.027886,0.027422,-0.053685
-0.036658,0.023122,-0.050532
-0.040582,0.015516,-0.036798
-0.039643,0.012112,-0.016674
-0.030923,0.010811,0.006665
-0.019289,0.009565,0.024721
-0.006682,0.010391,0.049182
0.003943,0.017729,0.063116
0.007733,0.029356,0.074980
0.013489,0.027250,0.072929
0.015342,0.016669,0.064432
0.014294,0.015691,0.055997
0.009355,0.012602,0.045407
0.010270,0.010510,0.041144
0.012171,0.009473,0.037952
0.014093,0.006294,0.035809
0.017955,0.002077,0.030425
0.017940,0.004254,0.026199
0.018895,0.001158,0.015519
0.014030,-0.000923,0.010188
0.011106,-0.006239,0.006856
0.005266,0.003435,-0.000542
-0.001567,0.009885,-0.005903
-0.004484,0.016324,-0.010181
-0.006446,0.018517,-0.016562
-0.006469,0.018483,-0.013407
-0.006525,0.020640,-0.015518
-0.006577,0.024940,-0.018678
-0.006625,0.033462,-0.017569
-0.006677,0.032481,-0.026060
-0.003799,0.020627,-0.014485
-0.002845,0.008857,-0.011404
-0.004785,0.004680,-0.019882
0.001013,-0.012553,-0.004109
0.002960,-0.016922,0.005419
0.003975,-0.010483,0.002354
0.007881,-0.013831,0.017208
0.008870,-0.006369,0.018368
0.010842,0.000171,0.005746
0.013784,-0.005164,0.005706
0.011818,0.001331,-0.003814
0.006953,0.011074,-0.017516
0.004015,0.023928,-0.022743
0.000118,0.027216,-0.031190
-0.005722,0.020817,-0.031226
-0.012549,0.006910,-0.028192
-0.021320,0.003636,-0.020779
-0.027170,0.005716,-0.015469
-0.025209,0.000307,-0.008089
-0.022291,-0.000888,0.004641
-0.017445,-0.006498,0.032194
-0.013563,-0.005459,0.035434
-0.004829,-0.001267,0.042928
0.003885,-0.005630,0.052460
0.003830,0.002943,0.049414
0.006717,0.007268,0.044188
0.004707,0.007352,0.035693
0.000794,0.013892,0.021929
-0.000213,0.018266,0.011342
-0.004130,0.017305,0.000709
-0.002198,0.006692,-0.005791
-0.002217,0.004555,-0.005838
-0.004189,0.008809,-0.004802
-0.001300,0.007632,0.005750
-0.005232,0.012977,0.004687
-0.006244,0.014012,0.007879
-0.003380,0.017073,0.021686
-0.002473,0.025642,0.018585
-0.000598,0.037396,0.017667
0.001227,0.029832,0.027179
0.003093,0.024513,0.026133
0.004015,0.014922,0.025016
0.007858,0.004233,0.025979
0.009786,-0.002114,0.020646
0.012682,-0.002201,0.029113
0.018501,-0.000077,0.030200
0.022390,0.004274,0.022843
0.024330,0.002185,0.018608
0.025281,0.009769,0.006982
0.018417,0.015222,-0.004643
0.013522,0.015163,0.000643
0.007668,0.016347,-0.011019
0.006696,0.008933,-0.016383
0.004776,-0.010296,-0.014422
0.004823,-0.019953,-0.009215
0.003885,-0.021032,-0.008177
-0.000953,-0.013543,-0.010248
-0.000911,-0.016736,-0.011371
0.002034,-0.014602,-0.011360
0.001090,-0.009291,-0.009233
0.002093,-0.010356,-0.009271
0.001153,-0.006139,-0.003908
0.001159,-0.001852,-0.005999
0.002141,0.004580,-0.009168
0.006020,-0.000725,-0.012404
0.005043,-0.006119,-0.007208
0.007971,0.001324,-0.005061
0.007973,0.004588,-0.011420
0.007010,0.004589,-0.011399
0.007036,0.007831,-0.015643
0.005125,-0.000631,-0.023152
-0.004590,-0.004817,-0.031712
-0.008427,-0.003730,-0.033845
-0.010343,-0.009101,-0.030750
-0.013241,-0.005976,-0.023323
-0.014202,-0.006074,-0.013809
-0.019072,0.000222,-0.003143
-0.016157,-0.005188,0.004238
-0.013249,-0.002059,0.011713
-0.015221,0.001132,0.012802
-0.013286,-0.006372,0.015906
-0.008434,0.000052,0.013847
-0.008447,0.016186,0.001248
-0.003628,0.020370,0.009788
0.000213,0.018224,0.011930
0.000181,0.021485,0.006736
0.005002,0.012832,0.018389
0.007874,0.005242,0.031153
0.010798,-0.013964,0.031048
0.016666,-0.026856,0.039411
0.019611,-0.022562,0.037367
0.024497,-0.011814,0.030061
0.022542,-0.008534,0.022675
0.021590,-0.010478,0.003544
0.019726,-0.019904,-0.014561
0.019793,-0.032680,-0.017891
0.017961,-0.041091,-0.030711
0.015176,-0.036652,-0.047650
0.013321,-0.031314,-0.047625
0.010480,-0.021765,-0.042257
0.007619,-0.014330,-0.039015
0.006694,-0.024179,-0.014696
0.007742,-0.037079,-0.005280
0.008827,-0.037021,-0.010523
0.009880,-0.031678,-0.011508
0.009958,-0.031571,-0.022118
0.004204,-0.027169,-0.034779
-0.002525,-0.024951,-0.043277
-0.006323,-0.027020,-0.050790
-0.009149,-0.016288,-0.057097
-0.011996,-0.010999,-0.052870
-0.013855,-0.017458,-0.047662
-0.012795,-0.017522,-0.041324
-0.013711,-0.019733,-0.033944
-0.008788,-0.017621,-0.031824
-0.009706,-0.012321,-0.028643
-0.013568,0.000551,-0.034891
-0.016468,0.002710,-0.036960
-0.009631,-0.005957,-0.024309
-0.005684,-0.014513,-0.022234
-0.000766,-0.021003,-0.013772
0.003157,-0.020075,0.000030
0.002225,-0.009326,-0.007262
0.001294,0.000301,-0.009286
-0.001592,0.004691,-0.020900
-0.004474,0.009107,-0.035738
-0.006404,0.011319,-0.043155
-0.007343,0.001724,-0.044320
-0.014133,-0.002591,-0.040098
-0.016042,-0.003722,-0.033748
-0.017934,-0.005888,-0.030570
-0.016931,-0.004936,-0.018862
-0.016915,-0.007090,-0.016745
-0.013968,-0.016864,0.000161
-0.015912,-0.009425,0.003431
-0.017844,0.002347,0.000364
-0.015912,0.001249,0.003551
-0.014939,-0.003074,0.008812
-0.012992,0.005543,0.001501
-0.014950,0.017315,-0.001552
-0.018916,0.024744,0.002778
-0.018960,0.021545,0.002771
-0.012195,0.013943,0.015418
-0.009328,0.013772,0.032387
-0.003547,0.013625,0.047261
0.004172,0.017830,0.053672
0.011894,0.016769,0.053710
0.020606,0.006079,0.055780
0.021531,0.011522,0.045224
0.020548,0.011757,0.021896
0.019560,0.002279,0.009066
0.016676,-0.012492,-0.008054
0.018696,-0.017655,-0.025077
0.015817,-0.012235,-0.033533
0.011966,-0.006856,-0.037723
0.008097,-0.009035,-0.033533
0.001310,-0.003691,-0.034575
-0.008361,-0.003552,-0.048354
-0.010255,-0.007803,-0.050540
-0.012200,-0.001508,-0.039888
-0.016107,0.004841,-0.034534
-0.015136,0.011177,-0.028147
-0.010308,0.009960,-0.013309
-0.007410,0.007633,0.005750
-0.004532,0.014963,0.019608
0.000284,0.024443,0.032466
0.002177,0.024370,0.039899
0.006034,0.015888,0.034541
0.007961,0.006305,0.032349
0.008921,-0.002213,0.030118
0.008976,-0.000843,0.000410
0.008032,-0.002821,-0.015572
0.008021,0.005749,-0.019774
0.005069,0.016524,-0.030318
0.007021,0.017584,-0.029249
0.006976,0.005761,-0.020857
0.005019,-0.001735,-0.017677
0.006022,-0.016811,-0.003980
0.006062,-0.021045,-0.007151
0.004179,-0.017840,-0.007082
0.006161,-0.021009,-0.010285
0.005211,-0.012515,-0.005974
0.003299,-0.009280,-0.009137
0.006257,-0.012504,-0.007064
0.011155,-0.007177,-0.007050
0.007280,0.001446,-0.015463
0.011168,-0.003996,-0.004893
0.008255,-0.003999,-0.004934
0.005389,0.000447,-0.021819
0.005425,-0.014547,-0.016651
0.000616,-0.023060,-0.018813
-0.001243,-0.030489,-0.023150
-0.000186,-0.029436,-0.022114
-0.003031,-0.032640,-0.022177
-0.002959,-0.032685,-0.017960
0.000035,-0.029497,-0.016906
0.002040,-0.024184,-0.014751
0.004035,-0.022070,-0.012597
0.003124,-0.022035,-0.015780
-0.001656,-0.017668,-0.025258
-0.008413,-0.015428,-0.035842
-0.017150,0.000619,-0.039974
-0.024940,0.012352,-0.039897
-0.026889,0.016554,-0.033529
-0.025929,0.010018,-0.019772
-0.021058,-0.001858,-0.006061
-0.013290,-0.000977,0.013094
-0.007481,-0.000044,0.026945
-0.003640,0.003028,0.039741
-0.001717,0.001965,0.039787
0.001180,-0.008727,0.041830
0.002169,-0.008708,0.039673
-0.004604,-0.000911,0.007970
-0.002655,0.006694,-0.005799
-0.002673,0.009935,-0.010050
-0.003639,0.011020,-0.012204
-0.001705,0.005609,-0.004873
0.001187,0.005455,0.009919
0.005063,0.011811,0.014199
0.008967,0.011877,0.007860
0.009905,0.002190,0.016285
0.010833,-0.001045,0.019419
0.010812,0.008695,0.005683
0.010806,0.008835,-0.008090
0.009805,0.002419,-0.007098
0.007851,0.006730,-0.011311
0.012736,0.003593,-0.017649
0.021510,-0.012509,-0.008233
0.029314,-0.029697,0.003288
0.032295,-0.023241,-0.001968
0.028476,-0.008124,-0.018745
0.020710,-0.002744,-0.022929
0.013945,-0.005755,-0.042033
0.009164,-0.014112,-0.060158
0.006315,-0.020507,-0.061303
0.001537,-0.027991,-0.060342
-0.002230,-0.027881,-0.070953
-0.004093,-0.029124,-0.054055
-0.008878,-0.019511,-0.055039
-0.009749,-0.019500,-0.056100
-0.005783,-0.027117,-0.041305
-0.006662,-0.025043,-0.034872
-0.003668,-0.026153,-0.030601
-0.003602,-0.035862,-0.020047
-0.006436,-0.028444,-0.014670
-0.010300,-0.018894,-0.009281
-0.016111,-0.008233,-0.008113
-0.017053,-0.008287,-0.002815
-0.020915,-0.006194,0.001419
-0.020902,-0.008359,0.004597
-0.015060,-0.017061,0.020418
-0.012129,-0.025682,0.028838
-0.006273,-0.027861,0.033007
-0.000413,-0.020465,0.040507
0.003509,-0.011810,0.028924
0.010349,-0.016023,0.023610
0.009420,-0.015910,0.011919
0.005574,-0.012482,-0.010300
0.004605,-0.013485,-0.016668
0.003654,-0.005910,-0.027241
0.001747,0.002660,-0.030343
0.004674,-0.000574,-0.027188
0.003708,-0.005962,-0.021915
0.003767,-0.003829,-0.021910
0.004756,-0.011417,-0.010297
0.005770,-0.022130,-0.006132
0.008746,-0.022205,0.001238
0.007805,-0.013712,0.005543
0.011726,-0.000753,-0.009194
0.013696,-0.003956,-0.009242
0.012743,-0.008133,-0.018813
0.005971,-0.018694,-0.029468
0.002141,-0.032597,-0.026406
-0.003640,-0.035743,-0.031705
-0.003545,-0.030367,-0.035901
-0.007372,-0.025099,-0.029537
-0.009258,-0.018739,-0.025259
-0.009205,-0.022058,-0.013629
-0.013066,-0.014641,-0.008274
-0.017888,-0.010319,-0.013548
-0.016881,-0.011445,-0.008308
-0.018812,-0.007242,-0.001925
-0.023680,-0.008402,0.006471
-0.023654,-0.009515,0.010664
-0.021689,-0.014906,0.017016
-0.016821,-0.024694,0.034935
-0.008041,-0.016245,0.043527
-0.000281,-0.003491,0.048971
-0.001289,0.005074,0.046979
-0.004242,0.008383,0.036417
-0.006219,-0.002269,0.034188
-0.012100,-0.006518,0.032001
-0.014052,-0.005362,0.022422
-0.009205,-0.008600,0.025521
-0.006310,-0.000096,0.028772
-0.004381,-0.001184,0.030885
-0.003442,-0.004403,0.032992
-0.004417,-0.008638,0.029792
-0.003441,-0.023695,0.041326
-0.011211,-0.027939,0.039201
-0.010196,-0.032203,0.039204
-0.007236,-0.036490,0.041317
-0.007193,-0.026831,0.036124
-0.005215,-0.018210,0.027689
-0.004196,-0.015984,0.018167
-0.006126,-0.016926,0.005384
-0.009026,-0.015788,-0.002089
-0.016794,-0.007146,-0.012645
-0.023630,0.000327,-0.012581
-0.022678,0.003496,-0.009377
-0.017822,-0.001956,0.002276
-0.014919,-0.012798,0.019165
-0.012002,-0.013955,0.028760
-0.007163,-0.009812,0.041557
-0.004312,0.004966,0.057618
-0.003419,0.015503,0.071566
-0.005469,0.019722,0.076907
-0.004564,0.018659,0.076960
-0.005605,0.016580,0.071672
-0.003730,0.008069,0.069530
0.000074,-0.006971,0.078915
0.001998,-0.009118,0.079929
0.001003,-0.011097,0.065076
0.003878,-0.011101,0.065027
0.008704,-0.007852,0.059738
0.014467,-0.007938,0.068212
0.009505,-0.004768,0.071409
0.011395,-0.012282,0.075560
0.013280,-0.019797,0.079696
0.015198,-0.019753,0.075466
0.018093,-0.011148,0.068116
0.016110,-0.004691,0.062874
0.012198,-0.011001,0.054334
0.009271,-0.020597,0.053148
0.045251,-0.001169,0.032207
0.085860,0.074212,0.068652
0.022494,0.182212,-0.054013
0.020425,0.124506,-0.047172
0.018276,0.057213,-0.041344
0.016366,0.023215,-0.056489
0.024212,-0.015347,-0.041951
0.034970,-0.045464,-0.018911
0.039924,-0.017622,-0.028190
0.041956,0.016658,-0.040575
0.043874,0.034765,-0.037261
0.036045,0.043413,-0.047748
0.025329,0.027411,-0.047805
0.027270,-0.015371,-0.038642
0.006933,-0.009667,-0.073458
0.006995,-0.030083,-0.059870
0.007022,-0.033353,-0.053559
0.010050,-0.016139,-0.067189
0.015903,-0.011022,-0.045977
0.014986,0.002959,-0.056445
0.017985,-0.001245,-0.062813
0.020955,-0.014112,-0.056532
0.022045,-0.024700,-0.063991
0.026081,-0.031140,-0.059733
0.023291,-0.036546,-0.052283
0.018544,-0.038767,-0.043835
0.011813,-0.028219,-0.032140
0.006040,-0.008973,-0.036278
0.006089,-0.006880,-0.033194
0.008095,-0.016546,-0.028077
0.012072,-0.026083,-0.035684
0.012161,-0.032451,-0.040074
0.008380,-0.040852,-0.054012
0.004632,-0.044849,-0.081705
-0.006879,-0.045613,-0.112559
-0.021300,-0.044308,-0.137036
-0.031808,-0.047358,-0.153068
-0.033543,-0.047234,-0.165849
-0.033323,-0.040951,-0.154178
-0.032174,-0.028318,-0.137111
-0.029074,-0.024213,-0.120029
-0.019205,-0.028759,-0.092487
-0.009371,-0.025793,-0.069102
-0.003466,-0.029339,-0.035226
-0.001486,-0.033883,-0.008856
-0.000466,-0.028595,-0.004635
0.002465,-0.023260,-0.004652
0.003441,-0.006093,-0.014094
-0.001403,0.010151,-0.037233
-0.004281,0.005021,-0.057404
-0.008132,-0.008728,-0.069099
-0.020676,-0.020259,-0.089291
-0.025387,-0.035116,-0.096752
-0.028145,-0.050181,-0.084109
-0.028952,-0.060998,-0.069300
-0.024864,-0.061227,-0.045895
-0.015947,-0.056113,-0.023518
-0.004163,-0.053319,0.016793
