0.015160,0.019814,-0.012613
0.014140,0.012323,-0.010564
0.012145,0.009177,-0.015869
0.009199,0.011395,-0.023281
0.006255,0.015686,-0.025352
0.006188,0.028553,-0.031633
0.006075,0.037064,-0.029449
0.001067,0.041279,-0.024114
-0.001939,0.035926,-0.022054
-0.001032,0.023003,-0.010502
-0.004003,0.017180,-0.065412
-0.008022,0.020863,-0.408571
0.029385,0.016452,-0.392472
0.026386,0.017859,-0.023671
-0.009942,0.022616,0.026432
-0.021792,0.033802,-0.021970
-0.004748,0.037784,0.005579
-0.007133,0.037841,0.000322
0.001507,0.029213,0.009809
0.008099,0.023922,0.005546
0.013485,0.009053,-0.002003
0.012872,0.005894,-0.006275
0.011480,0.017664,-0.009377
0.016727,0.028301,-0.006128
0.020942,0.037918,-0.007106
0.023826,0.034652,-0.000782
0.024746,0.021858,-0.001919
0.027621,0.009109,-0.007295
0.030410,0.004818,-0.005217
0.031216,0.008140,-0.016818
0.034123,0.014697,-0.031597
0.028313,0.014827,-0.044301
0.024395,0.011700,-0.051728
0.024346,0.004243,-0.052826
0.019400,-0.000080,-0.047537
0.017386,-0.001107,-0.051825
0.010481,0.008446,-0.046472
0.005571,0.010549,-0.043264
0.006594,0.000860,-0.034824
0.009659,-0.016214,-0.034980
0.010749,-0.025774,-0.039309
0.006884,-0.024704,-0.039265
0.004004,-0.021405,-0.048780
0.004032,-0.008518,-0.057204
0.004073,0.007518,-0.060261
0.002117,0.024613,-0.062240
0.000076,0.035328,-0.066399
0.000867,0.025734,-0.067551
-0.003205,0.016135,-0.068743
-0.007157,0.004426,-0.072063
-0.013033,0.006635,-0.079472
-0.017991,0.009822,-0.078424
-0.019063,0.011955,-0.078441
-0.016169,0.008698,-0.073184
-0.017173,-0.003203,-0.057399
-0.019177,-0.012977,-0.040500
-0.016340,-0.014172,-0.027763
-0.016403,-0.018576,-0.013966
-0.015425,0.000543,-0.005351
-0.021340,0.018626,0.000057
-0.021488,0.035566,0.013990
-0.017686,0.030222,0.015026
-0.012849,0.019504,0.019149
-0.011905,0.005695,0.012655
-0.010996,0.014310,0.005287
-0.014977,0.030516,-0.014774
-0.015130,0.055211,-0.030514
-0.012372,0.056288,-0.031579
-0.003734,0.044519,-0.028485
0.002044,0.030487,-0.012685
0.007790,0.023960,0.000005
0.008648,0.018562,0.006338
0.004685,0.016367,0.012698
0.008575,0.008899,0.012661
0.014464,0.004683,0.007312
0.018396,-0.000587,0.000920
0.020329,0.016483,0.001070
0.019267,0.018629,0.000042
0.019210,0.021897,-0.006290
0.014294,0.020872,-0.010550
0.012292,0.015519,-0.008441
0.014229,0.013419,-0.011608
0.009320,0.014572,-0.020051
0.004422,0.016741,-0.023174
0.006347,0.015668,-0.022067
0.006352,0.016694,-0.017807
0.002461,0.017815,-0.023103
-0.002422,0.016748,-0.023112
-0.003418,0.022043,-0.018808
-0.003432,0.025126,-0.007123
-0.000513,0.020744,0.004552
-0.002446,0.021693,0.016226
-0.005367,0.019540,0.018336
-0.011222,0.018470,0.018298
-0.015103,0.012123,0.011851
-0.017015,-0.003781,0.001053
-0.015038,-0.005900,-0.000014
-0.010128,0.001623,-0.005261
-0.011112,0.013297,0.001186
-0.009227,0.033551,0.003492
-0.011261,0.036771,0.001385
-0.011327,0.026080,0.003442
-0.008407,0.007848,0.012852
-0.004495,-0.006065,0.017009
-0.001562,-0.004052,0.029779
0.000388,0.016201,0.032072
-0.002564,0.032243,0.027949
-0.005573,0.047257,0.020645
-0.008599,0.051563,0.017554
-0.006712,0.045203,0.013254
-0.001934,0.038780,0.015320
-0.000118,0.049387,0.021772
-0.007100,0.066390,0.028233
-0.010204,0.074921,0.028232
-0.010372,0.072851,0.021797
-0.007543,0.047240,0.021573
-0.002700,0.017320,0.025648
0.004130,-0.000869,0.030857
0.010993,-0.014717,0.028669
0.013944,-0.017915,0.028683
0.012990,0.001309,0.027802
0.012031,0.018435,0.022625
0.012003,0.017376,0.021570
0.015878,0.013077,0.024744
0.022677,0.008750,0.031078
0.026544,0.000216,0.031045
0.024599,0.001213,0.037387
0.020730,0.006664,0.025735
0.017809,0.012068,0.019406
0.015879,0.014330,0.006693
0.018785,0.005893,-0.004011
0.017781,0.011260,-0.007154
0.010904,0.009116,-0.006112
0.011849,0.000622,-0.010424
0.008940,-0.004718,-0.010476
0.004079,-0.012114,-0.017975
0.003102,-0.003539,-0.021093
-0.004735,0.011483,-0.029492
-0.004815,0.020021,-0.029346
-0.003908,0.023097,-0.016566
-0.000066,0.021957,-0.009113
-0.000109,0.024029,-0.002701
-0.002138,0.023940,0.006853
-0.001232,0.020740,0.006846
-0.002217,0.017501,0.009989
-0.002208,0.012259,0.000365
-0.000269,0.010219,-0.009237
-0.001264,0.005951,-0.009268
0.006495,0.010211,-0.008170
0.007460,0.011352,-0.015595
0.006463,0.019866,-0.013419
0.006409,0.018765,-0.010273
0.008291,0.015613,-0.015611
0.004358,0.008097,-0.011474
0.003344,0.002788,-0.013645
0.006253,0.007120,-0.019973
0.004261,0.010372,-0.025249
0.000283,0.015698,-0.024128
-0.003703,0.025312,-0.025105
-0.005743,0.028492,-0.022962
-0.002922,0.030470,-0.007022
-0.000107,0.025029,0.003562
0.003743,0.012076,0.018318
0.008616,0.005670,0.018227
0.004707,-0.001790,0.017109
0.005695,-0.001792,0.017095
0.004750,-0.004851,0.003280
0.004763,-0.004766,-0.005201
0.001845,0.010311,-0.018878
0.002762,0.020009,-0.028370
0.001714,0.026432,-0.030450
-0.004243,0.029609,-0.028335
-0.002416,0.029595,-0.027265
-0.001556,0.029529,-0.020934
-0.006526,0.033734,-0.014566
-0.008591,0.031526,-0.007144
-0.011602,0.022978,-0.006158
-0.008715,0.006902,0.001192
-0.006757,-0.004928,0.010679
-0.004799,-0.006059,0.017029
-0.006734,0.000313,0.020289
-0.006757,0.009876,0.024637
-0.005803,0.013048,0.027876
-0.002896,0.005537,0.032068
-0.002894,0.004482,0.030976
-0.013628,0.007662,0.033133
-0.010735,0.005516,0.034212
-0.006828,0.001206,0.038432
-0.006790,-0.000944,0.039427
-0.001913,0.000145,0.037321
-0.000920,0.003312,0.040504
-0.001872,0.005491,0.036300
-0.003797,0.003421,0.029922
-0.001813,-0.013674,0.031894
0.005072,-0.017933,0.030768
0.000254,-0.014764,0.033972
0.003201,-0.014768,0.033931
0.003287,-0.019040,0.033852
0.005326,-0.017983,0.034887
0.005410,-0.014760,0.032793
0.002525,-0.007157,0.019017
0.001559,-0.000743,0.018019
0.004464,0.005701,0.013788
0.005395,0.007864,0.010576
0.014123,0.014254,0.011672
0.016029,0.009954,0.014824
0.019896,0.004653,0.010508
0.019889,-0.003786,0.000912
0.017911,-0.004740,-0.009695
0.019825,-0.004759,-0.007546
0.024652,0.002778,-0.013805
0.020740,0.006020,-0.018041
0.014827,0.010233,-0.012712
0.015743,0.012334,-0.009518
0.016698,0.000686,-0.019196
0.017649,-0.006732,-0.024587
0.013721,-0.016277,-0.029942
0.012778,-0.032250,-0.033244
0.009906,-0.037523,-0.039671
0.012880,-0.046026,-0.042901
0.011983,-0.047054,-0.046031
0.009155,-0.043893,-0.041732
0.006355,-0.043910,-0.039547
-0.001320,-0.043758,-0.054367
-0.013878,-0.035138,-0.062772
-0.023575,-0.011608,-0.067872
-0.036246,0.004480,-0.076276
-0.034345,0.014037,-0.072010
-0.038314,0.019232,-0.058213
-0.045184,0.012614,-0.037076
-0.046152,0.012453,-0.021197
-0.051987,0.013397,-0.009599
-0.057879,0.022900,-0.000028
-0.056016,0.030176,0.019114
-0.041480,0.036426,0.034025
-0.035709,0.030735,0.070136
-0.034747,0.049901,0.074505
-0.009458,0.040343,0.070225
-0.004708,0.051920,0.087393
-0.004805,0.059535,0.073756
0.011606,0.061765,0.064233
0.026060,0.061794,0.062214
0.039579,0.053353,0.053776
0.052191,0.049296,0.033690
0.056021,0.043035,0.019918
0.057896,0.041025,0.008319
0.054936,0.038987,-0.001249
0.059755,0.041202,-0.009774
0.056778,0.039132,-0.016208
0.054745,0.035923,-0.016333
0.055625,0.034781,-0.010008
0.058486,0.020818,-0.001704
0.062368,-0.010147,0.000140
0.064374,-0.042215,0.005159
0.064504,-0.074132,-0.004642
0.064721,-0.095386,-0.013275
0.062019,-0.087761,-0.028037
0.061187,-0.081079,-0.055533
0.058360,-0.063860,-0.069086
0.043850,-0.047592,-0.094342
0.035149,-0.035603,-0.118573
0.026394,-0.030154,-0.129046
0.018607,-0.029017,-0.135348
0.009850,-0.026944,-0.128936
0.003015,-0.021740,-0.116170
-0.006752,-0.004837,-0.099045
-0.013607,0.007851,-0.087298
-0.018504,0.010868,-0.069281
-0.018533,0.001131,-0.056674
-0.015605,-0.018218,-0.043069
-0.013615,-0.028903,-0.042164
-0.014533,-0.031056,-0.041226
-0.017436,-0.036349,-0.046694
-0.019352,-0.042684,-0.054261
-0.016389,-0.043609,-0.069221
-0.015378,-0.046703,-0.081037
-0.015380,-0.031740,-0.084201
-0.010572,-0.017937,-0.077797
-0.009686,-0.004155,-0.068128
-0.007824,-0.002088,-0.061792
-0.010805,-0.001093,-0.055457
-0.013810,0.000946,-0.045875
-0.014893,0.004163,-0.046889
-0.018870,0.006192,-0.036253
-0.016987,0.008249,-0.028764
-0.014120,0.008197,-0.023445
-0.019024,0.007058,-0.016043
-0.021008,-0.001585,-0.005500
-0.020969,-0.009113,-0.000294
-0.015079,-0.021952,0.002763
-0.012117,-0.015560,0.003873
-0.016971,-0.007089,0.010279
-0.013070,-0.000788,0.020957
-0.010109,-0.011415,0.016634
-0.003220,-0.026331,0.013302
-0.005078,-0.040119,0.004686
-0.003050,-0.041104,-0.003853
-0.001019,-0.028246,-0.009060
-0.006844,-0.020688,-0.017477
-0.006809,-0.014191,-0.026998
-0.005809,-0.012077,-0.024858
-0.005794,-0.018512,-0.021730
-0.001851,-0.019567,-0.022808
-0.002794,-0.027093,-0.017603
0.000189,-0.026116,-0.009097
-0.001692,-0.034672,-0.007022
-0.002559,-0.042111,-0.009156
-0.002421,-0.043172,-0.009082
-0.003285,-0.047545,0.001561
-0.001193,-0.044452,0.013378
0.005757,-0.038116,0.020929
0.004925,-0.032809,0.024200
-0.004696,-0.023260,0.029604
-0.006576,-0.020099,0.033904
-0.001600,-0.010535,0.038224
0.001419,-0.013696,0.033924
-0.000451,-0.011480,0.025442
-0.003314,-0.012484,0.019053
-0.003227,-0.010252,0.009514
-0.003189,-0.001567,-0.005272
-0.007096,0.007019,-0.010543
-0.010044,0.014437,-0.005152
-0.007166,0.017609,-0.001935
-0.006218,0.012306,-0.005165
-0.008174,0.010145,-0.003088
-0.005278,0.001635,-0.005223
-0.006237,0.000614,-0.009449
-0.004280,0.000668,-0.014747
-0.002347,-0.000459,-0.008370
0.000600,-0.001608,0.000150
0.004513,-0.000638,0.009765
0.007452,-0.000730,0.019363
0.013307,0.010952,0.025865
0.010377,0.016236,0.031244
0.013314,0.014099,0.031262
0.021136,-0.000732,0.020542
0.022175,-0.010185,0.005596
0.021226,-0.005866,0.000294
0.021196,0.010222,-0.008075
0.017262,0.036917,-0.010033
0.016183,0.051971,-0.021658
0.014082,0.055244,-0.029098
0.014909,0.049916,-0.030226
0.018684,0.029598,-0.026152
0.019575,0.014662,-0.026234
0.021469,0.012582,-0.031551
0.020419,0.015826,-0.035753
0.019328,0.022282,-0.041002
0.019219,0.033050,-0.050494
0.014200,0.040644,-0.063209
0.016958,0.038537,-0.066430
0.021652,0.034292,-0.068562
0.021527,0.024691,-0.068647
0.024341,0.006510,-0.064527
0.022330,-0.003101,-0.064623
0.015452,-0.008493,-0.059406
0.017385,-0.011701,-0.058360
0.018361,-0.010764,-0.045653
0.015408,-0.000084,-0.046635
0.011466,0.009540,-0.048694
0.006504,0.012770,-0.051862
0.005435,0.010686,-0.057227
0.002446,-0.001000,-0.062641
0.001440,-0.013732,-0.070187
-0.000537,-0.020136,-0.070256
-0.000567,-0.019093,-0.068160
-0.006462,-0.016913,-0.072372
-0.011370,-0.011644,-0.066001
-0.018224,-0.012706,-0.067126
-0.021184,-0.013884,-0.056574
-0.020248,-0.013957,-0.049176
-0.022192,-0.022516,-0.047143
-0.027084,-0.024715,-0.040802
-0.029988,-0.027990,-0.033396
-0.030947,-0.025926,-0.025945
-0.030927,-0.019658,-0.012047
-0.028935,-0.021933,0.001777
-0.029846,-0.028492,0.017678
-0.023908,-0.033939,0.029379
-0.016949,-0.041500,0.038925
-0.016774,-0.048968,0.038902
-0.018549,-0.051088,0.037863
-0.023257,-0.038234,0.033758
-0.024099,-0.030709,0.028546
-0.025944,-0.022103,0.021159
-0.027815,-0.010400,0.024396
-0.026799,-0.007292,0.033980
-0.029671,-0.018133,0.050869
-0.028579,-0.029989,0.062438
-0.022560,-0.043956,0.071887
-0.018470,-0.042982,0.081501
-0.018286,-0.035595,0.090082
-0.013259,-0.022825,0.094499
-0.008263,-0.012096,0.089336
-0.007181,0.000793,0.080967
-0.004186,0.004059,0.074650
0.002693,0.000882,0.072506
0.010563,-0.000163,0.070382
0.020367,-0.003360,0.069295
0.022386,-0.003296,0.062929
0.022439,0.007421,0.058749
0.023459,0.015070,0.040742
0.025416,0.014159,0.024769
0.025418,0.006772,0.016188
0.027364,0.012180,0.008780
0.025392,0.006918,0.001293
0.028301,-0.000533,-0.000915
0.029291,-0.006956,0.001172
0.027369,-0.016474,-0.007372
0.025478,-0.019620,-0.012684
0.020631,-0.013163,-0.017905
0.017709,-0.004592,-0.020986
0.017731,-0.003465,-0.026255
0.017718,-0.001340,-0.025155
0.018689,-0.005575,-0.028376
0.017703,-0.006604,-0.032678
0.015755,-0.005489,-0.037986
0.017673,0.000976,-0.044316
0.018605,0.007449,-0.051721
0.020480,0.009658,-0.059130
0.021367,0.017160,-0.062276
0.020276,0.023603,-0.066499
0.019167,0.034313,-0.070698
0.017074,0.030097,-0.076047
0.017908,0.022626,-0.076141
0.014853,0.011984,-0.079444
0.010859,0.011972,-0.078390
0.006852,0.010895,-0.077338
0.002863,0.008737,-0.075249
-0.003087,0.007638,-0.072082
-0.005131,0.011853,-0.066733
-0.009145,0.009612,-0.056155
-0.009217,0.009481,-0.043451
-0.008285,0.002961,-0.031836
-0.004384,-0.006702,-0.026705
-0.005370,-0.005607,-0.029934
-0.007365,-0.003544,-0.023625
-0.007418,0.003944,-0.025723
-0.006501,0.009351,-0.033202
-0.009483,0.008344,-0.039619
-0.013483,0.010549,-0.047040
-0.018453,0.010570,-0.049162
-0.017602,0.012675,-0.045954
-0.013795,0.000802,-0.032208
-0.007012,-0.008977,-0.014200
-0.007946,-0.030445,-0.001634
-0.008835,-0.043389,0.012104
-0.013579,-0.048784,0.018479
-0.014410,-0.045610,0.021745
-0.015263,-0.041321,0.019682
-0.017088,-0.035979,0.019748
-0.019899,-0.042413,0.022882
-0.017792,-0.047829,0.030264
-0.014681,-0.056417,0.035522
-0.011567,-0.058623,0.042944
-0.009443,-0.055474,0.048291
-0.007313,-0.045891,0.050504
-0.007186,-0.029883,0.050657
-0.008066,-0.018085,0.045502
-0.000169,-0.014869,0.044518
0.005775,-0.015945,0.045626
0.006863,-0.028705,0.041304
0.010886,-0.035039,0.034909
0.010025,-0.034942,0.025367
0.009154,-0.034889,0.020090
0.008298,-0.023035,0.008494
0.008394,-0.019763,0.001068
0.007457,-0.008026,0.001149
0.006503,0.000529,-0.000940
0.006521,0.004796,-0.000923
0.006497,0.011115,0.007592
0.009394,0.008909,0.015042
0.013302,-0.000727,0.018169
0.017250,-0.012512,0.023455
0.017314,-0.018941,0.026672
0.015451,-0.011350,0.015115
0.010626,-0.001628,0.003485
0.005727,0.013426,-0.008097
0.000785,0.028446,-0.016503
-0.001245,0.035968,-0.021770
-0.000361,0.027425,-0.021850
0.000564,0.019913,-0.017664
0.003434,0.007080,-0.014559
0.004367,0.002654,0.001360
0.009228,0.008968,0.011006
0.008246,0.021750,0.013212
0.006259,0.019646,0.010032
0.004298,0.006907,0.003589
0.006272,-0.002601,-0.006073
0.003352,-0.003511,-0.022039
0.002353,0.002855,-0.018855
0.001323,0.011462,-0.026270
-0.000691,0.030719,-0.031477
-0.005689,0.041405,-0.033589
-0.010722,0.045627,-0.029327
-0.009884,0.033761,-0.016698
-0.008985,0.013415,-0.009406
-0.002191,-0.000566,0.001062
-0.004142,-0.002781,0.009537
-0.004137,0.004603,0.018083
-0.003202,0.008923,0.012816
-0.005181,0.013243,0.007520
-0.007150,0.012187,0.006485
-0.005215,0.011150,0.003272
-0.000362,0.016486,0.003305
-0.000405,0.023913,0.007607
-0.008277,0.034602,0.005537
-0.011321,0.043072,0.011936
-0.005592,0.040862,0.019352
-0.000773,0.023693,0.028758
0.004098,0.004466,0.030733
0.006085,-0.010513,0.034881
0.004205,-0.012668,0.037005
0.005211,-0.001922,0.029678
0.004240,0.014185,0.020275
0.007112,0.028164,0.009793
0.008992,0.033550,0.004557
0.010866,0.021795,0.006639
0.014731,0.011100,0.009776
0.016700,-0.005982,0.010722
0.015758,-0.012430,0.014932
0.009957,-0.009239,0.016021
0.008045,-0.004949,0.013915
0.008078,-0.003872,0.012850
0.010052,0.000377,0.015023
0.009105,0.001456,0.013985
0.009108,0.002559,0.009738
0.007131,0.011065,0.013002
0.005167,0.018554,0.012039
0.006123,0.020667,0.014187
0.004151,0.020679,0.013133
0.000234,0.019728,0.001439
-0.003736,0.016638,-0.010294
-0.003797,0.025193,-0.012383
0.000026,0.018833,-0.016697
0.002868,0.018843,-0.017765
0.008675,0.016702,-0.016696
0.011557,0.011378,-0.017796
0.009559,0.013562,-0.023075
0.008503,0.016733,-0.019850
0.005487,0.028515,-0.024013
0.002473,0.037113,-0.030339
-0.002545,0.041341,-0.026030
-0.002657,0.033821,-0.020749
-0.000773,0.019852,-0.011314
-0.002748,0.002725,-0.006158
-0.007622,-0.010141,0.000124
-0.008555,-0.006907,-0.003024
-0.012450,0.011305,-0.010334
-0.011520,0.026234,-0.009136
-0.010618,0.029474,-0.013365
-0.009695,0.029515,-0.017636
-0.009784,0.022087,-0.021967
-0.014725,0.017797,-0.019889
-0.014807,0.023055,-0.012443
-0.013933,0.042145,-0.000618
-0.013098,0.058048,0.010117
-0.007406,0.062156,0.026069
-0.001663,0.054633,0.031330
-0.002709,0.024774,0.028947
-0.002729,0.006698,0.022415
0.000184,0.004630,0.016052
0.005013,0.017507,0.008723
0.006928,0.027089,0.010915
0.008781,0.032457,0.007786
0.012628,0.029246,0.008833
0.012580,0.012131,0.012941
0.014523,0.001461,0.012869
0.017483,-0.009170,0.008546
0.014616,-0.009074,-0.001003
0.009756,-0.010054,-0.009522
0.006833,-0.003643,-0.010555
0.011682,0.003793,-0.007320
0.015548,0.011184,0.000117
0.016508,0.007899,0.008577
0.019452,-0.002803,0.011680
0.015595,-0.008023,-0.000030
0.013660,-0.009998,-0.015963
0.009729,0.003984,-0.026453
0.009673,0.008339,-0.034890
0.013511,0.009494,-0.043356
0.011494,0.014841,-0.044356
0.008496,0.009511,-0.045447
0.007454,-0.000134,-0.041260
0.002578,-0.014083,-0.032860
0.000659,-0.022576,-0.037158
-0.004166,-0.017253,-0.036057
-0.011967,-0.005596,-0.027418
-0.011013,0.000712,-0.017785
-0.007118,0.009183,-0.011372
-0.009083,0.010215,-0.008221
-0.011060,0.008004,-0.000834
-0.015946,0.002692,-0.003010
-0.017907,0.001692,-0.010536
-0.016954,-0.000393,-0.015880
-0.014070,0.004930,-0.014793
-0.011177,0.007000,-0.008408
-0.011216,0.006949,-0.003075
-0.012186,0.009105,-0.005186
-0.009289,0.012265,-0.000907
-0.008362,0.013300,0.002314
-0.006429,0.013288,0.003354
-0.003571,0.018624,0.003372
-0.001672,0.023960,0.003425
0.000235,0.021838,0.002352
0.002139,0.015465,-0.000914
0.005023,0.015465,-0.000907
0.004984,0.013375,-0.005149
0.006900,0.012265,-0.000907
0.007858,0.001594,-0.000987
0.003955,-0.001653,0.003195
0.003938,-0.003851,0.009542
0.001046,0.004697,0.008542
0.002028,0.005795,0.005354
0.003933,0.008966,0.008579
0.001983,0.007816,0.017085
0.006863,0.001460,0.012805
0.011727,0.005740,0.011788
0.007819,0.012116,0.013975
0.008757,0.015374,0.008733
0.010686,0.016526,0.000261
0.009665,0.016579,-0.005058
0.007681,0.014464,-0.007219
0.012504,0.011316,-0.012552
0.010530,0.008127,-0.013685
0.012449,0.009193,-0.013696
0.010443,0.011281,-0.009432
0.009419,0.010192,-0.007327
0.006493,0.004885,-0.010576
0.005502,-0.001486,-0.013808
0.004510,-0.005718,-0.017009
0.004500,-0.001417,-0.020147
0.007408,0.000698,-0.017986
0.006398,-0.000440,-0.010527
0.006390,-0.004708,-0.010536
0.008387,-0.012134,-0.014832
0.004503,-0.013188,-0.015889
0.000598,0.000748,-0.022140
-0.004306,0.012534,-0.027391
-0.003425,0.018901,-0.024200
-0.000586,0.014534,-0.014694
0.002312,0.004866,-0.008405
0.007197,-0.005914,0.003219
0.004318,-0.018717,0.003135
-0.001461,-0.026132,-0.002193
-0.003372,-0.017532,-0.008492
-0.004331,-0.002563,-0.011543
-0.005346,0.012387,-0.012480
-0.006354,0.016613,-0.008185
-0.003467,0.013307,0.002418
-0.002496,0.000517,0.001229
-0.002491,-0.003827,0.008612
-0.005391,-0.001707,0.009679
-0.006372,0.000429,0.009718
-0.009261,0.000397,0.012922
-0.006324,0.003608,0.011868
-0.007299,0.005741,0.011887
-0.002447,0.011045,0.015117
0.001446,0.007775,0.022514
-0.002443,0.001399,0.019213
-0.003422,-0.001731,0.011745
-0.004396,0.005778,0.007517
-0.005380,0.013340,-0.002008
-0.002494,0.015526,-0.007308
-0.000615,0.019769,-0.005176
-0.001664,0.029363,-0.004024
0.001167,0.022825,0.009719
0.004046,0.009947,0.017062
0.008943,-0.000733,0.018044
0.012860,-0.003963,0.021240
0.013856,-0.007143,0.019119
0.014864,-0.001753,0.013881
0.013902,0.006899,0.002271
0.012887,0.010220,-0.009330
0.015775,0.013487,-0.015676
0.012808,0.012477,-0.020949
0.013726,0.016713,-0.017693
0.010773,0.012420,-0.015649
0.006856,0.008157,-0.015710
0.005845,0.006010,-0.014689
0.005803,0.008109,-0.011485
0.005760,0.010188,-0.006183
0.004791,0.003836,-0.011585
0.003795,0.002834,-0.017947
0.005687,0.010288,-0.016868
0.002715,0.019934,-0.021042
0.004571,0.025301,-0.024200
0.002534,0.021002,-0.021041
0.001473,0.015675,-0.022140
0.001430,0.002839,-0.019049
-0.000516,-0.011041,-0.018067
0.002437,-0.017485,-0.013851
-0.001433,-0.018534,-0.016003
-0.003357,-0.012153,-0.013832
-0.001397,-0.001511,-0.010585
-0.004344,0.007076,-0.015850
-0.005341,0.009162,-0.011592
-0.005360,-0.001570,-0.005278
0.001474,-0.013381,0.002039
0.000540,-0.017682,0.005178
-0.003310,-0.011256,0.003097
-0.003307,-0.000564,0.001061
-0.002363,0.013362,-0.004137
-0.004352,0.017649,-0.006249
-0.002469,0.014427,-0.004155
0.002383,-0.002693,-0.000045
0.008271,-0.018749,0.005133
0.012252,-0.030516,0.008262
0.008440,-0.024111,0.008346
0.005568,-0.015512,0.002033
0.001679,0.001647,-0.006299
-0.001279,0.014547,-0.015757
-0.002303,0.022048,-0.018881
-0.001396,0.017780,-0.018918
-0.002433,0.013481,-0.015773
-0.000516,0.005894,-0.004168
-0.000523,0.000441,0.007464
0.000469,-0.002813,0.012741
-0.000468,-0.001757,0.013797
-0.002406,0.005628,0.022350
-0.001426,0.003609,0.010654
-0.001430,0.004706,0.007460
0.003412,0.006877,0.004301
0.005365,0.003739,-0.002093
0.008275,-0.004757,-0.006375
0.003396,-0.004670,-0.014843
0.002407,0.003900,-0.017959
0.001382,0.009228,-0.016816
0.002312,0.014542,-0.014633
-0.003554,0.016665,-0.013561
-0.003595,0.013386,-0.006175
-0.003632,0.013311,0.001245
-0.007576,0.015435,0.002282
-0.004688,0.010036,0.008609
0.000168,0.009970,0.014990
0.005046,0.007858,0.012870
0.004075,0.010012,0.010753
0.002090,0.007985,0.000131
0.001077,0.009140,-0.008335
0.000076,0.013452,-0.012534
0.001976,0.016675,-0.014629
0.000942,0.017741,-0.014633
0.000873,0.015586,-0.012530
-0.000153,0.014489,-0.009329
0.001781,0.009097,-0.004069
-0.000175,0.006932,-0.000891
-0.002127,0.006921,0.000163
-0.001160,0.001555,0.003313
0.001754,0.000482,0.004377
-0.001164,0.005836,0.002260
-0.001192,0.014442,-0.005111
-0.005165,0.022958,-0.002908
-0.005230,0.024050,-0.005007
-0.003335,0.017603,-0.000840
-0.006304,0.012195,0.006561
-0.001450,0.004715,0.007564
0.000495,-0.002897,0.021314
0.002494,-0.002903,0.022430
0.000579,-0.006065,0.019224
0.000610,-0.002864,0.019245
-0.003293,0.017379,0.022641
-0.006240,0.000420,0.010793
0.008382,0.016410,0.013138
0.006450,0.004535,0.026856
0.003524,0.008842,0.023744
0.000575,0.009843,0.030085
0.000588,0.002353,0.032148
0.004555,-0.001876,0.027825
0.002655,0.004575,0.022557
-0.000276,0.002492,0.017212
0.000696,0.002513,0.015076
-0.000248,-0.007081,0.013917
0.005623,-0.011407,0.019165
0.010538,-0.007193,0.024479
0.012522,-0.000781,0.023468
0.007670,-0.001764,0.014963
0.005746,-0.007002,0.005353
0.001865,-0.012230,-0.005297
0.006759,-0.013269,-0.008495
0.012609,-0.007995,-0.002062
0.015540,-0.006918,-0.003106
0.010675,0.000581,-0.006258
0.004821,-0.000473,-0.007337
-0.000052,-0.005755,-0.012681
0.001944,-0.013206,-0.014896
0.000999,-0.016473,-0.008579
0.003952,-0.016507,-0.005409
0.001048,-0.009029,-0.006426
-0.001860,-0.011195,-0.003282
-0.003794,-0.009029,-0.006447
-0.006710,-0.007918,-0.010689
-0.003800,0.007014,-0.009463
-0.010646,-0.003565,-0.019118
-0.001905,0.011324,-0.013648
-0.005850,0.000542,-0.002044
-0.006836,0.003692,0.003317
-0.008772,-0.000654,0.010679
-0.010677,-0.003910,0.015942
-0.007721,-0.002893,0.020149
-0.006732,-0.004004,0.024369
-0.002794,-0.012593,0.029599
0.002158,-0.025344,0.024196
0.002233,-0.026400,0.023147
0.004261,-0.024212,0.017875
0.005317,-0.013472,0.011608
0.003422,-0.002673,-0.001024
0.005351,0.004879,-0.009460
0.002385,0.004868,-0.008399
0.005279,0.005872,-0.002017
0.006270,0.004762,0.002218
0.006281,0.001530,0.005358
0.003375,-0.000614,0.006408
0.000461,-0.003825,0.007419
0.005352,-0.009160,0.007386
0.007307,-0.010242,0.008425
0.007347,-0.000586,0.003190
0.005408,0.001602,-0.002096
0.006337,0.005935,-0.008425
0.005325,0.002712,-0.006317
0.014089,-0.000541,-0.001012
0.015079,-0.009063,-0.002120
0.011232,-0.010131,-0.002137
0.011236,-0.009001,-0.008472
0.009298,-0.002523,-0.015836
0.007341,0.005056,-0.026374
0.003383,0.011522,-0.032698
0.002335,0.009376,-0.031642
0.002311,-0.001316,-0.029599
0.003315,-0.011016,-0.020155
0.001382,-0.015317,-0.017016
-0.001538,-0.010026,-0.012760
-0.004454,-0.005800,-0.008472
-0.005440,-0.000500,-0.005248
-0.003488,0.000576,-0.006328
0.002354,-0.000461,-0.008434
0.003329,-0.003648,-0.009467
0.001389,-0.001495,-0.011577
-0.001557,0.006037,-0.017898
-0.003568,0.013472,-0.014670
0.000264,0.019840,-0.011473
0.007028,0.015510,-0.005124
0.009950,0.000508,0.001140
0.010952,-0.018685,-0.000034
0.004192,-0.027135,-0.008576
0.000362,-0.026016,-0.013850
-0.002537,-0.019572,-0.018058
-0.004468,-0.007836,-0.017955
-0.005443,-0.002543,-0.013672
-0.005448,0.000600,-0.007287
-0.007390,-0.002656,-0.002023
-0.009341,-0.000610,0.006499
-0.011277,-0.000642,0.009689
-0.008342,-0.004986,0.018186
-0.004400,-0.003970,0.023528
-0.001432,-0.006140,0.026715
-0.000424,0.001328,0.026752
0.000559,0.007806,0.019395
0.001524,0.008957,0.010896
-0.001420,0.009022,0.004487
-0.001434,0.006866,0.006590
0.002451,0.001530,0.006543
0.005409,-0.002772,0.009668
0.003473,-0.002821,0.013886
0.000549,0.000294,0.022389
0.000559,0.006702,0.022421
0.004468,0.006678,0.024509
0.009362,0.000303,0.021250
0.011330,-0.001734,0.011703
0.014261,-0.006970,0.002113
0.013306,-0.011163,-0.005344
0.014288,-0.002492,-0.019047
0.015232,0.002910,-0.025346
0.014210,0.002974,-0.031684
0.013205,0.008342,-0.034813
0.009254,0.009455,-0.039077
0.009197,0.007255,-0.032751
0.007200,0.002945,-0.028523
0.005212,-0.000300,-0.024321
0.002309,0.001778,-0.019003
0.001326,0.003830,-0.010462
-0.000644,0.003796,-0.007278
-0.001637,0.000656,-0.013693
-0.002654,0.006022,-0.016864
-0.006610,0.019925,-0.019940
-0.006696,0.030600,-0.019847
-0.005832,0.028466,-0.019859
-0.003955,0.016687,-0.015690
-0.003976,0.001706,-0.011556
-0.003014,-0.007919,-0.009496
-0.005917,-0.005774,-0.010539
-0.006895,0.003841,-0.011523
-0.009879,0.018812,-0.014589
-0.008962,0.020943,-0.014570
-0.009015,0.013388,-0.006147
-0.008059,-0.002678,0.000092
-0.006068,-0.010242,0.009596
-0.004077,-0.016727,0.018049
-0.005974,-0.010379,0.023389
-0.007880,-0.008208,0.019151
-0.006867,-0.005029,0.021294
-0.005854,-0.009276,0.019121
-0.001913,-0.003907,0.016005
-0.000934,0.000363,0.016035
0.000035,0.016371,0.016189
-0.000994,0.022761,0.017321
0.000896,0.024823,0.024794
0.007684,0.017346,0.025803
0.009644,0.008796,0.026768
0.012595,-0.000818,0.027774
0.013614,-0.003001,0.033115
0.014639,-0.010413,0.027765
0.013732,-0.009293,0.022462
0.010857,-0.002833,0.016119
0.010844,0.008986,0.007678
0.009840,0.013371,-0.004019
0.003979,0.016643,-0.011460
0.003952,0.007035,-0.011578
0.006849,-0.004713,-0.010598
0.006862,-0.014329,-0.009628
0.004955,-0.016464,-0.009661
0.004951,-0.008985,-0.010649
0.003002,0.001602,-0.002061
0.001024,0.007998,-0.000931
0.003913,0.009065,-0.000922
0.003910,0.001573,0.001136
0.003919,-0.011209,-0.001064
0.003943,-0.012212,-0.007446
0.001022,-0.013226,-0.012767
-0.003849,-0.004637,-0.018019
-0.002899,0.001710,-0.012686
-0.000971,0.008078,-0.009438
-0.000975,0.013380,-0.006236
-0.001027,0.008016,-0.003094
-0.003971,0.000495,0.002166
-0.001040,-0.010229,0.007392
0.000979,-0.021966,0.007310
0.003983,-0.016567,0.000998
0.000113,-0.009042,-0.004221
-0.003779,-0.002596,-0.008395
-0.006708,0.003957,-0.023180
-0.007730,0.010426,-0.029505
-0.012665,0.021107,-0.030493
-0.014700,0.025278,-0.020906
-0.014770,0.026260,-0.012402
-0.016795,0.022940,-0.000794
-0.019769,0.015301,0.016138
-0.020755,0.009891,0.023525
-0.020730,0.005496,0.036234
-0.015836,0.003284,0.043643
-0.008982,0.004351,0.043659
-0.008000,0.007590,0.040488
-0.007986,0.007663,0.033047
-0.002138,0.007701,0.028805
0.002742,0.010966,0.022467
0.007603,0.006730,0.019254
0.006609,0.007767,0.022467
0.010520,0.004549,0.024588
0.013478,0.003470,0.025626
0.016440,-0.000748,0.020284
0.015461,0.004607,0.018188
0.015457,0.011063,0.012939
0.014479,0.018573,0.008740
0.016387,0.017590,0.000236
0.018283,0.016480,0.004464
0.017276,0.009000,0.005473
0.020179,0.004724,0.006532
0.020198,-0.001675,0.006488
0.019234,-0.003797,0.005423
0.017286,0.001602,-0.000904
0.016288,0.012371,-0.010346
0.010397,0.024266,-0.026179
0.006403,0.031786,-0.031453
0.010149,0.029630,-0.029335
0.013938,0.026388,-0.025099
0.017771,0.010360,-0.023124
0.019677,0.001793,-0.019994
0.016731,-0.002480,-0.018973
0.013787,-0.001327,-0.027445
0.009846,-0.001299,-0.030612
0.008838,0.002982,-0.031615
0.009764,0.009456,-0.038985
0.009693,0.011644,-0.044272
0.003768,0.012683,-0.041052
-0.002160,0.007337,-0.040024
-0.004135,0.005190,-0.038988
-0.008064,-0.002334,-0.033762
-0.010022,-0.004520,-0.028512
-0.009067,-0.006719,-0.022178
-0.011997,-0.006789,-0.015824
-0.015887,-0.000484,-0.006247
-0.017828,0.000564,-0.004110
-0.015884,-0.000504,-0.004140
-0.016860,-0.005832,-0.005239
-0.017840,-0.006903,-0.005290
-0.015870,-0.009090,-0.000018
-0.014875,-0.008025,-0.000036
-0.013876,0.003692,0.002167
-0.012930,0.007925,0.005339
-0.011997,0.015385,0.006450
-0.012009,0.008949,0.009557
-0.008128,0.003536,0.016924
-0.004234,-0.007159,0.018925
-0.002261,-0.008289,0.025296
-0.003211,-0.006099,0.020037
-0.001251,-0.000707,0.014792
-0.001254,0.008898,0.014889
-0.003238,0.007863,0.011711
-0.002270,0.006787,0.012791
0.001630,0.001356,0.022286
0.002659,-0.011522,0.029629
0.005645,-0.017999,0.037057
0.003784,-0.015894,0.040293
0.003871,-0.010501,0.035068
0.002998,-0.008300,0.028749
0.004035,-0.008224,0.021328
0.001207,-0.013388,0.004319
0.002223,-0.012297,0.002220
0.001265,-0.010205,0.006490
0.001311,-0.008043,0.003305
-0.000601,-0.007052,0.010714
-0.001554,0.002499,0.016082
-0.000561,0.000299,0.022415
0.000438,0.001339,0.024506
0.004348,-0.007241,0.028669
