-0.000869,-0.001348,0.008081
0.002371,0.008504,0.011142
0.000650,0.012291,0.010807
0.000528,0.020140,0.013605
0.002310,0.023656,0.015640
0.004920,0.020633,0.016779
0.003180,0.022232,0.013599
0.001714,0.020933,0.018751
-0.001671,0.020019,0.018658
0.000950,0.014396,0.021631
0.003687,0.009347,0.024854
0.003901,0.008495,0.020501
0.002045,0.006536,0.021127
0.001639,0.006859,0.022113
-0.002497,0.014084,0.021925
-0.002202,0.016017,0.019076
-0.001504,0.022846,0.030272
-0.005694,0.030686,0.034592
-0.010617,0.039038,0.034727
-0.010061,0.049649,0.022664
-0.011657,0.054031,0.013241
-0.009742,0.056455,0.006584
-0.012286,0.046999,0.010420
-0.013854,0.033083,0.010876
-0.015376,0.013436,0.009003
-0.011145,0.003481,0.194766
0.006417,-0.031087,0.431529
0.006625,-0.043989,0.199125
-0.006177,-0.020961,0.015646
-0.006568,-0.000204,-0.008389
-0.005303,0.022085,-0.024571
-0.005499,0.026467,-0.019011
-0.003874,0.027026,-0.018098
-0.000056,0.020305,-0.015009
0.002847,0.003453,-0.017942
0.003016,-0.006147,-0.019395
0.000182,-0.007065,-0.021279
0.004855,-0.002497,-0.012992
0.002557,0.005350,-0.002068
0.003147,0.015873,0.001973
0.004116,0.020748,0.003192
0.005820,0.021898,0.006662
0.002998,0.016796,0.004222
0.004730,0.011355,0.007275
0.004602,0.003320,-0.002065
0.003933,-0.005907,-0.001492
0.003197,-0.001213,-0.009695
0.004139,0.005765,-0.006848
0.000706,0.018525,-0.001485
-0.000376,0.029740,-0.000360
-0.001172,0.031397,-0.000650
0.000146,0.035663,-0.003233
-0.001855,0.034243,-0.006495
0.000159,0.039197,-0.008771
0.003942,0.048746,-0.005133
0.002431,0.060297,-0.005147
0.002385,0.073391,-0.006193
0.001572,0.075030,-0.005482
0.006503,0.071150,0.003543
0.008354,0.055082,0.003661
0.008040,0.032103,0.002576
0.009097,0.009213,-0.004256
0.007610,-0.014038,-0.002238
0.006022,-0.026625,-0.005992
0.004629,-0.032159,0.003849
0.003590,-0.030080,0.014981
0.002232,-0.022760,0.017268
0.004532,-0.015866,0.013554
0.002241,-0.007701,0.014859
0.002297,-0.002069,0.016168
0.001019,-0.002493,0.016109
-0.000243,-0.000540,0.012206
-0.003747,-0.001195,0.008142
-0.003817,-0.000757,0.010065
-0.004446,-0.003061,0.009230
-0.003822,-0.001866,0.011434
-0.002147,-0.000226,0.004482
-0.003504,0.002651,0.006256
-0.003395,0.003476,0.009484
-0.001224,-0.002587,0.011852
-0.000084,-0.013760,0.007603
0.003456,-0.015800,0.002523
0.002944,-0.004593,-0.000646
-0.002188,0.009792,-0.003117
-0.002989,0.027104,0.001945
-0.007547,0.031786,0.006809
-0.004437,0.022203,0.010045
-0.000382,0.006181,0.004563
0.004073,-0.012923,0.002160
0.003632,-0.021846,-0.004187
0.002162,-0.018797,0.000223
0.001401,-0.009038,0.007224
-0.002371,-0.001808,0.013656
0.002188,-0.000507,0.015840
0.002750,0.003454,0.014428
0.003952,0.003383,0.014521
0.002141,0.005023,0.009235
0.000366,0.007745,0.013644
-0.002494,0.005610,0.018635
-0.004588,0.003799,0.021065
-0.007040,0.004889,0.021953
-0.007279,0.007136,0.017627
-0.006114,0.011755,0.009434
-0.010076,0.011116,0.011084
-0.010432,0.005847,0.005669
-0.011802,-0.004788,-0.001631
-0.009949,-0.017510,-0.004042
-0.008036,-0.022621,-0.007800
-0.005139,-0.027117,-0.008228
-0.002655,-0.022736,-0.005351
-0.004388,-0.013501,-0.006603
-0.003122,-0.005005,0.000390
-0.003125,0.002919,-0.005280
0.000865,0.009344,-0.011915
-0.000659,0.015529,-0.016625
0.000356,0.030820,-0.014990
-0.000048,0.034135,-0.006502
0.002914,0.026048,-0.002891
0.005297,0.002673,0.000625
0.010049,-0.020163,-0.000893
0.010371,-0.035473,-0.009234
0.008322,-0.033647,-0.003482
0.003296,-0.020630,-0.003735
0.000469,-0.001786,0.001531
-0.000468,0.012252,0.010836
-0.003115,0.021378,0.007656
-0.005676,0.019033,0.009293
-0.003761,0.006660,0.006986
-0.002342,-0.010622,-0.001833
-0.000988,-0.020071,-0.006576
-0.000837,-0.027413,-0.014080
-0.003466,-0.033738,-0.018010
-0.003279,-0.035742,-0.016079
-0.005494,-0.033337,-0.017900
-0.005108,-0.025340,-0.014121
-0.006269,-0.015441,-0.012648
-0.005134,-0.006383,-0.009800
-0.005158,-0.000646,-0.009223
-0.004199,0.003521,-0.010213
-0.006103,0.007686,-0.010759
-0.004680,0.002361,-0.008898
-0.002929,-0.002077,-0.010620
-0.002184,-0.006155,-0.012639
-0.002775,-0.007499,-0.014792
-0.002843,-0.008205,-0.015057
-0.002130,-0.007389,-0.016328
0.000299,-0.001150,-0.016835
0.001776,0.001784,-0.014483
-0.001057,0.005638,-0.012453
-0.000130,0.006864,-0.006926
0.002326,0.003682,-0.009482
-0.000716,-0.001694,-0.006054
-0.001347,-0.001434,-0.007408
-0.002719,0.002189,-0.010363
0.001009,0.004489,-0.008598
-0.000434,0.005310,-0.007174
-0.001921,0.002688,-0.005072
0.000451,0.000807,-0.005043
-0.002682,-0.011063,-0.005214
0.001685,-0.020676,-0.008644
-0.000150,-0.025388,-0.013369
-0.000760,-0.025207,-0.023174
-0.001127,-0.019427,-0.024564
-0.002499,-0.007552,-0.018965
-0.005830,-0.001435,-0.014401
-0.006247,0.003180,-0.013011
-0.004521,0.002223,-0.008566
-0.003498,-0.003051,-0.010099
-0.004681,-0.007776,-0.018482
-0.003002,-0.004449,-0.018541
-0.000500,0.005620,-0.017367
-0.000956,0.013787,-0.010828
0.001471,0.017592,-0.007961
0.004329,0.014626,-0.007752
0.006585,0.007938,-0.008971
0.005077,0.000088,-0.007208
0.003238,-0.004956,-0.004284
0.001301,-0.009073,-0.003407
0.000536,-0.009073,-0.000398
0.006024,-0.002817,0.006686
0.005028,0.001094,0.006817
0.005863,0.008650,0.007826
0.000432,0.006826,0.005839
-0.000094,0.002725,-0.003197
0.001531,-0.001811,-0.002636
0.000173,-0.003954,-0.007649
-0.001491,-0.013236,0.000005
-0.002507,-0.018674,0.004831
-0.001190,-0.023933,0.010952
0.000173,-0.024220,0.009986
0.004711,-0.028750,0.010854
0.003778,-0.025699,0.001237
0.001899,-0.018005,-0.007154
-0.000849,-0.008215,-0.006731
0.000261,-0.002626,-0.003554
0.004588,0.002719,-0.002448
0.001057,-0.002316,0.002510
0.002754,-0.010547,0.004224
0.000610,-0.018039,0.010845
-0.000489,-0.022511,0.015095
-0.000252,-0.025827,0.014918
-0.001247,-0.024534,0.007287
-0.005037,-0.020319,0.006127
-0.007891,-0.011596,0.004693
-0.008714,0.001216,0.003424
-0.010704,0.009193,0.002786
-0.014941,0.010392,0.007183
-0.015344,0.003100,0.007440
-0.010667,0.000054,-0.001899
-0.007527,0.000600,-0.006319
-0.008689,0.006416,-0.005360
-0.006493,0.014803,-0.004755
-0.006496,0.014890,-0.000291
-0.003770,0.014114,-0.006355
0.000119,0.011696,-0.007915
0.004525,0.004632,-0.005306
0.003398,0.002748,-0.007267
0.003502,0.002526,-0.003681
0.002026,0.005198,-0.006491
0.002487,0.005996,-0.004383
0.004159,0.006935,-0.001205
0.004006,0.005645,0.005615
0.008023,0.006298,0.007516
0.007345,0.010406,0.005196
0.006140,0.013043,0.009360
0.007275,0.015967,0.006949
0.007423,0.009431,0.007104
0.009012,0.007611,0.004212
0.004213,-0.003419,0.006201
0.012982,-0.006633,0.008648
0.007935,-0.009762,0.009904
0.005471,-0.013375,0.015325
0.002979,-0.015309,0.022000
0.003706,-0.017541,0.020179
0.007202,-0.019777,0.015106
0.007389,-0.014320,0.017086
0.004048,-0.008043,0.022561
-0.001537,-0.003865,0.024612
0.001117,-0.005866,0.024118
0.007657,-0.011297,0.024634
0.008909,-0.011774,0.021977
0.009282,-0.005698,0.026252
0.007622,-0.003357,0.026049
0.007468,0.006917,0.029605
0.004999,0.009136,0.031005
0.002790,0.007703,0.031727
0.000029,0.003720,0.032687
-0.001555,-0.000937,0.031798
-0.003170,-0.003318,0.033575
-0.003238,-0.009573,0.035007
-0.004882,-0.011446,0.038481
0.003039,-0.012183,0.032789
-0.005180,-0.001235,0.028622
-0.007607,0.003671,0.026880
-0.010257,0.010832,0.035092
-0.012824,0.012933,0.031132
-0.010454,0.009989,0.022153
-0.012385,0.008302,0.018984
-0.011345,0.009300,0.007265
-0.014079,0.012328,0.008355
-0.014127,0.019187,0.012922
-0.015626,0.026427,0.018161
-0.016181,0.029517,0.022222
-0.015637,0.029211,0.012647
-0.012877,0.023038,0.009869
-0.011272,0.011222,0.001664
-0.008718,-0.000590,-0.007600
-0.009516,-0.008539,-0.010828
-0.005086,-0.007943,-0.005611
-0.007087,-0.003460,-0.005090
-0.008965,0.008012,0.000664
-0.009091,0.021492,0.003865
-0.006967,0.032642,-0.000378
-0.006813,0.028481,-0.010577
-0.007637,0.020312,-0.020145
-0.006329,0.013742,-0.031178
-0.005548,0.006860,-0.032134
-0.003022,0.005204,-0.028684
0.000028,0.005690,-0.025821
-0.002002,0.006752,-0.020339
-0.003114,0.001702,-0.018063
-0.001441,-0.005134,-0.012262
0.001099,-0.008659,-0.009241
0.000320,-0.000467,-0.011874
-0.001853,0.014927,-0.016425
-0.004171,0.025027,-0.017427
-0.007951,0.033766,-0.014094
-0.006674,0.029789,-0.014563
-0.008809,0.025227,-0.013502
-0.004804,0.019385,-0.018222
-0.004817,0.013835,-0.023127
-0.000158,0.011573,-0.027201
0.001683,0.005964,-0.030438
0.002035,0.002571,-0.028439
0.000198,-0.002574,-0.029065
0.000479,-0.000134,-0.031920
0.002082,0.004255,-0.028070
0.002090,0.016928,-0.020105
0.003935,0.022239,-0.018713
0.002847,0.021333,-0.013097
0.002591,0.016411,-0.012968
0.003376,0.004070,-0.012041
0.004459,-0.004852,-0.015752
0.005333,-0.012384,-0.011249
0.002620,-0.007506,-0.012981
0.003461,-0.007079,-0.012731
0.004167,-0.006553,-0.010155
0.002042,-0.006132,-0.010261
0.000965,-0.007738,-0.011842
0.001562,-0.015344,-0.011299
0.001496,-0.013540,-0.012592
-0.000328,-0.014742,-0.014122
0.001396,-0.004063,-0.018897
-0.001198,0.009416,-0.015818
-0.003527,0.017590,-0.010719
-0.002940,0.015239,-0.002423
-0.006712,0.006491,-0.003781
-0.001378,-0.003439,-0.006921
-0.001387,-0.008321,-0.006512
-0.000407,-0.005125,-0.010304
-0.001155,-0.008702,-0.010365
-0.001526,-0.009706,-0.008448
-0.001582,-0.014540,-0.011442
0.001636,-0.015935,-0.017204
0.001912,-0.006732,-0.021148
-0.002176,0.000477,-0.016459
-0.001557,0.010044,-0.015466
-0.002529,0.010026,-0.008151
0.000253,0.002900,-0.008269
0.001262,-0.007089,-0.010918
0.004144,-0.015137,-0.012202
-0.001157,-0.013601,-0.007995
-0.002136,-0.009645,-0.005718
-0.000502,-0.002553,-0.001428
0.000139,0.004076,-0.003337
0.001783,0.009232,-0.000921
0.002989,0.007657,-0.000225
0.005105,0.007344,-0.003763
0.003655,0.000054,-0.008796
0.002449,-0.009776,-0.003547
0.002577,-0.009773,-0.009971
0.002664,-0.001658,-0.003567
0.001538,0.007135,0.000961
-0.000601,0.016991,0.007632
-0.000570,0.024319,0.014319
-0.000464,0.021874,0.014831
0.003489,0.016066,0.004644
0.002035,0.011127,0.002974
-0.001970,0.012160,0.001621
-0.003264,0.007268,0.002837
-0.003467,0.000717,0.006813
-0.005129,-0.007581,0.011318
-0.002526,-0.012638,0.015076
-0.006004,-0.018661,0.009838
-0.005891,-0.014198,-0.001880
-0.006689,-0.002865,-0.008863
-0.004757,0.006202,-0.011687
-0.002476,0.014065,-0.011100
-0.004407,0.018469,-0.006557
-0.002193,0.016301,-0.001414
-0.000343,0.014455,0.001574
0.001333,0.012958,0.001147
-0.002035,0.004899,0.003810
-0.005063,0.000588,0.003884
-0.002803,0.002264,0.001102
-0.001471,0.003707,0.004117
-0.002142,0.010921,0.003765
-0.002595,0.011535,0.002436
-0.004233,0.001536,-0.000761
-0.004054,-0.010326,0.000869
-0.003239,-0.015362,-0.009246
-0.003718,-0.011439,-0.014637
-0.001887,-0.000520,-0.014454
0.000158,0.021158,-0.010699
-0.003313,0.037626,-0.012529
-0.006502,0.040769,-0.008918
-0.004339,0.032283,-0.006457
-0.001194,0.016558,-0.012361
0.003337,0.001454,-0.016044
0.005468,-0.004919,-0.015222
0.007675,-0.006037,-0.008315
0.003493,-0.001773,-0.003579
0.004357,0.001251,-0.000811
0.003748,0.006769,-0.003761
0.003179,0.014120,-0.005260
0.002381,0.018365,-0.003626
0.002122,0.019207,-0.001077
0.005040,0.011685,0.003382
0.004582,-0.003158,0.005122
0.005740,-0.019550,-0.000727
0.006685,-0.031837,-0.005257
0.003986,-0.031266,-0.003477
0.003540,-0.022448,-0.000493
0.000750,-0.011674,0.007360
0.002428,-0.002097,0.011528
0.003574,0.002671,0.011626
0.000883,0.005709,0.015481
0.000898,0.003850,0.015201
-0.001045,0.001399,0.014661
-0.000301,-0.006646,0.009996
-0.001121,-0.001683,0.010608
-0.004085,0.005105,0.007974
-0.003137,0.013202,0.005206
-0.004264,0.021232,0.008037
-0.006739,0.023323,0.009100
-0.009078,0.020184,0.005353
-0.009684,0.014986,0.001070
-0.007798,0.010677,0.000132
-0.008799,0.014133,0.000654
-0.008994,0.015661,-0.000734
-0.008135,0.011910,0.001906
-0.010210,0.006214,-0.000612
-0.007775,0.000436,-0.001120
-0.007071,-0.003377,0.003161
-0.006531,-0.004489,-0.004466
-0.006510,0.004426,-0.013180
-0.009287,0.014100,-0.015334
-0.009746,0.023390,-0.019690
-0.009813,0.028800,-0.016352
-0.009756,0.034403,-0.005793
-0.011401,0.028930,-0.003016
-0.007213,0.019737,-0.000671
-0.007142,0.017434,-0.007179
-0.003531,0.011651,-0.016129
-0.000121,0.008194,-0.021311
-0.000228,0.010891,-0.025226
-0.002064,0.018274,-0.022088
0.000021,0.022837,-0.017221
-0.000478,0.021653,-0.007517
0.004143,0.021302,-0.005713
0.007070,0.019262,-0.004980
0.006357,0.018130,-0.010378
0.005749,0.017376,-0.013007
0.004872,0.017054,-0.017844
0.003793,0.015908,-0.018070
0.005692,0.016354,-0.013874
0.005723,0.019198,-0.011273
0.007755,0.015267,-0.007351
0.005975,0.012225,-0.003070
0.007235,0.014897,0.002057
0.009042,0.015052,0.003497
0.007742,0.012853,0.009997
0.006276,0.014876,0.011140
0.003154,0.015296,0.010947
0.001719,0.011795,0.010345
0.002675,0.008641,0.007642
0.000119,0.008866,0.009472
0.000237,0.013413,0.005139
0.002266,0.018373,0.004642
-0.000794,0.022616,0.005585
0.000767,0.018548,0.002139
0.001895,0.007273,-0.004520
0.002012,0.004639,-0.014434
-0.004957,0.004446,-0.012887
0.002730,0.011623,-0.006334
0.001348,0.024497,-0.002663
-0.000499,0.033581,0.005355
-0.003302,0.036624,0.007043
-0.004280,0.029472,0.004078
-0.003185,0.015585,0.001274
-0.002757,0.001207,0.002880
-0.002439,-0.004320,-0.004218
-0.001621,-0.011304,-0.005855
-0.006590,-0.002136,-0.006141
-0.009104,0.002608,-0.005574
-0.004737,0.011459,-0.003919
-0.006350,0.022198,-0.008150
-0.008410,0.025038,-0.005812
-0.005998,0.021507,-0.004786
-0.003773,0.018792,-0.003170
-0.006568,0.017164,-0.003124
-0.006469,0.016911,-0.004375
-0.004770,0.016475,-0.005218
-0.002769,0.018578,-0.005859
-0.004199,0.020364,-0.007200
-0.003011,0.022898,-0.003325
-0.003037,0.025672,-0.002357
-0.005001,0.019719,-0.001909
-0.004997,0.011108,-0.004203
-0.003502,-0.003987,-0.009495
0.000207,-0.014574,-0.007744
-0.001440,-0.023698,-0.011169
-0.000583,-0.026868,-0.017324
-0.001376,-0.016168,-0.024964
-0.004542,-0.004509,-0.033071
-0.003264,0.002400,-0.022959
0.001775,0.009851,-0.013964
-0.000595,0.012675,-0.007819
-0.003053,0.009153,-0.007782
-0.002697,0.003036,-0.008967
-0.002324,-0.007326,-0.006021
0.000808,-0.014263,-0.012988
0.001171,-0.010444,-0.015147
0.000181,-0.001849,-0.016715
-0.003135,0.003950,-0.016276
-0.002928,0.006748,-0.013832
-0.001738,0.006568,-0.012672
-0.001231,0.007693,-0.009048
-0.002131,0.001401,-0.005610
-0.001506,0.000489,-0.006586
-0.001586,0.000369,-0.004662
-0.000414,-0.000490,-0.003866
-0.000820,-0.005835,-0.003120
0.000212,-0.011046,-0.009581
-0.000369,-0.014426,-0.014077
-0.000642,-0.015356,-0.022329
-0.004731,-0.007186,-0.021746
-0.005828,0.001704,-0.019635
-0.010429,0.011023,-0.013983
-0.008148,0.009089,-0.009621
-0.003444,0.003450,-0.004850
-0.004793,-0.000920,-0.009808
-0.005717,-0.009705,-0.011824
-0.004569,-0.016424,-0.015712
0.000102,-0.011167,-0.019491
0.000383,-0.005122,-0.021945
0.000473,0.000299,-0.026669
-0.000668,0.009711,-0.028669
0.000996,0.015652,-0.027386
0.001179,0.013023,-0.014235
0.002360,0.010848,-0.006779
0.002654,0.002189,-0.009015
0.006217,-0.013384,-0.013856
0.006864,-0.024402,-0.020589
0.005569,-0.028905,-0.023890
0.008812,-0.027470,-0.026601
0.007816,-0.012749,-0.023135
0.008487,0.004264,-0.016030
0.006856,0.015362,-0.004974
0.006669,0.010304,0.003503
0.010817,-0.000207,-0.002900
0.013368,-0.016488,-0.004190
0.013231,-0.022203,-0.000088
0.010837,-0.018210,0.004861
0.006030,-0.008497,0.007625
0.006564,0.006507,0.017576
0.003161,0.019336,0.020796
0.005268,0.026559,0.018081
0.002891,0.020686,0.020002
0.002610,0.007916,0.020097
-0.001059,-0.013409,0.018810
0.000196,-0.026226,0.013441
-0.000297,-0.034033,0.013691
-0.003773,-0.028997,0.009387
-0.006273,-0.014294,0.006547
-0.013056,0.000626,0.008840
-0.012845,0.016351,0.012102
-0.010969,0.018313,0.010639
-0.010274,0.013355,0.005833
-0.008603,0.003290,0.007609
-0.009494,-0.004405,0.003835
-0.006509,-0.006105,-0.000662
-0.005000,-0.003796,-0.002792
-0.003921,0.004839,-0.001991
-0.005163,0.008861,0.001199
-0.002923,0.017130,0.006370
-0.001329,0.018546,0.001796
-0.000644,0.013241,0.001032
0.002122,0.010974,-0.002177
0.002382,0.012251,0.001296
0.002285,0.013283,0.005539
0.000996,0.016104,0.010380
0.000152,0.016285,0.010726
0.002337,0.011286,0.008088
0.002753,0.004214,0.004348
0.003568,-0.001666,-0.000436
0.001035,-0.000356,0.001227
0.000281,0.002963,0.006651
0.003000,0.004045,0.012391
0.002536,0.004078,0.013422
0.003928,0.002734,0.010746
0.004217,0.000246,0.009133
0.003614,-0.004785,0.010548
0.004521,-0.004132,0.008266
0.003999,0.003376,0.010026
0.002950,0.015718,0.017311
0.001864,0.025035,0.019794
0.000269,0.024269,0.021047
0.000415,0.013733,0.017124
0.001366,0.005242,0.013113
0.002342,-0.004865,0.014834
0.000705,-0.005692,0.018016
0.001689,0.006636,0.019549
-0.002523,0.015202,0.024672
-0.006356,0.017397,0.026913
-0.010338,0.006389,0.019801
-0.011279,-0.006090,0.011172
-0.010199,-0.013669,0.004401
-0.011775,-0.015772,0.002033
-0.009673,-0.011178,0.000583
-0.008704,-0.003021,0.005013
-0.006920,0.010631,0.005984
-0.008982,0.020096,0.001884
-0.009555,0.021598,0.002819
-0.009258,0.021141,0.002463
-0.004059,0.006217,0.004634
-0.001753,-0.010894,0.003050
0.000751,-0.023663,-0.003298
0.001496,-0.024440,-0.003317
-0.001013,-0.011063,-0.006172
0.001835,0.012774,-0.004053
0.000908,0.032555,0.001705
-0.003983,0.047471,0.009058
-0.005063,0.038215,0.011053
-0.003693,0.020806,0.003003
0.001110,-0.008019,-0.001116
0.003578,-0.029646,-0.005167
0.005729,-0.038743,-0.003566
0.004550,-0.033912,-0.003031
0.004692,-0.013983,0.001038
0.004827,0.006701,0.005696
-0.001290,0.018587,0.010259
0.000011,0.021237,0.011803
0.002069,0.012092,0.012828
0.008027,0.005450,0.004699
0.006998,0.000136,0.003240
0.002284,-0.002185,0.003079
-0.001482,0.002248,0.009510
-0.000177,0.012125,0.016994
0.000980,0.016079,0.023130
0.000915,0.020088,0.025345
-0.002628,0.016571,0.019298
-0.004086,0.007902,0.010781
-0.006072,-0.003990,0.003337
-0.004453,-0.013703,0.001386
-0.004947,-0.017280,0.003679
-0.000649,-0.014173,0.006164
0.000345,-0.010782,0.009656
-0.000419,-0.007385,0.011276
-0.000731,-0.001453,0.007517
-0.003120,0.004178,-0.000375
-0.003002,0.006795,-0.001047
-0.001603,0.002031,0.000668
-0.000363,0.000383,0.000710
-0.001500,0.003491,0.000487
-0.003836,0.005168,0.004268
-0.002774,0.008335,0.011238
-0.001767,0.007950,0.009121
0.000833,0.000094,0.010814
0.000351,-0.006080,0.008832
0.003162,-0.010937,0.000098
0.000984,-0.011265,0.002014
-0.000375,0.000707,0.007618
-0.000211,0.010192,0.017535
0.000704,0.015959,0.018297
-0.000666,0.016566,0.015950
-0.001277,0.014704,0.013873
-0.002449,0.006549,0.009204
-0.004234,-0.000811,0.007598
-0.001314,-0.004591,0.002592
0.000361,-0.004729,0.006011
-0.001409,-0.000062,0.005047
-0.005234,0.001695,0.002824
-0.006156,0.005760,0.005003
-0.004235,0.006990,0.001242
-0.002067,0.006766,0.003628
0.000580,-0.000416,0.002253
0.000040,-0.009503,0.002251
-0.004311,-0.014764,0.000826
-0.005466,-0.020478,0.001813
-0.004122,-0.016751,0.002054
-0.003352,-0.010785,-0.000732
-0.004544,-0.003316,-0.006398
-0.002521,0.008644,-0.006038
-0.004513,0.009323,-0.003203
-0.004964,0.002845,-0.003321
-0.001202,-0.008660,-0.001492
-0.001338,-0.021670,-0.008369
0.000033,-0.027466,-0.006967
0.002748,-0.031052,-0.011159
0.002643,-0.026178,-0.009067
0.000223,-0.011906,-0.004948
0.002477,-0.001731,-0.005489
0.000118,0.011675,0.000125
0.001486,0.013575,0.003764
0.003192,0.013853,0.004490
0.002656,0.010901,0.005590
0.002718,0.004092,0.002274
0.002305,-0.007945,0.001554
0.003496,-0.014354,0.002086
0.005065,-0.013447,0.005297
0.003911,-0.007242,0.004523
0.001459,0.002299,0.009330
0.000210,0.003535,0.007704
-0.000918,-0.002774,0.009734
0.000976,-0.007690,0.005848
0.002843,-0.016465,0.004746
0.002826,-0.013018,0.006233
0.000086,-0.009635,0.011759
-0.001467,-0.007508,0.013443
0.000882,-0.010212,0.006704
0.000031,-0.013792,0.007564
0.001907,-0.015699,0.005701
0.003344,-0.011010,0.007545
0.001363,-0.004764,0.012899
-0.000490,0.003465,0.020837
0.000931,0.005119,0.021302
0.001778,0.000877,0.014950
-0.003650,0.000647,0.014164
-0.005198,0.005879,0.014184
-0.005189,0.016808,0.018038
-0.005072,0.026102,0.021471
-0.008772,0.030026,0.021821
-0.008224,0.017168,0.017133
-0.009860,-0.003232,0.014761
-0.008711,-0.018534,-0.000134
-0.007196,-0.024603,-0.007832
-0.006719,-0.013547,-0.005105
-0.008583,0.002379,-0.006491
-0.008895,0.015299,-0.002026
-0.009171,0.018119,0.006568
-0.008440,0.011958,0.006850
-0.002831,0.005094,0.008954
-0.001883,0.010073,-0.000581
0.001022,0.019990,0.001392
-0.002023,0.029190,0.000973
-0.004051,0.029175,0.000567
-0.007243,0.023626,0.002672
-0.005995,0.012504,0.001163
-0.003693,0.008245,-0.000509
0.000132,0.005909,0.001036
0.000041,0.009377,0.005033
0.000046,0.013544,0.004388
-0.000389,0.012237,-0.001218
-0.002075,0.013013,-0.025389
-0.007321,0.016632,-0.034437
-0.001028,0.018104,-0.025842
0.005252,0.026762,-0.017039
0.000710,0.034465,-0.008686
-0.000434,0.034370,-0.004820
0.002841,0.030516,-0.009652
0.003710,0.028069,-0.013161
0.006872,0.039883,-0.014884
0.006387,0.068115,-0.012625
0.002993,0.094898,-0.002191
0.000260,0.115540,0.012771
0.003352,0.111889,0.019030
0.002614,0.078087,0.013535
0.005881,0.031159,0.005474
0.009925,-0.004459,-0.004592
0.010546,-0.019204,-0.009090
0.008026,-0.013680,0.003711
0.001773,0.007369,0.010619
0.002135,0.030094,0.020195
0.003662,0.045065,0.020469
0.003237,0.042421,0.022244
0.003129,0.040179,0.017687
0.003097,0.025474,0.019057
0.003490,0.013821,0.021921
0.000559,0.005375,0.028819
-0.000298,-0.001795,0.020242
-0.004778,-0.003158,0.022536
-0.006280,0.003864,0.019715
-0.009238,0.009369,0.020586
-0.009779,0.009159,0.017586
-0.010232,0.008058,0.016383
-0.009737,-0.002144,0.010368
-0.008586,-0.016176,0.001041
-0.010070,-0.028085,-0.005551
-0.009693,-0.030020,-0.006975
-0.010384,-0.027193,-0.009099
-0.006946,-0.014540,-0.007522
-0.006524,-0.004636,-0.002675
-0.006238,0.001961,-0.002160
-0.004402,0.004060,-0.003019
-0.004534,0.000795,-0.003605
-0.004967,-0.007640,-0.001778
-0.004604,-0.013819,-0.004774
-0.006238,-0.016660,-0.008054
-0.008303,-0.015145,-0.010658
-0.008890,-0.013345,-0.012532
-0.005549,-0.006540,-0.014151
-0.004948,-0.001950,-0.012159
-0.005272,-0.001170,-0.006650
-0.006856,0.002138,-0.008505
-0.002915,0.001137,-0.010839
0.001529,-0.001989,-0.007902
0.001329,-0.007569,-0.011573
-0.001935,-0.012828,-0.011450
-0.000767,-0.013087,-0.017205
0.001548,-0.009933,-0.012777
0.001149,-0.000908,-0.006198
0.002965,0.001256,-0.001740
0.004203,0.002940,-0.004641
0.003286,0.000766,-0.005610
0.005507,-0.000617,-0.007219
0.006276,-0.002066,-0.001417
0.002492,-0.001684,0.002421
0.001717,-0.001863,0.005029
0.003185,-0.001459,0.000199
0.002298,-0.000735,0.000068
-0.000848,0.000334,-0.000108
0.000037,-0.005514,0.004597
-0.002452,-0.007856,0.008139
-0.005036,-0.010201,0.006609
-0.003968,-0.013546,-0.002689
-0.003336,-0.010454,-0.004445
-0.001787,-0.007399,-0.009255
-0.003836,-0.000089,-0.014905
-0.007144,0.003135,-0.009485
-0.009071,0.002826,-0.003594
-0.006533,0.000642,-0.000121
-0.004941,-0.000198,0.004940
-0.002130,-0.003274,0.004170
-0.004197,-0.010049,-0.001748
-0.002556,-0.008570,-0.011914
-0.002650,-0.006319,-0.020211
-0.001083,-0.005854,-0.024793
0.000552,0.003978,-0.019931
0.001212,0.006201,-0.016861
0.001306,0.001031,-0.010398
0.003294,-0.005130,-0.004657
0.005500,-0.014100,-0.009547
0.005503,-0.010409,-0.003809
0.004786,-0.005033,0.000235
0.002361,-0.000464,0.004892
-0.001565,0.003058,0.007938
-0.002404,0.003855,0.003188
0.000683,-0.003186,0.003061
-0.000941,-0.010406,-0.002799
-0.001479,-0.010822,-0.004633
-0.002519,-0.008634,-0.004069
-0.002780,-0.008419,-0.004633
-0.001134,-0.003048,-0.008394
-0.002035,-0.004921,-0.011619
-0.002699,-0.008003,-0.011036
-0.001537,-0.008226,-0.016198
-0.001415,-0.009997,-0.012027
-0.000877,-0.010451,-0.008916
-0.002751,-0.007954,-0.013168
-0.004025,-0.008273,-0.010181
-0.005743,-0.008397,-0.009937
-0.006169,-0.012627,-0.011357
-0.005213,-0.017890,-0.011396
-0.003488,-0.023814,-0.014633
-0.002795,-0.028835,-0.013667
-0.005143,-0.026236,-0.015810
-0.004558,-0.022465,-0.017294
-0.003772,-0.020924,-0.016429
-0.002220,-0.019315,-0.016942
-0.006021,-0.011219,-0.020182
-0.006303,-0.008212,-0.019158
-0.005438,-0.004658,-0.021004
-0.002906,-0.003498,-0.020143
-0.006188,-0.006745,-0.020129
-0.004665,-0.008655,-0.021618
-0.005155,-0.001145,-0.024415
-0.004099,0.005449,-0.023409
-0.004957,0.010502,-0.026049
-0.004038,0.012444,-0.024394
-0.003000,0.007724,-0.023764
-0.000760,0.005789,-0.026611
0.001919,0.003587,-0.021520
0.001729,0.001581,-0.022672
0.001783,0.002536,-0.020708
0.002158,0.001226,-0.020427
0.004884,-0.000702,-0.016756
0.006283,-0.005173,-0.010301
0.008519,-0.003964,-0.012093
0.006556,-0.009811,-0.014919
0.002045,-0.004406,-0.012715
0.002583,0.003536,-0.008498
0.004766,0.009685,-0.008574
0.003134,0.021447,-0.003748
0.003868,0.026897,-0.001501
0.005935,0.020116,0.001862
0.007242,0.004793,0.003985
0.006282,-0.008302,0.002890
0.007393,-0.015351,-0.001381
0.005891,-0.012285,0.002722
0.007828,0.007668,0.004240
0.008473,0.025642,0.012998
0.005994,0.041120,0.018775
0.005748,0.041863,0.020480
0.006490,0.032615,0.028621
0.006535,0.018736,0.027721
0.005506,0.008261,0.028335
0.003108,0.005763,0.024724
0.003966,0.007911,0.018530
0.003757,0.013596,0.013165
0.000450,0.014752,0.015075
0.002569,0.014393,0.022930
0.000658,0.003300,0.027193
0.003854,-0.003029,0.034628
0.004542,-0.009915,0.033699
0.003407,-0.011861,0.032070
0.003155,-0.006053,0.026367
0.006476,0.002790,0.023441
0.003569,0.010056,0.023301
0.003052,0.018312,0.019543
0.000133,0.021295,0.022684
0.001756,0.022810,0.031914
0.003853,0.019064,0.028780
0.002775,0.012424,0.037309
-0.000781,0.008064,0.035270
-0.004350,-0.001069,0.035248
-0.005571,-0.007751,0.031599
-0.006741,-0.010285,0.024462
-0.006513,-0.006051,0.020006
-0.009303,-0.004850,0.023980
-0.009404,-0.002512,0.024994
-0.010590,-0.007290,0.018889
-0.009528,-0.013813,0.020424
-0.007941,-0.019602,0.016463
-0.006471,-0.017248,0.014733
-0.007471,-0.011212,0.013020
-0.009484,-0.003509,0.007979
-0.008580,0.002328,0.001898
-0.005698,0.007926,0.003153
-0.005457,0.014634,0.010052
-0.003695,0.014188,0.011986
-0.005444,0.013680,0.009998
-0.003675,0.014004,0.007056
-0.003067,0.009003,0.007254
0.000388,0.006304,0.007936
-0.000385,0.006273,0.010921
0.000078,0.002854,0.008800
0.001344,0.001137,0.008906
-0.001790,-0.000890,0.006236
-0.000376,-0.008442,0.002009
0.000985,-0.011457,-0.000321
0.003196,-0.013723,0.005292
0.004029,-0.010239,0.009055
0.003332,-0.002673,0.013538
0.002203,-0.000693,0.013159
0.005014,0.000131,0.016295
0.003756,-0.001250,0.019971
0.006308,-0.001619,0.017906
0.002391,0.000834,0.016456
-0.000805,0.000962,0.017156
-0.001926,0.002121,0.020252
-0.002461,0.004208,0.022281
-0.002338,0.002438,0.020458
-0.000361,-0.001371,0.017310
-0.003474,-0.004850,0.015264
-0.004599,-0.011375,0.013134
-0.004578,-0.018079,0.010606
-0.006232,-0.022298,0.007092
-0.002803,-0.016939,0.011254
-0.004680,-0.015535,0.009917
-0.004408,-0.006258,0.014685
-0.007087,-0.002942,0.009176
-0.005798,-0.002468,0.009068
-0.008725,-0.004118,0.004961
-0.008527,-0.005829,0.007207
-0.007111,-0.003274,0.001051
-0.007238,0.000318,0.001014
-0.007614,0.004248,0.002580
-0.006521,0.005397,0.001924
-0.005198,0.003541,0.001375
-0.005286,-0.002058,0.002802
-0.001390,-0.010846,-0.004359
0.002616,-0.012104,-0.008325
0.003206,-0.004173,-0.007234
-0.002127,0.003109,-0.000535
-0.000545,0.009802,0.002133
0.000307,0.017374,0.012251
0.000464,0.014990,0.012169
-0.001745,0.013860,0.008638
-0.000132,0.011951,0.007061
-0.000889,0.011368,0.004366
-0.000926,0.016282,0.002002
-0.001189,0.017170,0.002735
-0.002020,0.012851,0.003220
-0.003701,0.000320,0.004027
-0.000179,-0.009235,0.005088
0.001644,-0.012805,0.011119
0.002030,-0.018371,0.014560
-0.000392,-0.015493,0.013457
0.001066,-0.009439,0.007395
0.002466,-0.006478,0.003441
0.004237,0.001222,-0.001126
0.001158,0.002447,0.002450
0.003047,0.003041,0.003986
0.000789,0.006665,0.007990
-0.002685,0.004434,0.009182
-0.000204,0.004786,0.018127
-0.000220,0.001565,0.021354
-0.001035,-0.000350,0.019936
-0.001418,-0.010274,0.018498
-0.002122,-0.014679,0.011727
-0.004602,-0.011631,0.007325
-0.005002,-0.009130,0.010758
-0.008721,-0.004179,0.009811
-0.009005,0.003395,0.003067
-0.007901,0.001188,0.001946
-0.006814,0.003026,-0.002764
-0.006246,0.008164,-0.005568
-0.007550,0.010693,-0.007777
-0.007253,0.009574,-0.009622
-0.006028,0.005701,-0.006936
-0.005131,0.001623,-0.006736
-0.001888,0.001115,-0.007711
-0.001422,0.002452,-0.007411
0.000026,0.003548,-0.005681
-0.001625,-0.001992,-0.005221
-0.001626,-0.011122,-0.006510
-0.000219,-0.015559,-0.006767
0.000936,-0.014918,-0.009978
0.001972,-0.013251,-0.006897
0.001201,-0.007354,-0.004783
0.000145,-0.005504,-0.006245
0.001943,-0.010833,-0.004454
-0.000249,-0.013251,-0.010258
-0.002093,-0.016096,-0.006262
-0.001349,-0.014620,-0.008667
-0.000571,-0.015520,-0.009187
0.000512,-0.010703,-0.007273
-0.001479,-0.011263,-0.005368
-0.003193,-0.007104,-0.005627
-0.001576,-0.006724,-0.005764
-0.002460,-0.003746,-0.005474
-0.005793,-0.001911,-0.005740
-0.007021,0.000703,-0.007628
-0.004020,0.003942,-0.007280
-0.003349,0.005638,-0.008360
-0.004523,0.007195,-0.009392
-0.006202,0.005374,-0.008764
-0.005660,-0.005358,-0.006963
-0.003414,-0.018701,-0.011561
0.001648,-0.026599,-0.015113
0.003156,-0.030176,-0.016063
0.003954,-0.025464,-0.011122
0.000828,-0.015479,-0.012368
