-0.039786,-0.004557,-0.005803
-0.042714,-0.015175,-0.016491
-0.017485,-0.023673,-0.021892
-0.003054,-0.019464,-0.018573
-0.012876,0.014781,-0.033179
-0.026501,0.058592,-0.040286
-0.035084,0.072447,-0.035941
-0.028967,0.055232,-0.016890
-0.026889,0.021961,0.012611
-0.026833,-0.012254,0.019818
-0.030717,-0.024847,-0.006988
-0.033609,0.007195,-0.014113
-0.016963,0.028681,-0.032085
-0.008051,0.032963,-0.037314
-0.002078,0.036172,-0.036261
-0.001031,0.045757,-0.034040
0.001639,0.054369,-0.043576
-0.001147,0.051264,-0.055357
-0.002920,0.016045,-0.054597
0.007389,-0.023509,-0.046380
0.017202,-0.040700,-0.032621
0.015508,-0.026880,-0.026092
0.007913,0.008304,-0.023628
0.004250,0.050965,-0.021115
0.002396,0.065814,-0.012384
0.004739,0.063554,-0.001614
0.007621,0.056256,0.202501
0.000063,0.049475,0.358205
-0.010162,0.023150,0.211702
-0.007864,0.023981,0.001425
0.014081,0.037677,0.023963
0.015815,0.037768,0.008041
0.018978,0.058103,-0.000312
0.011255,0.085877,-0.002244
0.008754,0.093433,-0.011819
0.011804,0.076358,-0.009868
0.015586,0.049677,-0.009040
0.014605,0.040041,-0.005899
0.015663,0.027186,-0.000651
0.017419,0.009060,-0.003979
0.014442,-0.008010,-0.006224
0.018010,-0.012306,-0.005143
0.017767,0.000421,0.004582
0.017647,0.014274,0.007887
0.013735,0.030252,0.014373
0.012771,0.039902,0.011196
0.016627,0.035713,0.001542
0.017694,0.031515,-0.001815
0.021679,0.013338,0.005444
0.015695,0.003741,0.005343
0.006793,0.012415,-0.009581
0.004720,0.013551,-0.017071
0.006511,0.008174,-0.010737
0.008314,0.001752,-0.006557
0.011994,0.003847,-0.000160
0.008908,0.013509,-0.002323
0.003988,0.023137,-0.001259
-0.000953,0.015651,0.002904
-0.006808,0.000798,-0.004769
-0.010800,-0.019326,-0.018928
-0.004185,-0.037463,-0.015954
-0.001579,-0.042945,0.003206
-0.002858,-0.017511,0.023755
-0.006883,0.034823,0.015709
-0.007690,0.092523,0.006585
-0.008372,0.101148,-0.002986
-0.005998,0.059624,-0.014037
-0.000876,-0.000068,-0.017850
0.003943,-0.041691,-0.015052
-0.003199,-0.055546,-0.015213
-0.012274,-0.025621,-0.021356
-0.012444,0.011913,-0.042442
-0.008582,0.034346,-0.043358
-0.003712,0.023651,-0.041295
0.001214,-0.001927,-0.043687
0.002220,-0.019076,-0.033177
-0.001795,-0.020335,-0.011767
-0.008751,-0.001287,0.005544
-0.011631,0.036041,0.005911
-0.006573,0.066922,0.012617
-0.000498,0.068023,0.010449
0.003648,0.053195,-0.000427
0.006779,0.030889,-0.008208
0.009720,0.010735,-0.021244
0.006750,0.017194,-0.026566
-0.000128,0.037476,-0.025368
-0.004986,0.063102,-0.025192
-0.009622,0.104539,-0.002409
-0.012229,0.126958,-0.004338
-0.000077,0.129225,-0.018260
-0.002503,0.103578,-0.011060
0.000693,0.044881,-0.009449
0.000794,-0.004198,-0.009884
0.002559,-0.031989,-0.003722
-0.001581,-0.024504,-0.009974
-0.004544,0.019381,-0.027732
-0.006462,0.053643,-0.041338
-0.001490,0.060032,-0.040201
0.000647,0.048234,-0.029687
0.002747,0.016122,-0.016105
0.001845,-0.013789,-0.012092
0.003801,-0.034084,-0.008028
0.009559,-0.044724,-0.013424
0.015262,-0.035112,-0.016502
0.016054,-0.013870,-0.009786
0.012034,0.017052,-0.010507
0.011155,0.039443,-0.010271
0.009464,0.041590,-0.011332
0.005809,0.021275,-0.005124
0.002978,-0.009797,0.010632
0.005882,-0.035503,0.021119
0.007732,-0.040813,0.017871
0.003752,-0.026893,0.010544
0.002734,-0.010811,0.000026
0.004675,-0.000123,-0.006204
0.010526,-0.002243,-0.012534
0.012471,-0.006576,-0.007173
0.015429,-0.002484,0.011101
0.010605,0.012329,0.020970
0.003005,0.036922,0.012683
0.001311,0.036907,0.012724
0.007339,0.022925,0.023349
0.015280,0.008997,0.031746
0.016385,0.006798,0.040261
0.010598,0.007947,0.034828
0.008778,0.003660,0.036933
0.007870,-0.000589,0.032661
0.006935,-0.005948,0.033725
0.003104,-0.008038,0.028362
0.007079,-0.014469,0.031519
0.004117,-0.014523,0.037934
0.004091,-0.017774,0.044313
0.007029,-0.014677,0.059253
-0.004728,-0.017925,0.065622
-0.009520,-0.010448,0.066711
-0.012371,-0.000824,0.064648
-0.011319,0.006684,0.059382
-0.012141,0.008891,0.049798
-0.012004,0.001473,0.042282
-0.012941,-0.005908,0.031528
-0.013959,-0.014373,0.022904
-0.012990,-0.016457,0.019618
-0.016958,-0.008990,0.023870
-0.021908,0.006046,0.014331
-0.019914,0.019986,0.007997
-0.019815,0.021113,0.003667
-0.020709,0.017891,0.005785
-0.027503,0.015722,0.008993
-0.029363,0.017904,0.002612
-0.028245,0.028552,0.003809
-0.024240,0.042426,0.003922
-0.023091,0.058483,-0.002348
-0.018934,0.079903,-0.010737
-0.019638,0.088534,-0.019275
-0.018318,0.082137,-0.017254
-0.020969,0.076822,-0.016308
-0.019738,0.068356,-0.022840
-0.016618,0.066297,-0.030374
-0.015445,0.068525,-0.041061
-0.012269,0.067554,-0.050733
-0.008193,0.057980,-0.052982
-0.007096,0.051572,-0.053023
-0.007993,0.035485,-0.044580
-0.004017,0.033371,-0.048835
0.002897,0.038630,-0.041269
-0.000942,0.049253,-0.035825
-0.002769,0.057797,-0.037864
-0.003499,0.058936,-0.045364
0.000569,0.044061,-0.050885
0.007483,0.029054,-0.042468
0.011432,0.027941,-0.039222
0.007551,0.039637,-0.036922
0.000828,0.054655,-0.048503
0.003955,0.050282,-0.038854
0.015795,0.037398,-0.030390
0.019815,0.030990,-0.030430
0.016029,0.026787,-0.034820
0.013144,0.021418,-0.026411
0.007225,0.012799,-0.015811
0.007216,0.011735,-0.017920
0.010172,0.018087,-0.013551
0.014126,0.021233,-0.007105
0.010280,0.030797,-0.002736
0.003538,0.038318,-0.006989
0.001755,0.039428,-0.010230
0.001850,0.037261,-0.005980
0.003892,0.040339,0.009009
-0.003802,0.051977,0.018782
-0.013342,0.069014,0.020069
-0.015955,0.087179,0.017022
-0.013659,0.085044,0.018053
-0.011391,0.065918,0.009310
-0.010189,0.042556,-0.001646
-0.012025,0.020367,-0.024371
-0.006167,0.002296,-0.030981
-0.004345,0.001298,-0.037447
-0.001510,0.015237,-0.045869
-0.006432,0.030216,-0.052121
-0.003466,0.034432,-0.049858
0.002519,0.031216,-0.047754
0.011361,0.021542,-0.037191
0.011356,0.018193,-0.016965
0.008461,0.021326,-0.006303
0.006605,0.026609,-0.000891
0.000858,0.031909,0.002384
0.001951,0.030801,0.007710
0.002051,0.023316,0.009780
0.002134,0.023409,-0.001967
0.004210,0.031014,-0.015850
0.002319,0.034270,-0.023289
0.000441,0.026853,-0.028717
0.000491,0.012894,-0.019197
0.001460,-0.003080,-0.020462
0.008279,-0.015903,-0.016340
0.012041,-0.030843,-0.015421
0.011915,-0.028716,-0.013294
0.004979,-0.026602,-0.012178
0.000053,-0.005260,-0.014087
0.001025,0.014904,-0.004215
0.003967,0.037222,0.000396
0.003214,0.056443,-0.004703
0.002549,0.068161,-0.001415
-0.003117,0.058497,0.005983
-0.005865,0.042465,0.008005
-0.010555,0.034952,0.012239
-0.008497,0.030672,0.012233
-0.007385,0.036107,-0.000531
-0.003277,0.042654,-0.018632
-0.003164,0.040544,-0.020805
-0.001125,0.032022,-0.023008
0.000943,0.033170,-0.032621
-0.001937,0.021495,-0.039160
0.001982,0.002204,-0.030740
0.007841,-0.010703,-0.020125
0.007767,-0.004444,-0.005056
0.008781,0.016827,0.001585
0.011865,0.047692,0.011471
0.011106,0.066858,0.016972
0.010397,0.063653,0.016954
0.011643,0.046587,0.015745
0.014732,0.018856,0.013383
0.014741,-0.004554,0.001509
0.019671,-0.005530,-0.011289
0.015707,0.003029,-0.014411
0.014656,0.030647,-0.002343
0.013796,0.067790,0.020471
0.007329,0.109296,0.032616
0.001953,0.132711,0.040297
0.005443,0.120858,0.056183
0.015665,0.091957,0.068721
0.024814,0.056766,0.068363
0.027988,0.034447,0.058526
0.028123,0.026006,0.050884
0.027195,0.014299,0.050702
0.017498,0.001412,0.060220
-0.000075,0.003585,0.053861
-0.014625,0.005763,0.046445
-0.018443,-0.000568,0.037837
-0.015542,-0.026144,0.036486
-0.012600,-0.044180,0.028738
-0.012755,-0.053652,0.018899
-0.012987,-0.050348,0.010292
-0.002409,-0.044976,0.008151
0.009201,-0.037701,0.031730
0.006114,-0.028039,0.027475
0.003225,-0.003340,0.011589
-0.002611,0.008430,0.010561
-0.008436,0.005237,0.009468
-0.008383,-0.006511,0.011483
-0.006465,-0.024714,0.018815
-0.007557,-0.028983,0.020870
-0.010542,-0.016137,0.017736
-0.012562,-0.004333,0.011388
-0.012621,0.005249,0.013618
-0.018481,0.015953,0.009439
-0.022301,0.021326,0.003114
-0.021197,0.017181,-0.013979
-0.016245,0.003382,-0.024746
-0.008440,-0.013609,-0.037656
-0.000696,-0.029558,-0.045261
-0.000839,-0.025227,-0.052709
-0.001017,-0.006000,-0.056781
0.003702,-0.002831,-0.045166
0.004564,-0.022462,0.001791
0.004546,0.023478,-0.010512
0.003745,0.053461,-0.017853
0.013705,0.020274,-0.005302
0.013798,-0.009738,0.006295
0.006887,-0.026854,0.013581
0.004807,-0.017245,0.010512
0.007739,-0.002283,0.006397
0.006723,0.007271,0.010792
0.007785,0.020015,0.015243
0.001992,0.024198,0.021779
-0.000843,0.022070,0.017558
-0.004590,0.012532,0.009984
0.000371,-0.010914,0.005525
0.005242,-0.014196,0.014077
0.012017,-0.001471,0.023805
0.018866,0.023007,0.031503
0.017086,0.038026,0.023058
0.011443,0.038117,0.012361
0.010652,0.028520,0.014353
0.011660,0.006082,0.024695
0.003830,-0.030241,0.032865
-0.004044,-0.046147,0.024101
-0.010089,-0.043905,0.015469
-0.010259,-0.036435,0.016578
-0.004472,-0.031057,0.010238
-0.002582,-0.013948,0.005063
-0.003543,0.012751,0.000002
-0.000571,0.023466,-0.007342
-0.002373,0.022318,0.003317
-0.007260,0.009457,0.009630
-0.005239,-0.002247,0.007352
-0.002385,-0.023634,0.013563
0.004317,-0.036480,0.018790
0.000420,-0.026886,0.017850
-0.009358,0.006239,0.008601
-0.013256,0.029803,-0.003979
-0.004330,0.034046,-0.001787
0.005566,0.006190,0.009772
0.006520,-0.029067,0.009587
0.000597,-0.030213,0.017105
-0.006362,-0.022788,0.020426
-0.011260,-0.004658,0.019561
-0.009241,0.010366,0.010052
-0.004315,0.016863,0.000447
-0.002301,0.002021,-0.008300
0.000634,-0.016086,-0.010632
0.002497,-0.023573,-0.008559
0.005273,-0.012987,0.000118
0.007184,0.007270,-0.001754
0.009199,0.025437,-0.005852
0.010325,0.025424,-0.002681
0.013342,0.004007,0.008837
0.015345,-0.019492,0.013927
0.009402,-0.039815,0.022247
0.006353,-0.047320,0.027505
0.007183,-0.055759,0.017766
0.009920,-0.061136,0.024106
0.014558,-0.059053,0.033668
0.009485,-0.046285,0.039102
-0.000383,-0.019575,0.035061
-0.009100,0.002803,0.036377
-0.018800,0.015633,0.030145
-0.016725,0.001809,0.023628
-0.018592,-0.023975,0.041643
-0.014749,-0.010087,0.036489
-0.016739,0.020896,0.032472
-0.010759,0.036981,0.022989
-0.005651,0.044569,0.008102
-0.004503,0.031861,0.002512
-0.002456,-0.004347,-0.002171
-0.001530,-0.043842,0.002757
-0.003701,-0.059809,-0.000618
-0.008784,-0.044850,-0.001589
-0.008921,-0.029871,-0.007841
-0.010955,-0.011739,-0.007664
-0.013905,-0.006383,-0.010811
-0.011996,-0.006479,-0.002194
-0.012068,-0.011832,-0.001149
-0.013120,-0.010777,-0.002153
-0.012184,-0.001104,-0.008528
-0.007289,0.002101,-0.006416
-0.002391,0.009521,0.001096
-0.007229,0.015999,-0.007412
-0.005117,0.020297,-0.011636
-0.005041,0.016036,-0.014830
-0.003040,0.014932,-0.013697
-0.000057,0.012738,-0.009376
-0.000056,0.007338,-0.005070
0.000005,0.012668,-0.005008
0.000030,0.017998,-0.007041
0.002046,0.016956,-0.009207
0.001106,0.010588,-0.012490
0.000098,-0.002140,-0.021166
-0.000914,-0.008567,-0.018018
0.001939,-0.004276,-0.019085
0.001924,0.002160,-0.023301
0.001946,0.009582,-0.017886
0.004917,0.012740,-0.012518
0.009803,0.010568,-0.007209
0.014689,0.008368,0.002357
0.012737,0.018995,0.008838
0.005035,0.032887,0.005766
0.000310,0.040332,0.006940
-0.002515,0.032794,0.013331
-0.000394,0.023157,0.014382
0.004649,0.010381,0.008966
0.002740,0.004033,0.001449
-0.000202,-0.002398,0.002514
-0.000274,-0.001340,0.004641
0.003622,0.000770,0.008905
0.007544,0.013564,0.009044
0.005664,0.029573,0.010218
0.005800,0.032826,0.006972
0.006960,0.018970,0.008903
0.009997,-0.000287,0.018281
0.007967,-0.021698,0.026648
0.005945,-0.017358,0.014991
0.000111,0.007240,0.007736
-0.004783,0.026402,0.011159
-0.008651,0.033890,0.003853
-0.010423,0.045665,-0.002419
-0.009298,0.038210,-0.002522
-0.007234,0.017939,-0.001657
-0.005246,-0.006587,0.000182
-0.002378,-0.022494,-0.008581
-0.001481,-0.034143,-0.016234
0.001264,-0.045851,-0.018505
0.005895,-0.045914,-0.012065
0.008666,-0.028808,-0.017234
0.007631,-0.005302,-0.022341
0.008606,0.009671,-0.028576
0.006727,0.011723,-0.018932
0.005779,0.008415,-0.002995
0.002826,-0.008762,0.011772
-0.001089,-0.018416,0.020186
-0.006033,-0.017335,0.020158
-0.008047,-0.019546,0.027665
-0.004203,-0.017336,0.020164
-0.001268,0.000863,0.009707
0.003665,0.019086,-0.000813
0.002761,0.036255,-0.012421
0.005839,0.027822,-0.025311
0.004955,0.011748,-0.016907
0.002992,-0.019238,-0.010788
-0.000061,-0.033304,0.011561
-0.003132,-0.025981,0.029787
-0.006091,0.000712,0.024743
-0.005998,0.031656,0.022917
-0.000012,0.046557,0.025235
0.002205,0.050874,0.017823
0.003416,0.032780,0.011274
-0.003276,0.012451,0.015429
-0.014001,-0.000368,0.014309
-0.022766,0.000661,0.016509
-0.027632,0.016596,0.021015
-0.026610,0.036953,0.007378
-0.020595,0.058385,-0.007318
-0.014473,0.076541,-0.009297
-0.013261,0.083017,-0.016754
-0.010131,0.057671,-0.045898
-0.007037,0.028945,-0.050546
-0.012900,-0.008329,-0.050011
-0.005284,-0.037143,-0.047114
0.001344,-0.037217,-0.034371
0.002113,-0.021190,-0.032200
0.001074,-0.006223,-0.033189
0.000106,0.001170,-0.022467
0.001067,-0.001061,-0.010728
0.003986,-0.002256,0.004237
0.001098,0.004029,0.017147
-0.004738,0.020023,0.016269
-0.007562,0.041448,0.005774
-0.005469,0.053303,-0.008027
-0.000419,0.045933,-0.020901
-0.000282,0.027934,-0.038153
0.000681,0.012019,-0.050033
-0.000352,-0.002883,-0.057576
-0.001375,-0.006082,-0.059702
-0.003384,0.002497,-0.067060
-0.000562,0.013135,-0.062702
0.009127,0.008807,-0.053167
0.014928,-0.001896,-0.044809
0.016806,-0.015799,-0.037525
0.017652,-0.026547,-0.024865
0.021444,-0.027720,-0.011003
0.023276,-0.019286,-0.000205
0.030111,0.013732,0.005466
0.029232,0.040396,0.005727
0.031372,0.060640,0.009117
0.029690,0.056307,0.015523
0.027922,0.030570,0.030278
0.024125,0.005977,0.033339
0.018273,-0.006868,0.035426
0.016319,-0.006851,0.033289
0.014384,0.000610,0.034422
0.010466,-0.000501,0.037665
0.008557,-0.000437,0.027038
0.008603,-0.000495,0.032418
0.009609,-0.001645,0.044131
0.007681,-0.012456,0.059047
0.004819,0.003522,0.062395
-0.004808,0.018538,0.052910
-0.012443,0.027136,0.044454
-0.010268,0.019678,0.044360
-0.007226,0.006917,0.043093
-0.006264,0.002664,0.045107
-0.009188,0.008042,0.042949
-0.014972,0.026156,0.047355
-0.020716,0.037917,0.044256
-0.022446,0.039034,0.037861
-0.019345,0.030489,0.038856
-0.014335,0.013432,0.036577
-0.018131,-0.005660,0.023562
-0.021033,-0.011857,-0.000036
-0.019048,-0.015968,-0.016171
-0.019189,-0.022362,-0.016248
-0.020371,-0.025510,-0.020595
-0.020493,-0.029669,-0.032420
-0.015737,-0.038255,-0.024000
-0.009105,-0.042538,-0.023997
-0.007309,-0.027600,-0.023865
-0.000544,-0.006261,-0.022632
0.005297,0.011782,-0.011766
0.005325,0.022345,0.000109
-0.000435,0.031859,0.009838
-0.009035,0.035019,0.014156
-0.009833,0.030723,0.018376
-0.009721,0.014663,0.024656
-0.007677,0.008392,0.009617
-0.006640,0.013878,-0.008510
0.001203,0.018259,-0.022364
0.006096,0.019402,-0.031965
0.007067,0.020466,-0.032993
0.000244,0.009775,-0.033031
-0.005615,-0.003099,-0.023549
-0.000767,-0.012849,-0.006514
-0.000860,-0.016101,-0.002227
-0.001801,-0.004351,-0.003205
0.000187,0.004234,-0.008485
0.001204,0.014913,-0.009462
0.003204,0.023447,-0.011475
0.004225,0.034093,-0.011320
0.005313,0.046841,-0.008972
0.000556,0.047844,-0.005658
-0.003242,0.036018,-0.000298
-0.009949,0.016852,-0.005800
-0.005983,-0.000275,0.000470
-0.000160,-0.009890,0.001465
0.002685,-0.001313,-0.003797
-0.005109,0.015885,-0.018618
-0.007007,0.026623,-0.026023
-0.003104,0.022416,-0.030403
0.008601,0.003297,-0.038116
0.018330,-0.012620,-0.044761
0.023145,-0.026483,-0.043857
0.022972,-0.026493,-0.041738
0.017953,-0.025550,-0.025721
0.014917,-0.021348,-0.018189
0.016836,-0.016191,0.005328
0.012808,-0.011026,0.026734
0.008927,-0.008947,0.033172
0.007034,-0.004723,0.039599
0.008975,0.009069,0.047245
0.008055,0.023010,0.035678
0.010181,0.032744,0.017644
0.013233,0.023323,-0.003832
0.016213,-0.005409,-0.010558
0.014229,-0.043751,-0.017349
0.012125,-0.062996,-0.011143
0.005909,-0.065222,0.001629
0.001735,-0.056807,0.017709
-0.000338,-0.036599,0.027466
-0.001363,-0.014255,0.037239
-0.001331,0.001755,0.037363
-0.002201,0.010256,0.041712
-0.000134,0.012524,0.028832
0.000925,-0.001261,0.020121
0.001915,-0.019325,0.014538
-0.002102,-0.039676,0.022929
-0.010069,-0.046075,0.017636
-0.018926,-0.026868,0.012574
-0.019936,0.000902,0.006467
-0.015960,0.001986,0.003295
-0.008075,-0.006530,-0.002061
-0.005198,-0.018266,-0.003211
-0.004261,-0.021428,-0.008570
-0.004382,-0.017247,0.001107
-0.004513,-0.011975,0.006546
-0.006438,0.002999,0.001355
-0.006408,0.012637,-0.002836
-0.003451,0.004072,-0.000745
0.001480,-0.007836,0.017378
-0.004480,-0.010052,0.024896
-0.011321,0.011261,0.025151
-0.016051,0.031577,0.019985
-0.016866,0.034904,0.006089
-0.011820,0.014766,-0.008034
-0.000033,-0.020309,-0.022290
0.007684,-0.048993,-0.032279
0.001598,-0.065923,-0.044303
-0.001639,-0.063795,-0.041133
-0.002047,-0.052214,-0.020754
-0.007254,-0.032142,-0.000181
-0.014129,-0.007695,0.007598
-0.016931,0.018987,0.004675
-0.015859,0.021166,-0.002745
-0.008906,0.009441,-0.007062
-0.001029,-0.003301,-0.013609
0.003843,-0.008440,-0.036130
0.002820,-0.001979,-0.040409
-0.001218,0.001242,-0.040434
-0.003250,0.005494,-0.038263
-0.002321,-0.002013,-0.033002
0.004439,-0.018064,-0.027791
0.008278,-0.034151,-0.020396
0.010089,-0.040557,-0.023580
0.012851,-0.034157,-0.025608
0.012723,-0.027742,-0.027678
0.018456,-0.028831,-0.025539
0.023254,-0.028895,-0.014915
0.016219,-0.024798,0.009624
0.005349,-0.009971,0.026776
-0.001482,0.010165,0.045087
-0.006208,0.023047,0.038719
-0.001135,0.026212,0.043026
0.003931,0.008101,0.038611
0.007978,-0.008860,0.021440
0.008028,-0.016229,0.008567
0.005020,-0.019354,-0.003165
0.003957,-0.015028,-0.011646
0.000899,-0.005426,-0.011560
0.000828,0.005093,0.005659
-0.001159,0.009311,0.011057
-0.005951,0.017847,0.011132
-0.007782,0.017866,0.012129
-0.001858,0.006080,0.017382
0.004024,-0.003496,0.014089
0.005995,-0.010901,0.007582
0.005925,-0.014122,0.010748
0.002942,-0.012033,0.017158
0.000933,-0.007815,0.020463
-0.003950,0.002873,0.018417
-0.005834,0.011452,0.014195
-0.005770,0.000849,0.008696
-0.002810,-0.008824,0.017162
-0.005777,-0.016284,0.016027
-0.009720,-0.015154,0.008555
-0.009752,-0.011994,0.012873
-0.012704,-0.012046,0.018237
-0.014651,-0.008784,0.009739
-0.013666,0.002995,0.003456
-0.010718,0.007393,-0.012532
-0.002862,0.010683,-0.021102
0.002003,-0.008482,-0.025562
0.004852,-0.028710,-0.030039
0.005663,-0.038435,-0.012026
0.003473,-0.037468,0.000793
0.001434,-0.019397,0.008450
-0.004417,0.008381,0.005462
-0.006326,0.020086,0.008786
-0.007202,0.013643,0.013020
-0.009101,0.000832,0.011879
-0.011029,-0.002364,0.009747
-0.012996,-0.006441,-0.013798
-0.010064,-0.003168,-0.023367
-0.007173,-0.008467,-0.025600
-0.002414,-0.012718,-0.028819
-0.001531,-0.005311,-0.019179
-0.002585,0.002122,-0.016930
-0.004494,0.013856,-0.016821
-0.002524,0.012806,-0.016874
0.001437,0.002147,-0.019085
0.005362,-0.019213,-0.013990
0.012063,-0.039562,-0.004556
0.013873,-0.043828,-0.005643
0.014747,-0.021425,-0.004392
0.009756,0.006343,-0.006312
0.004872,0.017030,-0.009399
0.006902,0.008479,-0.009435
0.012728,-0.005482,-0.000956
0.014657,-0.021564,0.007475
0.013596,-0.030167,0.015941
0.010581,-0.021664,0.019236
0.004712,-0.005604,0.015049
-0.002130,-0.000313,0.017302
-0.006997,-0.003540,0.019433
-0.004964,-0.007765,0.015102
-0.007900,-0.013065,0.013919
-0.006030,-0.017326,0.011771
0.001822,-0.003388,0.004397
-0.000150,0.018043,-0.004020
-0.003993,0.032976,-0.003877
-0.004898,0.028707,-0.001823
-0.002873,0.005212,0.003258
-0.005730,-0.018216,0.001887
-0.006792,-0.041655,-0.001546
-0.004014,-0.046919,-0.009096
-0.001274,-0.045808,-0.016524
0.000556,-0.020185,-0.018431
-0.003476,0.003289,-0.019273
-0.006417,0.020293,-0.015810
-0.008262,0.023431,-0.010388
-0.010143,0.011625,-0.005078
-0.002292,-0.007672,0.001267
0.003547,-0.015117,-0.002000
0.009355,-0.007609,-0.007268
0.008316,0.004178,-0.014614
0.009270,0.011658,-0.015625
0.008318,0.008395,-0.008170
0.006379,0.003994,0.007827
0.001480,0.001777,0.015343
0.000565,0.004987,0.013258
0.004539,0.002785,0.019692
0.006549,-0.001477,0.017549
0.012446,-0.012115,0.011095
0.015326,-0.016390,0.012122
0.011345,-0.019601,0.015261
0.007323,-0.018592,0.022741
-0.000549,-0.010056,0.023861
-0.002480,0.001737,0.019632
-0.001450,0.002760,0.027077
0.000519,-0.006817,0.023788
0.002563,-0.006740,0.017313
0.004517,-0.003529,0.018361
0.005406,-0.005640,0.017233
0.002500,-0.007774,0.015125
-0.001355,-0.008811,0.013993
-0.001380,-0.014188,0.019286
-0.000431,-0.013135,0.021420
-0.002443,-0.005675,0.024648
0.001478,0.002854,0.024740
-0.000419,0.009291,0.021566
-0.005219,0.011474,0.016229
-0.009071,0.005103,0.012956
-0.007099,-0.003466,0.017151
-0.006157,-0.001319,0.016090
-0.005169,0.004046,0.010826
-0.005090,0.005159,0.004440
-0.005104,0.000848,0.007653
-0.007025,-0.003438,0.007665
-0.010918,-0.002395,0.008782
-0.012848,0.001895,0.004576
-0.016720,0.006248,-0.002925
-0.014729,0.008363,0.000280
-0.011797,0.004142,-0.004064
-0.007948,0.000982,-0.008382
-0.006011,0.005300,-0.011611
-0.005003,0.009571,-0.012629
-0.005978,0.018138,-0.017865
-0.008817,0.025685,-0.027417
-0.004842,0.015037,-0.029657
-0.000932,-0.010603,-0.026658
0.000015,-0.029803,-0.027886
0.006692,-0.027700,-0.023604
0.006554,-0.007465,-0.018098
0.005507,0.022382,-0.014624
0.004637,0.042580,-0.006935
0.003764,0.050036,-0.005790
0.002986,0.040378,0.000545
0.008015,0.016862,0.005680
0.008095,-0.000213,0.006584
0.005175,-0.002277,-0.001983
0.004187,0.002069,-0.009470
0.009008,0.010505,0.002370
0.008936,0.011573,-0.000762
0.004171,0.019101,-0.009218
0.001354,0.026584,-0.009188
0.000398,0.014800,-0.002894
0.005357,0.010413,0.009928
0.006387,0.020078,0.000438
0.007432,0.030815,-0.002780
0.002668,0.008259,0.012054
0.004697,0.024381,-0.005889
0.007735,0.022307,-0.007110
0.015492,-0.017306,0.005446
0.013496,-0.019467,0.006543
0.012427,-0.011985,0.007621
0.010365,-0.000219,0.001371
0.009448,0.001977,-0.005047
0.013361,-0.008692,-0.004097
0.015236,-0.021625,0.011814
0.013206,-0.023781,0.016037
0.005347,-0.017414,0.020368
0.000404,-0.010000,0.027898
-0.000527,-0.000413,0.030113
0.000493,0.003823,0.035462
-0.003383,0.003888,0.030064
-0.000333,0.006063,0.026838
-0.003229,0.001831,0.022524
-0.007145,-0.003468,0.018199
-0.008100,-0.012018,0.019209
-0.006177,-0.015225,0.018152
-0.012051,-0.018374,0.009620
-0.013031,-0.015141,0.002245
-0.010113,-0.011942,0.004369
-0.010209,-0.011943,0.005420
-0.012161,0.001943,0.004453
-0.017994,0.010519,0.001286
-0.018932,0.008390,0.002300
-0.014981,-0.003337,0.000081
-0.008121,-0.010781,-0.002140
-0.005247,-0.011793,-0.008570
-0.003354,-0.006442,-0.011700
-0.000470,0.008516,-0.015805
-0.001477,0.030885,-0.013421
-0.007225,0.037341,-0.022917
-0.007050,0.034124,-0.019765
-0.008922,0.013752,-0.007134
-0.006995,-0.008681,-0.003080
-0.002181,-0.014010,-0.002098
0.004594,-0.009683,-0.006398
0.004548,-0.002213,-0.005289
0.002580,0.009547,-0.009429
-0.000278,0.024528,-0.016731
0.000747,0.026602,-0.011327
0.000820,0.012730,-0.013536
0.002813,-0.000068,-0.015757
0.004777,-0.013958,-0.013736
0.002746,-0.031030,-0.014931
0.002616,-0.028904,-0.013845
0.008347,-0.019327,-0.008464
0.011176,-0.005432,-0.011545
0.009255,0.014860,-0.011417
0.009314,0.025497,-0.006009
0.008357,0.022278,-0.004944
0.009417,0.002048,-0.008371
0.014311,-0.022552,-0.001112
0.015105,-0.040703,-0.000192
0.014913,-0.043913,-0.000191
0.016749,-0.034340,0.003107
0.014678,-0.014208,0.017245
0.002976,0.013522,0.018565
-0.008550,0.041262,0.019856
-0.008349,0.045556,0.019826
0.000613,0.031689,0.022833
0.005639,0.012577,0.011960
0.005723,-0.003354,0.001173
0.000817,-0.008688,-0.000969
-0.001192,-0.009832,0.003407
-0.006115,-0.006753,0.014210
-0.009046,0.000660,0.017559
-0.009966,0.008088,0.020868
-0.006991,0.003817,0.020837
-0.005941,-0.004657,0.013281
-0.000072,-0.007862,0.013264
-0.003087,-0.007851,0.011144
-0.002163,0.006089,0.001673
-0.007004,0.025409,-0.012054
-0.006905,0.028619,-0.012049
-0.005908,0.012562,-0.007871
-0.003935,-0.008797,-0.003821
-0.000066,-0.025892,0.001318
0.002734,-0.035468,0.001165
0.001631,-0.034322,-0.004261
0.001513,-0.033191,-0.008604
0.002346,-0.044868,-0.014093
0.009007,-0.051295,-0.010942
0.014578,-0.049201,-0.007684
0.016407,-0.027899,-0.004262
0.009534,0.000810,0.007753
0.000768,0.029481,0.023007
-0.005913,0.045397,0.031744
-0.006675,0.048502,0.042481
-0.008374,0.033494,0.051947
-0.008189,0.017512,0.049654
-0.008075,0.011231,0.034642
-0.011902,0.005006,0.015300
-0.013825,0.001936,-0.000755
-0.011925,-0.008670,-0.008337
-0.011983,-0.013946,-0.013768
-0.012101,-0.013912,-0.016993
-0.016062,-0.006403,-0.020168
-0.021953,-0.007425,-0.024479
-0.020049,-0.014871,-0.025651
-0.015237,-0.027644,-0.028980
-0.007591,-0.034063,-0.024809
-0.003866,-0.027724,-0.017269
-0.005913,0.004261,-0.013788
-0.012717,0.043783,-0.016693
-0.012534,0.069380,-0.016440
-0.006393,0.074745,-0.017518
0.001655,0.051260,-0.016649
0.007667,0.024580,-0.014776
0.002811,0.011769,-0.011732
-0.002105,0.015992,-0.007394
-0.003032,0.026750,-0.017989
-0.003910,0.032075,-0.016872
0.004008,0.029932,-0.015820
0.013827,0.030028,-0.024438
0.013908,0.028992,-0.028712
0.012029,0.014131,-0.038456
0.013012,-0.000798,-0.038607
0.011897,-0.023343,-0.023802
0.015623,-0.036269,-0.009999
0.014485,-0.036353,-0.001414
0.007530,-0.023593,0.002996
0.001657,-0.006550,0.005312
-0.000257,0.001902,0.013973
0.003726,0.007284,0.007623
0.005752,0.004115,0.004374
0.015529,0.007310,0.006507
0.018499,0.006334,-0.004197
0.007831,0.011799,-0.019131
-0.001982,0.006439,-0.013883
-0.005002,-0.015089,0.007337
-0.006027,-0.027950,0.013650
-0.008035,-0.019323,0.003030
-0.005139,-0.005440,0.003119
-0.003221,-0.004431,0.006415
-0.001204,0.003033,0.003357
-0.003058,0.016988,-0.009290
-0.003054,0.019177,-0.016737
-0.000095,-0.000033,-0.017938
0.003761,-0.022445,-0.016028
0.003588,-0.034189,-0.016114
0.003451,-0.014963,-0.017044
0.004385,0.014913,-0.015737
0.004426,0.036235,-0.014458
0.005564,0.046886,-0.012226
0.006692,0.037223,-0.003787
0.008696,0.012472,0.021647
0.006748,-0.002552,0.030108
-0.001953,0.005987,0.030174
-0.009703,0.023106,0.024972
-0.009639,0.021026,0.017490
-0.003651,0.012539,0.007878
0.001274,-0.006640,0.003456
-0.000720,-0.014043,-0.006193
-0.004635,-0.004409,-0.009329
-0.011576,0.007366,-0.014555
-0.009591,0.015914,-0.015556
-0.007555,0.020153,-0.010215
-0.002682,0.006253,-0.006075
0.001286,-0.011881,-0.005201
0.002236,-0.033164,-0.010764
0.006014,-0.033089,-0.020374
0.006857,-0.025585,-0.024582
0.010595,-0.021328,-0.025563
0.011462,-0.010724,-0.016930
0.005530,-0.007573,-0.009451
-0.002338,-0.015136,0.001186
-0.007268,-0.021630,0.012874
-0.008278,-0.019502,0.012906
-0.003397,-0.009871,0.010825
0.005440,0.006235,0.000245
0.010393,0.019132,-0.008251
0.016258,0.019120,-0.005084
0.012362,0.011644,-0.005133
0.004590,0.001020,-0.009528
-0.001286,-0.013973,-0.003240
0.000547,-0.030049,0.005172
-0.001508,-0.034357,0.009423
-0.003548,-0.020412,0.002031
0.000317,-0.005444,-0.000009
0.003197,0.001993,0.003277
0.005163,0.011554,0.005561
0.001309,0.013695,0.003473
-0.007388,0.012678,-0.001897
-0.009277,0.005120,0.010819
-0.011229,-0.002389,0.016086
-0.010248,0.007277,0.009731
-0.010196,0.024471,-0.002989
-0.007173,0.029889,-0.011526
-0.004114,0.024640,-0.022254
-0.002125,0.016135,-0.026592
-0.000170,0.010759,-0.022350
-0.001211,0.009643,-0.017000
-0.005116,0.013883,-0.015844
-0.009956,0.013873,-0.014772
-0.009916,0.002124,-0.014845
-0.006024,-0.019222,-0.015013
0.002712,-0.036258,-0.019438
0.012358,-0.032949,-0.033287
0.016104,-0.016833,-0.045988
0.013010,-0.001881,-0.046942
0.012847,-0.003008,-0.036335
0.011806,-0.007430,-0.016100
0.006871,-0.010781,0.002043
0.000997,-0.008823,0.022390
0.001095,-0.001410,0.026786
0.002199,0.005014,0.022600
0.008135,0.002936,0.014070
0.011114,-0.009778,0.001173
0.016938,-0.018289,-0.003150
0.012958,-0.012852,-0.014873
0.012838,-0.003264,-0.010569
0.002011,0.003058,-0.002986
-0.000902,0.006234,0.000245
-0.005739,-0.001268,0.005495
0.001089,-0.013053,0.010747
0.006891,-0.026953,0.012797
0.004861,-0.029081,0.008578
0.000922,-0.028028,0.006533
0.002819,-0.015270,0.009901
0.003706,-0.004701,0.018624
-0.000196,-0.002632,0.025089
-0.007926,0.002674,0.029394
-0.012794,0.002713,0.027202
-0.017645,-0.006849,0.023872
-0.013714,-0.009955,0.014183
-0.009796,-0.000258,0.006702
-0.008855,0.005196,-0.005067
-0.008838,0.014845,-0.009285
-0.013688,0.012756,-0.015696
-0.013666,0.009555,-0.015723
-0.011688,-0.006520,-0.007316
-0.007804,-0.020396,-0.008470
-0.003983,-0.019333,-0.009494
-0.000162,-0.009635,-0.020117
0.003683,0.001137,-0.030749
0.003636,0.000065,-0.030744
0.005530,-0.010649,-0.027584
0.008339,-0.022454,-0.019144
0.006230,-0.035312,-0.012840
0.005141,-0.036468,-0.001112
0.005013,-0.023714,0.006450
0.004893,-0.011998,0.006606
0.003906,-0.005539,0.001284
0.003923,-0.014060,0.001172
0.005814,-0.033226,-0.002237
0.003798,-0.044873,-0.009895
0.001667,-0.047965,-0.021712
0.004371,-0.038322,-0.025913
0.004220,-0.024445,-0.024765
0.007056,-0.010636,-0.018208
0.006032,0.007353,-0.001973
0.006033,0.014662,0.017335
0.001268,0.019876,0.030246
-0.001503,0.026168,0.045234
-0.003328,0.027260,0.043086
-0.006036,0.013493,0.030145
-0.002006,-0.000238,0.013970
0.000924,-0.012963,0.003194
0.005765,-0.022486,-0.010692
0.001767,-0.008631,-0.013669
0.001676,0.012654,-0.009157
-0.002240,0.030682,0.000702
-0.005989,0.038124,0.003975
-0.005808,0.024232,0.009142
0.000138,-0.007894,0.024853
