0.001088,0.028253,-0.028046
0.001135,0.012266,-0.030328
0.004069,-0.009170,-0.020938
0.003074,-0.023066,-0.016836
0.005952,-0.025266,-0.010503
0.010789,-0.024327,0.002239
0.010729,-0.015883,0.011826
0.010685,-0.003162,0.020426
0.009721,-0.004220,0.019334
0.000972,-0.021264,0.015981
0.000903,-0.038322,0.013691
0.005664,-0.047830,0.004058
0.001678,-0.048810,-0.004454
-0.006236,-0.044509,-0.007586
-0.007283,-0.029543,-0.010651
0.000471,-0.006043,-0.012540
-0.000518,0.012102,-0.012347
-0.002257,0.012092,-0.011272
-0.004609,0.008810,-0.002778
-0.002545,0.015153,0.003699
-0.006464,0.020447,0.007983
-0.010368,0.026835,0.009058
-0.010490,0.027870,0.012215
-0.005816,0.020493,0.002552
-0.004077,0.010710,-0.085556
-0.024996,0.012008,-0.526082
-0.040806,0.030519,-0.459418
-0.025012,0.008391,-0.065194
-0.010328,-0.009602,0.023476
-0.016403,-0.011494,0.000212
-0.005705,-0.006252,0.009821
-0.003769,-0.003090,0.014135
0.001200,0.002255,0.013142
0.002813,0.001271,0.004624
0.004662,-0.001939,0.005657
0.007829,0.013983,0.014291
0.006829,0.016103,0.015358
0.012688,0.029891,0.023974
0.004870,0.042623,0.031491
-0.001947,0.040508,0.029323
0.000913,0.028737,0.032404
-0.001071,0.020345,0.017420
-0.000147,0.004486,0.002419
0.005587,-0.013647,0.001172
0.004531,-0.017816,-0.008401
0.007388,-0.013558,-0.007303
0.010219,-0.011448,-0.005140
0.009233,-0.007146,-0.008272
0.007283,-0.001859,-0.002901
0.006298,-0.002966,0.001369
0.012154,0.000165,0.008843
0.012163,-0.001999,0.012035
0.007293,-0.007366,0.015165
0.007261,-0.015893,0.014022
0.008148,-0.024361,0.006487
0.011942,-0.029657,0.002162
0.012801,-0.031770,-0.000007
0.014665,-0.025380,0.001082
0.015593,-0.012442,-0.012618
0.010698,-0.000653,-0.017856
0.005818,0.011090,-0.018855
0.002927,0.013264,-0.023115
0.003910,0.000458,-0.022134
0.004891,-0.013437,-0.020147
0.006802,-0.012393,-0.018000
0.005787,-0.019853,-0.019126
0.003729,-0.024214,-0.009623
-0.002187,-0.021020,-0.008485
-0.003184,-0.016684,-0.014801
0.000698,-0.010280,-0.014738
-0.001268,-0.009144,-0.022133
-0.001260,-0.003883,-0.014659
-0.001263,-0.004946,-0.014656
-0.002260,-0.013518,-0.011589
-0.004220,-0.006073,-0.009457
-0.009133,0.009935,-0.009303
-0.010086,0.019588,-0.014551
-0.006160,0.018491,-0.011350
-0.003216,0.014240,-0.012422
-0.006161,0.004617,-0.010357
-0.010092,-0.001829,-0.006126
-0.009142,0.001298,0.001343
-0.011102,0.003401,0.004545
-0.011106,0.005600,-0.001789
-0.004263,0.005484,0.009882
-0.000362,0.007605,0.010934
-0.000366,-0.012694,0.012858
-0.008229,-0.037312,0.020071
-0.001496,-0.044808,0.023215
0.005225,-0.050061,0.014653
0.006072,-0.038324,0.014763
0.004015,-0.015923,0.016047
0.005964,0.011831,0.015201
0.007940,0.029991,0.013210
0.007032,0.034311,0.007922
0.004200,0.033330,-0.000562
0.004329,0.019566,-0.011280
-0.000515,-0.005934,-0.022065
-0.010337,-0.032563,-0.026452
-0.014367,-0.064467,-0.037293
-0.010637,-0.071901,-0.040500
-0.010844,-0.048472,-0.034921
-0.000228,-0.026100,-0.030433
0.004630,0.003683,-0.020637
0.009557,0.039820,-0.005453
0.015568,0.053542,0.009502
0.018689,0.043842,0.017824
0.012975,0.034095,0.031478
0.012041,0.016983,0.034435
0.011072,0.009496,0.035341
0.012945,-0.007583,0.035123
0.020644,-0.013970,0.032882
0.016650,-0.013876,0.023270
0.003888,-0.020246,0.020031
-0.004951,-0.021157,0.004129
-0.006948,-0.017879,-0.003242
-0.005026,-0.023061,-0.018109
-0.001177,-0.019792,-0.024405
-0.002193,-0.002682,-0.027384
-0.007052,0.012229,-0.024022
-0.010876,0.020650,-0.012255
-0.011762,0.023800,-0.006901
-0.007780,0.009836,0.002546
-0.005808,-0.003120,0.017281
-0.005818,-0.012823,0.026769
-0.001950,-0.031955,0.019188
0.002814,-0.032073,0.030809
-0.000217,-0.017121,0.029893
0.008534,-0.012741,0.018176
0.010445,-0.010586,0.016072
0.009448,-0.010456,0.003332
0.007477,-0.010361,-0.006224
0.008432,-0.004974,-0.011503
0.008426,-0.011333,-0.015796
0.003539,-0.008154,-0.013660
-0.001363,-0.001794,-0.009367
-0.002339,0.000304,-0.006164
-0.002314,-0.004039,0.001219
-0.003292,0.002323,0.005547
-0.000366,0.008727,0.005645
0.003562,0.006580,0.007767
-0.001296,0.003399,0.005610
-0.005188,-0.001909,0.002361
-0.007152,0.000161,0.008738
-0.009115,-0.003066,0.010805
-0.005231,-0.013811,0.018146
-0.006272,-0.023433,0.020197
-0.000497,-0.023422,0.019136
0.000422,-0.018076,0.018100
-0.000591,-0.018099,0.020202
-0.002574,-0.027587,0.008454
0.004202,-0.028568,-0.000036
0.008982,-0.027458,-0.004236
0.008945,-0.003971,-0.005099
0.008956,0.014255,-0.013442
0.005114,0.032297,-0.003776
0.003229,0.040815,-0.001538
0.004322,0.033438,-0.011194
0.009264,0.016309,-0.006044
0.008332,-0.000797,-0.003011
0.005388,-0.006161,0.000146
0.003426,-0.001871,-0.001932
0.007303,-0.000868,0.004437
0.003371,-0.006161,0.000146
-0.006432,-0.015807,0.004306
-0.006483,-0.012532,-0.003100
0.000306,-0.006066,-0.009417
0.002242,0.006720,-0.007162
0.003240,0.012053,-0.006029
0.000378,0.017444,-0.011260
-0.000571,0.016343,-0.008043
0.001416,0.009961,-0.010221
0.004365,0.002462,-0.007075
0.010233,-0.007174,-0.003969
0.008262,-0.010365,-0.005065
0.009182,-0.012561,0.001310
0.012058,-0.011474,-0.000817
0.013006,-0.020033,0.001217
0.006156,-0.027461,-0.003106
0.006084,-0.020995,-0.009430
0.003108,-0.009215,-0.013593
0.004072,0.000432,-0.017753
0.007998,0.007923,-0.019810
0.005097,0.010077,-0.021927
0.004156,0.011174,-0.025128
0.000307,0.009073,-0.028316
-0.000619,0.000558,-0.030527
-0.000625,-0.005865,-0.028454
0.000347,-0.005887,-0.026318
-0.000615,-0.003795,-0.022055
-0.006461,-0.008075,-0.021031
-0.005509,-0.007039,-0.017832
-0.004551,-0.017753,-0.013681
-0.002654,-0.028444,-0.011632
-0.002707,-0.034911,-0.005322
-0.001793,-0.032842,0.001035
-0.001868,-0.026384,-0.004200
-0.004834,-0.014616,-0.007315
-0.006827,-0.001876,-0.000844
-0.006819,0.003491,-0.003988
-0.003838,0.010984,-0.006038
-0.001849,0.012147,-0.015578
0.000138,0.012083,-0.009226
0.003088,0.013162,-0.010264
-0.001730,0.017446,-0.012375
-0.004632,0.023860,-0.013366
-0.004582,0.024900,-0.010104
-0.003526,0.014166,-0.003817
-0.007436,0.003478,-0.001783
-0.005511,-0.008261,-0.001892
-0.003588,-0.014730,0.004383
-0.003618,-0.005095,0.001270
-0.009475,0.011967,0.002473
-0.007497,0.013100,-0.003856
-0.003568,0.009919,-0.006020
0.000356,0.003483,-0.002906
0.001364,-0.005033,-0.005088
0.000359,-0.011468,-0.001961
0.001287,-0.015861,0.010782
0.003181,-0.017962,0.007587
0.008023,-0.009435,0.008744
0.008980,0.003400,0.005638
0.007066,0.013039,0.002545
0.008074,0.016257,0.000389
0.010069,0.020547,-0.001689
0.010113,0.020556,-0.002771
0.010172,0.017374,-0.004920
0.007297,0.020640,-0.011251
-0.000462,0.031304,-0.010105
0.001528,0.036693,-0.015357
0.006465,0.032455,-0.018570
0.005561,0.019650,-0.018675
-0.000260,-0.004945,-0.013563
-0.001291,-0.021027,-0.006283
-0.000377,-0.027439,-0.005257
0.002517,-0.024227,-0.006283
0.004431,-0.018923,-0.003046
0.001486,-0.008241,-0.004007
-0.002430,-0.002853,-0.009272
-0.003383,-0.000646,-0.016708
-0.004350,-0.000670,-0.014628
-0.005320,0.011110,-0.018791
-0.003312,0.015341,-0.014497
-0.005234,0.014252,-0.012391
-0.007171,0.016332,-0.007053
-0.006180,0.014201,-0.007030
-0.008098,0.007734,-0.000691
-0.006144,-0.009337,-0.000799
-0.008119,-0.027456,-0.003072
-0.003313,-0.031691,-0.006265
-0.000450,-0.023161,-0.005102
-0.001457,-0.015713,-0.002922
-0.000496,-0.003999,-0.000710
0.000473,0.001331,-0.000733
-0.000481,0.005577,0.001391
-0.000455,0.002382,0.000240
-0.003370,-0.005086,0.000159
0.002472,-0.012577,0.002216
-0.000510,-0.006175,0.002308
-0.002487,-0.001925,0.004502
-0.001534,-0.014717,0.003392
0.002316,-0.017950,0.006554
-0.002606,-0.017932,0.005512
-0.005544,-0.020118,0.010812
0.003176,-0.026593,0.017082
0.002147,-0.021228,0.013911
0.002113,-0.005212,0.012948
0.002105,0.002353,0.003450
0.003125,0.006615,0.003440
0.002172,0.010927,-0.000767
0.000263,0.011997,-0.000737
-0.002647,0.002382,0.000233
-0.000691,-0.007273,0.005481
-0.000725,-0.009424,0.007633
-0.001729,-0.014802,0.011837
-0.010545,-0.026631,0.021346
0.005921,-0.029812,0.019175
0.005886,-0.026507,0.008544
0.004844,-0.015819,0.006467
0.006752,-0.011415,-0.007323
0.004818,0.002540,-0.015739
0.001909,0.018588,-0.019864
0.000031,0.020708,-0.018804
0.001042,0.024994,-0.020930
-0.000858,0.016367,-0.011401
0.003059,0.000276,-0.003046
0.002055,-0.007309,0.008609
0.002040,-0.011639,0.014972
0.002997,-0.007421,0.020335
0.001971,-0.009552,0.020358
0.000033,-0.009477,0.012916
-0.003873,-0.008303,0.002316
-0.003894,-0.009338,-0.000862
-0.001973,-0.008173,-0.010374
-0.003936,-0.006029,-0.011424
-0.005901,0.005709,-0.011321
-0.002962,0.011098,-0.016587
0.000960,-0.000639,-0.016682
0.002908,-0.008164,-0.011428
0.003852,-0.008215,-0.006095
0.004808,-0.000788,-0.001779
0.003843,-0.002911,-0.002844
0.002873,-0.005067,-0.000769
0.000904,-0.005122,0.004515
-0.001057,-0.009371,0.002335
-0.000084,-0.023256,0.003254
0.002770,-0.038203,0.004183
0.001708,-0.037190,0.009491
-0.001315,-0.034010,0.011627
-0.012092,-0.034109,0.021134
0.003404,-0.029797,0.016948
-0.000526,-0.017964,0.007481
-0.008395,-0.007318,0.009698
-0.001595,-0.002982,0.003417
-0.000587,-0.003941,-0.007209
0.000393,-0.003895,-0.011405
0.000413,-0.000639,-0.016682
0.002361,0.006842,-0.017678
0.001379,0.003544,-0.008157
0.004304,-0.013616,0.000182
0.005263,-0.032935,0.010597
-0.000678,-0.047909,0.013615
0.006992,-0.045873,0.023162
0.005912,-0.027672,0.016906
-0.002903,-0.006339,0.018111
-0.007795,0.001213,0.009646
-0.007764,0.008676,0.010814
-0.005818,0.014056,0.006644
0.000064,0.014099,0.002443
0.000102,0.014077,0.004551
-0.001802,0.013023,0.003515
-0.004684,0.007734,-0.000734
-0.008560,-0.001921,0.004515
-0.006635,-0.005069,-0.000818
-0.002752,-0.002918,-0.001820
-0.000797,-0.009332,-0.000822
-0.002780,-0.014652,-0.003024
-0.004787,-0.016819,0.000133
-0.008738,-0.007277,0.006590
-0.006792,0.002262,0.013033
-0.004838,0.002226,0.016196
0.000037,0.000068,0.018265
-0.002909,-0.003171,0.022500
-0.007795,-0.012799,0.024511
0.000931,-0.016065,0.030828
0.007699,-0.015990,0.023401
0.003737,-0.006387,0.023471
0.000776,0.005384,0.020397
0.000814,0.011838,0.015156
0.003766,0.016205,0.005672
0.005751,0.013126,-0.005979
0.005792,0.005712,-0.011315
0.006774,0.000410,-0.014502
0.009697,0.000431,-0.016624
0.011660,0.006846,-0.017658
0.008748,0.009982,-0.011278
0.003901,0.007823,-0.009209
0.003911,-0.012541,-0.000940
0.000935,-0.040364,0.006246
0.003750,-0.059678,0.016695
0.011381,-0.058588,0.014561
0.003459,-0.033962,0.006252
-0.004436,-0.009376,0.002223
0.002400,0.010956,-0.002856
0.009279,0.025938,-0.006948
0.008370,0.027082,-0.014331
0.005525,0.021726,-0.012242
0.003627,0.013193,-0.012275
0.001720,-0.003893,-0.011356
0.003639,-0.023144,-0.007280
0.005526,-0.031689,-0.006294
0.006433,-0.030603,-0.008434
0.002485,-0.023125,-0.009458
-0.002415,-0.009225,-0.012575
-0.004381,0.005725,-0.013512
-0.002414,0.014231,-0.010241
-0.001414,0.018405,-0.000669
-0.001379,0.009848,0.001392
-0.002290,0.017285,0.004669
-0.002244,0.010917,0.001458
-0.002264,-0.000909,0.009801
-0.001307,-0.009475,0.012937
-0.000355,-0.020135,0.011776
0.001517,-0.021151,0.006441
0.004393,-0.028601,0.004275
0.006294,-0.032804,-0.002114
0.002324,-0.030673,-0.002109
0.003234,-0.016781,-0.004130
0.008081,-0.003937,-0.007175
0.005168,-0.003979,-0.002924
0.002241,-0.010402,-0.000845
0.000267,-0.011468,-0.000840
0.003157,-0.014694,0.001255
0.002152,-0.016818,0.000169
-0.001767,-0.013608,-0.000885
0.001129,-0.004014,0.000238
0.004065,0.007767,-0.003910
-0.001747,0.011021,-0.009194
-0.003646,0.016384,-0.012379
-0.002631,0.019616,-0.015548
-0.003562,0.008919,-0.013539
-0.004502,-0.011323,-0.016892
-0.004525,-0.014551,-0.013725
-0.007493,0.001492,-0.016726
-0.007495,-0.000611,-0.019921
-0.005525,-0.007090,-0.012564
-0.005529,-0.003919,-0.009353
-0.002620,0.006710,-0.005016
-0.002584,0.005658,-0.007181
-0.001583,0.006682,-0.002934
-0.003514,0.011929,0.005573
-0.005434,0.006614,0.003405
-0.003482,-0.001943,0.005431
-0.000576,-0.003063,0.010733
0.000393,-0.000938,0.011833
-0.002526,0.002347,0.003353
-0.007397,0.001282,0.003357
-0.005463,-0.001864,-0.001948
-0.002528,0.002459,-0.007202
0.004302,0.005695,-0.010323
0.003349,0.009976,-0.011340
0.002397,0.004652,-0.012434
0.001419,0.002463,-0.007168
0.001405,-0.002916,-0.002971
0.007257,-0.002944,0.000225
0.005313,0.000215,0.004497
0.001397,-0.003067,0.011898
-0.000555,-0.003044,0.009797
0.003316,-0.007322,0.010834
0.005244,-0.012594,0.004408
0.009121,-0.010406,-0.000886
0.009091,-0.005039,-0.004029
0.010088,0.003605,-0.014586
0.015004,0.004747,-0.022004
0.010143,0.002654,-0.026273
0.009176,0.004768,-0.024119
0.004331,0.002652,-0.026280
0.001418,0.000435,-0.017783
-0.000513,-0.001764,-0.011428
0.001436,-0.005007,-0.007191
-0.003473,-0.006148,0.000241
-0.008369,-0.020023,0.000092
-0.002563,-0.031762,0.000004
0.001274,-0.032798,-0.003202
0.005105,-0.026353,-0.007426
0.006048,-0.000691,-0.012535
0.004120,0.012145,-0.015605
0.000283,0.011128,-0.020968
-0.005535,0.002616,-0.023173
-0.009442,0.000451,-0.019995
-0.005553,-0.001723,-0.015728
-0.004560,-0.007088,-0.012557
-0.006549,-0.016829,0.001173
-0.005629,-0.015835,0.008630
-0.007623,-0.013700,0.008670
-0.002784,-0.009484,0.014012
0.003049,-0.010512,0.009752
0.000131,-0.005071,-0.000832
-0.000829,0.005674,-0.008187
-0.001763,0.013207,-0.014501
-0.000743,0.013227,-0.016623
0.002196,0.010066,-0.020922
0.003190,0.002557,-0.016752
0.002217,-0.003919,-0.009360
-0.002674,-0.006087,-0.006195
-0.007548,0.000263,-0.000827
-0.008518,0.003486,-0.002907
-0.005595,0.001318,0.000243
-0.004604,0.000255,0.000240
-0.004595,-0.002968,0.002341
-0.004601,-0.001902,0.002337
-0.005610,0.001255,0.006595
-0.007557,0.006537,0.011947
-0.005584,0.002249,0.014052
-0.003639,-0.005179,0.009736
-0.000754,-0.004077,0.006597
0.003135,0.003437,0.002446
0.003134,0.008753,0.004635
0.002192,0.007718,0.001450
0.003200,0.009810,0.005720
0.003220,0.011959,0.004719
0.006198,0.008733,0.006778
0.006204,0.002287,0.010952
0.006204,-0.006294,0.015101
0.004220,-0.009498,0.015045
0.001280,-0.006247,0.009713
-0.002636,0.005521,0.006619
-0.002639,0.009843,0.001358
0.001270,0.005715,-0.012473
0.004199,0.001510,-0.018876
0.009043,-0.001732,-0.014653
0.006125,0.004672,-0.014584
0.005186,0.008909,-0.011335
0.006177,0.015218,-0.001709
0.009134,0.008774,0.002506
0.007205,-0.014747,0.006518
0.000335,-0.027607,0.011711
-0.000704,-0.024385,0.009617
0.002178,-0.014734,0.005477
0.002166,-0.008235,-0.004009
0.007036,-0.004971,-0.010361
0.005099,0.002509,-0.011357
0.001195,0.005740,-0.014532
0.002210,0.003647,-0.018823
0.002215,0.001511,-0.018883
-0.004591,0.000433,-0.017825
-0.006526,-0.005984,-0.016818
-0.005581,-0.012504,-0.005203
-0.000740,-0.017856,-0.003122
-0.003726,-0.021151,0.006426
-0.003785,-0.027610,0.011698
-0.009711,-0.029756,0.012733
-0.009791,-0.025473,0.011708
-0.008842,-0.012657,0.010759
-0.003990,-0.001922,0.004487
-0.002992,0.006636,0.002425
0.000905,0.013079,-0.001762
-0.000034,0.019513,-0.004889
0.002944,0.011018,-0.009207
0.003945,0.008895,-0.010280
0.002973,0.007754,-0.002841
0.003975,0.000253,0.000290
0.002036,-0.013646,0.003364
0.000029,-0.014827,0.015061
-0.000012,-0.000904,0.009856
-0.002920,0.000141,0.011974
-0.002905,-0.008416,0.013985
-0.000994,-0.010489,0.007566
-0.001020,-0.012547,-0.000959
0.001867,-0.014631,-0.006324
-0.001092,-0.005005,-0.008384
-0.002071,0.006776,-0.012525
0.000883,0.008929,-0.013535
0.005783,0.015272,-0.007065
0.003858,0.018450,-0.004893
-0.001928,0.017353,-0.001691
-0.004814,0.008776,0.002506
-0.003826,0.004485,0.004584
0.000070,-0.008340,0.006636
0.001990,-0.012653,0.010822
0.007801,-0.010477,0.006576
0.008757,-0.001900,0.002372
0.009751,0.005694,-0.010308
0.005876,0.004690,-0.016704
0.005867,0.005799,-0.020939
0.008834,0.006899,-0.024099
0.010796,0.002656,-0.026245
0.006902,-0.002691,-0.025238
0.003984,0.004735,-0.020928
0.006937,0.006805,-0.014536
0.004038,-0.001794,-0.008238
-0.000846,-0.018827,-0.012652
0.000094,-0.020960,-0.012693
0.001998,-0.017716,-0.016916
0.004871,-0.013440,-0.017939
0.005840,-0.002703,-0.024198
0.001951,0.007965,-0.024103
-0.002903,0.009011,-0.021972
-0.001894,0.009004,-0.020912
-0.003808,-0.000620,-0.018854
-0.005741,-0.007068,-0.014657
-0.007704,-0.009234,-0.011493
-0.008700,-0.011437,-0.004037
-0.008723,-0.012506,-0.004074
-0.008731,-0.012525,-0.001938
-0.006825,-0.015750,0.000128
-0.005890,-0.022134,-0.002070
-0.001065,-0.018911,-0.004151
-0.003046,-0.009317,-0.003006
-0.006972,0.000278,-0.001840
-0.008883,0.008839,-0.003896
-0.003991,0.013055,0.001454
-0.000074,0.010862,0.006742
-0.002015,0.002313,0.007715
-0.001985,-0.001963,0.008737
0.001898,-0.017928,0.004339
0.005743,-0.021124,0.003238
0.002767,-0.008277,-0.000915
0.001796,0.010966,-0.003889
-0.002063,0.014251,-0.012370
-0.003007,0.013175,-0.011325
-0.007860,0.010988,-0.006025
-0.004924,0.005622,-0.002889
-0.006852,0.001289,0.003440
-0.008803,0.002305,0.008761
-0.006849,0.004409,0.011983
-0.006841,0.000075,0.018312
-0.004900,-0.001002,0.019364
-0.002978,-0.004174,0.016139
0.001901,-0.005199,0.011879
0.001907,0.002306,0.008789
-0.000046,0.014119,0.001471
0.001919,0.012027,-0.002820
0.006826,0.009892,-0.002845
0.007788,0.009869,-0.000723
0.004882,-0.000792,-0.001877
-0.003882,-0.004060,0.004434
0.006789,-0.010601,0.018178
0.010684,-0.021214,0.012806
0.007680,-0.025494,0.013830
0.003700,-0.019113,0.016001
-0.000201,-0.010555,0.013947
0.007593,-0.002963,0.001239
0.003703,0.002424,-0.004047
0.001753,0.008890,-0.010364
0.002747,0.013189,-0.013530
0.001815,0.017440,-0.011358
0.001852,0.011039,-0.011393
0.002845,-0.000740,-0.007217
0.005747,0.000289,-0.002915
0.008671,-0.008230,-0.005118
0.010620,-0.010363,-0.005116
0.007645,-0.013602,-0.000866
0.001771,-0.011458,-0.001922
-0.003103,-0.008290,0.001254
-0.007996,-0.000885,0.007671
-0.007019,0.001300,0.002343
-0.007016,0.001285,0.003356
-0.012857,-0.000821,0.000134
-0.011893,0.003446,0.000151
-0.008008,0.004518,0.000194
-0.008961,0.002439,-0.005102
-0.006053,0.004596,-0.007149
-0.005057,0.008847,-0.004934
-0.005982,0.009907,-0.003801
-0.008896,0.006602,0.006808
-0.008893,0.000147,0.012093
-0.008883,-0.009491,0.015164
-0.006967,-0.010613,0.020418
-0.006999,-0.007458,0.024641
-0.007005,0.000030,0.022521
-0.009955,-0.003206,0.025642
-0.007047,-0.002130,0.024570
-0.002220,-0.008480,0.019209
0.003593,-0.010561,0.013899
0.000625,-0.003120,0.017189
0.000587,0.003244,0.021538
0.003514,0.001113,0.021567
0.008382,-0.006341,0.020475
0.008369,-0.012733,0.019358
0.002491,-0.011645,0.017253
0.005383,-0.014817,0.014014
0.008277,-0.010484,0.007664
0.008250,-0.006229,0.008728
0.006296,0.000139,0.011946
0.005332,0.001237,0.008751
0.008254,-0.004153,0.013996
0.007268,-0.007345,0.012886
0.006271,-0.004176,0.016112
0.003307,-0.004228,0.021437
0.001330,-0.008508,0.022447
0.003246,-0.014897,0.021350
0.002221,-0.022354,0.020230
0.007039,-0.028694,0.013795
0.011840,-0.028666,0.010592
0.010806,-0.020079,0.005320
0.006881,-0.014637,-0.005258
0.006876,-0.014584,-0.010563
0.005884,-0.014508,-0.017983
0.007798,-0.008095,-0.018988
0.006792,-0.003837,-0.017868
0.009728,0.000410,-0.015709
0.009737,0.000377,-0.012533
0.010706,0.002492,-0.010365
0.008779,0.006753,-0.009246
0.005851,0.007822,-0.009209
0.010739,0.006728,-0.005966
0.014662,-0.006076,-0.006050
0.007839,0.004680,-0.014430
0.001043,0.013233,-0.015347
0.000104,0.012190,-0.017458
0.000142,0.003623,-0.014336
0.001137,-0.002812,-0.011230
0.002120,-0.005992,-0.013374
0.003081,-0.010262,-0.013446
-0.001801,-0.006991,-0.020907
-0.003760,0.014358,-0.021823
-0.002753,0.021845,-0.023928
0.001217,0.026151,-0.028168
0.000299,0.017613,-0.028250
-0.001623,0.014360,-0.022980
-0.001590,0.022843,-0.017608
-0.003491,0.019603,-0.013393
-0.001481,0.014227,-0.009161
0.000517,0.022709,-0.003773
0.000556,0.024855,-0.004795
0.000618,0.017394,-0.005935
-0.006168,0.008866,-0.007091
-0.006149,0.005652,-0.006050
-0.008092,-0.002810,-0.013545
-0.011004,-0.000640,-0.016703
-0.011999,0.006767,-0.010258
-0.011007,0.015284,-0.008055
-0.012910,0.016318,-0.004876
-0.012847,0.011997,0.000377
-0.012810,0.006632,0.003548
-0.008922,-0.009379,0.003402
-0.005047,-0.018952,0.000129
-0.002172,-0.013672,0.005453
-0.001247,-0.000898,0.008754
-0.005141,0.003391,0.006656
-0.008033,0.006625,0.003508
-0.006065,0.004494,0.003481
-0.004126,-0.005133,0.005498
-0.002188,-0.008377,0.009721
-0.001252,-0.011577,0.009707
0.000662,-0.007321,0.010813
-0.001309,0.003392,0.006641
0.000590,-0.009443,0.009754
0.002548,0.000081,0.018388
0.010343,-0.013638,0.003411
0.009312,-0.016960,0.015013
0.006354,-0.017966,0.008674
0.009299,-0.008324,0.004459
0.007320,0.000229,0.003478
0.006359,0.002425,-0.002897
0.009308,0.015300,-0.010246
0.009362,0.027047,-0.011233
0.005540,0.030313,-0.017592
0.005614,0.031334,-0.013387
0.001765,0.030221,-0.009166
0.000848,0.022738,-0.008198
0.003803,0.014178,-0.006157
0.002858,0.013113,-0.006145
0.003860,0.004642,-0.012544
0.001911,-0.003891,-0.012577
0.000934,0.000369,-0.011444
0.008722,-0.002785,-0.015647
0.013601,-0.026209,-0.021171
0.006726,-0.035824,-0.020201
0.001784,-0.031519,-0.023327
-0.000231,-0.010219,-0.018896
-0.003149,0.014269,-0.013376
-0.001134,0.021728,-0.012257
-0.003976,0.023852,-0.011199
-0.008799,0.013170,-0.010231
-0.006830,-0.004986,-0.009348
-0.002971,-0.012435,-0.011542
-0.000081,-0.012464,-0.008368
0.001855,-0.005986,-0.015725
-0.000098,0.001473,-0.014570
0.000889,-0.001696,-0.017774
0.004793,-0.010187,-0.022065
0.001842,-0.018744,-0.019997
-0.002130,-0.022000,-0.014727
-0.004100,-0.015681,-0.006162
-0.004112,-0.011400,-0.007165
-0.002184,-0.013610,0.000223
-0.000280,-0.015799,0.005495
0.002627,-0.015811,0.006536
0.003582,-0.014736,0.005449
0.002572,-0.001865,-0.000784
0.000652,0.000327,-0.007193
-0.007120,0.007838,-0.011400
-0.008074,0.020666,-0.013389
-0.003159,0.014286,-0.015546
-0.001177,0.002486,-0.009277
-0.006072,-0.004987,-0.009383
-0.008024,-0.012484,-0.006239
-0.008054,-0.016795,-0.002018
-0.008106,-0.017851,-0.003053
-0.005221,-0.012582,0.003325
0.002533,-0.012581,0.003360
0.002499,-0.015814,0.006522
0.005414,-0.012566,0.002283
0.004435,-0.005087,0.001267
0.000529,0.005600,-0.000767
0.001503,0.014181,-0.004916
0.001569,0.014140,-0.000658
-0.000341,0.010917,0.001429
-0.000332,-0.001836,-0.003995
-0.001336,-0.007183,-0.002987
-0.001357,-0.011493,0.001219
0.001525,-0.016841,0.002213
0.005394,-0.014674,-0.000945
0.004374,-0.008250,-0.003011
0.001462,-0.005006,-0.007220
0.003384,-0.009285,-0.006196
0.007263,-0.007129,-0.008292
0.007264,-0.010288,-0.012571
0.005296,-0.008204,-0.007228
0.005278,0.002509,-0.011399
0.003359,0.006786,-0.012422
0.008264,0.006764,-0.010314
0.008279,0.002526,-0.013541
0.010238,-0.000687,-0.012522
0.009282,-0.000624,-0.018902
0.004426,0.002629,-0.024200
0.001524,0.010111,-0.025189
-0.002341,0.017560,-0.023002
-0.004249,0.014341,-0.020866
-0.002274,0.010053,-0.018754
-0.002254,0.003552,-0.009260
-0.002269,-0.004973,-0.010374
-0.000332,-0.014586,-0.009384
-0.000351,-0.007095,-0.011441
0.000626,0.002544,-0.014526
-0.001317,0.013227,-0.015480
-0.000308,0.008957,-0.015538
0.000712,-0.001662,-0.020950
-0.000283,-0.009163,-0.017833
-0.003226,-0.009174,-0.016779
-0.005203,-0.017733,-0.014724
-0.000358,-0.012432,-0.011522
-0.001355,0.002492,-0.009215
-0.000370,0.002513,-0.011344
0.000635,0.004656,-0.012393
0.000665,0.006793,-0.012339
0.002636,0.003583,-0.011293
-0.001263,-0.001752,-0.011325
-0.002260,-0.006075,-0.006064
-0.003244,-0.014666,-0.000834
-0.003271,-0.023202,-0.000916
-0.008204,-0.036041,0.002128
-0.014147,-0.051007,0.004099
-0.008394,-0.041447,0.008406
-0.004562,-0.025249,-0.010601
-0.017278,0.001446,-0.012538
-0.015332,0.024868,-0.007021
-0.008442,0.028082,-0.008026
-0.001534,0.018457,-0.006002
-0.001503,0.004543,-0.001859
-0.003470,-0.003000,0.005524
-0.002499,-0.003040,0.009803
-0.002518,-0.006294,0.015073
-0.001559,-0.002111,0.023605
-0.000599,-0.000034,0.028923
0.002305,-0.006448,0.029914
0.003258,-0.019216,0.026631
0.008082,-0.021298,0.021294
0.010007,-0.009520,0.017139
0.008032,0.007652,0.007767
0.004139,0.016259,0.000388
0.001246,0.018410,-0.001764
-0.004528,0.013144,-0.008185
-0.005467,0.014189,-0.006068
-0.000581,0.012097,-0.010295
0.006258,0.015245,-0.004969
0.014084,0.019462,0.000380
0.012182,-0.001888,0.001296
0.006327,-0.038177,0.000924
0.001316,-0.076602,0.001677
-0.001808,-0.087272,0.001584
-0.009798,-0.081879,-0.003619
-0.016761,-0.061758,0.012499
0.014269,-0.037256,0.016972
0.006477,-0.007163,-0.005116
-0.011077,0.023751,-0.001676
-0.011058,0.054649,0.003919
-0.005941,0.052578,-0.002473
-0.003885,0.037649,-0.003671
-0.000892,0.022654,0.001482
-0.000856,0.012001,-0.000760
0.001091,0.002364,0.002325
0.002056,0.005565,0.002367
0.003050,0.016299,-0.003919
0.001141,0.024914,-0.011266
0.002161,0.017520,-0.018737
0.007074,0.012205,-0.020877
0.010043,0.014386,-0.025054
0.014957,0.016505,-0.022866
0.017916,0.013316,-0.023941
0.014056,0.006869,-0.019767
0.011154,-0.001762,-0.010272
0.009197,-0.022075,-0.007285
0.006224,-0.031735,-0.002099
0.003214,-0.027540,0.005330
0.000254,-0.016849,0.003273
0.005074,-0.006138,-0.000934
0.005098,0.003489,-0.002951
0.006100,0.014273,-0.014570
0.002234,0.014337,-0.020929
-0.001650,-0.001631,-0.025312
-0.000677,-0.000540,-0.027403
-0.001668,0.003806,-0.034759
-0.007508,0.000533,-0.027332
-0.007504,-0.003762,-0.024167
-0.008465,-0.003790,-0.020929
-0.009424,-0.000666,-0.013437
-0.005528,-0.013532,-0.007134
-0.003605,-0.027486,0.001274
-0.004650,-0.019003,0.006639
-0.007612,-0.005131,0.006718
-0.005643,0.007684,0.005748
-0.006596,0.014126,0.001547
-0.010469,0.020508,0.003732
-0.012360,0.008825,-0.001655
-0.011364,-0.006073,-0.006044
-0.013364,-0.012520,-0.001834
-0.009524,-0.018904,-0.004032
-0.005667,-0.010439,0.003447
-0.005692,0.002366,0.003559
-0.002741,0.019385,0.008993
-0.003654,0.024721,0.009053
-0.004553,0.017250,0.008967
-0.010391,0.004423,0.010977
-0.013314,0.007646,0.008912
-0.014269,0.015168,0.003665
-0.011326,0.027927,0.009094
-0.007344,0.037468,0.015551
-0.007281,0.029974,0.017623
-0.007249,0.022484,0.019693
-0.007198,0.007462,0.028064
-0.002313,-0.006432,0.030072
-0.001366,-0.007489,0.029002
-0.003352,-0.006446,0.031091
-0.004332,0.002120,0.027948
-0.001417,0.010654,0.027974
-0.001404,0.013910,0.022661
-0.001368,0.012916,0.015204
-0.005237,0.013975,0.015188
-0.007182,0.013975,0.015188
-0.005210,0.009695,0.016212
-0.002269,0.008616,0.017257
-0.006196,0.010690,0.023647
-0.006171,0.012761,0.030046
-0.001295,0.007448,0.027884
-0.002260,0.005272,0.032123
-0.001294,-0.000096,0.035296
0.002585,0.003159,0.030032
0.001606,0.007430,0.030033
0.001633,0.013906,0.022649
0.003605,0.017099,0.023730
0.007535,0.013929,0.020512
0.010474,0.004352,0.017239
0.015334,-0.002069,0.019354
0.016276,-0.005303,0.022509
0.016255,-0.002038,0.016157
0.013324,0.006562,0.009859
0.009469,0.014085,0.004619
0.012430,0.017331,0.000395
0.015364,0.014142,-0.000666
0.016367,0.012001,0.000397
0.012480,0.006664,0.000336
0.011517,0.005561,0.003497
0.011513,0.003436,0.002390
0.014452,-0.007268,0.005501
0.020303,-0.028507,-0.005337
0.021196,-0.034886,-0.007523
0.014297,-0.023095,-0.012740
0.010366,-0.008078,-0.020016
0.009386,-0.006957,-0.025304
0.009391,0.001564,-0.024174
0.002602,0.017528,-0.019797
-0.001239,0.029312,-0.023933
-0.005043,0.024990,-0.018665
-0.004995,0.011094,-0.016685
-0.002067,-0.002864,-0.008311
0.000840,-0.016736,-0.008418
-0.000167,-0.008274,-0.000916
-0.001166,0.001333,-0.000798
0.001754,-0.013554,-0.006240
-0.001230,-0.034940,-0.002196
-0.001334,-0.029614,-0.001068
0.000552,-0.018943,-0.000925
0.001530,-0.013564,-0.005108
-0.003365,-0.011450,-0.002982
-0.008258,-0.000771,-0.003977
-0.007276,0.003544,-0.008200
-0.004333,0.002486,-0.009291
-0.000419,-0.000748,-0.006150
0.002503,0.005676,-0.008216
0.001544,0.006763,-0.010314
0.002545,-0.000708,-0.010400
-0.002326,-0.007088,-0.012571
-0.004318,-0.005006,-0.007234
-0.000441,-0.010331,-0.008334
0.001504,-0.012517,-0.003027
0.000494,-0.006109,-0.002966
-0.004381,-0.001851,-0.001861
-0.003396,-0.003956,-0.005047
-0.003390,-0.009273,-0.007243
-0.003422,-0.008246,-0.002998
-0.005387,-0.005026,-0.005119
-0.008315,0.003507,-0.005058
-0.010237,0.006739,-0.008226
-0.009252,0.009954,-0.009260
-0.007292,0.004629,-0.010368
-0.001455,-0.001838,-0.004030
0.005352,-0.010414,0.000188
0.009231,-0.012597,0.005502
0.008237,-0.013645,0.003350
0.009207,-0.006133,-0.000836
0.011149,-0.003966,-0.003979
0.010200,0.000342,-0.008192
0.008272,0.003657,-0.019869
0.001431,0.011113,-0.017685
-0.000441,0.014336,-0.019779
-0.001390,0.017541,-0.020845
-0.002341,0.008962,-0.016669
0.002541,-0.000717,-0.009325
0.004474,-0.006075,-0.007257
0.000564,-0.002835,-0.010393
0.003499,-0.012397,-0.014721
0.008355,-0.018764,-0.019046
0.009287,-0.016639,-0.017939
0.005343,-0.010206,-0.021108
0.004358,-0.008038,-0.024245
0.001455,-0.002754,-0.018915
-0.004397,0.003616,-0.015697
-0.009253,0.012184,-0.018791
-0.011187,0.012119,-0.012439
-0.012130,0.012087,-0.009234
-0.014039,0.009954,-0.009246
-0.014019,0.006732,-0.007138
-0.013045,0.005571,0.002422
-0.007179,0.001306,0.002412
-0.002303,-0.005116,0.004499
-0.000375,-0.013644,0.003378
0.000585,-0.011522,0.004430
-0.003342,-0.006168,0.002355
-0.001386,-0.002935,-0.000807
-0.001367,-0.009271,-0.007230
-0.003356,-0.015634,-0.011564
-0.003412,-0.013507,-0.010457
-0.001497,-0.012418,-0.012570
0.002377,-0.008238,-0.004037
0.000409,-0.006091,-0.005051
-0.001542,-0.006145,0.000254
-0.004495,-0.000873,0.006667
-0.006453,0.000120,0.014088
-0.003551,-0.005217,0.014014
-0.005497,-0.008417,0.013978
-0.002595,-0.008427,0.015039
