0.001370,0.019862,-0.016521
0.007179,0.025251,-0.021780
0.009125,0.021984,-0.015462
0.010085,0.012472,-0.021937
0.006214,-0.000353,-0.019920
0.009195,-0.013147,-0.021086
0.014127,-0.017451,-0.017960
0.009319,-0.012129,-0.016887
0.007401,-0.000410,-0.014671
0.005450,0.003838,-0.012504
0.002554,0.002789,-0.014627
0.001634,-0.000358,-0.019940
0.000698,-0.002425,-0.026318
0.001718,-0.004473,-0.034811
-0.006015,-0.005600,-0.028435
-0.003033,-0.002418,-0.026264
-0.008742,-0.003510,-0.024143
-0.008404,-0.005676,-0.020978
-0.006470,-0.013202,-0.015766
-0.006894,-0.006854,-0.010419
-0.003173,0.002724,-0.007168
-0.004233,0.013361,-0.003927
-0.011075,0.021906,-0.004898
-0.011121,0.023014,-0.009153
-0.010145,0.018769,-0.011306
-0.010127,0.012178,-0.099504
-0.032887,-0.014881,-0.590745
-0.042792,-0.031215,-0.561543
-0.018942,0.001721,-0.119561
0.006616,0.006766,0.013980
0.000724,-0.000531,-0.003005
-0.000094,-0.008004,-0.003119
-0.003010,0.001561,0.001186
-0.004050,0.020759,0.002422
-0.005243,0.029307,0.001471
-0.001530,0.017647,-0.006010
0.001408,0.005929,-0.008206
0.002074,-0.000612,0.005531
0.003980,0.003651,0.006649
0.003808,0.012154,0.009879
-0.003119,0.021697,0.016335
0.001760,0.018538,0.012063
0.006678,0.005750,0.009816
0.005689,-0.005966,0.007598
-0.000233,-0.009189,0.009685
-0.000272,0.001503,0.007650
-0.002290,0.020680,0.010979
0.002545,0.029282,0.004701
0.001559,0.020764,0.002498
0.001579,-0.001654,0.003384
-0.000390,-0.022940,-0.002101
0.008348,-0.033593,-0.004358
0.009311,-0.027280,0.004159
0.006400,-0.012340,0.004297
0.000613,0.000542,-0.003005
0.000632,0.006966,-0.005071
0.008374,0.019776,-0.004939
0.003406,0.030414,-0.001670
0.001318,0.040004,-0.000545
0.001146,0.042084,0.004765
-0.001877,0.029309,0.001470
0.002980,0.011200,-0.001864
0.004891,0.001502,0.007614
0.006810,-0.012393,0.009601
0.005821,-0.012381,0.008519
0.000946,-0.010171,0.001117
0.002908,-0.005840,-0.005204
0.001957,-0.001498,-0.012601
0.002944,0.001756,-0.017878
0.004876,0.009260,-0.020975
0.005820,0.014639,-0.025187
0.003831,0.020956,-0.016656
-0.000127,0.029399,-0.006991
0.000809,0.018760,-0.010260
-0.001131,0.014385,0.000320
-0.002134,0.010055,0.006683
-0.000213,0.011159,0.003529
-0.000209,0.003648,0.007721
-0.000224,-0.000633,0.008753
-0.002160,-0.009182,0.009726
-0.005035,-0.010154,0.000139
-0.005969,-0.014457,0.003250
-0.001078,-0.006956,0.000154
-0.001059,-0.002677,-0.000870
-0.002039,0.006941,-0.001833
-0.003051,0.011187,0.000319
-0.002086,0.008039,-0.005014
-0.002105,0.002629,0.002366
0.001772,-0.009138,0.005474
0.004712,-0.019854,0.009604
0.002792,-0.021938,0.004267
0.000869,-0.021914,0.002180
-0.002990,-0.018657,-0.003084
0.000981,-0.012200,-0.008319
0.002955,-0.004765,-0.005098
0.002944,0.006929,-0.000779
-0.000007,0.012283,-0.002889
0.003870,0.005857,-0.000851
0.003840,-0.001661,0.004394
0.004829,-0.017623,0.000045
0.007824,-0.026141,-0.002101
0.009834,-0.025030,-0.006322
0.008890,-0.015422,-0.006225
0.005018,0.000626,-0.010350
0.000159,0.023068,-0.013352
-0.002804,0.039052,-0.011111
0.000037,0.043321,-0.011067
0.006793,0.034710,-0.003714
0.009651,0.018654,0.000364
0.001824,0.002637,0.001292
-0.002093,-0.000562,0.001284
-0.004045,0.006932,-0.000738
-0.008947,0.017550,0.004639
-0.007058,0.022834,0.010005
-0.002243,0.013231,0.009934
-0.002219,-0.012264,-0.001981
-0.003149,-0.042094,-0.007567
-0.003084,-0.052787,-0.005539
-0.001038,-0.043171,-0.006495
0.001941,-0.025018,-0.007383
-0.001937,0.010151,-0.001745
-0.001003,0.031423,0.005917
0.003833,0.030268,0.014404
0.005713,0.016470,0.006849
0.004674,0.007907,0.008834
0.004594,0.004650,0.014083
0.004597,-0.005987,0.010799
0.006608,-0.017716,0.009621
0.006676,-0.020847,0.002189
0.006762,-0.019714,-0.004154
0.002930,-0.010040,-0.010410
0.000997,0.000697,-0.016662
0.000997,0.013525,-0.018679
-0.001932,0.018849,-0.017579
0.002953,0.011406,-0.020861
0.001983,-0.002510,-0.016752
-0.000912,-0.018572,-0.011586
0.003034,-0.026083,-0.007386
0.001146,-0.023981,-0.004213
-0.007614,-0.010192,0.004424
-0.006639,0.001504,0.008770
-0.004721,0.015370,0.009994
-0.012572,0.019649,0.008949
-0.008747,0.024929,0.014273
-0.007884,0.022804,0.013165
-0.007941,0.005762,0.009833
-0.006937,-0.020906,0.008546
-0.003960,-0.037960,0.006261
0.000004,-0.039059,0.009450
-0.000938,-0.020981,0.015988
-0.001905,-0.002774,0.009794
0.000994,0.011088,0.010983
0.000010,0.014323,0.007813
0.001925,0.013244,0.008858
-0.001032,0.016462,0.006737
-0.000121,0.022895,0.003590
-0.002173,0.029258,0.007910
0.001669,0.015389,0.007830
0.004608,-0.008037,0.002299
0.002715,-0.028313,0.002115
0.002760,-0.033700,0.007381
0.002796,-0.026266,0.010587
0.008630,-0.007089,0.013959
0.010553,0.006881,0.004552
0.011530,0.016516,0.001439
0.012492,0.015558,-0.009152
0.010527,0.014585,-0.018725
0.011474,0.017839,-0.024015
0.011445,0.012485,-0.021934
0.009522,-0.001432,-0.017839
0.015399,-0.020724,-0.009519
0.020338,-0.039963,-0.006490
0.017527,-0.050650,-0.005542
0.008871,-0.045246,-0.011813
0.005073,-0.037726,-0.017038
0.004179,-0.016254,-0.029555
0.004211,0.009350,-0.028279
0.003230,0.029647,-0.030224
0.001233,0.040293,-0.028043
-0.003680,0.036080,-0.033351
0.002167,0.015827,-0.035657
0.007107,-0.018388,-0.029617
0.000355,-0.032395,-0.015954
-0.001504,-0.036677,-0.014964
-0.007223,-0.034568,-0.012829
-0.011044,-0.024983,-0.010596
-0.009013,-0.006792,-0.015763
-0.014854,0.020977,-0.017608
-0.019804,0.039122,-0.017422
-0.012060,0.044447,-0.016314
-0.008212,0.027406,-0.019611
-0.004285,-0.000339,-0.019847
-0.003227,-0.025932,-0.022255
-0.005110,-0.032402,-0.015987
-0.007044,-0.012254,-0.003063
-0.007988,0.009044,0.001332
-0.006071,0.019690,0.004635
-0.005125,0.020769,0.003604
-0.010020,0.007964,0.003520
-0.007122,-0.009121,0.004425
-0.008113,-0.011342,0.012866
-0.006189,-0.014541,0.012866
-0.001277,-0.019835,0.008583
-0.004136,-0.028330,0.004257
-0.002123,-0.021891,0.001157
0.000813,-0.009129,0.005499
0.003731,-0.000631,0.009816
0.002762,0.005762,0.010947
-0.000180,0.006812,0.011999
-0.004103,0.001519,0.007715
-0.005066,0.000407,0.011944
-0.006066,-0.002808,0.012942
-0.006100,0.000438,0.008704
-0.002206,0.002532,0.012994
0.000696,-0.002781,0.010854
0.000723,-0.013345,0.000164
0.002705,-0.013372,0.002274
0.005622,-0.003746,0.000250
0.004630,0.008954,0.010936
0.002598,0.025963,0.017444
0.000560,0.027030,0.017432
0.002493,0.003576,0.015119
0.006396,-0.024156,0.013843
0.005463,-0.037987,0.009471
0.006481,-0.024063,0.004274
0.003528,0.006838,0.008754
0.002506,0.030403,0.000484
0.005397,0.030446,-0.003760
0.006354,0.019836,-0.010254
0.009279,-0.000398,-0.014682
0.009283,-0.010023,-0.012644
0.010289,-0.012211,-0.007357
0.009341,-0.002540,-0.013633
0.005440,0.004846,-0.005059
0.003496,0.005903,-0.003961
0.005461,0.000569,-0.003987
0.007383,0.000547,-0.001872
0.006410,0.002675,-0.000743
0.004493,-0.005817,-0.005034
0.001602,-0.004750,-0.005025
0.005492,-0.001497,-0.010323
-0.003264,0.001671,-0.007133
-0.004226,0.003826,-0.009243
-0.000307,-0.001511,-0.009310
0.000690,-0.014340,-0.007300
0.005626,-0.024999,-0.008433
0.007674,-0.035594,-0.015947
-0.000990,-0.036630,-0.019153
-0.006781,-0.019567,-0.017928
-0.008710,0.002800,-0.013489
-0.002869,0.013374,-0.003889
0.001965,0.011214,-0.001841
-0.000007,0.000476,0.004454
0.000985,-0.014442,0.002209
0.002975,-0.017561,-0.005228
-0.001916,-0.006864,-0.007208
-0.004853,0.010210,-0.007045
-0.002914,0.019856,-0.011212
-0.004879,0.018773,-0.010179
-0.004897,0.008045,-0.005009
-0.000030,-0.004802,-0.000913
-0.000948,-0.011227,0.001139
0.000981,-0.007008,0.006502
-0.001942,-0.001628,0.002325
-0.001910,-0.001599,-0.000843
0.000039,0.001626,-0.002909
-0.001900,0.007009,-0.007101
-0.003844,0.012387,-0.011306
0.000027,0.021979,-0.010167
-0.000019,0.024038,-0.002736
0.001879,0.018734,-0.005972
0.001867,0.017622,-0.001765
-0.004006,0.008013,-0.001847
-0.003042,0.005824,0.003418
-0.003067,0.006816,0.010847
-0.005101,0.020691,0.010989
-0.007101,0.020673,0.013146
-0.006161,0.012190,0.007766
-0.003258,0.002578,0.008770
0.000617,-0.011242,0.003337
0.002597,-0.017667,0.005397
0.003607,-0.016590,0.004345
0.004578,0.001544,0.005556
0.003569,0.014340,0.006743
0.010347,0.022854,0.008969
0.007370,0.023899,0.011100
0.005372,0.021799,0.007905
0.003362,0.017542,0.006821
0.004292,0.014320,0.008893
0.000354,0.016486,0.005729
0.001313,0.009090,-0.001735
0.002343,-0.011140,-0.006129
0.005309,-0.022903,-0.004151
0.004370,-0.016545,0.000115
0.003404,-0.004816,0.001278
0.003422,0.006964,-0.002878
0.004388,0.010176,-0.003890
0.004352,0.016571,-0.002745
0.008218,0.014490,-0.008047
0.012126,0.005972,-0.010272
0.005296,0.005973,-0.010293
0.001413,-0.000397,-0.013532
0.001434,-0.010005,-0.013615
-0.002403,-0.014243,-0.016849
-0.002346,-0.011008,-0.019983
-0.003274,-0.007859,-0.014636
-0.002282,-0.005818,-0.005055
-0.003260,0.001565,0.003477
-0.003290,0.011160,0.004593
-0.005265,0.009024,0.004561
-0.006280,0.002632,0.003437
-0.004306,-0.009023,-0.005168
-0.004277,-0.011169,-0.004125
-0.007192,0.001624,-0.002973
-0.010119,0.015529,-0.006013
-0.005281,0.018690,-0.001714
-0.007257,0.018669,0.000401
-0.006330,0.011198,0.000329
-0.001481,0.000503,0.002330
-0.000507,-0.005911,0.003322
0.000463,-0.006971,0.002245
-0.000510,-0.004868,0.005461
0.001440,0.001564,0.003428
-0.000512,0.005855,0.001350
0.003356,0.007971,0.003489
0.006249,0.008011,-0.000789
0.000392,0.016531,0.000348
-0.000638,0.015424,0.004611
0.005176,0.014315,0.008852
0.003203,0.005800,0.006662
0.004171,-0.005934,0.006572
-0.000696,-0.014438,0.003329
0.000327,-0.021922,0.004304
0.003253,-0.015561,0.008618
0.004243,-0.012354,0.007551
0.006221,-0.012283,0.000076
0.001375,-0.005827,-0.005166
0.001384,0.000598,-0.007211
0.002361,0.007014,-0.008203
-0.000581,0.012328,-0.006048
0.000348,0.016515,0.002504
-0.002620,0.013292,0.004591
0.001266,-0.002759,0.008675
0.002259,-0.017721,0.010652
0.000329,-0.019880,0.012742
-0.000613,-0.022995,0.004247
-0.000559,-0.020846,0.003211
0.000421,-0.009087,0.001184
-0.003487,0.012286,-0.001783
-0.002522,0.020879,-0.006979
-0.002545,0.027284,-0.006938
-0.003602,0.032525,0.002671
-0.000762,0.027154,0.005816
-0.001760,0.009000,0.006698
0.000199,-0.015576,0.009645
-0.000718,-0.030486,0.006311
-0.004559,-0.026195,0.004219
-0.006490,-0.010210,0.006467
-0.005556,0.010056,0.007683
-0.004636,0.019672,0.006727
0.001199,0.011152,0.004560
0.004101,0.003662,0.006631
0.002109,0.001517,0.007645
-0.001841,0.004688,0.010876
0.000096,0.000430,0.009764
0.004979,-0.011252,0.004405
0.008924,-0.022948,0.000051
0.010940,-0.028244,-0.004274
0.012955,-0.024020,0.000001
0.010061,-0.012273,-0.000985
0.007157,0.002704,-0.004046
0.009074,0.014432,-0.002876
0.008043,0.027184,0.002548
0.006998,0.031456,0.002634
0.009844,0.032469,0.007949
0.010746,0.020733,0.007881
0.007801,0.003800,-0.006041
0.006879,-0.014241,-0.015700
0.014749,-0.021683,-0.018940
0.010951,-0.019442,-0.029538
0.011037,-0.010908,-0.029498
0.005216,0.006136,-0.026174
-0.001577,0.016722,-0.017593
-0.001570,0.016700,-0.015492
-0.004510,0.013498,-0.015505
-0.009370,-0.001473,-0.012446
-0.009351,-0.004676,-0.012459
-0.012269,-0.002540,-0.012420
-0.015212,0.008071,-0.005983
-0.014245,0.010248,-0.010216
-0.013253,0.008102,-0.009180
-0.010329,-0.004737,-0.006130
-0.010310,-0.009051,-0.001901
-0.008349,-0.016563,0.002278
-0.008336,-0.019827,0.008609
-0.010246,-0.019891,0.014975
-0.011208,-0.014595,0.019307
-0.004374,-0.009239,0.017224
-0.001453,-0.002819,0.015160
-0.003432,0.004627,0.017313
-0.006418,0.010007,0.013072
-0.005441,0.004722,0.007693
-0.003495,-0.002731,0.005493
-0.001534,-0.004842,0.003366
0.004306,-0.011304,0.009703
0.007223,-0.009211,0.013979
0.005283,-0.009200,0.012954
0.000432,-0.006988,0.005594
0.003363,0.003693,0.004634
0.009181,0.015461,0.001525
0.005211,0.024027,-0.001625
0.007111,0.019735,0.000425
0.007121,-0.000510,-0.002970
0.012020,-0.022945,-0.001099
0.013022,-0.027230,0.001019
0.011115,-0.019779,0.003234
0.011137,-0.004787,-0.001912
0.003311,0.013359,-0.001698
0.000358,0.024085,-0.006889
0.003255,0.016690,-0.014367
0.005240,0.001802,-0.019845
0.007190,-0.008905,-0.016803
0.007202,-0.009995,-0.014726
0.006287,-0.012130,-0.014751
0.003436,-0.008909,-0.016852
-0.001402,-0.000381,-0.015695
-0.000434,0.002760,-0.009260
0.001534,0.008053,-0.004962
-0.001395,0.009146,-0.007041
-0.003367,0.012316,-0.003816
-0.005326,0.012339,-0.005938
-0.002417,0.019882,-0.013321
-0.008278,0.028432,-0.015387
-0.009306,0.031654,-0.017488
-0.008366,0.028433,-0.015430
-0.005449,0.009194,-0.012401
-0.006404,-0.010035,-0.010433
-0.004413,-0.017514,-0.009416
-0.007299,-0.015517,0.004395
-0.007301,-0.002744,0.007683
-0.010288,0.018480,0.019527
-0.010368,0.022781,0.016388
-0.004545,0.016385,0.015265
-0.001660,0.005787,0.007731
-0.002665,0.001572,0.002375
0.000240,0.002640,0.002391
0.001186,0.012287,-0.001769
0.000183,0.015457,0.001456
0.001113,0.016517,0.002532
-0.001813,0.005760,0.010927
0.001093,-0.004977,0.017193
0.002050,-0.008159,0.015029
-0.000876,-0.010333,0.019261
-0.001843,-0.004933,0.012949
-0.001862,-0.002747,0.007655
0.000105,-0.002712,0.004500
0.003049,-0.000504,-0.002937
0.004030,0.004830,-0.002918
0.003999,0.011210,-0.000739
0.002018,0.013321,0.001381
-0.000917,0.015450,0.001401
-0.001952,0.018599,0.006748
-0.003951,0.016474,0.006762
-0.003988,0.004737,0.006673
-0.001073,-0.003801,0.006606
-0.001077,-0.007014,0.007632
-0.003024,-0.008070,0.006554
-0.004005,-0.001638,0.003393
-0.004023,0.005764,0.009797
-0.005052,0.014324,0.007770
-0.000228,0.012127,0.014110
0.005568,0.008916,0.015164
0.005551,-0.000664,0.012972
0.005556,-0.007003,0.006557
0.000680,-0.005885,0.001276
-0.002255,0.010133,0.000355
-0.005219,0.020804,0.000427
-0.003322,0.029318,0.002610
-0.000440,0.021785,0.008924
0.004399,0.005767,0.009832
0.003442,-0.020902,0.008545
0.001534,-0.029420,0.006321
-0.002336,-0.021926,0.004270
-0.001352,-0.000563,0.002321
0.001511,0.028225,0.005788
0.000480,0.030363,0.005848
0.007256,0.021853,0.002578
0.000394,0.014405,0.000398
0.006221,-0.000503,-0.002887
0.004285,-0.003794,0.005518
0.002286,0.005800,0.006662
0.001310,0.002609,0.005573
0.001300,-0.000595,0.005518
-0.000647,0.002587,0.007682
0.003221,0.006815,0.011969
0.006080,0.012120,0.015219
0.002136,0.017519,0.008929
0.006015,0.010115,0.002525
0.007947,-0.000492,-0.003941
0.005061,-0.014319,-0.008265
0.004158,-0.023923,-0.008384
0.008097,-0.022922,-0.002036
0.003258,-0.017657,0.004315
-0.000582,-0.020840,0.002137
-0.000517,-0.018684,0.000019
-0.001484,-0.005900,0.002246
0.001400,0.012241,0.002433
0.002358,0.017643,-0.003852
0.004327,0.009195,-0.012380
0.004357,-0.001465,-0.013527
0.001442,0.001769,-0.016690
0.000459,0.012385,-0.011326
-0.007374,0.029429,-0.008016
-0.008413,0.034723,-0.003712
-0.007498,0.022925,0.001465
-0.005575,0.002628,0.003410
-0.002635,-0.023022,0.007436
-0.001618,-0.035851,0.009425
-0.006434,-0.034718,0.003089
-0.008351,-0.017633,0.002184
-0.007366,0.010122,0.001373
-0.007429,0.033621,-0.000530
-0.000690,0.035733,0.001625
0.006051,0.027142,0.006849
0.009923,0.010082,0.005638
0.009924,-0.005906,0.003341
0.004079,-0.005872,0.000150
0.000185,-0.000546,0.001279
0.002127,0.010095,0.004554
0.004032,0.019689,0.005713
0.002027,0.021830,0.004708
0.006879,0.012191,0.007766
0.009758,0.006846,0.008772
-0.000005,0.003666,0.006629
0.000957,0.003718,0.001311
-0.000997,0.009024,0.004575
-0.002975,0.010125,0.001415
0.001890,0.005865,0.000289
0.009669,-0.001608,0.000175
0.002833,-0.001607,0.000189
0.002862,-0.003592,-0.014663
0.002924,-0.009940,-0.019996
0.007828,-0.007836,-0.016773
0.005890,0.004937,-0.013478
-0.004825,0.016644,-0.010179
-0.000946,0.018789,-0.011221
0.000000,0.019814,-0.006954
-0.001005,0.014455,-0.004913
-0.005934,0.017637,-0.002771
-0.005961,0.017597,0.001501
-0.004044,0.010147,-0.000686
-0.005044,-0.000546,0.001343
-0.006014,-0.006991,0.005531
-0.004042,-0.017693,0.008648
-0.003990,-0.022986,0.004351
-0.001028,-0.026179,0.003234
-0.002927,-0.026169,0.002181
-0.002867,-0.014418,0.001243
0.000095,-0.001599,0.000300
-0.001878,0.020808,0.000461
-0.004884,0.030338,0.007979
-0.002033,0.029207,0.014342
-0.002080,0.007884,0.012028
0.001813,-0.007118,0.018284
-0.005954,-0.030516,0.010722
0.002865,-0.033688,0.007476
-0.004887,-0.022013,0.013923
-0.001982,0.000459,0.007732
-0.000075,0.017522,0.008928
-0.002077,0.030391,0.002674
-0.004098,0.036805,0.001676
-0.002253,0.033564,0.005926
0.002554,0.015397,0.007891
0.003509,-0.003843,0.010906
-0.002324,-0.025181,0.010711
0.000657,-0.041182,0.009455
-0.001235,-0.037004,0.017961
0.004637,-0.025236,0.014846
0.000747,-0.009207,0.012871
0.000734,0.004691,0.010925
0.001681,0.006885,0.005679
0.006533,0.010097,0.004646
0.004514,0.012124,0.015275
0.005447,0.013222,0.012087
0.005419,0.005758,0.010913
0.001508,-0.004884,0.007602
0.002486,-0.017638,0.002179
0.007414,-0.022932,-0.002125
0.004527,-0.012261,-0.002032
0.005505,0.001632,-0.004047
0.010331,0.022893,0.004648
0.002491,0.026193,-0.004846
0.008347,0.017728,-0.012375
0.003485,0.008168,-0.016682
-0.000426,0.008210,-0.020912
-0.001404,0.008154,-0.015641
-0.000426,0.008116,-0.011392
-0.002353,0.000583,-0.005077
0.000578,-0.013335,-0.000946
0.003549,-0.020840,0.002130
-0.005193,-0.016612,0.006396
-0.011048,-0.004884,0.007560
-0.009121,0.001521,0.007665
-0.009096,-0.000529,-0.000856
-0.004249,0.001549,0.004469
-0.001359,-0.001663,0.005502
0.001568,-0.005910,0.003328
0.004515,-0.016568,0.002209
0.000662,-0.016504,-0.004150
-0.000290,-0.006858,-0.008310
0.001656,0.012354,-0.008129
0.007457,0.029322,0.002630
0.010289,0.033517,0.010079
0.004383,0.023946,0.006826
0.005331,0.002592,0.007722
0.007292,-0.021951,0.007515
0.008318,-0.031534,0.005316
0.005445,-0.021897,0.002224
0.002572,-0.010052,-0.008277
0.001626,0.003863,-0.012413
0.000677,0.011383,-0.017681
0.003603,0.020999,-0.018637
0.001634,0.020967,-0.015468
-0.002308,0.015600,-0.012325
-0.004242,0.001641,-0.003943
-0.004210,-0.015454,-0.001963
-0.004168,-0.030388,-0.002089
-0.000191,-0.041059,-0.002175
-0.002042,-0.042076,-0.007495
-0.004876,-0.034565,-0.011688
-0.004768,-0.028058,-0.022227
-0.003704,-0.019553,-0.018970
-0.002707,0.000681,-0.014584
-0.003721,0.021927,-0.004849
-0.003799,0.034636,0.004834
-0.002881,0.034669,0.001658
-0.000021,0.023987,0.002625
-0.000063,0.003661,0.007759
-0.003966,-0.007023,0.008714
-0.002983,-0.014525,0.011825
-0.003947,-0.013455,0.011847
-0.004892,-0.011302,0.009716
-0.006821,-0.004901,0.009773
-0.008779,0.000456,0.007697
-0.006844,0.003656,0.007733
-0.004920,0.007882,0.012014
-0.004975,0.003529,0.020472
0.001856,-0.012435,0.016095
0.005766,-0.026319,0.016992
0.002866,-0.028454,0.016960
-0.001007,-0.020890,0.007455
-0.000009,-0.005918,0.004410
0.001941,0.007006,-0.007129
0.001929,0.016652,-0.011310
-0.000062,0.020907,-0.010182
0.002812,0.017630,-0.002804
0.004734,0.005873,-0.000786
0.009606,-0.014466,0.005403
0.012564,-0.033717,0.009494
0.016552,-0.041166,0.007307
0.012715,-0.032594,0.004219
0.002995,-0.012263,-0.000882
0.001078,0.012354,-0.008073
0.001041,0.025211,-0.013293
0.001973,0.031584,-0.010084
0.002875,0.031530,-0.004786
0.006732,0.015479,-0.000681
0.005777,-0.005822,-0.005125
0.003876,-0.021847,-0.003158
0.004903,-0.025017,-0.006369
0.003010,-0.014327,-0.008383
0.001062,0.008039,-0.003964
-0.000915,0.024080,-0.006979
-0.002877,0.026279,-0.013320
-0.001928,0.013431,-0.009145
0.000052,-0.006803,-0.013573
0.003025,-0.016450,-0.009427
0.001107,-0.018617,-0.006270
-0.001767,-0.009012,-0.006221
-0.004673,0.002776,-0.011465
-0.009551,0.011280,-0.008215
-0.006656,0.015508,-0.003906
-0.002784,0.018704,-0.002762
-0.003814,0.015440,0.003590
-0.006792,0.013260,0.007817
-0.007783,0.000485,0.004508
-0.007786,-0.005939,0.006546
-0.005847,-0.008116,0.010778
-0.003912,-0.004892,0.008677
-0.000974,0.000464,0.006594
0.000971,0.001576,0.002387
0.001943,-0.002683,0.001268
-0.001959,0.000538,-0.000811
-0.000992,0.004785,0.001334
-0.001010,0.009067,0.000331
0.001901,0.010100,0.003502
-0.002017,0.011166,0.003491
-0.002079,0.010054,0.007705
-0.002095,0.004718,0.007673
-0.003073,0.001528,0.006591
-0.003090,-0.002784,0.011905
0.001775,-0.008111,0.010776
0.004688,-0.009233,0.016094
0.003700,-0.003856,0.011869
0.006596,0.008894,0.017265
-0.006104,0.010050,0.008835
0.005568,0.010135,0.000318
-0.002240,0.014373,0.003552
0.002601,0.016626,-0.008022
0.008421,0.016605,-0.005907
0.006420,0.024083,-0.006931
0.001489,0.030452,-0.003712
0.002409,0.028330,-0.004779
0.003369,0.009133,-0.006000
0.003381,-0.006884,-0.005072
-0.002433,-0.015444,-0.003039
0.001495,-0.016527,-0.000892
0.007359,-0.017605,0.000159
0.005447,-0.015462,-0.000918
-0.000389,-0.005901,0.003396
-0.000381,0.009093,-0.001729
0.000603,0.014461,-0.004865
-0.001397,0.022965,-0.001622
-0.005356,0.027271,-0.004705
0.000467,0.015574,-0.009044
0.002438,-0.003667,-0.006036
0.002477,-0.019666,-0.007257
0.003518,-0.028259,-0.002061
0.000638,-0.026156,0.001112
-0.003209,-0.017621,0.001159
-0.001242,-0.005885,0.001248
-0.004150,0.002641,0.002383
-0.002211,0.009078,-0.000723
-0.002240,0.017651,-0.003783
-0.003260,0.021901,-0.001582
-0.004290,0.029382,-0.002571
-0.003375,0.028305,-0.001520
-0.001493,0.019702,0.004737
0.006252,-0.000620,0.008770
0.009198,-0.025197,0.011717
0.008300,-0.044388,0.009415
0.010338,-0.044366,0.007300
0.005560,-0.037887,-0.000065
0.001698,-0.018698,0.002245
-0.003148,0.000555,-0.001789
-0.003135,0.003800,-0.005998
-0.001165,-0.006827,-0.010350
-0.001132,-0.008998,-0.007241
0.000814,0.001640,-0.003964
0.002776,-0.000421,-0.011424
0.000845,-0.002587,-0.008274
-0.001078,-0.002652,-0.001921
0.000882,0.001599,0.000251
0.000893,0.006925,0.001372
-0.001084,0.013315,0.002483
-0.006972,0.019708,0.003606
-0.005069,0.021853,0.002550
-0.006094,0.019738,0.000388
-0.009066,0.017613,-0.000705
-0.006171,0.012245,0.002432
-0.003265,0.006930,0.000242
0.001556,0.005818,0.004456
0.002475,0.003593,0.012920
-0.000469,0.004652,0.014025
-0.000462,-0.001686,0.007617
0.001485,-0.005962,0.008676
0.007289,-0.001744,0.013981
0.008230,0.012137,0.013000
0.005217,0.028215,0.005714
0.004182,0.032536,0.000432
0.007055,0.017620,-0.001757
0.010976,-0.002559,-0.011477
0.014896,-0.011142,-0.006213
0.010048,-0.011171,-0.002982
0.007155,-0.002659,-0.000833
0.000313,0.006936,0.000332
-0.002612,0.006968,-0.002836
-0.001611,-0.000459,-0.007132
0.002322,-0.009009,-0.006173
0.004276,0.000543,-0.000777
0.001325,0.014406,0.000419
-0.000637,0.009123,-0.004940
0.004206,0.006964,-0.002857
0.002244,0.004788,0.001376
-0.000696,0.006935,0.000361
0.003200,0.002691,-0.001756
0.004187,0.000490,0.005684
-0.003633,-0.001664,0.007809
-0.005573,-0.000537,0.001453
-0.006533,-0.000539,0.001426
-0.006528,-0.000462,-0.005988
-0.008449,-0.000379,-0.014504
-0.008439,0.001741,-0.013487
-0.006505,0.004858,-0.004964
-0.000661,0.000574,-0.003960
0.000321,-0.005922,0.005568
0.000298,-0.003895,0.016239
0.002227,0.000321,0.021596
0.001204,0.006690,0.025949
-0.003714,0.015282,0.020733
-0.014478,0.017473,0.015452
-0.004811,0.022863,0.010215
-0.003842,0.018716,-0.002616
-0.002878,0.004890,-0.008133
-0.002898,-0.001544,-0.006127
0.003964,-0.012240,-0.004133
0.004012,-0.023998,-0.002164
-0.000797,-0.022920,-0.003208
-0.005656,-0.017592,-0.002081
-0.006621,-0.006992,0.005481
-0.007607,0.014328,0.007840
-0.004766,0.033475,0.014409
-0.001951,0.039863,0.016634
0.002837,0.029158,0.019703
0.003736,0.012127,0.015281
-0.001178,0.002508,0.016203
-0.000223,-0.004938,0.012936
0.001749,-0.020894,0.007457
0.000799,-0.027312,0.009542
0.003752,-0.030510,0.009555
0.010637,-0.026241,0.009607
0.009665,-0.019846,0.010758
0.008702,-0.009131,0.006628
0.011628,0.005863,0.001461
0.011614,0.018678,0.000484
0.011564,0.025132,-0.004786
0.005695,0.020915,-0.010142
0.006663,0.002794,-0.012437
0.008660,-0.007825,-0.017842
0.002871,-0.011005,-0.019999
-0.000030,-0.015329,-0.014687
0.001000,-0.013204,-0.013594
0.005949,-0.016463,-0.007251
0.009908,-0.017544,-0.006241
0.006051,-0.014326,-0.008376
-0.001691,-0.007924,-0.008320
-0.004591,0.009195,-0.012409
-0.002667,0.024198,-0.018665
-0.007611,0.041228,-0.014293
-0.008673,0.036918,-0.010072
-0.005779,0.017690,-0.008111
-0.006748,-0.005807,-0.006181
-0.008676,-0.016583,0.004357
-0.005750,-0.018760,0.008582
-0.004770,-0.015606,0.012806
-0.010635,0.006761,0.017253
-0.018488,0.016377,0.016304
-0.009725,0.004682,0.011964
-0.001954,-0.008212,0.020313
-0.000019,-0.019929,0.018082
-0.004864,-0.024178,0.015894
-0.010718,-0.020996,0.018072
-0.009738,-0.003857,0.011883
-0.004884,0.005759,0.010927
-0.002967,0.014330,0.007853
0.000894,0.018633,0.004735
0.004726,0.020717,0.010044
0.005642,0.016415,0.013176
0.003643,0.015368,0.011016
0.002615,0.014280,0.013129
0.001601,-0.000670,0.014052
0.007471,-0.020872,0.006434
0.007524,-0.030489,0.007426
0.003661,-0.031575,0.009567
0.005659,-0.019802,0.006507
0.004723,-0.013366,0.003393
0.005737,-0.007970,-0.002918
0.007717,-0.004737,-0.006066
0.005777,0.000587,-0.005022
0.011596,0.010138,0.000360
0.012535,0.014392,0.001431
0.007642,0.005833,0.003479
0.004746,-0.009019,-0.005112
0.000934,-0.018568,-0.010487
-0.001968,-0.005806,-0.006124
0.001867,0.018618,0.005720
0.001790,0.031372,0.011172
0.000787,0.018638,0.003598
0.001750,-0.009059,-0.002019
-0.000186,-0.028288,-0.000064
-0.003035,-0.032449,-0.010691
-0.001978,-0.018515,-0.016963
0.000964,0.000658,-0.012511
-0.002926,0.017770,-0.015469
-0.000963,0.016752,-0.020803
-0.000953,0.015629,-0.015542
-0.001972,0.020886,-0.008117
-0.006900,0.027255,-0.004899
-0.005963,0.013407,-0.007115
-0.004945,-0.011157,-0.005193
-0.006821,-0.026072,-0.007419
-0.007735,-0.027126,-0.008461
-0.009646,-0.014370,-0.003003
-0.005748,0.003640,0.009896
0.000044,0.007832,0.017332
-0.001937,0.004585,0.021507
-0.006804,-0.002813,0.013980
-0.011693,0.000441,0.008703
-0.005913,0.008938,0.013035
0.001815,0.014221,0.018393
0.004683,0.007773,0.022575
0.011513,-0.017773,0.016006
0.014512,-0.048698,0.013607
0.011707,-0.062511,0.007071
0.005941,-0.041103,0.000905
0.004009,-0.000500,-0.004066
0.001043,0.032529,0.001534
0.007768,0.042085,0.006993
0.013561,0.018638,0.003591
0.008694,-0.013378,0.003284
0.008741,-0.031475,-0.001112
0.009752,-0.027249,0.003169
0.008799,-0.008011,0.000147
0.001990,0.017720,-0.011265
-0.001914,0.033802,-0.018531
0.003902,0.027461,-0.024974
0.004870,0.018932,-0.026137
0.003896,0.013564,-0.023008
0.004874,0.001795,-0.019956
0.002959,-0.007839,-0.016836
0.000108,-0.017407,-0.020083
-0.002743,-0.021683,-0.019018
0.001214,-0.009992,-0.014670
-0.002681,0.005965,-0.009183
-0.002675,0.016648,-0.010123
-0.002699,0.020873,-0.005856
-0.004678,0.027288,-0.006897
-0.004705,0.023040,-0.009063
-0.003774,0.013387,-0.004958
-0.005731,-0.003775,0.003354
-0.000836,-0.026243,0.009551
0.001198,-0.040116,0.009422
0.000308,-0.044350,0.006244
0.001364,-0.032577,0.003198
0.000398,-0.011290,0.008690
-0.003499,0.011283,-0.006988
-0.006431,0.033744,-0.012118
-0.008456,0.052953,-0.011950
-0.008555,0.056154,-0.011936
-0.000870,0.043305,-0.007818
0.002970,0.020764,0.004691
0.001957,-0.004942,0.014023
0.001991,-0.028397,0.011710
-0.003772,-0.045472,0.011547
-0.005650,-0.039089,0.013725
-0.006590,-0.024063,0.005381
-0.002655,-0.005914,0.004444
-0.000743,0.011192,0.001403
-0.001752,0.016545,-0.000671
-0.000774,0.002757,-0.009280
0.002197,-0.013256,-0.008332
0.007092,-0.015423,-0.005175
0.004182,-0.009062,-0.000868
-0.001676,0.004759,0.004579
-0.001688,0.015451,0.002515
-0.009531,0.020797,0.001493
-0.008578,0.018725,-0.004876
-0.004697,0.011275,-0.007077
-0.002756,0.002689,-0.001827
-0.000804,-0.014365,-0.004112
0.000241,-0.026089,-0.006377
-0.002615,-0.031446,-0.004301
-0.006455,-0.022920,-0.003180
-0.004476,-0.011245,0.003296
-0.001574,-0.002762,0.009775
-0.003524,-0.005982,0.011904
-0.001565,-0.003797,0.006640
0.001350,0.001475,0.013045
0.002251,0.016383,0.016366
-0.000735,0.029241,0.011159
-0.001766,0.030317,0.010093
-0.002827,0.027106,0.011140
0.001996,0.011112,0.009946
0.007827,-0.011302,0.009702
0.003936,-0.022080,0.020212
0.004928,-0.031641,0.015898
0.009861,-0.033747,0.012704
0.006983,-0.027278,0.006422
0.003107,-0.008034,0.003406
0.002124,0.011230,-0.001697
0.006975,0.020899,-0.007987
0.007938,0.013373,-0.002781
0.008887,0.003762,-0.002898
0.013742,-0.009120,0.004389
0.015719,-0.021943,0.006433
0.016750,-0.030425,0.001067
0.012926,-0.030389,-0.002074
0.007144,-0.030310,-0.009439
0.006255,-0.015317,-0.014606
0.003368,0.008148,-0.013354
0.002379,0.020960,-0.014323
0.000414,0.018777,-0.010174
0.001348,0.004862,-0.006080
0.007231,-0.012160,-0.011554
0.006362,-0.032390,-0.015955
0.004516,-0.041941,-0.021337
0.001689,-0.035562,-0.018058
-0.000179,-0.016375,-0.015769
-0.003068,0.004938,-0.013457
-0.005035,0.027358,-0.014329
-0.006069,0.042292,-0.013161
-0.005183,0.049720,-0.008852
-0.003295,0.045488,-0.013131
-0.005294,0.028457,-0.017517
-0.003375,0.011342,-0.013437
-0.002399,-0.003628,-0.010357
-0.004323,-0.017653,0.004349
-0.005265,-0.018775,0.009624
-0.011092,-0.013515,0.017133
-0.015003,-0.004945,0.014038
-0.014063,0.014270,0.014211
-0.009244,0.027138,0.007943
-0.005428,0.031443,0.003703
-0.000643,0.030330,0.007896
-0.001670,0.022933,0.000355
-0.000742,0.012313,-0.005071
0.001186,0.001609,-0.001967
0.006079,-0.005816,-0.006248
0.005133,-0.010035,-0.010483
0.001247,-0.005819,-0.005133
0.002257,-0.004794,-0.000852
0.000316,0.004782,0.002457
-0.002635,0.013350,-0.000644
-0.006566,0.018633,0.004721
