0.012692,-0.040611,-0.014019
0.010763,-0.034144,-0.020409
0.003907,-0.017167,-0.011646
0.004910,-0.002249,-0.009362
0.003000,0.012576,0.001519
0.001992,0.022087,0.011257
0.003022,0.018807,0.019801
0.007914,0.017743,0.021876
0.010855,0.016741,0.015420
0.003009,0.011453,0.011068
-0.001852,0.006206,0.001380
0.000130,-0.000084,-0.012563
0.002072,0.003175,-0.021052
0.002011,0.010610,-0.019853
-0.000971,0.012689,-0.015508
-0.003861,0.012595,-0.006895
-0.001312,0.004962,0.012295
0.000636,-0.000472,0.021918
-0.004264,0.003736,0.028386
-0.008314,0.003753,0.026249
-0.005473,0.004905,0.017670
0.000415,0.002874,0.007972
0.003400,-0.006657,0.001424
0.001368,-0.005532,-0.003947
-0.001562,-0.003424,-0.002815
-0.005535,0.003930,0.006961
-0.003463,0.005871,0.343540
-0.002507,0.024106,0.829750
-0.046428,0.008579,0.559944
-0.035101,-0.036707,0.016261
-0.008090,-0.056943,0.001346
-0.009154,-0.055566,-0.027692
-0.009122,-0.054492,-0.023515
-0.001353,-0.047979,-0.034207
0.002593,-0.044805,-0.028882
0.004558,-0.023573,-0.015865
0.002846,0.018866,0.013374
0.003862,0.061388,0.031936
0.007729,0.087974,0.040765
0.003873,0.074102,0.040649
0.005926,0.040031,0.030749
0.008007,-0.012121,0.015310
0.013005,-0.057881,0.000999
0.010133,-0.071630,-0.011988
0.001349,-0.049215,-0.012859
-0.008377,-0.011912,-0.008241
-0.010288,0.021053,0.005934
-0.012228,0.038021,0.019951
-0.014167,0.044389,0.026368
-0.008358,0.045525,0.018877
-0.005475,0.041337,0.010265
-0.007496,0.031796,0.002701
-0.007470,0.008450,-0.013528
-0.005423,-0.021358,-0.021285
-0.005399,-0.026636,-0.027755
-0.006348,-0.020250,-0.025568
-0.003397,-0.014933,-0.022334
-0.002413,-0.003274,-0.012615
-0.008262,0.008341,0.001399
-0.003395,0.023235,0.005826
-0.000514,0.029578,0.011262
0.001391,0.020026,0.005817
0.012153,0.005170,-0.002889
0.008264,-0.005450,-0.008342
0.002400,-0.011874,-0.006250
-0.002451,-0.014007,-0.007317
0.000526,-0.015062,-0.010494
0.003459,-0.021496,-0.007328
0.000568,-0.024734,-0.006215
-0.001414,-0.018324,-0.007225
0.001482,-0.010852,-0.006123
0.005375,-0.000189,-0.003921
0.005315,0.011536,-0.001695
0.005329,0.013715,-0.004930
0.009209,0.019001,0.000473
0.003284,0.038093,0.012441
0.000337,0.046618,0.011499
0.001347,0.043400,0.012561
0.003302,0.025266,0.011344
0.007229,0.002930,0.003645
0.010192,-0.015185,0.001331
0.004287,-0.013056,0.002408
0.002293,-0.000282,0.007829
0.002289,0.016749,0.011221
-0.003639,0.032664,0.018917
-0.008548,0.035795,0.022265
-0.011446,0.027247,0.020128
-0.011456,0.017674,0.014738
-0.007553,0.008107,0.010378
-0.007601,0.002830,0.005998
-0.006645,-0.000312,0.001630
-0.005688,-0.007670,-0.008137
-0.006657,-0.009701,-0.017835
-0.005703,-0.004323,-0.019994
-0.008674,0.015998,-0.023080
-0.010685,0.035166,-0.018630
-0.002926,0.047881,-0.008874
0.005801,0.069125,0.000973
0.007672,0.101030,0.010938
-0.004144,0.137210,0.021969
-0.010060,0.179862,0.024505
-0.008234,0.183010,0.029900
-0.010251,0.141562,0.009237
-0.003302,0.054209,-0.007579
0.005537,-0.043746,-0.033033
0.005640,-0.110753,-0.059275
0.001770,-0.127770,-0.065842
-0.002148,-0.106409,-0.068847
0.001803,-0.072381,-0.053606
0.005663,-0.038398,-0.033017
0.007596,-0.006594,-0.007103
0.008512,0.024188,0.014502
0.006473,0.050738,0.029701
0.001545,0.070971,0.035211
-0.004346,0.067873,0.023410
-0.003322,0.048753,0.013607
-0.003329,0.018976,0.000538
-0.002287,-0.014004,-0.014644
0.000660,-0.033198,-0.016934
0.000671,-0.034217,-0.024387
-0.007110,-0.015073,-0.016739
-0.009103,0.002973,-0.004833
-0.005215,0.014675,-0.000455
0.001587,0.016776,0.004878
0.006442,0.019995,0.003814
0.008360,0.024263,0.004897
0.010293,0.027463,0.003878
0.007378,0.025378,-0.002542
0.006429,0.013654,-0.004769
0.009357,0.005134,-0.005931
0.010312,-0.006639,-0.001757
0.009315,-0.003488,0.005722
0.001490,0.000695,0.017484
0.006337,0.009161,0.026109
0.007280,0.025126,0.031579
0.005326,0.032588,0.031664
0.003378,0.034742,0.028495
0.006319,0.020922,0.021966
0.003436,0.000691,0.016450
0.000511,-0.019590,0.018385
-0.000454,-0.036616,0.012890
-0.004292,-0.038646,0.002141
-0.004296,-0.038649,0.002148
-0.007191,-0.027929,-0.004164
-0.010100,-0.011916,-0.006138
-0.011104,-0.001290,-0.003837
-0.005237,0.000875,-0.005992
-0.001339,-0.003404,-0.004956
-0.001356,-0.007655,-0.003989
-0.002355,0.007278,-0.001754
-0.004375,0.030733,0.001637
-0.013201,0.044539,0.008202
-0.010285,0.047659,0.014715
-0.005418,0.046548,0.017958
-0.004466,0.031601,0.014714
-0.004465,0.024117,0.015734
-0.003527,0.015572,0.016728
0.000395,0.013474,0.015570
0.001363,0.007159,0.007967
0.001396,0.000909,-0.007126
0.000413,-0.006482,-0.015761
-0.004462,-0.000041,-0.021037
-0.010340,0.011643,-0.017658
-0.011396,0.027598,-0.013205
-0.009498,0.027504,-0.004593
-0.002656,0.021052,-0.001382
0.003175,0.009359,-0.006827
0.007106,-0.004538,-0.000604
0.011979,-0.009814,-0.003942
0.010996,-0.011951,-0.000816
0.006123,-0.008749,0.001301
0.001198,-0.004504,0.005582
-0.003651,0.000839,0.003514
-0.001672,-0.003507,0.009957
-0.003575,-0.006611,-0.004964
0.001328,-0.002383,-0.002730
0.005143,0.001798,0.005896
0.006127,0.016707,0.010287
0.003170,0.035956,0.008251
0.001163,0.044409,0.020046
0.000150,0.051852,0.023315
-0.004778,0.059352,0.019116
-0.010624,0.058269,0.019148
-0.016500,0.059379,0.012771
-0.017513,0.056220,0.005312
-0.013656,0.053078,-0.003236
-0.008842,0.036057,-0.008747
-0.002005,0.009453,-0.015438
0.004839,-0.008667,-0.015645
0.008708,-0.019311,-0.016851
0.009623,-0.006584,-0.008174
0.009586,0.016817,-0.000457
0.010531,0.039064,0.016888
0.006551,0.052838,0.027716
0.005543,0.049572,0.034136
0.006505,0.036766,0.034028
0.005526,0.028246,0.031823
0.006528,0.023035,0.016810
0.005490,0.005993,0.015540
0.005507,-0.004585,0.005794
-0.000388,-0.004513,0.000377
-0.003354,0.002946,0.003605
-0.009272,0.024293,0.003772
-0.017105,0.040302,0.004947
-0.017121,0.044511,0.010366
-0.012222,0.032831,0.002794
-0.005345,0.010460,-0.002724
-0.004334,-0.016174,-0.008292
0.003504,-0.023639,-0.010460
0.008392,-0.031068,-0.014811
0.003522,-0.025665,-0.022262
-0.002382,-0.016085,-0.018981
-0.000446,0.001998,-0.009265
-0.002471,0.022187,-0.000504
-0.003468,0.034897,0.010311
-0.000524,0.034848,0.014622
-0.001530,0.033773,0.015680
0.000434,0.019920,0.012375
0.003397,-0.004597,0.011052
0.000500,-0.024781,0.001231
0.001526,-0.033182,-0.009652
0.005415,-0.027756,-0.017164
-0.001466,-0.012793,-0.018145
-0.008305,0.005328,-0.015849
-0.010265,0.019151,-0.011418
-0.008329,0.021267,-0.012398
-0.001450,0.016971,-0.012362
0.002458,0.008323,-0.001687
0.004421,0.001923,-0.002794
0.005398,0.001962,-0.007078
0.007392,-0.004388,-0.011454
0.003519,-0.012918,-0.012589
0.000597,-0.020429,-0.005225
-0.001330,-0.022569,-0.004182
0.002536,-0.010807,-0.008327
-0.000436,-0.002338,-0.001803
-0.006302,0.008285,0.001549
-0.007276,0.009305,0.004818
-0.007241,0.001777,0.012226
-0.003311,-0.000370,0.013287
0.005422,0.002868,0.010083
0.006447,0.007206,0.004709
0.005491,0.009403,-0.001712
0.003519,-0.000125,-0.009313
0.007434,-0.009700,-0.010514
0.005467,-0.011814,-0.012677
0.000549,-0.004359,-0.011530
0.001510,0.005157,-0.004944
-0.001427,0.010429,0.000497
0.002503,0.002917,0.001589
0.004472,-0.007818,0.007941
0.007410,-0.015309,0.008979
0.004473,-0.012099,0.008985
-0.001397,-0.005651,0.005783
-0.009196,0.002920,0.004719
-0.010176,0.002980,-0.001711
-0.008224,-0.005492,-0.007183
-0.004262,-0.017187,-0.013668
-0.000290,-0.021440,-0.015835
-0.002298,-0.018296,-0.010431
-0.001277,-0.003414,-0.005971
-0.002338,0.019935,0.007108
0.003479,0.027302,0.017898
0.006403,0.031522,0.022242
0.007359,0.024018,0.026449
0.007395,0.004875,0.019843
0.003561,-0.012045,0.002568
-0.000361,-0.021599,-0.003918
-0.000385,-0.022651,-0.006060
0.000565,-0.010938,-0.003804
-0.000471,0.008192,0.005975
-0.001517,0.030548,0.012579
-0.003500,0.044306,0.026590
-0.003540,0.042208,0.023340
-0.001561,0.030520,0.018927
-0.002557,0.017827,0.005976
-0.001558,-0.005587,-0.000660
-0.003493,-0.022597,-0.006199
-0.002532,-0.026835,-0.009451
0.002318,-0.014028,-0.010393
0.001280,-0.001299,-0.003812
0.003229,0.015683,0.005984
-0.000733,0.032700,0.010458
-0.003704,0.035816,0.020120
-0.000753,0.026205,0.022148
0.004180,0.006023,0.013369
0.007143,-0.019492,0.004537
0.005197,-0.021571,0.002284
0.001287,-0.018257,-0.008442
0.001296,-0.015013,-0.010618
0.000313,-0.020382,-0.005346
0.001331,-0.018301,0.000041
0.003302,-0.013064,0.009754
0.004295,0.005049,0.013119
0.000367,0.025222,0.021921
-0.007466,0.037009,0.015618
0.004267,0.023172,0.015408
0.002333,-0.002356,0.007656
-0.002509,-0.012924,-0.003162
-0.006407,-0.023500,-0.013959
-0.006359,-0.024520,-0.020365
-0.011241,-0.021333,-0.023437
-0.010235,-0.018159,-0.022292
-0.009230,-0.018196,-0.019059
-0.010201,-0.012926,-0.012568
-0.009244,-0.009814,-0.000805
-0.009254,-0.006656,0.003521
-0.006325,0.005050,0.007886
-0.008243,0.005043,0.007905
-0.008202,-0.001348,0.005727
-0.005276,-0.000215,-0.001756
0.003517,-0.009726,-0.012536
0.005504,-0.018181,-0.022235
0.005503,-0.028818,-0.025551
0.010432,-0.042638,-0.031033
0.012422,-0.038355,-0.033128
0.007467,-0.017168,-0.013719
0.002542,0.007238,0.001487
-0.003343,0.032703,0.016726
-0.002386,0.047532,0.028643
0.000548,0.040015,0.030795
0.000549,0.027252,0.024302
-0.000424,0.004872,0.019854
0.001543,-0.014294,0.016445
-0.000442,-0.019527,0.008815
-0.002388,-0.026985,0.008721
-0.001385,-0.023705,0.003313
-0.005301,-0.012993,-0.000889
-0.007293,-0.000171,-0.002916
-0.003405,0.001960,-0.002890
-0.000462,-0.001185,-0.011428
0.000548,0.002004,-0.010326
-0.001405,0.001986,-0.009231
-0.001404,0.001928,-0.003852
0.004469,0.005104,-0.000620
-0.002405,0.011468,0.002672
-0.010196,0.006142,0.001556
-0.012084,-0.010919,0.001378
-0.009131,-0.036437,-0.009537
-0.006137,-0.051310,-0.016111
-0.006124,-0.050166,-0.024671
-0.003160,-0.033056,-0.028804
-0.005091,-0.026624,-0.031964
0.000833,-0.025562,-0.030896
0.001843,-0.022379,-0.028728
-0.001111,-0.013900,-0.024324
0.000868,-0.001153,-0.017790
-0.000098,0.010476,-0.004856
-0.002061,0.002961,0.001475
0.001912,-0.010899,0.000281
0.008767,-0.018292,-0.007304
0.009742,-0.034285,-0.009565
0.014632,-0.034239,-0.017008
0.012618,-0.020447,-0.010406
0.006742,-0.003481,0.001524
0.002847,0.008155,0.014439
0.005726,0.016597,0.025217
-0.000147,0.014462,0.025200
-0.003038,0.012404,0.017664
-0.006912,0.001821,0.008977
-0.004927,-0.006543,-0.011415
-0.005922,-0.004366,-0.015691
-0.003986,-0.008637,-0.016768
-0.002048,-0.005485,-0.011381
-0.001123,-0.006632,-0.000724
0.002842,-0.015178,0.001320
0.006746,-0.012005,0.005600
0.003806,-0.003495,0.008881
0.001891,0.009344,0.005764
0.001875,0.016816,0.005822
0.000897,0.015769,0.003667
0.007722,0.006221,-0.001787
0.013586,-0.008739,0.001277
0.013568,-0.015172,0.005484
0.010616,-0.004545,0.010919
0.002817,0.006076,0.017414
-0.001074,0.015617,0.023932
-0.004987,0.017687,0.029347
-0.011753,0.011309,0.025049
-0.011719,0.001732,0.021760
-0.014618,-0.014213,0.013097
-0.014604,-0.019464,0.005511
-0.009746,-0.020490,0.001211
-0.006796,-0.013945,-0.013747
-0.003898,-0.001099,-0.018977
-0.006871,0.008441,-0.012454
-0.007875,0.016948,-0.011257
-0.005923,0.013697,-0.006970
-0.004898,0.005093,-0.000593
-0.005859,-0.009846,-0.002810
-0.005819,-0.009867,0.000381
-0.010726,-0.006674,0.001475
-0.008751,-0.003384,-0.007096
-0.004837,-0.007652,-0.006088
0.001020,-0.015074,-0.010457
0.006883,-0.013986,-0.012595
0.008818,-0.010828,-0.007227
0.005863,-0.000227,-0.000677
0.001929,0.021077,0.003785
-0.000007,0.026339,0.011344
-0.001943,0.024245,0.004942
0.000066,0.011463,0.001637
0.002000,-0.003385,-0.009183
0.001994,-0.011914,-0.011368
-0.000005,-0.010842,-0.012417
0.001912,0.000845,-0.009047
0.000902,0.009371,-0.008946
-0.002018,0.005112,-0.011098
-0.001971,-0.004503,-0.011153
-0.001978,-0.014141,-0.006961
-0.005886,-0.018389,-0.007051
-0.005872,-0.014128,-0.001765
-0.002014,-0.017320,0.000275
0.005846,-0.021557,-0.000890
0.011678,-0.019462,0.002368
0.007783,-0.006674,0.002521
0.005841,0.005000,0.005925
0.003907,0.008170,0.008124
0.000980,0.006001,0.010288
0.001968,-0.002531,0.010204
0.001030,-0.014234,0.004785
0.006862,-0.021600,-0.006005
0.004928,-0.011966,-0.008095
-0.000038,-0.000274,-0.001601
-0.002000,0.017795,0.009200
-0.005937,0.032677,0.018889
-0.005001,0.038027,0.017846
0.000881,0.027428,0.010246
0.003836,0.007234,-0.000591
0.001902,-0.009811,-0.003948
-0.006883,-0.025803,-0.007257
-0.008753,-0.036421,-0.013761
-0.008757,-0.033231,-0.013705
-0.009730,-0.022555,-0.014673
-0.005782,-0.020425,-0.014646
-0.003821,-0.015100,-0.013527
-0.002845,-0.010860,-0.008187
-0.001875,-0.006626,-0.005971
0.000067,-0.000229,-0.003810
0.002036,-0.001253,-0.009162
0.003998,-0.007576,-0.017789
0.006960,-0.016052,-0.022202
0.006012,-0.027769,-0.023403
-0.001795,-0.032102,-0.014904
-0.005671,-0.020405,-0.009467
-0.006660,-0.011922,-0.002980
-0.004668,-0.001267,-0.002850
-0.008576,0.005064,0.003666
-0.007590,0.008256,0.003718
-0.003680,0.013590,0.002719
0.000218,0.002975,-0.001697
-0.001731,-0.007675,-0.003935
0.003180,-0.011866,-0.012540
0.010965,-0.018257,-0.012625
0.016813,-0.012961,-0.007246
0.010932,-0.004478,-0.002851
0.008996,-0.002436,0.006821
0.007022,0.005961,0.022945
0.005072,0.005993,0.018677
0.002173,0.014510,0.021941
0.003131,0.013503,0.015498
0.000251,0.004046,-0.000653
-0.004610,-0.015141,-0.001918
-0.000681,-0.024628,-0.014853
0.006155,-0.023480,-0.023421
0.009051,-0.017089,-0.021243
0.010002,-0.011800,-0.015849
0.008073,-0.002348,0.001361
0.004148,0.003915,0.019559
0.001233,0.015545,0.031442
0.001223,0.013361,0.037832
0.001247,0.008040,0.034612
-0.003652,0.006999,0.029303
-0.004636,-0.005772,0.023878
-0.008491,-0.012086,0.012088
-0.016288,-0.019384,-0.008293
-0.017225,-0.021454,-0.013708
-0.010394,-0.017078,-0.023366
-0.007440,-0.017026,-0.025592
-0.008394,-0.016949,-0.032068
-0.005460,-0.008470,-0.024526
-0.003528,-0.001049,-0.019106
-0.004487,0.004229,-0.014727
-0.004480,0.019094,-0.007085
-0.009353,0.028648,-0.002691
-0.017143,0.025411,-0.000533
-0.010321,0.009469,-0.011295
-0.005369,-0.017195,-0.013648
-0.013151,-0.033186,-0.018006
-0.014151,-0.036399,-0.018004
-0.011200,-0.035326,-0.019055
-0.002375,-0.031018,-0.023306
0.003456,-0.027778,-0.026516
0.005375,-0.022461,-0.021195
0.009268,-0.006511,-0.012545
0.007248,0.013690,-0.002770
0.006310,0.026474,-0.001559
0.008284,0.024280,0.002762
0.012250,0.007268,-0.006957
0.009350,-0.005544,-0.007047
0.003458,-0.014058,-0.011361
-0.003381,-0.007687,-0.008087
-0.008287,-0.000249,-0.002710
-0.004396,0.002871,0.004850
0.002426,-0.004546,-0.001627
0.009316,-0.009807,-0.009186
0.014181,-0.017277,-0.009247
0.013205,-0.018401,-0.002834
0.012205,-0.004590,0.004762
0.011176,0.008150,0.014452
0.010181,0.016597,0.027307
0.006247,0.025073,0.035905
0.000400,0.022955,0.035843
-0.007414,0.022989,0.030527
-0.013287,0.018821,0.019772
-0.013227,0.010445,-0.000590
-0.010265,-0.006548,-0.014540
-0.010244,-0.021466,-0.020996
-0.010258,-0.027830,-0.025335
-0.009242,-0.034215,-0.028573
-0.004398,-0.029978,-0.023223
-0.002492,-0.024687,-0.014695
-0.001525,-0.014078,-0.006081
-0.002511,-0.001385,0.008962
-0.009373,0.014565,0.016565
-0.011307,0.028442,0.016672
-0.007417,0.030622,0.010295
-0.002530,0.018965,0.001618
0.007275,-0.000113,-0.011434
0.008282,-0.018173,-0.019118
0.006312,-0.020233,-0.023513
0.009204,-0.008513,-0.019183
0.007228,0.012755,-0.010444
0.004302,0.023331,-0.001739
0.003325,0.019024,0.001464
0.010229,0.001951,-0.001820
0.011263,-0.020470,-0.003024
0.009335,-0.027895,-0.008435
0.000542,-0.025840,0.002249
-0.009233,-0.016275,0.008708
-0.013166,0.001765,0.021673
-0.006340,0.008186,0.021677
0.003474,0.010400,0.012075
0.003512,-0.001276,0.004494
0.010371,-0.018251,-0.007411
0.014285,-0.028894,-0.009667
0.014279,-0.017127,-0.010688
0.006382,0.003014,0.005518
0.001500,0.028564,0.011123
-0.002439,0.033776,0.025085
-0.003393,0.037957,0.031625
-0.009268,0.038977,0.034894
-0.014137,0.040061,0.032767
-0.017094,0.032616,0.029503
-0.018083,0.013478,0.020793
-0.016107,-0.002433,0.010996
-0.011215,-0.015108,-0.002002
-0.006346,-0.011885,-0.006215
-0.003421,-0.004339,-0.015763
-0.003445,-0.002238,-0.012523
-0.004437,0.005203,-0.010292
-0.005423,0.012598,-0.001666
-0.002493,0.015777,-0.000537
-0.000560,0.024317,-0.000471
0.002346,0.024312,-0.000460
0.005243,0.015791,-0.002664
0.002318,0.009388,-0.002716
-0.002567,-0.002389,0.001468
-0.006470,-0.005620,0.005702
-0.006483,-0.002389,0.001470
-0.003518,-0.003364,-0.010285
-0.004523,0.004143,-0.012410
-0.004521,0.000982,-0.015680
-0.003510,-0.002204,-0.016791
-0.006465,-0.004383,-0.010419
-0.000635,0.003043,-0.006059
0.002239,0.016854,0.001541
0.003190,0.030628,0.010280
0.005118,0.042264,0.019013
0.005061,0.033654,0.027497
0.005099,0.028294,0.028562
0.005047,0.029381,0.025382
0.002115,0.023051,0.017817
0.001148,0.012470,0.005987
0.001143,-0.001309,-0.003785
0.003108,-0.016144,-0.014642
-0.000807,-0.012890,-0.018936
-0.004741,-0.011810,-0.020006
-0.005725,0.003117,-0.015663
-0.008701,0.008390,-0.007090
-0.004805,0.012581,0.001517
-0.001859,0.014675,0.006868
0.002075,0.011416,0.012218
0.005999,0.015718,0.005893
0.000105,0.018859,0.015490
0.001043,0.026352,0.013401
-0.003871,0.032735,0.018734
-0.005852,0.021059,0.011153
0.000020,0.012549,0.005781
0.002931,-0.003362,-0.008200
0.005917,-0.008696,-0.010339
-0.001948,-0.004477,-0.007036
-0.001956,-0.007738,-0.001678
0.002951,-0.008821,0.001492
0.004901,-0.016292,0.002477
0.010761,-0.019467,0.002380
0.013675,-0.013013,0.000210
0.008768,-0.002352,0.003462
0.006811,0.002972,0.006677
0.005826,0.009367,0.007796
0.007799,0.002908,0.014164
0.006865,-0.002450,0.016269
0.001027,-0.017353,0.011865
0.002059,-0.038688,0.010622
0.000163,-0.048277,0.009453
-0.005686,-0.036551,0.010631
-0.005677,-0.014077,0.003329
-0.004728,0.006177,0.004600
-0.005700,0.014698,0.004715
-0.005747,0.012539,0.004762
-0.003792,0.010413,0.002629
-0.002826,0.007188,0.005802
-0.008663,0.002901,0.008954
-0.015488,-0.000300,0.009971
-0.013486,-0.007716,0.004541
-0.009539,-0.010826,-0.003047
-0.006610,-0.013979,-0.006338
-0.005583,-0.021348,-0.016078
-0.003621,-0.020279,-0.016071
-0.004619,-0.022435,-0.013941
0.001312,-0.024609,-0.010718
-0.001659,-0.010816,-0.004117
-0.008495,0.012629,-0.004884
-0.011408,0.015742,0.002694
-0.005515,0.009379,-0.001647
-0.003552,0.004066,-0.003843
-0.002573,-0.004383,-0.012510
0.004259,-0.008665,-0.011465
0.007119,-0.001202,-0.009292
0.005131,0.012606,-0.005870
0.003115,0.023222,-0.000408
0.003122,0.022083,0.007092
0.006048,0.008137,0.015531
0.011881,-0.000402,0.017557
0.009968,-0.002532,0.018576
0.006070,0.003893,0.016479
0.002182,0.009250,0.013332
0.003178,0.010391,0.004781
-0.001700,0.011481,0.000548
-0.004689,0.017850,0.002780
-0.001842,0.019873,0.014593
-0.003818,0.014462,0.021018
-0.005763,0.016572,0.022144
-0.008720,0.021881,0.026442
-0.009743,0.024087,0.018955
-0.009724,0.020988,0.007156
-0.012641,0.011502,-0.003690
-0.015572,-0.004364,-0.017789
-0.009692,-0.021260,-0.036176
-0.000910,-0.031850,-0.042752
0.002961,-0.022205,-0.045915
-0.001909,-0.004127,-0.038276
-0.009745,0.011777,-0.028462
-0.006794,0.021226,-0.013335
-0.000899,0.010481,-0.008002
0.002106,-0.003463,-0.004794
0.001126,-0.016295,-0.003791
0.005983,-0.022716,-0.003795
0.007928,-0.020606,0.000468
0.007870,-0.015265,0.000500
0.006886,-0.005698,0.007999
-0.001910,0.011309,0.018773
-0.009730,0.026250,0.020986
-0.007786,0.038027,0.016802
-0.000942,0.031834,-0.006808
0.005936,0.010613,-0.021944
0.008892,-0.014879,-0.036064
0.008901,-0.038331,-0.038419
0.009898,-0.039481,-0.027751
0.007905,-0.017194,-0.013648
0.006862,0.008269,0.004731
0.004861,0.027392,0.014525
0.006856,0.036962,0.018881
0.004895,0.031632,0.016729
0.004880,0.020931,0.017763
0.003912,0.012436,0.012353
0.006846,-0.001441,0.013293
0.006847,-0.012129,0.017431
0.009776,-0.028145,0.020455
0.009735,-0.023883,0.024690
0.005840,-0.011033,0.022592
-0.000969,0.004975,0.022725
-0.011699,0.018901,0.016425
-0.011642,0.009337,0.012058
-0.004781,-0.006601,0.002331
-0.001840,-0.016186,-0.001982
-0.001837,-0.018309,-0.005168
0.000101,-0.011938,-0.001894
0.001059,-0.005531,-0.002895
0.002055,0.004057,-0.000683
-0.001856,0.009413,-0.000690
0.001063,0.014755,-0.001708
-0.000900,0.005177,-0.004995
0.004996,-0.016143,-0.007325
0.005051,-0.025809,-0.003061
-0.006694,-0.019441,-0.000822
0.005022,-0.007704,0.001370
0.023519,-0.005705,0.019519
0.017612,-0.003607,0.024862
0.007881,0.008050,0.035631
-0.001864,0.014379,0.043197
-0.003755,0.017608,0.035831
-0.005736,0.013398,0.024140
-0.008616,-0.001412,0.006943
-0.013462,-0.010975,0.001527
-0.020376,-0.017334,-0.002825
-0.023348,-0.016246,-0.004963
-0.016547,-0.006700,0.002592
-0.012672,0.002872,0.005893
-0.007753,0.007117,0.008081
-0.005799,0.015636,0.011336
-0.004847,0.024175,0.011402
-0.005856,0.029528,0.012449
-0.010724,0.027498,-0.000392
-0.014615,0.005144,-0.008046
-0.012604,-0.018212,-0.023198
-0.012584,-0.032020,-0.031850
-0.008684,-0.023449,-0.036050
-0.005766,-0.020253,-0.037055
-0.002804,-0.023510,-0.029617
0.004045,-0.022511,-0.020018
0.010873,-0.018322,-0.007224
0.011843,-0.002405,0.004647
0.009899,0.010392,0.005824
0.009898,0.014665,0.004804
0.006953,0.013622,0.002640
0.004062,0.000881,-0.004957
0.003112,-0.016136,-0.012571
-0.002739,-0.025758,-0.012606
-0.005699,-0.027934,-0.010421
-0.001747,-0.025831,-0.009277
0.002182,-0.014114,-0.007030
-0.000800,-0.002478,0.002747
-0.000790,0.004941,0.009217
-0.003716,0.011382,0.007080
-0.002708,0.011412,0.005957
-0.002672,0.004076,-0.007006
-0.002637,-0.006470,-0.018926
0.004200,-0.020263,-0.025526
0.008092,-0.029857,-0.026678
0.005152,-0.026759,-0.015923
0.001207,-0.011973,-0.000755
-0.003706,0.008125,0.017657
-0.004673,0.023062,0.015699
-0.000761,0.017737,0.013533
-0.000729,0.005053,-0.000487
-0.006554,-0.011923,-0.011343
-0.002564,-0.025629,-0.027581
0.001337,-0.037230,-0.041634
0.005243,-0.032895,-0.045958
0.004249,-0.031840,-0.043823
0.003294,-0.021291,-0.029820
0.004249,-0.012945,-0.007287
-0.001614,0.020055,0.002615
0.004184,0.044534,0.012402
0.023681,0.047754,0.012381
0.026631,0.030670,0.013306
0.019792,0.001838,0.016253
0.017907,-0.022669,0.011770
0.012041,-0.029077,0.009637
0.007135,-0.021632,0.008718
-0.000695,-0.012097,0.014209
-0.012426,-0.003658,0.022903
-0.015375,-0.000438,0.018698
-0.010462,-0.010051,0.018642
-0.005574,-0.013231,0.017512
-0.006532,-0.011086,0.017502
-0.009490,-0.010004,0.017474
-0.010447,-0.009938,0.013115
-0.009479,-0.013093,0.011922
-0.007485,-0.011900,0.001146
-0.006527,-0.010785,-0.002106
-0.008453,-0.006459,-0.010590
-0.011348,0.008448,-0.009333
-0.014257,0.020185,-0.010274
-0.001532,0.021198,-0.004895
0.001401,0.010454,0.002523
-0.002494,0.004063,0.002437
-0.004447,-0.000177,0.001284
-0.001503,0.004136,-0.001934
-0.001502,0.002098,-0.011616
0.001470,-0.010637,-0.018182
0.002470,-0.026640,-0.018326
0.006380,-0.034132,-0.016237
0.007358,-0.026769,-0.006486
0.009264,-0.002383,0.006683
0.007298,0.016679,0.018728
0.006319,0.034681,0.031793
0.002415,0.035728,0.033949
0.001469,0.009099,0.029413
0.008344,-0.016399,0.018444
0.005448,-0.032268,0.004354
0.000568,-0.041818,-0.003188
-0.003363,-0.035398,-0.004226
-0.005337,-0.017294,-0.000837
-0.005345,-0.001335,0.001514
0.000493,0.007100,0.012308
0.001485,0.009199,0.013466
-0.001425,-0.000454,0.016647
-0.002357,-0.016446,0.015428
0.002541,-0.030253,0.008868
0.004518,-0.030197,0.004539
0.001548,-0.021637,0.002457
-0.004235,-0.009780,-0.008211
-0.004260,0.001980,-0.007124
-0.007224,0.006242,-0.004980
-0.004303,0.014763,-0.002775
-0.003339,0.015827,-0.002758
-0.003339,0.014707,0.001555
-0.002392,0.013591,0.003766
-0.005320,0.011357,0.011328
-0.012155,0.013461,0.011426
-0.016061,0.012353,0.013617
-0.016087,0.001735,0.005020
-0.015042,-0.019530,-0.004775
-0.014082,-0.038645,-0.015638
-0.007247,-0.048144,-0.026449
0.000554,-0.038473,-0.031772
0.003459,-0.020319,-0.030609
0.000452,-0.001236,-0.013388
-0.001527,0.025349,-0.001416
0.005311,0.032710,0.012526
0.004341,0.039054,0.017963
0.003372,0.029458,0.015769
0.009284,0.013506,0.007125
0.009283,-0.012012,-0.002746
0.010267,-0.023646,-0.012528
0.004358,-0.019361,-0.011490
-0.002493,-0.002328,-0.003920
-0.006449,0.014691,0.002643
-0.004496,0.017918,-0.000534
-0.000523,0.007288,-0.005960
-0.001455,-0.002289,-0.010294
-0.002370,-0.023560,-0.019027
-0.002325,-0.026764,-0.019047
0.001583,-0.027779,-0.023375
0.004545,-0.027783,-0.022319
0.004548,-0.025629,-0.023399
0.007472,-0.019293,-0.013760
0.011384,-0.019337,-0.008417
0.013343,-0.022603,-0.002001
0.010414,-0.019509,0.006673
0.006531,-0.007902,0.018620
-0.000310,0.005921,0.023047
-0.001307,0.021854,0.029652
-0.005260,0.027212,0.025454
-0.007194,0.013417,0.018861
-0.004223,-0.015324,0.013204
-0.002264,-0.036537,0.000135
0.000706,-0.048145,-0.012853
-0.001231,-0.042700,-0.023552
-0.004167,-0.030941,-0.023506
-0.004156,-0.016067,-0.015887
-0.002191,-0.004443,-0.001894
-0.000208,0.004026,0.004630
-0.002156,0.012516,0.009007
0.001734,0.014565,0.016566
0.002727,0.007128,0.012233
0.008619,-0.011938,-0.003985
0.010582,-0.040723,-0.006391
0.007696,-0.051362,-0.007609
0.005709,-0.039684,0.003106
-0.003136,-0.010966,0.011961
-0.008991,0.022055,0.017624
-0.002171,0.032657,0.024166
0.003731,0.025198,0.023031
0.002777,0.012406,0.021842
0.003710,-0.000397,0.022775
-0.000185,-0.003530,0.017338
-0.007986,0.000794,0.012000
-0.010889,0.006275,-0.002974
-0.008937,0.001017,-0.012634
-0.007901,-0.012748,-0.024535
-0.005905,-0.027666,-0.030991
-0.004889,-0.040514,-0.026806
-0.003918,-0.033119,-0.018181
-0.005879,-0.006548,-0.006173
-0.005948,0.027468,0.009099
-0.008913,0.041267,0.017774
-0.008908,0.035886,0.023076
-0.002010,0.016746,0.014370
-0.001991,0.002946,0.004653
-0.003947,0.001945,-0.005985
-0.001993,-0.001248,-0.009170
-0.002961,-0.008689,-0.014539
-0.001021,-0.019348,-0.015708
-0.002023,-0.019415,-0.007166
-0.007868,-0.009868,-0.000661
-0.011820,0.006108,0.002689
-0.008903,0.015727,0.001686
-0.008902,0.013650,-0.005799
-0.010814,0.002005,-0.015554
-0.003955,-0.007534,-0.023124
0.005767,-0.019241,-0.027489
0.013573,-0.021434,-0.018988
0.012539,-0.008650,-0.016734
0.014497,0.004077,-0.007011
0.012533,0.018935,0.002742
0.009551,0.024241,0.009139
0.015451,0.009320,0.007919
0.014501,-0.005598,0.008783
0.004756,-0.009850,0.006612
-0.003082,-0.003438,0.004550
-0.006014,0.008290,0.002584
-0.009963,0.018927,0.004855
-0.012878,0.014649,0.003798
-0.014776,0.001844,0.002644
-0.013798,-0.007780,0.004707
-0.011818,-0.019422,-0.005056
-0.003021,-0.028959,-0.011588
0.003847,-0.032091,-0.017024
0.003846,-0.021343,-0.023408
0.003807,-0.012785,-0.024438
0.005775,-0.007508,-0.017966
0.002804,0.007328,-0.009201
-0.001132,0.028626,-0.004725
0.003785,0.031711,0.009205
0.000839,0.029453,0.022059
-0.004972,0.020895,0.023086
-0.005911,0.017698,0.022002
-0.003990,0.010297,0.017577
-0.002090,0.000767,0.008935
-0.006988,-0.002328,-0.001828
-0.008968,-0.000212,0.001376
-0.006054,0.006281,-0.009263
-0.004106,0.010566,-0.010317
-0.001161,-0.000013,-0.021106
0.001846,-0.022384,-0.026623
0.008686,-0.035140,-0.033135
0.007703,-0.031971,-0.027794
-0.002109,-0.011640,-0.030907
0.003731,0.003179,-0.012687
0.003699,0.006300,-0.003040
0.002798,-0.000110,-0.002030
-0.000100,-0.001191,-0.000956
-0.002041,0.008391,-0.000819
0.000928,0.009467,-0.006060
-0.001033,0.013772,-0.012394
-0.004942,0.005250,-0.015643
-0.005848,-0.013939,-0.017947
-0.002892,-0.029941,-0.017045
0.001001,-0.032124,-0.011709
0.002951,-0.025775,-0.006286
0.000998,-0.008788,0.002450
-0.001935,0.009254,0.013322
-0.004851,0.017730,0.019827
-0.004877,0.023047,0.022012
-0.004824,0.016737,0.011258
-0.001874,-0.002339,-0.003891
0.004976,-0.025685,-0.019071
0.006934,-0.041643,-0.025607
0.004961,-0.037409,-0.021296
0.003922,-0.017217,-0.011495
0.004828,0.005075,0.003640
0.005762,0.015609,0.019775
0.004779,0.016580,0.029447
0.003842,0.013395,0.027286
0.001856,0.008095,0.021919
-0.005936,0.002840,0.011205
-0.011767,-0.001343,0.001535
-0.010784,-0.011921,-0.007166
-0.005821,-0.024640,-0.014819
-0.002890,-0.033142,-0.017075
-0.002872,-0.033079,-0.021422
-0.001881,-0.023484,-0.019227
0.000061,-0.011808,-0.011646
0.001047,0.000938,-0.006152
0.000051,0.009370,0.005697
-0.003837,0.013582,0.011108
-0.000907,0.011404,0.016436
0.003035,0.005071,0.006787
0.001127,-0.003384,-0.001865
-0.000821,-0.003325,-0.007248
-0.003726,-0.007547,-0.010541
-0.003714,-0.008552,-0.015943
-0.005685,-0.008500,-0.020263
-0.009562,-0.009535,-0.022447
-0.003685,-0.017054,-0.019244
-0.001725,-0.021377,-0.014955
0.002187,-0.018210,-0.014839
0.006154,-0.008653,-0.012542
0.005170,-0.004465,-0.007066
0.004197,-0.002427,0.001568
0.003235,-0.000364,0.009093
0.002255,-0.001441,0.011202
0.003216,-0.006773,0.012193
0.003233,-0.011015,0.008951
-0.002651,-0.007774,0.004692
-0.008528,0.007144,0.005919
-0.009530,0.012511,0.002745
0.000241,0.005068,-0.000527
0.000238,0.000819,-0.002706
-0.002674,-0.006582,-0.009219
-0.003611,-0.010826,-0.010366
-0.006577,-0.008692,-0.009303
-0.013375,-0.004363,-0.015700
-0.008468,-0.008600,-0.020001
-0.001631,-0.014999,-0.021110
0.006204,-0.022467,-0.024315
0.009095,-0.020430,-0.015676
0.008119,-0.009854,-0.006971
0.002199,0.008195,0.002833
-0.001755,0.024085,0.016868
-0.002697,0.021933,0.018989
-0.001692,0.009165,0.015647
-0.002657,-0.006727,0.002662
-0.003576,-0.021570,-0.007129
-0.002591,-0.027869,-0.017911
-0.002565,-0.023555,-0.023223
0.001322,-0.022479,-0.024284
0.009113,-0.017156,-0.022115
0.011022,-0.010856,-0.011333
0.010020,-0.001343,-0.000556
0.010960,0.010282,0.012386
