-0.037777,-0.028989,0.022131
-0.035836,-0.020423,0.018981
-0.030967,-0.010702,0.007394
-0.026078,-0.020239,0.000957
-0.023180,-0.027719,0.001995
-0.021280,-0.022198,-0.015940
-0.018419,-0.013578,-0.023196
-0.012643,-0.019957,-0.025339
-0.006880,-0.026388,-0.022157
-0.012812,-0.028552,-0.018971
-0.010944,-0.029588,-0.022164
-0.007116,-0.038202,-0.014846
-0.005250,-0.045749,-0.007533
-0.005363,-0.045689,-0.013947
-0.003511,-0.032861,-0.015979
0.001314,-0.026416,-0.020174
0.008049,-0.020004,-0.021172
0.014434,-0.016822,-0.019001
0.011583,-0.014704,-0.016834
0.009794,-0.008308,-0.015669
0.011969,-0.022297,-0.004112
0.007027,-0.020129,-0.007255
0.002945,-0.010517,-0.008210
-0.000027,0.002351,-0.014478
0.008691,0.009801,-0.012306
0.006664,0.010615,-0.092886
-0.018021,-0.014604,-0.551911
-0.028762,-0.029633,-0.442324
-0.001076,-0.009483,-0.112306
0.013799,0.004410,-0.007046
0.001898,-0.011345,-0.031563
0.004829,-0.008332,-0.012396
-0.006107,-0.023296,-0.010432
-0.011046,-0.025389,-0.014701
-0.010436,-0.013694,-0.010376
-0.007875,0.003452,-0.017688
-0.007053,0.008893,-0.028230
-0.005052,0.007902,-0.035652
0.000575,-0.000627,-0.035680
0.006324,-0.018840,-0.028377
0.005182,-0.029628,-0.016778
0.004071,-0.027463,-0.019949
0.004932,-0.026425,-0.017879
0.003871,-0.024243,-0.023249
0.011597,-0.021065,-0.021141
0.009574,-0.029682,-0.013857
0.009489,-0.044706,-0.005500
0.009394,-0.044760,-0.000202
0.014174,-0.035195,0.004139
0.019904,-0.025632,0.008481
0.024677,-0.012820,0.007526
0.024638,0.010638,0.009894
0.019740,0.015988,0.008907
0.013920,0.002032,0.017302
0.014906,-0.011871,0.020363
0.016870,-0.019341,0.020291
0.014932,-0.021496,0.022415
0.012011,-0.015061,0.019295
0.012997,-0.000053,0.013058
0.010078,0.011655,0.016358
0.005248,0.020214,0.014345
0.005321,0.017008,0.015448
0.005357,0.008457,0.016456
0.013173,-0.013043,0.032213
0.013202,-0.029078,0.035233
0.005426,-0.023657,0.026791
-0.001412,-0.018294,0.023643
-0.004367,-0.011894,0.023664
-0.006295,0.007364,0.018492
-0.005289,0.020233,0.012231
-0.006209,0.012733,0.015355
-0.003258,-0.003366,0.024806
-0.007130,-0.007610,0.022674
-0.011021,-0.001153,0.017439
-0.015865,0.010693,0.006931
-0.011970,0.011793,0.003771
-0.009047,0.007522,0.003728
-0.008111,-0.002018,-0.002722
-0.002308,-0.015945,0.002448
0.003504,-0.018126,0.006625
0.003471,-0.002078,0.002479
0.001525,0.006481,0.000445
-0.001409,0.007538,0.001487
0.001516,-0.001011,0.002459
0.005404,-0.011760,0.009773
0.009275,-0.009670,0.014008
0.007310,-0.008661,0.019288
0.006346,-0.011894,0.022443
0.004376,-0.008641,0.017152
0.006305,-0.008598,0.012915
0.006301,-0.005347,0.008754
0.012112,0.009639,0.004689
0.015056,0.011804,0.001575
0.015075,0.002171,0.004715
0.013108,-0.005333,0.008891
0.004319,-0.008589,0.014154
0.000415,-0.001124,0.014214
-0.005419,-0.000069,0.015257
-0.003452,-0.004425,0.023665
-0.001489,-0.014043,0.024601
0.004359,-0.027994,0.031858
0.005325,-0.024763,0.028669
0.003400,-0.005449,0.018227
-0.000467,0.011689,0.012010
-0.001405,0.018144,0.006790
0.001551,0.024612,0.000493
0.007420,0.019319,-0.002691
0.015249,0.013856,0.009995
0.014276,0.006292,0.019521
0.010390,0.010549,0.020605
0.002623,0.014789,0.022746
0.002673,0.013687,0.025885
0.001731,0.005173,0.023673
0.000793,-0.001221,0.022536
-0.006965,-0.007566,0.017202
-0.007960,0.000001,0.007739
-0.011837,0.025729,-0.003680
-0.006921,0.032114,-0.001454
-0.005911,0.015045,-0.001562
-0.001045,0.000033,0.005776
-0.003990,-0.013880,0.009920
-0.005924,-0.009621,0.011032
-0.006889,-0.001107,0.013208
-0.003936,0.002164,0.005740
-0.000012,0.011840,-0.001631
0.005884,0.013972,-0.001640
0.008843,-0.002197,0.014115
0.009831,-0.021503,0.023482
0.007876,-0.022596,0.026704
0.003956,-0.019412,0.028902
0.005876,-0.016196,0.027924
0.008801,-0.007678,0.030149
0.009795,0.006282,0.021802
0.006880,0.007307,0.026063
0.006943,0.007286,0.028170
0.006023,0.009440,0.026053
0.003142,-0.000223,0.031234
0.001252,-0.006660,0.034326
-0.002615,-0.000183,0.026941
-0.006480,-0.001195,0.021647
0.000388,-0.005504,0.025881
0.000387,-0.008627,0.018468
-0.001593,0.004257,0.011222
-0.002552,0.024580,0.007211
-0.001524,0.027829,0.003050
-0.001461,0.012901,0.001872
0.001484,0.009645,0.007164
0.004414,0.002151,0.009179
0.002480,-0.007454,0.009067
-0.004320,0.006490,0.001726
-0.005276,0.028997,-0.007620
-0.002328,0.022593,-0.007697
0.004509,-0.003221,0.012231
0.003528,-0.024732,0.029042
-0.002329,-0.033239,0.025764
-0.001387,-0.020392,0.021618
-0.006281,-0.002123,0.009044
-0.001389,0.009677,0.002760
0.001552,-0.000972,0.000523
0.006395,-0.011697,0.005735
0.000525,-0.015990,0.007807
-0.006349,-0.022394,0.007737
-0.007368,-0.029930,0.014003
-0.004486,-0.023518,0.012977
0.002319,-0.005352,0.009905
0.008157,0.009662,0.002602
0.013050,-0.000074,0.016323
0.015975,-0.015057,0.020436
0.012065,-0.019392,0.026773
0.003271,-0.019372,0.024637
0.001319,-0.011867,0.021511
0.004227,-0.005446,0.019411
0.009084,-0.001235,0.024719
0.012009,-0.001257,0.026827
0.014952,-0.001290,0.030003
0.011075,-0.005591,0.033142
0.002324,-0.009880,0.035227
-0.003498,-0.011000,0.040536
-0.002505,-0.007838,0.044807
-0.005418,-0.003505,0.038493
-0.005386,0.000806,0.034307
-0.002444,-0.002361,0.031138
-0.001460,-0.005531,0.029048
-0.003425,-0.005467,0.022682
-0.002448,0.007430,0.013261
-0.004369,0.012841,0.005881
-0.005339,-0.003229,0.012128
-0.013158,-0.028863,0.014005
-0.020030,-0.043822,0.015989
-0.019127,-0.041703,0.017013
-0.012344,-0.022436,0.010767
-0.004558,-0.005368,0.010847
0.002305,0.011748,0.006745
0.000394,0.020359,-0.000614
0.004351,0.019284,0.000458
0.005375,0.016065,0.002594
0.006376,0.008575,0.004685
0.002481,0.005366,0.005760
0.001488,-0.002069,0.002546
0.008288,-0.017081,0.009878
0.008253,-0.022423,0.010883
0.006258,-0.011754,0.010956
0.003332,0.001058,0.009980
0.005307,0.007448,0.011062
0.001427,0.005279,0.014192
-0.001473,0.012758,0.013168
-0.004359,0.021347,0.007945
-0.002354,0.007390,0.016326
0.001563,-0.010816,0.022527
-0.000390,-0.017204,0.021465
-0.003339,-0.016072,0.015122
-0.002383,-0.011758,0.010950
0.002467,-0.020304,0.011958
0.005351,-0.018245,0.019389
-0.001496,-0.001072,0.009988
-0.010270,0.018219,0.001640
-0.013131,0.014992,0.003700
-0.008204,0.016120,-0.002691
-0.004294,0.025809,-0.011109
0.002562,0.019396,-0.010111
0.007457,0.001136,0.001402
0.010373,-0.016034,0.010802
0.012290,-0.022543,0.021356
0.008358,-0.006518,0.019339
0.001549,0.013820,0.013144
-0.002311,0.024514,0.011129
0.001628,0.006337,0.014112
0.005526,-0.022583,0.024456
0.010341,-0.054710,0.035854
0.010240,-0.069772,0.047339
0.003328,-0.061194,0.043163
0.009107,-0.032362,0.041272
0.009086,-0.009887,0.035044
0.007163,0.010462,0.027787
0.006244,0.015818,0.025727
0.003378,-0.003431,0.029831
0.004349,-0.029168,0.042374
0.006249,-0.039849,0.043355
0.004261,-0.032365,0.042408
0.001313,-0.021616,0.035109
0.005190,-0.008756,0.029923
0.007139,0.005215,0.020529
0.009112,-0.000175,0.025795
0.005240,-0.006629,0.031072
0.002328,-0.004495,0.031105
0.000391,-0.006641,0.032133
-0.002526,-0.008837,0.038487
0.000414,-0.012028,0.037391
-0.003468,-0.008809,0.035277
0.000436,-0.001338,0.035349
0.001439,0.002982,0.030068
0.003421,0.003004,0.027953
-0.000441,0.005176,0.024829
0.001539,-0.001257,0.027977
0.004485,-0.018394,0.034200
0.001525,-0.019438,0.032090
-0.003350,-0.013047,0.033207
-0.006270,-0.001235,0.025876
-0.002331,0.003054,0.023770
-0.001352,-0.000135,0.022695
-0.001346,-0.010849,0.026824
0.000610,-0.010882,0.029993
-0.004268,-0.010877,0.028899
-0.007194,-0.003377,0.025767
-0.008143,0.000828,0.032149
-0.005195,0.001968,0.024704
-0.004194,0.005179,0.023693
-0.004172,0.000922,0.022608
-0.004159,-0.003318,0.020489
-0.003164,-0.008641,0.019409
-0.003183,-0.004317,0.014197
-0.001234,-0.006449,0.014199
0.000684,-0.009673,0.016308
-0.000303,-0.011743,0.009923
-0.002252,-0.006363,0.005711
-0.001293,-0.004230,0.005716
-0.000323,-0.014958,0.010900
0.003541,-0.024637,0.018237
0.001553,-0.025707,0.018200
-0.000416,-0.017108,0.011888
0.000550,-0.004333,0.015196
0.002506,-0.000065,0.015227
0.001573,0.011780,0.004733
0.004526,0.012818,0.007953
0.008432,-0.005416,0.017357
0.007469,-0.025719,0.020418
0.002551,-0.037498,0.024595
0.001485,-0.035354,0.023545
0.005291,-0.029999,0.021463
0.001354,-0.012914,0.020559
0.001365,-0.000024,0.012161
0.006243,-0.000016,0.011073
0.009173,-0.012918,0.020475
0.005250,-0.023635,0.024584
-0.003538,-0.026817,0.022406
-0.005511,-0.014015,0.022469
-0.002584,0.005260,0.016249
-0.000608,-0.003278,0.016168
0.001343,-0.021526,0.026641
0.000324,-0.026809,0.021289
-0.004594,-0.017142,0.015036
0.000239,-0.026800,0.020250
-0.003706,-0.019305,0.018192
-0.003749,-0.011772,0.011884
-0.000844,-0.013912,0.011846
-0.000878,-0.025725,0.019164
-0.002874,-0.031052,0.018029
-0.003894,-0.026731,0.012747
-0.001015,-0.017147,0.014931
0.000941,-0.005378,0.011830
-0.000034,0.002142,0.006584
0.000953,0.005337,0.007728
-0.000982,-0.008565,0.010818
-0.001967,-0.020323,0.012858
-0.000056,-0.030988,0.012827
-0.002076,-0.041736,0.020133
-0.006056,-0.022430,0.010772
-0.005131,-0.018152,0.009735
-0.005152,-0.022426,0.009671
-0.010065,-0.025627,0.009643
-0.008154,-0.016991,0.000160
-0.002349,-0.027675,0.001107
-0.003353,-0.021273,0.001142
-0.000454,-0.002025,-0.002962
-0.004373,0.008698,-0.008194
-0.007278,0.007630,-0.008225
-0.007251,-0.006265,-0.006181
-0.006310,-0.028715,-0.002105
-0.008336,-0.046929,0.005177
-0.009392,-0.032969,-0.003169
-0.010407,-0.005083,-0.016713
-0.009463,0.015321,-0.029268
-0.002632,0.009985,-0.029279
0.002251,-0.015719,-0.019913
0.001195,-0.042471,-0.012726
0.001072,-0.052139,-0.006444
0.003890,-0.051169,0.003108
0.003811,-0.034044,-0.002076
-0.002066,0.001298,-0.014514
0.000887,0.010933,-0.017620
0.001880,-0.005115,-0.013516
0.002830,-0.014697,-0.015708
0.006704,-0.014648,-0.019904
0.010552,-0.022171,-0.014651
0.014390,-0.020050,-0.013556
0.008490,-0.007169,-0.020864
0.005561,0.005705,-0.027092
0.006527,0.001406,-0.023939
0.012361,-0.001854,-0.017560
0.012335,0.001379,-0.020715
0.011342,0.008867,-0.022757
0.007432,0.009923,-0.021700
0.006469,-0.002970,-0.013359
0.006461,-0.010496,-0.008168
0.006417,-0.015898,-0.001883
0.003453,-0.018101,0.004402
0.005359,-0.017068,0.007559
0.004351,-0.018148,0.008576
0.004330,-0.019271,0.013851
0.003317,-0.019271,0.013844
0.006212,-0.021450,0.018056
0.009090,-0.030019,0.021172
0.006129,-0.039656,0.024271
0.001189,-0.043947,0.026342
-0.000828,-0.025726,0.019043
0.004981,-0.016102,0.016984
0.003017,0.004184,0.015001
-0.001826,0.021341,0.006634
0.000169,0.021319,0.008735
-0.001752,0.006317,0.014991
-0.000759,-0.012987,0.024394
-0.006623,-0.019420,0.027535
-0.010533,-0.006568,0.023422
-0.010548,0.002065,0.013948
-0.009540,0.013869,0.007712
-0.005599,0.008600,0.001327
-0.003625,-0.000971,-0.001926
-0.006545,-0.005205,-0.005112
-0.008516,0.004481,-0.012400
-0.013395,0.021697,-0.025989
-0.013368,0.032443,-0.033280
-0.008449,0.034633,-0.038525
-0.005489,0.013292,-0.038669
0.001331,0.000359,-0.026042
0.001302,-0.003910,-0.026086
-0.002608,0.010057,-0.035528
-0.002591,0.018629,-0.038630
-0.002551,0.025010,-0.036459
-0.001537,0.030388,-0.040663
-0.001495,0.034667,-0.041694
0.002456,0.028240,-0.039627
0.006372,0.013257,-0.035527
0.007343,-0.006069,-0.024045
0.006334,-0.010360,-0.021975
0.004349,-0.006104,-0.020890
0.003362,0.009880,-0.018649
0.009205,0.015215,-0.018630
0.013133,0.017347,-0.018639
0.017059,0.011978,-0.015509
0.017065,0.000198,-0.011361
0.014134,-0.010484,-0.010386
0.013114,-0.013729,-0.006184
0.008212,-0.001980,-0.007150
0.011123,0.004379,-0.002864
0.014073,0.003278,0.000297
0.015061,0.009659,0.002468
0.014111,0.016110,-0.001708
0.017067,0.007543,0.001428
0.019021,0.003198,0.008861
0.018043,0.004202,0.015257
0.014150,0.002017,0.020557
0.011223,-0.011930,0.027863
0.007318,-0.021597,0.034130
0.005326,-0.022645,0.031978
0.007263,-0.015157,0.029909
0.010186,-0.012000,0.034160
0.009210,-0.008777,0.032052
0.003385,-0.009824,0.029913
-0.001469,-0.010900,0.030957
0.000494,-0.010878,0.028842
0.007314,-0.005577,0.032087
0.005366,-0.005565,0.031040
0.007328,-0.000237,0.032168
0.007363,0.001900,0.032221
0.010305,-0.009866,0.035350
0.011248,-0.030193,0.040498
0.008286,-0.039860,0.046801
0.006276,-0.046241,0.044630
0.003280,-0.028068,0.041578
0.003246,0.001928,0.030161
0.004257,0.025393,0.031413
0.006302,0.026484,0.029335
0.006385,0.005088,0.034468
0.003475,-0.009903,0.039663
0.004440,-0.026997,0.041657
0.002453,-0.033453,0.046906
0.002411,-0.019538,0.042776
0.004363,-0.002431,0.039756
0.001460,0.000803,0.036608
-0.004371,-0.001299,0.033413
-0.006285,0.006141,0.036661
-0.002340,-0.005618,0.038687
-0.001349,-0.015246,0.040719
-0.004273,-0.016291,0.038594
-0.006232,-0.008814,0.037564
-0.010138,0.006160,0.034539
-0.011064,0.015840,0.027196
-0.010042,0.011562,0.028240
-0.010012,0.001948,0.029224
-0.008049,-0.010836,0.026997
-0.006121,-0.014006,0.023780
-0.006126,-0.003282,0.018561
-0.007085,0.012790,0.012349
-0.007028,0.026745,0.003954
-0.006965,0.034237,0.001933
-0.007887,0.032104,0.001928
-0.002970,0.010687,0.009168
-0.002951,-0.016140,0.023789
-0.006864,-0.032179,0.026818
-0.012758,-0.028958,0.024704
-0.011842,-0.011800,0.016351
-0.007933,0.009627,0.008042
-0.003981,0.017184,-0.000360
-0.003956,0.008702,-0.005712
-0.002007,0.004455,-0.007857
0.000923,-0.001956,-0.006831
0.002859,-0.004119,-0.003654
-0.000062,-0.000885,-0.006809
0.002851,-0.009444,-0.004747
0.004761,-0.016946,-0.001629
0.001791,-0.023380,0.001498
0.001740,-0.027647,0.001481
0.000691,-0.029836,0.006768
0.001576,-0.030872,0.003562
0.001514,-0.016991,0.002587
0.002469,-0.003025,-0.006875
0.002452,0.002288,-0.004720
0.002455,0.000096,0.000518
0.002448,-0.009540,0.003610
0.000479,-0.025613,0.009815
0.000439,-0.032046,0.012921
-0.002555,-0.030993,0.013956
-0.000648,-0.011688,0.004568
0.001295,0.006451,0.004699
0.003258,0.010760,0.000493
0.006198,0.002192,0.003608
0.006196,-0.017092,0.010875
0.006151,-0.029951,0.016068
0.004145,-0.041699,0.017005
0.006012,-0.028874,0.014967
0.007925,-0.012857,0.014031
0.009847,-0.002145,0.009853
0.008894,-0.007529,0.014031
0.009849,-0.019352,0.022430
0.009791,-0.029041,0.030827
0.009745,-0.026918,0.031900
0.011667,-0.015169,0.030913
0.010700,-0.001264,0.027851
0.008753,0.000900,0.024702
0.006835,-0.002374,0.032122
0.007797,0.006200,0.029040
0.011720,-0.006679,0.036369
0.007788,-0.032397,0.046791
0.005756,-0.047368,0.049843
0.001770,-0.047380,0.050876
0.000709,-0.051626,0.048724
-0.001322,-0.041003,0.053020
-0.003336,-0.038827,0.048788
-0.005361,-0.031313,0.044587
-0.008323,-0.030215,0.041393
-0.004469,-0.034487,0.041349
-0.000605,-0.037677,0.040260
-0.000655,-0.034455,0.038145
-0.000716,-0.018342,0.027675
-0.001701,-0.000190,0.026773
-0.004587,0.007346,0.020499
-0.006508,0.003090,0.019436
-0.002594,-0.002231,0.018377
0.001300,-0.017203,0.021458
0.005156,-0.024691,0.023563
0.008041,-0.031152,0.029900
0.000176,-0.027918,0.026752
0.000139,-0.017234,0.025812
-0.005737,-0.009710,0.020579
-0.007679,-0.004328,0.016387
-0.002789,0.001021,0.015407
-0.001794,0.005275,0.016500
0.001127,0.004229,0.014368
-0.000789,-0.007548,0.018530
-0.001792,-0.024621,0.018394
-0.004748,-0.020341,0.017370
-0.006749,-0.014963,0.013166
-0.003831,-0.003167,0.006883
0.001057,-0.002151,0.012219
0.003001,0.001071,0.010089
-0.007704,0.000080,0.002666
-0.011600,0.004379,-0.000472
-0.011609,-0.004158,-0.000546
-0.007730,-0.012736,0.003630
-0.003862,-0.024475,0.003520
-0.001007,-0.035241,0.012976
-0.001071,-0.043823,0.017117
-0.005083,-0.045927,0.013902
-0.008069,-0.025601,0.008747
-0.010047,0.000124,-0.002728
-0.007099,0.015127,-0.008970
-0.003168,0.005565,-0.013291
-0.001211,-0.012609,-0.010273
0.000694,-0.014741,-0.010292
0.004535,-0.019052,-0.006079
0.007420,-0.023360,-0.001859
0.007362,-0.018087,0.004568
0.008298,-0.015955,0.004580
0.006321,-0.004207,0.003608
0.003400,0.010777,-0.000485
0.005394,0.007576,-0.000506
0.008348,0.001142,0.002628
0.011281,0.004320,0.004757
0.016138,0.000023,0.007923
0.013208,-0.005377,0.014235
0.008344,-0.011813,0.017377
0.003442,-0.024647,0.020490
0.001439,-0.022555,0.024724
0.001393,-0.009686,0.018456
0.004328,0.007429,0.014361
0.003381,0.014885,0.015446
-0.000491,0.012750,0.015421
-0.001437,0.009548,0.015386
-0.004335,-0.010760,0.018385
-0.000463,-0.024654,0.020378
0.004339,-0.025766,0.024600
0.003331,-0.006495,0.018395
-0.004453,0.016072,0.003776
-0.008304,0.022518,-0.000391
-0.006314,0.015027,0.001666
-0.002386,0.005424,0.001589
0.001500,0.000052,0.004712
-0.000463,-0.012787,0.007763
-0.003414,-0.021386,0.014054
-0.008344,-0.017109,0.013009
-0.004485,-0.011744,0.009860
-0.001561,-0.006347,0.003506
0.001351,0.002212,0.001436
0.003312,0.004367,-0.000681
0.003316,0.003243,0.004623
0.003329,-0.009594,0.007694
0.004291,-0.017059,0.007641
0.003273,-0.022414,0.009738
0.004181,-0.024545,0.008632
0.005104,-0.009563,0.004511
0.004114,-0.003168,0.005620
0.003155,0.007557,0.000409
0.004130,0.004335,0.002509
0.005100,-0.011779,0.012980
0.004081,-0.014974,0.011878
0.004055,-0.011729,0.007669
0.002084,-0.008549,0.009797
0.001091,-0.009638,0.011903
0.003982,-0.010794,0.020355
0.002015,-0.002228,0.017219
0.001094,0.009579,0.010968
-0.000818,0.011694,0.013129
-0.000789,-0.001112,0.013039
-0.002752,-0.008624,0.017225
-0.000817,-0.009635,0.011952
0.000133,-0.015010,0.016184
0.001070,-0.019332,0.021458
0.001996,-0.013900,0.011956
0.000988,-0.001041,0.006770
0.001004,0.011806,0.002631
-0.000918,0.013984,-0.001616
-0.003820,0.007540,0.002586
-0.000888,-0.007415,0.003496
0.001040,-0.020295,0.010812
0.002943,-0.029876,0.008605
0.001927,-0.023463,0.007593
-0.001048,0.004334,0.002517
-0.004916,0.030052,-0.007870
-0.005806,0.022559,-0.005798
-0.007740,0.011857,-0.002702
-0.004799,-0.002049,0.000382
-0.000919,-0.025557,0.003360
-0.000006,-0.034132,0.007528
0.001868,-0.023441,0.005478
-0.004013,0.004436,-0.008113
-0.002052,0.017348,-0.018618
-0.000061,0.001234,-0.008162
0.002854,-0.025537,0.001196
0.000831,-0.038352,0.002137
-0.000243,-0.038404,0.007456
-0.003247,-0.018075,0.002342
0.000646,0.003300,-0.000648
0.002609,0.008645,-0.001662
0.003623,0.000152,-0.005959
0.001660,-0.008334,-0.010266
0.000650,-0.012656,-0.004992
0.002569,-0.006268,-0.003866
0.003536,-0.004092,-0.008098
0.003533,0.004436,-0.006963
0.002575,0.000190,-0.009109
0.001590,-0.007294,-0.008091
0.005461,-0.010526,-0.004929
0.003487,-0.009483,-0.001732
0.003493,-0.002015,-0.001681
0.000576,0.003369,-0.006930
0.001562,0.004448,-0.007975
0.004481,-0.001964,-0.006956
0.002536,-0.006328,0.002562
-0.000419,-0.006272,-0.002729
-0.002385,-0.006346,0.004705
-0.001418,-0.013794,0.002524
-0.000476,-0.016955,-0.001768
-0.000524,-0.013729,-0.003842
0.001375,-0.008385,-0.004877
0.001362,-0.020157,-0.001782
-0.005501,-0.020178,0.000340
-0.008475,-0.020206,0.003536
-0.006557,-0.027632,-0.000759
-0.000767,-0.039457,0.007626
0.001081,-0.028713,0.000272
0.002987,-0.013708,-0.005943
0.002968,-0.001927,-0.010091
0.001013,0.001304,-0.013245
0.002002,-0.002910,-0.018574
0.003924,-0.007225,-0.013280
0.004867,-0.024352,-0.008117
0.000896,-0.046852,0.000163
-0.001138,-0.037204,-0.003984
-0.000231,-0.024354,-0.008124
0.004581,-0.005136,-0.009024
0.010407,0.004504,-0.013231
0.007505,0.004471,-0.010055
0.005548,-0.006230,-0.006952
0.002587,-0.021233,-0.000709
-0.002332,-0.024403,-0.003927
-0.000417,-0.010531,-0.003806
0.002458,-0.008384,-0.004835
0.006340,0.001187,-0.001581
0.006336,0.000102,0.000523
0.003430,0.005493,-0.004708
0.004432,0.004423,-0.004716
0.005415,0.004400,-0.002615
0.006403,0.010862,-0.008931
0.005463,0.024787,-0.014128
0.003579,0.024729,-0.007750
0.004577,-0.002035,0.000505
0.006504,-0.019171,0.006714
0.010329,-0.023449,0.007745
0.016128,-0.016007,0.009913
0.011230,0.003179,0.012189
0.006395,0.025676,0.003903
0.000631,0.046055,-0.006558
-0.001203,0.047185,-0.012906
0.002784,0.025787,-0.007809
0.009637,0.003264,0.003658
0.008655,-0.007430,0.005673
0.005696,-0.004263,0.008878
0.001806,0.009620,0.007938
-0.000106,0.018168,0.006923
-0.001037,0.021337,0.010120
-0.001974,0.014921,0.011119
-0.001950,0.005283,0.014197
-0.001948,-0.006479,0.016196
-0.000004,-0.017183,0.019272
-0.002981,-0.010769,0.018246
-0.002021,-0.004326,0.014030
-0.004935,0.004310,0.004562
-0.006852,0.015043,-0.001732
-0.007796,0.017165,-0.000638
-0.008753,0.001086,0.006677
-0.012671,-0.009566,0.004449
-0.013644,-0.002041,-0.000770
-0.011714,-0.002015,-0.002873
-0.010741,-0.013752,-0.002955
-0.009794,-0.020170,-0.001948
-0.008885,-0.007268,-0.011378
-0.005957,0.006678,-0.018691
-0.003989,0.014168,-0.020768
-0.006880,0.027048,-0.028091
-0.007793,0.034615,-0.037561
-0.003833,0.018556,-0.032389
-0.001887,-0.010394,-0.018833
-0.000957,-0.027514,-0.014759
-0.002014,-0.024250,-0.021111
-0.003032,-0.007142,-0.024159
-0.000121,0.008842,-0.021918
0.001856,0.016325,-0.022922
0.002880,0.020605,-0.023939
0.000971,0.011007,-0.025061
0.000972,-0.007208,-0.017778
0.001920,-0.013577,-0.020996
0.006764,-0.001771,-0.027233
0.008711,0.001431,-0.027205
0.011632,0.011016,-0.024979
0.011638,0.014183,-0.021753
0.009711,0.009840,-0.014363
0.006802,0.008786,-0.015448
0.007801,0.014067,-0.010117
0.006853,0.014052,-0.009069
0.006862,0.007619,-0.005928
0.002971,-0.009507,-0.000780
0.000027,-0.018128,0.007647
-0.001949,-0.016975,-0.000818
-0.000028,-0.012674,-0.003956
0.001896,0.002355,-0.012280
0.000941,0.018415,-0.017445
0.000002,0.017442,-0.026988
-0.000942,0.003507,-0.020723
0.000986,-0.006109,-0.019767
0.002912,-0.000774,-0.019727
0.003880,0.012041,-0.020711
0.003911,0.018379,-0.014303
0.000048,0.015187,-0.015413
0.000084,0.022633,-0.013253
0.002070,0.024757,-0.012188
0.007983,0.009764,-0.007014
0.009939,-0.005277,0.002400
0.005991,-0.017069,0.007602
0.004004,-0.013889,0.009724
0.001064,-0.006366,0.004484
0.004973,0.009719,-0.002811
0.007932,0.022618,-0.012276
0.010907,0.021519,-0.009095
0.011921,0.016076,0.001461
0.008051,0.002158,0.005599
0.005127,0.002148,0.006660
-0.000704,0.010686,0.006749
-0.000673,0.019245,0.004722
0.002301,0.022480,0.001567
0.006236,0.018191,0.003672
0.009200,0.012899,-0.000619
0.010186,0.010796,-0.003827
0.008255,0.010790,-0.002768
0.006344,0.018280,-0.004839
-0.000424,0.035351,-0.004688
-0.000363,0.037474,-0.003615
0.000699,0.024599,0.002633
-0.002195,0.009627,0.005672
0.003663,0.001049,0.009834
0.001709,-0.002176,0.011900
-0.002190,0.007451,0.009840
-0.006051,0.021408,0.001466
-0.006002,0.026753,0.000431
-0.002041,0.024661,-0.003838
-0.000025,0.023636,-0.008085
0.003910,0.019379,-0.009176
0.005894,0.014014,-0.006034
0.002994,0.018294,-0.007050
0.002062,0.027897,-0.006973
-0.004694,0.036489,-0.012190
-0.008501,0.046120,-0.015302
-0.006461,0.038695,-0.019590
-0.002513,0.021581,-0.015468
-0.001515,0.004379,-0.002892
-0.001524,-0.007296,-0.009353
0.002332,-0.008375,-0.008308
-0.001571,0.004549,-0.019875
-0.002532,0.018508,-0.028235
-0.002512,0.025996,-0.030312
0.003354,0.018494,-0.027187
0.008259,0.013135,-0.025147
0.006335,0.022739,-0.025063
0.006373,0.020617,-0.026150
0.010306,0.015163,-0.014553
0.009352,0.014105,-0.015623
0.009377,0.017306,-0.015602
0.009409,0.019409,-0.012394
0.010438,0.021575,-0.015565
0.008526,0.026900,-0.014465
0.009552,0.026856,-0.010242
0.009596,0.022584,-0.010270
0.008668,0.019383,-0.010291
0.010658,0.020452,-0.010276
0.016536,0.017238,-0.009270
0.019501,0.021465,-0.004997
0.013688,0.025747,-0.005993
0.012771,0.032152,-0.005959
0.013818,0.038566,-0.006964
0.013900,0.040607,0.001552
0.016909,0.033139,0.001508
0.015997,0.027773,0.004643
0.013131,0.029886,0.006784
0.012222,0.031961,0.013188
0.011316,0.031929,0.016372
0.011389,0.031883,0.020638
0.010485,0.031905,0.018516
0.008606,0.031887,0.020644
0.007700,0.029741,0.021679
0.006792,0.025397,0.029069
0.002939,0.028566,0.032273
0.002047,0.027518,0.030128
0.001151,0.022183,0.030082
0.003145,0.022190,0.028979
0.004184,0.028538,0.034313
0.005225,0.042417,0.033346
0.002411,0.041362,0.032289
-0.003344,0.019979,0.036360
-0.001346,-0.001459,0.045723
-0.001364,-0.011130,0.052006
-0.000380,0.006051,0.041545
0.000653,0.022091,0.038508
-0.000250,0.024246,0.036398
-0.002127,0.026411,0.033241
-0.000114,0.022134,0.034300
-0.001023,0.015718,0.036377
-0.000982,0.012520,0.036384
-0.003855,0.018964,0.032239
-0.005760,0.037255,0.017557
-0.001779,0.043661,0.017640
0.002207,0.027569,0.025988
0.002246,0.002996,0.028984
0.000299,-0.003429,0.031030
-0.000655,0.001938,0.027922
-0.001609,0.008298,0.032229
-0.007421,0.027637,0.019670
-0.007333,0.038363,0.014473
-0.007242,0.046954,0.009256
-0.002281,0.042654,0.012402
-0.001234,0.033019,0.015515
-0.003113,0.019137,0.016475
-0.003098,0.004102,0.025901
-0.007979,0.006244,0.024817
-0.010856,0.009499,0.019554
-0.012784,0.008428,0.019496
-0.012745,0.009528,0.016308
-0.009791,0.011746,0.007825
-0.007820,0.019228,0.006828
-0.005828,0.017105,0.005763
-0.001869,0.004233,0.012032
-0.002863,0.006391,0.009963
-0.005753,0.016047,0.004728
-0.010595,0.022484,0.001622
-0.006632,0.019282,0.001573
-0.003699,0.013945,0.001506
-0.003666,0.006457,0.003575
-0.005604,-0.010628,0.004487
-0.005627,-0.014909,0.005512
-0.001762,-0.011719,0.006587
-0.001781,0.006475,0.001440
-0.000798,0.010743,0.001464
-0.001722,0.009669,0.002535
-0.000746,0.003255,0.003533
0.001192,-0.004248,0.006666
0.001186,-0.004258,0.007734
0.004109,-0.003176,0.005588
0.003114,0.000058,0.002432
0.003130,-0.003173,0.005565
-0.000778,-0.019243,0.011798
-0.005683,-0.038473,0.013760
-0.003805,-0.040564,0.009497
-0.000947,-0.032049,0.011694
0.000966,-0.009586,0.006584
0.002911,0.017212,-0.004819
0.003952,0.037576,-0.013081
0.003043,0.033410,-0.022613
0.004072,0.019486,-0.017394
0.004076,0.000228,-0.012187
0.005009,-0.025467,-0.003902
-0.001870,-0.035104,-0.000789
-0.004884,-0.021244,0.000359
-0.005899,-0.000962,-0.000580
-0.004915,0.005481,-0.004803
-0.000031,0.010792,-0.002690
0.001933,0.012902,-0.000591
0.003923,0.004345,0.001470
0.003936,-0.010647,0.006658
0.003915,-0.017095,0.011933
0.001943,-0.019261,0.015111
-0.001979,-0.013911,0.013017
0.000952,-0.001030,0.005709
0.003872,0.005382,0.004683
0.001955,0.002215,0.001500
0.001956,0.001159,0.000422
-0.000983,0.002239,-0.000609
-0.000009,0.008615,0.001556
0.000961,0.013897,0.006901
0.004866,0.013894,0.006874
0.003924,0.000992,0.016304
0.005875,-0.025799,0.027733
0.001913,-0.052555,0.034893
-0.001098,-0.053643,0.036984
-0.001203,-0.042939,0.033901
0.000685,-0.030085,0.028710
0.001617,-0.024781,0.031939
-0.000378,-0.023704,0.030895
0.000558,-0.037640,0.037140
0.001459,-0.047243,0.037034
0.000400,-0.045109,0.037052
-0.002589,-0.035423,0.028621
-0.000686,-0.021529,0.026613
-0.002672,-0.013981,0.019279
-0.006581,-0.007557,0.017206
-0.005622,-0.012871,0.015072
-0.006624,-0.016059,0.014018
-0.005680,-0.022436,0.011867
-0.005766,-0.037457,0.020280
-0.009765,-0.061020,0.028592
-0.013809,-0.080261,0.031593
-0.017854,-0.075937,0.026310
-0.013126,-0.067338,0.019998
-0.008372,-0.052364,0.015824
-0.008455,-0.014878,0.002336
-0.007466,0.010881,-0.012315
-0.007424,0.000255,-0.016625
-0.007438,-0.025359,-0.015741
-0.005558,-0.056343,-0.011698
-0.004721,-0.060654,-0.007462
-0.004856,-0.052072,-0.011604
-0.002982,-0.023182,-0.018745
-0.003997,-0.009277,-0.021800
-0.001080,0.003589,-0.028046
-0.000112,0.005746,-0.030128
0.000866,-0.002818,-0.027007
0.003761,-0.017822,-0.020779
0.004678,-0.025324,-0.017654
0.003653,-0.021060,-0.017679
0.004565,-0.023271,-0.010284
0.005507,-0.023314,-0.006040
0.002531,-0.019058,-0.004984
-0.000422,-0.020113,-0.006033
0.000502,-0.029739,-0.003981
0.000436,-0.034040,-0.000835
0.002335,-0.032948,-0.002949
0.003253,-0.018946,-0.015546
0.008071,-0.009294,-0.020787
0.007075,-0.004013,-0.015456
0.006081,0.005654,-0.021759
0.007062,0.015235,-0.019567
0.004164,0.015288,-0.024886
0.005171,-0.000794,-0.017598
0.006131,-0.025454,-0.006135
0.004110,-0.037224,-0.003047
0.005969,-0.035131,0.001201
0.004941,-0.024471,0.002355
0.005869,-0.005223,-0.001756
0.002936,0.004435,-0.006970
0.000996,0.007601,-0.003772
0.001001,-0.003092,-0.001743
-0.001935,-0.019129,0.001285
-0.000029,-0.024466,0.001225
-0.002048,-0.021236,-0.001964
-0.003044,-0.009446,-0.007188
0.000830,-0.003022,-0.009268
0.001801,-0.011538,-0.011458
0.005657,-0.031918,-0.001004
0.004607,-0.035129,0.000043
-0.000339,-0.023356,-0.002996
-0.001377,-0.019110,-0.000843
-0.000450,-0.011627,-0.001833
0.001488,-0.012695,-0.001863
0.002437,-0.012667,-0.005066
0.005327,-0.024449,-0.000931
0.005253,-0.028774,0.004309
0.005207,-0.014840,-0.001963
0.003238,0.000102,-0.001848
0.006161,-0.004177,-0.000817
0.004207,-0.010567,-0.001928
0.005140,-0.012658,-0.006183
0.006104,-0.010501,-0.008259
0.009001,-0.004086,-0.009243
0.010937,0.002272,-0.004914
0.008991,0.005420,0.000426
0.005117,0.010806,-0.003760
0.004160,0.008628,0.000452
0.005149,0.000027,0.006758
0.007079,-0.007488,0.010909
0.006084,-0.011741,0.008752
0.006080,-0.007474,0.008768
0.006050,-0.004270,0.008774
0.006063,0.002165,0.005646
0.005133,0.009659,0.003617
0.004184,0.011764,0.006846
0.001278,0.008520,0.011105
0.000319,0.007445,0.012184
-0.002580,0.003248,0.005821
-0.004542,-0.016001,0.009925
-0.005578,-0.026710,0.013010
-0.007583,-0.022422,0.010897
-0.005687,-0.005241,0.000408
-0.001797,0.001191,-0.002747
-0.002750,0.008667,-0.003798
-0.004668,0.023742,-0.017502
-0.002643,0.029119,-0.021699
-0.000641,0.015193,-0.016515
