0.011820,-0.015026,0.028541
0.014732,-0.018387,0.044435
0.010776,-0.019470,0.046617
0.003982,-0.027556,0.002022
0.006994,-0.027360,-0.017035
0.007042,-0.010270,-0.019070
0.002142,0.005703,-0.015797
0.007968,0.028989,0.003520
0.015711,0.045947,0.015355
0.015615,0.058121,-0.024452
0.010615,0.033666,-0.228456
-0.003313,-0.007814,-0.347509
-0.048281,-0.054926,-0.032922
-0.042115,-0.071665,0.036583
-0.007727,-0.065046,0.015468
-0.003993,-0.041794,0.037933
-0.002999,-0.029814,0.013562
-0.005995,-0.015793,-0.001184
0.011523,0.016079,0.012847
0.011805,0.044992,0.002413
0.018579,0.056655,0.009914
0.024123,0.071574,0.012166
0.018037,0.071612,0.007867
0.009478,0.064450,-0.022981
-0.000228,0.054903,-0.028336
0.015380,0.110705,0.040299
0.013347,0.038297,0.024908
0.024119,0.035425,-0.005619
0.023282,0.033233,0.003211
0.021267,0.020231,0.023334
0.026953,-0.004268,0.018925
0.016966,-0.046697,-0.005699
0.020828,-0.062507,-0.023718
0.025697,-0.048731,-0.014061
0.017839,-0.009233,-0.015928
-0.001580,0.024227,-0.053898
0.000381,0.040331,-0.063272
0.012984,0.055031,-0.039876
0.007743,0.077993,0.009995
0.001616,0.062830,0.030953
-0.003353,0.004423,0.001794
0.004462,-0.063587,-0.026271
0.004633,-0.128633,-0.031029
-0.003922,-0.151179,-0.017411
-0.007704,-0.152370,-0.004604
-0.007711,-0.124802,0.013717
-0.013453,-0.077788,0.007741
-0.025088,-0.028689,0.007115
-0.031032,0.019654,-0.024296
-0.030352,0.061147,-0.012358
-0.018051,0.065280,-0.000857
-0.013390,0.036389,0.006277
-0.007564,-0.002049,0.009242
-0.004622,-0.033226,0.032369
-0.004541,-0.045939,0.022638
-0.001487,-0.044857,0.020442
-0.007170,-0.031772,-0.007019
-0.010949,-0.011479,-0.007819
-0.010952,0.031097,0.003150
-0.015959,0.065208,0.006555
-0.016149,0.082409,-0.006063
-0.014391,0.093045,-0.002829
-0.011627,0.090930,-0.005004
-0.003972,0.066309,0.002167
0.004717,0.026837,0.000810
0.012467,-0.026527,0.002646
0.020311,-0.070421,0.017194
0.023317,-0.095135,0.032763
0.016673,-0.120551,0.012305
0.024758,-0.132109,-0.003450
0.025933,-0.099059,0.001299
0.014220,-0.054614,0.038805
-0.011164,-0.026779,0.029387
-0.012189,0.008479,0.025450
-0.019034,0.036440,0.004458
-0.016120,0.044933,0.008762
-0.002526,0.043626,0.032019
0.003162,0.027570,0.036040
0.011844,-0.010825,0.033604
0.029483,-0.056466,0.008807
0.031589,-0.090608,0.008578
0.028830,-0.111872,0.001013
0.026069,-0.112926,0.000019
0.028162,-0.076579,-0.006030
0.016609,-0.050948,-0.007963
0.015762,-0.034801,-0.021603
0.010977,-0.018926,-0.007615
-0.000742,0.007021,-0.040207
-0.005605,0.029337,-0.030427
0.012884,0.056010,-0.030249
-0.001820,0.049617,-0.031430
0.008900,0.031281,-0.012525
0.003112,0.006927,-0.031872
0.018759,-0.009406,0.000942
0.014871,-0.009251,-0.013864
0.007143,-0.029554,-0.010796
0.000413,-0.030458,-0.027814
0.002430,-0.023044,-0.022479
0.005469,-0.013244,-0.042616
-0.012010,-0.000520,-0.033967
0.001694,0.023750,-0.006175
-0.012946,0.019616,-0.020047
-0.029504,-0.011291,-0.024581
-0.018775,-0.029728,0.003804
-0.024614,-0.068234,0.011879
-0.020634,-0.108877,0.021116
-0.012737,-0.125963,0.023192
-0.011649,-0.136628,0.023189
-0.002741,-0.150471,0.019899
0.010071,-0.158907,0.010338
0.019937,-0.153657,0.018859
0.028779,-0.122918,0.040418
0.038545,-0.073095,0.076133
0.021965,-0.015157,0.047129
0.006426,0.027109,-0.016050
0.018196,0.073389,-0.056119
0.007359,0.122222,-0.032654
0.009981,0.156919,0.017285
0.017579,0.138750,0.019165
0.029256,0.062138,-0.002622
0.048790,-0.021100,-0.002213
0.055666,-0.107747,0.018301
0.062599,-0.185864,0.040069
0.063704,-0.248713,0.031371
0.066844,-0.246691,0.045493
0.064161,-0.204295,0.076891
0.061368,-0.168082,0.087089
0.058499,-0.109125,0.063462
0.060436,-0.057885,0.062960
0.067156,-0.031284,0.070578
0.089394,-0.025327,0.115217
0.114588,-0.055246,0.120434
0.134955,-0.127666,0.107325
0.167132,-0.229046,0.108797
0.190575,-0.359433,0.129016
0.210153,-0.465922,0.213085
0.210336,-0.519577,0.243612
0.164076,-0.571847,0.139728
0.148331,-0.585253,-0.004861
0.143272,-0.503179,-0.094665
0.132941,-0.459122,-0.013042
0.143772,-0.317012,0.075064
0.132100,-0.096983,0.052013
0.130123,-0.039382,0.052205
0.169049,-0.090488,0.040051
0.198259,-0.137371,0.032173
0.181878,-0.243629,-0.014445
0.183338,-0.424708,-0.047680
0.202541,-0.568632,-0.060254
0.169186,-0.633189,-0.110198
0.135970,-0.724441,-0.155855
0.138860,-0.722785,-0.209376
0.140580,-0.652610,-0.179719
0.158715,-0.580425,-0.142033
0.181654,-0.548314,-0.154902
0.216397,-0.573647,-0.187489
0.267658,-0.513049,-0.075421
0.281045,-0.603810,-0.187806
0.282759,-0.752519,-0.261709
0.263138,-0.896083,-0.306865
0.240513,-0.985965,-0.277248
0.215510,-1.051045,0.040637
0.201908,-0.955880,0.023576
0.151178,-0.847302,-0.058677
0.192447,-0.894970,-0.312272
0.288937,-0.890679,-0.850771
0.274168,-0.843325,-1.425963
0.246033,-0.905489,-1.826774
0.244653,-0.944016,-1.923830
0.183094,-0.880909,-1.726005
0.086853,-0.770934,-1.412007
0.003985,-0.649953,-1.239219
-0.055445,-0.652171,-1.128252
-0.002711,-0.700513,-1.208949
-0.000809,-0.743074,-1.440242
0.007465,-0.914254,-1.507954
0.041340,-1.090196,-1.526996
-0.000444,-1.143742,-1.511935
-0.043575,-1.155200,-1.435842
-0.054745,-1.122715,-1.380935
-0.102002,-1.045921,-1.379584
-0.116237,-1.042432,-1.408203
-0.130925,-1.061914,-1.485633
-0.169553,-1.055084,-1.525604
-0.207634,-1.019849,-1.525026
-0.220723,-0.957279,-1.485171
-0.210512,-0.859763,-1.419724
-0.192485,-0.765174,-1.381918
-0.170484,-0.752342,-1.280233
-0.159214,-0.770303,-1.195952
-0.158667,-0.818001,-1.124462
-0.156290,-0.854389,-1.115355
-0.161979,-0.877218,-1.180274
-0.148610,-0.847983,-1.431083
-0.173085,-0.887757,-1.196656
-0.018730,-0.038581,-1.055319
-0.225543,0.214017,-0.463171
-0.234357,0.756115,0.173237
-0.787282,1.127643,0.909297
-0.996321,0.236889,1.521520
-1.112201,0.645067,1.350347
-1.319294,1.598780,1.721014
-1.106208,1.105133,0.949760
-0.483012,0.435106,0.134617
-0.290956,-0.275533,-0.357427
-0.141556,-0.755016,-0.033418
-0.103124,-0.249954,0.113453
-0.135593,0.763004,0.174767
-0.202028,0.969165,-0.050903
-0.054759,0.708721,-0.186486
0.026408,0.318961,-0.290847
0.037437,-0.102248,-0.328924
0.023513,-0.212429,-0.298610
-0.059664,-0.158515,-0.343665
-0.164473,-0.352418,-0.269986
-0.135909,-0.720075,-0.122873
-0.094936,-1.121609,0.003456
-0.058430,-1.541041,0.011137
-0.019021,-1.826769,-0.008331
0.013833,-1.738353,0.018009
0.004029,-1.449230,0.144936
-0.053630,-1.134887,0.316156
-0.154301,-0.949321,0.454764
-0.261388,-0.920376,0.562822
-0.352282,-0.703873,0.685940
-0.373159,-0.428975,0.615170
-0.315356,-0.276731,0.739521
-0.214705,-0.182998,0.947856
-0.155170,-0.157093,1.122148
-0.124700,-0.215390,1.195678
-0.103523,-0.334317,1.150699
-0.084269,-0.528900,1.089735
-0.071968,-0.756003,1.071127
-0.108513,-0.919746,1.009048
-0.222957,-1.022182,0.902118
-0.286258,-1.041998,0.964827
-0.310568,-0.920072,1.049213
-0.369493,-0.662295,1.213851
-0.368715,-0.185188,1.313428
-0.328546,0.501633,1.448976
-0.294434,1.149687,1.619137
-0.249981,1.461135,1.739141
-0.197735,1.485270,1.786864
-0.162802,1.347823,1.776437
-0.135962,1.013212,1.737572
-0.087575,0.542842,1.710112
-0.038935,0.193936,1.693245
-0.013779,0.026526,1.668268
-0.010683,-0.026234,1.603602
-0.001982,0.031023,1.537613
0.023355,0.180911,1.497330
0.031542,0.436518,1.449294
0.015932,0.676771,1.436494
0.022984,0.803214,1.483284
0.038869,0.883157,1.478036
0.014968,0.920151,1.392844
-0.001895,0.874769,1.226968
0.017287,0.776274,1.044571
0.023771,0.714299,0.843994
0.019538,0.710861,0.769581
0.027860,0.786585,0.782940
0.004009,0.965621,0.814948
-0.048796,1.156624,0.821212
-0.073104,1.317749,0.823674
-0.077760,1.462307,0.772576
-0.092028,1.549268,0.717764
-0.105405,1.544488,0.661359
-0.074289,1.512616,0.646135
-0.046227,1.484220,0.600942
-0.032700,1.452831,0.535615
-0.021866,1.459906,0.361567
-0.066992,1.492884,0.159145
-0.070005,1.455249,0.081340
-0.056724,1.341418,0.044137
-0.001998,1.203171,0.100077
0.046460,1.062801,0.153730
0.093720,0.988230,0.137982
0.123549,0.986754,0.069748
0.162302,1.015703,0.050181
0.183614,1.118534,0.004525
0.169039,1.254663,-0.057209
0.159405,1.405011,-0.149106
0.160518,1.575109,-0.190092
0.170262,1.730851,-0.188286
0.142633,1.807768,-0.200922
0.109716,1.781126,-0.205496
0.104798,1.679936,-0.224350
0.104701,1.506065,-0.234544
0.110609,1.277808,-0.251955
0.111957,0.993022,-0.274248
0.126423,0.661244,-0.292602
0.149129,0.315225,-0.272730
0.160651,-0.005972,-0.277852
0.149356,-0.291726,-0.303671
0.152181,-0.513480,-0.323266
0.137577,-0.582738,-0.328498
0.091505,-0.433612,-0.292384
0.048670,-0.208920,-0.234178
0.034037,-1.625542,0.121705
0.114536,-1.821834,1.573575
-0.014362,-1.203343,-0.043197
-0.036428,-1.016169,-1.077682
0.202597,0.133254,-1.644988
-0.016834,1.072637,-1.432580
-0.026502,1.473058,-0.812150
-0.012266,1.993395,-0.353958
0.005556,2.093200,0.376951
-0.003447,0.842743,0.792528
0.087775,0.203837,0.371896
0.020690,0.690002,-0.111567
-0.020139,0.965696,-1.901169
0.186737,1.537753,-1.772315
-0.005375,1.718568,-0.950734
0.063244,1.032430,-0.197001
0.149800,0.306747,0.374578
0.126775,0.138621,0.597527
0.061300,0.242151,0.658641
0.023732,0.326208,0.612462
0.047096,0.361971,0.778082
0.015643,0.394231,0.743184
-0.011515,0.303984,0.567946
0.027104,0.074468,0.551667
0.041951,-0.178052,0.487299
0.079733,-0.365241,0.407424
0.074420,-0.530899,0.213331
0.076031,-0.717329,-0.023932
0.081690,-0.857158,-0.321059
0.069901,-0.883546,-0.544083
0.104900,-0.695154,-0.484045
0.100940,-0.328887,-0.289530
0.080139,0.060536,-0.064173
0.044334,0.461741,0.157043
0.027912,0.819129,0.279290
0.027792,1.006239,0.244854
0.030804,1.010615,0.125815
0.040125,0.863298,0.020146
0.037262,0.615382,-0.055353
0.044567,0.368219,-0.096558
0.055138,0.200543,-0.080594
0.062937,0.047209,-0.003906
0.058082,-0.114215,0.026932
0.060131,-0.224524,0.066429
0.069131,-0.297254,0.080420
0.087102,-0.395154,0.048364
0.116911,-0.439093,0.063530
0.112621,-0.413275,0.041264
0.085022,-0.360322,-0.025219
0.059610,-0.340173,-0.119577
0.048018,-0.339302,-0.207800
0.058938,-0.334686,-0.244023
0.086246,-0.290259,-0.205546
0.076200,-0.190390,-0.160018
0.046300,-0.046787,-0.110751
0.012167,0.110507,-0.043326
-0.034963,0.269465,-0.037721
-0.074130,0.351919,-0.175365
-0.062860,0.209422,-0.228965
-0.017190,-0.063782,-0.230401
-0.011279,-0.283718,-0.219283
-0.020825,-0.370204,-0.209873
-0.049832,-0.357280,-0.214250
-0.058269,-0.305426,-0.269163
-0.031517,-0.161750,-0.332234
-0.003950,0.023986,-0.339481
0.017289,0.131357,-0.309072
0.030334,0.150980,-0.257403
0.056930,0.139309,-0.164924
0.064955,0.120704,-0.119542
0.048603,0.019012,-0.087343
0.032084,-0.094587,-0.037050
0.007601,-0.164401,0.010478
-0.016932,-0.231665,0.015438
-0.030423,-0.301440,-0.051001
-0.033739,-0.339299,-0.107666
-0.033026,-0.331586,-0.132025
-0.034288,-0.318549,-0.154097
-0.032672,-0.291786,-0.161160
-0.018501,-0.223805,-0.127471
-0.012250,-0.153665,-0.095866
-0.011828,-0.117214,-0.110161
0.001277,-0.084117,-0.109636
0.004477,-0.050495,-0.055012
0.000686,-0.016751,-0.013246
-0.015716,0.043373,-0.048770
-0.029039,0.116410,-0.095936
-0.034462,0.166051,-0.150693
-0.031913,0.196640,-0.221532
-0.018557,0.206515,-0.249104
-0.007125,0.201378,-0.269372
0.008264,0.192859,-0.271603
0.025441,0.187767,-0.189970
0.034520,0.150539,-0.097023
0.044405,0.064558,-0.037390
0.062993,-0.056565,0.015751
0.064940,-0.158409,0.062777
0.047249,-0.200547,0.115630
0.019760,-0.184666,0.128559
-0.006676,-0.139491,0.093999
-0.026146,-0.072635,0.026776
-0.035770,0.002519,-0.017023
-0.036627,0.069931,-0.034445
-0.033629,0.106365,-0.048955
-0.023788,0.108717,-0.071272
-0.000268,0.100947,-0.042849
0.026981,0.069027,0.052191
0.026658,0.028978,0.108065
0.017583,-0.026420,0.100410
0.011535,-0.093686,0.105336
0.003482,-0.117357,0.125337
-0.025996,-0.089350,0.100198
-0.052373,-0.052286,0.024324
-0.059977,-0.006670,-0.053688
-0.068511,0.035388,-0.096791
-0.071190,0.062154,-0.105012
-0.063235,0.084442,-0.093179
-0.035841,0.108615,-0.056994
-0.010559,0.104746,0.007471
0.009700,0.050874,0.056678
0.030035,-0.032497,0.069786
0.044461,-0.086931,0.071571
0.040439,-0.119960,0.065934
0.027711,-0.140022,0.043338
0.018980,-0.134533,0.027365
0.008315,-0.106601,0.009639
-0.001294,-0.084968,-0.017587
0.000752,-0.026308,-0.012699
-0.005129,0.020438,0.009029
-0.001404,0.057546,0.033813
0.008068,0.081629,0.079617
0.004823,0.084815,0.080643
0.001671,0.061794,0.034816
0.019031,0.029652,0.047268
0.024673,0.000749,0.055407
0.028394,-0.025850,0.046610
0.032163,-0.033382,0.052917
0.027216,-0.014076,0.043556
0.021332,-0.009670,0.029780
0.019340,-0.028963,0.038114
0.020191,-0.023848,0.060483
0.008252,-0.000597,0.084141
-0.009570,0.012131,0.092852
-0.021519,0.018733,0.073914
-0.031383,0.037462,0.015738
-0.026503,0.048400,-0.010687
-0.017743,0.050461,-0.004406
-0.013871,0.040917,-0.012103
-0.010920,0.016449,-0.020916
-0.001127,-0.013634,-0.001032
0.011583,-0.028709,0.012629
0.012551,-0.054366,0.016608
0.017385,-0.071622,0.034496
0.020245,-0.068588,0.051542
0.007533,-0.053465,0.033684
-0.002203,-0.040584,0.026376
-0.013885,-0.033004,0.015866
-0.027500,-0.041365,-0.002308
-0.026516,-0.048834,-0.003545
-0.022568,-0.056215,-0.013256
-0.020475,-0.078450,-0.030415
-0.012535,-0.083715,-0.036738
-0.006661,-0.053138,0.000702
-0.006774,-0.010936,0.048778
-0.003086,0.013399,0.069090
-0.006176,0.010434,0.045741
-0.007198,-0.002065,0.016003
-0.004313,-0.005196,0.009700
-0.005335,0.010743,0.016143
-0.003475,0.012819,0.021404
-0.007422,0.009714,0.011841
-0.009392,0.038699,-0.004856
-0.011379,0.053519,0.006933
0.000208,0.043740,0.023763
0.006861,0.026496,0.040568
0.007661,-0.003466,0.048830
-0.003261,-0.034579,0.065605
-0.004423,-0.051749,0.075012
-0.007508,-0.060203,0.066443
-0.008612,-0.077221,0.061023
-0.010632,-0.097311,0.042843
-0.005785,-0.110049,0.036407
-0.005870,-0.103735,0.044931
-0.009856,-0.108989,0.036348
0.000906,-0.113056,0.014931
0.017507,-0.161261,0.032514
0.021439,-0.204989,0.030058
0.034101,-0.222204,0.044867
0.033060,-0.232165,0.082069
0.024150,-0.222694,0.097222
0.006442,-0.201149,0.078484
-0.002349,-0.143105,0.037657
-0.012013,-0.074236,-0.019104
-0.012892,-0.001510,-0.035571
-0.006012,0.077325,-0.023425
-0.000217,0.155019,-0.003826
0.002623,0.199764,0.002814
0.005429,0.216621,0.024128
0.009210,0.212625,-0.003515
0.007195,0.179724,-0.021848
0.027551,0.134471,0.021275
0.022380,0.109501,0.059909
0.014318,0.075502,0.044785
0.009237,0.054066,0.056588
-0.010300,0.019287,0.013972
-0.017043,-0.035847,-0.021463
-0.024698,-0.076005,-0.059903
-0.021563,-0.075993,-0.059758
-0.002977,-0.037060,-0.004206
0.002688,0.025303,0.054553
0.001356,0.099477,0.105933
-0.001038,0.149440,0.124262
-0.000606,0.174951,0.133979
0.004719,0.167661,0.115849
0.008258,0.127495,0.077313
0.020625,0.096778,0.054837
0.029217,0.108855,0.020982
0.035981,0.132486,0.005202
0.032989,0.140961,0.009250
0.022224,0.094155,-0.009633
0.012534,0.004786,-0.038092
0.018535,-0.053594,-0.066940
0.025542,-0.064270,-0.062284
0.031526,-0.048531,-0.033240
0.027678,-0.026399,-0.005508
0.013068,0.000226,-0.001170
0.004345,0.008947,-0.020240
0.008384,0.020955,-0.046614
0.006644,0.054286,-0.070702
-0.000987,0.083126,-0.073688
-0.006720,0.100028,-0.057762
-0.010577,0.100831,-0.032399
-0.007674,0.088879,-0.011282
-0.006722,0.071842,-0.014552
0.003029,0.065406,-0.011417
0.018608,0.042658,0.021160
0.013664,-0.006429,0.019532
0.000087,-0.070024,-0.023371
-0.010390,-0.119743,-0.064918
-0.015960,-0.139967,-0.068029
-0.005032,-0.127449,-0.039270
-0.004900,-0.116006,-0.011816
0.000007,-0.104645,0.024159
-0.000052,-0.085616,0.041228
-0.007839,-0.077892,0.017015
-0.015596,-0.070049,-0.017656
-0.017444,-0.041020,-0.036241
-0.010530,0.004918,-0.039959
-0.003629,0.048600,-0.033272
0.005184,0.081443,-0.010882
0.006144,0.104843,-0.004513
0.004191,0.086640,0.000516
0.010000,0.036268,0.021278
-0.003725,-0.011555,0.001829
-0.007615,-0.049931,-0.001557
-0.001699,-0.078690,-0.005915
-0.003539,-0.089158,-0.026160
-0.000484,-0.080667,-0.021897
-0.002360,-0.058486,0.000503
-0.005304,-0.015780,-0.001253
-0.017019,0.018269,0.009745
-0.016125,0.057627,0.022850
-0.025989,0.089695,0.017810
-0.028060,0.104697,0.011561
-0.023302,0.115553,-0.007477
-0.013588,0.124155,-0.013755
0.003902,0.136964,-0.013637
0.008754,0.141312,-0.022164
0.021375,0.112170,0.010482
0.022156,0.087262,0.046314
0.010244,0.088252,0.053737
-0.014265,0.045735,0.037560
-0.020226,-0.013941,0.029786
-0.018395,-0.035348,0.035959
-0.012609,-0.044752,0.015546
-0.000806,-0.077611,-0.008237
0.007141,-0.123311,-0.027706
0.009263,-0.120066,-0.030702
0.010320,-0.070149,-0.004614
0.007367,0.005403,0.018447
-0.000522,0.043840,0.016661
0.009141,0.044831,0.024076
0.012957,0.052319,0.022013
0.010886,0.073715,0.016895
0.014661,0.084361,0.019019
0.017524,0.065041,0.028200
0.013548,0.006317,0.029621
0.008625,-0.060929,0.030011
0.005640,-0.097145,0.023434
-0.000220,-0.098871,-0.014462
0.010570,-0.093633,-0.002524
0.022313,-0.086394,0.019733
0.018372,-0.082312,0.036574
0.009503,-0.082379,0.042891
0.007467,-0.058842,0.037903
-0.001335,-0.023229,0.000194
-0.001271,0.014291,-0.015285
-0.003182,0.040046,-0.029977
-0.002157,0.043262,-0.032190
0.005641,0.058068,-0.019411
-0.000246,0.093204,-0.011717
0.002641,0.112290,0.000053
-0.002203,0.075158,-0.022631
0.008614,-0.005927,-0.024331
0.017413,-0.049915,-0.000171
0.007575,-0.053426,0.031762
0.001600,-0.049411,0.057313
-0.010192,-0.054588,0.041330
-0.019933,-0.069273,0.015672
-0.021849,-0.067051,0.006038
-0.020856,-0.053180,0.005003
-0.015005,-0.025374,-0.001170
-0.013037,-0.009288,-0.008430
-0.004281,0.001207,0.009763
0.002446,0.053401,0.019775
-0.001562,0.119784,-0.001956
-0.006460,0.116685,-0.012635
0.010133,0.068586,-0.005676
0.005208,0.047134,0.004720
-0.012441,0.043832,0.015372
-0.017442,0.027683,0.030169
-0.013656,0.002016,0.035222
-0.002059,-0.031084,0.035905
0.006664,-0.065230,0.034428
0.013430,-0.102721,0.047853
0.017173,-0.107179,0.066935
0.011167,-0.068425,0.034483
-0.003443,-0.047839,0.005111
0.004494,-0.035552,-0.048849
-0.000166,-0.008740,-0.062479
0.021361,0.024894,-0.012472
0.011570,0.034280,0.007570
0.011493,0.012776,0.024413
0.006554,-0.008442,0.013852
0.005580,-0.018972,0.001243
0.013372,-0.027661,0.017180
0.007476,-0.046903,0.020182
0.004463,-0.059835,0.032823
0.000477,-0.048137,0.037218
-0.003464,-0.028670,0.011956
-0.008320,-0.028614,0.006636
0.001425,-0.023370,0.015081
-0.009284,-0.022200,0.003289
-0.012169,-0.035905,-0.013843
-0.012116,-0.035966,-0.007471
-0.004302,-0.000914,0.008717
-0.008271,0.023426,0.029063
-0.003528,0.026517,0.039653
-0.003655,0.022364,0.027938
0.001092,0.029712,0.040811
-0.001997,0.049019,0.031436
-0.006979,0.044890,0.017620
0.000704,0.025599,0.024832
-0.003277,0.011739,0.022485
-0.004355,-0.002284,0.037176
-0.004502,-0.012975,0.039218
-0.005585,-0.031036,0.031674
0.003076,-0.038631,0.044382
0.001003,-0.032302,0.051872
-0.007883,0.002173,0.019237
-0.026366,0.021803,-0.023041
-0.008775,0.036676,-0.016586
-0.010689,0.062373,-0.026071
-0.005823,0.071748,-0.003782
0.000936,0.072662,0.011025
0.001796,0.071490,0.021640
0.003620,0.070426,0.021658
0.001569,0.049086,0.021499
0.006346,0.019162,0.025504
0.007213,-0.003201,0.021112
0.008176,-0.021093,-0.003415
0.008220,-0.040296,-0.003514
0.012111,-0.033913,-0.001336
0.004309,-0.013511,-0.013912
0.010208,0.001529,-0.024418
0.021974,0.019547,-0.012671
0.030767,0.039663,0.002250
0.023929,0.038598,0.001075
0.019998,0.027825,0.011612
0.008271,0.012961,0.005275
0.001486,-0.007025,-0.022329
0.002568,-0.025106,-0.027695
0.008457,-0.026345,-0.010750
0.006500,-0.025466,0.007200
0.009356,-0.018179,0.025239
0.000566,0.000413,-0.019123
-0.007091,-0.000397,-0.044526
0.015432,-0.003950,-0.009541
0.009560,-0.000969,0.011610
0.000704,-0.011726,0.019991
-0.009082,-0.020158,0.010463
-0.009040,-0.013542,-0.009501
-0.006019,-0.005941,-0.022141
-0.003946,-0.015370,-0.040338
0.000103,-0.037837,-0.035277
0.006981,-0.042306,-0.015134
0.004089,-0.025353,-0.003278
0.004090,0.005585,-0.001925
0.002165,0.020556,-0.005020
0.008027,0.017349,-0.005118
0.012913,0.013119,-0.009476
0.017761,0.010876,0.001095
0.018681,0.019376,0.005461
0.008953,0.013246,-0.021043
0.009043,0.002611,-0.024250
0.007198,0.008022,-0.031617
-0.002468,0.014425,-0.031568
-0.008217,0.002677,-0.030596
-0.007160,-0.003809,-0.022129
-0.009017,-0.020870,-0.023311
-0.006014,-0.031603,-0.017010
-0.001125,-0.025457,0.008496
0.002713,-0.003183,0.021376
-0.001160,-0.009311,-0.006300
0.002881,-0.049659,-0.026821
0.005887,-0.058323,-0.014157
0.001961,-0.034132,0.021085
-0.009834,-0.006453,0.027652
-0.016661,-0.003050,0.007464
-0.017594,0.001407,-0.011631
-0.025298,0.017610,-0.031726
-0.024282,0.027137,-0.024250
-0.019372,0.031379,-0.020974
-0.013534,0.048296,-0.004876
-0.015620,0.073538,0.032539
-0.018760,0.092457,0.061340
-0.019042,0.080587,0.073928
-0.017304,0.046585,0.058734
-0.015505,0.017001,0.028752
-0.017455,-0.017877,-0.004350
-0.007674,-0.033808,-0.010739
-0.013466,-0.026151,-0.028635
-0.010494,-0.013589,-0.004092
-0.004679,-0.001057,0.022448
-0.004825,0.021074,0.049031
-0.001159,0.037885,0.074547
-0.000469,0.034608,0.081883
0.002202,0.009104,0.071056
0.008829,-0.031317,0.057997
0.013539,-0.061228,0.060926
0.016265,-0.071059,0.083125
0.006245,-0.057162,0.081165
-0.006556,-0.033057,0.019964
-0.006493,-0.018767,-0.020060
0.008230,0.016411,-0.015460
-0.000512,0.057042,-0.023663
0.000427,0.067456,0.001830
0.003236,0.068240,0.029336
0.009892,0.074391,0.053740
0.016471,0.072040,0.074893
0.022007,0.051569,0.093766
0.022643,0.014207,0.094473
0.015499,-0.031600,0.086700
0.008415,-0.060277,0.073820
0.004280,-0.066888,0.093875
-0.001779,-0.074050,0.061821
0.010687,-0.080671,0.084086
0.017210,-0.058419,0.100218
0.007242,-0.027923,0.038955
-0.001491,-0.032642,-0.021444
0.011376,-0.052596,-0.053388
0.009619,-0.025987,-0.046858
0.005771,0.020601,-0.010436
0.007617,0.042613,0.028975
0.012304,0.044522,0.051261
0.013071,0.023043,0.064888
0.011830,-0.009118,0.079484
0.010563,-0.031588,0.085702
0.002529,-0.040966,0.063358
-0.003438,-0.064085,0.028230
0.004296,-0.084364,0.029197
0.008144,-0.080094,0.029248
0.001310,-0.056483,0.015611
-0.003559,-0.046804,0.007076
-0.003517,-0.047773,-0.003647
-0.010293,-0.047773,-0.004854
-0.010264,-0.046708,-0.004858
-0.001542,-0.036406,0.032426
0.006060,-0.020714,0.064437
0.001924,-0.019636,0.063392
0.005668,-0.036490,0.042106
0.006570,-0.050113,0.017651
0.007602,-0.031465,-0.032010
0.000071,-0.030865,-0.091385
0.019945,-0.045753,-0.096820
0.023169,-0.018162,-0.081800
0.010720,0.020013,-0.058219
0.007912,0.043164,-0.026260
0.002073,0.048153,0.007656
0.001945,0.047797,0.042620
-0.001217,0.028330,0.067875
0.003404,-0.008025,0.075006
0.006108,-0.034487,0.053594
0.004051,-0.047998,0.018599
0.006090,-0.050656,-0.034320
0.002434,-0.052374,-0.074518
0.001755,-0.034175,-0.079602
-0.009709,0.001946,-0.063384
-0.025163,0.043379,-0.045046
-0.031911,0.075039,-0.010945
-0.029033,0.093907,0.021933
-0.023296,0.071367,0.033242
-0.006933,0.013396,0.066642
0.008393,-0.006987,0.077062
0.003284,-0.005784,0.065642
-0.000824,-0.004614,0.057399
-0.015604,-0.004361,0.033072
-0.020597,-0.001086,0.025666
-0.020665,0.003260,0.017090
-0.014905,-0.011700,0.017895
-0.003293,-0.024601,0.026197
0.003436,-0.029882,0.020859
0.001439,-0.044812,0.020818
0.011127,-0.051204,0.020907
0.007232,-0.043512,-0.000123
0.011172,-0.028588,0.002206
0.005345,-0.018994,0.003351
0.003361,0.001210,0.009804
0.001321,0.015955,0.028970
0.003158,0.021257,0.032172
0.008898,0.009517,0.032098
0.010752,0.003189,0.024615
0.004839,-0.005211,0.011855
0.015515,-0.027724,0.022304
0.020319,-0.035176,0.020132
0.019298,-0.019156,0.019252
0.009591,-0.001705,-0.017707
0.002934,-0.006842,-0.037961
-0.001796,-0.014365,-0.033892
-0.009498,-0.014408,-0.030861
-0.008449,-0.010281,-0.017073
-0.000628,-0.004014,-0.003196
-0.000613,-0.000934,0.009640
0.000311,-0.010662,0.022350
-0.000817,-0.022625,0.044544
-0.002025,-0.019647,0.066859
0.000621,0.012379,0.066063
-0.009307,0.015915,0.033263
0.006246,-0.011547,0.005482
0.014043,-0.027425,-0.007376
0.016007,-0.031674,-0.009500
0.020877,-0.044677,0.010610
0.019872,-0.045768,0.013866
0.009198,-0.042373,-0.005183
-0.000409,-0.038840,-0.038061
0.001698,-0.049634,-0.026545
0.008566,-0.028580,0.001075
-0.002176,0.011835,0.014057
-0.007083,0.021651,-0.007078
-0.013784,0.010363,-0.051709
-0.001875,0.002869,-0.049665
0.009004,0.016530,-0.029502
0.007065,0.025885,-0.005078
0.004078,0.034329,0.004587
0.003062,0.027870,0.010994
0.001093,0.019290,0.015164
-0.002845,0.006519,0.010747
-0.004885,-0.004242,0.019086
-0.006954,-0.021429,0.030592
0.004584,-0.027948,0.042221
0.003477,-0.035386,0.039023
0.010226,-0.043811,0.028415
0.008266,-0.053282,0.015611
-0.001541,-0.039485,0.023145
-0.019133,-0.024326,0.000961
-0.021989,-0.029443,-0.021436
-0.014136,-0.019970,-0.008697
-0.011222,0.006552,0.006300
-0.008397,0.014916,0.023323
-0.001692,-0.006556,0.035848
0.005009,-0.025849,0.044203
0.006790,-0.023806,0.053833
0.005630,-0.009873,0.048747
0.005531,-0.017086,0.024438
0.007487,-0.032831,-0.001097
0.007516,-0.036083,0.004207
-0.002268,-0.019052,0.008544
-0.015899,0.009967,-0.012522
-0.023613,0.021972,-0.040123
-0.012699,0.017842,-0.055153
-0.009574,0.013585,-0.057408
0.008091,0.005774,-0.023521
0.020777,0.013996,0.008460
0.014899,0.012853,0.017071
0.007007,0.008491,0.027795
-0.002868,0.007327,0.037321
-0.009785,0.009589,0.023380
-0.009854,-0.008544,0.020926
-0.004131,-0.021507,0.035593
-0.004301,-0.022436,0.022983
-0.009245,-0.032849,-0.001276
0.013189,-0.026616,0.016962
0.017089,-0.005270,0.017126
0.001490,-0.028607,0.003149
0.005460,-0.070010,-0.018392
0.002642,-0.081827,-0.011116
-0.001247,-0.059747,0.020792
-0.007222,-0.039611,0.033549
-0.015075,-0.028711,0.010231
-0.009225,-0.034113,0.016516
-0.008363,-0.023578,0.030387
-0.012424,-0.002427,0.049671
-0.004891,0.010137,0.074242
0.000635,0.022773,0.091344
0.001274,0.021685,0.093471
0.003856,0.003610,0.086981
0.008473,0.002770,0.064717
0.010208,0.015668,0.056424
0.005161,0.013771,0.033134
0.006073,-0.025399,0.002082
0.015852,-0.046710,-0.000173
0.009072,-0.019884,-0.014801
-0.009277,-0.004563,-0.052866
-0.003216,-0.025872,-0.056207
0.005773,-0.038769,-0.047914
0.010767,-0.030625,-0.009775
0.004877,-0.028799,0.019848
0.006739,-0.047106,0.035529
0.015359,-0.046236,0.054574
0.011206,-0.033651,0.075809
0.009917,-0.025233,0.087548
0.008621,-0.021921,0.077008
0.004548,-0.022529,0.032581
0.001646,-0.028405,-0.018209
-0.000189,-0.023964,-0.033899
-0.005908,0.002878,-0.049533
-0.014553,0.029458,-0.039800
-0.011560,0.034549,-0.016543
-0.001805,0.031118,0.005599
0.004960,0.026678,0.022524
0.012679,0.013833,0.026683
0.012588,-0.003280,0.030819
0.012482,-0.013932,0.028626
0.010423,-0.023502,0.025394
0.005506,-0.027597,0.008451
0.001621,-0.017784,-0.011548
-0.005152,0.011161,-0.023995
-0.010916,0.038903,-0.023787
-0.016670,0.042180,-0.032365
-0.012651,0.022889,-0.025209
-0.004815,0.009783,0.004317
-0.003931,0.001943,0.041414
-0.009006,-0.002527,0.061592
-0.007271,-0.011044,0.060574
-0.009405,-0.010894,0.045727
-0.008587,0.004137,0.036246
-0.005828,0.023417,0.028945
-0.008846,0.031087,0.008824
-0.000133,0.032197,0.004589
0.004683,0.041766,0.007814
0.006559,0.055446,0.027020
0.002533,0.050060,0.032313
0.001462,0.024480,0.030035
0.001405,0.024636,0.015271
-0.013180,0.018508,-0.012342
-0.011195,0.006778,-0.013533
-0.013113,0.007931,-0.023212
-0.013094,0.009982,-0.015870
-0.000439,0.012958,0.006405
0.011134,0.027608,0.035161
0.013902,0.030718,0.044794
0.010845,0.008411,0.035139
0.010809,-0.028648,0.007364
0.009826,-0.048877,0.003005
0.012717,-0.030777,0.007450
0.008796,-0.006211,0.005557
0.013670,0.001228,0.008797
0.004866,0.021501,0.008940
-0.007853,0.038582,0.008022
-0.013734,0.027908,0.007894
-0.007936,0.004282,0.022522
-0.001239,-0.003274,0.030931
0.007410,-0.004432,0.040526
0.010241,-0.017074,0.024554
0.012177,-0.044623,0.005291
0.015114,-0.053094,-0.001115
0.008341,-0.030551,-0.014768
-0.002306,-0.017708,-0.018969
-0.003237,-0.013479,-0.015881
-0.002235,-0.003941,-0.010658
0.004602,0.007623,0.006343
0.011353,0.005282,0.026435
0.012179,-0.002387,0.046585
0.012923,-0.018553,0.062374
0.013606,-0.024137,0.087882
0.007411,-0.012341,0.082741
0.003258,0.000691,0.060614
0.005026,0.001945,0.042670
0.002936,0.008597,0.018364
0.002944,0.008918,-0.013460
0.005971,-0.009008,-0.034832
0.006149,-0.019477,-0.055084
-0.000395,-0.019288,-0.074181
-0.004970,-0.032057,-0.077421
0.004073,-0.056801,-0.057449
0.007141,-0.046504,-0.020248
0.000284,-0.019201,0.023483
-0.001766,-0.004341,0.030978
0.001054,-0.007642,0.040401
0.004801,-0.004429,0.038183
0.005642,-0.001178,0.032843
0.009448,0.001140,0.014866
0.004602,0.001522,-0.022187
0.001802,-0.001436,-0.045439
0.001030,-0.004550,-0.053913
-0.000723,0.000698,-0.045420
-0.002577,0.005764,-0.018919
-0.007449,0.016241,0.000231
-0.006489,0.023573,0.012960
-0.007502,0.026799,0.009715
-0.008566,0.025589,0.023479
-0.000875,0.031974,0.025699
-0.005826,0.036459,0.004551
-0.001936,0.028036,-0.006037
-0.001899,0.016430,-0.018852
-0.003776,0.010017,-0.017847
-0.000736,0.009066,-0.029506
-0.005456,-0.003686,-0.034916
-0.002466,-0.009188,-0.017931
-0.007379,0.022537,0.010982
-0.010410,0.045775,0.034474
-0.008589,0.036089,0.041720
-0.006760,0.008431,0.031839
-0.000996,-0.012825,0.023172
0.005702,-0.021539,0.041147
0.008444,-0.012005,0.048720
