-0.001853,-0.032553,0.002037
-0.004809,-0.020655,-0.013776
-0.007768,-0.018478,-0.017994
-0.012695,-0.017359,-0.020118
-0.012747,-0.001348,-0.020008
-0.009840,0.018901,-0.017771
-0.003011,0.032761,-0.016624
0.002866,0.034862,-0.013436
0.007750,0.028461,-0.013478
0.010690,0.020967,-0.011420
0.013626,0.011303,-0.005126
0.014607,0.007011,-0.003069
0.011678,-0.002635,0.001084
0.006809,-0.003703,0.001075
0.000934,-0.000517,0.002137
-0.000039,0.012371,-0.006273
0.001933,0.024269,-0.022107
0.003077,0.036073,-0.028350
0.002965,0.039289,-0.029384
0.001981,0.033943,-0.028363
0.003894,0.025385,-0.026287
0.005845,0.013576,-0.018914
0.004788,0.008196,-0.014716
0.003747,0.012400,-0.008327
0.004710,0.017671,-0.001950
0.000807,0.026167,0.002390
0.002782,0.055852,-0.078363
-0.020986,0.090638,-0.135755
-0.052405,0.054430,-0.045778
-0.015829,0.026093,0.008653
0.011917,0.030432,0.002364
0.001108,0.027165,0.008682
0.005110,0.013284,0.009649
0.003156,0.012186,0.012836
0.002163,0.004684,0.015962
-0.004078,0.002570,0.013807
-0.003780,0.013348,0.003297
-0.003011,0.034775,-0.005011
0.000158,0.055075,-0.006950
0.000246,0.062569,-0.008979
0.002336,0.044384,-0.004886
0.004401,0.020868,-0.000806
0.006403,-0.000592,0.010650
0.005446,-0.016613,0.011530
0.006468,-0.027328,0.015696
0.007480,-0.032655,0.014574
0.003609,-0.020925,0.015780
-0.000223,0.000334,0.024475
-0.005028,0.013154,0.023539
-0.003967,0.016343,0.024607
-0.003863,0.006845,0.013906
0.001069,-0.007979,0.002084
0.002053,-0.013230,-0.006465
0.000115,-0.010049,-0.004301
-0.002790,0.001688,-0.004191
-0.000816,0.018752,-0.002974
0.001143,0.026224,-0.002895
0.002133,0.018743,-0.001906
0.002182,0.017597,0.005498
-0.000688,0.019776,0.001301
0.001294,0.034676,0.005682
0.005259,0.038988,0.001489
0.007257,0.035770,0.003617
0.007281,0.019692,0.010938
0.003388,0.000428,0.016090
0.002416,-0.009176,0.016000
0.002437,-0.019869,0.017972
0.003450,-0.026298,0.019982
0.004457,-0.020957,0.018927
0.005461,-0.018857,0.022108
0.002577,-0.022066,0.023133
-0.002274,-0.026333,0.023110
-0.003260,-0.022032,0.019978
-0.001305,-0.015596,0.016858
-0.001313,-0.013454,0.015823
0.000654,-0.004936,0.018054
-0.001263,0.009876,0.030910
-0.005115,0.017303,0.035212
-0.003100,0.012940,0.044724
-0.006949,-0.000932,0.044609
-0.002017,-0.001883,0.032922
0.003868,0.004699,0.014920
0.007772,0.010213,-0.003090
0.009740,0.008185,-0.013726
0.008760,0.014592,-0.013650
-0.000030,0.009206,-0.008357
-0.002971,0.006913,0.007553
-0.004901,0.001460,0.019177
-0.000006,0.001362,0.028720
0.001984,0.002374,0.034014
0.006885,-0.001913,0.036112
0.003009,-0.012609,0.038106
-0.001831,-0.020092,0.039103
-0.002800,-0.031757,0.031559
-0.002797,-0.029426,0.012471
-0.000856,-0.023996,0.002948
-0.001816,-0.014256,-0.010753
-0.000857,-0.003520,-0.017012
-0.000895,0.009291,-0.016853
-0.007728,0.017733,-0.007222
-0.008703,0.021934,-0.000825
-0.006710,0.029404,-0.000759
-0.001802,0.034798,-0.005998
0.002119,0.040112,-0.003837
0.005101,0.047624,-0.008037
0.009060,0.039037,-0.002765
0.009070,0.030512,-0.003894
0.007117,0.017644,0.002381
0.005172,0.003717,0.007544
0.004219,-0.004918,0.016984
0.005206,-0.007012,0.012708
0.008143,-0.005957,0.013764
0.007180,-0.003855,0.016988
0.002315,-0.004930,0.018074
-0.006421,-0.001792,0.024496
-0.011283,0.003567,0.022441
-0.011247,0.016510,0.008753
-0.006338,0.029388,0.001410
-0.001430,0.032711,-0.010220
0.002508,0.026404,-0.019832
0.002498,0.017854,-0.018838
0.001523,0.011368,-0.010385
-0.002391,0.013436,-0.004014
-0.005321,0.020824,0.004581
0.000551,0.027207,0.006737
0.001573,0.030438,0.003548
0.002578,0.024058,0.000255
0.003579,0.015531,-0.000895
0.000667,0.005921,0.000081
-0.002248,0.006924,0.006449
-0.003201,0.019639,0.015036
-0.007079,0.021733,0.019327
-0.006056,0.019583,0.021464
-0.004061,0.008956,0.017140
-0.000141,0.003791,0.000139
0.000837,0.000665,-0.007309
0.002767,-0.003551,-0.012666
0.005667,-0.006721,-0.015891
0.005649,-0.013169,-0.011730
0.000760,-0.020692,-0.006483
-0.001214,-0.026101,0.000911
-0.003176,-0.021875,0.005192
-0.003173,-0.008021,0.007434
-0.002198,0.007967,0.009724
0.000737,0.028380,-0.003892
0.004668,0.038017,-0.006977
0.006649,0.034799,-0.006006
0.008623,0.010170,0.002268
0.009605,-0.015540,0.011573
0.004715,-0.041227,0.018762
0.001768,-0.048694,0.018682
0.004674,-0.044373,0.013407
0.001724,-0.027287,0.012495
0.000758,-0.003756,0.007402
-0.002129,0.011161,0.009684
-0.005053,0.019696,0.009737
-0.004052,0.024030,0.003415
-0.001103,0.020838,0.002312
0.000846,0.007022,-0.003122
0.003770,-0.006767,-0.011745
0.009612,-0.014253,-0.010755
0.006665,-0.013259,-0.003304
-0.000175,-0.008002,0.005249
-0.003115,0.003705,0.008542
-0.002127,0.010146,0.004355
-0.001138,0.014498,-0.004123
0.003767,0.012417,-0.009475
0.005724,0.013494,-0.010534
0.009633,0.007071,-0.008433
0.009638,0.002740,-0.002090
0.004743,-0.003820,0.013811
0.002797,-0.002796,0.018057
0.001826,-0.010352,0.026487
0.006715,-0.011389,0.023267
0.011605,-0.013466,0.017956
0.011626,-0.013446,0.015814
0.004808,-0.019852,0.015773
-0.000074,-0.016661,0.016869
-0.004956,-0.010230,0.014822
-0.006920,0.003749,0.004333
0.000904,0.019773,0.002331
0.003849,0.021930,0.000234
0.004843,0.015540,-0.000877
0.000950,0.014452,0.001243
0.001939,0.012295,0.003347
0.000975,0.009061,0.006481
-0.001926,0.016538,0.005465
-0.001897,0.029451,-0.005026
0.002992,0.043335,-0.005973
0.006910,0.042268,-0.005976
0.003990,0.034748,-0.000730
0.003052,0.024023,0.004482
0.003070,0.012198,0.012861
0.006015,0.002528,0.019122
0.008959,-0.001742,0.019107
0.005054,0.008941,0.018153
0.005058,0.017516,0.015050
-0.000764,0.020725,0.013982
-0.000724,0.019623,0.017142
-0.000685,0.009997,0.019174
-0.000652,0.000371,0.021226
0.000338,-0.004963,0.021200
-0.002580,-0.011364,0.021151
-0.002576,-0.009196,0.018007
-0.003535,0.000418,0.017016
-0.002533,0.008978,0.014982
-0.005464,0.004733,0.012844
-0.003504,-0.004830,0.008502
-0.001535,-0.005844,0.003173
-0.002515,-0.004743,0.000027
-0.005445,0.000583,0.001128
-0.005472,0.003773,0.002210
-0.002550,0.000520,0.007501
-0.002559,-0.006973,0.009537
-0.001587,-0.017615,0.006254
0.002311,-0.019718,0.003032
0.001342,-0.011132,-0.002226
-0.001570,0.009140,-0.002097
-0.000579,0.034800,-0.006084
-0.002536,0.047617,-0.007013
-0.004474,0.048625,-0.001717
-0.004405,0.035851,-0.005019
-0.000468,0.026248,-0.005139
0.003448,0.019854,-0.006270
0.008337,0.020968,-0.010449
0.007370,0.024127,-0.006170
0.007386,0.024052,0.001272
0.000567,0.023957,0.010841
-0.002341,0.021753,0.018270
-0.004267,0.016416,0.018209
0.003552,0.005797,0.012804
0.009420,-0.003701,0.002103
0.008462,-0.003663,-0.002160
0.005564,0.000596,-0.001048
-0.001249,0.013419,-0.001964
-0.004182,0.023079,-0.007151
-0.002211,0.026228,-0.001790
0.000735,0.023019,-0.000722
0.002686,0.005913,0.002319
0.001716,-0.006904,0.003261
0.002682,-0.012346,0.013824
0.000722,-0.017756,0.021198
0.000717,-0.022153,0.033886
-0.003178,-0.020008,0.032843
-0.004127,-0.012482,0.027624
-0.003139,-0.002719,0.011786
-0.001180,-0.010127,0.005327
-0.000193,-0.020777,0.003105
-0.002157,-0.021825,0.000953
-0.005098,-0.020758,0.000955
-0.005125,-0.017590,0.004138
-0.004153,-0.009140,0.012673
-0.003168,0.002542,0.018088
-0.004129,0.005692,0.023442
-0.005091,0.000418,0.017023
-0.005053,-0.004821,0.007435
-0.004049,-0.008962,-0.005363
-0.003072,-0.006702,-0.018111
-0.001154,-0.003392,-0.028687
-0.002168,0.003011,-0.028624
-0.005131,0.000835,-0.024385
-0.009049,0.003954,-0.015834
-0.005163,0.003823,-0.003087
-0.004195,0.004806,0.005424
-0.003223,-0.004850,0.010652
0.003637,-0.005903,0.009595
0.009459,-0.043152,-0.001446
0.007495,-0.037958,0.012352
0.003625,-0.007987,0.004208
0.006480,0.003740,0.005365
0.002560,-0.022003,0.017825
0.003624,-0.018843,0.022111
0.002642,0.008893,0.023449
0.002636,0.017475,0.019307
0.008515,0.011125,0.013925
0.010508,-0.002717,0.010607
0.010511,-0.012291,0.007319
0.012438,-0.012237,0.002028
0.014352,-0.003742,0.006347
0.011431,-0.003806,0.012713
0.007536,-0.003912,0.023308
0.001702,-0.010390,0.030673
0.003668,-0.010409,0.032808
0.003716,-0.007167,0.028564
0.009591,-0.000690,0.021215
0.013496,0.001500,0.015956
0.008638,-0.006011,0.020156
-0.003046,-0.017781,0.023250
-0.009884,-0.023161,0.027441
-0.006940,-0.024206,0.025324
-0.005004,-0.011286,0.013765
-0.004040,-0.001650,0.010659
-0.009874,0.011252,0.001215
-0.011799,0.017687,-0.001906
-0.009827,0.031604,-0.006022
-0.004926,0.027348,-0.007099
-0.005919,0.013435,-0.002942
-0.003979,-0.003604,-0.006233
-0.004001,-0.006836,-0.003099
-0.003031,-0.004671,-0.006284
-0.008881,0.000679,-0.008421
-0.010808,0.008233,-0.016858
-0.008852,0.028564,-0.021958
-0.005921,0.042374,-0.015450
-0.007856,0.037023,-0.013341
-0.008802,0.026301,-0.008102
-0.006862,0.004975,-0.010430
-0.002952,-0.016380,-0.009569
-0.003938,-0.029198,-0.008633
-0.001036,-0.029177,-0.010755
-0.001058,-0.015309,-0.009547
-0.004959,0.002835,-0.009354
-0.007903,0.016720,-0.010280
-0.009865,0.015663,-0.011357
-0.008870,0.011459,-0.017768
-0.004975,-0.003292,-0.037031
-0.000141,-0.019163,-0.050984
0.004699,-0.005130,-0.066764
0.003639,0.016228,-0.068719
-0.002238,0.037452,-0.056882
-0.002210,0.048035,-0.047200
0.000709,0.046882,-0.038728
0.005598,0.028601,-0.025107
0.009479,0.017863,-0.018862
0.014330,0.009316,-0.017883
0.016266,0.008205,-0.013655
0.013347,0.000688,-0.009489
0.010408,-0.006847,-0.003202
0.009439,-0.012148,-0.006433
0.012342,-0.005724,-0.008506
0.012339,0.000644,-0.005308
0.009421,-0.004747,-0.000078
0.005554,-0.014384,0.003000
0.010423,-0.019676,-0.001277
0.008453,-0.021805,-0.001261
0.007448,-0.011122,-0.002215
0.005474,0.003850,-0.005254
0.003512,0.017698,-0.003052
-0.002336,0.018741,-0.000934
-0.005221,0.016543,0.005414
-0.002262,0.014441,0.002198
0.004586,0.012338,-0.001004
0.010450,0.004949,-0.009563
0.009471,0.006038,-0.011669
0.007501,0.010269,-0.007375
0.003577,0.007024,-0.003166
-0.001288,0.003748,0.004226
-0.003252,0.002658,0.006318
0.001636,-0.000568,0.008399
0.002632,-0.009105,0.008318
0.005548,-0.004790,0.004145
0.005554,0.003718,0.007437
0.002620,0.009010,0.011735
-0.001261,0.000462,0.012715
0.000726,-0.012331,0.011541
-0.001218,-0.020837,0.008270
-0.002207,-0.030395,0.002876
-0.003185,-0.021826,-0.000232
-0.000283,-0.010049,-0.003280
0.001635,0.004884,-0.002047
-0.001320,0.009100,0.003317
-0.004256,0.007971,0.009694
-0.006165,0.003649,0.014912
-0.001272,-0.004847,0.010573
0.003615,-0.008053,0.010511
0.003634,-0.009109,0.009447
-0.001247,-0.005868,0.005246
-0.004160,0.004848,0.001116
-0.002203,0.012388,-0.005158
-0.001242,0.010317,-0.011550
0.000725,0.010336,-0.013707
-0.001234,0.008222,-0.015861
0.000728,0.008220,-0.015846
-0.000252,0.007101,-0.010529
-0.001226,0.010243,-0.004101
-0.001233,0.014460,0.001262
0.001679,0.016597,0.001294
0.004636,0.012287,0.005514
0.008554,0.002669,0.006506
0.008543,-0.010160,0.008489
0.006586,-0.021888,0.007332
0.002688,-0.015454,0.004192
0.001710,0.001664,0.000089
0.000727,0.019867,-0.006139
0.002676,0.028427,-0.008201
0.004645,0.030593,-0.011373
0.007585,0.023166,-0.015654
0.010532,0.015685,-0.014665
0.010548,0.013517,-0.011521
0.009577,0.015524,0.001236
0.002740,0.013261,0.013950
-0.001147,0.006751,0.024490
-0.003067,0.003528,0.026563
-0.000107,-0.000688,0.021214
0.004787,0.000444,0.014864
0.009693,0.002631,0.009578
0.005814,0.007957,0.010735
-0.002001,0.009016,0.011840
-0.008820,0.010032,0.017168
-0.011703,0.012165,0.017172
-0.007797,0.006927,0.007583
-0.005838,0.011313,-0.004043
-0.006805,0.040243,-0.015456
-0.008738,0.053101,-0.020656
-0.009689,0.058397,-0.016345
-0.009634,0.048760,-0.013253
-0.006696,0.045516,-0.009015
-0.002801,0.027333,-0.004916
0.000126,0.014485,-0.000791
0.003077,0.011283,-0.000826
0.006962,0.016620,-0.000772
0.007921,0.021943,0.000315
0.005005,0.014442,0.003432
0.001128,0.007982,0.008626
-0.001775,-0.002755,0.014885
-0.002724,-0.000675,0.020195
-0.003688,0.000412,0.018054
0.001191,0.006932,0.006432
0.004140,0.005984,-0.005207
0.004137,0.002817,-0.008397
0.003171,0.002808,-0.007336
-0.003635,0.002690,0.004335
-0.008495,0.002596,0.013912
-0.008501,-0.000614,0.014965
-0.003611,0.001584,0.008646
0.001261,0.010236,-0.002985
0.007107,0.015656,-0.011433
0.007107,0.013595,-0.018899
0.005136,0.004961,-0.009418
0.001230,-0.003661,-0.001004
0.000237,-0.011173,0.003160
0.003182,-0.006905,0.003183
0.005136,-0.009039,0.003150
0.009024,-0.012220,0.000994
0.006088,-0.013277,-0.000062
0.005091,-0.005786,-0.002126
0.001198,-0.001550,0.001080
-0.004643,0.001586,0.007453
-0.004621,0.000509,0.008498
-0.002646,-0.001646,0.010615
0.000287,-0.004784,0.004228
0.001263,-0.003724,0.005340
0.005157,-0.000543,0.007511
0.002233,-0.001631,0.009631
-0.000709,-0.006990,0.011707
-0.000708,-0.011248,0.010609
-0.002635,-0.015474,0.006306
-0.002642,-0.017543,-0.000065
-0.002668,-0.012135,-0.007445
-0.000706,0.006083,-0.014692
0.000255,0.024282,-0.019848
0.001234,0.028573,-0.021926
0.005143,0.026392,-0.017685
0.007082,0.010332,-0.012520
0.007064,-0.002568,-0.003090
0.007058,-0.015412,0.001098
0.009019,-0.020779,0.004241
0.008018,-0.019723,0.005297
0.004119,-0.018687,0.008489
-0.000736,-0.014452,0.011688
-0.002703,-0.002684,0.008637
0.000231,-0.001583,0.005491
0.004139,0.002721,0.002338
0.006065,-0.002638,0.004392
0.001167,-0.021985,0.018017
-0.006633,-0.042401,0.031606
-0.011508,-0.038118,0.029459
-0.001731,-0.023104,0.022149
0.005077,-0.001600,0.006413
0.010943,0.020972,-0.009272
0.014857,0.029571,-0.015577
0.008030,0.027395,-0.011345
0.002195,0.021964,-0.001836
-0.004629,0.012242,0.009731
-0.004602,0.003628,0.017055
0.003207,-0.000632,0.015929
0.004175,-0.001683,0.013757
0.006134,-0.003798,0.011596
0.003224,-0.000543,0.006326
0.000315,0.005839,0.008504
-0.005502,0.015447,0.008607
-0.007426,0.015471,0.006513
-0.003523,0.018729,0.001284
-0.000579,0.023074,-0.006085
0.001367,0.019934,-0.012485
0.002333,0.022078,-0.013541
0.001390,0.021033,-0.015673
0.005286,0.027416,-0.013481
0.008210,0.023097,-0.008172
0.007228,0.014488,-0.000785
0.008213,0.002686,0.005500
0.010155,-0.010196,0.012794
0.012111,-0.017729,0.019052
0.011137,-0.025330,0.031678
0.002354,-0.033904,0.034781
0.000420,-0.031793,0.036901
-0.004471,-0.026436,0.034818
-0.002514,-0.017795,0.024248
0.002390,-0.003860,0.017975
0.005326,-0.003830,0.014765
-0.000527,-0.007052,0.016858
-0.006367,-0.012387,0.016812
-0.010255,-0.009186,0.016854
-0.009288,-0.002806,0.019011
-0.007323,0.014310,0.014902
-0.004362,0.026145,0.005456
-0.003364,0.035805,0.000269
-0.004305,0.039080,-0.007137
-0.002318,0.035890,-0.008226
-0.001329,0.028465,-0.012508
-0.003278,0.017813,-0.014715
0.000617,0.029554,-0.014578
-0.001347,0.022123,-0.017814
-0.000383,0.022082,-0.013550
-0.001309,0.022079,-0.013541
0.002606,0.026295,-0.008178
0.004558,0.026242,-0.002845
0.003580,0.006938,0.006544
0.001631,-0.011232,0.009567
0.000637,-0.021934,0.012664
0.003545,-0.024059,0.011570
0.004526,-0.031508,0.009376
0.004530,-0.032567,0.008278
0.000615,-0.015450,0.004183
-0.003307,0.003790,0.001175
-0.007189,0.014397,0.007627
-0.007175,0.024055,0.002413
-0.005209,0.025206,-0.006086
0.000673,0.024216,-0.013524
0.002631,0.015670,-0.012517
0.000678,0.006053,-0.011524
-0.001309,0.003896,-0.009435
-0.006195,0.003832,-0.003069
-0.004241,0.004888,-0.002006
0.001604,0.008131,-0.006243
0.000643,0.007043,-0.004130
-0.003216,0.009201,-0.006199
-0.003214,0.007068,-0.006210
-0.004191,0.004955,-0.008323
-0.002244,-0.003562,-0.010533
-0.005185,-0.012099,-0.010629
-0.003265,-0.017402,-0.013845
-0.001316,-0.019546,-0.012824
0.000603,-0.018489,-0.011747
0.003519,-0.007826,-0.010565
0.003499,0.011343,-0.006111
0.000547,0.009099,0.004481
-0.004342,-0.001635,0.010782
-0.000418,-0.013375,0.010637
0.001544,-0.023974,0.003089
0.005452,-0.018533,-0.007530
0.009344,-0.003498,-0.016956
0.009321,0.015759,-0.022084
0.005400,0.027488,-0.020900
0.004415,0.031673,-0.012368
0.004427,0.027286,-0.000762
0.001527,0.011161,0.010740
0.003476,-0.002756,0.014843
0.006429,-0.003835,0.015859
0.010359,-0.000610,0.013793
0.011347,0.001504,0.015940
0.008441,-0.002752,0.014870
0.004555,-0.012420,0.021195
-0.000323,-0.021030,0.028575
-0.006180,-0.026365,0.028500
-0.004226,-0.027435,0.028463
-0.003235,-0.025219,0.019980
-0.002278,-0.021901,0.008330
-0.002273,-0.017473,-0.007547
-0.002301,-0.005681,-0.012743
-0.003269,0.002848,-0.011594
-0.009129,0.012401,-0.006177
-0.008164,0.011362,-0.008282
-0.001328,0.012470,-0.012538
0.003539,0.011430,-0.015721
0.005477,0.011366,-0.009362
0.003512,0.010222,-0.001980
0.001534,0.006934,0.006460
-0.002334,0.001577,0.008507
0.000600,-0.001563,0.002085
0.006458,-0.004724,-0.002207
0.009398,-0.003581,-0.009611
0.010368,-0.000377,-0.009570
0.008410,-0.009029,0.002047
0.001570,-0.018712,0.009406
-0.003321,-0.020877,0.012577
-0.000412,-0.014416,0.007354
0.000563,0.000565,0.003227
0.001561,0.014459,0.001205
0.002563,0.018739,0.000195
0.002591,0.014405,0.006510
0.001612,0.002549,0.018079
0.000644,-0.013487,0.021128
-0.000345,-0.022056,0.024244
0.001593,-0.025252,0.023121
0.007448,-0.026245,0.015678
0.009423,-0.021902,0.008267
0.008439,-0.016576,0.009395
0.004517,-0.005896,0.008442
-0.003288,0.007925,0.013882
-0.006199,0.020711,0.016123
-0.002284,0.028212,0.012998
0.003597,0.022928,0.007619
0.008508,0.010131,0.006418
0.009506,0.000556,0.003131
0.009509,-0.006967,0.008364
0.005589,-0.007019,0.013682
0.005594,-0.006014,0.020078
0.005604,-0.004990,0.024325
0.004638,-0.008244,0.029602
0.003687,-0.014658,0.030592
0.001756,-0.021069,0.031618
0.001763,-0.021049,0.029525
-0.000186,-0.015629,0.021070
0.001756,-0.005981,0.016909
-0.000190,-0.000624,0.014841
-0.003128,0.000446,0.014849
-0.006999,-0.010239,0.015782
-0.007990,-0.017712,0.015697
-0.007963,-0.020892,0.013547
-0.006011,-0.009179,0.015766
-0.003075,-0.000630,0.014793
-0.001113,0.000421,0.016930
-0.004034,-0.003847,0.016899
-0.005983,-0.005982,0.016902
-0.003052,-0.011264,0.011551
-0.004028,-0.010163,0.008383
-0.006958,-0.003740,0.006303
-0.007930,0.009081,0.004274
-0.007921,0.014408,0.005409
-0.010824,0.008005,0.005332
-0.014727,-0.003723,0.004162
-0.012779,-0.013272,-0.001221
-0.009846,-0.013143,-0.013946
-0.004993,0.002939,-0.021234
-0.004006,0.017913,-0.024258
-0.000112,0.031716,-0.016655
-0.003028,0.027334,-0.004980
-0.004005,0.025169,-0.001766
-0.000100,0.015503,0.004537
0.005739,0.001585,0.008653
0.006717,-0.014424,0.008479
0.009656,-0.021897,0.008379
0.007710,-0.027243,0.009393
0.000880,-0.022982,0.010483
-0.003049,-0.019737,0.006288
-0.004030,-0.003665,0.000055
-0.005006,0.010325,-0.011481
0.000837,0.016823,-0.020974
0.004753,0.012641,-0.029486
0.007675,0.011626,-0.034792
0.010581,0.012632,-0.028376
0.004715,0.010401,-0.018838
-0.001146,0.008150,-0.007185
-0.002103,0.009144,0.000222
0.000833,0.012347,0.000270
0.004731,0.018835,-0.008161
0.008640,0.015732,-0.017711
0.009630,0.009371,-0.022003
0.005701,0.001890,-0.021015
0.004698,-0.000279,-0.017849
0.004704,0.000745,-0.013603
0.006633,-0.001397,-0.012569
0.006641,-0.002473,-0.011496
0.010526,-0.000404,-0.005104
0.010526,0.002767,-0.001879
0.008560,0.001637,0.004477
0.002722,0.002682,0.006608
0.000775,0.001603,0.007661
0.002734,0.002659,0.008724
0.003734,0.008028,0.005580
0.006672,0.013450,-0.002848
0.007656,0.017727,-0.003885
0.006689,0.016652,-0.002805
-0.000108,0.014492,-0.000722
-0.001091,0.014500,-0.001811
0.001831,0.011312,-0.002893
0.004747,0.004919,-0.004031
0.005739,0.002785,-0.004036
0.002809,0.001696,-0.001923
0.001834,0.002712,0.003391
-0.001089,0.007997,0.008777
-0.003012,0.017523,0.016296
-0.003970,0.018623,0.013136
-0.001021,0.018636,0.012075
0.002880,0.005937,0.001360
0.007759,-0.005664,-0.012557
0.006768,-0.019572,-0.009536
0.001867,-0.023873,-0.006405
-0.002057,-0.028238,0.003100
-0.004998,-0.025124,0.011617
-0.006941,-0.018774,0.016985
-0.005962,-0.004898,0.017119
-0.002047,0.007951,0.012994
-0.000095,0.017602,0.008839
0.002869,0.033674,0.002627
0.003855,0.040073,0.002705
-0.001022,0.020748,0.014215
-0.004869,-0.001659,0.013998
0.001027,-0.001650,0.012916
0.001991,-0.010156,0.009666
-0.000957,-0.014381,0.005391
-0.003877,-0.004733,0.001217
-0.005823,0.031563,0.000514
-0.008758,0.054013,-0.003533
-0.007733,0.066800,-0.001265
-0.007665,0.063638,-0.005557
-0.002750,0.056181,-0.006656
-0.001747,0.040156,-0.004675
0.001181,0.016678,-0.004887
0.003135,-0.002556,-0.002973
0.002134,-0.018533,-0.006324
0.003075,-0.029161,-0.010662
0.004025,-0.037677,-0.012858
0.005935,-0.037691,-0.011810
0.001026,-0.033433,-0.010712
-0.002899,-0.013210,-0.005223
-0.004857,0.004964,-0.008240
-0.001954,0.019937,-0.011308
0.003916,0.026295,-0.007028
0.008809,0.018790,-0.003938
0.012723,0.010218,-0.000871
0.012723,-0.003647,-0.002067
0.013694,-0.010063,-0.001096
0.012697,-0.010141,0.006318
0.009765,-0.004828,0.008473
0.009799,0.003693,0.010646
0.005919,0.015391,0.015013
0.003024,0.022839,0.017229
0.000117,0.028184,0.016194
0.000141,0.030328,0.015145
-0.000811,0.028235,0.010868
0.003111,0.020849,0.002316
0.003152,0.012332,0.000098
0.004132,0.000562,0.003179
-0.000738,-0.004732,-0.001119
0.000237,-0.001580,0.004270
-0.000736,0.006946,0.005398
-0.003672,0.012280,0.006531
0.000232,0.018675,0.007690
0.002182,0.012300,0.004459
0.004127,0.000551,0.005418
0.003181,-0.014411,0.007395
0.003179,-0.021989,0.017926
-0.000743,-0.024138,0.018949
-0.004649,-0.022047,0.023212
-0.008552,-0.011352,0.021168
-0.005618,-0.000543,0.007461
-0.000734,0.002785,-0.005264
0.002193,0.005023,-0.015890
0.005115,0.002955,-0.022282
0.001202,0.004962,-0.009525
0.000226,0.003742,0.005300
-0.004650,0.000444,0.014821
-0.002690,-0.004955,0.021162
0.004152,-0.009182,0.016867
0.009997,-0.011254,0.010461
0.010972,-0.010146,0.006206
0.006102,-0.002618,0.000993
0.003158,0.004841,0.002112
-0.001720,0.010160,0.003186
-0.001696,0.009049,0.007407
-0.003624,0.004715,0.013722
-0.003599,0.002540,0.017975
-0.001635,0.001509,0.014803
-0.001611,0.003676,0.011645
-0.001588,0.010165,0.003241
-0.003548,0.023015,-0.000863
-0.002590,0.038061,-0.011349
-0.003537,0.042413,-0.019821
0.000384,0.042375,-0.015579
-0.003509,0.029495,-0.008263
-0.004473,0.021937,0.000182
-0.004446,0.018726,0.001222
0.000448,0.017692,-0.001943
0.004352,0.039070,-0.004891
0.008256,0.022091,-0.014603
0.004350,0.015682,-0.013571
0.001432,0.002906,-0.016851
0.001413,0.014631,-0.015722
0.001401,0.016706,-0.009317
0.003344,0.012374,-0.002982
0.005301,-0.005876,0.007456
0.006292,-0.020932,0.019004
0.004369,-0.029555,0.027425
-0.000511,-0.026429,0.034873
-0.003450,-0.024229,0.028532
-0.003447,-0.012386,0.018004
-0.000501,-0.003668,0.000034
-0.000504,0.000705,-0.010566
0.001456,-0.001383,-0.014830
-0.004411,0.000740,-0.013765
-0.008322,0.003874,-0.007355
-0.010260,0.010247,-0.004082
-0.006348,0.022021,-0.007142
0.002420,0.033781,-0.009154
0.007318,0.038029,-0.006988
0.007334,0.032650,-0.002805
0.006358,0.017633,0.004514
0.001484,0.000506,0.009670
-0.000465,-0.006954,0.008515
0.001518,-0.005836,0.003192
0.003453,0.000711,-0.010547
0.003434,0.008235,-0.015773
0.003446,0.016806,-0.018875
0.002466,0.017894,-0.020988
0.002481,0.015663,-0.011414
0.002484,0.012345,0.000243
0.001503,0.012209,0.014064
0.000544,0.014259,0.022584
0.002517,0.007782,0.029962
0.002535,0.000353,0.025639
0.003521,-0.009198,0.020215
0.004516,-0.018740,0.013751
0.003533,-0.027184,0.004115
0.003522,-0.028251,0.004112
0.001560,-0.017601,0.006306
-0.005290,0.000488,0.011783
-0.009201,0.012238,0.010839
-0.008209,0.019716,0.009815
-0.009158,0.012275,0.006533
-0.005232,-0.005827,0.002089
-0.004231,-0.018546,-0.006526
-0.001333,-0.024939,-0.007649
-0.001380,-0.019542,-0.013968
-0.006290,-0.006822,-0.005375
-0.010200,0.001652,0.001058
-0.010212,0.005880,0.005374
-0.006287,-0.000535,0.006366
-0.003352,0.003721,0.007436
-0.003312,0.015435,0.009612
0.000609,0.016490,0.010676
0.004498,0.018709,0.002206
0.010339,0.027257,0.001220
0.011301,0.025102,0.003352
0.011326,0.010141,0.005336
0.009411,-0.000629,0.014771
0.010408,-0.009186,0.016826
0.013327,-0.014597,0.024192
0.012356,-0.012526,0.030584
0.009438,-0.006177,0.035930
0.006525,0.001336,0.031751
0.002676,0.021466,0.046810
0.001731,0.019431,0.037291
0.007616,0.014191,0.027724
0.013509,0.013244,0.016085
0.016430,-0.008009,0.007459
0.013501,-0.003680,0.001081
0.007672,0.001626,0.004346
-0.000183,0.000549,0.005404
0.000811,-0.008021,0.008456
0.006688,-0.001630,0.009559
0.007658,0.010098,0.010765
0.012525,0.021837,0.010875
0.010592,0.031402,0.015244
0.008647,0.031382,0.017380
0.007694,0.032524,0.009948
0.007729,0.027197,0.008806
0.005807,0.025068,0.007678
0.007792,0.020755,0.011857
0.007821,0.015406,0.012829
0.003928,0.012164,0.017073
-0.001931,0.015345,0.019244
-0.003852,0.020673,0.020379
-0.000901,0.031344,0.020480
-0.005729,0.032433,0.018374
-0.007642,0.031345,0.020494
-0.007605,0.020674,0.020400
-0.001730,0.010005,0.020313
-0.002709,0.005727,0.021351
-0.004664,0.006759,0.024558
-0.010477,0.008831,0.030957
-0.012413,0.008864,0.027766
-0.010445,0.002524,0.021330
-0.005553,0.001506,0.015975
-0.004573,-0.004758,0.002126
-0.002625,-0.015355,-0.005408
-0.006528,-0.020638,-0.010767
-0.008511,-0.022771,-0.010779
-0.011469,-0.019613,-0.006514
-0.009541,-0.007873,-0.006398
-0.008567,0.001710,-0.004185
-0.007589,0.003780,0.002193
-0.006608,0.000534,0.006388
-0.006603,-0.002713,0.010592
-0.005638,-0.004856,0.011662
0.000193,-0.001600,0.006370
0.003125,0.001665,0.000032
0.004114,-0.003572,-0.009579
0.006074,-0.009924,-0.014968
0.006076,-0.009872,-0.020286
0.006061,-0.009819,-0.025598
0.006029,-0.006613,-0.026644
0.006976,-0.000263,-0.021283
0.006969,0.002808,-0.008536
0.003080,0.005831,0.009564
0.004054,0.012075,0.025548
0.005051,0.016284,0.032007
0.007043,0.018409,0.033100
0.008044,0.018433,0.031006
0.008080,0.008887,0.025644
0.006158,0.000285,0.031928
0.003255,-0.010325,0.025470
0.002300,-0.014582,0.024393
0.004254,-0.018782,0.017995
0.005213,-0.013338,0.007466
0.006172,-0.001537,0.001232
0.003227,-0.003646,-0.000860
-0.000696,-0.009051,0.006525
-0.005564,-0.016596,0.013880
-0.006542,-0.018775,0.018106
-0.005565,-0.019874,0.021280
-0.004588,-0.019863,0.020205
-0.003609,-0.013450,0.019193
-0.006550,-0.010282,0.022397
-0.011443,-0.012396,0.020250
-0.011427,-0.014480,0.014891
-0.006547,-0.014366,0.003179
-0.002649,-0.009972,-0.009565
-0.002644,-0.002398,-0.020130
0.000278,0.008286,-0.021077
0.000261,0.011393,-0.011480
-0.002682,0.009186,-0.004029
-0.004619,0.002751,-0.000909
-0.001688,0.000529,0.007526
0.001259,-0.003729,0.006420
0.006127,-0.003751,0.008536
0.008096,-0.002653,0.005348
0.006129,-0.001580,0.005391
0.004178,-0.002658,0.006443
0.002240,-0.002657,0.006464
0.005172,-0.001601,0.007527
0.006167,-0.000550,0.008592
0.008109,0.000538,0.006480
0.006144,0.000489,0.011783
0.007109,-0.008070,0.013831
0.006134,-0.013452,0.018001
0.008087,-0.017743,0.020079
0.007126,-0.013472,0.020116
0.005176,-0.007037,0.016988
0.004188,0.000538,0.006415
0.009076,0.011240,0.003305
0.008105,0.009074,0.006469
0.003246,0.006874,0.012789
-0.000638,-0.000662,0.019112
-0.001595,-0.008091,0.014782
-0.000631,-0.004876,0.013747
0.000347,0.002648,0.008515
0.002306,0.009080,0.005382
-0.000617,0.010191,0.001168
0.000382,0.012306,0.003307
0.000389,0.009065,0.007558
0.002350,0.005830,0.010714
0.001396,0.000432,0.017047
0.000411,-0.002762,0.015945
0.001376,-0.004864,0.012750
0.003330,-0.010167,0.009506
0.001390,-0.016529,0.005178
-0.001532,-0.017581,0.004106
-0.003476,-0.014347,0.000958
-0.004457,-0.005826,0.002110
-0.007384,0.006981,0.002242
-0.010322,0.014432,0.004450
-0.009337,0.018765,-0.001871
-0.006384,0.017700,-0.001874
-0.005400,0.014551,-0.007207
0.001424,0.010282,-0.007251
0.002402,0.003856,-0.005206
0.002386,-0.003675,0.001108
-0.002498,-0.007977,0.004233
-0.005430,-0.014466,0.012644
-0.005436,-0.029397,0.011432
-0.004471,-0.033578,0.002941
-0.000552,-0.029202,-0.007625
0.005289,-0.024824,-0.018163
0.007209,-0.013052,-0.021223
0.004252,-0.001325,-0.020038
-0.002591,-0.002486,-0.010470
-0.005524,-0.008992,0.000119
-0.005513,-0.017624,0.009614
-0.001613,-0.018657,0.006428
0.002286,-0.017526,0.000071
0.006166,-0.021762,-0.003135
0.004198,-0.028101,-0.009557
0.003186,-0.035573,-0.009621
-0.000740,-0.036736,-0.000082
-0.006616,-0.032507,0.004184
-0.006643,-0.022935,0.007451
-0.004696,-0.012180,-0.000957
-0.001774,-0.011007,-0.011565
0.002137,-0.004455,-0.026384
0.002125,0.002053,-0.036945
-0.001780,0.004230,-0.041178
-0.003747,0.006343,-0.039037
-0.006703,0.011655,-0.036860
-0.005732,0.021175,-0.028275
-0.001840,0.020031,-0.020863
-0.002815,0.010341,-0.012459
-0.003792,0.001786,-0.010406
-0.000851,0.002862,-0.011478
0.005966,0.006072,-0.012546
0.006923,0.004021,-0.021073
0.009845,0.003006,-0.026408
0.010812,0.004051,-0.024291
0.007874,-0.001353,-0.018005
0.006859,-0.007905,-0.003200
0.002948,-0.012292,0.008406
0.002960,-0.009079,0.007393
0.008818,-0.001565,0.003228
0.013719,0.008092,-0.002000
0.014716,0.018807,-0.006130
0.012770,0.019833,-0.001856
0.009836,0.017594,0.008750
0.002037,0.011094,0.018229
0.001074,0.009991,0.021368
0.003039,0.003606,0.019142
0.010829,-0.001700,0.015878
0.013762,-0.008039,0.009449
0.007919,-0.014534,0.018933
0.000122,-0.019944,0.026314
-0.008619,-0.016800,0.031648
-0.007620,-0.005018,0.027527
-0.004694,0.010000,0.020237
-0.002742,0.021834,0.010797
