0.108776,1.120807,0.242627
0.129029,0.800638,0.018998
0.065176,0.030977,-0.020944
-0.003224,-0.795010,0.015076
-0.013510,-1.302935,0.009695
-0.003693,-1.211072,-0.015915
-0.012452,-0.860947,-0.041492
-0.017827,-0.484145,-0.066845
-0.035753,-0.123665,-0.060131
-0.031896,0.227029,-0.032110
-0.014809,0.442441,-0.022597
-0.010063,0.472257,-0.016949
-0.029467,0.363254,0.004503
-0.040228,0.255790,0.084004
-0.006592,0.551252,0.192115
0.049529,0.956203,0.286909
0.104204,1.170284,0.089679
0.103182,0.777119,-0.070686
0.043253,-0.062803,-0.130486
-0.022026,-1.044507,-0.112721
-0.034719,-1.594660,-0.161487
-0.033315,-1.509285,-0.178561
-0.027557,-1.005836,-0.176859
-0.046779,-0.500924,-0.219054
-0.069467,-0.042197,-0.219025
-0.071333,0.402224,-0.180333
-0.031638,0.658683,-0.083561
0.052550,0.719676,0.096752
0.028758,0.596471,0.133928
-0.028218,0.637398,0.100867
0.032146,0.840401,0.199882
0.088688,0.945888,0.105312
0.097497,0.542037,-0.041510
0.047580,-0.205257,-0.083244
-0.020908,-0.874698,-0.023100
-0.019854,-1.230133,-0.024825
-0.003359,-1.111684,-0.044742
-0.006211,-0.769054,-0.067179
-0.016601,-0.383842,-0.082715
-0.025135,0.025740,-0.074581
-0.010742,0.343603,-0.069452
0.007720,0.467450,-0.081120
0.006936,0.419325,-0.068703
-0.003611,0.317306,-0.005128
0.015628,0.560369,0.125834
0.073117,0.890474,0.228752
0.125996,1.066589,0.094518
0.120302,0.698729,-0.027184
0.070659,-0.079424,-0.080913
0.007079,-0.873513,-0.036997
-0.002909,-1.282185,-0.040524
-0.002417,-1.170250,-0.045562
-0.007549,-0.807438,-0.062357
-0.017988,-0.398842,-0.069086
-0.040035,0.020283,-0.058623
-0.034270,0.356149,-0.039385
-0.010174,0.529930,-0.026002
-0.015991,0.506300,-0.015342
-0.030426,0.373432,0.036212
-0.034427,0.512857,0.165594
0.033829,0.990760,0.329711
0.103546,1.232836,0.241524
0.146606,0.825439,-0.015979
0.076096,-0.015600,-0.066247
-0.018756,-0.943357,0.027472
-0.002607,-1.460570,-0.020649
-0.006972,-1.334735,-0.032961
-0.025613,-0.910951,-0.059037
-0.028335,-0.483928,-0.095645
-0.044473,-0.039115,-0.091442
-0.039574,0.321243,-0.069770
-0.020363,0.513026,-0.041231
-0.018439,0.521309,-0.018533
-0.029935,0.426914,0.032148
-0.035925,0.403598,0.116947
0.000529,0.689543,0.238340
0.064853,0.947537,0.290314
0.116313,0.855520,0.069159
0.101863,0.282866,-0.043004
0.011777,-0.546132,-0.008553
-0.017707,-1.157597,-0.018911
-0.031699,-1.277250,-0.024790
-0.053243,-0.997502,-0.053192
-0.038549,-0.581094,-0.086898
-0.048119,-0.172362,-0.111759
-0.055615,0.168923,-0.104199
-0.033230,0.407894,-0.089473
-0.015875,0.480528,-0.096366
-0.028534,0.422504,-0.062340
-0.035246,0.493031,0.019228
0.009103,0.723265,0.164784
0.072567,0.993904,0.194278
0.119603,0.988230,0.012792
0.075635,0.262923,-0.067052
0.023202,-0.593742,-0.053952
-0.010811,-1.136288,-0.033285
-0.019773,-1.261374,-0.029544
-0.022747,-0.952561,-0.070912
-0.026718,-0.533173,-0.083094
-0.033357,-0.127781,-0.100299
-0.040904,0.225240,-0.087408
-0.018592,0.403501,-0.077678
-0.002144,0.365328,-0.099552
-0.024291,0.217708,-0.082079
-0.032913,0.237478,0.058160
0.024959,0.664943,0.233055
0.095098,1.089401,0.150836
0.125771,0.770898,-0.103632
0.053549,0.001035,-0.113766
-0.000671,-0.674362,0.005469
0.001929,-1.045381,0.049228
-0.005268,-0.923593,0.014340
-0.029678,-0.535823,-0.029478
-0.023635,-0.184723,-0.038074
-0.010728,0.108577,-0.035192
0.001810,0.255898,-0.032015
0.013293,0.288153,-0.054337
-0.012958,0.173808,-0.047550
-0.034242,0.129146,0.014068
-0.012044,0.357056,0.177881
0.037899,0.628967,0.201623
0.068995,0.710187,0.093576
0.074338,0.321867,0.012965
0.045417,-0.198839,0.028328
0.011204,-0.572823,0.073534
0.001060,-0.671932,0.045160
-0.017705,-0.515953,0.018814
-0.038134,-0.242870,0.021371
-0.031291,0.043989,0.034757
-0.006032,0.137225,0.002082
0.007807,0.082233,-0.061389
-0.007388,0.077775,-0.055698
-0.019236,0.023010,-0.027028
-0.027258,0.055998,-0.018141
-0.032239,0.086723,0.013025
-0.013857,0.224732,0.088220
0.041401,0.597243,0.201642
0.099017,0.906818,0.203955
0.121569,0.865060,-0.021232
0.110304,0.315642,-0.105384
0.024628,-0.432391,-0.103355
-0.040506,-0.938919,-0.035681
-0.063891,-1.168238,-0.024308
-0.050817,-1.057773,-0.085480
-0.032072,-0.736780,-0.104189
-0.033831,-0.362839,-0.067002
-0.057956,0.047541,-0.016329
-0.029924,0.431808,-0.025919
-0.000261,0.594878,-0.021934
-0.008018,0.536897,0.003613
-0.015389,0.325191,0.057304
-0.007611,0.353994,0.171218
0.050895,0.737541,0.254491
0.092515,1.004978,0.175540
0.126736,0.856554,-0.033934
0.072648,0.138591,-0.126979
-0.013308,-0.769533,-0.093821
-0.043702,-1.310868,-0.060972
-0.018585,-1.261681,-0.094282
-0.012329,-0.882856,-0.110960
-0.039341,-0.467971,-0.094333
-0.045429,-0.132254,-0.059019
-0.027924,0.178781,-0.013092
-0.017535,0.396215,-0.001174
-0.005866,0.470936,-0.006878
-0.010605,0.426921,0.025860
0.000030,0.512342,0.113946
0.044883,0.934706,0.268313
0.085365,1.239192,0.245889
0.143435,1.029173,-0.010898
0.092550,0.130960,-0.119300
-0.019190,-0.807438,-0.034121
-0.045079,-1.471326,-0.012149
-0.010282,-1.535076,-0.059424
-0.023994,-1.123062,-0.083424
-0.040320,-0.662230,-0.078073
-0.048605,-0.196235,-0.058629
-0.041606,0.245454,-0.061977
-0.016469,0.485583,-0.075716
-0.004755,0.504754,-0.084869
-0.009378,0.387017,-0.058786
-0.011335,0.388956,0.062711
0.017079,0.808995,0.232201
0.066073,1.273658,0.327620
0.126514,1.212893,0.080828
0.109769,0.307750,-0.106432
-0.028885,-0.664010,0.036722
-0.056574,-1.430517,0.094891
0.012942,-1.579130,-0.019263
-0.009647,-1.186778,-0.111966
-0.023701,-0.745714,-0.150989
-0.017169,-0.328662,-0.155342
-0.024806,0.108643,-0.160515
-0.030956,0.449991,-0.164621
-0.031099,0.600293,-0.153522
-0.036761,0.598520,-0.085802
-0.030973,0.680089,0.087618
0.014853,1.048777,0.276885
0.071736,1.329373,0.314951
0.116800,1.028153,0.112030
0.090247,0.176817,-0.011461
-0.017571,-0.696695,0.106185
-0.024767,-1.333875,0.141891
0.041017,-1.479100,0.015773
0.017464,-1.167717,-0.110374
-0.037500,-0.695953,-0.131759
-0.034966,-0.230792,-0.131758
-0.019342,0.185315,-0.148990
-0.028427,0.486070,-0.143916
-0.032456,0.581374,-0.065889
-0.029621,0.762433,0.081577
0.010594,0.946954,0.226295
0.049428,1.069381,0.257373
0.082896,1.003907,0.197502
0.079856,0.325709,0.037125
0.037292,-0.513530,0.004481
-0.023954,-1.135785,0.048723
0.012044,-1.373121,-0.027087
0.030183,-1.121511,-0.138013
-0.004716,-0.716633,-0.197459
-0.020537,-0.325969,-0.216393
-0.031879,0.029129,-0.204379
-0.046693,0.310593,-0.197156
-0.052679,0.460857,-0.190141
-0.051549,0.471886,-0.117073
-0.036867,0.604943,0.032031
0.006165,0.847996,0.195437
0.060420,1.121846,0.255261
0.092600,1.116080,0.201256
0.083621,0.420567,0.056007
0.030328,-0.462579,0.026536
-0.039349,-1.129805,0.093805
-0.005248,-1.471922,0.054249
0.041023,-1.268269,-0.072936
0.010960,-0.768571,-0.129091
-0.019564,-0.258301,-0.163981
-0.019192,0.151518,-0.179476
-0.026176,0.443880,-0.190537
-0.031296,0.514025,-0.168283
-0.037089,0.435584,-0.114190
-0.035073,0.417270,0.020672
-0.001540,0.692044,0.207074
0.057379,1.172183,0.361533
0.124985,1.391842,0.284683
0.144991,0.669673,0.006679
0.068783,-0.441376,-0.084478
-0.080066,-1.378615,0.131900
-0.036028,-1.857588,0.113847
0.034016,-1.561311,-0.003628
0.000577,-0.876626,-0.098950
-0.028566,-0.336146,-0.155368
-0.031523,0.080995,-0.151588
-0.036534,0.412759,-0.157921
-0.041062,0.594992,-0.140062
-0.051990,0.617096,-0.119203
-0.051830,0.521447,-0.052354
-0.033517,0.589182,0.127126
0.018889,1.043083,0.343663
0.088916,1.493244,0.400163
0.143187,1.139226,0.123177
0.120908,0.085886,-0.116919
-0.042241,-0.918236,0.045702
-0.071385,-1.669129,0.169869
0.028001,-1.769310,0.006937
0.022554,-1.219966,-0.120329
-0.037044,-0.644171,-0.190310
-0.020078,-0.261776,-0.230929
-0.014841,0.093462,-0.234963
-0.036820,0.409216,-0.243513
-0.048885,0.570199,-0.236534
-0.060471,0.532501,-0.209789
-0.052415,0.378039,-0.128478
-0.037986,0.410987,0.129772
0.009650,1.034460,0.353227
0.086442,1.526434,0.402247
0.150427,1.209762,0.119311
0.126123,0.275628,-0.090732
-0.015926,-0.783666,0.014119
-0.049599,-1.593554,0.179371
0.020765,-1.756250,0.103297
0.046206,-1.265353,-0.063797
-0.009876,-0.639246,-0.159908
-0.026057,-0.276937,-0.204331
-0.014550,-0.024043,-0.210535
-0.027651,0.244506,-0.195816
-0.038031,0.460832,-0.176479
-0.037129,0.519039,-0.127659
-0.029190,0.525476,-0.010910
-0.014936,0.734926,0.199601
0.029514,1.208580,0.354219
0.096834,1.383797,0.363509
0.144956,0.922624,0.104564
0.120061,0.057620,-0.101149
-0.012688,-0.792785,0.075177
-0.036656,-1.385334,0.161954
0.050094,-1.435394,-0.003606
0.016639,-0.986522,-0.122925
-0.050661,-0.602848,-0.174548
-0.025874,-0.425303,-0.193981
-0.016663,-0.207687,-0.204497
-0.037784,0.125772,-0.176201
-0.047159,0.466548,-0.110838
-0.036680,0.831378,0.022938
-0.007107,1.249325,0.200666
0.042157,1.335704,0.226640
0.085370,0.850015,0.109301
0.065805,0.186715,0.039800
-0.016763,-0.458593,0.177561
-0.028396,-0.920516,0.196317
0.038188,-0.983635,0.076278
0.014578,-0.739898,-0.004376
-0.023647,-0.537666,-0.069992
-0.011936,-0.413472,-0.105575
-0.010656,-0.236204,-0.131602
-0.014928,0.017725,-0.148169
-0.024142,0.240601,-0.133348
-0.028166,0.388198,-0.046521
-0.021500,0.661125,0.105648
0.009720,1.030121,0.269008
0.062852,1.125497,0.241566
0.085788,0.745722,0.088853
0.069278,0.009201,-0.012665
-0.014948,-0.675266,0.074763
-0.034061,-1.078847,0.129436
0.023313,-1.072781,0.020906
0.002470,-0.719194,-0.054478
-0.046241,-0.413681,-0.086204
-0.031501,-0.241517,-0.113930
-0.024575,-0.019415,-0.144847
-0.035808,0.222717,-0.144631
-0.031262,0.337903,-0.138266
-0.024317,0.314135,-0.106332
-0.020340,0.271727,-0.018863
-0.013883,0.446058,0.171229
0.017086,0.949714,0.297544
0.072949,1.184791,0.294524
0.118277,0.817348,0.060880
0.102176,0.065127,-0.101182
-0.026898,-0.704235,0.082250
-0.036453,-1.229302,0.121870
0.045467,-1.241016,-0.029585
-0.011244,-0.882266,-0.080420
-0.055881,-0.558463,-0.117609
-0.022573,-0.351129,-0.137600
-0.016725,-0.057770,-0.150559
-0.039732,0.288681,-0.134146
-0.043047,0.484790,-0.109903
-0.031242,0.491038,-0.093759
-0.029221,0.452686,0.016260
-0.015198,0.655900,0.202227
0.032001,1.079539,0.345604
0.087654,1.259218,0.328279
0.154631,0.689923,-0.043280
0.094432,-0.081795,-0.127364
-0.090211,-0.905961,0.142360
-0.011914,-1.516421,0.023756
0.035225,-1.376194,-0.075552
-0.056774,-0.914114,-0.099946
-0.035888,-0.582688,-0.147929
-0.012798,-0.234879,-0.139586
-0.030665,0.169135,-0.122528
-0.033284,0.491025,-0.091632
-0.029599,0.611470,-0.077704
-0.028470,0.583270,-0.029690
-0.013157,0.668361,0.122007
0.041250,0.877793,0.232507
0.081689,0.926213,0.194221
0.099841,0.618955,0.062111
0.068597,-0.042777,-0.048429
-0.005913,-0.675753,0.005266
-0.029816,-1.064290,0.039921
0.002681,-1.087304,-0.030507
-0.011005,-0.779712,-0.082984
-0.042205,-0.467820,-0.116684
-0.029676,-0.268191,-0.122528
-0.014057,-0.009176,-0.104935
-0.007699,0.247724,-0.086365
-0.002168,0.366011,-0.073439
-0.009951,0.386884,-0.023927
-0.011042,0.531820,0.106086
0.026030,0.883991,0.245645
0.063401,1.091100,0.251340
0.103467,0.932326,0.104390
0.081495,0.183430,-0.049604
0.010117,-0.619238,-0.003559
-0.041450,-1.124436,0.081213
0.010597,-1.241330,0.010974
0.015996,-0.892892,-0.078535
-0.046651,-0.483140,-0.080262
-0.044691,-0.184359,-0.079807
-0.021190,0.107874,-0.073797
-0.009983,0.332040,-0.095104
-0.005396,0.391798,-0.095643
-0.013185,0.334775,-0.045751
-0.013316,0.384858,0.076871
0.015196,0.653463,0.237511
0.050765,1.032890,0.306765
0.092352,1.028772,0.185369
0.076778,0.402752,0.011082
0.013004,-0.378281,0.026214
-0.051154,-1.076610,0.107224
-0.007208,-1.346006,0.033358
0.012082,-1.075540,-0.049298
-0.011999,-0.636606,-0.096715
-0.030753,-0.270455,-0.112795
-0.035206,0.039898,-0.104488
-0.038409,0.308613,-0.097522
-0.041756,0.436519,-0.085600
-0.040885,0.384065,-0.066783
-0.032977,0.240582,-0.013375
-0.016459,0.174772,0.065334
0.008371,0.378345,0.215852
0.045186,0.894176,0.313934
0.075679,1.135845,0.281193
0.100311,0.818305,0.095688
0.058379,-0.066122,-0.063612
-0.027316,-0.931957,-0.000822
-0.051618,-1.414781,0.092601
0.012032,-1.356310,-0.021023
0.020330,-0.852792,-0.150925
-0.020720,-0.362470,-0.203576
-0.031261,-0.115013,-0.178185
-0.027184,0.127842,-0.145688
-0.038562,0.377059,-0.103615
-0.041035,0.492063,-0.084226
-0.044841,0.449039,-0.053373
-0.032962,0.347848,0.042205
-0.008024,0.540504,0.217330
0.045052,1.057866,0.381843
0.104116,1.442783,0.324541
0.144895,0.796732,-0.003943
0.093463,-0.307196,-0.230779
-0.083747,-1.109154,0.033388
-0.055405,-1.702335,0.055226
0.071881,-1.570847,-0.142632
-0.009939,-0.900468,-0.189879
-0.069638,-0.441220,-0.219447
-0.032404,-0.147733,-0.216009
-0.029697,0.193235,-0.171018
-0.035314,0.465903,-0.128683
-0.030772,0.592599,-0.105936
-0.027743,0.514426,-0.080781
-0.026706,0.396084,0.019041
-0.007669,0.588497,0.215713
0.047291,1.085751,0.364979
0.103674,1.315082,0.278621
0.134244,0.741052,0.014911
0.067731,-0.278194,-0.102743
-0.059562,-1.074461,0.087338
-0.031095,-1.556687,0.093442
0.049849,-1.380643,-0.056291
-0.002708,-0.816590,-0.140999
-0.033501,-0.433017,-0.179809
-0.012980,-0.155482,-0.192335
-0.015106,0.161125,-0.178357
-0.025562,0.409596,-0.171642
-0.033564,0.488332,-0.149458
-0.041203,0.424726,-0.084508
-0.030570,0.459631,0.066846
-0.001337,0.811063,0.276313
0.061099,1.212111,0.332470
0.099710,0.978959,0.153725
0.099779,0.219770,-0.071412
-0.011193,-0.547125,0.048427
-0.056342,-1.135706,0.163213
0.038306,-1.277575,0.017892
0.027188,-0.915182,-0.091587
-0.045020,-0.524304,-0.127809
-0.035012,-0.317159,-0.124300
-0.015187,-0.062305,-0.117482
-0.025511,0.263951,-0.109815
-0.027990,0.453786,-0.098510
-0.022127,0.475913,-0.065163
-0.021139,0.583349,0.085844
0.027574,0.840597,0.218197
0.061974,0.871862,0.189391
0.086023,0.568929,0.040439
0.054042,-0.094087,-0.048628
-0.017418,-0.637705,0.042107
-0.027174,-0.991928,0.054655
0.029515,-0.935772,-0.041781
-0.014287,-0.580187,-0.084372
-0.044500,-0.321580,-0.120801
-0.018360,-0.144313,-0.126957
-0.017494,0.088105,-0.119214
-0.014117,0.298106,-0.107453
-0.008548,0.367411,-0.106717
-0.009318,0.307385,-0.076196
-0.010268,0.248893,0.021798
0.003835,0.420396,0.179514
0.036727,0.734605,0.256909
0.062790,0.817266,0.207160
0.087210,0.464189,0.052530
0.061254,-0.227701,-0.027204
-0.018339,-0.797887,0.047334
-0.005653,-1.071915,0.043401
0.033537,-0.963501,-0.046242
-0.008264,-0.596169,-0.089801
-0.031611,-0.305728,-0.103527
-0.016352,-0.072058,-0.096257
-0.019531,0.201882,-0.078502
-0.022070,0.406531,-0.058378
-0.019367,0.423472,-0.043245
-0.024123,0.317596,-0.020523
-0.022111,0.249385,0.085010
0.004487,0.565921,0.248376
0.051499,0.994746,0.300504
0.104635,0.896134,0.109078
0.114307,0.197820,-0.126135
-0.002304,-0.504887,-0.025003
-0.066767,-1.140262,0.076424
0.030801,-1.347422,-0.053243
-0.002655,-0.933410,-0.081053
-0.061246,-0.505273,-0.109406
-0.032882,-0.213817,-0.112530
-0.029828,0.103909,-0.091358
-0.029402,0.376847,-0.082148
-0.023075,0.507814,-0.048917
-0.023143,0.451075,-0.029045
-0.022036,0.317145,0.021439
-0.020376,0.371358,0.160149
0.009757,0.693774,0.278218
0.053140,0.905649,0.232451
0.078908,0.587171,0.037187
0.045941,-0.131029,-0.081381
-0.023496,-0.798343,-0.017019
-0.013211,-1.152546,-0.011844
0.028044,-1.064465,-0.088958
-0.002349,-0.653328,-0.133333
-0.045398,-0.305235,-0.152922
-0.041623,-0.051379,-0.137928
-0.033888,0.206493,-0.108642
-0.023707,0.387594,-0.082254
-0.015165,0.408807,-0.070233
-0.015986,0.324149,-0.036551
-0.016040,0.364621,0.075552
0.019119,0.669525,0.240640
0.057414,0.992843,0.258049
0.092432,0.820313,0.100219
0.083599,0.072563,-0.080114
-0.015699,-0.606779,0.026734
-0.060047,-1.077806,0.113827
0.024755,-1.124775,-0.026320
0.008944,-0.756140,-0.097676
-0.042575,-0.437749,-0.131574
-0.022022,-0.224252,-0.134153
-0.015325,0.051636,-0.096023
-0.023767,0.360838,-0.085414
-0.025122,0.493122,-0.082105
-0.021132,0.441728,-0.061172
-0.023065,0.395769,0.055421
0.018240,0.666641,0.197955
0.059486,0.925681,0.256264
0.101273,0.811804,0.106348
0.078428,0.177047,-0.044481
0.006064,-0.557342,-0.005138
-0.044556,-1.084986,0.077450
0.006755,-1.202939,0.008226
0.012200,-0.849277,-0.069442
-0.035081,-0.403971,-0.108359
-0.038076,-0.095379,-0.124052
-0.009558,0.168101,-0.119486
-0.006134,0.348291,-0.110249
-0.009442,0.389720,-0.092674
-0.018162,0.297667,-0.062384
-0.023947,0.229595,0.023962
0.002834,0.431031,0.178653
0.036728,0.732568,0.241998
0.072755,0.836808,0.163576
0.073599,0.500705,0.041768
0.042401,-0.191164,-0.024430
-0.005138,-0.859289,0.012064
-0.013554,-1.231336,-0.025519
0.000103,-1.091265,-0.073174
-0.014338,-0.676139,-0.087505
-0.021672,-0.295046,-0.108695
-0.031934,0.062287,-0.099017
-0.035021,0.348075,-0.082494
-0.022797,0.474757,-0.051345
-0.022951,0.427509,-0.022735
-0.022874,0.268172,0.009224
-0.013176,0.230992,0.100156
0.015338,0.545602,0.243095
0.053773,0.958274,0.300695
0.093414,0.901059,0.137384
0.079296,0.261237,-0.048708
-0.009639,-0.528516,-0.002840
-0.058438,-1.161671,0.068053
0.006659,-1.321070,-0.019749
0.018264,-0.955597,-0.094372
-0.018233,-0.502959,-0.115087
-0.030195,-0.127399,-0.109663
-0.024174,0.204146,-0.088234
-0.028486,0.446166,-0.073082
-0.025926,0.496101,-0.052215
-0.030833,0.388043,-0.026249
-0.024914,0.213621,0.019559
-0.011481,0.270160,0.125365
0.032361,0.686202,0.280515
0.063649,1.143841,0.321371
0.114926,1.127371,0.135935
0.109472,0.236430,-0.139913
-0.002039,-0.746470,-0.106134
-0.081294,-1.462306,0.051162
0.003882,-1.646120,-0.054960
0.021757,-1.178335,-0.127333
-0.042716,-0.594384,-0.158598
-0.042290,-0.199539,-0.162626
-0.025440,0.193778,-0.120490
-0.031090,0.528400,-0.083019
-0.026832,0.672035,-0.040956
-0.035731,0.628011,-0.016559
-0.028824,0.412237,0.007288
-0.024049,0.255300,0.133396
0.012253,0.560257,0.272198
0.061065,1.025174,0.347085
0.134575,0.942903,0.115182
0.146250,0.268592,-0.183952
0.001369,-0.514112,-0.063723
-0.071990,-1.322452,0.041719
0.024908,-1.581806,-0.092819
-0.015976,-1.209485,-0.105100
-0.058721,-0.720438,-0.135253
-0.028529,-0.338344,-0.135350
-0.025517,0.073066,-0.097118
-0.028897,0.461085,-0.074994
-0.020622,0.656066,-0.039098
-0.012945,0.626062,-0.029611
-0.019701,0.423028,-0.003392
-0.025761,0.280922,0.135676
-0.004149,0.561223,0.280838
0.046770,0.962138,0.344661
0.119523,0.903900,0.183322
0.144894,0.415404,-0.133432
0.039572,-0.318869,-0.070339
-0.045142,-1.071726,0.039771
0.023636,-1.330211,-0.070188
-0.004365,-1.119887,-0.103195
-0.055074,-0.777168,-0.115409
-0.023963,-0.448369,-0.120293
-0.016020,-0.081635,-0.100592
-0.025072,0.307583,-0.092399
-0.019572,0.546482,-0.078531
-0.019759,0.586872,-0.061036
-0.024763,0.635607,0.087408
0.010448,0.870479,0.199620
0.042885,0.935237,0.252289
0.098694,0.781234,0.161237
0.100344,0.266223,-0.037292
0.029822,-0.429332,0.005464
-0.035240,-1.067460,0.049221
0.014162,-1.265257,-0.046272
-0.019723,-1.049804,-0.064052
-0.047084,-0.708117,-0.084732
-0.037593,-0.385933,-0.067153
-0.031688,-0.000069,-0.039765
-0.028218,0.387035,-0.033734
-0.020858,0.577984,-0.025681
-0.019952,0.561898,-0.014105
-0.022877,0.512017,0.070171
0.001776,0.714587,0.209008
0.054646,0.978103,0.245899
0.080664,0.731028,0.068216
0.072022,0.101690,-0.105793
-0.023545,-0.494443,0.010189
-0.040798,-0.963082,0.053761
0.032511,-1.046745,-0.035416
0.001246,-0.720028,-0.076011
-0.040724,-0.423189,-0.096993
-0.024267,-0.220554,-0.077201
-0.016443,0.030908,-0.047950
-0.016035,0.286720,-0.031424
-0.010571,0.411535,-0.030276
-0.008551,0.357003,-0.015807
-0.015317,0.330508,0.079359
0.016208,0.591024,0.195880
0.047811,0.760766,0.207583
0.085061,0.654178,0.072841
0.062379,0.062114,-0.082878
-0.004052,-0.546375,-0.038241
-0.041401,-0.925612,0.040164
0.023140,-0.981579,-0.044468
0.013025,-0.626068,-0.080590
-0.043783,-0.286674,-0.086234
-0.035161,-0.057348,-0.068342
-0.026413,0.180285,-0.041413
-0.022111,0.371031,-0.020281
-0.017655,0.417781,0.002607
-0.021574,0.386359,0.047510
-0.000280,0.481621,0.129830
0.038698,0.639059,0.202519
0.067897,0.596355,0.083335
0.052492,0.120358,-0.028929
-0.004656,-0.395093,-0.003897
-0.043761,-0.744365,0.049438
-0.005191,-0.811285,0.003098
-0.003680,-0.566698,-0.039332
-0.045220,-0.238187,-0.027777
-0.038714,0.015828,-0.039343
-0.007443,0.228417,-0.069535
0.002932,0.340638,-0.092053
0.001752,0.304392,-0.096636
-0.007964,0.163452,-0.086108
-0.014757,0.103062,-0.019077
-0.002553,0.275010,0.095643
0.025692,0.549912,0.154470
0.051137,0.667814,0.103905
0.054125,0.316767,-0.018019
0.032029,-0.363380,-0.099758
-0.025935,-0.853822,-0.001828
-0.026837,-1.011788,0.007386
0.019258,-0.755361,-0.055083
-0.016900,-0.299646,-0.073354
-0.050358,0.040595,-0.055405
-0.026575,0.255979,-0.043728
-0.008423,0.403062,-0.030516
-0.008935,0.427480,-0.022660
-0.012930,0.318672,-0.025766
-0.015708,0.109605,-0.032987
-0.014690,-0.018926,0.014242
0.000530,0.172119,0.132556
0.034575,0.561161,0.205000
0.055830,0.749713,0.122030
0.066464,0.466967,-0.005606
0.018806,-0.175889,-0.072238
-0.039223,-0.784631,0.004434
-0.024273,-1.091744,-0.004997
0.016332,-0.903528,-0.065123
-0.005199,-0.433886,-0.087603
-0.035990,-0.068984,-0.083349
-0.038461,0.196554,-0.067063
-0.033757,0.378831,-0.048271
-0.021578,0.427730,-0.029587
-0.017817,0.349762,-0.024837
-0.007878,0.153543,-0.041472
-0.002881,-0.012187,-0.010636
0.009532,0.103193,0.090045
0.039818,0.568496,0.208550
0.077296,0.992474,0.195561
0.092072,0.702869,-0.019487
0.060169,-0.018512,-0.143363
-0.054975,-0.782426,-0.004100
-0.033883,-1.257309,0.017042
0.031877,-1.142689,-0.051116
-0.002532,-0.618627,-0.079406
-0.039946,-0.160749,-0.089368
-0.035326,0.162416,-0.068419
-0.028587,0.376758,-0.058907
-0.017492,0.461911,-0.042982
-0.017737,0.418084,-0.040015
-0.009819,0.249621,-0.058537
-0.000014,0.156122,0.011426
0.024775,0.385580,0.129023
0.065373,0.679745,0.198324
0.079890,0.691484,0.075363
0.061807,0.206983,-0.048562
-0.001998,-0.449334,-0.032021
-0.036925,-0.904208,0.020317
0.003762,-1.034132,-0.011799
0.014088,-0.713734,-0.059987
-0.027583,-0.263357,-0.078296
-0.034766,0.041740,-0.067104
-0.027850,0.266749,-0.055398
-0.020472,0.368950,-0.035079
-0.011007,0.349541,-0.019030
-0.009937,0.223654,-0.020177
-0.004940,0.051777,-0.007840
-0.004137,0.070210,0.072780
0.029356,0.356330,0.188489
0.052646,0.721283,0.196792
0.084867,0.796890,0.098834
0.068293,0.293440,-0.055209
0.013145,-0.425724,-0.057272
-0.042093,-1.002414,0.016432
0.001941,-1.166378,-0.023572
0.015210,-0.842688,-0.081381
-0.012932,-0.362462,-0.087855
-0.036727,-0.013715,-0.068708
-0.027678,0.243285,-0.055627
-0.015377,0.421228,-0.026244
-0.014921,0.453040,-0.003487
-0.014030,0.335706,-0.008788
-0.011913,0.121313,-0.018166
-0.015862,0.035118,0.062750
0.018666,0.338329,0.168101
0.040814,0.618833,0.205359
0.070330,0.724526,0.074696
0.046164,0.292219,-0.031806
0.004357,-0.338252,-0.044947
-0.040490,-0.831649,0.014665
-0.008252,-0.971171,-0.013361
0.006167,-0.709269,-0.074058
-0.012107,-0.335479,-0.111436
-0.026123,-0.052768,-0.104675
-0.026841,0.148544,-0.068540
-0.015527,0.290155,-0.043513
-0.002210,0.336966,-0.031241
-0.005179,0.258005,-0.035058
-0.020710,0.144535,0.003611
-0.009123,0.165207,0.075607
0.018459,0.436273,0.199857
0.048394,0.811792,0.228394
0.077530,0.781894,0.117678
0.076003,0.177280,-0.076466
0.004677,-0.548381,-0.073104
-0.051616,-1.037714,0.032043
0.002621,-1.129009,-0.017034
0.024442,-0.766774,-0.092633
-0.031651,-0.305554,-0.125945
-0.039437,-0.020665,-0.113008
-0.022652,0.219216,-0.093679
-0.017423,0.389554,-0.058775
-0.017969,0.451074,-0.019632
-0.014134,0.362349,-0.005334
-0.007148,0.161614,0.004789
-0.004136,0.064951,0.068351
0.014888,0.306980,0.204446
0.058361,0.800639,0.274530
0.088003,0.789306,0.114758
0.097422,0.123163,-0.131054
-0.017251,-0.589190,-0.044534
-0.068683,-1.062539,0.062902
0.029841,-1.118325,-0.028477
0.034889,-0.675108,-0.087400
-0.043441,-0.227975,-0.087850
-0.048276,0.025943,-0.079292
-0.026746,0.245550,-0.057000
-0.022504,0.394679,-0.036218
-0.015142,0.438186,-0.011156
-0.009325,0.320798,-0.011086
-0.004247,0.108349,-0.006357
-0.010101,0.071189,0.079295
0.017515,0.376310,0.212436
0.048221,0.822022,0.263101
0.095690,0.921347,0.150072
0.105724,0.270242,-0.102146
0.027051,-0.503499,-0.083350
-0.061343,-1.077456,0.076312
0.016817,-1.276003,-0.046165
0.017243,-0.895852,-0.101154
-0.064820,-0.428352,-0.111082
-0.051029,-0.146682,-0.102310
-0.032337,0.155939,-0.059915
-0.020354,0.404278,-0.037169
-0.009214,0.502179,-0.008437
-0.011215,0.437993,-0.000193
-0.022847,0.311500,0.051486
-0.014497,0.443804,0.176753
0.029981,0.688991,0.230715
0.057141,0.520348,0.124115
0.060854,0.079631,-0.007891
-0.003826,-0.378171,0.006057
-0.020936,-0.697338,0.033956
0.018396,-0.744807,-0.035865
0.004528,-0.519443,-0.067961
-0.039684,-0.288916,-0.076557
-0.033145,-0.135303,-0.068853
-0.019505,0.050111,-0.044638
-0.012161,0.250601,-0.038430
-0.005651,0.334804,-0.023867
-0.005623,0.274941,-0.014685
-0.006516,0.252921,0.054880
0.012459,0.378162,0.138237
0.037819,0.419892,0.134112
0.048304,0.269054,0.054684
0.033478,-0.098630,0.004341
0.000282,-0.445406,0.006553
-0.015087,-0.625675,0.002749
0.001176,-0.529318,-0.041192
-0.005739,-0.276155,-0.080517
-0.028819,-0.042304,-0.100908
-0.032396,0.108072,-0.086865
-0.014943,0.179401,-0.071182
-0.012379,0.214398,-0.049399
-0.015506,0.174647,-0.014525
-0.015533,0.112427,0.022411
-0.003935,0.133309,0.072947
0.013282,0.214055,0.112203
0.025529,0.328230,0.118411
0.020394,0.294513,0.069937
0.037228,-0.017344,-0.014284
0.007828,-0.406578,-0.046488
-0.020676,-0.556051,-0.034996
-0.009220,-0.511074,-0.049675
0.006043,-0.301635,-0.086300
-0.016089,-0.071046,-0.106562
-0.027368,0.100703,-0.098692
-0.016747,0.202916,-0.070040
-0.005398,0.230387,-0.040853
-0.005610,0.183262,-0.025112
-0.020241,0.087958,0.012600
-0.019298,0.079947,0.069375
0.013484,0.238323,0.142412
0.039124,0.379197,0.147740
0.042840,0.325479,0.064917
0.029623,0.049576,0.023689
0.006845,-0.327049,0.024524
-0.006391,-0.546940,0.027026
-0.003486,-0.484864,-0.003259
0.007128,-0.279488,-0.059285
0.011206,-0.067842,-0.096084
0.000702,0.074115,-0.099152
0.003604,0.156172,-0.090852
0.006265,0.179395,-0.064894
0.001262,0.121550,-0.041794
-0.010386,0.024103,-0.005121
-0.022058,0.000102,0.045201
-0.000890,0.143572,0.110702
0.027797,0.285293,0.139624
0.031428,0.383568,0.123456
0.033380,0.258179,0.074997
0.034678,-0.151966,0.005929
-0.000670,-0.528607,0.005764
-0.028519,-0.682213,0.001179
-0.011027,-0.542288,-0.012635
-0.004357,-0.261372,-0.051745
-0.019816,0.030058,-0.070489
-0.034328,0.242269,-0.054726
-0.022893,0.347657,-0.027024
-0.009585,0.314357,-0.003722
-0.009660,0.186212,0.007989
-0.013437,0.013279,0.015057
-0.016331,-0.074592,0.049791
-0.002904,0.060362,0.104710
0.029694,0.334308,0.140228
0.044707,0.534143,0.109792
0.043606,0.377147,-0.001699
0.026642,-0.088717,-0.043446
-0.015494,-0.523441,0.022984
-0.018176,-0.717548,0.013747
0.005003,-0.644522,-0.038094
-0.003602,-0.351909,-0.062359
-0.021743,-0.103380,-0.053707
-0.016641,0.113160,-0.053752
-0.014943,0.289161,-0.048942
-0.009476,0.353057,-0.035514
-0.005709,0.280410,-0.029631
-0.008539,0.102188,-0.027957
-0.013297,-0.033799,0.021265
-0.003723,0.056211,0.090772
0.024883,0.319301,0.151781
0.036799,0.544524,0.144103
0.043336,0.478010,0.064286
0.036950,0.005065,-0.032920
-0.009732,-0.549851,-0.021863
-0.032394,-0.857254,0.000838
0.000601,-0.792832,-0.039394
0.017854,-0.449873,-0.089881
-0.012253,-0.092267,-0.104968
-0.037180,0.173246,-0.085478
-0.033293,0.324551,-0.060608
-0.022903,0.361544,-0.029036
-0.012328,0.310086,-0.008980
-0.004441,0.166038,-0.013364
-0.004336,0.038835,0.008097
0.006145,0.157538,0.090707
0.040336,0.448247,0.174241
0.054913,0.546006,0.109564
0.050148,0.252532,-0.019059
0.002580,-0.298963,-0.034694
-0.038279,-0.736816,0.025243
-0.015882,-0.865646,-0.001705
0.015877,-0.633713,-0.050916
-0.010367,-0.242000,-0.068744
-0.031315,0.062168,-0.078836
-0.014557,0.285200,-0.082201
-0.005190,0.398235,-0.073720
0.003298,0.356504,-0.068544
-0.001457,0.198562,-0.072989
-0.006126,0.020122,-0.047740
-0.007224,0.066319,0.025743
0.019367,0.318312,0.139019
0.040875,0.530645,0.150279
0.050287,0.476922,0.071651
0.035210,0.026198,0.002319
-0.003683,-0.530870,0.016540
-0.027427,-0.886362,0.044245
-0.005162,-0.854092,0.011426
-0.004425,-0.513481,-0.019696
-0.019852,-0.125999,-0.036616
-0.027327,0.170656,-0.034110
-0.007897,0.354228,-0.038912
0.002474,0.411637,-0.014856
-0.002590,0.336829,-0.005788
-0.011258,0.143749,-0.015955
-0.018907,-0.042045,-0.008851
-0.021918,-0.001224,0.062601
0.018392,0.337299,0.159628
0.038597,0.754322,0.195087
0.066001,0.794903,0.070197
0.065363,0.249960,-0.093933
0.003591,-0.533195,-0.084079
-0.044781,-1.074525,-0.023009
-0.006985,-1.170184,-0.066646
0.000295,-0.771767,-0.124946
-0.033476,-0.292541,-0.136836
-0.049247,0.022073,-0.121153
-0.041236,0.293808,-0.086497
-0.023250,0.449213,-0.047552
-0.011035,0.490472,-0.011754
-0.012094,0.384621,0.006718
-0.009102,0.178536,0.017877
-0.010110,0.068005,0.081313
0.007969,0.270803,0.187136
0.053687,0.668659,0.229645
0.087552,0.727388,0.115347
0.091736,0.279799,-0.087301
0.016279,-0.454295,-0.084286
-0.044832,-0.973412,0.004677
-0.007036,-1.151077,-0.051578
0.016938,-0.831630,-0.109493
-0.038264,-0.356727,-0.120229
-0.046364,-0.013348,-0.095811
-0.026738,0.269026,-0.056798
-0.015483,0.458609,-0.023922
-0.003250,0.503129,0.005471
-0.006249,0.396384,0.006753
-0.008062,0.172313,0.001668
-0.014921,0.032914,0.070235
0.009041,0.276098,0.191469
0.057388,0.749531,0.254980
0.094936,0.805292,0.117038
0.109190,0.252152,-0.110799
0.015643,-0.400156,-0.057987
