-0.002175,0.038447,0.038578
-0.004994,0.009582,0.043645
-0.007866,-0.004202,0.035084
-0.010782,-0.005186,0.028752
-0.008815,-0.007195,0.017145
-0.003927,-0.003934,0.011944
0.003886,-0.006049,0.010946
0.009729,-0.010313,0.010971
0.002932,0.000287,0.017405
-0.001893,0.015214,0.018569
-0.012534,0.039584,0.035668
-0.006533,0.063066,0.034743
0.002485,0.070482,0.040099
0.003686,0.067243,0.043185
0.003891,0.052244,0.049433
0.010892,0.018099,0.049176
0.005358,-0.020242,0.041477
-0.004070,-0.044676,0.030701
-0.007086,-0.043496,0.020127
-0.010338,-0.029529,0.010685
-0.007518,-0.010284,0.006547
-0.005448,0.023849,0.007844
-0.002336,0.059076,0.005912
-0.000091,0.077203,0.007090
-0.000514,0.082526,0.008163
-0.000000,0.069333,-0.058690
-0.014563,0.040586,-0.483582
-0.010416,0.070283,-0.467697
0.018161,0.043836,-0.068228
0.019172,-0.001036,0.041582
0.002341,-0.020973,0.008610
0.010023,-0.012460,0.010765
0.012815,-0.001801,0.011892
0.015740,0.006785,0.006599
0.009517,0.005801,-0.001926
0.006224,0.003749,-0.010468
0.006185,0.008078,-0.016816
0.002537,0.013480,-0.023108
0.003543,0.008107,-0.018891
0.007451,0.000610,-0.015711
0.014257,-0.002549,-0.019955
0.020099,0.002764,-0.017800
0.020143,0.020956,-0.022981
0.015383,0.043392,-0.026045
0.010587,0.047636,-0.023920
0.011640,0.047610,-0.021860
0.014655,0.029450,-0.019841
0.014663,-0.004788,-0.010521
0.011679,-0.048453,-0.018271
0.009586,-0.077208,-0.023772
0.001540,-0.079260,-0.032270
0.000327,-0.058872,-0.043826
-0.000796,-0.027894,-0.047896
-0.001848,0.003089,-0.051946
-0.001821,0.022340,-0.056079
-0.004708,0.025454,-0.047590
-0.001664,0.011562,-0.045533
-0.000594,-0.009796,-0.043529
-0.006432,-0.023752,-0.035120
-0.009418,-0.023688,-0.041479
-0.013393,0.011467,-0.035949
-0.014370,0.061470,-0.020699
-0.013280,0.092300,-0.008807
-0.011105,0.088979,0.002815
-0.011868,0.067578,0.009071
-0.006858,0.025935,0.011974
-0.004842,-0.010382,0.016005
-0.000983,-0.029542,0.011669
0.001856,-0.029436,0.001073
0.000757,-0.014444,-0.004108
-0.004203,0.010180,-0.012458
-0.009088,0.042197,-0.013329
-0.007070,0.064583,-0.011039
-0.001105,0.062417,-0.007875
0.003897,0.047411,-0.000510
0.005942,0.025999,0.006807
0.000117,0.002487,0.010914
-0.004792,-0.001853,0.018346
-0.008704,0.002367,0.022622
-0.012610,0.017304,0.022725
-0.008704,0.024809,0.019585
-0.003795,0.037662,0.014316
-0.003725,0.052648,0.009044
-0.008415,0.055880,0.005868
-0.009237,0.056974,0.002675
-0.006153,0.053658,0.014346
-0.005055,0.040834,0.016404
-0.003981,0.012967,0.028963
-0.001975,-0.012646,0.029904
0.000927,-0.021138,0.025620
-0.003989,-0.014612,0.012917
-0.007865,0.012146,0.004593
-0.007815,0.043180,-0.003689
-0.009632,0.076297,-0.007728
-0.007511,0.083651,0.003987
-0.000474,0.070750,0.013438
0.010417,0.039770,0.016422
0.013433,-0.000849,0.023571
0.014411,-0.032867,0.024436
0.009473,-0.046670,0.018018
0.008384,-0.044491,0.013799
0.007319,-0.023131,0.011815
0.012152,0.008920,0.007745
0.010260,0.032348,0.012104
0.013278,0.037689,0.011063
0.015359,0.025011,-0.001781
0.008612,0.002723,-0.013628
0.006636,-0.029214,-0.021300
0.007481,-0.065419,-0.028966
0.008274,-0.081401,-0.031186
0.004131,-0.080447,-0.019465
0.000987,-0.073096,-0.007756
-0.000158,-0.050742,-0.002305
-0.001203,-0.027301,0.001035
0.000726,-0.015451,-0.010589
0.001725,-0.003588,-0.023267
-0.004127,0.007152,-0.030634
-0.007048,0.013599,-0.034794
-0.008006,0.007220,-0.036959
-0.004130,0.001750,-0.023150
-0.000272,-0.006852,-0.015730
0.007500,-0.008001,-0.007209
0.006494,-0.001643,-0.002916
0.001618,0.003657,0.000258
-0.006156,0.009052,-0.006095
-0.012951,0.018704,-0.011385
-0.012933,0.019843,-0.018866
-0.009968,0.028355,-0.016718
-0.010890,0.038877,-0.001756
-0.008860,0.033491,0.003550
-0.002930,0.018568,0.002392
-0.000936,-0.002736,-0.000894
-0.003885,-0.017666,-0.002035
-0.006862,-0.014509,0.002216
-0.008839,0.000410,0.004433
-0.005881,0.019528,0.013026
0.000038,0.030173,0.015229
0.004035,0.025894,0.016253
0.004123,0.027043,0.008889
0.005169,0.027099,0.003619
0.004252,0.016520,-0.004908
0.001356,0.004849,-0.011321
0.001328,-0.000486,-0.011339
0.001317,0.004788,-0.004899
0.000321,0.011093,0.004650
-0.000624,0.020553,0.018458
0.003319,0.029084,0.018470
0.007300,0.024812,0.018384
0.008356,0.020640,0.008798
0.010346,0.011216,-0.009337
0.009400,0.010193,-0.013562
0.007434,0.002724,-0.013614
0.003533,0.000613,-0.015720
-0.000387,-0.001605,-0.007236
-0.000387,-0.002718,-0.003022
-0.004313,0.001504,0.001211
-0.001376,0.010009,0.004447
0.002560,0.019620,0.003415
0.001650,0.032489,-0.002854
0.005631,0.041164,-0.016579
-0.000117,0.040168,-0.024021
-0.002982,0.039049,-0.018705
-0.001958,0.025085,-0.009229
0.000033,0.004634,0.008701
0.001983,-0.009307,0.016047
0.003931,-0.012526,0.018182
0.004886,-0.003887,0.007620
0.001004,0.015425,-0.002864
-0.001861,0.031513,-0.011268
-0.001795,0.044422,-0.021800
-0.004646,0.042296,-0.022922
-0.006538,0.033695,-0.016637
-0.004554,0.020830,-0.010349
-0.000613,0.003703,-0.005186
0.002296,-0.013455,0.003180
0.003215,-0.013452,0.003215
0.005133,-0.000522,-0.009426
-0.000714,0.018766,-0.017815
-0.002633,0.033724,-0.019848
-0.001600,0.034770,-0.017717
-0.005463,0.026235,-0.017763
-0.006413,0.010137,-0.008285
-0.006390,0.001467,0.005481
-0.001512,-0.002849,0.010818
0.001422,-0.002878,0.014043
0.000482,0.003529,0.014154
-0.001446,0.016427,0.004675
-0.000421,0.022922,-0.004866
-0.004288,0.029350,-0.008055
-0.005224,0.022966,-0.010274
-0.002268,0.011119,0.000220
-0.002257,0.002518,0.006518
0.000669,-0.004962,0.007521
-0.000337,-0.011340,0.005384
-0.002304,-0.013439,0.002196
-0.004260,-0.000571,-0.004072
-0.003301,0.014369,-0.003949
-0.001297,0.032465,0.000419
-0.000235,0.046380,-0.003718
0.002782,0.049571,-0.002636
0.002894,0.041004,0.000507
0.001040,0.043183,-0.003698
0.006987,0.038925,-0.004775
0.000230,0.021844,-0.003814
-0.000711,0.012222,-0.001756
0.003177,0.017537,0.000412
0.002227,0.031426,-0.001629
0.002270,0.041007,0.000549
0.002365,0.046381,-0.003662
0.002462,0.049667,-0.012135
0.000582,0.041120,-0.011128
-0.000324,0.028370,-0.016517
0.000687,0.012306,-0.010265
0.000681,0.001563,-0.002897
0.001655,-0.004829,-0.003978
0.001632,0.000515,-0.005013
-0.004228,0.017598,-0.005974
-0.001276,0.039965,-0.001541
0.000758,0.047496,-0.007884
0.003776,0.045349,-0.006862
0.006790,0.027190,-0.004850
0.006827,0.002683,-0.008192
0.004860,-0.020784,-0.009430
0.001900,-0.029382,-0.003110
0.001811,-0.025205,0.006510
0.001768,-0.019892,0.008651
0.001726,-0.014570,0.009716
0.008528,-0.002868,0.012946
0.007600,0.018490,0.010942
0.006707,0.043147,-0.000570
0.009746,0.051714,-0.003671
0.005971,0.044351,-0.014346
0.006997,0.020957,-0.021939
0.004062,0.000695,-0.023135
0.001093,-0.008920,-0.022122
-0.001864,-0.005825,-0.011484
0.000033,-0.000524,-0.008296
0.002932,0.012271,-0.007131
0.003939,0.026320,-0.025095
-0.001865,0.034917,-0.031435
-0.004760,0.034894,-0.029333
-0.006687,0.029485,-0.021939
-0.008600,0.011301,-0.017832
-0.008603,-0.011243,-0.004179
-0.007660,-0.027326,0.004222
-0.004788,-0.033756,0.007405
-0.006814,-0.027325,0.004272
-0.001004,-0.009111,-0.003024
-0.000993,0.013390,-0.012440
-0.008755,0.034761,-0.015485
-0.011599,0.046435,-0.009073
-0.008609,0.032542,-0.007059
-0.004659,0.002575,0.001183
-0.000775,-0.022017,0.006343
0.000140,-0.046579,0.008335
-0.001916,-0.061504,0.007192
-0.001064,-0.052895,0.000947
-0.002137,-0.041094,-0.005337
-0.002213,-0.014389,-0.008328
-0.006115,0.004807,-0.007127
-0.003175,0.015345,0.005672
-0.005078,0.016283,0.018399
-0.001101,0.002361,0.023617
0.000875,-0.018989,0.024527
0.000867,-0.030639,0.015956
-0.001117,-0.014623,0.015021
-0.003089,0.008911,0.008813
-0.003053,0.033440,0.010040
-0.001003,0.043088,0.005816
0.003965,0.043043,0.010032
0.008938,0.030257,0.007827
0.015831,0.005772,0.002384
0.013882,-0.015502,-0.004156
0.012872,-0.022958,-0.005248
0.005988,-0.022906,-0.010531
0.002008,-0.013254,-0.015828
0.000003,0.007079,-0.022072
-0.001944,0.023007,-0.014568
-0.001885,0.034703,-0.010264
-0.000840,0.036805,-0.007069
-0.001757,0.022967,-0.010346
-0.001721,0.004858,-0.013680
-0.001738,-0.010048,-0.016966
-0.003740,-0.018574,-0.018088
-0.006719,-0.015459,-0.009564
-0.003865,-0.008063,-0.002065
0.002952,0.004755,-0.003050
0.002970,0.011136,-0.000879
0.002994,0.010090,-0.002989
0.000096,0.005876,-0.008311
-0.003798,-0.000484,-0.012575
-0.004813,-0.009018,-0.012608
-0.003871,-0.017625,-0.005200
-0.000981,-0.019851,0.004385
0.003875,-0.020032,0.022430
-0.000033,-0.016934,0.033109
-0.000036,-0.001949,0.027852
-0.001912,0.017372,0.016280
0.000092,0.030280,0.005733
-0.002760,0.033596,-0.005938
-0.008536,0.028338,-0.013405
-0.007536,0.006958,-0.009292
-0.003627,-0.011265,-0.000915
0.003157,-0.029532,0.011680
0.006995,-0.038151,0.020106
0.005966,-0.026427,0.021221
0.007856,-0.013565,0.014899
0.003965,-0.001713,0.003282
0.001054,0.001593,-0.007293
0.000079,-0.005781,-0.016914
0.002013,-0.014292,-0.019091
0.002920,-0.020682,-0.020180
0.006757,-0.015410,-0.013768
0.008655,0.005880,-0.008262
0.008668,0.018691,-0.008110
0.007766,0.037883,-0.006957
0.004898,0.030440,-0.010211
-0.003821,0.010217,-0.015714
-0.004818,-0.009001,-0.014807
-0.001970,-0.027171,-0.011741
0.000861,-0.036804,-0.008586
-0.000199,-0.040035,-0.005396
0.001639,-0.031507,-0.004254
-0.001335,-0.018693,-0.005224
-0.011084,-0.001577,-0.009368
-0.014008,0.012322,-0.012492
-0.010108,0.015519,-0.012484
-0.011052,0.011205,-0.008318
-0.007156,0.002658,-0.007325
-0.006194,-0.008057,-0.003188
-0.006224,-0.020953,0.006304
-0.001396,-0.025177,0.002057
-0.000460,-0.029402,-0.002231
-0.003465,-0.024014,-0.007497
0.001333,-0.015448,-0.010618
0.000323,-0.006879,-0.013727
0.001283,-0.010141,-0.007390
0.000276,-0.019754,-0.006392
0.001195,-0.021947,0.000018
-0.000779,-0.025126,-0.002118
-0.001778,-0.015549,0.001197
-0.003774,-0.005903,-0.002971
-0.002815,0.012200,0.000323
-0.003758,0.036741,0.000496
0.002186,0.044188,0.002670
0.006186,0.039876,0.006870
0.005297,0.024958,0.004624
0.000462,0.002584,0.001294
-0.000511,-0.012336,-0.000951
0.000406,-0.021968,0.002204
0.000342,-0.020858,-0.002045
0.002236,-0.010166,-0.004081
0.003198,0.004732,0.000265
0.004192,0.012179,0.002431
0.006191,0.016477,-0.000742
0.003312,0.006949,-0.008232
-0.000588,-0.005839,-0.010465
-0.005496,-0.016488,-0.012673
-0.004593,-0.021833,-0.011673
0.000214,-0.019721,-0.009547
0.004037,-0.016510,-0.010586
0.000131,0.001595,-0.007293
-0.004755,0.009043,-0.005106
-0.003784,0.017591,-0.006092
-0.006669,0.016537,-0.007149
-0.006642,0.010062,0.000249
-0.002731,-0.001728,0.005501
0.001175,-0.014592,0.011817
0.004067,-0.025273,0.012820
0.003066,-0.017769,0.009723
0.000136,0.004658,0.007741
-0.000804,0.031451,-0.003738
-0.000724,0.057097,-0.007841
-0.001550,0.074198,-0.010937
-0.001427,0.072019,-0.006740
0.002591,0.050698,-0.009041
0.003641,0.019739,-0.007136
0.005597,-0.010186,-0.001981
0.007508,-0.031579,0.003201
0.010340,-0.042279,0.006332
0.009288,-0.029482,0.007511
0.010236,-0.002752,0.002419
0.007330,0.026076,0.000508
0.005443,0.043219,-0.006840
0.006493,0.051786,-0.009997
0.007575,0.044292,-0.007982
0.013478,0.017556,-0.001823
0.018372,-0.014442,-0.003101
0.017333,-0.038977,-0.004326
0.017216,-0.047457,-0.009664
0.010293,-0.046357,-0.012817
0.004349,-0.030321,-0.015895
0.002321,-0.011053,-0.022156
0.001321,0.016665,-0.019867
-0.001591,0.032559,-0.009186
-0.000545,0.040025,-0.009170
0.002449,0.025044,-0.005064
-0.000435,-0.001601,-0.008473
0.002440,-0.023946,-0.014985
-0.001542,-0.040978,-0.019385
0.001264,-0.035578,-0.025719
-0.003716,-0.022761,-0.026654
-0.006727,-0.004608,-0.027593
-0.004838,0.007151,-0.029626
-0.006785,0.015632,-0.024253
-0.008729,0.013464,-0.021102
-0.008710,0.005970,-0.017937
-0.006757,-0.005863,-0.008463
-0.009682,-0.012295,-0.005258
-0.007793,-0.011195,-0.008425
-0.008797,-0.004829,-0.005206
-0.008822,0.010096,-0.004063
-0.004919,0.019648,0.001290
-0.002920,0.021770,0.002349
0.002011,0.016399,0.005501
0.005939,0.012163,0.002281
0.006948,0.004772,-0.005185
-0.000841,-0.000483,-0.012575
-0.000885,-0.004654,-0.022134
-0.001913,-0.007801,-0.027460
-0.000028,-0.004683,-0.018938
-0.002004,0.002691,-0.009330
0.002868,0.009006,-0.000786
0.005818,0.011095,0.003442
0.008747,-0.001720,0.004412
0.009730,-0.015590,0.004326
0.007747,-0.026185,-0.003181
-0.001077,-0.025034,-0.011673
0.000787,-0.012196,-0.014737
0.003674,-0.000436,-0.016743
0.005608,0.008103,-0.016662
0.008537,0.018793,-0.018718
0.007567,0.022010,-0.020860
0.004661,0.018806,-0.020916
0.003681,0.008125,-0.019962
-0.001189,0.000663,-0.021116
-0.006113,-0.010017,-0.020127
-0.005214,-0.020725,-0.015943
-0.006250,-0.015433,-0.011645
-0.006307,-0.016499,-0.011641
-0.002481,-0.014343,-0.013737
0.004301,-0.000430,-0.017887
0.004290,0.015659,-0.026292
0.001387,0.026339,-0.027287
-0.008330,0.026315,-0.025207
-0.010281,0.022068,-0.027352
-0.007344,0.011291,-0.016814
-0.006358,-0.002666,-0.008433
0.001398,-0.016601,-0.002160
0.003278,-0.018733,-0.002144
-0.002587,-0.009098,-0.005279
-0.007486,0.009105,-0.011514
-0.009425,0.024094,-0.016722
-0.008417,0.029450,-0.018812
-0.006410,0.027294,-0.016722
-0.006387,0.010179,-0.012600
-0.007361,-0.003850,0.003221
-0.002508,-0.012426,0.007425
-0.001546,-0.013515,0.009559
0.001366,-0.009173,0.002163
-0.005477,0.000591,-0.013697
-0.008407,0.006999,-0.014771
-0.006469,0.011240,-0.012631
-0.005505,-0.001618,-0.007438
-0.002582,-0.015603,0.004131
-0.001641,-0.018931,0.016849
-0.000669,-0.016830,0.020080
-0.002624,-0.007291,0.026523
-0.005521,0.005571,0.021336
-0.006458,0.020606,0.011903
-0.002479,0.034556,0.004611
-0.001404,0.048410,0.006888
0.002605,0.042019,0.005778
0.006608,0.033377,0.016334
0.006691,0.010929,0.020446
0.005757,-0.007179,0.017132
0.005748,-0.016716,0.010702
-0.000136,-0.009204,0.006509
-0.004065,0.001465,0.006582
-0.003077,0.008943,0.005559
0.000873,0.014289,0.004552
-0.000069,0.018559,0.004617
-0.000999,0.018481,0.012038
0.001984,0.019571,0.009939
0.000111,0.017475,0.006749
-0.001815,0.017454,0.008871
0.000151,0.017448,0.008859
0.001193,0.018503,0.009909
0.001252,0.012092,0.010934
0.003219,0.005735,0.006669
0.003238,-0.004847,-0.001871
-0.001626,-0.014449,-0.001928
-0.006532,-0.011357,0.008690
-0.003644,0.004641,0.009912
0.000283,0.020665,0.007888
0.001314,0.032347,0.013247
0.005307,0.034480,0.013238
0.006380,0.025955,0.012123
0.007423,0.006757,0.010930
0.002568,-0.007005,0.000240
0.002530,-0.017663,-0.000915
-0.000421,-0.012296,-0.004066
0.000516,-0.008082,0.001256
-0.000462,0.001467,0.006624
0.002504,0.020628,0.011009
0.006442,0.030284,0.005760
0.001665,0.031361,0.004716
0.000752,0.026098,-0.002779
-0.001132,0.017619,-0.008131
-0.002095,0.012314,-0.011368
-0.004082,0.000528,-0.006153
0.002739,-0.009170,0.003340
0.004671,-0.018850,0.010712
0.005623,-0.014570,0.009709
-0.000213,0.001525,0.001360
-0.005070,0.027174,-0.002716
-0.008925,0.047529,-0.011082
-0.007859,0.055018,-0.013166
-0.005812,0.054975,-0.008957
-0.000830,0.048466,0.001611
0.002195,0.038807,0.006847
0.000308,0.017478,0.005641
-0.000623,-0.001705,0.003393
-0.001612,-0.011233,-0.004105
-0.002611,0.000525,-0.006116
-0.003586,0.015460,-0.006041
-0.002585,0.032495,-0.001670
0.000406,0.044218,-0.000562
0.000490,0.039927,0.001502
-0.001374,0.029213,0.005645
0.000621,0.015303,0.009830
0.002604,-0.001746,0.007608
0.008472,-0.017732,0.005403
0.005513,-0.030535,0.005326
0.003522,-0.021012,0.013932
0.003504,-0.000748,0.015163
0.000621,0.028065,0.014229
0.000674,0.037741,0.006851
0.002704,0.032448,0.002525
0.003765,0.021807,-0.000765
0.003786,0.001567,-0.004090
0.002808,-0.013360,-0.005247
0.001799,-0.028299,-0.005350
0.000757,-0.026152,-0.006371
0.001668,-0.010132,-0.007300
-0.002259,0.014442,-0.010290
-0.000268,0.036770,-0.002721
-0.000188,0.043151,-0.000550
-0.000096,0.034656,-0.004883
-0.002951,0.018673,-0.007103
-0.006822,0.006871,-0.000811
-0.006853,-0.007045,0.003305
-0.003949,-0.011320,0.004377
0.000890,-0.011405,0.012872
0.005756,-0.006098,0.016115
0.011623,0.004583,0.015147
0.010695,0.009949,0.011969
0.006853,0.013268,0.000333
-0.000904,0.014447,-0.011363
-0.005773,0.013389,-0.012461
-0.009683,0.009044,-0.005078
-0.004794,0.000443,0.001221
-0.002836,-0.006074,0.012863
0.001055,-0.011427,0.014980
0.005920,-0.009290,0.015012
0.003980,0.003589,0.007683
0.004032,0.023947,-0.000627
-0.000765,0.036815,-0.006902
-0.005572,0.037916,-0.010105
-0.006498,0.028301,-0.009128
-0.005480,0.018601,0.000351
-0.000587,0.007921,0.001333
0.003321,-0.007056,0.004387
-0.002541,-0.014539,0.005356
-0.003520,-0.005949,0.000090
-0.006460,-0.001651,-0.003091
-0.007450,0.001508,0.001167
-0.003552,0.001465,0.005411
-0.001598,-0.001820,0.013877
0.004261,-0.014686,0.020173
0.008156,-0.029646,0.022207
0.007162,-0.031849,0.029684
0.008126,-0.026405,0.019142
0.011997,-0.015587,0.004353
0.009074,0.005839,-0.003990
0.007142,0.027284,-0.014469
0.006225,0.042292,-0.021835
0.000446,0.040132,-0.019787
-0.003427,0.030433,-0.010336
-0.001448,0.006905,-0.005216
-0.002433,-0.013453,0.003137
0.001409,-0.027353,0.006254
0.003315,-0.031661,0.010510
0.003263,-0.019909,0.009593
0.001304,-0.008063,-0.000944
-0.000645,0.001635,-0.010430
-0.003561,0.011263,-0.013575
-0.004527,0.017706,-0.017784
-0.006478,0.013382,-0.012530
-0.004518,0.005840,-0.005140
-0.004503,-0.004889,0.001151
-0.005489,-0.011374,0.009618
-0.005495,-0.015626,0.007482
-0.005510,-0.008103,0.002242
-0.004554,0.003711,-0.005090
-0.002601,0.015437,-0.003940
-0.004514,0.021898,-0.009212
-0.003518,0.025067,-0.006008
-0.002516,0.023923,0.001432
-0.004416,0.012125,0.007751
-0.002435,-0.000740,0.014060
0.000502,-0.013575,0.017159
0.003413,-0.017882,0.021414
0.007310,-0.016806,0.020334
0.007292,-0.009263,0.012966
0.005349,0.003560,0.010915
0.007310,0.013259,0.001421
0.006392,0.020824,-0.008076
-0.002339,0.020842,-0.010226
-0.004267,0.017610,-0.007050
-0.002301,0.007978,-0.003938
-0.003277,0.003554,0.012002
-0.003249,0.005649,0.016300
0.000680,0.007741,0.020569
0.000726,0.010932,0.021665
0.005658,0.013117,0.016344
0.005734,0.014269,0.007866
-0.000053,0.016422,0.005735
-0.001971,0.016475,0.000408
-0.005855,0.013324,-0.004959
-0.008750,0.013270,0.000325
-0.007768,0.004649,0.008752
-0.004808,-0.005043,0.017179
-0.002873,-0.012630,0.028791
-0.000921,-0.015875,0.033001
0.002983,-0.014723,0.024515
0.004940,-0.001851,0.018224
0.010796,0.004656,0.007636
0.006959,0.008983,0.001302
0.003090,0.006859,0.000222
0.000176,0.005829,-0.002965
0.004094,0.010100,-0.002900
0.003134,0.010120,-0.005000
-0.001686,0.014420,-0.008146
-0.006551,0.026124,-0.004888
-0.008468,0.034669,-0.005916
-0.005492,0.035724,-0.004888
-0.004422,0.035689,-0.001747
-0.001446,0.028197,0.000317
0.000550,0.014305,0.002346
-0.001355,0.000466,-0.000930
-0.000403,-0.011281,0.000063
-0.001402,-0.024070,-0.001069
-0.002426,-0.021947,-0.000004
-0.002484,-0.008098,0.002226
0.000457,0.011055,0.007671
0.006345,0.019591,0.007711
0.006420,0.029182,0.008821
0.002602,0.033477,0.005649
0.001689,0.024950,0.004506
-0.001181,0.014329,-0.000877
-0.000208,0.002602,-0.002019
0.000740,0.001510,0.001159
0.002689,-0.002800,0.005387
0.004631,-0.009227,0.008589
0.014364,-0.002815,0.007564
0.011450,0.012181,0.001309
0.008562,0.030340,-0.000689
0.004754,0.029329,-0.006004
0.002854,0.024079,-0.014539
-0.000081,0.011283,-0.015718
-0.000097,-0.001488,-0.018979
0.003760,-0.026098,-0.011734
0.002732,-0.037908,-0.004381
-0.001239,-0.027374,0.009576
-0.002261,-0.010248,0.004413
0.002592,0.003657,0.001330
0.001639,0.020748,-0.000692
-0.003178,0.032492,-0.001655
0.000785,0.032522,-0.004859
0.000853,0.023986,-0.004934
0.000899,0.012240,-0.003941
0.000887,-0.003760,-0.004048
0.005746,-0.014452,-0.002005
0.004730,-0.019779,-0.003112
0.003720,-0.006935,-0.007306
0.005638,0.001631,-0.010456
0.006597,0.014464,-0.013583
0.009548,0.014527,-0.019970
0.006647,0.009157,-0.016861
-0.000175,0.002723,-0.013692
-0.003128,0.001617,-0.009415
-0.004129,-0.006845,-0.016910
-0.004191,-0.013226,-0.019102
-0.007183,-0.013334,-0.008471
-0.005254,-0.005929,-0.002053
-0.001380,0.003610,0.004390
0.000595,0.008957,0.003382
0.001596,0.005787,0.000150
0.005513,0.001581,-0.006267
0.000645,-0.004724,-0.015879
-0.002329,-0.015331,-0.022332
-0.004342,-0.016409,-0.021273
-0.003450,-0.021787,-0.017069
-0.002535,-0.021817,-0.013872
-0.002586,-0.015477,-0.007429
-0.001630,-0.003867,0.005377
-0.005513,0.013154,0.010831
-0.006423,0.013266,-0.000880
-0.006414,0.015452,-0.006181
-0.007377,0.012286,-0.009372
-0.009314,0.000520,-0.006243
-0.005427,-0.015572,0.002120
-0.001586,-0.026324,0.010570
0.001292,-0.033885,0.020102
0.003198,-0.033936,0.025427
0.008060,-0.024293,0.021261
0.012928,-0.015629,0.008590
0.008050,-0.000576,-0.003034
0.002203,0.013367,-0.010396
0.000275,0.022987,-0.012453
0.004195,0.011265,-0.014740
0.004181,-0.003713,-0.010607
0.002180,-0.015490,-0.006410
0.002137,-0.025119,-0.003249
0.006952,-0.030378,-0.010688
0.001039,-0.022909,-0.010629
-0.005860,-0.004755,-0.011504
-0.013661,0.017696,-0.015574
-0.013624,0.026208,-0.013419
-0.008716,0.025075,-0.007068
-0.003796,0.013199,0.006629
-0.000847,-0.007115,0.010723
0.001105,-0.026289,0.007407
0.002038,-0.030522,0.004228
-0.004852,-0.028346,0.000003
-0.007827,-0.013347,-0.006266
-0.011731,0.009068,-0.007201
-0.006826,0.033536,0.000413
-0.002876,0.037748,0.005714
0.002079,0.022755,0.010909
0.007984,0.000295,0.016053
0.008958,-0.024201,0.011664
0.007949,-0.034795,0.004185
0.004950,-0.033629,-0.005306
0.006812,-0.020780,-0.009438
0.006790,-0.001519,-0.014611
0.005815,0.017642,-0.010261
0.000952,0.033613,-0.006980
-0.001905,0.034720,-0.011249
-0.000867,0.025104,-0.010307
0.002086,0.004744,-0.001989
0.005000,-0.014471,-0.001040
0.005936,-0.030434,-0.005403
0.006830,-0.032597,-0.002197
0.008684,-0.027216,-0.006360
0.004742,-0.011136,-0.013661
-0.001134,0.003832,-0.016769
-0.000176,0.018777,-0.017748
-0.002095,0.027290,-0.015586
-0.004004,0.024066,-0.013513
-0.002019,0.009128,-0.013629
0.001840,-0.007965,-0.011615
0.002784,-0.024000,-0.008530
-0.001191,-0.030349,-0.013870
-0.003222,-0.024971,-0.018067
-0.010100,-0.008996,-0.014737
-0.009185,0.014487,-0.015649
-0.008186,0.029415,-0.014507
-0.002304,0.030471,-0.013450
-0.000304,0.015491,-0.009338
0.001664,-0.001696,0.002240
0.002638,-0.012419,0.007515
0.000654,-0.027323,0.004250
0.001555,-0.037925,-0.002176
-0.002406,-0.028340,0.000058
-0.002461,-0.013414,0.001243
0.001426,0.006881,-0.000722
0.004383,0.022926,-0.004882
0.004434,0.027256,-0.011238
0.000592,0.025172,-0.016603
-0.002322,0.020955,-0.021966
0.002540,0.004936,-0.021059
0.005430,-0.014291,-0.019070
0.007320,-0.026091,-0.012772
0.006283,-0.033664,-0.002192
0.004268,-0.032668,0.005285
-0.002606,-0.031579,0.003179
-0.004619,-0.016601,-0.000997
-0.003711,0.001592,-0.006164
0.001169,0.018686,-0.008158
0.009015,0.024012,-0.007043
0.010044,0.013320,-0.005015
0.012959,-0.005853,-0.008317
0.010015,-0.026095,-0.011642
0.009937,-0.038887,-0.012780
0.005955,-0.040924,-0.022341
0.003900,-0.021666,-0.027520
0.002825,0.000742,-0.027345
-0.001092,0.018909,-0.030439
-0.008866,0.029479,-0.020851
-0.009825,0.033726,-0.018692
-0.005890,0.028317,-0.011326
-0.005888,0.006946,-0.008281
-0.004903,-0.015388,-0.015890
-0.007883,-0.020690,-0.019092
-0.014800,-0.012117,-0.022202
-0.018767,-0.002545,-0.018942
-0.017809,0.009199,-0.019905
-0.015848,0.013350,-0.008204
-0.014852,0.008973,0.002355
-0.014817,-0.002883,0.013924
-0.013834,-0.021116,0.023363
-0.010914,-0.027538,0.025463
-0.008988,-0.023206,0.019121
-0.005122,-0.011426,0.014958
-0.006067,0.008829,0.017257
-0.001132,0.029079,0.019508
0.002851,0.046110,0.023887
0.006872,0.038694,0.018531
0.007951,0.024872,0.013112
0.008992,0.009999,0.006651
0.006096,0.002586,0.001315
0.006101,-0.001732,0.006631
0.008048,-0.008136,0.006582
0.008050,-0.009340,0.020387
0.011932,-0.008229,0.016145
0.010979,-0.003963,0.016147
0.005141,-0.004989,0.011887
0.002227,-0.003806,0.000205
0.002230,-0.005906,-0.003012
0.001233,-0.006908,-0.009374
0.005087,-0.018641,-0.009457
0.004070,-0.023976,-0.009496
0.006943,-0.024046,-0.003107
0.004935,-0.026149,-0.006308
0.001011,-0.018705,-0.004162
-0.003900,-0.003759,-0.005148
-0.008795,0.017634,-0.010358
-0.007804,0.026198,-0.013536
-0.008734,0.022962,-0.010415
-0.005798,0.007970,-0.005227
-0.003866,-0.012301,-0.005356
-0.002944,-0.037920,-0.004477
-0.001090,-0.044310,-0.005509
-0.002155,-0.038963,-0.006517
-0.006129,-0.021874,-0.007423
-0.007136,0.002702,-0.010385
-0.008122,0.016560,-0.009236
-0.008090,0.020732,0.000343
-0.006104,0.010052,0.001332
-0.005086,0.002462,0.012903
-0.007015,-0.009274,0.012806
-0.004088,-0.018908,0.015926
-0.004101,-0.021093,0.021247
-0.003144,-0.014690,0.021303
0.000766,-0.002846,0.010796
-0.002149,0.006810,0.005554
0.000798,0.018545,0.005636
0.001831,0.017509,0.002437
0.002870,0.008971,0.002341
0.000921,0.002524,0.006509
0.000916,-0.005002,0.012843
-0.000059,-0.016773,0.015916
-0.000091,-0.023206,0.019071
-0.000105,-0.017857,0.018091
0.002825,-0.010376,0.017131
0.004801,-0.006083,0.015088
0.006772,0.000361,0.010886
0.009733,0.014262,0.007783
0.006849,0.023950,-0.000678
0.005915,0.024010,-0.007093
0.003046,0.018624,-0.002942
0.001104,0.014356,-0.002979
0.003073,0.004713,0.001193
0.005038,-0.010267,0.005342
0.004051,-0.023104,0.008463
0.004006,-0.016699,0.008546
0.006897,-0.000640,0.003339
0.003986,0.016443,0.002413
0.003048,0.025061,-0.006048
0.003106,0.027226,-0.009227
0.007047,0.021879,-0.008205
0.008041,0.004785,-0.006204
0.009004,-0.014460,-0.002123
0.008956,-0.031545,-0.001211
0.006916,-0.036896,-0.000202
0.003912,-0.033644,-0.005514
0.005788,-0.019707,-0.011759
0.007679,-0.012247,-0.010633
0.010576,-0.009056,-0.009530
0.014440,-0.006941,-0.007354
0.014425,-0.013286,-0.012695
0.011474,-0.012131,-0.021139
0.006526,-0.018453,-0.029689
0.003550,-0.003589,-0.022145
-0.000396,0.016697,-0.023050
0.000565,0.020972,-0.024122
0.000590,0.018765,-0.016729
0.002553,0.012255,-0.006175
0.008410,-0.008052,-0.003154
0.012264,-0.032530,-0.009700
0.009248,-0.050595,-0.017272
-0.001602,-0.041972,-0.025678
-0.002720,-0.027017,-0.026589
-0.001835,-0.017338,-0.033925
-0.001888,-0.005652,-0.028532
-0.004855,0.004984,-0.025298
-0.007781,0.013463,-0.019952
-0.008756,0.016671,-0.021041
-0.008761,0.005996,-0.021168
-0.007824,-0.003620,-0.020205
-0.005937,-0.014247,-0.024528
-0.004061,-0.023849,-0.024585
-0.004165,-0.033516,-0.018274
-0.005223,-0.031453,-0.010780
-0.003354,-0.020758,-0.012795
-0.004381,0.001663,-0.013661
-0.005367,0.023022,-0.015630
-0.006286,0.036862,-0.012340
-0.005255,0.039007,-0.013375
-0.006169,0.030484,-0.014469
-0.004181,0.010190,-0.012518
-0.004200,-0.011170,-0.010534
-0.001361,-0.033612,-0.007504
-0.004334,-0.030451,-0.003205
-0.003416,-0.019804,-0.000995
-0.008328,0.001599,-0.007210
-0.014170,0.023965,-0.002812
-0.014103,0.046361,-0.001590
-0.008160,0.050564,0.004778
-0.003160,0.041987,0.008983
-0.003052,0.023863,0.007811
0.003804,-0.003889,0.008678
0.004763,-0.024108,0.003223
0.003747,-0.029381,-0.003197
0.003657,-0.019738,-0.007398
0.005564,0.000511,-0.005168
0.005565,0.018605,-0.000807
0.004659,0.035644,0.002484
0.006676,0.033489,0.004587
0.005776,0.018552,0.004484
0.001914,-0.005882,-0.006292
-0.000070,-0.026091,-0.012800
-0.005016,-0.029240,-0.018133
-0.002205,-0.010055,-0.015871
-0.003220,0.010207,-0.014653
-0.002237,0.025092,-0.009238
-0.001199,0.030395,-0.006023
-0.004063,0.020714,0.001321
-0.006940,0.002535,0.005427
-0.007901,-0.011316,0.003197
-0.007927,-0.024159,0.007392
-0.004090,-0.027337,0.005262
-0.001204,-0.026333,0.011659
0.000706,-0.019939,0.012796
0.008490,-0.010279,0.007567
0.004612,-0.000604,0.000176
-0.002186,0.014417,-0.008237
-0.006050,0.024028,-0.009263
-0.007006,0.025068,-0.007158
-0.004052,0.019676,-0.001941
-0.001095,0.002517,0.006391
0.000835,-0.011407,0.011602
0.004723,-0.022013,0.005178
0.000792,-0.033675,-0.002331
-0.003181,-0.034750,-0.001273
-0.002297,-0.022945,-0.007509
-0.001373,-0.008061,-0.002073
-0.000412,0.003582,0.007593
0.000596,0.009922,0.014029
0.000636,0.005719,0.007646
-0.004193,0.001411,0.011873
-0.004163,-0.010326,0.011791
-0.003201,-0.020878,0.000027
-0.002272,-0.024057,-0.002110
-0.002332,-0.018784,0.004309
-0.002364,-0.008197,0.012898
0.001560,0.005661,0.014067
0.001635,0.009854,0.021517
-0.002201,0.010903,0.023662
-0.000218,0.005651,0.015113
-0.000168,0.000399,0.006558
-0.001155,-0.000615,0.001230
-0.001165,0.003639,0.002308
0.001762,0.006881,-0.001929
0.001785,0.003670,-0.000875
0.003760,-0.000628,0.002299
0.001797,-0.011318,0.004348
0.001775,-0.016641,0.003261
-0.002142,-0.016687,0.007506
-0.008010,-0.006050,0.010754
-0.004133,0.003534,0.012924
-0.002125,0.012057,0.014012
0.000846,0.016289,0.017226
0.001875,0.007787,0.014003
0.006787,-0.012422,0.007452
0.006777,-0.020936,0.005290
0.010608,-0.027254,-0.003246
0.006649,-0.019741,-0.007425
0.002698,-0.007973,-0.010548
-0.001226,0.006944,-0.008316
-0.000235,0.011148,-0.001884
0.002742,0.006826,0.003384
-0.001135,0.002515,0.007590
0.000824,0.003545,0.011906
0.001810,-0.003829,0.002306
0.000847,-0.009070,-0.007310
-0.001143,-0.010128,-0.008416
-0.003116,0.000498,-0.004113
-0.002163,0.010054,0.000145
0.003715,0.011034,0.008615
0.007645,-0.006082,0.012696
0.009583,-0.020039,0.021076
0.009552,-0.023153,0.012602
0.007574,-0.024059,-0.003309
0.003645,-0.016472,-0.014893
0.000653,-0.005758,-0.019044
0.003538,0.007058,-0.020000
0.000602,0.013385,-0.012545
-0.001346,0.022948,-0.008246
-0.001309,0.021837,-0.004018
-0.000282,0.018615,-0.001910
0.002672,0.004691,0.003294
